Div6: East South Central, Lifetables (period 1x5), Both sexes Last modified: 20 Dec 2020, MPv5 (May07) 

Year     	Age	mx	qx	ax	lx	dx	Lx	Tx	ex
1960-1964	0	0.03219	0.03132	0.14	100000	3132	97299	6888720	68.89
1960-1964	1	0.00225	0.00224	0.5	96868	217	96760	6791421	70.11
1960-1964	2	0.00128	0.00128	0.5	96651	124	96589	6694661	69.27
1960-1964	3	0.00093	0.00093	0.5	96527	90	96482	6598072	68.35
1960-1964	4	0.00075	0.00075	0.5	96437	72	96401	6501590	67.42
1960-1964	5	0.00065	0.00065	0.5	96365	62	96334	6405189	66.47
1960-1964	6	0.00057	0.00057	0.5	96303	55	96275	6308855	65.51
1960-1964	7	0.00051	0.00051	0.5	96248	49	96223	6212579	64.55
1960-1964	8	0.00049	0.00049	0.5	96198	47	96175	6116356	63.58
1960-1964	9	0.00044	0.00044	0.5	96151	42	96130	6020181	62.61
1960-1964	10	0.00043	0.00043	0.5	96109	41	96089	5924051	61.64
1960-1964	11	0.00047	0.00047	0.5	96068	46	96045	5827962	60.66
1960-1964	12	0.00048	0.00048	0.5	96022	46	96000	5731917	59.69
1960-1964	13	0.00054	0.00054	0.5	95977	52	95951	5635917	58.72
1960-1964	14	0.00067	0.00067	0.5	95925	65	95892	5539967	57.75
1960-1964	15	0.00076	0.00076	0.5	95860	73	95824	5444074	56.79
1960-1964	16	0.00097	0.00097	0.5	95788	93	95741	5348250	55.83
1960-1964	17	0.00116	0.00116	0.5	95695	111	95640	5252509	54.89
1960-1964	18	0.00126	0.00126	0.5	95584	121	95524	5156869	53.95
1960-1964	19	0.00133	0.00133	0.5	95464	127	95400	5061345	53.02
1960-1964	20	0.00136	0.00136	0.5	95337	129	95272	4965945	52.09
1960-1964	21	0.00150	0.00150	0.5	95208	143	95136	4870673	51.16
1960-1964	22	0.00148	0.00148	0.5	95065	140	94995	4775537	50.23
1960-1964	23	0.00149	0.00148	0.5	94924	141	94854	4680542	49.31
1960-1964	24	0.00152	0.00152	0.5	94784	144	94712	4585688	48.38
1960-1964	25	0.00159	0.00159	0.5	94640	150	94564	4490976	47.45
1960-1964	26	0.00166	0.00166	0.5	94489	157	94411	4396412	46.53
1960-1964	27	0.00166	0.00166	0.5	94332	156	94254	4302001	45.60
1960-1964	28	0.00179	0.00179	0.5	94176	169	94091	4207747	44.68
1960-1964	29	0.00172	0.00172	0.5	94007	161	93926	4113656	43.76
1960-1964	30	0.00180	0.00179	0.5	93846	168	93762	4019729	42.83
1960-1964	31	0.00185	0.00184	0.5	93677	173	93591	3925968	41.91
1960-1964	32	0.00213	0.00213	0.5	93505	199	93405	3832377	40.99
1960-1964	33	0.00221	0.00221	0.5	93305	206	93202	3738972	40.07
1960-1964	34	0.00242	0.00241	0.5	93099	225	92987	3645770	39.16
1960-1964	35	0.00248	0.00248	0.5	92874	230	92759	3552783	38.25
1960-1964	36	0.00266	0.00266	0.5	92644	247	92521	3460024	37.35
1960-1964	37	0.00296	0.00295	0.5	92398	273	92261	3367503	36.45
1960-1964	38	0.00317	0.00316	0.5	92125	291	91979	3275241	35.55
1960-1964	39	0.00338	0.00337	0.5	91834	310	91679	3183262	34.66
1960-1964	40	0.00370	0.00369	0.5	91524	338	91355	3091583	33.78
1960-1964	41	0.00391	0.00390	0.5	91186	356	91008	3000228	32.90
1960-1964	42	0.00430	0.00429	0.5	90831	390	90636	2909220	32.03
1960-1964	43	0.00474	0.00473	0.5	90441	428	90227	2818584	31.17
1960-1964	44	0.00517	0.00516	0.5	90013	464	89781	2728357	30.31
1960-1964	45	0.00540	0.00539	0.5	89548	483	89307	2638577	29.47
1960-1964	46	0.00580	0.00578	0.5	89066	515	88808	2549270	28.62
1960-1964	47	0.00657	0.00655	0.5	88551	580	88261	2460461	27.79
1960-1964	48	0.00709	0.00707	0.5	87971	622	87660	2372200	26.97
1960-1964	49	0.00766	0.00763	0.5	87349	667	87016	2284540	26.15
1960-1964	50	0.00831	0.00828	0.5	86683	718	86324	2197524	25.35
1960-1964	51	0.00891	0.00887	0.5	85965	762	85584	2111201	24.56
1960-1964	52	0.01027	0.01022	0.5	85203	871	84767	2025617	23.77
1960-1964	53	0.01049	0.01044	0.5	84332	880	83892	1940849	23.01
1960-1964	54	0.01128	0.01122	0.5	83452	936	82983	1856958	22.25
1960-1964	55	0.01246	0.01239	0.5	82515	1022	82004	1773974	21.50
1960-1964	56	0.01303	0.01295	0.5	81493	1055	80966	1691970	20.76
1960-1964	57	0.01399	0.01389	0.5	80438	1118	79879	1611005	20.03
1960-1964	58	0.01543	0.01531	0.5	79320	1214	78713	1531125	19.30
1960-1964	59	0.01653	0.01639	0.5	78106	1280	77466	1452412	18.60
1960-1964	60	0.01783	0.01768	0.5	76826	1358	76147	1374947	17.90
1960-1964	61	0.01838	0.01821	0.5	75468	1374	74781	1298800	17.21
1960-1964	62	0.02187	0.02163	0.5	74093	1603	73292	1224019	16.52
1960-1964	63	0.02337	0.02310	0.5	72491	1675	71653	1150727	15.87
1960-1964	64	0.02476	0.02445	0.5	70816	1732	69950	1079074	15.24
1960-1964	65	0.02873	0.02832	0.5	69084	1957	68106	1009124	14.61
1960-1964	66	0.02784	0.02746	0.5	67128	1843	66206	941018	14.02
1960-1964	67	0.03178	0.03128	0.5	65284	2042	64263	874812	13.40
1960-1964	68	0.03344	0.03289	0.5	63242	2080	62202	810549	12.82
1960-1964	69	0.03517	0.03456	0.5	61162	2114	60105	748347	12.24
1960-1964	70	0.04066	0.03985	0.5	59048	2353	57872	688242	11.66
1960-1964	71	0.03972	0.03895	0.5	56695	2208	55591	630371	11.12
1960-1964	72	0.04886	0.04770	0.5	54487	2599	53188	574780	10.55
1960-1964	73	0.05080	0.04954	0.5	51888	2571	50603	521592	10.05
1960-1964	74	0.05473	0.05327	0.5	49317	2627	48004	470989	9.55
1960-1964	75	0.06059	0.05881	0.5	46690	2746	45318	422985	9.06
1960-1964	76	0.06288	0.06096	0.5	43945	2679	42605	377668	8.59
1960-1964	77	0.06587	0.06377	0.5	41266	2631	39950	335062	8.12
1960-1964	78	0.07618	0.07338	0.5	38634	2835	37217	295112	7.64
1960-1964	79	0.08213	0.07889	0.5	35799	2824	34387	257895	7.20
1960-1964	80	0.09545	0.09110	0.5	32975	3004	31473	223508	6.78
1960-1964	81	0.09472	0.09044	0.5	29971	2711	28616	192035	6.41
1960-1964	82	0.11287	0.10684	0.5	27261	2913	25804	163419	5.99
1960-1964	83	0.12497	0.11762	0.5	24348	2864	22916	137615	5.65
1960-1964	84	0.13800	0.12909	0.5	21484	2773	20097	114699	5.34
1960-1964	85	0.15019	0.13970	0.5	18711	2614	17404	94602	5.06
1960-1964	86	0.16209	0.14994	0.5	16097	2414	14890	77198	4.80
1960-1964	87	0.17317	0.15937	0.5	13683	2181	12593	62308	4.55
1960-1964	88	0.19013	0.17362	0.5	11503	1997	10504	49715	4.32
1960-1964	89	0.19663	0.17902	0.5	9505	1702	8655	39211	4.13
1960-1964	90	0.22691	0.20379	0.5	7804	1590	7009	30556	3.92
1960-1964	91	0.21522	0.19431	0.5	6213	1207	5610	23548	3.79
1960-1964	92	0.23531	0.21054	0.5	5006	1054	4479	17938	3.58
1960-1964	93	0.24651	0.21946	0.5	3952	867	3518	13459	3.41
1960-1964	94	0.26232	0.23190	0.5	3085	715	2727	9940	3.22
1960-1964	95	0.28596	0.25019	0.5	2369	593	2073	7213	3.04
1960-1964	96	0.30425	0.26408	0.5	1777	469	1542	5140	2.89
1960-1964	97	0.32321	0.27824	0.5	1307	364	1126	3598	2.75
1960-1964	98	0.34278	0.29263	0.5	944	276	806	2472	2.62
1960-1964	99	0.36293	0.30719	0.5	668	205	565	1667	2.50
1960-1964	100	0.38360	0.32187	0.5	462	149	388	1102	2.38
1960-1964	101	0.40472	0.33660	0.5	314	106	261	714	2.28
1960-1964	102	0.42621	0.35134	0.5	208	73	172	453	2.18
1960-1964	103	0.44801	0.36602	0.5	135	49	110	281	2.09
1960-1964	104	0.47004	0.38059	0.5	86	33	69	171	2.00
1960-1964	105	0.49220	0.39499	0.5	53	21	43	102	1.92
1960-1964	106	0.51442	0.40917	0.5	32	13	26	59	1.85
1960-1964	107	0.53659	0.42308	0.5	19	8	15	34	1.79
1960-1964	108	0.55865	0.43667	0.5	11	5	9	19	1.73
1960-1964	109	0.58049	0.44990	0.5	6	3	5	10	1.69
1960-1964	110+	0.60203	1.00000	1.66	3	3	6	6	1.66
1965-1969	0	0.02811	0.02744	0.13	100000	2744	97603	6915015	69.15
1965-1969	1	0.00193	0.00192	0.5	97256	187	97163	6817412	70.10
1965-1969	2	0.00113	0.00113	0.5	97069	110	97014	6720249	69.23
1965-1969	3	0.00086	0.00086	0.5	96960	83	96918	6623235	68.31
1965-1969	4	0.00069	0.00069	0.5	96876	67	96842	6526317	67.37
1965-1969	5	0.00062	0.00062	0.5	96809	60	96779	6429475	66.41
1965-1969	6	0.00052	0.00052	0.5	96749	50	96724	6332696	65.45
1965-1969	7	0.00053	0.00053	0.5	96698	52	96673	6235972	64.49
1965-1969	8	0.00047	0.00047	0.5	96647	45	96624	6139299	63.52
1965-1969	9	0.00046	0.00046	0.5	96602	44	96579	6042675	62.55
1965-1969	10	0.00042	0.00042	0.5	96557	40	96537	5946096	61.58
1965-1969	11	0.00043	0.00043	0.5	96517	41	96496	5849559	60.61
1965-1969	12	0.00045	0.00045	0.5	96476	44	96454	5753062	59.63
1965-1969	13	0.00055	0.00055	0.5	96432	53	96406	5656608	58.66
1965-1969	14	0.00066	0.00066	0.5	96379	64	96348	5560202	57.69
1965-1969	15	0.00083	0.00083	0.5	96316	80	96276	5463855	56.73
1965-1969	16	0.00112	0.00112	0.5	96236	107	96182	5367579	55.78
1965-1969	17	0.00133	0.00133	0.5	96128	128	96064	5271397	54.84
1965-1969	18	0.00152	0.00151	0.5	96000	145	95928	5175333	53.91
1965-1969	19	0.00155	0.00155	0.5	95855	149	95781	5079405	52.99
1965-1969	20	0.00149	0.00149	0.5	95706	143	95635	4983624	52.07
1965-1969	21	0.00159	0.00159	0.5	95563	152	95487	4887990	51.15
1965-1969	22	0.00168	0.00168	0.5	95411	161	95331	4792502	50.23
1965-1969	23	0.00157	0.00157	0.5	95251	150	95176	4697171	49.31
1965-1969	24	0.00157	0.00157	0.5	95101	150	95026	4601996	48.39
1965-1969	25	0.00164	0.00164	0.5	94951	155	94874	4506970	47.47
1965-1969	26	0.00157	0.00157	0.5	94796	149	94721	4412096	46.54
1965-1969	27	0.00161	0.00161	0.5	94647	152	94571	4317375	45.62
1965-1969	28	0.00181	0.00181	0.5	94495	171	94409	4222804	44.69
1965-1969	29	0.00182	0.00182	0.5	94323	171	94238	4128395	43.77
1965-1969	30	0.00178	0.00178	0.5	94152	168	94068	4034157	42.85
1965-1969	31	0.00193	0.00193	0.5	93984	181	93894	3940089	41.92
1965-1969	32	0.00202	0.00202	0.5	93803	189	93709	3846195	41.00
1965-1969	33	0.00219	0.00219	0.5	93614	205	93511	3752486	40.08
1965-1969	34	0.00237	0.00236	0.5	93409	221	93299	3658975	39.17
1965-1969	35	0.00258	0.00258	0.5	93188	240	93068	3565676	38.26
1965-1969	36	0.00262	0.00262	0.5	92948	243	92827	3472608	37.36
1965-1969	37	0.00285	0.00285	0.5	92705	264	92573	3379782	36.46
1965-1969	38	0.00316	0.00315	0.5	92441	292	92295	3287209	35.56
1965-1969	39	0.00344	0.00343	0.5	92149	316	91991	3194914	34.67
1965-1969	40	0.00377	0.00376	0.5	91833	345	91660	3102923	33.79
1965-1969	41	0.00407	0.00407	0.5	91488	372	91302	3011262	32.91
1965-1969	42	0.00470	0.00469	0.5	91116	427	90902	2919960	32.05
1965-1969	43	0.00494	0.00492	0.5	90688	447	90465	2829058	31.20
1965-1969	44	0.00514	0.00512	0.5	90242	462	90011	2738593	30.35
1965-1969	45	0.00570	0.00569	0.5	89780	510	89524	2648582	29.50
1965-1969	46	0.00596	0.00594	0.5	89269	531	89004	2559058	28.67
1965-1969	47	0.00665	0.00663	0.5	88739	588	88444	2470054	27.84
1965-1969	48	0.00710	0.00708	0.5	88150	624	87838	2381610	27.02
1965-1969	49	0.00780	0.00777	0.5	87527	680	87187	2293771	26.21
1965-1969	50	0.00839	0.00835	0.5	86847	725	86484	2206585	25.41
1965-1969	51	0.00902	0.00898	0.5	86121	773	85735	2120101	24.62
1965-1969	52	0.01004	0.00999	0.5	85348	852	84922	2034366	23.84
1965-1969	53	0.01064	0.01058	0.5	84496	894	84048	1949445	23.07
1965-1969	54	0.01153	0.01146	0.5	83601	958	83122	1865396	22.31
1965-1969	55	0.01242	0.01235	0.5	82643	1020	82133	1782274	21.57
1965-1969	56	0.01314	0.01305	0.5	81623	1065	81090	1700141	20.83
1965-1969	57	0.01405	0.01395	0.5	80558	1124	79996	1619050	20.10
1965-1969	58	0.01547	0.01535	0.5	79434	1219	78824	1539054	19.38
1965-1969	59	0.01685	0.01671	0.5	78215	1307	77561	1460230	18.67
1965-1969	60	0.01762	0.01747	0.5	76907	1343	76236	1382669	17.98
1965-1969	61	0.01831	0.01815	0.5	75564	1371	74878	1306434	17.29
1965-1969	62	0.02129	0.02106	0.5	74193	1563	73411	1231555	16.60
1965-1969	63	0.02194	0.02170	0.5	72630	1576	71842	1158144	15.95
1965-1969	64	0.02383	0.02355	0.5	71054	1673	70218	1086302	15.29
1965-1969	65	0.02782	0.02744	0.5	69381	1904	68429	1016084	14.64
1965-1969	66	0.02854	0.02814	0.5	67477	1899	66528	947655	14.04
1965-1969	67	0.03182	0.03132	0.5	65579	2054	64552	881127	13.44
1965-1969	68	0.03457	0.03398	0.5	63525	2158	62445	816575	12.85
1965-1969	69	0.03545	0.03484	0.5	61366	2138	60297	754130	12.29
1965-1969	70	0.03902	0.03828	0.5	59229	2267	58095	693832	11.71
1965-1969	71	0.03998	0.03920	0.5	56961	2233	55845	635737	11.16
1965-1969	72	0.04703	0.04595	0.5	54729	2515	53471	579892	10.60
1965-1969	73	0.05000	0.04878	0.5	52214	2547	50940	526421	10.08
1965-1969	74	0.05499	0.05352	0.5	49667	2658	48338	475481	9.57
1965-1969	75	0.06141	0.05958	0.5	47009	2801	45608	427143	9.09
1965-1969	76	0.06490	0.06286	0.5	44208	2779	42818	381535	8.63
1965-1969	77	0.06915	0.06684	0.5	41429	2769	40044	338717	8.18
1965-1969	78	0.07640	0.07359	0.5	38660	2845	37237	298672	7.73
1965-1969	79	0.08266	0.07938	0.5	35815	2843	34393	261435	7.30
1965-1969	80	0.09255	0.08846	0.5	32972	2917	31513	227042	6.89
1965-1969	81	0.09348	0.08931	0.5	30055	2684	28713	195529	6.51
1965-1969	82	0.10660	0.10120	0.5	27371	2770	25986	166816	6.09
1965-1969	83	0.12039	0.11356	0.5	24601	2794	23204	140830	5.72
1965-1969	84	0.13432	0.12587	0.5	21807	2745	20435	117626	5.39
1965-1969	85	0.14378	0.13413	0.5	19062	2557	17784	97191	5.10
1965-1969	86	0.15750	0.14600	0.5	16505	2410	15301	79407	4.81
1965-1969	87	0.17144	0.15790	0.5	14096	2226	12983	64107	4.55
1965-1969	88	0.18212	0.16692	0.5	11870	1981	10879	51124	4.31
1965-1969	89	0.19951	0.18142	0.5	9889	1794	8992	40245	4.07
1965-1969	90	0.21527	0.19435	0.5	8095	1573	7308	31253	3.86
1965-1969	91	0.22464	0.20196	0.5	6521	1317	5863	23945	3.67
1965-1969	92	0.24271	0.21644	0.5	5204	1126	4641	18082	3.47
1965-1969	93	0.25725	0.22793	0.5	4078	929	3613	13441	3.30
1965-1969	94	0.28562	0.24993	0.5	3148	787	2755	9828	3.12
1965-1969	95	0.28974	0.25308	0.5	2362	598	2063	7073	3.00
1965-1969	96	0.30916	0.26777	0.5	1764	472	1528	5010	2.84
1965-1969	97	0.32930	0.28275	0.5	1292	365	1109	3483	2.70
1965-1969	98	0.35012	0.29796	0.5	926	276	788	2374	2.56
1965-1969	99	0.37157	0.31335	0.5	650	204	548	1585	2.44
1965-1969	100	0.39357	0.32885	0.5	447	147	373	1037	2.32
1965-1969	101	0.41603	0.34439	0.5	300	103	248	664	2.21
1965-1969	102	0.43889	0.35991	0.5	196	71	161	416	2.12
1965-1969	103	0.46204	0.37533	0.5	126	47	102	255	2.02
1965-1969	104	0.48538	0.39059	0.5	79	31	63	152	1.94
1965-1969	105	0.50882	0.40562	0.5	48	19	38	89	1.86
1965-1969	106	0.53224	0.42037	0.5	28	12	22	51	1.79
1965-1969	107	0.55555	0.43478	0.5	16	7	13	29	1.73
1965-1969	108	0.57864	0.44879	0.5	9	4	7	16	1.67
1965-1969	109	0.60141	0.46237	0.5	5	2	4	8	1.63
1965-1969	110+	0.62377	1.00000	1.6	3	3	4	4	1.60
1970-1974	0	0.02224	0.02181	0.11	100000	2181	98059	6998900	69.99
1970-1974	1	0.00149	0.00149	0.5	97819	146	97746	6900841	70.55
1970-1974	2	0.00090	0.00090	0.5	97673	88	97629	6803095	69.65
1970-1974	3	0.00072	0.00072	0.5	97585	71	97550	6705466	68.71
1970-1974	4	0.00060	0.00060	0.5	97515	58	97486	6607916	67.76
1970-1974	5	0.00058	0.00058	0.5	97457	56	97428	6510430	66.80
1970-1974	6	0.00053	0.00053	0.5	97400	51	97375	6413002	65.84
1970-1974	7	0.00050	0.00050	0.5	97349	49	97324	6315627	64.88
1970-1974	8	0.00042	0.00042	0.5	97300	41	97280	6218303	63.91
1970-1974	9	0.00041	0.00041	0.5	97259	40	97239	6121023	62.94
1970-1974	10	0.00041	0.00041	0.5	97219	40	97199	6023784	61.96
1970-1974	11	0.00041	0.00041	0.5	97179	40	97159	5926585	60.99
1970-1974	12	0.00041	0.00041	0.5	97139	40	97119	5829426	60.01
1970-1974	13	0.00054	0.00054	0.5	97099	53	97072	5732307	59.04
1970-1974	14	0.00066	0.00066	0.5	97046	64	97014	5635235	58.07
1970-1974	15	0.00085	0.00085	0.5	96982	83	96941	5538221	57.11
1970-1974	16	0.00108	0.00108	0.5	96899	105	96847	5441280	56.15
1970-1974	17	0.00134	0.00134	0.5	96794	129	96730	5344434	55.21
1970-1974	18	0.00147	0.00147	0.5	96665	142	96594	5247704	54.29
1970-1974	19	0.00150	0.00150	0.5	96523	145	96450	5151110	53.37
1970-1974	20	0.00150	0.00150	0.5	96378	145	96305	5054660	52.45
1970-1974	21	0.00156	0.00155	0.5	96233	150	96158	4958355	51.52
1970-1974	22	0.00167	0.00166	0.5	96083	160	96004	4862196	50.60
1970-1974	23	0.00163	0.00163	0.5	95924	156	95845	4766193	49.69
1970-1974	24	0.00168	0.00168	0.5	95767	161	95687	4670347	48.77
1970-1974	25	0.00166	0.00166	0.5	95607	159	95528	4574660	47.85
1970-1974	26	0.00170	0.00170	0.5	95448	162	95367	4479133	46.93
1970-1974	27	0.00170	0.00170	0.5	95286	162	95205	4383766	46.01
1970-1974	28	0.00167	0.00167	0.5	95124	159	95044	4288561	45.08
1970-1974	29	0.00185	0.00185	0.5	94965	176	94877	4193516	44.16
1970-1974	30	0.00175	0.00175	0.5	94789	166	94706	4098639	43.24
1970-1974	31	0.00184	0.00183	0.5	94623	174	94536	4003933	42.31
1970-1974	32	0.00204	0.00204	0.5	94450	193	94353	3909397	41.39
1970-1974	33	0.00217	0.00217	0.5	94257	204	94155	3815044	40.47
1970-1974	34	0.00229	0.00229	0.5	94053	216	93945	3720889	39.56
1970-1974	35	0.00231	0.00230	0.5	93837	216	93729	3626944	38.65
1970-1974	36	0.00264	0.00264	0.5	93621	247	93498	3533215	37.74
1970-1974	37	0.00290	0.00289	0.5	93374	270	93239	3439717	36.84
1970-1974	38	0.00320	0.00319	0.5	93104	297	92955	3346478	35.94
1970-1974	39	0.00332	0.00332	0.5	92807	308	92653	3253523	35.06
1970-1974	40	0.00357	0.00356	0.5	92499	329	92334	3160870	34.17
1970-1974	41	0.00377	0.00376	0.5	92169	347	91996	3068536	33.29
1970-1974	42	0.00437	0.00436	0.5	91823	401	91622	2976540	32.42
1970-1974	43	0.00444	0.00443	0.5	91422	405	91219	2884917	31.56
1970-1974	44	0.00517	0.00516	0.5	91017	469	90782	2793698	30.69
1970-1974	45	0.00538	0.00537	0.5	90547	486	90305	2702916	29.85
1970-1974	46	0.00593	0.00591	0.5	90062	532	89796	2612611	29.01
1970-1974	47	0.00667	0.00665	0.5	89530	595	89232	2522816	28.18
1970-1974	48	0.00717	0.00714	0.5	88934	635	88617	2433584	27.36
1970-1974	49	0.00766	0.00763	0.5	88299	674	87962	2344967	26.56
1970-1974	50	0.00829	0.00825	0.5	87625	723	87263	2257005	25.76
1970-1974	51	0.00870	0.00866	0.5	86902	752	86525	2169742	24.97
1970-1974	52	0.00986	0.00981	0.5	86149	845	85727	2083217	24.18
1970-1974	53	0.01043	0.01038	0.5	85304	885	84861	1997490	23.42
1970-1974	54	0.01135	0.01129	0.5	84418	953	83942	1912629	22.66
1970-1974	55	0.01178	0.01171	0.5	83465	978	82976	1828687	21.91
1970-1974	56	0.01273	0.01265	0.5	82488	1044	81966	1745711	21.16
1970-1974	57	0.01374	0.01364	0.5	81444	1111	80888	1663745	20.43
1970-1974	58	0.01480	0.01469	0.5	80333	1180	79742	1582857	19.70
1970-1974	59	0.01608	0.01595	0.5	79152	1262	78521	1503114	18.99
1970-1974	60	0.01775	0.01759	0.5	77890	1370	77205	1424593	18.29
1970-1974	61	0.01882	0.01864	0.5	76520	1427	75807	1347388	17.61
1970-1974	62	0.02177	0.02154	0.5	75093	1617	74285	1271581	16.93
1970-1974	63	0.02213	0.02189	0.5	73476	1608	72672	1197297	16.30
1970-1974	64	0.02424	0.02395	0.5	71868	1722	71007	1124625	15.65
1970-1974	65	0.02585	0.02552	0.5	70146	1790	69251	1053618	15.02
1970-1974	66	0.02727	0.02690	0.5	68356	1839	67436	984367	14.40
1970-1974	67	0.02916	0.02874	0.5	66517	1911	65561	916930	13.78
1970-1974	68	0.03099	0.03052	0.5	64606	1971	63620	851369	13.18
1970-1974	69	0.03335	0.03280	0.5	62634	2055	61607	787749	12.58
1970-1974	70	0.03813	0.03741	0.5	60579	2266	59446	726142	11.99
1970-1974	71	0.03985	0.03907	0.5	58313	2278	57174	666696	11.43
1970-1974	72	0.04558	0.04457	0.5	56035	2497	54786	609522	10.88
1970-1974	73	0.04914	0.04797	0.5	53538	2568	52254	554736	10.36
1970-1974	74	0.05324	0.05186	0.5	50970	2643	49648	502482	9.86
1970-1974	75	0.05570	0.05419	0.5	48326	2619	47017	452834	9.37
1970-1974	76	0.06168	0.05983	0.5	45707	2735	44340	405818	8.88
1970-1974	77	0.06630	0.06417	0.5	42973	2758	41594	361478	8.41
1970-1974	78	0.07376	0.07113	0.5	40215	2861	38785	319884	7.95
1970-1974	79	0.07908	0.07608	0.5	37354	2842	35933	281099	7.53
1970-1974	80	0.08838	0.08464	0.5	34513	2921	33052	245166	7.10
1970-1974	81	0.09136	0.08736	0.5	31591	2760	30211	212114	6.71
1970-1974	82	0.10359	0.09848	0.5	28831	2839	27412	181902	6.31
1970-1974	83	0.11322	0.10716	0.5	25992	2785	24599	154491	5.94
1970-1974	84	0.12958	0.12170	0.5	23207	2824	21795	129891	5.60
1970-1974	85	0.13592	0.12727	0.5	20383	2594	19085	108097	5.30
1970-1974	86	0.14908	0.13874	0.5	17788	2468	16554	89011	5.00
1970-1974	87	0.16356	0.15120	0.5	15320	2316	14162	72457	4.73
1970-1974	88	0.17348	0.15963	0.5	13004	2076	11966	58294	4.48
1970-1974	89	0.18783	0.17170	0.5	10928	1876	9990	46328	4.24
1970-1974	90	0.20496	0.18590	0.5	9052	1683	8210	36338	4.01
1970-1974	91	0.21295	0.19246	0.5	7369	1418	6660	28128	3.82
1970-1974	92	0.22799	0.20466	0.5	5951	1218	5342	21468	3.61
1970-1974	93	0.25056	0.22267	0.5	4733	1054	4206	16126	3.41
1970-1974	94	0.26879	0.23694	0.5	3679	872	3243	11920	3.24
1970-1974	95	0.27886	0.24474	0.5	2807	687	2464	8677	3.09
1970-1974	96	0.29775	0.25917	0.5	2120	550	1846	6213	2.93
1970-1974	97	0.31740	0.27392	0.5	1571	430	1356	4368	2.78
1970-1974	98	0.33776	0.28896	0.5	1140	330	976	3012	2.64
1970-1974	99	0.35878	0.30421	0.5	811	247	688	2036	2.51
1970-1974	100	0.38040	0.31961	0.5	564	180	474	1349	2.39
1970-1974	101	0.40255	0.33510	0.5	384	129	320	875	2.28
1970-1974	102	0.42514	0.35061	0.5	255	89	211	555	2.17
1970-1974	103	0.44808	0.36607	0.5	166	61	135	345	2.08
1970-1974	104	0.47129	0.38141	0.5	105	40	85	209	1.99
1970-1974	105	0.49466	0.39657	0.5	65	26	52	124	1.91
1970-1974	106	0.51808	0.41149	0.5	39	16	31	72	1.84
1970-1974	107	0.54145	0.42610	0.5	23	10	18	41	1.77
1970-1974	108	0.56468	0.44035	0.5	13	6	10	23	1.71
1970-1974	109	0.58764	0.45419	0.5	7	3	6	12	1.67
1970-1974	110+	0.61026	1.00000	1.64	4	4	7	7	1.64
1975-1979	0	0.01687	0.01661	0.1	100000	1661	98497	7195616	71.96
1975-1979	1	0.00117	0.00117	0.5	98339	115	98281	7097120	72.17
1975-1979	2	0.00075	0.00075	0.5	98224	74	98187	6998838	71.25
1975-1979	3	0.00058	0.00058	0.5	98150	57	98122	6900651	70.31
1975-1979	4	0.00050	0.00050	0.5	98093	49	98069	6802529	69.35
1975-1979	5	0.00046	0.00046	0.5	98044	45	98022	6704460	68.38
1975-1979	6	0.00042	0.00042	0.5	97999	41	97979	6606438	67.41
1975-1979	7	0.00035	0.00035	0.5	97958	34	97941	6508460	66.44
1975-1979	8	0.00032	0.00032	0.5	97924	32	97908	6410519	65.46
1975-1979	9	0.00031	0.00031	0.5	97892	31	97877	6312611	64.49
1975-1979	10	0.00033	0.00033	0.5	97861	32	97845	6214735	63.51
1975-1979	11	0.00031	0.00031	0.5	97829	30	97814	6116890	62.53
1975-1979	12	0.00035	0.00035	0.5	97799	35	97781	6019076	61.55
1975-1979	13	0.00047	0.00047	0.5	97764	45	97741	5921294	60.57
1975-1979	14	0.00055	0.00055	0.5	97719	54	97692	5823553	59.60
1975-1979	15	0.00073	0.00073	0.5	97665	71	97629	5725861	58.63
1975-1979	16	0.00093	0.00093	0.5	97594	91	97548	5628232	57.67
1975-1979	17	0.00109	0.00109	0.5	97503	106	97450	5530683	56.72
1975-1979	18	0.00139	0.00139	0.5	97397	135	97329	5433234	55.78
1975-1979	19	0.00140	0.00140	0.5	97261	136	97193	5335905	54.86
1975-1979	20	0.00139	0.00139	0.5	97125	135	97057	5238712	53.94
1975-1979	21	0.00139	0.00139	0.5	96990	135	96922	5141654	53.01
1975-1979	22	0.00147	0.00147	0.5	96855	142	96784	5044732	52.09
1975-1979	23	0.00142	0.00142	0.5	96713	137	96644	4947948	51.16
1975-1979	24	0.00137	0.00137	0.5	96575	133	96509	4851304	50.23
1975-1979	25	0.00144	0.00144	0.5	96443	139	96373	4754795	49.30
1975-1979	26	0.00143	0.00143	0.5	96304	138	96235	4658421	48.37
1975-1979	27	0.00145	0.00145	0.5	96166	139	96096	4562187	47.44
1975-1979	28	0.00149	0.00149	0.5	96026	143	95955	4466091	46.51
1975-1979	29	0.00146	0.00146	0.5	95883	140	95813	4370136	45.58
1975-1979	30	0.00150	0.00150	0.5	95743	144	95671	4274322	44.64
1975-1979	31	0.00158	0.00158	0.5	95600	151	95524	4178651	43.71
1975-1979	32	0.00164	0.00164	0.5	95449	156	95370	4083127	42.78
1975-1979	33	0.00167	0.00167	0.5	95292	159	95212	3987756	41.85
1975-1979	34	0.00186	0.00185	0.5	95133	176	95044	3892544	40.92
1975-1979	35	0.00199	0.00199	0.5	94956	189	94862	3797500	39.99
1975-1979	36	0.00216	0.00216	0.5	94767	204	94665	3702638	39.07
1975-1979	37	0.00237	0.00236	0.5	94563	223	94451	3607973	38.15
1975-1979	38	0.00250	0.00249	0.5	94339	235	94222	3513522	37.24
1975-1979	39	0.00282	0.00281	0.5	94104	265	93972	3419300	36.34
1975-1979	40	0.00301	0.00300	0.5	93839	282	93698	3325328	35.44
1975-1979	41	0.00331	0.00330	0.5	93557	309	93403	3231630	34.54
1975-1979	42	0.00363	0.00363	0.5	93248	338	93079	3138227	33.65
1975-1979	43	0.00405	0.00404	0.5	92910	375	92723	3045147	32.78
1975-1979	44	0.00429	0.00428	0.5	92535	396	92337	2952425	31.91
1975-1979	45	0.00482	0.00481	0.5	92139	443	91917	2860088	31.04
1975-1979	46	0.00499	0.00498	0.5	91696	456	91468	2768170	30.19
1975-1979	47	0.00556	0.00554	0.5	91240	506	90987	2676702	29.34
1975-1979	48	0.00605	0.00603	0.5	90734	547	90461	2585715	28.50
1975-1979	49	0.00656	0.00654	0.5	90187	590	89893	2495254	27.67
1975-1979	50	0.00721	0.00718	0.5	89598	643	89276	2405362	26.85
1975-1979	51	0.00794	0.00791	0.5	88955	703	88603	2316085	26.04
1975-1979	52	0.00877	0.00873	0.5	88251	770	87866	2227482	25.24
1975-1979	53	0.00943	0.00939	0.5	87481	821	87070	2139616	24.46
1975-1979	54	0.01004	0.00999	0.5	86660	866	86227	2052546	23.69
1975-1979	55	0.01078	0.01072	0.5	85794	920	85334	1966319	22.92
1975-1979	56	0.01203	0.01195	0.5	84874	1015	84367	1880985	22.16
1975-1979	57	0.01264	0.01257	0.5	83860	1054	83333	1796618	21.42
1975-1979	58	0.01374	0.01364	0.5	82806	1130	82241	1713285	20.69
1975-1979	59	0.01499	0.01488	0.5	81676	1215	81069	1631044	19.97
1975-1979	60	0.01573	0.01561	0.5	80461	1256	79833	1549975	19.26
1975-1979	61	0.01681	0.01667	0.5	79205	1321	78545	1470142	18.56
1975-1979	62	0.01902	0.01884	0.5	77885	1468	77151	1391597	17.87
1975-1979	63	0.02001	0.01981	0.5	76417	1514	75660	1314446	17.20
1975-1979	64	0.02167	0.02144	0.5	74903	1606	74100	1238786	16.54
1975-1979	65	0.02337	0.02310	0.5	73297	1693	72451	1164686	15.89
1975-1979	66	0.02432	0.02403	0.5	71604	1721	70744	1092235	15.25
1975-1979	67	0.02621	0.02587	0.5	69884	1808	68980	1021491	14.62
1975-1979	68	0.02896	0.02854	0.5	68076	1943	67104	952512	13.99
1975-1979	69	0.03142	0.03094	0.5	66132	2046	65109	885408	13.39
1975-1979	70	0.03371	0.03315	0.5	64086	2124	63024	820299	12.80
1975-1979	71	0.03518	0.03457	0.5	61962	2142	60891	757274	12.22
1975-1979	72	0.04026	0.03946	0.5	59820	2361	58640	696383	11.64
1975-1979	73	0.04200	0.04114	0.5	57459	2364	56278	637743	11.10
1975-1979	74	0.04640	0.04535	0.5	55096	2499	53846	581466	10.55
1975-1979	75	0.05042	0.04918	0.5	52597	2587	51304	527619	10.03
1975-1979	76	0.05405	0.05263	0.5	50010	2632	48694	476316	9.52
1975-1979	77	0.05864	0.05697	0.5	47378	2699	46029	427621	9.03
1975-1979	78	0.06459	0.06257	0.5	44679	2796	43282	381592	8.54
1975-1979	79	0.06933	0.06701	0.5	41884	2807	40481	338311	8.08
1975-1979	80	0.07943	0.07640	0.5	39077	2985	37585	297830	7.62
1975-1979	81	0.08367	0.08031	0.5	36092	2898	34643	260246	7.21
1975-1979	82	0.09244	0.08836	0.5	33193	2933	31727	225603	6.80
1975-1979	83	0.10359	0.09849	0.5	30261	2980	28770	193876	6.41
1975-1979	84	0.11496	0.10871	0.5	27280	2966	25797	165106	6.05
1975-1979	85	0.12177	0.11478	0.5	24315	2791	22919	139308	5.73
1975-1979	86	0.13496	0.12643	0.5	21524	2721	20163	116389	5.41
1975-1979	87	0.14333	0.13375	0.5	18802	2515	17545	96226	5.12
1975-1979	88	0.15533	0.14413	0.5	16288	2348	15114	78681	4.83
1975-1979	89	0.17012	0.15679	0.5	13940	2186	12847	63567	4.56
1975-1979	90	0.18126	0.16619	0.5	11755	1954	10778	50720	4.31
1975-1979	91	0.19460	0.17735	0.5	9801	1738	8932	39942	4.08
1975-1979	92	0.20766	0.18813	0.5	8063	1517	7304	31010	3.85
1975-1979	93	0.23091	0.20701	0.5	6546	1355	5868	23706	3.62
1975-1979	94	0.24300	0.21668	0.5	5191	1125	4629	17837	3.44
1975-1979	95	0.26095	0.23083	0.5	4066	939	3597	13209	3.25
1975-1979	96	0.27961	0.24532	0.5	3128	767	2744	9612	3.07
1975-1979	97	0.29913	0.26021	0.5	2360	614	2053	6868	2.91
1975-1979	98	0.31946	0.27546	0.5	1746	481	1506	4815	2.76
1975-1979	99	0.34056	0.29101	0.5	1265	368	1081	3309	2.62
1975-1979	100	0.36237	0.30678	0.5	897	275	759	2228	2.48
1975-1979	101	0.38480	0.32271	0.5	622	201	521	1468	2.36
1975-1979	102	0.40780	0.33873	0.5	421	143	350	947	2.25
1975-1979	103	0.43125	0.35476	0.5	278	99	229	597	2.14
1975-1979	104	0.45507	0.37072	0.5	180	67	146	368	2.05
1975-1979	105	0.47913	0.38653	0.5	113	44	91	222	1.96
1975-1979	106	0.50334	0.40214	0.5	69	28	55	130	1.88
1975-1979	107	0.52758	0.41746	0.5	41	17	33	75	1.81
1975-1979	108	0.55172	0.43243	0.5	24	10	19	42	1.75
1975-1979	109	0.57565	0.44700	0.5	14	6	11	23	1.70
1975-1979	110+	0.59927	1.00000	1.67	8	8	13	13	1.67
1980-1984	0	0.01333	0.01317	0.09	100000	1317	98795	7320064	73.20
1980-1984	1	0.00098	0.00098	0.5	98683	97	98634	7221269	73.18
1980-1984	2	0.00068	0.00068	0.5	98586	67	98552	7122635	72.25
1980-1984	3	0.00048	0.00048	0.5	98519	47	98495	7024082	71.30
1980-1984	4	0.00037	0.00037	0.5	98472	37	98453	6925587	70.33
1980-1984	5	0.00033	0.00033	0.5	98435	33	98419	6827134	69.36
1980-1984	6	0.00033	0.00033	0.5	98402	33	98386	6728715	68.38
1980-1984	7	0.00032	0.00032	0.5	98370	31	98354	6630329	67.40
1980-1984	8	0.00030	0.00030	0.5	98339	29	98324	6531975	66.42
1980-1984	9	0.00026	0.00026	0.5	98309	25	98297	6433650	65.44
1980-1984	10	0.00027	0.00027	0.5	98284	26	98271	6335354	64.46
1980-1984	11	0.00030	0.00030	0.5	98258	29	98243	6237083	63.48
1980-1984	12	0.00031	0.00031	0.5	98228	31	98213	6138840	62.50
1980-1984	13	0.00036	0.00036	0.5	98198	35	98180	6040627	61.52
1980-1984	14	0.00045	0.00045	0.5	98162	44	98140	5942447	60.54
1980-1984	15	0.00057	0.00057	0.5	98118	56	98090	5844307	59.56
1980-1984	16	0.00080	0.00080	0.5	98062	79	98023	5746217	58.60
1980-1984	17	0.00100	0.00100	0.5	97983	98	97934	5648195	57.64
1980-1984	18	0.00120	0.00120	0.5	97885	118	97826	5550261	56.70
1980-1984	19	0.00120	0.00120	0.5	97767	117	97709	5452435	55.77
1980-1984	20	0.00124	0.00124	0.5	97650	121	97590	5354726	54.84
1980-1984	21	0.00121	0.00121	0.5	97529	118	97471	5257136	53.90
1980-1984	22	0.00129	0.00128	0.5	97412	125	97349	5159666	52.97
1980-1984	23	0.00133	0.00133	0.5	97286	129	97222	5062317	52.04
1980-1984	24	0.00131	0.00130	0.5	97157	127	97094	4965095	51.10
1980-1984	25	0.00128	0.00128	0.5	97031	124	96969	4868001	50.17
1980-1984	26	0.00125	0.00125	0.5	96907	121	96846	4771032	49.23
1980-1984	27	0.00136	0.00136	0.5	96785	131	96720	4674186	48.29
1980-1984	28	0.00142	0.00142	0.5	96654	137	96585	4577467	47.36
1980-1984	29	0.00135	0.00135	0.5	96517	130	96452	4480882	46.43
1980-1984	30	0.00136	0.00136	0.5	96386	131	96321	4384430	45.49
1980-1984	31	0.00139	0.00139	0.5	96255	134	96188	4288109	44.55
1980-1984	32	0.00153	0.00153	0.5	96122	147	96048	4191921	43.61
1980-1984	33	0.00157	0.00157	0.5	95975	150	95899	4095872	42.68
1980-1984	34	0.00163	0.00163	0.5	95824	156	95746	3999973	41.74
1980-1984	35	0.00170	0.00170	0.5	95668	163	95587	3904227	40.81
1980-1984	36	0.00183	0.00183	0.5	95505	175	95418	3808640	39.88
1980-1984	37	0.00203	0.00203	0.5	95331	194	95234	3713222	38.95
1980-1984	38	0.00233	0.00232	0.5	95137	221	95026	3617988	38.03
1980-1984	39	0.00232	0.00232	0.5	94916	220	94806	3522962	37.12
1980-1984	40	0.00251	0.00251	0.5	94696	237	94577	3428156	36.20
1980-1984	41	0.00278	0.00277	0.5	94458	262	94327	3333579	35.29
1980-1984	42	0.00311	0.00310	0.5	94196	292	94050	3239252	34.39
1980-1984	43	0.00334	0.00334	0.5	93904	313	93747	3145202	33.49
1980-1984	44	0.00349	0.00348	0.5	93591	326	93428	3051455	32.60
1980-1984	45	0.00399	0.00398	0.5	93264	371	93079	2958027	31.72
1980-1984	46	0.00432	0.00431	0.5	92893	400	92693	2864949	30.84
1980-1984	47	0.00471	0.00470	0.5	92493	435	92275	2772256	29.97
1980-1984	48	0.00559	0.00557	0.5	92058	513	91802	2679980	29.11
1980-1984	49	0.00573	0.00571	0.5	91545	523	91284	2588179	28.27
1980-1984	50	0.00641	0.00639	0.5	91022	581	90732	2496895	27.43
1980-1984	51	0.00713	0.00711	0.5	90441	643	90120	2406164	26.60
1980-1984	52	0.00792	0.00789	0.5	89798	708	89444	2316044	25.79
1980-1984	53	0.00847	0.00843	0.5	89090	751	88714	2226600	24.99
1980-1984	54	0.00918	0.00913	0.5	88339	807	87935	2137885	24.20
1980-1984	55	0.00997	0.00992	0.5	87532	868	87098	2049950	23.42
1980-1984	56	0.01095	0.01089	0.5	86664	944	86192	1962852	22.65
1980-1984	57	0.01164	0.01158	0.5	85720	992	85224	1876661	21.89
1980-1984	58	0.01324	0.01315	0.5	84728	1115	84170	1791437	21.14
1980-1984	59	0.01372	0.01362	0.5	83613	1139	83044	1707266	20.42
1980-1984	60	0.01497	0.01486	0.5	82474	1225	81861	1624223	19.69
1980-1984	61	0.01641	0.01627	0.5	81249	1322	80588	1542361	18.98
1980-1984	62	0.01826	0.01810	0.5	79926	1446	79203	1461774	18.29
1980-1984	63	0.01918	0.01900	0.5	78480	1491	77734	1382571	17.62
1980-1984	64	0.02014	0.01994	0.5	76989	1535	76221	1304836	16.95
1980-1984	65	0.02202	0.02178	0.5	75454	1643	74632	1228615	16.28
1980-1984	66	0.02349	0.02322	0.5	73811	1714	72954	1153983	15.63
1980-1984	67	0.02499	0.02468	0.5	72097	1779	71207	1081029	14.99
1980-1984	68	0.02789	0.02751	0.5	70318	1934	69350	1009822	14.36
1980-1984	69	0.02924	0.02882	0.5	68383	1971	67398	940471	13.75
1980-1984	70	0.03239	0.03187	0.5	66412	2117	65354	873074	13.15
1980-1984	71	0.03459	0.03400	0.5	64296	2186	63203	807720	12.56
1980-1984	72	0.03784	0.03713	0.5	62110	2306	60956	744517	11.99
1980-1984	73	0.04188	0.04102	0.5	59803	2453	58577	683561	11.43
1980-1984	74	0.04351	0.04259	0.5	57350	2442	56129	624984	10.90
1980-1984	75	0.04789	0.04677	0.5	54908	2568	53624	568855	10.36
1980-1984	76	0.05217	0.05085	0.5	52340	2661	51009	515231	9.84
1980-1984	77	0.05527	0.05379	0.5	49679	2672	48343	464221	9.34
1980-1984	78	0.06145	0.05961	0.5	47007	2802	45605	415879	8.85
1980-1984	79	0.06187	0.06001	0.5	44204	2653	42878	370273	8.38
1980-1984	80	0.07495	0.07224	0.5	41551	3002	40051	327396	7.88
1980-1984	81	0.07968	0.07663	0.5	38550	2954	37073	287345	7.45
1980-1984	82	0.08939	0.08557	0.5	35596	3046	34073	250272	7.03
1980-1984	83	0.09805	0.09346	0.5	32550	3042	31029	216199	6.64
1980-1984	84	0.10753	0.10205	0.5	29508	3011	28002	185171	6.28
1980-1984	85	0.11468	0.10846	0.5	26497	2874	25060	157168	5.93
1980-1984	86	0.12740	0.11977	0.5	23623	2829	22208	132109	5.59
1980-1984	87	0.13775	0.12888	0.5	20793	2680	19454	109901	5.29
1980-1984	88	0.14868	0.13839	0.5	18114	2507	16860	90447	4.99
1980-1984	89	0.15986	0.14803	0.5	15607	2310	14452	73587	4.72
1980-1984	90	0.17502	0.16094	0.5	13297	2140	12227	59135	4.45
1980-1984	91	0.18197	0.16680	0.5	11157	1861	10226	46909	4.20
1980-1984	92	0.20381	0.18496	0.5	9296	1719	8436	36683	3.95
1980-1984	93	0.21706	0.19581	0.5	7576	1484	6835	28247	3.73
1980-1984	94	0.23783	0.21256	0.5	6093	1295	5445	21412	3.51
1980-1984	95	0.25224	0.22399	0.5	4798	1075	4260	15967	3.33
1980-1984	96	0.27089	0.23857	0.5	3723	888	3279	11706	3.14
1980-1984	97	0.29044	0.25361	0.5	2835	719	2475	8427	2.97
1980-1984	98	0.31088	0.26906	0.5	2116	569	1831	5952	2.81
1980-1984	99	0.33214	0.28484	0.5	1547	441	1326	4121	2.66
1980-1984	100	0.35419	0.30090	0.5	1106	333	940	2794	2.53
1980-1984	101	0.37693	0.31716	0.5	773	245	651	1855	2.40
1980-1984	102	0.40030	0.33354	0.5	528	176	440	1204	2.28
1980-1984	103	0.42419	0.34997	0.5	352	123	290	764	2.17
1980-1984	104	0.44850	0.36635	0.5	229	84	187	474	2.07
1980-1984	105	0.47312	0.38261	0.5	145	55	117	287	1.98
1980-1984	106	0.49793	0.39867	0.5	89	36	72	170	1.90
1980-1984	107	0.52279	0.41446	0.5	54	22	43	98	1.82
1980-1984	108	0.54759	0.42989	0.5	32	14	25	55	1.76
1980-1984	109	0.57220	0.44491	0.5	18	8	14	31	1.71
1980-1984	110+	0.59650	1.00000	1.68	10	10	17	17	1.68
1985-1989	0	0.01198	0.01185	0.08	100000	1185	98911	7361793	73.62
1985-1989	1	0.00085	0.00085	0.5	98815	84	98773	7262882	73.50
1985-1989	2	0.00054	0.00054	0.5	98731	54	98704	7164109	72.56
1985-1989	3	0.00043	0.00043	0.5	98677	43	98656	7065405	71.60
1985-1989	4	0.00037	0.00037	0.5	98634	36	98616	6966749	70.63
1985-1989	5	0.00030	0.00030	0.5	98598	29	98584	6868133	69.66
1985-1989	6	0.00029	0.00029	0.5	98569	29	98555	6769549	68.68
1985-1989	7	0.00025	0.00025	0.5	98540	24	98528	6670995	67.70
1985-1989	8	0.00027	0.00027	0.5	98516	27	98502	6572467	66.71
1985-1989	9	0.00026	0.00026	0.5	98489	25	98476	6473964	65.73
1985-1989	10	0.00026	0.00026	0.5	98464	26	98451	6375488	64.75
1985-1989	11	0.00024	0.00024	0.5	98438	23	98427	6277037	63.77
1985-1989	12	0.00032	0.00032	0.5	98415	31	98399	6178610	62.78
1985-1989	13	0.00038	0.00038	0.5	98383	37	98365	6080211	61.80
1985-1989	14	0.00048	0.00048	0.5	98346	47	98323	5981846	60.82
1985-1989	15	0.00059	0.00059	0.5	98300	58	98270	5883523	59.85
1985-1989	16	0.00088	0.00088	0.5	98241	86	98198	5785253	58.89
1985-1989	17	0.00098	0.00098	0.5	98155	96	98107	5687055	57.94
1985-1989	18	0.00119	0.00119	0.5	98060	116	98001	5588947	57.00
1985-1989	19	0.00116	0.00116	0.5	97943	113	97887	5490946	56.06
1985-1989	20	0.00117	0.00117	0.5	97830	114	97773	5393059	55.13
1985-1989	21	0.00122	0.00121	0.5	97716	119	97656	5295286	54.19
1985-1989	22	0.00119	0.00119	0.5	97597	116	97539	5197630	53.26
1985-1989	23	0.00127	0.00127	0.5	97481	124	97419	5100091	52.32
1985-1989	24	0.00129	0.00128	0.5	97357	125	97294	5002673	51.38
1985-1989	25	0.00125	0.00125	0.5	97232	122	97171	4905378	50.45
1985-1989	26	0.00125	0.00125	0.5	97110	121	97049	4808207	49.51
1985-1989	27	0.00130	0.00130	0.5	96989	126	96926	4711158	48.57
1985-1989	28	0.00141	0.00141	0.5	96862	137	96794	4614232	47.64
1985-1989	29	0.00132	0.00132	0.5	96726	128	96662	4517438	46.70
1985-1989	30	0.00148	0.00147	0.5	96598	142	96526	4420776	45.76
1985-1989	31	0.00159	0.00159	0.5	96455	153	96378	4324250	44.83
1985-1989	32	0.00163	0.00163	0.5	96302	157	96223	4227872	43.90
1985-1989	33	0.00160	0.00160	0.5	96145	154	96068	4131648	42.97
1985-1989	34	0.00162	0.00162	0.5	95991	156	95913	4035580	42.04
1985-1989	35	0.00167	0.00167	0.5	95836	160	95756	3939666	41.11
1985-1989	36	0.00189	0.00189	0.5	95676	180	95585	3843911	40.18
1985-1989	37	0.00191	0.00191	0.5	95495	183	95404	3748326	39.25
1985-1989	38	0.00226	0.00226	0.5	95312	215	95205	3652922	38.33
1985-1989	39	0.00209	0.00209	0.5	95097	199	94997	3557717	37.41
1985-1989	40	0.00232	0.00232	0.5	94898	220	94788	3462720	36.49
1985-1989	41	0.00258	0.00258	0.5	94678	244	94556	3367932	35.57
1985-1989	42	0.00280	0.00280	0.5	94434	264	94302	3273376	34.66
1985-1989	43	0.00310	0.00310	0.5	94170	292	94024	3179074	33.76
1985-1989	44	0.00344	0.00343	0.5	93878	322	93717	3085051	32.86
1985-1989	45	0.00363	0.00363	0.5	93555	339	93386	2991334	31.97
1985-1989	46	0.00420	0.00419	0.5	93216	391	93021	2897948	31.09
1985-1989	47	0.00432	0.00431	0.5	92825	401	92625	2804928	30.22
1985-1989	48	0.00510	0.00509	0.5	92425	470	92190	2712303	29.35
1985-1989	49	0.00519	0.00518	0.5	91955	476	91717	2620113	28.49
1985-1989	50	0.00593	0.00592	0.5	91479	541	91208	2528397	27.64
1985-1989	51	0.00655	0.00653	0.5	90937	594	90640	2437189	26.80
1985-1989	52	0.00721	0.00719	0.5	90344	649	90019	2346548	25.97
1985-1989	53	0.00803	0.00800	0.5	89694	718	89335	2256529	25.16
1985-1989	54	0.00866	0.00862	0.5	88977	767	88593	2167194	24.36
1985-1989	55	0.00956	0.00952	0.5	88210	840	87790	2078601	23.56
1985-1989	56	0.01022	0.01017	0.5	87370	889	86926	1990811	22.79
1985-1989	57	0.01122	0.01115	0.5	86481	965	85999	1903885	22.01
1985-1989	58	0.01274	0.01266	0.5	85517	1083	84975	1817886	21.26
1985-1989	59	0.01308	0.01300	0.5	84434	1097	83885	1732911	20.52
1985-1989	60	0.01463	0.01452	0.5	83337	1210	82732	1649026	19.79
1985-1989	61	0.01571	0.01559	0.5	82126	1280	81486	1566294	19.07
1985-1989	62	0.01754	0.01739	0.5	80846	1406	80143	1484808	18.37
1985-1989	63	0.01869	0.01851	0.5	79440	1471	78705	1404665	17.68
1985-1989	64	0.01985	0.01965	0.5	77970	1532	77204	1325959	17.01
1985-1989	65	0.02219	0.02194	0.5	76438	1677	75599	1248756	16.34
1985-1989	66	0.02374	0.02346	0.5	74760	1754	73883	1173157	15.69
1985-1989	67	0.02485	0.02454	0.5	73006	1792	72111	1099274	15.06
1985-1989	68	0.02712	0.02675	0.5	71215	1905	70262	1027163	14.42
1985-1989	69	0.02929	0.02887	0.5	69309	2001	68309	956901	13.81
1985-1989	70	0.03154	0.03105	0.5	67308	2090	66263	888592	13.20
1985-1989	71	0.03295	0.03242	0.5	65218	2114	64161	822329	12.61
1985-1989	72	0.03791	0.03721	0.5	63104	2348	61930	758168	12.01
1985-1989	73	0.04108	0.04026	0.5	60756	2446	59533	696238	11.46
1985-1989	74	0.04372	0.04279	0.5	58310	2495	57063	636705	10.92
1985-1989	75	0.04737	0.04628	0.5	55815	2583	54524	579642	10.39
1985-1989	76	0.05143	0.05014	0.5	53232	2669	51898	525118	9.86
1985-1989	77	0.05499	0.05351	0.5	50563	2706	49210	473221	9.36
1985-1989	78	0.06152	0.05969	0.5	47857	2856	46429	424010	8.86
1985-1989	79	0.06329	0.06135	0.5	45001	2761	43620	377581	8.39
1985-1989	80	0.07322	0.07064	0.5	42240	2984	40748	333961	7.91
1985-1989	81	0.07961	0.07656	0.5	39256	3006	37753	293213	7.47
1985-1989	82	0.08688	0.08326	0.5	36251	3018	34741	255460	7.05
1985-1989	83	0.09512	0.09081	0.5	33232	3018	31724	220718	6.64
1985-1989	84	0.10360	0.09850	0.5	30215	2976	28727	188995	6.26
1985-1989	85	0.11327	0.10720	0.5	27239	2920	25779	160268	5.88
1985-1989	86	0.12509	0.11773	0.5	24319	2863	22887	134489	5.53
1985-1989	87	0.13659	0.12786	0.5	21456	2743	20084	111602	5.20
1985-1989	88	0.14797	0.13778	0.5	18712	2578	17423	91518	4.89
1985-1989	89	0.16090	0.14892	0.5	16134	2403	14933	74095	4.59
1985-1989	90	0.17662	0.16229	0.5	13732	2229	12617	59162	4.31
1985-1989	91	0.19367	0.17657	0.5	11503	2031	10487	46545	4.05
1985-1989	92	0.21072	0.19063	0.5	9472	1806	8569	36057	3.81
1985-1989	93	0.22702	0.20388	0.5	7666	1563	6885	27488	3.59
1985-1989	94	0.24799	0.22063	0.5	6103	1347	5430	20603	3.38
1985-1989	95	0.26331	0.23268	0.5	4757	1107	4203	15173	3.19
1985-1989	96	0.28384	0.24856	0.5	3650	907	3196	10970	3.01
1985-1989	97	0.30537	0.26492	0.5	2743	727	2379	7774	2.83
1985-1989	98	0.32787	0.28169	0.5	2016	568	1732	5394	2.68
1985-1989	99	0.35127	0.29879	0.5	1448	433	1232	3662	2.53
1985-1989	100	0.37547	0.31612	0.5	1015	321	855	2430	2.39
1985-1989	101	0.40039	0.33360	0.5	694	232	579	1575	2.27
1985-1989	102	0.42590	0.35113	0.5	463	162	382	997	2.15
1985-1989	103	0.45188	0.36860	0.5	300	111	245	615	2.05
1985-1989	104	0.47820	0.38592	0.5	190	73	153	370	1.95
1985-1989	105	0.50469	0.40300	0.5	116	47	93	217	1.86
1985-1989	106	0.53122	0.41974	0.5	70	29	55	124	1.79
1985-1989	107	0.55763	0.43605	0.5	40	18	32	69	1.71
1985-1989	108	0.58377	0.45187	0.5	23	10	18	38	1.65
1985-1989	109	0.60949	0.46713	0.5	12	6	10	20	1.61
1985-1989	110+	0.63465	1.00000	1.58	7	7	10	10	1.58
1990-1994	0	0.01036	0.01026	0.08	100000	1026	99053	7407845	74.08
1990-1994	1	0.00083	0.00083	0.5	98974	82	98933	7308792	73.85
1990-1994	2	0.00058	0.00058	0.5	98892	58	98863	7209858	72.91
1990-1994	3	0.00046	0.00046	0.5	98834	45	98812	7110995	71.95
1990-1994	4	0.00036	0.00036	0.5	98789	35	98772	7012183	70.98
1990-1994	5	0.00028	0.00028	0.5	98754	28	98740	6913412	70.01
1990-1994	6	0.00026	0.00026	0.5	98726	26	98713	6814672	69.03
1990-1994	7	0.00028	0.00028	0.5	98700	27	98687	6715958	68.04
1990-1994	8	0.00024	0.00024	0.5	98673	23	98661	6617272	67.06
1990-1994	9	0.00022	0.00022	0.5	98650	22	98639	6518610	66.08
1990-1994	10	0.00022	0.00022	0.5	98628	21	98617	6419972	65.09
1990-1994	11	0.00022	0.00022	0.5	98607	21	98596	6321354	64.11
1990-1994	12	0.00025	0.00025	0.5	98585	25	98573	6222758	63.12
1990-1994	13	0.00034	0.00034	0.5	98561	34	98544	6124185	62.14
1990-1994	14	0.00047	0.00047	0.5	98527	46	98504	6025641	61.16
1990-1994	15	0.00069	0.00069	0.5	98481	68	98447	5927138	60.19
1990-1994	16	0.00096	0.00096	0.5	98413	94	98366	5828691	59.23
1990-1994	17	0.00107	0.00107	0.5	98319	105	98266	5730325	58.28
1990-1994	18	0.00130	0.00130	0.5	98213	128	98149	5632059	57.35
1990-1994	19	0.00124	0.00124	0.5	98085	122	98024	5533910	56.42
1990-1994	20	0.00121	0.00121	0.5	97963	119	97904	5435885	55.49
1990-1994	21	0.00128	0.00128	0.5	97845	125	97782	5337981	54.56
1990-1994	22	0.00136	0.00136	0.5	97720	133	97653	5240199	53.62
1990-1994	23	0.00133	0.00133	0.5	97586	129	97522	5142546	52.70
1990-1994	24	0.00126	0.00126	0.5	97457	123	97396	5045024	51.77
1990-1994	25	0.00129	0.00129	0.5	97334	126	97271	4947629	50.83
1990-1994	26	0.00133	0.00133	0.5	97209	130	97144	4850357	49.90
1990-1994	27	0.00145	0.00145	0.5	97079	140	97009	4753213	48.96
1990-1994	28	0.00159	0.00159	0.5	96939	154	96862	4656204	48.03
1990-1994	29	0.00150	0.00150	0.5	96785	145	96712	4559343	47.11
1990-1994	30	0.00152	0.00152	0.5	96640	147	96567	4462631	46.18
1990-1994	31	0.00165	0.00165	0.5	96493	159	96414	4366064	45.25
1990-1994	32	0.00174	0.00174	0.5	96334	167	96250	4269650	44.32
1990-1994	33	0.00187	0.00187	0.5	96167	180	96077	4173400	43.40
1990-1994	34	0.00181	0.00181	0.5	95987	173	95900	4077323	42.48
1990-1994	35	0.00189	0.00189	0.5	95814	181	95723	3981423	41.55
1990-1994	36	0.00199	0.00198	0.5	95633	190	95538	3885699	40.63
1990-1994	37	0.00209	0.00209	0.5	95443	200	95343	3790161	39.71
1990-1994	38	0.00239	0.00238	0.5	95244	227	95130	3694818	38.79
1990-1994	39	0.00234	0.00234	0.5	95017	222	94906	3599688	37.88
1990-1994	40	0.00247	0.00247	0.5	94795	234	94678	3504782	36.97
1990-1994	41	0.00265	0.00265	0.5	94561	250	94436	3410105	36.06
1990-1994	42	0.00294	0.00294	0.5	94310	277	94172	3315669	35.16
1990-1994	43	0.00304	0.00303	0.5	94033	285	93891	3221497	34.26
1990-1994	44	0.00319	0.00319	0.5	93748	299	93599	3127607	33.36
1990-1994	45	0.00355	0.00354	0.5	93449	331	93284	3034008	32.47
1990-1994	46	0.00387	0.00386	0.5	93118	360	92938	2940724	31.58
1990-1994	47	0.00440	0.00439	0.5	92758	407	92555	2847786	30.70
1990-1994	48	0.00496	0.00495	0.5	92351	457	92123	2755231	29.83
1990-1994	49	0.00513	0.00512	0.5	91894	470	91659	2663109	28.98
1990-1994	50	0.00549	0.00547	0.5	91424	500	91174	2571450	28.13
1990-1994	51	0.00613	0.00612	0.5	90924	556	90646	2480276	27.28
1990-1994	52	0.00682	0.00680	0.5	90368	615	90060	2389630	26.44
1990-1994	53	0.00733	0.00730	0.5	89753	655	89425	2299570	25.62
1990-1994	54	0.00793	0.00790	0.5	89098	704	88746	2210145	24.81
1990-1994	55	0.00879	0.00875	0.5	88394	774	88007	2121399	24.00
1990-1994	56	0.00974	0.00969	0.5	87620	849	87195	2033392	23.21
1990-1994	57	0.01030	0.01025	0.5	86771	889	86326	1946197	22.43
1990-1994	58	0.01200	0.01193	0.5	85881	1025	85369	1859871	21.66
1990-1994	59	0.01256	0.01248	0.5	84857	1059	84327	1774502	20.91
1990-1994	60	0.01370	0.01360	0.5	83797	1140	83227	1690175	20.17
1990-1994	61	0.01520	0.01508	0.5	82657	1247	82034	1606947	19.44
1990-1994	62	0.01663	0.01650	0.5	81411	1343	80739	1524913	18.73
1990-1994	63	0.01801	0.01785	0.5	80068	1429	79353	1444174	18.04
1990-1994	64	0.01877	0.01859	0.5	78639	1462	77908	1364821	17.36
1990-1994	65	0.02029	0.02009	0.5	77177	1550	76401	1286913	16.67
1990-1994	66	0.02255	0.02230	0.5	75626	1686	74783	1210512	16.01
1990-1994	67	0.02387	0.02359	0.5	73940	1744	73068	1135729	15.36
1990-1994	68	0.02660	0.02625	0.5	72195	1895	71248	1062661	14.72
1990-1994	69	0.02834	0.02794	0.5	70300	1964	69318	991413	14.10
1990-1994	70	0.03019	0.02974	0.5	68336	2032	67320	922095	13.49
1990-1994	71	0.03307	0.03253	0.5	66304	2157	65225	854775	12.89
1990-1994	72	0.03597	0.03533	0.5	64147	2266	63013	789550	12.31
1990-1994	73	0.03911	0.03836	0.5	61880	2374	60693	726537	11.74
1990-1994	74	0.04220	0.04133	0.5	59506	2459	58277	665843	11.19
1990-1994	75	0.04440	0.04343	0.5	57047	2478	55808	607566	10.65
1990-1994	76	0.04872	0.04756	0.5	54569	2595	53272	551758	10.11
1990-1994	77	0.05289	0.05153	0.5	51974	2678	50635	498487	9.59
1990-1994	78	0.05665	0.05509	0.5	49296	2716	47938	447852	9.08
1990-1994	79	0.06308	0.06115	0.5	46580	2849	45156	399913	8.59
1990-1994	80	0.07037	0.06798	0.5	43732	2973	42245	354757	8.11
1990-1994	81	0.07647	0.07365	0.5	40759	3002	39258	312512	7.67
1990-1994	82	0.08390	0.08052	0.5	37757	3040	36237	273254	7.24
1990-1994	83	0.09163	0.08761	0.5	34717	3042	33196	237018	6.83
1990-1994	84	0.09945	0.09474	0.5	31675	3001	30175	203822	6.43
1990-1994	85	0.10835	0.10278	0.5	28674	2947	27201	173647	6.06
1990-1994	86	0.11963	0.11288	0.5	25727	2904	24275	146446	5.69
1990-1994	87	0.12949	0.12161	0.5	22823	2776	21435	122172	5.35
1990-1994	88	0.14267	0.13317	0.5	20047	2670	18712	100736	5.02
1990-1994	89	0.15502	0.14387	0.5	17378	2500	16128	82024	4.72
1990-1994	90	0.16891	0.15576	0.5	14878	2317	13719	65897	4.43
1990-1994	91	0.18297	0.16763	0.5	12560	2106	11507	52178	4.15
1990-1994	92	0.20250	0.18388	0.5	10455	1922	9494	40670	3.89
1990-1994	93	0.22367	0.20117	0.5	8532	1716	7674	31177	3.65
1990-1994	94	0.23838	0.21299	0.5	6816	1452	6090	23503	3.45
1990-1994	95	0.25700	0.22774	0.5	5364	1222	4753	17413	3.25
1990-1994	96	0.27746	0.24366	0.5	4143	1009	3638	12659	3.06
1990-1994	97	0.29897	0.26009	0.5	3133	815	2726	9021	2.88
1990-1994	98	0.32146	0.27695	0.5	2318	642	1997	6296	2.72
1990-1994	99	0.34489	0.29416	0.5	1676	493	1430	4298	2.56
1990-1994	100	0.36917	0.31164	0.5	1183	369	999	2869	2.42
1990-1994	101	0.39419	0.32929	0.5	814	268	680	1870	2.30
1990-1994	102	0.41986	0.34701	0.5	546	190	451	1190	2.18
1990-1994	103	0.44604	0.36470	0.5	357	130	292	738	2.07
1990-1994	104	0.47258	0.38226	0.5	227	87	183	447	1.97
1990-1994	105	0.49934	0.39958	0.5	140	56	112	263	1.88
1990-1994	106	0.52617	0.41658	0.5	84	35	67	151	1.80
1990-1994	107	0.55290	0.43316	0.5	49	21	38	85	1.73
1990-1994	108	0.57939	0.44925	0.5	28	12	22	46	1.67
1990-1994	109	0.60548	0.46477	0.5	15	7	12	25	1.62
1990-1994	110+	0.63102	1.00000	1.58	8	8	13	13	1.58
1995-1999	0	0.00935	0.00927	0.07	100000	927	99142	7441021	74.41
1995-1999	1	0.00073	0.00073	0.5	99073	72	99037	7341879	74.11
1995-1999	2	0.00045	0.00045	0.5	99001	44	98979	7242841	73.16
1995-1999	3	0.00038	0.00038	0.5	98957	37	98938	7143863	72.19
1995-1999	4	0.00028	0.00028	0.5	98919	28	98905	7044924	71.22
1995-1999	5	0.00027	0.00027	0.5	98891	26	98878	6946019	70.24
1995-1999	6	0.00026	0.00026	0.5	98865	26	98852	6847141	69.26
1995-1999	7	0.00022	0.00022	0.5	98839	22	98828	6748289	68.28
1995-1999	8	0.00023	0.00023	0.5	98818	23	98806	6649461	67.29
1995-1999	9	0.00022	0.00022	0.5	98795	22	98784	6550655	66.31
1995-1999	10	0.00022	0.00022	0.5	98773	22	98762	6451871	65.32
1995-1999	11	0.00021	0.00021	0.5	98751	21	98740	6353109	64.33
1995-1999	12	0.00028	0.00028	0.5	98730	28	98716	6254369	63.35
1995-1999	13	0.00033	0.00033	0.5	98702	33	98686	6155653	62.37
1995-1999	14	0.00041	0.00041	0.5	98670	40	98650	6056967	61.39
1995-1999	15	0.00053	0.00053	0.5	98630	52	98603	5958317	60.41
1995-1999	16	0.00088	0.00088	0.5	98577	87	98534	5859714	59.44
1995-1999	17	0.00107	0.00106	0.5	98490	105	98438	5761180	58.49
1995-1999	18	0.00123	0.00123	0.5	98385	121	98325	5662742	57.56
1995-1999	19	0.00117	0.00117	0.5	98265	115	98207	5564417	56.63
1995-1999	20	0.00112	0.00112	0.5	98150	110	98095	5466209	55.69
1995-1999	21	0.00124	0.00124	0.5	98040	121	97980	5368114	54.75
1995-1999	22	0.00123	0.00123	0.5	97919	120	97859	5270135	53.82
1995-1999	23	0.00119	0.00119	0.5	97799	116	97740	5172276	52.89
1995-1999	24	0.00121	0.00121	0.5	97682	118	97623	5074536	51.95
1995-1999	25	0.00123	0.00122	0.5	97564	119	97505	4976912	51.01
1995-1999	26	0.00125	0.00125	0.5	97445	122	97384	4879408	50.07
1995-1999	27	0.00127	0.00127	0.5	97324	123	97262	4782023	49.14
1995-1999	28	0.00133	0.00133	0.5	97200	130	97135	4684762	48.20
1995-1999	29	0.00145	0.00145	0.5	97071	140	97000	4587626	47.26
1995-1999	30	0.00143	0.00143	0.5	96930	138	96861	4490626	46.33
1995-1999	31	0.00162	0.00162	0.5	96792	157	96713	4393765	45.39
1995-1999	32	0.00165	0.00165	0.5	96635	159	96555	4297051	44.47
1995-1999	33	0.00178	0.00178	0.5	96476	172	96390	4200496	43.54
1995-1999	34	0.00181	0.00181	0.5	96304	174	96217	4104106	42.62
1995-1999	35	0.00190	0.00190	0.5	96130	183	96039	4007889	41.69
1995-1999	36	0.00208	0.00208	0.5	95947	199	95848	3911850	40.77
1995-1999	37	0.00222	0.00221	0.5	95748	212	95642	3816003	39.85
1995-1999	38	0.00237	0.00237	0.5	95536	226	95423	3720361	38.94
1995-1999	39	0.00238	0.00238	0.5	95310	227	95196	3624938	38.03
1995-1999	40	0.00253	0.00252	0.5	95083	240	94963	3529742	37.12
1995-1999	41	0.00281	0.00281	0.5	94843	266	94710	3434779	36.22
1995-1999	42	0.00293	0.00292	0.5	94576	277	94438	3340069	35.32
1995-1999	43	0.00324	0.00323	0.5	94300	305	94147	3245631	34.42
1995-1999	44	0.00342	0.00342	0.5	93995	321	93834	3151484	33.53
1995-1999	45	0.00353	0.00352	0.5	93674	330	93509	3057649	32.64
1995-1999	46	0.00399	0.00398	0.5	93344	372	93158	2964140	31.76
1995-1999	47	0.00419	0.00418	0.5	92972	389	92778	2870982	30.88
1995-1999	48	0.00478	0.00477	0.5	92584	442	92363	2778204	30.01
1995-1999	49	0.00493	0.00492	0.5	92142	453	91915	2685842	29.15
1995-1999	50	0.00520	0.00518	0.5	91689	475	91451	2593926	28.29
1995-1999	51	0.00592	0.00590	0.5	91214	538	90944	2502475	27.44
1995-1999	52	0.00662	0.00660	0.5	90675	598	90376	2411530	26.60
1995-1999	53	0.00711	0.00708	0.5	90077	638	89758	2321154	25.77
1995-1999	54	0.00772	0.00769	0.5	89439	687	89096	2231396	24.95
1995-1999	55	0.00829	0.00826	0.5	88752	733	88385	2142300	24.14
1995-1999	56	0.00929	0.00924	0.5	88019	813	87612	2053915	23.33
1995-1999	57	0.01010	0.01005	0.5	87205	876	86767	1966303	22.55
1995-1999	58	0.01118	0.01112	0.5	86329	960	85849	1879536	21.77
1995-1999	59	0.01206	0.01198	0.5	85369	1023	84858	1793687	21.01
1995-1999	60	0.01279	0.01271	0.5	84346	1072	83810	1708829	20.26
1995-1999	61	0.01452	0.01442	0.5	83274	1201	82674	1625019	19.51
1995-1999	62	0.01607	0.01594	0.5	82074	1309	81419	1542345	18.79
1995-1999	63	0.01733	0.01718	0.5	80765	1388	80071	1460926	18.09
1995-1999	64	0.01809	0.01793	0.5	79377	1423	78666	1380855	17.40
1995-1999	65	0.02021	0.02001	0.5	77954	1560	77174	1302189	16.70
1995-1999	66	0.02174	0.02151	0.5	76394	1643	75572	1225015	16.04
1995-1999	67	0.02275	0.02250	0.5	74751	1682	73910	1149443	15.38
1995-1999	68	0.02520	0.02489	0.5	73069	1819	72160	1075533	14.72
1995-1999	69	0.02798	0.02760	0.5	71251	1966	70268	1003373	14.08
1995-1999	70	0.02930	0.02888	0.5	69284	2001	68284	933105	13.47
1995-1999	71	0.03284	0.03231	0.5	67284	2174	66196	864821	12.85
1995-1999	72	0.03591	0.03528	0.5	65109	2297	63961	798625	12.27
1995-1999	73	0.03809	0.03738	0.5	62812	2348	61638	734664	11.70
1995-1999	74	0.04112	0.04029	0.5	60465	2436	59247	673026	11.13
1995-1999	75	0.04434	0.04337	0.5	58029	2517	56770	613779	10.58
1995-1999	76	0.04843	0.04729	0.5	55512	2625	54199	557009	10.03
1995-1999	77	0.05224	0.05091	0.5	52887	2692	51540	502810	9.51
1995-1999	78	0.05747	0.05586	0.5	50194	2804	48792	451270	8.99
1995-1999	79	0.06248	0.06059	0.5	47390	2871	45955	402477	8.49
1995-1999	80	0.06933	0.06701	0.5	44519	2983	43027	356523	8.01
1995-1999	81	0.07607	0.07328	0.5	41536	3044	40014	313495	7.55
1995-1999	82	0.08402	0.08063	0.5	38492	3104	36940	273482	7.10
1995-1999	83	0.09246	0.08838	0.5	35388	3127	33824	236542	6.68
1995-1999	84	0.10102	0.09616	0.5	32261	3102	30710	202717	6.28
1995-1999	85	0.11037	0.10460	0.5	29158	3050	27633	172008	5.90
1995-1999	86	0.12294	0.11582	0.5	26108	3024	24597	144374	5.53
1995-1999	87	0.13318	0.12487	0.5	23085	2883	21643	119778	5.19
1995-1999	88	0.14924	0.13888	0.5	20202	2806	18799	98134	4.86
1995-1999	89	0.15996	0.14812	0.5	17396	2577	16108	79335	4.56
1995-1999	90	0.17602	0.16178	0.5	14820	2398	13621	63227	4.27
1995-1999	91	0.19469	0.17742	0.5	12422	2204	11320	49606	3.99
1995-1999	92	0.20916	0.18936	0.5	10218	1935	9251	38285	3.75
1995-1999	93	0.23234	0.20816	0.5	8283	1724	7421	29035	3.51
1995-1999	94	0.24971	0.22199	0.5	6559	1456	5831	21613	3.30
1995-1999	95	0.27104	0.23870	0.5	5103	1218	4494	15782	3.09
1995-1999	96	0.29339	0.25586	0.5	3885	994	3388	11289	2.91
1995-1999	97	0.31684	0.27351	0.5	2891	791	2496	7901	2.73
1995-1999	98	0.34133	0.29157	0.5	2100	612	1794	5405	2.57
1995-1999	99	0.36676	0.30993	0.5	1488	461	1257	3611	2.43
1995-1999	100	0.39303	0.32848	0.5	1027	337	858	2354	2.29
1995-1999	101	0.41999	0.34710	0.5	689	239	570	1496	2.17
1995-1999	102	0.44751	0.36569	0.5	450	165	368	926	2.06
1995-1999	103	0.47542	0.38411	0.5	286	110	231	558	1.95
1995-1999	104	0.50354	0.40226	0.5	176	71	140	327	1.86
1995-1999	105	0.53171	0.42004	0.5	105	44	83	187	1.78
1995-1999	106	0.55972	0.43733	0.5	61	27	48	104	1.70
1995-1999	107	0.58742	0.45406	0.5	34	16	27	56	1.63
1995-1999	108	0.61463	0.47014	0.5	19	9	14	29	1.57
1995-1999	109	0.64118	0.48552	0.5	10	5	8	15	1.53
1995-1999	110+	0.66693	1.00000	1.5	5	5	8	8	1.50
2000-2004	0	0.00896	0.00889	0.07	100000	889	99176	7467650	74.68
2000-2004	1	0.00064	0.00064	0.5	99111	63	99080	7368474	74.35
2000-2004	2	0.00040	0.00040	0.5	99048	39	99028	7269394	73.39
2000-2004	3	0.00032	0.00032	0.5	99009	32	98993	7170366	72.42
2000-2004	4	0.00026	0.00026	0.5	98977	26	98964	7071374	71.44
2000-2004	5	0.00021	0.00021	0.5	98951	21	98941	6972410	70.46
2000-2004	6	0.00018	0.00018	0.5	98930	18	98921	6873469	69.48
2000-2004	7	0.00018	0.00018	0.5	98912	18	98903	6774548	68.49
2000-2004	8	0.00018	0.00018	0.5	98894	18	98885	6675645	67.50
2000-2004	9	0.00018	0.00018	0.5	98877	18	98868	6576759	66.51
2000-2004	10	0.00018	0.00018	0.5	98859	18	98850	6477891	65.53
2000-2004	11	0.00022	0.00022	0.5	98841	21	98831	6379041	64.54
2000-2004	12	0.00021	0.00021	0.5	98820	21	98809	6280210	63.55
2000-2004	13	0.00027	0.00027	0.5	98799	27	98785	6181401	62.57
2000-2004	14	0.00038	0.00038	0.5	98772	37	98753	6082616	61.58
2000-2004	15	0.00047	0.00047	0.5	98734	46	98711	5983863	60.61
2000-2004	16	0.00074	0.00074	0.5	98688	73	98652	5885151	59.63
2000-2004	17	0.00090	0.00090	0.5	98615	89	98571	5786499	58.68
2000-2004	18	0.00112	0.00112	0.5	98527	110	98471	5687928	57.73
2000-2004	19	0.00119	0.00119	0.5	98416	117	98358	5589457	56.79
2000-2004	20	0.00122	0.00122	0.5	98299	120	98239	5491100	55.86
2000-2004	21	0.00123	0.00123	0.5	98179	121	98118	5392861	54.93
2000-2004	22	0.00123	0.00123	0.5	98058	120	97998	5294742	54.00
2000-2004	23	0.00122	0.00122	0.5	97938	119	97878	5196744	53.06
2000-2004	24	0.00129	0.00129	0.5	97818	126	97755	5098866	52.13
2000-2004	25	0.00130	0.00130	0.5	97692	127	97629	5001111	51.19
2000-2004	26	0.00136	0.00136	0.5	97566	132	97499	4903482	50.26
2000-2004	27	0.00133	0.00133	0.5	97433	129	97369	4805983	49.33
2000-2004	28	0.00134	0.00134	0.5	97304	130	97239	4708614	48.39
2000-2004	29	0.00142	0.00142	0.5	97174	138	97105	4611375	47.45
2000-2004	30	0.00144	0.00144	0.5	97036	140	96966	4514271	46.52
2000-2004	31	0.00150	0.00150	0.5	96896	145	96823	4417305	45.59
2000-2004	32	0.00155	0.00155	0.5	96751	150	96676	4320481	44.66
2000-2004	33	0.00163	0.00163	0.5	96601	158	96522	4223806	43.72
2000-2004	34	0.00176	0.00175	0.5	96443	169	96358	4127284	42.80
2000-2004	35	0.00182	0.00182	0.5	96274	175	96186	4030925	41.87
2000-2004	36	0.00198	0.00198	0.5	96099	190	96004	3934739	40.94
2000-2004	37	0.00215	0.00215	0.5	95909	206	95806	3838735	40.02
2000-2004	38	0.00235	0.00234	0.5	95703	224	95591	3742929	39.11
2000-2004	39	0.00255	0.00254	0.5	95478	243	95357	3647338	38.20
2000-2004	40	0.00279	0.00279	0.5	95236	265	95103	3551981	37.30
2000-2004	41	0.00293	0.00293	0.5	94970	278	94831	3456879	36.40
2000-2004	42	0.00311	0.00311	0.5	94692	294	94545	3362047	35.51
2000-2004	43	0.00347	0.00347	0.5	94398	327	94234	3267503	34.61
2000-2004	44	0.00375	0.00375	0.5	94071	352	93894	3173268	33.73
2000-2004	45	0.00389	0.00388	0.5	93718	364	93536	3079374	32.86
2000-2004	46	0.00436	0.00435	0.5	93354	406	93151	2985838	31.98
2000-2004	47	0.00450	0.00449	0.5	92948	417	92740	2892687	31.12
2000-2004	48	0.00498	0.00497	0.5	92531	460	92301	2799947	30.26
2000-2004	49	0.00531	0.00530	0.5	92071	488	91827	2707646	29.41
2000-2004	50	0.00552	0.00550	0.5	91583	504	91331	2615818	28.56
2000-2004	51	0.00607	0.00605	0.5	91079	551	90804	2524487	27.72
2000-2004	52	0.00636	0.00634	0.5	90528	574	90241	2433683	26.88
2000-2004	53	0.00699	0.00696	0.5	89955	626	89641	2343442	26.05
2000-2004	54	0.00752	0.00749	0.5	89328	669	88994	2253800	25.23
2000-2004	55	0.00828	0.00824	0.5	88659	731	88294	2164807	24.42
2000-2004	56	0.00880	0.00876	0.5	87928	771	87543	2076513	23.62
2000-2004	57	0.00971	0.00967	0.5	87157	843	86736	1988970	22.82
2000-2004	58	0.01054	0.01048	0.5	86315	905	85862	1902234	22.04
2000-2004	59	0.01143	0.01136	0.5	85410	971	84925	1816372	21.27
2000-2004	60	0.01246	0.01238	0.5	84439	1045	83917	1731447	20.51
2000-2004	61	0.01325	0.01316	0.5	83394	1098	82845	1647530	19.76
2000-2004	62	0.01468	0.01458	0.5	82297	1200	81697	1564685	19.01
2000-2004	63	0.01616	0.01603	0.5	81097	1300	80447	1482988	18.29
2000-2004	64	0.01729	0.01715	0.5	79797	1368	79113	1402541	17.58
2000-2004	65	0.01863	0.01846	0.5	78429	1448	77705	1323428	16.87
2000-2004	66	0.02044	0.02023	0.5	76981	1558	76203	1245723	16.18
2000-2004	67	0.02205	0.02181	0.5	75424	1645	74602	1169520	15.51
2000-2004	68	0.02391	0.02363	0.5	73779	1743	72908	1094918	14.84
2000-2004	69	0.02622	0.02588	0.5	72036	1864	71104	1022011	14.19
2000-2004	70	0.02817	0.02778	0.5	70172	1950	69197	950907	13.55
2000-2004	71	0.03049	0.03003	0.5	68222	2049	67197	881710	12.92
2000-2004	72	0.03341	0.03286	0.5	66173	2175	65086	814513	12.31
2000-2004	73	0.03614	0.03550	0.5	63998	2272	62862	749427	11.71
2000-2004	74	0.03914	0.03839	0.5	61726	2369	60542	686565	11.12
2000-2004	75	0.04333	0.04241	0.5	59357	2517	58098	626023	10.55
2000-2004	76	0.04710	0.04601	0.5	56840	2615	55532	567925	9.99
2000-2004	77	0.05110	0.04983	0.5	54225	2702	52874	512392	9.45
2000-2004	78	0.05559	0.05409	0.5	51523	2787	50129	459519	8.92
2000-2004	79	0.06185	0.06000	0.5	48736	2924	47274	409390	8.40
2000-2004	80	0.06885	0.06656	0.5	45812	3049	44287	362116	7.90
2000-2004	81	0.07572	0.07296	0.5	42762	3120	41203	317829	7.43
2000-2004	82	0.08282	0.07952	0.5	39643	3152	38066	276627	6.98
2000-2004	83	0.09228	0.08821	0.5	36490	3219	34881	238560	6.54
2000-2004	84	0.10179	0.09686	0.5	33271	3223	31660	203679	6.12
2000-2004	85	0.11218	0.10622	0.5	30049	3192	28453	172019	5.72
2000-2004	86	0.12357	0.11638	0.5	26857	3126	25294	143567	5.35
2000-2004	87	0.13770	0.12883	0.5	23731	3057	22202	118273	4.98
2000-2004	88	0.15314	0.14225	0.5	20674	2941	19203	96070	4.65
2000-2004	89	0.16994	0.15663	0.5	17733	2778	16344	76867	4.33
2000-2004	90	0.18602	0.17019	0.5	14955	2545	13683	60523	4.05
2000-2004	91	0.20283	0.18416	0.5	12410	2285	11267	46840	3.77
2000-2004	92	0.22595	0.20301	0.5	10125	2055	9097	35573	3.51
2000-2004	93	0.24874	0.22122	0.5	8069	1785	7177	26476	3.28
2000-2004	94	0.27400	0.24099	0.5	6284	1514	5527	19299	3.07
2000-2004	95	0.29256	0.25522	0.5	4770	1217	4161	13772	2.89
2000-2004	96	0.31776	0.27420	0.5	3552	974	3065	9611	2.71
2000-2004	97	0.34414	0.29362	0.5	2578	757	2200	6546	2.54
2000-2004	98	0.37157	0.31336	0.5	1821	571	1536	4346	2.39
2000-2004	99	0.39992	0.33327	0.5	1251	417	1042	2810	2.25
2000-2004	100	0.42900	0.35323	0.5	834	295	687	1768	2.12
2000-2004	101	0.45864	0.37309	0.5	539	201	439	1081	2.00
2000-2004	102	0.48863	0.39269	0.5	338	133	272	643	1.90
2000-2004	103	0.51876	0.41192	0.5	205	85	163	371	1.81
2000-2004	104	0.54881	0.43064	0.5	121	52	95	208	1.72
2000-2004	105	0.57855	0.44874	0.5	69	31	53	113	1.64
2000-2004	106	0.60778	0.46613	0.5	38	18	29	60	1.58
2000-2004	107	0.63629	0.48272	0.5	20	10	15	31	1.52
2000-2004	108	0.66392	0.49846	0.5	10	5	8	15	1.46
2000-2004	109	0.69051	0.51329	0.5	5	3	4	7	1.42
2000-2004	110+	0.71593	1.00000	1.4	3	3	4	4	1.40
2005-2009	0	0.00887	0.00880	0.07	100000	880	99184	7525861	75.26
2005-2009	1	0.00059	0.00059	0.5	99120	58	99091	7426677	74.93
2005-2009	2	0.00039	0.00039	0.5	99062	39	99043	7327586	73.97
2005-2009	3	0.00030	0.00030	0.5	99023	30	99008	7228543	73.00
2005-2009	4	0.00023	0.00023	0.5	98993	23	98982	7129535	72.02
2005-2009	5	0.00018	0.00018	0.5	98971	18	98962	7030553	71.04
2005-2009	6	0.00017	0.00017	0.5	98953	16	98945	6931591	70.05
2005-2009	7	0.00016	0.00016	0.5	98936	16	98929	6832646	69.06
2005-2009	8	0.00016	0.00016	0.5	98921	16	98913	6733718	68.07
2005-2009	9	0.00015	0.00015	0.5	98905	15	98897	6634805	67.08
2005-2009	10	0.00014	0.00014	0.5	98890	14	98882	6535908	66.09
2005-2009	11	0.00020	0.00020	0.5	98875	20	98865	6437025	65.10
2005-2009	12	0.00018	0.00018	0.5	98855	18	98846	6338160	64.12
2005-2009	13	0.00022	0.00022	0.5	98837	22	98826	6239314	63.13
2005-2009	14	0.00028	0.00028	0.5	98815	28	98801	6140488	62.14
2005-2009	15	0.00040	0.00040	0.5	98787	39	98768	6041686	61.16
2005-2009	16	0.00062	0.00062	0.5	98748	61	98717	5942919	60.18
2005-2009	17	0.00078	0.00078	0.5	98687	77	98648	5844201	59.22
2005-2009	18	0.00102	0.00102	0.5	98609	100	98559	5745553	58.27
2005-2009	19	0.00108	0.00108	0.5	98509	107	98456	5646994	57.32
2005-2009	20	0.00121	0.00121	0.5	98402	119	98343	5548538	56.39
2005-2009	21	0.00131	0.00131	0.5	98283	129	98219	5450195	55.45
2005-2009	22	0.00128	0.00128	0.5	98155	126	98092	5351976	54.53
2005-2009	23	0.00131	0.00131	0.5	98029	128	97965	5253885	53.60
2005-2009	24	0.00128	0.00127	0.5	97901	125	97838	5155920	52.66
2005-2009	25	0.00135	0.00134	0.5	97776	131	97710	5058082	51.73
2005-2009	26	0.00136	0.00136	0.5	97644	133	97578	4960371	50.80
2005-2009	27	0.00135	0.00135	0.5	97512	132	97446	4862793	49.87
2005-2009	28	0.00150	0.00150	0.5	97380	146	97307	4765347	48.94
2005-2009	29	0.00157	0.00156	0.5	97234	152	97158	4668040	48.01
2005-2009	30	0.00166	0.00166	0.5	97082	161	97001	4570882	47.08
2005-2009	31	0.00165	0.00165	0.5	96921	160	96841	4473881	46.16
2005-2009	32	0.00164	0.00164	0.5	96761	159	96682	4377040	45.24
2005-2009	33	0.00166	0.00166	0.5	96602	160	96522	4280358	44.31
2005-2009	34	0.00177	0.00177	0.5	96442	171	96357	4183836	43.38
2005-2009	35	0.00186	0.00186	0.5	96272	179	96182	4087479	42.46
2005-2009	36	0.00194	0.00194	0.5	96093	187	96000	3991296	41.54
2005-2009	37	0.00210	0.00210	0.5	95906	201	95806	3895297	40.62
2005-2009	38	0.00224	0.00224	0.5	95705	214	95598	3799491	39.70
2005-2009	39	0.00244	0.00244	0.5	95491	233	95374	3703893	38.79
2005-2009	40	0.00263	0.00263	0.5	95258	250	95133	3608519	37.88
2005-2009	41	0.00286	0.00286	0.5	95007	272	94872	3513386	36.98
2005-2009	42	0.00311	0.00311	0.5	94736	294	94589	3418515	36.08
2005-2009	43	0.00351	0.00350	0.5	94441	331	94276	3323926	35.20
2005-2009	44	0.00382	0.00382	0.5	94111	359	93931	3229650	34.32
2005-2009	45	0.00406	0.00405	0.5	93751	380	93562	3135719	33.45
2005-2009	46	0.00442	0.00441	0.5	93372	412	93166	3042157	32.58
2005-2009	47	0.00468	0.00467	0.5	92960	434	92743	2948991	31.72
2005-2009	48	0.00503	0.00502	0.5	92526	464	92294	2856248	30.87
2005-2009	49	0.00539	0.00538	0.5	92062	495	91814	2763954	30.02
2005-2009	50	0.00579	0.00577	0.5	91567	528	91303	2672140	29.18
2005-2009	51	0.00649	0.00647	0.5	91039	589	90744	2580837	28.35
2005-2009	52	0.00682	0.00680	0.5	90449	615	90142	2490093	27.53
2005-2009	53	0.00727	0.00724	0.5	89835	651	89509	2399951	26.72
2005-2009	54	0.00762	0.00759	0.5	89184	677	88846	2310442	25.91
2005-2009	55	0.00820	0.00817	0.5	88507	723	88145	2221596	25.10
2005-2009	56	0.00878	0.00874	0.5	87784	767	87400	2133451	24.30
2005-2009	57	0.00933	0.00929	0.5	87016	808	86612	2046051	23.51
2005-2009	58	0.00998	0.00993	0.5	86208	856	85780	1959438	22.73
2005-2009	59	0.01084	0.01078	0.5	85352	920	84892	1873658	21.95
2005-2009	60	0.01180	0.01174	0.5	84432	991	83936	1788766	21.19
2005-2009	61	0.01230	0.01223	0.5	83441	1020	82931	1704829	20.43
2005-2009	62	0.01361	0.01351	0.5	82421	1114	81864	1621898	19.68
2005-2009	63	0.01508	0.01497	0.5	81307	1217	80698	1540035	18.94
2005-2009	64	0.01620	0.01607	0.5	80090	1287	79446	1459337	18.22
2005-2009	65	0.01742	0.01727	0.5	78803	1361	78123	1379890	17.51
2005-2009	66	0.01865	0.01848	0.5	77442	1431	76727	1301767	16.81
2005-2009	67	0.02000	0.01981	0.5	76011	1506	75259	1225041	16.12
2005-2009	68	0.02168	0.02145	0.5	74506	1598	73707	1149782	15.43
2005-2009	69	0.02357	0.02330	0.5	72908	1698	72059	1076075	14.76
2005-2009	70	0.02565	0.02532	0.5	71209	1803	70308	1004016	14.10
2005-2009	71	0.02738	0.02701	0.5	69406	1875	68469	933708	13.45
2005-2009	72	0.03000	0.02956	0.5	67531	1996	66533	865240	12.81
2005-2009	73	0.03346	0.03291	0.5	65535	2157	64457	798706	12.19
2005-2009	74	0.03625	0.03561	0.5	63378	2257	62250	734249	11.59
2005-2009	75	0.03924	0.03849	0.5	61122	2352	59945	671999	10.99
2005-2009	76	0.04249	0.04160	0.5	58769	2445	57547	612054	10.41
2005-2009	77	0.04745	0.04635	0.5	56324	2610	55019	554507	9.84
2005-2009	78	0.05101	0.04974	0.5	53714	2672	52378	499488	9.30
2005-2009	79	0.05605	0.05452	0.5	51042	2783	49650	447110	8.76
2005-2009	80	0.06248	0.06059	0.5	48259	2924	46797	397459	8.24
2005-2009	81	0.06886	0.06656	0.5	45335	3018	43826	350662	7.73
2005-2009	82	0.07749	0.07460	0.5	42317	3157	40739	306836	7.25
2005-2009	83	0.08560	0.08208	0.5	39161	3214	37553	266097	6.80
2005-2009	84	0.09452	0.09025	0.5	35946	3244	34324	228544	6.36
2005-2009	85	0.10470	0.09949	0.5	32702	3254	31075	194220	5.94
2005-2009	86	0.11932	0.11261	0.5	29448	3316	27790	163145	5.54
2005-2009	87	0.12821	0.12049	0.5	26132	3149	24558	135354	5.18
2005-2009	88	0.14479	0.13502	0.5	22984	3103	21432	110796	4.82
2005-2009	89	0.15910	0.14738	0.5	19880	2930	18415	89364	4.50
2005-2009	90	0.17753	0.16306	0.5	16950	2764	15569	70949	4.19
2005-2009	91	0.19002	0.17353	0.5	14187	2462	12956	55380	3.90
2005-2009	92	0.22001	0.19821	0.5	11725	2324	10563	42425	3.62
2005-2009	93	0.23758	0.21235	0.5	9401	1996	8403	31862	3.39
2005-2009	94	0.26094	0.23083	0.5	7405	1709	6550	23459	3.17
2005-2009	95	0.28146	0.24673	0.5	5695	1405	4993	16909	2.97
2005-2009	96	0.30659	0.26584	0.5	4290	1140	3720	11916	2.78
2005-2009	97	0.33295	0.28544	0.5	3150	899	2700	8196	2.60
2005-2009	98	0.36044	0.30540	0.5	2251	687	1907	5496	2.44
2005-2009	99	0.38891	0.32560	0.5	1563	509	1309	3589	2.30
2005-2009	100	0.41820	0.34587	0.5	1054	365	872	2281	2.16
2005-2009	101	0.44811	0.36608	0.5	690	252	563	1409	2.04
2005-2009	102	0.47843	0.38608	0.5	437	169	353	845	1.93
2005-2009	103	0.50896	0.40571	0.5	268	109	214	492	1.83
2005-2009	104	0.53945	0.42486	0.5	160	68	126	278	1.75
2005-2009	105	0.56969	0.44339	0.5	92	41	71	153	1.67
2005-2009	106	0.59945	0.46121	0.5	51	24	39	81	1.60
2005-2009	107	0.62853	0.47824	0.5	28	13	21	42	1.53
2005-2009	108	0.65673	0.49439	0.5	14	7	11	21	1.48
2005-2009	109	0.68390	0.50963	0.5	7	4	5	10	1.44
2005-2009	110+	0.70990	1.00000	1.41	4	4	5	5	1.41
2010-2014	0	0.00784	0.00778	0.07	100000	778	99276	7573124	75.73
2010-2014	1	0.00051	0.00051	0.5	99222	51	99196	7473848	75.32
2010-2014	2	0.00038	0.00038	0.5	99171	38	99152	7374652	74.36
2010-2014	3	0.00028	0.00028	0.5	99133	27	99119	7275500	73.39
2010-2014	4	0.00021	0.00021	0.5	99105	21	99095	7176381	72.41
2010-2014	5	0.00018	0.00018	0.5	99084	17	99076	7077287	71.43
2010-2014	6	0.00014	0.00014	0.5	99067	14	99060	6978211	70.44
2010-2014	7	0.00015	0.00015	0.5	99053	14	99045	6879152	69.45
2010-2014	8	0.00015	0.00015	0.5	99038	15	99030	6780106	68.46
2010-2014	9	0.00017	0.00017	0.5	99023	16	99015	6681076	67.47
2010-2014	10	0.00013	0.00013	0.5	99006	13	99000	6582061	66.48
2010-2014	11	0.00016	0.00016	0.5	98994	16	98986	6483061	65.49
2010-2014	12	0.00017	0.00017	0.5	98978	17	98970	6384075	64.50
2010-2014	13	0.00021	0.00021	0.5	98961	21	98950	6285105	63.51
2010-2014	14	0.00024	0.00024	0.5	98940	24	98928	6186155	62.52
2010-2014	15	0.00030	0.00030	0.5	98916	30	98901	6087227	61.54
2010-2014	16	0.00045	0.00045	0.5	98886	45	98864	5988326	60.56
2010-2014	17	0.00062	0.00062	0.5	98841	62	98810	5889463	59.59
2010-2014	18	0.00078	0.00078	0.5	98780	77	98741	5790652	58.62
2010-2014	19	0.00089	0.00089	0.5	98703	88	98659	5691911	57.67
2010-2014	20	0.00096	0.00096	0.5	98615	94	98567	5593253	56.72
2010-2014	21	0.00103	0.00103	0.5	98520	101	98469	5494685	55.77
2010-2014	22	0.00107	0.00107	0.5	98419	105	98366	5396216	54.83
2010-2014	23	0.00110	0.00110	0.5	98314	108	98260	5297850	53.89
2010-2014	24	0.00118	0.00118	0.5	98206	116	98148	5199590	52.95
2010-2014	25	0.00123	0.00123	0.5	98090	120	98030	5101442	52.01
2010-2014	26	0.00135	0.00135	0.5	97970	132	97904	5003412	51.07
2010-2014	27	0.00132	0.00132	0.5	97838	129	97774	4905508	50.14
2010-2014	28	0.00146	0.00146	0.5	97709	142	97638	4807734	49.20
2010-2014	29	0.00148	0.00147	0.5	97567	144	97495	4710096	48.28
2010-2014	30	0.00156	0.00156	0.5	97423	152	97347	4612602	47.35
2010-2014	31	0.00167	0.00167	0.5	97271	163	97190	4515255	46.42
2010-2014	32	0.00171	0.00171	0.5	97109	166	97026	4418065	45.50
2010-2014	33	0.00178	0.00178	0.5	96943	173	96857	4321039	44.57
2010-2014	34	0.00186	0.00186	0.5	96770	180	96680	4224182	43.65
2010-2014	35	0.00203	0.00203	0.5	96590	196	96492	4127502	42.73
2010-2014	36	0.00204	0.00204	0.5	96394	196	96296	4031010	41.82
2010-2014	37	0.00217	0.00217	0.5	96198	208	96094	3934714	40.90
2010-2014	38	0.00227	0.00227	0.5	95990	218	95881	3838620	39.99
2010-2014	39	0.00247	0.00247	0.5	95772	236	95654	3742739	39.08
2010-2014	40	0.00253	0.00252	0.5	95536	241	95415	3647085	38.18
2010-2014	41	0.00274	0.00274	0.5	95295	261	95164	3551670	37.27
2010-2014	42	0.00301	0.00300	0.5	95034	285	94891	3456506	36.37
2010-2014	43	0.00311	0.00311	0.5	94748	294	94601	3361615	35.48
2010-2014	44	0.00348	0.00347	0.5	94454	328	94290	3267013	34.59
2010-2014	45	0.00388	0.00388	0.5	94126	365	93943	3172724	33.71
2010-2014	46	0.00414	0.00413	0.5	93761	387	93567	3078780	32.84
2010-2014	47	0.00471	0.00470	0.5	93374	439	93154	2985213	31.97
2010-2014	48	0.00501	0.00500	0.5	92935	465	92703	2892059	31.12
2010-2014	49	0.00544	0.00543	0.5	92470	502	92219	2799356	30.27
2010-2014	50	0.00601	0.00599	0.5	91968	551	91693	2707137	29.44
2010-2014	51	0.00662	0.00660	0.5	91417	603	91116	2615444	28.61
2010-2014	52	0.00696	0.00694	0.5	90814	630	90499	2524329	27.80
2010-2014	53	0.00755	0.00752	0.5	90184	678	89845	2433830	26.99
2010-2014	54	0.00796	0.00793	0.5	89506	709	89151	2343985	26.19
2010-2014	55	0.00871	0.00867	0.5	88796	770	88411	2254834	25.39
2010-2014	56	0.00944	0.00940	0.5	88026	827	87612	2166423	24.61
2010-2014	57	0.00998	0.00993	0.5	87199	866	86766	2078811	23.84
2010-2014	58	0.01025	0.01020	0.5	86333	881	85892	1992046	23.07
2010-2014	59	0.01089	0.01083	0.5	85452	925	84989	1906153	22.31
2010-2014	60	0.01178	0.01171	0.5	84526	990	84032	1821164	21.55
2010-2014	61	0.01251	0.01243	0.5	83537	1038	83018	1737133	20.79
2010-2014	62	0.01344	0.01335	0.5	82498	1102	81948	1654115	20.05
2010-2014	63	0.01454	0.01443	0.5	81397	1175	80810	1572167	19.31
2010-2014	64	0.01540	0.01529	0.5	80222	1226	79609	1491358	18.59
2010-2014	65	0.01645	0.01632	0.5	78996	1289	78351	1411749	17.87
2010-2014	66	0.01765	0.01749	0.5	77707	1359	77027	1333397	17.16
2010-2014	67	0.01941	0.01922	0.5	76347	1467	75614	1256370	16.46
2010-2014	68	0.02090	0.02069	0.5	74880	1549	74105	1180757	15.77
2010-2014	69	0.02302	0.02276	0.5	73331	1669	72496	1106651	15.09
2010-2014	70	0.02488	0.02457	0.5	71662	1761	70781	1034155	14.43
2010-2014	71	0.02652	0.02617	0.5	69901	1829	68986	963374	13.78
2010-2014	72	0.02921	0.02879	0.5	68072	1960	67092	894387	13.14
2010-2014	73	0.03128	0.03080	0.5	66112	2036	65094	827296	12.51
2010-2014	74	0.03437	0.03379	0.5	64075	2165	62993	762202	11.90
2010-2014	75	0.03761	0.03692	0.5	61910	2285	60768	699209	11.29
2010-2014	76	0.04082	0.04000	0.5	59625	2385	58432	638442	10.71
2010-2014	77	0.04497	0.04398	0.5	57240	2518	55981	580009	10.13
2010-2014	78	0.04904	0.04787	0.5	54722	2619	53413	524028	9.58
2010-2014	79	0.05388	0.05246	0.5	52103	2734	50736	470616	9.03
2010-2014	80	0.05820	0.05655	0.5	49369	2792	47973	419879	8.50
2010-2014	81	0.06474	0.06271	0.5	46577	2921	45117	371906	7.98
2010-2014	82	0.07215	0.06964	0.5	43657	3040	42137	326789	7.49
2010-2014	83	0.07996	0.07688	0.5	40617	3123	39055	284652	7.01
2010-2014	84	0.08835	0.08461	0.5	37494	3172	35908	245597	6.55
2010-2014	85	0.09985	0.09511	0.5	34321	3264	32689	209689	6.11
2010-2014	86	0.11144	0.10555	0.5	31057	3278	29418	177000	5.70
2010-2014	87	0.12332	0.11616	0.5	27779	3227	26166	147582	5.31
2010-2014	88	0.13719	0.12838	0.5	24552	3152	22976	121416	4.95
2010-2014	89	0.15411	0.14308	0.5	21400	3062	19869	98440	4.60
2010-2014	90	0.17264	0.15892	0.5	18338	2914	16881	78570	4.28
2010-2014	91	0.18709	0.17109	0.5	15424	2639	14105	61689	4.00
2010-2014	92	0.20733	0.18786	0.5	12785	2402	11584	47584	3.72
2010-2014	93	0.22804	0.20470	0.5	10383	2125	9321	36000	3.47
2010-2014	94	0.25647	0.22732	0.5	8258	1877	7319	26680	3.23
2010-2014	95	0.27254	0.23986	0.5	6381	1530	5616	19360	3.03
2010-2014	96	0.29778	0.25919	0.5	4850	1257	4222	13745	2.83
2010-2014	97	0.32434	0.27908	0.5	3593	1003	3092	9523	2.65
2010-2014	98	0.35212	0.29941	0.5	2590	776	2203	6431	2.48
2010-2014	99	0.38098	0.32002	0.5	1815	581	1524	4229	2.33
2010-2014	100	0.41074	0.34076	0.5	1234	421	1024	2704	2.19
2010-2014	101	0.44121	0.36147	0.5	814	294	666	1680	2.07
2010-2014	102	0.47217	0.38199	0.5	519	198	420	1014	1.95
2010-2014	103	0.50338	0.40216	0.5	321	129	256	594	1.85
2010-2014	104	0.53461	0.42185	0.5	192	81	151	337	1.76
2010-2014	105	0.56560	0.44091	0.5	111	49	86	186	1.67
2010-2014	106	0.59613	0.45924	0.5	62	28	48	99	1.60
2010-2014	107	0.62596	0.47675	0.5	34	16	26	52	1.54
2010-2014	108	0.65490	0.49335	0.5	18	9	13	26	1.48
2010-2014	109	0.68276	0.50900	0.5	9	5	7	13	1.44
2010-2014	110+	0.70939	1.00000	1.41	4	4	6	6	1.41
2015-2019	0	0.00739	0.00734	0.07	100000	734	99317	7549940	75.50
2015-2019	1	0.00053	0.00053	0.5	99266	52	99240	7450623	75.06
2015-2019	2	0.00035	0.00035	0.5	99214	35	99197	7351383	74.10
2015-2019	3	0.00028	0.00028	0.5	99180	27	99166	7252186	73.12
2015-2019	4	0.00019	0.00019	0.5	99152	19	99143	7153020	72.14
2015-2019	5	0.00019	0.00019	0.5	99133	18	99124	7053877	71.16
2015-2019	6	0.00014	0.00014	0.5	99115	14	99108	6954753	70.17
2015-2019	7	0.00015	0.00015	0.5	99101	15	99093	6855645	69.18
2015-2019	8	0.00015	0.00015	0.5	99086	15	99078	6756552	68.19
2015-2019	9	0.00017	0.00017	0.5	99071	17	99062	6657474	67.20
2015-2019	10	0.00015	0.00015	0.5	99053	15	99046	6558412	66.21
2015-2019	11	0.00015	0.00015	0.5	99039	15	99031	6459366	65.22
2015-2019	12	0.00020	0.00020	0.5	99023	20	99013	6360335	64.23
2015-2019	13	0.00022	0.00022	0.5	99003	21	98993	6261321	63.24
2015-2019	14	0.00028	0.00028	0.5	98982	27	98968	6162329	62.26
2015-2019	15	0.00036	0.00036	0.5	98955	36	98937	6063361	61.27
2015-2019	16	0.00048	0.00048	0.5	98919	48	98895	5964424	60.30
2015-2019	17	0.00065	0.00065	0.5	98871	64	98839	5865529	59.32
2015-2019	18	0.00092	0.00092	0.5	98807	91	98762	5766689	58.36
2015-2019	19	0.00102	0.00102	0.5	98716	101	98666	5667928	57.42
2015-2019	20	0.00106	0.00106	0.5	98615	104	98563	5569262	56.47
2015-2019	21	0.00115	0.00115	0.5	98511	113	98454	5470699	55.53
2015-2019	22	0.00118	0.00118	0.5	98398	117	98339	5372245	54.60
2015-2019	23	0.00126	0.00126	0.5	98281	123	98219	5273905	53.66
2015-2019	24	0.00121	0.00121	0.5	98158	119	98098	5175686	52.73
2015-2019	25	0.00137	0.00137	0.5	98039	134	97972	5077588	51.79
2015-2019	26	0.00135	0.00135	0.5	97905	133	97838	4979616	50.86
2015-2019	27	0.00154	0.00154	0.5	97772	150	97697	4881778	49.93
2015-2019	28	0.00161	0.00161	0.5	97622	157	97543	4784081	49.01
2015-2019	29	0.00175	0.00175	0.5	97465	171	97380	4686537	48.08
2015-2019	30	0.00177	0.00177	0.5	97294	172	97208	4589158	47.17
2015-2019	31	0.00189	0.00189	0.5	97122	183	97031	4491949	46.25
2015-2019	32	0.00207	0.00207	0.5	96939	200	96839	4394919	45.34
2015-2019	33	0.00211	0.00210	0.5	96739	204	96637	4298080	44.43
2015-2019	34	0.00216	0.00216	0.5	96535	208	96431	4201442	43.52
2015-2019	35	0.00228	0.00228	0.5	96327	219	96218	4105011	42.62
2015-2019	36	0.00242	0.00242	0.5	96108	233	95992	4008794	41.71
2015-2019	37	0.00252	0.00252	0.5	95875	241	95755	3912802	40.81
2015-2019	38	0.00266	0.00266	0.5	95634	254	95507	3817047	39.91
2015-2019	39	0.00280	0.00279	0.5	95380	267	95247	3721540	39.02
2015-2019	40	0.00290	0.00290	0.5	95113	276	94975	3626294	38.13
2015-2019	41	0.00305	0.00305	0.5	94838	289	94693	3531319	37.24
2015-2019	42	0.00323	0.00323	0.5	94548	305	94396	3436626	36.35
2015-2019	43	0.00345	0.00344	0.5	94243	324	94081	3342230	35.46
2015-2019	44	0.00370	0.00369	0.5	93919	347	93746	3248149	34.58
2015-2019	45	0.00401	0.00401	0.5	93572	375	93385	3154403	33.71
2015-2019	46	0.00433	0.00432	0.5	93198	403	92996	3061018	32.84
2015-2019	47	0.00463	0.00462	0.5	92795	429	92581	2968021	31.98
2015-2019	48	0.00496	0.00495	0.5	92367	457	92138	2875440	31.13
2015-2019	49	0.00535	0.00533	0.5	91910	490	91665	2783302	30.28
2015-2019	50	0.00593	0.00591	0.5	91420	540	91150	2691638	29.44
2015-2019	51	0.00639	0.00637	0.5	90879	579	90590	2600488	28.61
2015-2019	52	0.00689	0.00687	0.5	90300	620	89990	2509898	27.80
2015-2019	53	0.00764	0.00761	0.5	89680	683	89338	2419908	26.98
2015-2019	54	0.00820	0.00817	0.5	88997	727	88634	2330570	26.19
2015-2019	55	0.00893	0.00889	0.5	88270	785	87878	2241936	25.40
2015-2019	56	0.00971	0.00967	0.5	87485	846	87062	2154059	24.62
2015-2019	57	0.01063	0.01057	0.5	86639	916	86181	2066997	23.86
2015-2019	58	0.01126	0.01120	0.5	85723	960	85244	1980815	23.11
2015-2019	59	0.01175	0.01168	0.5	84764	990	84269	1895572	22.36
2015-2019	60	0.01254	0.01246	0.5	83774	1044	83252	1811303	21.62
2015-2019	61	0.01335	0.01326	0.5	82730	1097	82181	1728051	20.89
2015-2019	62	0.01447	0.01437	0.5	81633	1173	81046	1645870	20.16
2015-2019	63	0.01538	0.01527	0.5	80460	1228	79846	1564824	19.45
2015-2019	64	0.01631	0.01618	0.5	79231	1282	78591	1484978	18.74
2015-2019	65	0.01725	0.01710	0.5	77950	1333	77283	1406388	18.04
2015-2019	66	0.01822	0.01806	0.5	76616	1384	75925	1329105	17.35
2015-2019	67	0.01936	0.01918	0.5	75233	1443	74511	1253180	16.66
2015-2019	68	0.02087	0.02066	0.5	73790	1524	73028	1178669	15.97
2015-2019	69	0.02250	0.02225	0.5	72266	1608	71462	1105641	15.30
2015-2019	70	0.02428	0.02399	0.5	70658	1695	69810	1034179	14.64
2015-2019	71	0.02640	0.02605	0.5	68963	1797	68064	964368	13.98
2015-2019	72	0.02886	0.02845	0.5	67166	1911	66210	896304	13.34
2015-2019	73	0.03133	0.03084	0.5	65255	2013	64248	830094	12.72
2015-2019	74	0.03422	0.03364	0.5	63242	2128	62178	765845	12.11
2015-2019	75	0.03731	0.03663	0.5	61114	2238	59995	703667	11.51
2015-2019	76	0.04012	0.03933	0.5	58876	2316	57718	643672	10.93
2015-2019	77	0.04396	0.04302	0.5	56560	2433	55344	585953	10.36
2015-2019	78	0.04811	0.04698	0.5	54127	2543	52856	530609	9.80
2015-2019	79	0.05312	0.05175	0.5	51584	2669	50249	477754	9.26
2015-2019	80	0.05799	0.05636	0.5	48915	2757	47536	427504	8.74
2015-2019	81	0.06338	0.06144	0.5	46158	2836	44740	379968	8.23
2015-2019	82	0.07004	0.06767	0.5	43322	2932	41857	335228	7.74
2015-2019	83	0.07546	0.07272	0.5	40391	2937	38922	293371	7.26
2015-2019	84	0.08408	0.08068	0.5	37454	3022	35943	254449	6.79
2015-2019	85	0.09366	0.08947	0.5	34432	3081	32892	218506	6.35
2015-2019	86	0.10401	0.09887	0.5	31351	3100	29801	185614	5.92
2015-2019	87	0.11606	0.10969	0.5	28251	3099	26702	155813	5.52
2015-2019	88	0.13075	0.12273	0.5	25153	3087	23609	129111	5.13
2015-2019	89	0.14398	0.13431	0.5	22066	2964	20584	105502	4.78
2015-2019	90	0.16202	0.14988	0.5	19102	2863	17670	84918	4.45
2015-2019	91	0.17981	0.16497	0.5	16239	2679	14899	67248	4.14
2015-2019	92	0.19817	0.18030	0.5	13560	2445	12338	52348	3.86
2015-2019	93	0.22113	0.19911	0.5	11115	2213	10008	40011	3.60
2015-2019	94	0.24220	0.21604	0.5	8902	1923	7940	30002	3.37
2015-2019	95	0.25895	0.22927	0.5	6979	1600	6179	22062	3.16
2015-2019	96	0.28304	0.24795	0.5	5379	1334	4712	15883	2.95
2015-2019	97	0.30847	0.26725	0.5	4045	1081	3505	11171	2.76
2015-2019	98	0.33515	0.28705	0.5	2964	851	2539	7667	2.59
2015-2019	99	0.36296	0.30721	0.5	2113	649	1789	5128	2.43
2015-2019	100	0.39175	0.32759	0.5	1464	480	1224	3339	2.28
2015-2019	101	0.42135	0.34803	0.5	984	343	813	2115	2.15
2015-2019	102	0.45156	0.36839	0.5	642	236	524	1302	2.03
2015-2019	103	0.48217	0.38851	0.5	405	157	327	778	1.92
2015-2019	104	0.51295	0.40824	0.5	248	101	197	452	1.82
2015-2019	105	0.54366	0.42746	0.5	147	63	115	254	1.73
2015-2019	106	0.57407	0.44604	0.5	84	37	65	139	1.66
2015-2019	107	0.60397	0.46388	0.5	47	22	36	74	1.59
2015-2019	108	0.63314	0.48090	0.5	25	12	19	38	1.53
2015-2019	109	0.66139	0.49703	0.5	13	6	10	19	1.48
2015-2019	110+	0.68856	1.00000	1.45	7	7	9	9	1.45
