Div6: East South Central, Lifetables (period 1x10), Females Last modified: 20 Dec 2020, MPv5 (May07) 

Year     	Age	mx	qx	ax	lx	dx	Lx	Tx	ex
1960-1969	0	0.02659	0.02599	0.13	100000	2599	97733	7282013	72.82
1960-1969	1	0.00202	0.00202	0.5	97401	196	97303	7184281	73.76
1960-1969	2	0.00113	0.00113	0.5	97205	110	97150	7086977	72.91
1960-1969	3	0.00083	0.00083	0.5	97095	80	97055	6989827	71.99
1960-1969	4	0.00066	0.00066	0.5	97015	64	96983	6892772	71.05
1960-1969	5	0.00058	0.00058	0.5	96951	56	96923	6795789	70.10
1960-1969	6	0.00045	0.00045	0.5	96895	43	96873	6698866	69.14
1960-1969	7	0.00046	0.00046	0.5	96851	45	96829	6601993	68.17
1960-1969	8	0.00038	0.00038	0.5	96806	37	96788	6505165	67.20
1960-1969	9	0.00038	0.00038	0.5	96769	37	96751	6408377	66.22
1960-1969	10	0.00033	0.00033	0.5	96732	32	96716	6311626	65.25
1960-1969	11	0.00037	0.00037	0.5	96700	36	96682	6214910	64.27
1960-1969	12	0.00034	0.00034	0.5	96664	33	96648	6118227	63.29
1960-1969	13	0.00038	0.00038	0.5	96631	36	96613	6021579	62.32
1960-1969	14	0.00045	0.00045	0.5	96595	43	96573	5924966	61.34
1960-1969	15	0.00052	0.00052	0.5	96551	50	96526	5828393	60.37
1960-1969	16	0.00057	0.00057	0.5	96501	55	96474	5731867	59.40
1960-1969	17	0.00072	0.00072	0.5	96446	70	96411	5635394	58.43
1960-1969	18	0.00075	0.00075	0.5	96376	72	96340	5538982	57.47
1960-1969	19	0.00080	0.00080	0.5	96304	77	96265	5442642	56.52
1960-1969	20	0.00080	0.00080	0.5	96227	77	96188	5346377	55.56
1960-1969	21	0.00087	0.00087	0.5	96150	84	96108	5250189	54.60
1960-1969	22	0.00085	0.00085	0.5	96066	82	96025	5154081	53.65
1960-1969	23	0.00084	0.00084	0.5	95984	81	95944	5058056	52.70
1960-1969	24	0.00091	0.00091	0.5	95903	87	95860	4962113	51.74
1960-1969	25	0.00099	0.00099	0.5	95816	94	95769	4866253	50.79
1960-1969	26	0.00098	0.00098	0.5	95722	94	95675	4770484	49.84
1960-1969	27	0.00105	0.00105	0.5	95628	100	95578	4674809	48.89
1960-1969	28	0.00118	0.00118	0.5	95527	112	95471	4579231	47.94
1960-1969	29	0.00120	0.00120	0.5	95415	114	95358	4483760	46.99
1960-1969	30	0.00123	0.00123	0.5	95300	117	95242	4388402	46.05
1960-1969	31	0.00132	0.00132	0.5	95183	126	95120	4293161	45.10
1960-1969	32	0.00157	0.00157	0.5	95057	149	94983	4198040	44.16
1960-1969	33	0.00159	0.00159	0.5	94908	151	94833	4103058	43.23
1960-1969	34	0.00172	0.00172	0.5	94758	163	94676	4008225	42.30
1960-1969	35	0.00182	0.00182	0.5	94595	172	94509	3913548	41.37
1960-1969	36	0.00199	0.00199	0.5	94423	188	94329	3819040	40.45
1960-1969	37	0.00219	0.00219	0.5	94235	206	94132	3724711	39.53
1960-1969	38	0.00234	0.00234	0.5	94029	220	93919	3630579	38.61
1960-1969	39	0.00253	0.00253	0.5	93809	237	93690	3536660	37.70
1960-1969	40	0.00276	0.00275	0.5	93572	258	93443	3442970	36.79
1960-1969	41	0.00298	0.00298	0.5	93314	278	93175	3349527	35.90
1960-1969	42	0.00338	0.00337	0.5	93036	314	92880	3256352	35.00
1960-1969	43	0.00351	0.00350	0.5	92723	325	92560	3163472	34.12
1960-1969	44	0.00369	0.00368	0.5	92398	340	92228	3070912	33.24
1960-1969	45	0.00391	0.00390	0.5	92058	359	91878	2978684	32.36
1960-1969	46	0.00413	0.00412	0.5	91699	378	91510	2886806	31.48
1960-1969	47	0.00466	0.00465	0.5	91321	424	91109	2795296	30.61
1960-1969	48	0.00506	0.00505	0.5	90896	459	90667	2704187	29.75
1960-1969	49	0.00543	0.00542	0.5	90438	490	90193	2613520	28.90
1960-1969	50	0.00574	0.00573	0.5	89948	515	89690	2523328	28.05
1960-1969	51	0.00597	0.00595	0.5	89433	532	89166	2433638	27.21
1960-1969	52	0.00673	0.00670	0.5	88900	596	88602	2344471	26.37
1960-1969	53	0.00698	0.00695	0.5	88304	614	87997	2255869	25.55
1960-1969	54	0.00764	0.00761	0.5	87690	668	87357	2167872	24.72
1960-1969	55	0.00823	0.00820	0.5	87023	713	86666	2080515	23.91
1960-1969	56	0.00867	0.00863	0.5	86309	745	85937	1993849	23.10
1960-1969	57	0.00950	0.00946	0.5	85564	809	85160	1907912	22.30
1960-1969	58	0.01037	0.01031	0.5	84755	874	84318	1822752	21.51
1960-1969	59	0.01106	0.01100	0.5	83881	923	83420	1738434	20.73
1960-1969	60	0.01227	0.01220	0.5	82958	1012	82452	1655015	19.95
1960-1969	61	0.01252	0.01244	0.5	81946	1020	81437	1572562	19.19
1960-1969	62	0.01482	0.01471	0.5	80927	1191	80331	1491126	18.43
1960-1969	63	0.01576	0.01564	0.5	79736	1247	79113	1410794	17.69
1960-1969	64	0.01658	0.01644	0.5	78489	1291	77844	1331682	16.97
1960-1969	65	0.02010	0.01990	0.5	77198	1536	76430	1253838	16.24
1960-1969	66	0.01994	0.01974	0.5	75662	1494	74915	1177408	15.56
1960-1969	67	0.02283	0.02257	0.5	74168	1674	73331	1102492	14.86
1960-1969	68	0.02479	0.02449	0.5	72494	1775	71607	1029161	14.20
1960-1969	69	0.02575	0.02542	0.5	70719	1798	69820	957555	13.54
1960-1969	70	0.03007	0.02963	0.5	68921	2042	67900	887735	12.88
1960-1969	71	0.02933	0.02891	0.5	66879	1933	65912	819835	12.26
1960-1969	72	0.03655	0.03590	0.5	64946	2331	63780	753922	11.61
1960-1969	73	0.03860	0.03787	0.5	62614	2371	61429	690142	11.02
1960-1969	74	0.04277	0.04187	0.5	60243	2523	58982	628714	10.44
1960-1969	75	0.04915	0.04797	0.5	57721	2769	56336	569732	9.87
1960-1969	76	0.05233	0.05100	0.5	54952	2802	53550	513395	9.34
1960-1969	77	0.05610	0.05457	0.5	52149	2846	50726	459845	8.82
1960-1969	78	0.06439	0.06238	0.5	49303	3076	47766	409119	8.30
1960-1969	79	0.07041	0.06801	0.5	46228	3144	44656	361353	7.82
1960-1969	80	0.08172	0.07851	0.5	43084	3382	41393	316697	7.35
1960-1969	81	0.08050	0.07738	0.5	39701	3072	38165	275304	6.93
1960-1969	82	0.09631	0.09189	0.5	36629	3366	34946	237139	6.47
1960-1969	83	0.10810	0.10256	0.5	33263	3411	31558	202193	6.08
1960-1969	84	0.12129	0.11435	0.5	29852	3414	28145	170635	5.72
1960-1969	85	0.13126	0.12318	0.5	26438	3257	24810	142490	5.39
1960-1969	86	0.14465	0.13490	0.5	23182	3127	21618	117680	5.08
1960-1969	87	0.15694	0.14552	0.5	20055	2918	18595	96062	4.79
1960-1969	88	0.17180	0.15821	0.5	17136	2711	15781	77467	4.52
1960-1969	89	0.18321	0.16784	0.5	14425	2421	13215	61686	4.28
1960-1969	90	0.20673	0.18736	0.5	12004	2249	10880	48471	4.04
1960-1969	91	0.20902	0.18924	0.5	9755	1846	8832	37592	3.85
1960-1969	92	0.23165	0.20761	0.5	7909	1642	7088	28760	3.64
1960-1969	93	0.23875	0.21329	0.5	6267	1337	5599	21672	3.46
1960-1969	94	0.26634	0.23504	0.5	4930	1159	4351	16073	3.26
1960-1969	95	0.27552	0.24216	0.5	3771	913	3315	11722	3.11
1960-1969	96	0.29504	0.25711	0.5	2858	735	2491	8407	2.94
1960-1969	97	0.31535	0.27240	0.5	2123	578	1834	5917	2.79
1960-1969	98	0.33639	0.28795	0.5	1545	445	1322	4083	2.64
1960-1969	99	0.35809	0.30371	0.5	1100	334	933	2760	2.51
1960-1969	100	0.38039	0.31961	0.5	766	245	644	1827	2.39
1960-1969	101	0.40321	0.33556	0.5	521	175	434	1184	2.27
1960-1969	102	0.42646	0.35151	0.5	346	122	285	750	2.17
1960-1969	103	0.45004	0.36737	0.5	225	82	183	464	2.07
1960-1969	104	0.47384	0.38308	0.5	142	54	115	281	1.98
1960-1969	105	0.49776	0.39857	0.5	88	35	70	166	1.90
1960-1969	106	0.52169	0.41377	0.5	53	22	42	96	1.82
1960-1969	107	0.54553	0.42862	0.5	31	13	24	54	1.76
1960-1969	108	0.56915	0.44307	0.5	18	8	14	30	1.70
1960-1969	109	0.59247	0.45707	0.5	10	4	8	16	1.65
1960-1969	110+	0.61538	1.00000	1.63	5	5	9	9	1.63
1970-1979	0	0.01724	0.01698	0.1	100000	1698	98474	7533221	75.33
1970-1979	1	0.00122	0.00122	0.5	98302	120	98242	7434747	75.63
1970-1979	2	0.00075	0.00075	0.5	98182	74	98145	7336504	74.72
1970-1979	3	0.00056	0.00056	0.5	98109	55	98081	7238359	73.78
1970-1979	4	0.00050	0.00050	0.5	98054	49	98029	7140278	72.82
1970-1979	5	0.00045	0.00045	0.5	98005	44	97983	7042249	71.86
1970-1979	6	0.00042	0.00042	0.5	97961	41	97940	6944266	70.89
1970-1979	7	0.00035	0.00035	0.5	97920	35	97902	6846326	69.92
1970-1979	8	0.00028	0.00028	0.5	97885	28	97871	6748423	68.94
1970-1979	9	0.00030	0.00030	0.5	97857	29	97843	6650552	67.96
1970-1979	10	0.00026	0.00026	0.5	97828	25	97815	6552710	66.98
1970-1979	11	0.00025	0.00025	0.5	97803	25	97790	6454894	66.00
1970-1979	12	0.00027	0.00027	0.5	97778	26	97765	6357104	65.02
1970-1979	13	0.00033	0.00033	0.5	97752	32	97736	6259339	64.03
1970-1979	14	0.00039	0.00039	0.5	97719	38	97700	6161603	63.05
1970-1979	15	0.00048	0.00048	0.5	97682	47	97658	6063903	62.08
1970-1979	16	0.00054	0.00054	0.5	97635	52	97609	5966245	61.11
1970-1979	17	0.00061	0.00061	0.5	97583	60	97553	5868636	60.14
1970-1979	18	0.00073	0.00073	0.5	97523	71	97487	5771083	59.18
1970-1979	19	0.00076	0.00076	0.5	97452	74	97415	5673596	58.22
1970-1979	20	0.00073	0.00073	0.5	97378	71	97342	5576181	57.26
1970-1979	21	0.00069	0.00068	0.5	97307	67	97274	5478838	56.30
1970-1979	22	0.00074	0.00074	0.5	97240	72	97204	5381565	55.34
1970-1979	23	0.00072	0.00072	0.5	97169	70	97134	5284360	54.38
1970-1979	24	0.00077	0.00077	0.5	97099	75	97061	5187226	53.42
1970-1979	25	0.00073	0.00073	0.5	97024	71	96989	5090165	52.46
1970-1979	26	0.00084	0.00084	0.5	96953	81	96912	4993176	51.50
1970-1979	27	0.00085	0.00085	0.5	96872	83	96831	4896264	50.54
1970-1979	28	0.00084	0.00084	0.5	96789	82	96749	4799433	49.59
1970-1979	29	0.00095	0.00095	0.5	96708	92	96662	4702685	48.63
1970-1979	30	0.00096	0.00096	0.5	96616	93	96569	4606023	47.67
1970-1979	31	0.00104	0.00104	0.5	96523	100	96473	4509454	46.72
1970-1979	32	0.00112	0.00112	0.5	96423	108	96369	4412981	45.77
1970-1979	33	0.00128	0.00128	0.5	96315	123	96253	4316612	44.82
1970-1979	34	0.00129	0.00129	0.5	96192	124	96129	4220359	43.87
1970-1979	35	0.00139	0.00139	0.5	96067	134	96000	4124229	42.93
1970-1979	36	0.00163	0.00163	0.5	95934	156	95855	4028229	41.99
1970-1979	37	0.00176	0.00176	0.5	95777	168	95693	3932374	41.06
1970-1979	38	0.00199	0.00198	0.5	95609	190	95514	3836681	40.13
1970-1979	39	0.00202	0.00202	0.5	95419	193	95323	3741167	39.21
1970-1979	40	0.00229	0.00228	0.5	95226	217	95118	3645844	38.29
1970-1979	41	0.00236	0.00235	0.5	95009	224	94897	3550726	37.37
1970-1979	42	0.00277	0.00276	0.5	94785	262	94654	3455829	36.46
1970-1979	43	0.00291	0.00291	0.5	94523	275	94386	3361175	35.56
1970-1979	44	0.00326	0.00325	0.5	94249	306	94095	3266789	34.66
1970-1979	45	0.00348	0.00347	0.5	93942	326	93779	3172694	33.77
1970-1979	46	0.00367	0.00366	0.5	93616	343	93444	3078915	32.89
1970-1979	47	0.00421	0.00420	0.5	93273	392	93077	2985470	32.01
1970-1979	48	0.00461	0.00460	0.5	92881	427	92668	2892393	31.14
1970-1979	49	0.00471	0.00470	0.5	92454	434	92237	2799726	30.28
1970-1979	50	0.00523	0.00521	0.5	92020	480	91780	2707489	29.42
1970-1979	51	0.00558	0.00556	0.5	91540	509	91286	2615708	28.57
1970-1979	52	0.00610	0.00608	0.5	91031	554	90754	2524423	27.73
1970-1979	53	0.00637	0.00635	0.5	90477	575	90190	2433669	26.90
1970-1979	54	0.00688	0.00685	0.5	89902	616	89594	2343479	26.07
1970-1979	55	0.00709	0.00706	0.5	89286	631	88971	2253885	25.24
1970-1979	56	0.00787	0.00784	0.5	88656	695	88308	2164914	24.42
1970-1979	57	0.00821	0.00817	0.5	87960	719	87601	2076606	23.61
1970-1979	58	0.00906	0.00902	0.5	87242	787	86848	1989005	22.80
1970-1979	59	0.00986	0.00981	0.5	86454	848	86030	1902157	22.00
1970-1979	60	0.01068	0.01062	0.5	85607	909	85152	1816126	21.21
1970-1979	61	0.01115	0.01109	0.5	84697	939	84228	1730974	20.44
1970-1979	62	0.01298	0.01289	0.5	83758	1080	83218	1646747	19.66
1970-1979	63	0.01356	0.01347	0.5	82678	1114	82121	1563529	18.91
1970-1979	64	0.01475	0.01464	0.5	81564	1194	80967	1481407	18.16
1970-1979	65	0.01602	0.01589	0.5	80370	1277	79732	1400440	17.42
1970-1979	66	0.01685	0.01671	0.5	79093	1322	78432	1320708	16.70
1970-1979	67	0.01851	0.01834	0.5	77771	1426	77058	1242276	15.97
1970-1979	68	0.02016	0.01996	0.5	76345	1524	75583	1165218	15.26
1970-1979	69	0.02234	0.02209	0.5	74821	1653	73995	1089635	14.56
1970-1979	70	0.02541	0.02510	0.5	73168	1836	72250	1015640	13.88
1970-1979	71	0.02656	0.02621	0.5	71332	1869	70398	943389	13.23
1970-1979	72	0.03100	0.03053	0.5	69463	2121	68402	872992	12.57
1970-1979	73	0.03342	0.03288	0.5	67342	2214	66235	804589	11.95
1970-1979	74	0.03679	0.03613	0.5	65128	2353	63952	738354	11.34
1970-1979	75	0.04046	0.03966	0.5	62775	2490	61530	674402	10.74
1970-1979	76	0.04461	0.04364	0.5	60285	2631	58970	612872	10.17
1970-1979	77	0.04849	0.04734	0.5	57655	2729	56290	553902	9.61
1970-1979	78	0.05497	0.05350	0.5	54925	2938	53456	497612	9.06
1970-1979	79	0.06026	0.05850	0.5	51987	3041	50466	444156	8.54
1970-1979	80	0.06867	0.06639	0.5	48946	3250	47321	393690	8.04
1970-1979	81	0.07268	0.07013	0.5	45696	3205	44094	346369	7.58
1970-1979	82	0.08285	0.07956	0.5	42491	3380	40801	302275	7.11
1970-1979	83	0.09213	0.08807	0.5	39111	3445	37389	261474	6.69
1970-1979	84	0.10566	0.10036	0.5	35666	3580	33877	224085	6.28
1970-1979	85	0.11205	0.10610	0.5	32087	3405	30385	190209	5.93
1970-1979	86	0.12552	0.11811	0.5	28682	3388	26989	159824	5.57
1970-1979	87	0.13686	0.12810	0.5	25295	3240	23675	132836	5.25
1970-1979	88	0.14781	0.13764	0.5	22055	3036	20537	109161	4.95
1970-1979	89	0.16154	0.14947	0.5	19019	2843	17598	88624	4.66
1970-1979	90	0.17627	0.16200	0.5	16176	2621	14866	71027	4.39
1970-1979	91	0.18795	0.17180	0.5	13556	2329	12391	56161	4.14
1970-1979	92	0.20441	0.18545	0.5	11227	2082	10186	43769	3.90
1970-1979	93	0.22344	0.20098	0.5	9145	1838	8226	33583	3.67
1970-1979	94	0.24257	0.21633	0.5	7307	1581	6517	25358	3.47
1970-1979	95	0.25452	0.22578	0.5	5726	1293	5080	18841	3.29
1970-1979	96	0.27404	0.24102	0.5	4433	1068	3899	13761	3.10
1970-1979	97	0.29447	0.25668	0.5	3365	864	2933	9862	2.93
1970-1979	98	0.31575	0.27270	0.5	2501	682	2160	6929	2.77
1970-1979	99	0.33784	0.28902	0.5	1819	526	1556	4769	2.62
1970-1979	100	0.36066	0.30556	0.5	1293	395	1096	3213	2.48
1970-1979	101	0.38413	0.32224	0.5	898	289	753	2117	2.36
1970-1979	102	0.40815	0.33898	0.5	609	206	506	1364	2.24
1970-1979	103	0.43262	0.35568	0.5	402	143	331	858	2.13
1970-1979	104	0.45742	0.37228	0.5	259	97	211	528	2.03
1970-1979	105	0.48243	0.38868	0.5	163	63	131	317	1.95
1970-1979	106	0.50753	0.40481	0.5	99	40	79	185	1.86
1970-1979	107	0.53260	0.42059	0.5	59	25	47	106	1.79
1970-1979	108	0.55750	0.43597	0.5	34	15	27	59	1.73
1970-1979	109	0.58211	0.45088	0.5	19	9	15	33	1.68
1970-1979	110+	0.60632	1.00000	1.65	11	11	18	18	1.65
1980-1989	0	0.01121	0.01110	0.08	100000	1110	98984	7738092	77.38
1980-1989	1	0.00083	0.00083	0.5	98890	82	98849	7639108	77.25
1980-1989	2	0.00054	0.00054	0.5	98808	53	98782	7540259	76.31
1980-1989	3	0.00038	0.00038	0.5	98755	38	98736	7441478	75.35
1980-1989	4	0.00029	0.00029	0.5	98717	29	98703	7342741	74.38
1980-1989	5	0.00027	0.00027	0.5	98688	26	98675	7244039	73.40
1980-1989	6	0.00027	0.00027	0.5	98662	27	98648	7145364	72.42
1980-1989	7	0.00023	0.00023	0.5	98635	23	98624	7046715	71.44
1980-1989	8	0.00023	0.00023	0.5	98612	23	98601	6948092	70.46
1980-1989	9	0.00021	0.00021	0.5	98589	20	98579	6849491	69.47
1980-1989	10	0.00020	0.00020	0.5	98569	20	98559	6750912	68.49
1980-1989	11	0.00021	0.00021	0.5	98549	21	98539	6652353	67.50
1980-1989	12	0.00023	0.00023	0.5	98528	22	98517	6553814	66.52
1980-1989	13	0.00025	0.00025	0.5	98506	25	98494	6455297	65.53
1980-1989	14	0.00030	0.00030	0.5	98481	29	98467	6356803	64.55
1980-1989	15	0.00038	0.00038	0.5	98452	37	98433	6258337	63.57
1980-1989	16	0.00052	0.00052	0.5	98415	51	98389	6159903	62.59
1980-1989	17	0.00057	0.00057	0.5	98363	56	98335	6061514	61.62
1980-1989	18	0.00065	0.00065	0.5	98308	64	98275	5963179	60.66
1980-1989	19	0.00061	0.00061	0.5	98243	60	98214	5864903	59.70
1980-1989	20	0.00056	0.00056	0.5	98184	55	98156	5766690	58.73
1980-1989	21	0.00057	0.00057	0.5	98129	56	98101	5668533	57.77
1980-1989	22	0.00060	0.00060	0.5	98073	59	98044	5570432	56.80
1980-1989	23	0.00064	0.00064	0.5	98014	63	97983	5472388	55.83
1980-1989	24	0.00063	0.00063	0.5	97952	62	97921	5374405	54.87
1980-1989	25	0.00063	0.00063	0.5	97890	62	97859	5276485	53.90
1980-1989	26	0.00064	0.00064	0.5	97828	63	97797	5178626	52.94
1980-1989	27	0.00074	0.00074	0.5	97765	73	97729	5080829	51.97
1980-1989	28	0.00076	0.00076	0.5	97692	74	97655	4983100	51.01
1980-1989	29	0.00074	0.00074	0.5	97618	72	97582	4885445	50.05
1980-1989	30	0.00080	0.00080	0.5	97546	78	97506	4787863	49.08
1980-1989	31	0.00086	0.00086	0.5	97467	83	97425	4690357	48.12
1980-1989	32	0.00093	0.00093	0.5	97384	90	97339	4592932	47.16
1980-1989	33	0.00096	0.00096	0.5	97294	93	97247	4495593	46.21
1980-1989	34	0.00101	0.00101	0.5	97200	98	97151	4398346	45.25
1980-1989	35	0.00107	0.00106	0.5	97102	103	97050	4301195	44.30
1980-1989	36	0.00124	0.00124	0.5	96999	120	96938	4204145	43.34
1980-1989	37	0.00130	0.00130	0.5	96878	126	96815	4107206	42.40
1980-1989	38	0.00151	0.00151	0.5	96752	146	96679	4010391	41.45
1980-1989	39	0.00147	0.00147	0.5	96606	142	96535	3913712	40.51
1980-1989	40	0.00168	0.00168	0.5	96464	162	96383	3817176	39.57
1980-1989	41	0.00177	0.00177	0.5	96302	170	96217	3720793	38.64
1980-1989	42	0.00199	0.00199	0.5	96132	191	96037	3624576	37.70
1980-1989	43	0.00212	0.00212	0.5	95941	204	95839	3528540	36.78
1980-1989	44	0.00237	0.00237	0.5	95737	227	95624	3432700	35.86
1980-1989	45	0.00269	0.00269	0.5	95511	257	95382	3337076	34.94
1980-1989	46	0.00284	0.00284	0.5	95254	270	95119	3241694	34.03
1980-1989	47	0.00311	0.00311	0.5	94984	295	94836	3146575	33.13
1980-1989	48	0.00371	0.00370	0.5	94689	351	94514	3051739	32.23
1980-1989	49	0.00366	0.00365	0.5	94338	345	94166	2957225	31.35
1980-1989	50	0.00424	0.00423	0.5	93993	398	93795	2863059	30.46
1980-1989	51	0.00471	0.00470	0.5	93596	440	93376	2769265	29.59
1980-1989	52	0.00516	0.00514	0.5	93156	479	92916	2675889	28.72
1980-1989	53	0.00553	0.00552	0.5	92677	511	92421	2582973	27.87
1980-1989	54	0.00617	0.00615	0.5	92165	566	91882	2490552	27.02
1980-1989	55	0.00656	0.00654	0.5	91599	599	91300	2398669	26.19
1980-1989	56	0.00726	0.00724	0.5	91000	659	90671	2307370	25.36
1980-1989	57	0.00778	0.00775	0.5	90341	700	89992	2216699	24.54
1980-1989	58	0.00875	0.00871	0.5	89642	781	89251	2126707	23.72
1980-1989	59	0.00887	0.00883	0.5	88861	784	88469	2037456	22.93
1980-1989	60	0.01002	0.00997	0.5	88077	878	87637	1948987	22.13
1980-1989	61	0.01098	0.01092	0.5	87198	952	86722	1861350	21.35
1980-1989	62	0.01223	0.01215	0.5	86246	1048	85722	1774628	20.58
1980-1989	63	0.01279	0.01271	0.5	85198	1082	84657	1688906	19.82
1980-1989	64	0.01364	0.01354	0.5	84115	1139	83546	1604249	19.07
1980-1989	65	0.01535	0.01524	0.5	82976	1264	82344	1520703	18.33
1980-1989	66	0.01601	0.01589	0.5	81712	1298	81063	1438359	17.60
1980-1989	67	0.01691	0.01677	0.5	80414	1348	79740	1357296	16.88
1980-1989	68	0.01874	0.01857	0.5	79065	1468	78331	1277557	16.16
1980-1989	69	0.02015	0.01995	0.5	77597	1548	76823	1199225	15.45
1980-1989	70	0.02217	0.02193	0.5	76049	1667	75215	1122402	14.76
1980-1989	71	0.02372	0.02344	0.5	74382	1744	73510	1047187	14.08
1980-1989	72	0.02691	0.02656	0.5	72638	1929	71674	973677	13.40
1980-1989	73	0.02969	0.02925	0.5	70709	2068	69675	902003	12.76
1980-1989	74	0.03167	0.03117	0.5	68641	2140	67571	832328	12.13
1980-1989	75	0.03560	0.03498	0.5	66501	2326	65338	764757	11.50
1980-1989	76	0.03886	0.03812	0.5	64175	2446	62952	699419	10.90
1980-1989	77	0.04189	0.04103	0.5	61729	2533	60463	636467	10.31
1980-1989	78	0.04765	0.04655	0.5	59196	2755	57819	576005	9.73
1980-1989	79	0.04950	0.04830	0.5	56441	2726	55078	518186	9.18
1980-1989	80	0.05908	0.05738	0.5	53715	3082	52174	463108	8.62
1980-1989	81	0.06512	0.06307	0.5	50633	3193	49036	410935	8.12
1980-1989	82	0.07299	0.07042	0.5	47439	3340	45769	361899	7.63
1980-1989	83	0.08119	0.07803	0.5	44099	3441	42378	316130	7.17
1980-1989	84	0.08975	0.08590	0.5	40658	3492	38912	273752	6.73
1980-1989	85	0.09857	0.09394	0.5	37165	3491	35420	234840	6.32
1980-1989	86	0.11046	0.10468	0.5	33674	3525	31912	199420	5.92
1980-1989	87	0.12264	0.11555	0.5	30149	3484	28407	167509	5.56
1980-1989	88	0.13276	0.12449	0.5	26665	3320	25005	139102	5.22
1980-1989	89	0.14567	0.13578	0.5	23346	3170	21761	114096	4.89
1980-1989	90	0.16286	0.15060	0.5	20176	3038	18657	92335	4.58
1980-1989	91	0.17544	0.16129	0.5	17137	2764	15755	73679	4.30
1980-1989	92	0.19422	0.17703	0.5	14373	2544	13101	57924	4.03
1980-1989	93	0.20971	0.18981	0.5	11829	2245	10706	44823	3.79
1980-1989	94	0.23027	0.20650	0.5	9584	1979	8594	34116	3.56
1980-1989	95	0.24488	0.21816	0.5	7605	1659	6775	25522	3.36
1980-1989	96	0.26544	0.23434	0.5	5946	1393	5249	18747	3.15
1980-1989	97	0.28709	0.25105	0.5	4552	1143	3981	13498	2.97
1980-1989	98	0.30975	0.26821	0.5	3409	914	2952	9517	2.79
1980-1989	99	0.33336	0.28573	0.5	2495	713	2139	6565	2.63
1980-1989	100	0.35784	0.30353	0.5	1782	541	1512	4427	2.48
1980-1989	101	0.38308	0.32150	0.5	1241	399	1042	2915	2.35
1980-1989	102	0.40897	0.33954	0.5	842	286	699	1873	2.22
1980-1989	103	0.43538	0.35755	0.5	556	199	457	1174	2.11
1980-1989	104	0.46216	0.37541	0.5	357	134	290	717	2.01
1980-1989	105	0.48916	0.39303	0.5	223	88	179	427	1.91
1980-1989	106	0.51622	0.41031	0.5	135	56	108	248	1.83
1980-1989	107	0.54318	0.42717	0.5	80	34	63	140	1.75
1980-1989	108	0.56990	0.44352	0.5	46	20	36	77	1.69
1980-1989	109	0.59622	0.45930	0.5	25	12	20	42	1.64
1980-1989	110+	0.62199	1.00000	1.61	14	14	22	22	1.61
1990-1999	0	0.00876	0.00869	0.08	100000	869	99198	7776384	77.76
1990-1999	1	0.00074	0.00074	0.5	99131	74	99094	7677186	77.44
1990-1999	2	0.00047	0.00047	0.5	99057	46	99034	7578091	76.50
1990-1999	3	0.00035	0.00035	0.5	99011	35	98994	7479057	75.54
1990-1999	4	0.00028	0.00028	0.5	98976	28	98963	7380063	74.56
1990-1999	5	0.00023	0.00023	0.5	98949	23	98938	7281101	73.58
1990-1999	6	0.00022	0.00022	0.5	98926	22	98915	7182163	72.60
1990-1999	7	0.00021	0.00021	0.5	98904	21	98894	7083248	71.62
1990-1999	8	0.00020	0.00020	0.5	98883	20	98874	6984354	70.63
1990-1999	9	0.00019	0.00019	0.5	98864	19	98854	6885480	69.65
1990-1999	10	0.00018	0.00018	0.5	98845	18	98836	6786626	68.66
1990-1999	11	0.00018	0.00018	0.5	98827	17	98818	6687790	67.67
1990-1999	12	0.00020	0.00020	0.5	98810	20	98800	6588972	66.68
1990-1999	13	0.00025	0.00025	0.5	98790	25	98777	6490172	65.70
1990-1999	14	0.00031	0.00031	0.5	98765	31	98750	6391394	64.71
1990-1999	15	0.00036	0.00036	0.5	98734	36	98716	6292645	63.73
1990-1999	16	0.00059	0.00059	0.5	98698	58	98669	6193928	62.76
1990-1999	17	0.00066	0.00066	0.5	98640	66	98608	6095259	61.79
1990-1999	18	0.00061	0.00061	0.5	98575	60	98545	5996652	60.83
1990-1999	19	0.00060	0.00060	0.5	98514	59	98485	5898107	59.87
1990-1999	20	0.00057	0.00057	0.5	98455	56	98427	5799622	58.91
1990-1999	21	0.00062	0.00062	0.5	98399	61	98368	5701195	57.94
1990-1999	22	0.00068	0.00067	0.5	98338	66	98305	5602827	56.98
1990-1999	23	0.00064	0.00064	0.5	98272	63	98240	5504522	56.01
1990-1999	24	0.00064	0.00064	0.5	98208	63	98177	5406282	55.05
1990-1999	25	0.00072	0.00072	0.5	98146	70	98111	5308105	54.08
1990-1999	26	0.00073	0.00073	0.5	98075	72	98040	5209994	53.12
1990-1999	27	0.00079	0.00079	0.5	98004	78	97965	5111955	52.16
1990-1999	28	0.00078	0.00078	0.5	97926	76	97888	5013990	51.20
1990-1999	29	0.00088	0.00088	0.5	97850	86	97807	4916102	50.24
1990-1999	30	0.00089	0.00089	0.5	97764	87	97721	4818295	49.28
1990-1999	31	0.00099	0.00099	0.5	97677	96	97629	4720574	48.33
1990-1999	32	0.00100	0.00100	0.5	97581	98	97532	4622945	47.38
1990-1999	33	0.00113	0.00112	0.5	97483	110	97428	4525413	46.42
1990-1999	34	0.00115	0.00115	0.5	97373	112	97317	4427985	45.47
1990-1999	35	0.00116	0.00116	0.5	97262	113	97205	4330668	44.53
1990-1999	36	0.00133	0.00133	0.5	97148	129	97084	4233463	43.58
1990-1999	37	0.00140	0.00140	0.5	97019	136	96951	4136379	42.63
1990-1999	38	0.00163	0.00163	0.5	96883	158	96804	4039428	41.69
1990-1999	39	0.00158	0.00157	0.5	96725	152	96649	3942624	40.76
1990-1999	40	0.00170	0.00169	0.5	96573	164	96491	3845975	39.82
1990-1999	41	0.00181	0.00181	0.5	96409	175	96322	3749484	38.89
1990-1999	42	0.00201	0.00200	0.5	96235	193	96138	3653162	37.96
1990-1999	43	0.00219	0.00219	0.5	96042	210	95937	3557023	37.04
1990-1999	44	0.00226	0.00226	0.5	95831	217	95723	3461087	36.12
1990-1999	45	0.00250	0.00250	0.5	95615	239	95495	3365363	35.20
1990-1999	46	0.00276	0.00275	0.5	95376	263	95244	3269868	34.28
1990-1999	47	0.00304	0.00304	0.5	95113	289	94969	3174624	33.38
1990-1999	48	0.00345	0.00345	0.5	94824	327	94661	3079655	32.48
1990-1999	49	0.00367	0.00366	0.5	94497	346	94324	2984994	31.59
1990-1999	50	0.00381	0.00380	0.5	94151	358	93972	2890670	30.70
1990-1999	51	0.00431	0.00430	0.5	93794	403	93592	2796697	29.82
1990-1999	52	0.00485	0.00484	0.5	93390	452	93164	2703105	28.94
1990-1999	53	0.00517	0.00516	0.5	92939	479	92699	2609941	28.08
1990-1999	54	0.00556	0.00554	0.5	92459	512	92203	2517242	27.23
1990-1999	55	0.00616	0.00614	0.5	91947	565	91665	2425039	26.37
1990-1999	56	0.00702	0.00699	0.5	91382	639	91062	2333374	25.53
1990-1999	57	0.00733	0.00731	0.5	90743	663	90411	2242312	24.71
1990-1999	58	0.00825	0.00821	0.5	90080	740	89710	2151901	23.89
1990-1999	59	0.00894	0.00890	0.5	89340	795	88942	2062191	23.08
1990-1999	60	0.00958	0.00953	0.5	88544	844	88123	1973249	22.29
1990-1999	61	0.01083	0.01077	0.5	87701	945	87228	1885126	21.49
1990-1999	62	0.01191	0.01184	0.5	86756	1027	86242	1797898	20.72
1990-1999	63	0.01280	0.01272	0.5	85729	1090	85184	1711656	19.97
1990-1999	64	0.01353	0.01344	0.5	84639	1137	84070	1626472	19.22
1990-1999	65	0.01489	0.01478	0.5	83501	1235	82884	1542402	18.47
1990-1999	66	0.01634	0.01621	0.5	82267	1333	81600	1459518	17.74
1990-1999	67	0.01723	0.01708	0.5	80934	1383	80242	1377917	17.03
1990-1999	68	0.01880	0.01862	0.5	79551	1482	78810	1297675	16.31
1990-1999	69	0.02049	0.02028	0.5	78069	1583	77278	1218865	15.61
1990-1999	70	0.02199	0.02175	0.5	76486	1664	75654	1141587	14.93
1990-1999	71	0.02460	0.02430	0.5	74823	1818	73913	1065932	14.25
1990-1999	72	0.02705	0.02669	0.5	73004	1949	72030	992019	13.59
1990-1999	73	0.02918	0.02876	0.5	71056	2043	70034	919989	12.95
1990-1999	74	0.03162	0.03113	0.5	69012	2148	67938	849955	12.32
1990-1999	75	0.03390	0.03334	0.5	66864	2229	65749	782017	11.70
1990-1999	76	0.03788	0.03717	0.5	64635	2403	63433	716268	11.08
1990-1999	77	0.04062	0.03981	0.5	62232	2478	60993	652834	10.49
1990-1999	78	0.04524	0.04424	0.5	59754	2644	58433	591841	9.90
1990-1999	79	0.04992	0.04870	0.5	57111	2781	55720	533409	9.34
1990-1999	80	0.05653	0.05498	0.5	54329	2987	52836	477689	8.79
1990-1999	81	0.06256	0.06066	0.5	51342	3114	49785	424853	8.27
1990-1999	82	0.06920	0.06689	0.5	48228	3226	46615	375068	7.78
1990-1999	83	0.07719	0.07432	0.5	45002	3345	43330	328453	7.30
1990-1999	84	0.08523	0.08175	0.5	41657	3405	39955	285123	6.84
1990-1999	85	0.09384	0.08963	0.5	38252	3429	36538	245169	6.41
1990-1999	86	0.10585	0.10053	0.5	34823	3501	33073	208631	5.99
1990-1999	87	0.11615	0.10977	0.5	31323	3438	29603	175558	5.60
1990-1999	88	0.13125	0.12317	0.5	27884	3434	26167	145955	5.23
1990-1999	89	0.14151	0.13216	0.5	24450	3231	22834	119788	4.90
1990-1999	90	0.15817	0.14658	0.5	21219	3110	19663	96954	4.57
1990-1999	91	0.17476	0.16071	0.5	18108	2910	16653	77290	4.27
1990-1999	92	0.19162	0.17487	0.5	15198	2658	13869	60637	3.99
1990-1999	93	0.21502	0.19415	0.5	12540	2435	11323	46768	3.73
1990-1999	94	0.23083	0.20694	0.5	10106	2091	9060	35445	3.51
1990-1999	95	0.24858	0.22110	0.5	8014	1772	7128	26384	3.29
1990-1999	96	0.27055	0.23831	0.5	6242	1488	5499	19256	3.08
1990-1999	97	0.29371	0.25610	0.5	4755	1218	4146	13757	2.89
1990-1999	98	0.31798	0.27436	0.5	3537	970	3052	9611	2.72
1990-1999	99	0.34329	0.29300	0.5	2567	752	2191	6560	2.56
1990-1999	100	0.36952	0.31189	0.5	1815	566	1532	4369	2.41
1990-1999	101	0.39654	0.33093	0.5	1249	413	1042	2837	2.27
1990-1999	102	0.42421	0.34998	0.5	835	292	689	1795	2.15
1990-1999	103	0.45236	0.36892	0.5	543	200	443	1106	2.04
1990-1999	104	0.48082	0.38763	0.5	343	133	276	663	1.93
1990-1999	105	0.50940	0.40600	0.5	210	85	167	387	1.84
1990-1999	106	0.53793	0.42391	0.5	125	53	98	219	1.76
1990-1999	107	0.56621	0.44128	0.5	72	32	56	121	1.69
1990-1999	108	0.59406	0.45802	0.5	40	18	31	65	1.62
1990-1999	109	0.62132	0.47405	0.5	22	10	17	34	1.57
1990-1999	110+	0.64784	1.00000	1.54	11	11	18	18	1.54
2000-2009	0	0.00785	0.00779	0.07	100000	779	99279	7787282	77.87
2000-2009	1	0.00056	0.00056	0.5	99221	56	99193	7688003	77.48
2000-2009	2	0.00037	0.00037	0.5	99165	37	99146	7588810	76.53
2000-2009	3	0.00025	0.00025	0.5	99128	25	99115	7489664	75.56
2000-2009	4	0.00021	0.00021	0.5	99103	20	99093	7390548	74.57
2000-2009	5	0.00017	0.00017	0.5	99082	17	99074	7291456	73.59
2000-2009	6	0.00015	0.00015	0.5	99065	15	99058	7192382	72.60
2000-2009	7	0.00016	0.00016	0.5	99050	16	99042	7093324	71.61
2000-2009	8	0.00014	0.00014	0.5	99034	14	99027	6994282	70.63
2000-2009	9	0.00014	0.00014	0.5	99020	14	99013	6895255	69.64
2000-2009	10	0.00014	0.00014	0.5	99006	14	98999	6796242	68.64
2000-2009	11	0.00016	0.00016	0.5	98992	16	98984	6697243	67.65
2000-2009	12	0.00016	0.00016	0.5	98976	16	98968	6598259	66.67
2000-2009	13	0.00021	0.00021	0.5	98960	20	98950	6499291	65.68
2000-2009	14	0.00025	0.00025	0.5	98940	25	98927	6400341	64.69
2000-2009	15	0.00030	0.00030	0.5	98915	30	98900	6301414	63.71
2000-2009	16	0.00046	0.00045	0.5	98885	45	98863	6202514	62.72
2000-2009	17	0.00054	0.00054	0.5	98840	53	98813	6103651	61.75
2000-2009	18	0.00061	0.00061	0.5	98787	61	98756	6004837	60.79
2000-2009	19	0.00059	0.00059	0.5	98726	58	98697	5906081	59.82
2000-2009	20	0.00063	0.00063	0.5	98668	62	98637	5807384	58.86
2000-2009	21	0.00065	0.00065	0.5	98605	64	98574	5708748	57.89
2000-2009	22	0.00069	0.00069	0.5	98542	68	98508	5610174	56.93
2000-2009	23	0.00070	0.00070	0.5	98474	69	98440	5511666	55.97
2000-2009	24	0.00068	0.00068	0.5	98405	67	98372	5413227	55.01
2000-2009	25	0.00069	0.00069	0.5	98339	68	98305	5314855	54.05
2000-2009	26	0.00078	0.00078	0.5	98271	77	98232	5216550	53.08
2000-2009	27	0.00082	0.00082	0.5	98194	81	98154	5118317	52.12
2000-2009	28	0.00090	0.00090	0.5	98113	88	98069	5020164	51.17
2000-2009	29	0.00096	0.00096	0.5	98025	94	97978	4922094	50.21
2000-2009	30	0.00099	0.00099	0.5	97931	97	97883	4824116	49.26
2000-2009	31	0.00102	0.00102	0.5	97835	100	97785	4726233	48.31
2000-2009	32	0.00107	0.00107	0.5	97735	104	97683	4628448	47.36
2000-2009	33	0.00114	0.00114	0.5	97631	111	97575	4530765	46.41
2000-2009	34	0.00122	0.00122	0.5	97520	119	97460	4433190	45.46
2000-2009	35	0.00135	0.00135	0.5	97401	132	97335	4335730	44.51
2000-2009	36	0.00141	0.00141	0.5	97269	137	97200	4238395	43.57
2000-2009	37	0.00156	0.00156	0.5	97132	152	97056	4141195	42.63
2000-2009	38	0.00170	0.00170	0.5	96980	165	96897	4044139	41.70
2000-2009	39	0.00189	0.00189	0.5	96815	183	96724	3947241	40.77
2000-2009	40	0.00200	0.00199	0.5	96632	193	96536	3850518	39.85
2000-2009	41	0.00217	0.00217	0.5	96440	209	96335	3753981	38.93
2000-2009	42	0.00234	0.00233	0.5	96231	225	96119	3657646	38.01
2000-2009	43	0.00264	0.00264	0.5	96006	253	95880	3561528	37.10
2000-2009	44	0.00286	0.00285	0.5	95753	273	95616	3465648	36.19
2000-2009	45	0.00302	0.00302	0.5	95480	288	95336	3370032	35.30
2000-2009	46	0.00324	0.00324	0.5	95192	308	95037	3274696	34.40
2000-2009	47	0.00339	0.00338	0.5	94883	321	94723	3179659	33.51
2000-2009	48	0.00363	0.00363	0.5	94562	343	94391	3084936	32.62
2000-2009	49	0.00398	0.00397	0.5	94219	374	94032	2990545	31.74
2000-2009	50	0.00414	0.00413	0.5	93845	388	93651	2896513	30.86
2000-2009	51	0.00466	0.00465	0.5	93458	435	93240	2802861	29.99
2000-2009	52	0.00483	0.00482	0.5	93023	448	92799	2709621	29.13
2000-2009	53	0.00513	0.00512	0.5	92575	474	92338	2616822	28.27
2000-2009	54	0.00564	0.00562	0.5	92101	518	91842	2524485	27.41
2000-2009	55	0.00600	0.00598	0.5	91583	548	91309	2432643	26.56
2000-2009	56	0.00653	0.00651	0.5	91035	592	90739	2341334	25.72
2000-2009	57	0.00704	0.00702	0.5	90442	635	90125	2250596	24.88
2000-2009	58	0.00764	0.00761	0.5	89807	683	89466	2160471	24.06
2000-2009	59	0.00841	0.00838	0.5	89124	746	88751	2071005	23.24
2000-2009	60	0.00924	0.00920	0.5	88378	813	87971	1982254	22.43
2000-2009	61	0.00991	0.00986	0.5	87565	864	87133	1894282	21.63
2000-2009	62	0.01082	0.01077	0.5	86701	933	86234	1807149	20.84
2000-2009	63	0.01199	0.01192	0.5	85768	1022	85256	1720915	20.06
2000-2009	64	0.01288	0.01280	0.5	84745	1085	84203	1635659	19.30
2000-2009	65	0.01396	0.01387	0.5	83660	1160	83080	1551456	18.54
2000-2009	66	0.01525	0.01513	0.5	82500	1249	81876	1468376	17.80
2000-2009	67	0.01649	0.01635	0.5	81252	1329	80587	1386500	17.06
2000-2009	68	0.01798	0.01782	0.5	79923	1424	79211	1305913	16.34
2000-2009	69	0.01960	0.01941	0.5	78499	1524	77737	1226701	15.63
2000-2009	70	0.02121	0.02099	0.5	76975	1615	76168	1148964	14.93
2000-2009	71	0.02298	0.02272	0.5	75360	1712	74504	1072797	14.24
2000-2009	72	0.02530	0.02498	0.5	73648	1840	72728	998293	13.55
2000-2009	73	0.02795	0.02757	0.5	71808	1979	70818	925565	12.89
2000-2009	74	0.03037	0.02992	0.5	69829	2089	68784	854747	12.24
2000-2009	75	0.03356	0.03300	0.5	67739	2236	66621	785963	11.60
2000-2009	76	0.03674	0.03608	0.5	65504	2363	64322	719341	10.98
2000-2009	77	0.04069	0.03988	0.5	63140	2518	61881	655019	10.37
2000-2009	78	0.04477	0.04379	0.5	60622	2655	59295	593138	9.78
2000-2009	79	0.04926	0.04808	0.5	57968	2787	56574	533843	9.21
2000-2009	80	0.05540	0.05391	0.5	55181	2975	53693	477269	8.65
2000-2009	81	0.06152	0.05968	0.5	52206	3116	50648	423576	8.11
2000-2009	82	0.06941	0.06708	0.5	49090	3293	47444	372928	7.60
2000-2009	83	0.07697	0.07412	0.5	45797	3394	44100	325484	7.11
2000-2009	84	0.08592	0.08238	0.5	42403	3493	40656	281384	6.64
2000-2009	85	0.09624	0.09182	0.5	38910	3573	37124	240727	6.19
2000-2009	86	0.10839	0.10282	0.5	35337	3633	33521	203604	5.76
2000-2009	87	0.11907	0.11238	0.5	31704	3563	29922	170083	5.36
2000-2009	88	0.13589	0.12724	0.5	28141	3581	26351	140161	4.98
2000-2009	89	0.15157	0.14089	0.5	24560	3460	22830	113810	4.63
2000-2009	90	0.16843	0.15534	0.5	21100	3278	19461	90980	4.31
2000-2009	91	0.18239	0.16715	0.5	17822	2979	16333	71519	4.01
2000-2009	92	0.20919	0.18938	0.5	14843	2811	13438	55186	3.72
2000-2009	93	0.22942	0.20581	0.5	12032	2476	10794	41749	3.47
2000-2009	94	0.25319	0.22474	0.5	9556	2148	8482	30955	3.24
2000-2009	95	0.27243	0.23977	0.5	7408	1776	6520	22473	3.03
2000-2009	96	0.29781	0.25922	0.5	5632	1460	4902	15953	2.83
2000-2009	97	0.32451	0.27921	0.5	4172	1165	3590	11051	2.65
2000-2009	98	0.35240	0.29961	0.5	3007	901	2557	7461	2.48
2000-2009	99	0.38133	0.32027	0.5	2106	675	1769	4904	2.33
2000-2009	100	0.41113	0.34103	0.5	1432	488	1188	3135	2.19
2000-2009	101	0.44159	0.36173	0.5	943	341	773	1948	2.06
2000-2009	102	0.47251	0.38221	0.5	602	230	487	1175	1.95
2000-2009	103	0.50363	0.40232	0.5	372	150	297	688	1.85
2000-2009	104	0.53472	0.42192	0.5	222	94	175	391	1.76
2000-2009	105	0.56555	0.44088	0.5	129	57	100	215	1.68
2000-2009	106	0.59588	0.45910	0.5	72	33	55	115	1.60
2000-2009	107	0.62550	0.47648	0.5	39	19	30	60	1.54
2000-2009	108	0.65420	0.49295	0.5	20	10	15	30	1.48
2000-2009	109	0.68182	0.50848	0.5	10	5	8	15	1.44
2000-2009	110+	0.70822	1.00000	1.41	5	5	7	7	1.41
2010-2019	0	0.00683	0.00679	0.07	100000	679	99370	7835140	78.35
2010-2019	1	0.00048	0.00048	0.5	99321	47	99297	7735770	77.89
2010-2019	2	0.00034	0.00034	0.5	99274	34	99257	7636473	76.92
2010-2019	3	0.00023	0.00023	0.5	99240	23	99228	7537216	75.95
2010-2019	4	0.00017	0.00017	0.5	99217	16	99208	7437988	74.97
2010-2019	5	0.00016	0.00016	0.5	99200	16	99192	7338779	73.98
2010-2019	6	0.00013	0.00013	0.5	99184	13	99178	7239587	72.99
2010-2019	7	0.00014	0.00014	0.5	99171	14	99164	7140410	72.00
2010-2019	8	0.00014	0.00014	0.5	99157	13	99150	7041246	71.01
2010-2019	9	0.00017	0.00017	0.5	99144	17	99135	6942095	70.02
2010-2019	10	0.00011	0.00011	0.5	99127	11	99121	6842960	69.03
2010-2019	11	0.00013	0.00013	0.5	99116	13	99109	6743839	68.04
2010-2019	12	0.00017	0.00017	0.5	99103	17	99094	6644730	67.05
2010-2019	13	0.00017	0.00017	0.5	99085	17	99077	6545636	66.06
2010-2019	14	0.00019	0.00019	0.5	99069	19	99059	6446559	65.07
2010-2019	15	0.00023	0.00023	0.5	99049	22	99038	6347500	64.08
2010-2019	16	0.00031	0.00031	0.5	99027	31	99012	6248461	63.10
2010-2019	17	0.00038	0.00038	0.5	98996	38	98978	6149450	62.12
2010-2019	18	0.00046	0.00046	0.5	98959	46	98936	6050472	61.14
2010-2019	19	0.00051	0.00051	0.5	98913	50	98888	5951536	60.17
2010-2019	20	0.00057	0.00057	0.5	98863	56	98834	5852648	59.20
2010-2019	21	0.00058	0.00058	0.5	98806	57	98778	5753814	58.23
2010-2019	22	0.00061	0.00061	0.5	98749	60	98719	5655036	57.27
2010-2019	23	0.00069	0.00069	0.5	98689	69	98654	5556317	56.30
2010-2019	24	0.00065	0.00065	0.5	98620	65	98588	5457663	55.34
2010-2019	25	0.00075	0.00075	0.5	98556	74	98519	5359075	54.38
2010-2019	26	0.00081	0.00081	0.5	98482	80	98442	5260556	53.42
2010-2019	27	0.00087	0.00087	0.5	98402	85	98359	5162115	52.46
2010-2019	28	0.00097	0.00097	0.5	98316	95	98269	5063756	51.50
2010-2019	29	0.00105	0.00105	0.5	98221	103	98169	4965487	50.55
2010-2019	30	0.00115	0.00115	0.5	98118	113	98061	4867318	49.61
2010-2019	31	0.00120	0.00120	0.5	98005	118	97946	4769257	48.66
2010-2019	32	0.00130	0.00130	0.5	97887	127	97823	4671311	47.72
2010-2019	33	0.00139	0.00139	0.5	97760	136	97692	4573488	46.78
2010-2019	34	0.00140	0.00140	0.5	97624	137	97556	4475796	45.85
2010-2019	35	0.00159	0.00159	0.5	97487	155	97410	4378240	44.91
2010-2019	36	0.00159	0.00159	0.5	97333	154	97256	4280830	43.98
2010-2019	37	0.00176	0.00176	0.5	97178	171	97093	4183575	43.05
2010-2019	38	0.00188	0.00188	0.5	97007	183	96916	4086482	42.13
2010-2019	39	0.00202	0.00202	0.5	96824	196	96727	3989566	41.20
2010-2019	40	0.00200	0.00200	0.5	96629	193	96532	3892840	40.29
2010-2019	41	0.00223	0.00222	0.5	96436	214	96329	3796307	39.37
2010-2019	42	0.00245	0.00245	0.5	96222	236	96104	3699978	38.45
2010-2019	43	0.00261	0.00261	0.5	95986	250	95861	3603875	37.55
2010-2019	44	0.00286	0.00286	0.5	95736	274	95599	3508014	36.64
2010-2019	45	0.00312	0.00312	0.5	95462	298	95313	3412415	35.75
2010-2019	46	0.00330	0.00329	0.5	95164	313	95007	3317103	34.86
2010-2019	47	0.00372	0.00371	0.5	94851	352	94675	3222095	33.97
2010-2019	48	0.00393	0.00392	0.5	94499	371	94314	3127420	33.09
2010-2019	49	0.00419	0.00418	0.5	94128	394	93931	3033107	32.22
2010-2019	50	0.00468	0.00467	0.5	93734	438	93515	2939175	31.36
2010-2019	51	0.00505	0.00504	0.5	93297	470	93061	2845660	30.50
2010-2019	52	0.00540	0.00539	0.5	92826	500	92576	2752598	29.65
2010-2019	53	0.00585	0.00584	0.5	92326	539	92057	2660022	28.81
2010-2019	54	0.00630	0.00628	0.5	91787	577	91499	2567966	27.98
2010-2019	55	0.00671	0.00668	0.5	91211	610	90906	2476467	27.15
2010-2019	56	0.00732	0.00729	0.5	90601	661	90271	2385561	26.33
2010-2019	57	0.00775	0.00772	0.5	89940	694	89593	2295290	25.52
2010-2019	58	0.00802	0.00799	0.5	89246	713	88889	2205697	24.71
2010-2019	59	0.00849	0.00846	0.5	88533	749	88158	2116808	23.91
2010-2019	60	0.00920	0.00915	0.5	87784	803	87382	2028650	23.11
2010-2019	61	0.00985	0.00980	0.5	86980	852	86554	1941268	22.32
2010-2019	62	0.01059	0.01053	0.5	86128	907	85674	1854714	21.53
2010-2019	63	0.01126	0.01120	0.5	85221	954	84743	1769040	20.76
2010-2019	64	0.01231	0.01224	0.5	84266	1031	83751	1684296	19.99
2010-2019	65	0.01304	0.01295	0.5	83235	1078	82696	1600546	19.23
2010-2019	66	0.01388	0.01378	0.5	82157	1132	81591	1517850	18.48
2010-2019	67	0.01518	0.01507	0.5	81024	1221	80414	1436259	17.73
2010-2019	68	0.01653	0.01639	0.5	79804	1308	79149	1355845	16.99
2010-2019	69	0.01825	0.01809	0.5	78495	1420	77785	1276696	16.26
2010-2019	70	0.01975	0.01956	0.5	77076	1508	76322	1198910	15.55
2010-2019	71	0.02161	0.02138	0.5	75568	1616	74760	1122588	14.86
2010-2019	72	0.02357	0.02329	0.5	73952	1723	73091	1047828	14.17
2010-2019	73	0.02557	0.02524	0.5	72230	1823	71318	974737	13.49
2010-2019	74	0.02834	0.02795	0.5	70406	1968	69422	903419	12.83
2010-2019	75	0.03090	0.03043	0.5	68439	2083	67397	833997	12.19
2010-2019	76	0.03347	0.03292	0.5	66356	2185	65264	766600	11.55
2010-2019	77	0.03715	0.03648	0.5	64171	2341	63001	701336	10.93
2010-2019	78	0.04082	0.04000	0.5	61831	2473	60594	638335	10.32
2010-2019	79	0.04588	0.04485	0.5	59357	2662	58026	577741	9.73
2010-2019	80	0.05006	0.04884	0.5	56695	2769	55311	519715	9.17
2010-2019	81	0.05564	0.05413	0.5	53926	2919	52466	464405	8.61
2010-2019	82	0.06217	0.06030	0.5	51007	3076	49469	411938	8.08
2010-2019	83	0.06798	0.06574	0.5	47931	3151	46356	362469	7.56
2010-2019	84	0.07597	0.07319	0.5	44780	3278	43141	316113	7.06
2010-2019	85	0.08682	0.08321	0.5	41503	3454	39776	272972	6.58
2010-2019	86	0.09684	0.09236	0.5	38049	3514	36292	233196	6.13
2010-2019	87	0.10784	0.10233	0.5	34535	3534	32768	196905	5.70
2010-2019	88	0.12253	0.11546	0.5	31001	3579	29211	164137	5.29
2010-2019	89	0.13701	0.12823	0.5	27422	3516	25663	134926	4.92
2010-2019	90	0.15419	0.14315	0.5	23905	3422	22194	109262	4.57
2010-2019	91	0.17043	0.15705	0.5	20483	3217	18875	87068	4.25
2010-2019	92	0.18946	0.17306	0.5	17266	2988	15772	68193	3.95
2010-2019	93	0.21004	0.19008	0.5	14278	2714	12921	52421	3.67
2010-2019	94	0.23572	0.21087	0.5	11564	2439	10345	39499	3.42
2010-2019	95	0.25368	0.22512	0.5	9126	2054	8099	29154	3.19
2010-2019	96	0.27838	0.24436	0.5	7071	1728	6207	21056	2.98
2010-2019	97	0.30450	0.26426	0.5	5343	1412	4637	14849	2.78
2010-2019	98	0.33195	0.28469	0.5	3931	1119	3372	10211	2.60
2010-2019	99	0.36058	0.30550	0.5	2812	859	2383	6840	2.43
2010-2019	100	0.39025	0.32653	0.5	1953	638	1634	4457	2.28
2010-2019	101	0.42075	0.34762	0.5	1315	457	1087	2823	2.15
2010-2019	102	0.45187	0.36859	0.5	858	316	700	1736	2.02
2010-2019	103	0.48336	0.38928	0.5	542	211	436	1036	1.91
2010-2019	104	0.51500	0.40954	0.5	331	136	263	600	1.81
2010-2019	105	0.54651	0.42922	0.5	195	84	153	337	1.72
2010-2019	106	0.57765	0.44820	0.5	112	50	87	184	1.65
2010-2019	107	0.60819	0.46637	0.5	62	29	47	97	1.58
2010-2019	108	0.63790	0.48364	0.5	33	16	25	50	1.52
2010-2019	109	0.66660	0.49996	0.5	17	8	13	25	1.47
2010-2019	110+	0.69411	1.00000	1.44	8	8	12	12	1.44
