Div6: East South Central, Lifetables (period 1x5), Females Last modified: 20 Dec 2020, MPv5 (May07) 

Year     	Age	mx	qx	ax	lx	dx	Lx	Tx	ex
1960-1964	0	0.02836	0.02768	0.13	100000	2768	97598	7244206	72.44
1960-1964	1	0.00218	0.00218	0.5	97232	212	97126	7146608	73.50
1960-1964	2	0.00120	0.00120	0.5	97020	116	96962	7049482	72.66
1960-1964	3	0.00087	0.00087	0.5	96904	85	96861	6952520	71.75
1960-1964	4	0.00069	0.00069	0.5	96819	67	96786	6855659	70.81
1960-1964	5	0.00065	0.00065	0.5	96752	63	96721	6758874	69.86
1960-1964	6	0.00047	0.00047	0.5	96690	46	96667	6662153	68.90
1960-1964	7	0.00047	0.00047	0.5	96644	45	96621	6565486	67.93
1960-1964	8	0.00041	0.00041	0.5	96599	40	96579	6468865	66.97
1960-1964	9	0.00038	0.00038	0.5	96559	37	96540	6372286	65.99
1960-1964	10	0.00034	0.00034	0.5	96522	33	96505	6275745	65.02
1960-1964	11	0.00039	0.00039	0.5	96489	38	96470	6179240	64.04
1960-1964	12	0.00036	0.00036	0.5	96451	35	96434	6082770	63.07
1960-1964	13	0.00037	0.00037	0.5	96416	35	96398	5986337	62.09
1960-1964	14	0.00044	0.00044	0.5	96381	43	96359	5889938	61.11
1960-1964	15	0.00047	0.00047	0.5	96338	46	96315	5793579	60.14
1960-1964	16	0.00056	0.00056	0.5	96292	54	96265	5697264	59.17
1960-1964	17	0.00066	0.00066	0.5	96238	64	96206	5600999	58.20
1960-1964	18	0.00072	0.00072	0.5	96175	70	96140	5504792	57.24
1960-1964	19	0.00079	0.00079	0.5	96105	76	96067	5408652	56.28
1960-1964	20	0.00080	0.00080	0.5	96029	77	95991	5312585	55.32
1960-1964	21	0.00090	0.00090	0.5	95953	87	95909	5216594	54.37
1960-1964	22	0.00084	0.00084	0.5	95866	81	95826	5120685	53.41
1960-1964	23	0.00089	0.00089	0.5	95785	86	95743	5024859	52.46
1960-1964	24	0.00089	0.00089	0.5	95700	85	95657	4929116	51.51
1960-1964	25	0.00101	0.00101	0.5	95615	97	95567	4833459	50.55
1960-1964	26	0.00110	0.00110	0.5	95518	105	95466	4737892	49.60
1960-1964	27	0.00109	0.00109	0.5	95413	104	95361	4642426	48.66
1960-1964	28	0.00124	0.00124	0.5	95309	118	95250	4547065	47.71
1960-1964	29	0.00122	0.00122	0.5	95191	116	95133	4451816	46.77
1960-1964	30	0.00124	0.00124	0.5	95075	118	95016	4356683	45.82
1960-1964	31	0.00135	0.00135	0.5	94957	128	94893	4261667	44.88
1960-1964	32	0.00164	0.00164	0.5	94829	156	94751	4166774	43.94
1960-1964	33	0.00165	0.00165	0.5	94673	156	94595	4072024	43.01
1960-1964	34	0.00173	0.00172	0.5	94517	163	94435	3977429	42.08
1960-1964	35	0.00187	0.00186	0.5	94354	176	94266	3882994	41.15
1960-1964	36	0.00204	0.00204	0.5	94178	192	94082	3788728	40.23
1960-1964	37	0.00226	0.00225	0.5	93986	212	93880	3694646	39.31
1960-1964	38	0.00239	0.00239	0.5	93774	224	93662	3600766	38.40
1960-1964	39	0.00259	0.00258	0.5	93550	242	93429	3507104	37.49
1960-1964	40	0.00276	0.00275	0.5	93308	257	93180	3413675	36.58
1960-1964	41	0.00299	0.00299	0.5	93051	278	92912	3320495	35.68
1960-1964	42	0.00326	0.00326	0.5	92774	302	92622	3227583	34.79
1960-1964	43	0.00351	0.00350	0.5	92471	324	92310	3134960	33.90
1960-1964	44	0.00379	0.00379	0.5	92148	349	91973	3042651	33.02
1960-1964	45	0.00389	0.00389	0.5	91799	357	91620	2950678	32.14
1960-1964	46	0.00407	0.00407	0.5	91442	372	91256	2859057	31.27
1960-1964	47	0.00469	0.00468	0.5	91070	426	90857	2767801	30.39
1960-1964	48	0.00503	0.00502	0.5	90644	455	90417	2676944	29.53
1960-1964	49	0.00548	0.00547	0.5	90189	493	89943	2586528	28.68
1960-1964	50	0.00595	0.00593	0.5	89696	532	89430	2496585	27.83
1960-1964	51	0.00607	0.00605	0.5	89164	539	88894	2407155	27.00
1960-1964	52	0.00699	0.00696	0.5	88625	617	88316	2318261	26.16
1960-1964	53	0.00704	0.00701	0.5	88008	617	87699	2229945	25.34
1960-1964	54	0.00773	0.00770	0.5	87390	673	87054	2142246	24.51
1960-1964	55	0.00837	0.00833	0.5	86717	723	86356	2055192	23.70
1960-1964	56	0.00893	0.00889	0.5	85994	765	85612	1968836	22.89
1960-1964	57	0.00965	0.00960	0.5	85229	818	84820	1883224	22.10
1960-1964	58	0.01044	0.01039	0.5	84411	877	83973	1798404	21.31
1960-1964	59	0.01130	0.01124	0.5	83534	939	83065	1714432	20.52
1960-1964	60	0.01295	0.01287	0.5	82595	1063	82064	1631367	19.75
1960-1964	61	0.01332	0.01323	0.5	81532	1079	80993	1549303	19.00
1960-1964	62	0.01557	0.01545	0.5	80454	1243	79832	1468310	18.25
1960-1964	63	0.01692	0.01677	0.5	79210	1329	78546	1388478	17.53
1960-1964	64	0.01745	0.01730	0.5	77882	1347	77208	1309932	16.82
1960-1964	65	0.02107	0.02085	0.5	76535	1596	75737	1232724	16.11
1960-1964	66	0.01979	0.01960	0.5	74939	1469	74204	1156987	15.44
1960-1964	67	0.02315	0.02289	0.5	73470	1681	72629	1082783	14.74
1960-1964	68	0.02474	0.02444	0.5	71788	1754	70911	1010154	14.07
1960-1964	69	0.02611	0.02577	0.5	70034	1805	69132	939243	13.41
1960-1964	70	0.03110	0.03062	0.5	68229	2089	67185	870111	12.75
1960-1964	71	0.02988	0.02944	0.5	66140	1947	65166	802927	12.14
1960-1964	72	0.03870	0.03797	0.5	64193	2437	62974	737760	11.49
1960-1964	73	0.04016	0.03937	0.5	61756	2431	60540	674786	10.93
1960-1964	74	0.04305	0.04214	0.5	59324	2500	58074	614246	10.35
1960-1964	75	0.04971	0.04851	0.5	56824	2756	55446	556172	9.79
1960-1964	76	0.05306	0.05169	0.5	54068	2795	52671	500726	9.26
1960-1964	77	0.05563	0.05412	0.5	51273	2775	49886	448055	8.74
1960-1964	78	0.06623	0.06410	0.5	48498	3109	46944	398169	8.21
1960-1964	79	0.07079	0.06837	0.5	45389	3103	43838	351226	7.74
1960-1964	80	0.08394	0.08056	0.5	42286	3407	40583	307388	7.27
1960-1964	81	0.08185	0.07863	0.5	38880	3057	37351	266805	6.86
1960-1964	82	0.10062	0.09580	0.5	35823	3432	34107	229454	6.41
1960-1964	83	0.11053	0.10474	0.5	32391	3393	30694	195347	6.03
1960-1964	84	0.12430	0.11703	0.5	28998	3394	27301	164653	5.68
1960-1964	85	0.13500	0.12647	0.5	25604	3238	23985	137352	5.36
1960-1964	86	0.14604	0.13610	0.5	22366	3044	20844	113366	5.07
1960-1964	87	0.15701	0.14558	0.5	19322	2813	17916	92522	4.79
1960-1964	88	0.17523	0.16112	0.5	16509	2660	15179	74606	4.52
1960-1964	89	0.18332	0.16793	0.5	13849	2326	12686	59427	4.29
1960-1964	90	0.21394	0.19327	0.5	11524	2227	10410	46741	4.06
1960-1964	91	0.20803	0.18843	0.5	9296	1752	8421	36330	3.91
1960-1964	92	0.22766	0.20439	0.5	7545	1542	6774	27910	3.70
1960-1964	93	0.23644	0.21144	0.5	6003	1269	5368	21136	3.52
1960-1964	94	0.25009	0.22229	0.5	4733	1052	4207	15768	3.33
1960-1964	95	0.27327	0.24042	0.5	3681	885	3239	11561	3.14
1960-1964	96	0.29207	0.25485	0.5	2796	713	2440	8322	2.98
1960-1964	97	0.31161	0.26960	0.5	2084	562	1803	5882	2.82
1960-1964	98	0.33184	0.28462	0.5	1522	433	1305	4079	2.68
1960-1964	99	0.35271	0.29983	0.5	1089	326	926	2774	2.55
1960-1964	100	0.37416	0.31519	0.5	762	240	642	1848	2.42
1960-1964	101	0.39612	0.33063	0.5	522	173	436	1206	2.31
1960-1964	102	0.41850	0.34608	0.5	349	121	289	771	2.21
1960-1964	103	0.44123	0.36148	0.5	228	83	187	482	2.11
1960-1964	104	0.46420	0.37675	0.5	146	55	118	294	2.02
1960-1964	105	0.48733	0.39185	0.5	91	36	73	176	1.94
1960-1964	106	0.51051	0.40670	0.5	55	22	44	103	1.86
1960-1964	107	0.53364	0.42124	0.5	33	14	26	59	1.79
1960-1964	108	0.55663	0.43544	0.5	19	8	15	33	1.74
1960-1964	109	0.57938	0.44924	0.5	11	5	8	18	1.69
1960-1964	110+	0.60180	1.00000	1.66	6	6	10	10	1.66
1965-1969	0	0.02449	0.02398	0.12	100000	2398	97894	7320826	73.21
1965-1969	1	0.00182	0.00182	0.5	97602	178	97513	7222932	74.00
1965-1969	2	0.00105	0.00105	0.5	97424	102	97373	7125419	73.14
1965-1969	3	0.00078	0.00078	0.5	97322	76	97284	7028046	72.21
1965-1969	4	0.00063	0.00063	0.5	97246	61	97216	6930761	71.27
1965-1969	5	0.00051	0.00051	0.5	97185	50	97160	6833546	70.31
1965-1969	6	0.00042	0.00042	0.5	97135	41	97115	6736385	69.35
1965-1969	7	0.00046	0.00046	0.5	97095	45	97072	6639270	68.38
1965-1969	8	0.00035	0.00035	0.5	97050	34	97033	6542198	67.41
1965-1969	9	0.00039	0.00039	0.5	97016	37	96997	6445165	66.43
1965-1969	10	0.00032	0.00032	0.5	96978	31	96963	6348168	65.46
1965-1969	11	0.00035	0.00035	0.5	96948	34	96930	6251206	64.48
1965-1969	12	0.00033	0.00033	0.5	96913	32	96898	6154275	63.50
1965-1969	13	0.00039	0.00039	0.5	96882	38	96863	6057377	62.52
1965-1969	14	0.00045	0.00045	0.5	96844	44	96822	5960514	61.55
1965-1969	15	0.00057	0.00057	0.5	96800	55	96773	5863692	60.58
1965-1969	16	0.00058	0.00058	0.5	96745	56	96718	5766919	59.61
1965-1969	17	0.00078	0.00078	0.5	96690	75	96652	5670201	58.64
1965-1969	18	0.00077	0.00077	0.5	96615	75	96577	5573549	57.69
1965-1969	19	0.00082	0.00082	0.5	96540	79	96500	5476972	56.73
1965-1969	20	0.00080	0.00080	0.5	96461	77	96422	5380472	55.78
1965-1969	21	0.00084	0.00084	0.5	96383	81	96343	5284050	54.82
1965-1969	22	0.00086	0.00086	0.5	96302	83	96261	5187707	53.87
1965-1969	23	0.00080	0.00080	0.5	96219	77	96181	5091446	52.91
1965-1969	24	0.00093	0.00092	0.5	96143	89	96098	4995265	51.96
1965-1969	25	0.00096	0.00096	0.5	96054	93	96008	4899167	51.00
1965-1969	26	0.00088	0.00088	0.5	95961	84	95919	4803159	50.05
1965-1969	27	0.00101	0.00101	0.5	95877	97	95829	4707240	49.10
1965-1969	28	0.00112	0.00112	0.5	95780	107	95727	4611411	48.15
1965-1969	29	0.00118	0.00118	0.5	95673	113	95617	4515684	47.20
1965-1969	30	0.00122	0.00122	0.5	95560	117	95502	4420068	46.25
1965-1969	31	0.00129	0.00129	0.5	95444	123	95382	4324566	45.31
1965-1969	32	0.00149	0.00149	0.5	95320	142	95249	4229184	44.37
1965-1969	33	0.00153	0.00152	0.5	95178	145	95106	4133935	43.43
1965-1969	34	0.00172	0.00172	0.5	95033	163	94952	4038829	42.50
1965-1969	35	0.00177	0.00177	0.5	94870	168	94786	3943877	41.57
1965-1969	36	0.00193	0.00193	0.5	94702	183	94611	3849091	40.64
1965-1969	37	0.00213	0.00213	0.5	94520	201	94419	3754480	39.72
1965-1969	38	0.00229	0.00229	0.5	94319	216	94211	3660061	38.81
1965-1969	39	0.00247	0.00246	0.5	94103	232	93987	3565850	37.89
1965-1969	40	0.00276	0.00275	0.5	93871	258	93742	3471863	36.99
1965-1969	41	0.00297	0.00297	0.5	93613	278	93474	3378121	36.09
1965-1969	42	0.00349	0.00349	0.5	93335	326	93172	3284647	35.19
1965-1969	43	0.00351	0.00350	0.5	93009	325	92847	3191474	34.31
1965-1969	44	0.00359	0.00358	0.5	92684	332	92518	3098628	33.43
1965-1969	45	0.00393	0.00392	0.5	92352	362	92171	3006110	32.55
1965-1969	46	0.00418	0.00417	0.5	91990	384	91798	2913939	31.68
1965-1969	47	0.00463	0.00462	0.5	91606	423	91395	2822140	30.81
1965-1969	48	0.00509	0.00508	0.5	91183	463	90952	2730746	29.95
1965-1969	49	0.00538	0.00536	0.5	90721	487	90477	2639793	29.10
1965-1969	50	0.00554	0.00553	0.5	90234	499	89985	2549316	28.25
1965-1969	51	0.00587	0.00586	0.5	89735	526	89473	2459331	27.41
1965-1969	52	0.00647	0.00645	0.5	89210	575	88922	2369859	26.56
1965-1969	53	0.00692	0.00689	0.5	88635	611	88329	2280937	25.73
1965-1969	54	0.00755	0.00753	0.5	88024	662	87692	2192608	24.91
1965-1969	55	0.00810	0.00807	0.5	87361	705	87009	2104915	24.09
1965-1969	56	0.00843	0.00839	0.5	86656	727	86292	2017907	23.29
1965-1969	57	0.00938	0.00933	0.5	85929	802	85528	1931614	22.48
1965-1969	58	0.01030	0.01025	0.5	85127	872	84691	1846087	21.69
1965-1969	59	0.01084	0.01079	0.5	84254	909	83800	1761396	20.91
1965-1969	60	0.01166	0.01159	0.5	83346	966	82863	1677596	20.13
1965-1969	61	0.01181	0.01174	0.5	82379	967	81896	1594733	19.36
1965-1969	62	0.01416	0.01406	0.5	81412	1145	80840	1512838	18.58
1965-1969	63	0.01475	0.01465	0.5	80268	1176	79680	1431998	17.84
1965-1969	64	0.01584	0.01571	0.5	79092	1243	78471	1352318	17.10
1965-1969	65	0.01926	0.01908	0.5	77849	1485	77107	1273847	16.36
1965-1969	66	0.02007	0.01987	0.5	76364	1517	75605	1196741	15.67
1965-1969	67	0.02253	0.02228	0.5	74846	1668	74012	1121136	14.98
1965-1969	68	0.02484	0.02454	0.5	73179	1796	72281	1047123	14.31
1965-1969	69	0.02542	0.02510	0.5	71383	1792	70487	974842	13.66
1965-1969	70	0.02911	0.02869	0.5	69592	1997	68593	904355	13.00
1965-1969	71	0.02882	0.02841	0.5	67595	1921	66635	835762	12.36
1965-1969	72	0.03459	0.03401	0.5	65674	2233	64558	769127	11.71
1965-1969	73	0.03720	0.03652	0.5	63441	2317	62282	704570	11.11
1965-1969	74	0.04252	0.04163	0.5	61124	2545	59851	642287	10.51
1965-1969	75	0.04865	0.04749	0.5	58579	2782	57188	582436	9.94
1965-1969	76	0.05169	0.05039	0.5	55797	2811	54391	525248	9.41
1965-1969	77	0.05652	0.05497	0.5	52986	2912	51529	470856	8.89
1965-1969	78	0.06274	0.06083	0.5	50073	3046	48550	419327	8.37
1965-1969	79	0.07007	0.06770	0.5	47027	3184	45435	370777	7.88
1965-1969	80	0.07977	0.07671	0.5	43844	3363	42162	325341	7.42
1965-1969	81	0.07932	0.07629	0.5	40481	3088	38936	283179	7.00
1965-1969	82	0.09262	0.08852	0.5	37392	3310	35737	244243	6.53
1965-1969	83	0.10609	0.10074	0.5	34082	3434	32365	208506	6.12
1965-1969	84	0.11885	0.11218	0.5	30649	3438	28930	176140	5.75
1965-1969	85	0.12828	0.12055	0.5	27210	3280	25570	147211	5.41
1965-1969	86	0.14355	0.13394	0.5	23930	3205	22328	121640	5.08
1965-1969	87	0.15688	0.14547	0.5	20725	3015	19218	99313	4.79
1965-1969	88	0.16899	0.15582	0.5	17710	2760	16331	80095	4.52
1965-1969	89	0.18313	0.16776	0.5	14951	2508	13697	63764	4.26
1965-1969	90	0.20083	0.18251	0.5	12443	2271	11307	50068	4.02
1965-1969	91	0.20981	0.18989	0.5	10172	1932	9206	38760	3.81
1965-1969	92	0.23483	0.21015	0.5	8240	1732	7374	29555	3.59
1965-1969	93	0.24057	0.21474	0.5	6508	1398	5810	22180	3.41
1965-1969	94	0.27910	0.24492	0.5	5111	1252	4485	16371	3.20
1965-1969	95	0.27756	0.24374	0.5	3859	941	3389	11886	3.08
1965-1969	96	0.29773	0.25915	0.5	2918	756	2540	8497	2.91
1965-1969	97	0.31872	0.27491	0.5	2162	594	1865	5956	2.75
1965-1969	98	0.34047	0.29094	0.5	1568	456	1340	4091	2.61
1965-1969	99	0.36292	0.30718	0.5	1112	341	941	2752	2.48
1965-1969	100	0.38597	0.32353	0.5	770	249	646	1811	2.35
1965-1969	101	0.40955	0.33994	0.5	521	177	432	1165	2.24
1965-1969	102	0.43356	0.35632	0.5	344	123	283	733	2.13
1965-1969	103	0.45788	0.37258	0.5	221	82	180	450	2.03
1965-1969	104	0.48240	0.38866	0.5	139	54	112	270	1.95
1965-1969	105	0.50701	0.40447	0.5	85	34	68	158	1.86
1965-1969	106	0.53158	0.41996	0.5	51	21	40	91	1.79
1965-1969	107	0.55600	0.43506	0.5	29	13	23	51	1.72
1965-1969	108	0.58015	0.44970	0.5	17	7	13	28	1.67
1965-1969	109	0.60393	0.46386	0.5	9	4	7	15	1.62
1965-1969	110+	0.62722	1.00000	1.59	5	5	8	8	1.59
1970-1974	0	0.01957	0.01923	0.11	100000	1923	98284	7432512	74.33
1970-1974	1	0.00138	0.00137	0.5	98077	135	98009	7334228	74.78
1970-1974	2	0.00086	0.00086	0.5	97942	84	97900	7236219	73.88
1970-1974	3	0.00062	0.00062	0.5	97858	60	97828	7138319	72.95
1970-1974	4	0.00053	0.00053	0.5	97798	52	97772	7040491	71.99
1970-1974	5	0.00050	0.00050	0.5	97746	49	97721	6942720	71.03
1970-1974	6	0.00049	0.00049	0.5	97697	47	97673	6844998	70.06
1970-1974	7	0.00043	0.00043	0.5	97649	42	97628	6747325	69.10
1970-1974	8	0.00031	0.00031	0.5	97607	30	97592	6649697	68.13
1970-1974	9	0.00036	0.00036	0.5	97577	35	97559	6552105	67.15
1970-1974	10	0.00030	0.00030	0.5	97542	29	97527	6454545	66.17
1970-1974	11	0.00029	0.00029	0.5	97513	29	97498	6357018	65.19
1970-1974	12	0.00029	0.00029	0.5	97484	28	97470	6259520	64.21
1970-1974	13	0.00036	0.00036	0.5	97456	35	97438	6162050	63.23
1970-1974	14	0.00041	0.00041	0.5	97421	40	97401	6064612	62.25
1970-1974	15	0.00050	0.00050	0.5	97381	49	97356	5967211	61.28
1970-1974	16	0.00056	0.00056	0.5	97332	54	97305	5869854	60.31
1970-1974	17	0.00066	0.00066	0.5	97278	64	97246	5772550	59.34
1970-1974	18	0.00073	0.00073	0.5	97214	71	97178	5675304	58.38
1970-1974	19	0.00081	0.00080	0.5	97143	78	97104	5578126	57.42
1970-1974	20	0.00075	0.00075	0.5	97065	73	97028	5481022	56.47
1970-1974	21	0.00074	0.00074	0.5	96992	72	96956	5383993	55.51
1970-1974	22	0.00079	0.00079	0.5	96920	77	96882	5287037	54.55
1970-1974	23	0.00078	0.00078	0.5	96844	76	96806	5190155	53.59
1970-1974	24	0.00084	0.00084	0.5	96768	81	96727	5093350	52.63
1970-1974	25	0.00087	0.00087	0.5	96687	84	96645	4996623	51.68
1970-1974	26	0.00095	0.00095	0.5	96603	92	96557	4899978	50.72
1970-1974	27	0.00097	0.00097	0.5	96511	94	96464	4803421	49.77
1970-1974	28	0.00096	0.00095	0.5	96417	92	96371	4706957	48.82
1970-1974	29	0.00108	0.00108	0.5	96325	104	96274	4610585	47.86
1970-1974	30	0.00106	0.00105	0.5	96222	101	96171	4514312	46.92
1970-1974	31	0.00116	0.00115	0.5	96120	111	96065	4418141	45.96
1970-1974	32	0.00127	0.00127	0.5	96009	122	95948	4322076	45.02
1970-1974	33	0.00151	0.00151	0.5	95887	145	95815	4226128	44.07
1970-1974	34	0.00148	0.00148	0.5	95743	142	95672	4130312	43.14
1970-1974	35	0.00151	0.00151	0.5	95601	144	95529	4034640	42.20
1970-1974	36	0.00187	0.00187	0.5	95457	179	95368	3939111	41.27
1970-1974	37	0.00205	0.00205	0.5	95278	195	95181	3843743	40.34
1970-1974	38	0.00232	0.00232	0.5	95083	220	94973	3748562	39.42
1970-1974	39	0.00223	0.00223	0.5	94863	211	94757	3653589	38.51
1970-1974	40	0.00252	0.00252	0.5	94652	239	94533	3558832	37.60
1970-1974	41	0.00258	0.00258	0.5	94413	243	94292	3464299	36.69
1970-1974	42	0.00303	0.00303	0.5	94170	285	94027	3370007	35.79
1970-1974	43	0.00307	0.00306	0.5	93885	288	93741	3275980	34.89
1970-1974	44	0.00359	0.00358	0.5	93597	335	93430	3182239	34.00
1970-1974	45	0.00372	0.00371	0.5	93262	346	93089	3088809	33.12
1970-1974	46	0.00402	0.00401	0.5	92916	373	92730	2995720	32.24
1970-1974	47	0.00467	0.00466	0.5	92544	431	92328	2902991	31.37
1970-1974	48	0.00488	0.00487	0.5	92112	448	91888	2810663	30.51
1970-1974	49	0.00518	0.00516	0.5	91664	473	91427	2718775	29.66
1970-1974	50	0.00566	0.00564	0.5	91190	515	90933	2627348	28.81
1970-1974	51	0.00592	0.00590	0.5	90675	535	90408	2536415	27.97
1970-1974	52	0.00650	0.00648	0.5	90141	584	89848	2446007	27.14
1970-1974	53	0.00675	0.00673	0.5	89556	602	89255	2356159	26.31
1970-1974	54	0.00732	0.00729	0.5	88954	649	88629	2266904	25.48
1970-1974	55	0.00747	0.00744	0.5	88305	657	87977	2178274	24.67
1970-1974	56	0.00813	0.00810	0.5	87648	710	87293	2090298	23.85
1970-1974	57	0.00848	0.00845	0.5	86938	734	86571	2003005	23.04
1970-1974	58	0.00937	0.00932	0.5	86204	804	85802	1916434	22.23
1970-1974	59	0.01010	0.01005	0.5	85400	858	84971	1830632	21.44
1970-1974	60	0.01119	0.01113	0.5	84542	941	84071	1745661	20.65
1970-1974	61	0.01176	0.01169	0.5	83601	977	83112	1661590	19.88
1970-1974	62	0.01393	0.01383	0.5	82624	1143	82052	1578478	19.10
1970-1974	63	0.01426	0.01416	0.5	81481	1154	80904	1496425	18.37
1970-1974	64	0.01547	0.01536	0.5	80327	1233	79711	1415521	17.62
1970-1974	65	0.01720	0.01705	0.5	79094	1349	78420	1335811	16.89
1970-1974	66	0.01810	0.01794	0.5	77745	1395	77048	1257391	16.17
1970-1974	67	0.01983	0.01964	0.5	76350	1499	75601	1180343	15.46
1970-1974	68	0.02122	0.02100	0.5	74851	1572	74065	1104743	14.76
1970-1974	69	0.02315	0.02289	0.5	73279	1677	72441	1030677	14.07
1970-1974	70	0.02771	0.02733	0.5	71602	1957	70624	958236	13.38
1970-1974	71	0.02925	0.02882	0.5	69645	2007	68642	887613	12.74
1970-1974	72	0.03364	0.03309	0.5	67638	2238	66519	818971	12.11
1970-1974	73	0.03660	0.03594	0.5	65400	2351	64225	752452	11.51
1970-1974	74	0.04036	0.03956	0.5	63049	2494	61802	688227	10.92
1970-1974	75	0.04308	0.04217	0.5	60555	2553	59279	626425	10.34
1970-1974	76	0.04828	0.04714	0.5	58002	2734	56635	567146	9.78
1970-1974	77	0.05173	0.05043	0.5	55268	2787	53874	510511	9.24
1970-1974	78	0.05940	0.05769	0.5	52481	3028	50967	456637	8.70
1970-1974	79	0.06434	0.06233	0.5	49453	3083	47912	405670	8.20
1970-1974	80	0.07364	0.07102	0.5	46370	3293	44724	357759	7.72
1970-1974	81	0.07736	0.07448	0.5	43077	3208	41473	313035	7.27
1970-1974	82	0.08923	0.08542	0.5	39869	3406	38166	271562	6.81
1970-1974	83	0.09756	0.09303	0.5	36463	3392	34767	233396	6.40
1970-1974	84	0.11300	0.10696	0.5	33071	3537	31303	198629	6.01
1970-1974	85	0.11987	0.11309	0.5	29534	3340	27864	167326	5.67
1970-1974	86	0.13271	0.12445	0.5	26194	3260	24564	139462	5.32
1970-1974	87	0.14894	0.13862	0.5	22934	3179	21345	114898	5.01
1970-1974	88	0.15778	0.14624	0.5	19755	2889	18311	93553	4.74
1970-1974	89	0.17216	0.15851	0.5	16866	2673	15529	75243	4.46
1970-1974	90	0.18720	0.17118	0.5	14193	2429	12978	59713	4.21
1970-1974	91	0.20023	0.18201	0.5	11763	2141	10693	46736	3.97
1970-1974	92	0.21595	0.19491	0.5	9622	1875	8684	36043	3.75
1970-1974	93	0.23559	0.21076	0.5	7747	1633	6930	27359	3.53
1970-1974	94	0.25961	0.22978	0.5	6114	1405	5412	20428	3.34
1970-1974	95	0.26548	0.23437	0.5	4709	1104	4157	15017	3.19
1970-1974	96	0.28521	0.24962	0.5	3605	900	3155	10860	3.01
1970-1974	97	0.30581	0.26525	0.5	2705	718	2347	7704	2.85
1970-1974	98	0.32721	0.28120	0.5	1988	559	1708	5358	2.70
1970-1974	99	0.34935	0.29740	0.5	1429	425	1216	3649	2.55
1970-1974	100	0.37216	0.31377	0.5	1004	315	846	2433	2.42
1970-1974	101	0.39556	0.33024	0.5	689	228	575	1586	2.30
1970-1974	102	0.41944	0.34673	0.5	461	160	381	1011	2.19
1970-1974	103	0.44371	0.36315	0.5	301	109	247	630	2.09
1970-1974	104	0.46825	0.37942	0.5	192	73	156	383	2.00
1970-1974	105	0.49294	0.39547	0.5	119	47	96	228	1.91
1970-1974	106	0.51767	0.41123	0.5	72	30	57	132	1.83
1970-1974	107	0.54232	0.42663	0.5	42	18	33	75	1.76
1970-1974	108	0.56675	0.44161	0.5	24	11	19	41	1.70
1970-1974	109	0.59087	0.45612	0.5	14	6	10	22	1.66
1970-1974	110+	0.61456	1.00000	1.63	7	7	12	12	1.63
1975-1979	0	0.01483	0.01464	0.09	100000	1464	98675	7630121	76.30
1975-1979	1	0.00106	0.00106	0.5	98536	104	98484	7531446	76.43
1975-1979	2	0.00064	0.00064	0.5	98432	63	98401	7432962	75.51
1975-1979	3	0.00050	0.00050	0.5	98369	50	98344	7334561	74.56
1975-1979	4	0.00046	0.00046	0.5	98319	46	98297	7236217	73.60
1975-1979	5	0.00040	0.00040	0.5	98274	40	98254	7137921	72.63
1975-1979	6	0.00035	0.00035	0.5	98234	34	98217	7039667	71.66
1975-1979	7	0.00028	0.00028	0.5	98200	27	98187	6941450	70.69
1975-1979	8	0.00026	0.00026	0.5	98173	25	98161	6843263	69.71
1975-1979	9	0.00023	0.00023	0.5	98148	23	98137	6745102	68.72
1975-1979	10	0.00022	0.00022	0.5	98125	21	98114	6646966	67.74
1975-1979	11	0.00021	0.00021	0.5	98104	20	98094	6548851	66.75
1975-1979	12	0.00024	0.00024	0.5	98084	24	98072	6450758	65.77
1975-1979	13	0.00031	0.00031	0.5	98060	30	98045	6352686	64.78
1975-1979	14	0.00037	0.00037	0.5	98030	36	98012	6254641	63.80
1975-1979	15	0.00045	0.00045	0.5	97994	44	97972	6156629	62.83
1975-1979	16	0.00052	0.00052	0.5	97950	51	97925	6058657	61.85
1975-1979	17	0.00057	0.00057	0.5	97899	56	97871	5960732	60.89
1975-1979	18	0.00073	0.00073	0.5	97844	72	97808	5862861	59.92
1975-1979	19	0.00072	0.00072	0.5	97772	70	97737	5765053	58.96
1975-1979	20	0.00071	0.00071	0.5	97702	69	97668	5667316	58.01
1975-1979	21	0.00064	0.00064	0.5	97633	62	97602	5569648	57.05
1975-1979	22	0.00069	0.00069	0.5	97571	68	97537	5472046	56.08
1975-1979	23	0.00066	0.00066	0.5	97503	64	97471	5374509	55.12
1975-1979	24	0.00071	0.00071	0.5	97439	70	97404	5277038	54.16
1975-1979	25	0.00062	0.00062	0.5	97369	60	97339	5179634	53.20
1975-1979	26	0.00075	0.00075	0.5	97309	73	97273	5082294	52.23
1975-1979	27	0.00076	0.00076	0.5	97237	74	97200	4985021	51.27
1975-1979	28	0.00076	0.00076	0.5	97163	74	97127	4887821	50.31
1975-1979	29	0.00086	0.00086	0.5	97090	83	97048	4790694	49.34
1975-1979	30	0.00088	0.00088	0.5	97007	86	96964	4693646	48.38
1975-1979	31	0.00094	0.00094	0.5	96921	91	96875	4596682	47.43
1975-1979	32	0.00100	0.00100	0.5	96830	97	96781	4499807	46.47
1975-1979	33	0.00109	0.00109	0.5	96733	106	96680	4403025	45.52
1975-1979	34	0.00114	0.00114	0.5	96627	110	96572	4306345	44.57
1975-1979	35	0.00129	0.00129	0.5	96517	125	96455	4209773	43.62
1975-1979	36	0.00142	0.00142	0.5	96393	137	96324	4113318	42.67
1975-1979	37	0.00150	0.00150	0.5	96256	145	96184	4016994	41.73
1975-1979	38	0.00168	0.00168	0.5	96111	161	96031	3920810	40.79
1975-1979	39	0.00183	0.00182	0.5	95950	175	95863	3824779	39.86
1975-1979	40	0.00206	0.00206	0.5	95775	197	95677	3728917	38.93
1975-1979	41	0.00214	0.00213	0.5	95578	204	95476	3633240	38.01
1975-1979	42	0.00250	0.00250	0.5	95374	238	95255	3537764	37.09
1975-1979	43	0.00275	0.00275	0.5	95136	262	95005	3442509	36.19
1975-1979	44	0.00292	0.00291	0.5	94874	277	94736	3347504	35.28
1975-1979	45	0.00324	0.00323	0.5	94598	306	94445	3252768	34.39
1975-1979	46	0.00332	0.00331	0.5	94292	312	94136	3158323	33.50
1975-1979	47	0.00375	0.00374	0.5	93980	352	93804	3064187	32.60
1975-1979	48	0.00433	0.00432	0.5	93628	405	93426	2970383	31.73
1975-1979	49	0.00425	0.00424	0.5	93223	395	93026	2876957	30.86
1975-1979	50	0.00480	0.00479	0.5	92828	444	92606	2783932	29.99
1975-1979	51	0.00525	0.00524	0.5	92384	484	92142	2691326	29.13
1975-1979	52	0.00571	0.00570	0.5	91900	524	91638	2599184	28.28
1975-1979	53	0.00603	0.00601	0.5	91376	549	91102	2507546	27.44
1975-1979	54	0.00647	0.00645	0.5	90827	586	90534	2416444	26.60
1975-1979	55	0.00674	0.00672	0.5	90241	606	89938	2325910	25.77
1975-1979	56	0.00764	0.00761	0.5	89635	682	89294	2235972	24.95
1975-1979	57	0.00795	0.00792	0.5	88953	705	88600	2146679	24.13
1975-1979	58	0.00878	0.00874	0.5	88248	771	87863	2058078	23.32
1975-1979	59	0.00962	0.00957	0.5	87477	837	87058	1970216	22.52
1975-1979	60	0.01018	0.01013	0.5	86640	878	86201	1883157	21.74
1975-1979	61	0.01056	0.01051	0.5	85762	901	85311	1796957	20.95
1975-1979	62	0.01209	0.01202	0.5	84861	1020	84351	1711645	20.17
1975-1979	63	0.01292	0.01284	0.5	83841	1077	83303	1627294	19.41
1975-1979	64	0.01410	0.01400	0.5	82765	1158	82185	1543992	18.66
1975-1979	65	0.01497	0.01485	0.5	81606	1212	81000	1461806	17.91
1975-1979	66	0.01574	0.01562	0.5	80394	1256	79766	1380806	17.18
1975-1979	67	0.01733	0.01718	0.5	79138	1360	78458	1301040	16.44
1975-1979	68	0.01922	0.01904	0.5	77778	1481	77038	1222582	15.72
1975-1979	69	0.02162	0.02139	0.5	76298	1632	75482	1145544	15.01
1975-1979	70	0.02344	0.02317	0.5	74666	1730	73801	1070063	14.33
1975-1979	71	0.02427	0.02398	0.5	72936	1749	72061	996262	13.66
1975-1979	72	0.02879	0.02838	0.5	71187	2020	70177	924200	12.98
1975-1979	73	0.03078	0.03031	0.5	69167	2097	68118	854023	12.35
1975-1979	74	0.03386	0.03330	0.5	67070	2233	65953	785905	11.72
1975-1979	75	0.03828	0.03756	0.5	64837	2435	63619	719952	11.10
1975-1979	76	0.04151	0.04067	0.5	62401	2538	61132	656333	10.52
1975-1979	77	0.04569	0.04467	0.5	59864	2674	58527	595200	9.94
1975-1979	78	0.05109	0.04982	0.5	57190	2849	55765	536674	9.38
1975-1979	79	0.05668	0.05512	0.5	54341	2995	52843	480909	8.85
1975-1979	80	0.06419	0.06220	0.5	51346	3194	49749	428066	8.34
1975-1979	81	0.06851	0.06624	0.5	48152	3190	46557	378317	7.86
1975-1979	82	0.07732	0.07444	0.5	44962	3347	43289	331760	7.38
1975-1979	83	0.08752	0.08385	0.5	41615	3490	39871	288471	6.93
1975-1979	84	0.09950	0.09478	0.5	38126	3614	36319	248600	6.52
1975-1979	85	0.10561	0.10031	0.5	34512	3462	32781	212281	6.15
1975-1979	86	0.11973	0.11297	0.5	31050	3508	29296	179500	5.78
1975-1979	87	0.12715	0.11955	0.5	27542	3293	25896	150204	5.45
1975-1979	88	0.13980	0.13067	0.5	24250	3169	22665	124308	5.13
1975-1979	89	0.15306	0.14218	0.5	21081	2997	19583	101642	4.82
1975-1979	90	0.16756	0.15461	0.5	18084	2796	16686	82060	4.54
1975-1979	91	0.17828	0.16369	0.5	15288	2503	14037	65374	4.28
1975-1979	92	0.19558	0.17816	0.5	12786	2278	11647	51337	4.02
1975-1979	93	0.21449	0.19371	0.5	10508	2035	9490	39691	3.78
1975-1979	94	0.23046	0.20665	0.5	8472	1751	7597	30201	3.56
1975-1979	95	0.24661	0.21954	0.5	6721	1476	5984	22604	3.36
1975-1979	96	0.26616	0.23490	0.5	5246	1232	4630	16620	3.17
1975-1979	97	0.28667	0.25073	0.5	4014	1006	3510	11990	2.99
1975-1979	98	0.30810	0.26697	0.5	3007	803	2606	8480	2.82
1975-1979	99	0.33039	0.28355	0.5	2204	625	1892	5874	2.66
1975-1979	100	0.35346	0.30038	0.5	1579	474	1342	3982	2.52
1975-1979	101	0.37724	0.31738	0.5	1105	351	930	2640	2.39
1975-1979	102	0.40163	0.33447	0.5	754	252	628	1711	2.27
1975-1979	103	0.42652	0.35155	0.5	502	176	414	1082	2.16
1975-1979	104	0.45178	0.36853	0.5	326	120	266	669	2.05
1975-1979	105	0.47729	0.38533	0.5	206	79	166	403	1.96
1975-1979	106	0.50292	0.40187	0.5	126	51	101	237	1.88
1975-1979	107	0.52854	0.41806	0.5	76	32	60	136	1.80
1975-1979	108	0.55400	0.43383	0.5	44	19	34	76	1.74
1975-1979	109	0.57919	0.44913	0.5	25	11	19	42	1.69
1975-1979	110+	0.60397	1.00000	1.66	14	14	23	23	1.66
1980-1984	0	0.01193	0.01180	0.09	100000	1180	98922	7726548	77.27
1980-1984	1	0.00089	0.00089	0.5	98820	87	98776	7627626	77.19
1980-1984	2	0.00062	0.00062	0.5	98733	61	98702	7528850	76.25
1980-1984	3	0.00042	0.00042	0.5	98672	41	98651	7430147	75.30
1980-1984	4	0.00029	0.00029	0.5	98630	28	98616	7331497	74.33
1980-1984	5	0.00028	0.00028	0.5	98602	28	98588	7232881	73.35
1980-1984	6	0.00028	0.00028	0.5	98574	28	98560	7134293	72.37
1980-1984	7	0.00026	0.00026	0.5	98547	26	98534	7035732	71.39
1980-1984	8	0.00024	0.00024	0.5	98521	24	98509	6937198	70.41
1980-1984	9	0.00021	0.00021	0.5	98497	21	98486	6838690	69.43
1980-1984	10	0.00020	0.00020	0.5	98476	20	98466	6740203	68.45
1980-1984	11	0.00024	0.00024	0.5	98456	23	98445	6641737	67.46
1980-1984	12	0.00023	0.00023	0.5	98433	23	98421	6543293	66.47
1980-1984	13	0.00026	0.00026	0.5	98410	26	98397	6444872	65.49
1980-1984	14	0.00029	0.00029	0.5	98384	29	98369	6346475	64.51
1980-1984	15	0.00035	0.00035	0.5	98355	34	98338	6248105	63.53
1980-1984	16	0.00045	0.00045	0.5	98321	44	98299	6149767	62.55
1980-1984	17	0.00058	0.00058	0.5	98277	57	98249	6051468	61.58
1980-1984	18	0.00066	0.00066	0.5	98220	65	98188	5953219	60.61
1980-1984	19	0.00061	0.00061	0.5	98155	60	98125	5855032	59.65
1980-1984	20	0.00055	0.00055	0.5	98096	54	98068	5756906	58.69
1980-1984	21	0.00055	0.00055	0.5	98041	54	98014	5658838	57.72
1980-1984	22	0.00060	0.00060	0.5	97988	59	97958	5560824	56.75
1980-1984	23	0.00066	0.00066	0.5	97928	64	97896	5462866	55.78
1980-1984	24	0.00062	0.00062	0.5	97864	61	97834	5364969	54.82
1980-1984	25	0.00059	0.00059	0.5	97804	58	97775	5267135	53.85
1980-1984	26	0.00063	0.00063	0.5	97746	62	97715	5169361	52.89
1980-1984	27	0.00073	0.00073	0.5	97685	72	97649	5071645	51.92
1980-1984	28	0.00075	0.00074	0.5	97613	73	97577	4973996	50.96
1980-1984	29	0.00074	0.00074	0.5	97540	72	97504	4876420	49.99
1980-1984	30	0.00077	0.00077	0.5	97468	75	97430	4778916	49.03
1980-1984	31	0.00080	0.00080	0.5	97393	78	97354	4681485	48.07
1980-1984	32	0.00094	0.00094	0.5	97315	91	97270	4584131	47.11
1980-1984	33	0.00096	0.00096	0.5	97224	93	97178	4486861	46.15
1980-1984	34	0.00100	0.00100	0.5	97131	97	97083	4389683	45.19
1980-1984	35	0.00107	0.00106	0.5	97034	103	96982	4292601	44.24
1980-1984	36	0.00127	0.00127	0.5	96931	123	96869	4195618	43.28
1980-1984	37	0.00141	0.00141	0.5	96808	136	96740	4098749	42.34
1980-1984	38	0.00157	0.00157	0.5	96672	152	96596	4002008	41.40
1980-1984	39	0.00154	0.00154	0.5	96521	149	96446	3905412	40.46
1980-1984	40	0.00175	0.00175	0.5	96372	169	96288	3808966	39.52
1980-1984	41	0.00183	0.00183	0.5	96203	176	96115	3712678	38.59
1980-1984	42	0.00211	0.00211	0.5	96027	203	95926	3616563	37.66
1980-1984	43	0.00218	0.00218	0.5	95825	208	95720	3520637	36.74
1980-1984	44	0.00237	0.00237	0.5	95616	226	95503	3424916	35.82
1980-1984	45	0.00278	0.00278	0.5	95390	265	95257	3329413	34.90
1980-1984	46	0.00289	0.00288	0.5	95125	274	94987	3234156	34.00
1980-1984	47	0.00313	0.00312	0.5	94850	296	94702	3139169	33.10
1980-1984	48	0.00382	0.00382	0.5	94554	361	94374	3044467	32.20
1980-1984	49	0.00378	0.00377	0.5	94193	356	94015	2950093	31.32
1980-1984	50	0.00435	0.00434	0.5	93838	407	93634	2856078	30.44
1980-1984	51	0.00479	0.00478	0.5	93431	447	93207	2762444	29.57
1980-1984	52	0.00528	0.00527	0.5	92984	490	92739	2669236	28.71
1980-1984	53	0.00561	0.00559	0.5	92494	517	92235	2576498	27.86
1980-1984	54	0.00624	0.00622	0.5	91977	572	91691	2484262	27.01
1980-1984	55	0.00661	0.00659	0.5	91405	602	91104	2392571	26.18
1980-1984	56	0.00743	0.00741	0.5	90803	672	90467	2301467	25.35
1980-1984	57	0.00775	0.00772	0.5	90130	696	89783	2211001	24.53
1980-1984	58	0.00866	0.00863	0.5	89435	771	89049	2121218	23.72
1980-1984	59	0.00912	0.00908	0.5	88663	805	88261	2032169	22.92
1980-1984	60	0.00987	0.00983	0.5	87858	863	87426	1943908	22.13
1980-1984	61	0.01086	0.01080	0.5	86995	939	86525	1856482	21.34
1980-1984	62	0.01231	0.01223	0.5	86056	1052	85529	1769957	20.57
1980-1984	63	0.01269	0.01261	0.5	85003	1072	84467	1684428	19.82
1980-1984	64	0.01353	0.01344	0.5	83931	1128	83367	1599961	19.06
1980-1984	65	0.01509	0.01498	0.5	82803	1240	82183	1516594	18.32
1980-1984	66	0.01565	0.01553	0.5	81562	1267	80929	1434411	17.59
1980-1984	67	0.01657	0.01644	0.5	80296	1320	79636	1353482	16.86
1980-1984	68	0.01869	0.01852	0.5	78976	1462	78245	1273846	16.13
1980-1984	69	0.01980	0.01961	0.5	77514	1520	76754	1195601	15.42
1980-1984	70	0.02252	0.02227	0.5	75994	1693	75148	1118847	14.72
1980-1984	71	0.02425	0.02396	0.5	74301	1780	73411	1043700	14.05
1980-1984	72	0.02701	0.02665	0.5	72521	1933	71555	970289	13.38
1980-1984	73	0.02973	0.02929	0.5	70588	2068	69554	898734	12.73
1980-1984	74	0.03169	0.03120	0.5	68521	2138	67452	829179	12.10
1980-1984	75	0.03590	0.03527	0.5	66383	2341	65213	761728	11.47
1980-1984	76	0.03886	0.03812	0.5	64042	2441	62821	696515	10.88
1980-1984	77	0.04226	0.04139	0.5	61601	2550	60326	633693	10.29
1980-1984	78	0.04771	0.04660	0.5	59051	2752	57675	573367	9.71
1980-1984	79	0.04918	0.04800	0.5	56300	2702	54948	515692	9.16
1980-1984	80	0.05979	0.05806	0.5	53597	3112	52041	460744	8.60
1980-1984	81	0.06547	0.06340	0.5	50485	3201	48885	408702	8.10
1980-1984	82	0.07472	0.07203	0.5	47285	3406	45582	359817	7.61
1980-1984	83	0.08236	0.07910	0.5	43879	3471	42144	314235	7.16
1980-1984	84	0.09161	0.08760	0.5	40408	3540	38638	272092	6.73
1980-1984	85	0.10014	0.09536	0.5	36868	3516	35110	233454	6.33
1980-1984	86	0.11162	0.10572	0.5	33352	3526	31589	198343	5.95
1980-1984	87	0.12365	0.11645	0.5	29826	3473	28090	166754	5.59
1980-1984	88	0.13332	0.12499	0.5	26353	3294	24706	138664	5.26
1980-1984	89	0.14558	0.13570	0.5	23059	3129	21495	113958	4.94
1980-1984	90	0.16364	0.15126	0.5	19930	3015	18423	92463	4.64
1980-1984	91	0.17073	0.15730	0.5	16915	2661	15585	74041	4.38
1980-1984	92	0.19219	0.17534	0.5	14255	2499	13005	58456	4.10
1980-1984	93	0.20379	0.18495	0.5	11755	2174	10668	45451	3.87
1980-1984	94	0.22631	0.20330	0.5	9581	1948	8607	34783	3.63
1980-1984	95	0.23964	0.21400	0.5	7633	1633	6816	26176	3.43
1980-1984	96	0.25921	0.22947	0.5	6000	1377	5311	19359	3.23
1980-1984	97	0.27979	0.24545	0.5	4623	1135	4056	14048	3.04
1980-1984	98	0.30135	0.26189	0.5	3488	914	3031	9992	2.86
1980-1984	99	0.32381	0.27869	0.5	2575	718	2216	6961	2.70
1980-1984	100	0.34712	0.29578	0.5	1857	549	1583	4745	2.55
1980-1984	101	0.37119	0.31308	0.5	1308	409	1103	3162	2.42
1980-1984	102	0.39591	0.33049	0.5	898	297	750	2059	2.29
1980-1984	103	0.42117	0.34791	0.5	601	209	497	1309	2.18
1980-1984	104	0.44686	0.36525	0.5	392	143	321	812	2.07
1980-1984	105	0.47283	0.38242	0.5	249	95	201	492	1.98
1980-1984	106	0.49895	0.39933	0.5	154	61	123	290	1.89
1980-1984	107	0.52508	0.41589	0.5	92	38	73	167	1.81
1980-1984	108	0.55107	0.43203	0.5	54	23	42	94	1.75
1980-1984	109	0.57678	0.44768	0.5	31	14	24	52	1.69
1980-1984	110+	0.60209	1.00000	1.66	17	17	28	28	1.66
1985-1989	0	0.01046	0.01036	0.08	100000	1036	99049	7749498	77.49
1985-1989	1	0.00077	0.00077	0.5	98964	76	98926	7650449	77.31
1985-1989	2	0.00045	0.00045	0.5	98888	44	98866	7551523	76.36
1985-1989	3	0.00035	0.00035	0.5	98843	35	98826	7452658	75.40
1985-1989	4	0.00030	0.00030	0.5	98809	30	98794	7353832	74.42
1985-1989	5	0.00025	0.00025	0.5	98779	25	98767	7255037	73.45
1985-1989	6	0.00027	0.00027	0.5	98754	26	98741	7156271	72.47
1985-1989	7	0.00020	0.00020	0.5	98728	20	98718	7057529	71.48
1985-1989	8	0.00022	0.00022	0.5	98708	22	98698	6958811	70.50
1985-1989	9	0.00020	0.00020	0.5	98687	20	98677	6860114	69.51
1985-1989	10	0.00021	0.00021	0.5	98667	21	98657	6761437	68.53
1985-1989	11	0.00018	0.00018	0.5	98646	18	98637	6662780	67.54
1985-1989	12	0.00022	0.00022	0.5	98629	21	98618	6564142	66.55
1985-1989	13	0.00024	0.00024	0.5	98607	23	98596	6465525	65.57
1985-1989	14	0.00031	0.00031	0.5	98584	30	98569	6366929	64.58
1985-1989	15	0.00041	0.00041	0.5	98554	41	98533	6268360	63.60
1985-1989	16	0.00060	0.00060	0.5	98513	59	98484	6169827	62.63
1985-1989	17	0.00055	0.00055	0.5	98454	54	98427	6071343	61.67
1985-1989	18	0.00065	0.00065	0.5	98400	63	98368	5972916	60.70
1985-1989	19	0.00061	0.00061	0.5	98336	60	98306	5874548	59.74
1985-1989	20	0.00056	0.00056	0.5	98277	55	98249	5776242	58.78
1985-1989	21	0.00060	0.00060	0.5	98222	58	98193	5677993	57.81
1985-1989	22	0.00060	0.00060	0.5	98163	59	98134	5579800	56.84
1985-1989	23	0.00062	0.00062	0.5	98105	61	98074	5481666	55.88
1985-1989	24	0.00064	0.00064	0.5	98044	63	98012	5383592	54.91
1985-1989	25	0.00068	0.00067	0.5	97981	66	97947	5285580	53.95
1985-1989	26	0.00066	0.00066	0.5	97914	64	97882	5187633	52.98
1985-1989	27	0.00076	0.00075	0.5	97850	74	97813	5089750	52.02
1985-1989	28	0.00078	0.00078	0.5	97776	76	97738	4991937	51.05
1985-1989	29	0.00074	0.00074	0.5	97700	73	97664	4894199	50.09
1985-1989	30	0.00084	0.00084	0.5	97628	82	97587	4796535	49.13
1985-1989	31	0.00091	0.00091	0.5	97546	89	97502	4698948	48.17
1985-1989	32	0.00092	0.00092	0.5	97457	89	97412	4601447	47.22
1985-1989	33	0.00096	0.00096	0.5	97368	94	97321	4504034	46.26
1985-1989	34	0.00102	0.00102	0.5	97274	99	97225	4406713	45.30
1985-1989	35	0.00107	0.00107	0.5	97175	104	97123	4309489	44.35
1985-1989	36	0.00122	0.00122	0.5	97071	118	97012	4212365	43.39
1985-1989	37	0.00121	0.00121	0.5	96953	118	96894	4115353	42.45
1985-1989	38	0.00146	0.00146	0.5	96835	141	96765	4018459	41.50
1985-1989	39	0.00142	0.00142	0.5	96694	137	96626	3921694	40.56
1985-1989	40	0.00162	0.00162	0.5	96557	157	96479	3825068	39.61
1985-1989	41	0.00172	0.00172	0.5	96401	165	96318	3728589	38.68
1985-1989	42	0.00188	0.00188	0.5	96235	181	96145	3632271	37.74
1985-1989	43	0.00208	0.00208	0.5	96055	199	95955	3536126	36.81
1985-1989	44	0.00237	0.00237	0.5	95855	227	95742	3440171	35.89
1985-1989	45	0.00261	0.00261	0.5	95628	249	95504	3344430	34.97
1985-1989	46	0.00279	0.00279	0.5	95379	266	95246	3248926	34.06
1985-1989	47	0.00309	0.00309	0.5	95113	294	94966	3153680	33.16
1985-1989	48	0.00361	0.00360	0.5	94819	341	94648	3058714	32.26
1985-1989	49	0.00355	0.00354	0.5	94478	335	94310	2964066	31.37
1985-1989	50	0.00414	0.00413	0.5	94143	389	93949	2869755	30.48
1985-1989	51	0.00463	0.00461	0.5	93754	433	93538	2775807	29.61
1985-1989	52	0.00503	0.00501	0.5	93322	468	93088	2682269	28.74
1985-1989	53	0.00546	0.00544	0.5	92854	505	92601	2589181	27.88
1985-1989	54	0.00609	0.00607	0.5	92349	561	92068	2496580	27.03
1985-1989	55	0.00651	0.00649	0.5	91788	595	91490	2404512	26.20
1985-1989	56	0.00709	0.00706	0.5	91193	644	90871	2313021	25.36
1985-1989	57	0.00780	0.00777	0.5	90549	704	90197	2222151	24.54
1985-1989	58	0.00883	0.00879	0.5	89845	790	89450	2131954	23.73
1985-1989	59	0.00861	0.00857	0.5	89055	764	88673	2042504	22.94
1985-1989	60	0.01017	0.01012	0.5	88291	894	87844	1953831	22.13
1985-1989	61	0.01110	0.01104	0.5	87398	965	86915	1865987	21.35
1985-1989	62	0.01215	0.01208	0.5	86433	1044	85911	1779071	20.58
1985-1989	63	0.01288	0.01279	0.5	85389	1092	84842	1693161	19.83
1985-1989	64	0.01374	0.01364	0.5	84296	1150	83721	1608318	19.08
1985-1989	65	0.01559	0.01547	0.5	83146	1287	82503	1524597	18.34
1985-1989	66	0.01636	0.01622	0.5	81860	1328	81196	1442094	17.62
1985-1989	67	0.01723	0.01709	0.5	80531	1376	79843	1360899	16.90
1985-1989	68	0.01880	0.01862	0.5	79155	1474	78418	1281055	16.18
1985-1989	69	0.02051	0.02030	0.5	77681	1577	76893	1202637	15.48
1985-1989	70	0.02182	0.02158	0.5	76105	1643	75283	1125744	14.79
1985-1989	71	0.02321	0.02294	0.5	74462	1708	73608	1050461	14.11
1985-1989	72	0.02682	0.02646	0.5	72754	1925	71791	976853	13.43
1985-1989	73	0.02965	0.02922	0.5	70829	2069	69794	905062	12.78
1985-1989	74	0.03164	0.03115	0.5	68759	2142	67688	835268	12.15
1985-1989	75	0.03533	0.03471	0.5	66618	2312	65461	767579	11.52
1985-1989	76	0.03886	0.03812	0.5	64305	2451	63080	702118	10.92
1985-1989	77	0.04155	0.04071	0.5	61854	2518	60595	639038	10.33
1985-1989	78	0.04761	0.04650	0.5	59336	2759	57957	578443	9.75
1985-1989	79	0.04978	0.04857	0.5	56577	2748	55203	520486	9.20
1985-1989	80	0.05847	0.05681	0.5	53829	3058	52300	465283	8.64
1985-1989	81	0.06483	0.06280	0.5	50771	3188	49177	412983	8.13
1985-1989	82	0.07155	0.06908	0.5	47583	3287	45940	363805	7.65
1985-1989	83	0.08024	0.07714	0.5	44296	3417	42588	317866	7.18
1985-1989	84	0.08823	0.08451	0.5	40879	3455	39152	275278	6.73
1985-1989	85	0.09729	0.09277	0.5	37424	3472	35688	236126	6.31
1985-1989	86	0.10949	0.10381	0.5	33952	3525	32190	200438	5.90
1985-1989	87	0.12178	0.11479	0.5	30428	3493	28681	168248	5.53
1985-1989	88	0.13227	0.12407	0.5	26935	3342	25264	139566	5.18
1985-1989	89	0.14575	0.13585	0.5	23593	3205	21991	114302	4.84
1985-1989	90	0.16219	0.15003	0.5	20388	3059	18859	92311	4.53
1985-1989	91	0.17939	0.16462	0.5	17329	2853	15903	73453	4.24
1985-1989	92	0.19587	0.17840	0.5	14477	2583	13185	57550	3.98
1985-1989	93	0.21441	0.19365	0.5	11894	2303	10742	44364	3.73
1985-1989	94	0.23340	0.20901	0.5	9591	2005	8588	33622	3.51
1985-1989	95	0.24908	0.22150	0.5	7586	1680	6746	25034	3.30
1985-1989	96	0.27047	0.23825	0.5	5906	1407	5202	18288	3.10
1985-1989	97	0.29297	0.25554	0.5	4499	1150	3924	13085	2.91
1985-1989	98	0.31654	0.27328	0.5	3349	915	2892	9161	2.74
1985-1989	99	0.34108	0.29139	0.5	2434	709	2079	6270	2.58
1985-1989	100	0.36651	0.30975	0.5	1725	534	1458	4190	2.43
1985-1989	101	0.39270	0.32825	0.5	1190	391	995	2733	2.30
1985-1989	102	0.41953	0.34679	0.5	800	277	661	1738	2.17
1985-1989	103	0.44684	0.36524	0.5	522	191	427	1077	2.06
1985-1989	104	0.47448	0.38350	0.5	332	127	268	650	1.96
1985-1989	105	0.50227	0.40145	0.5	204	82	163	382	1.87
1985-1989	106	0.53005	0.41900	0.5	122	51	97	218	1.79
1985-1989	107	0.55764	0.43606	0.5	71	31	56	122	1.71
1985-1989	108	0.58488	0.45254	0.5	40	18	31	66	1.65
1985-1989	109	0.61162	0.46838	0.5	22	10	17	35	1.60
1985-1989	110+	0.63770	1.00000	1.57	12	12	18	18	1.57
1990-1994	0	0.00924	0.00916	0.08	100000	916	99156	7776380	77.76
1990-1994	1	0.00082	0.00082	0.5	99084	81	99044	7677224	77.48
1990-1994	2	0.00054	0.00054	0.5	99003	53	98976	7578180	76.54
1990-1994	3	0.00038	0.00038	0.5	98950	37	98931	7479204	75.59
1990-1994	4	0.00032	0.00032	0.5	98912	32	98896	7380273	74.61
1990-1994	5	0.00022	0.00022	0.5	98880	22	98869	7281376	73.64
1990-1994	6	0.00025	0.00025	0.5	98858	24	98846	7182507	72.65
1990-1994	7	0.00024	0.00024	0.5	98834	24	98822	7083661	71.67
1990-1994	8	0.00019	0.00019	0.5	98811	19	98801	6984838	70.69
1990-1994	9	0.00021	0.00021	0.5	98791	21	98781	6886037	69.70
1990-1994	10	0.00016	0.00016	0.5	98771	16	98763	6787256	68.72
1990-1994	11	0.00016	0.00016	0.5	98755	16	98747	6688493	67.73
1990-1994	12	0.00020	0.00020	0.5	98739	20	98729	6589746	66.74
1990-1994	13	0.00026	0.00026	0.5	98719	26	98706	6491017	65.75
1990-1994	14	0.00032	0.00032	0.5	98693	32	98678	6392311	64.77
1990-1994	15	0.00041	0.00041	0.5	98662	41	98641	6293634	63.79
1990-1994	16	0.00060	0.00060	0.5	98621	59	98591	6194992	62.82
1990-1994	17	0.00067	0.00067	0.5	98562	66	98529	6096401	61.85
1990-1994	18	0.00065	0.00065	0.5	98496	64	98464	5997872	60.89
1990-1994	19	0.00060	0.00060	0.5	98432	59	98402	5899408	59.93
1990-1994	20	0.00059	0.00059	0.5	98373	59	98343	5801006	58.97
1990-1994	21	0.00065	0.00065	0.5	98314	64	98282	5702663	58.00
1990-1994	22	0.00067	0.00067	0.5	98250	66	98217	5604381	57.04
1990-1994	23	0.00070	0.00070	0.5	98184	69	98150	5506163	56.08
1990-1994	24	0.00064	0.00064	0.5	98116	63	98084	5408014	55.12
1990-1994	25	0.00076	0.00076	0.5	98053	74	98016	5309929	54.15
1990-1994	26	0.00074	0.00074	0.5	97978	73	97942	5211914	53.19
1990-1994	27	0.00084	0.00084	0.5	97906	83	97864	5113972	52.23
1990-1994	28	0.00079	0.00079	0.5	97823	77	97784	5016108	51.28
1990-1994	29	0.00084	0.00084	0.5	97746	82	97705	4918323	50.32
1990-1994	30	0.00091	0.00091	0.5	97664	89	97620	4820618	49.36
1990-1994	31	0.00098	0.00098	0.5	97575	95	97528	4722999	48.40
1990-1994	32	0.00098	0.00098	0.5	97480	96	97432	4625471	47.45
1990-1994	33	0.00113	0.00113	0.5	97384	110	97329	4528039	46.50
1990-1994	34	0.00107	0.00107	0.5	97274	104	97222	4430710	45.55
1990-1994	35	0.00110	0.00110	0.5	97171	107	97117	4333487	44.60
1990-1994	36	0.00128	0.00128	0.5	97064	124	97002	4236370	43.65
1990-1994	37	0.00139	0.00138	0.5	96940	134	96873	4139368	42.70
1990-1994	38	0.00163	0.00163	0.5	96806	158	96727	4042495	41.76
1990-1994	39	0.00155	0.00155	0.5	96648	150	96573	3945768	40.83
1990-1994	40	0.00159	0.00159	0.5	96499	153	96422	3849194	39.89
1990-1994	41	0.00177	0.00177	0.5	96345	170	96260	3752772	38.95
1990-1994	42	0.00198	0.00198	0.5	96175	190	96080	3656512	38.02
1990-1994	43	0.00211	0.00211	0.5	95985	202	95884	3560432	37.09
1990-1994	44	0.00213	0.00213	0.5	95783	204	95681	3464548	36.17
1990-1994	45	0.00252	0.00252	0.5	95579	240	95459	3368867	35.25
1990-1994	46	0.00272	0.00272	0.5	95339	259	95209	3273408	34.33
1990-1994	47	0.00309	0.00309	0.5	95080	293	94933	3178199	33.43
1990-1994	48	0.00358	0.00357	0.5	94786	339	94617	3083266	32.53
1990-1994	49	0.00374	0.00374	0.5	94448	353	94271	2988649	31.64
1990-1994	50	0.00380	0.00379	0.5	94095	357	93916	2894378	30.76
1990-1994	51	0.00445	0.00444	0.5	93738	416	93530	2800462	29.88
1990-1994	52	0.00492	0.00491	0.5	93321	458	93092	2706932	29.01
1990-1994	53	0.00532	0.00530	0.5	92863	492	92617	2613840	28.15
1990-1994	54	0.00551	0.00550	0.5	92371	508	92117	2521222	27.29
1990-1994	55	0.00634	0.00632	0.5	91863	580	91573	2429105	26.44
1990-1994	56	0.00700	0.00697	0.5	91283	636	90965	2337532	25.61
1990-1994	57	0.00733	0.00730	0.5	90647	662	90316	2246567	24.78
1990-1994	58	0.00839	0.00836	0.5	89985	752	89609	2156251	23.96
1990-1994	59	0.00894	0.00890	0.5	89233	794	88836	2066642	23.16
1990-1994	60	0.00984	0.00979	0.5	88439	866	88006	1977807	22.36
1990-1994	61	0.01120	0.01114	0.5	87573	976	87085	1889801	21.58
1990-1994	62	0.01160	0.01153	0.5	86597	998	86098	1802716	20.82
1990-1994	63	0.01297	0.01289	0.5	85599	1103	85047	1716618	20.05
1990-1994	64	0.01344	0.01335	0.5	84496	1128	83931	1631571	19.31
1990-1994	65	0.01468	0.01457	0.5	83367	1215	82760	1547640	18.56
1990-1994	66	0.01636	0.01622	0.5	82153	1333	81486	1464879	17.83
1990-1994	67	0.01733	0.01718	0.5	80820	1389	80126	1383393	17.12
1990-1994	68	0.01917	0.01899	0.5	79431	1508	78677	1303267	16.41
1990-1994	69	0.02029	0.02009	0.5	77923	1566	77140	1224590	15.72
1990-1994	70	0.02193	0.02169	0.5	76357	1657	75529	1147450	15.03
1990-1994	71	0.02432	0.02403	0.5	74701	1795	73803	1071921	14.35
1990-1994	72	0.02656	0.02621	0.5	72906	1911	71950	998118	13.69
1990-1994	73	0.02895	0.02853	0.5	70995	2026	69982	926168	13.05
1990-1994	74	0.03172	0.03122	0.5	68969	2153	67892	856186	12.41
1990-1994	75	0.03300	0.03246	0.5	66816	2169	65731	788293	11.80
1990-1994	76	0.03746	0.03677	0.5	64647	2377	63458	722562	11.18
1990-1994	77	0.04012	0.03933	0.5	62269	2449	61045	659104	10.58
1990-1994	78	0.04429	0.04333	0.5	59821	2592	58525	598059	10.00
1990-1994	79	0.04948	0.04829	0.5	57229	2763	55847	539535	9.43
1990-1994	80	0.05632	0.05478	0.5	54465	2984	52973	483688	8.88
1990-1994	81	0.06210	0.06023	0.5	51482	3101	49931	430714	8.37
1990-1994	82	0.06855	0.06628	0.5	48381	3207	46777	380783	7.87
1990-1994	83	0.07654	0.07372	0.5	45174	3330	43509	334006	7.39
1990-1994	84	0.08455	0.08112	0.5	41844	3394	40146	290497	6.94
1990-1994	85	0.09257	0.08847	0.5	38449	3402	36748	250351	6.51
1990-1994	86	0.10412	0.09897	0.5	35048	3469	33313	213602	6.09
1990-1994	87	0.11410	0.10794	0.5	31579	3409	29875	180289	5.71
1990-1994	88	0.12836	0.12062	0.5	28170	3398	26471	150414	5.34
1990-1994	89	0.13873	0.12973	0.5	24772	3214	23166	123943	5.00
1990-1994	90	0.15400	0.14299	0.5	21559	3083	20017	100777	4.67
1990-1994	91	0.16826	0.15520	0.5	18476	2867	17042	80760	4.37
1990-1994	92	0.18777	0.17165	0.5	15609	2679	14269	63718	4.08
1990-1994	93	0.21036	0.19034	0.5	12929	2461	11699	49449	3.82
1990-1994	94	0.22312	0.20073	0.5	10468	2101	9418	37750	3.61
1990-1994	95	0.24064	0.21480	0.5	8367	1797	7468	28332	3.39
1990-1994	96	0.26164	0.23137	0.5	6570	1520	5810	20864	3.18
1990-1994	97	0.28378	0.24852	0.5	5050	1255	4422	15054	2.98
1990-1994	98	0.30702	0.26616	0.5	3795	1010	3290	10632	2.80
1990-1994	99	0.33128	0.28420	0.5	2785	791	2389	7342	2.64
1990-1994	100	0.35647	0.30255	0.5	1993	603	1692	4953	2.48
1990-1994	101	0.38248	0.32108	0.5	1390	446	1167	3261	2.35
1990-1994	102	0.40918	0.33969	0.5	944	321	784	2094	2.22
1990-1994	103	0.43643	0.35826	0.5	623	223	512	1310	2.10
1990-1994	104	0.46407	0.37667	0.5	400	151	325	799	2.00
1990-1994	105	0.49193	0.39482	0.5	249	98	200	474	1.90
1990-1994	106	0.51984	0.41260	0.5	151	62	120	274	1.82
1990-1994	107	0.54763	0.42991	0.5	89	38	70	154	1.74
1990-1994	108	0.57512	0.44668	0.5	51	23	39	85	1.67
1990-1994	109	0.60216	0.46282	0.5	28	13	21	45	1.62
1990-1994	110+	0.62859	1.00000	1.59	15	15	24	24	1.59
1995-1999	0	0.00828	0.00822	0.08	100000	822	99241	7777021	77.77
1995-1999	1	0.00067	0.00067	0.5	99178	66	99145	7677780	77.41
1995-1999	2	0.00040	0.00040	0.5	99112	39	99092	7578635	76.47
1995-1999	3	0.00032	0.00032	0.5	99073	32	99057	7479543	75.50
1995-1999	4	0.00023	0.00023	0.5	99041	23	99029	7380486	74.52
1995-1999	5	0.00024	0.00024	0.5	99017	23	99006	7281457	73.54
1995-1999	6	0.00020	0.00020	0.5	98994	20	98984	7182452	72.55
1995-1999	7	0.00018	0.00018	0.5	98974	18	98965	7083468	71.57
1995-1999	8	0.00020	0.00020	0.5	98956	20	98946	6984503	70.58
1995-1999	9	0.00018	0.00018	0.5	98936	17	98927	6885557	69.60
1995-1999	10	0.00020	0.00020	0.5	98918	20	98908	6786630	68.61
1995-1999	11	0.00019	0.00019	0.5	98899	19	98889	6687722	67.62
1995-1999	12	0.00020	0.00020	0.5	98880	20	98870	6588833	66.63
1995-1999	13	0.00024	0.00024	0.5	98860	24	98848	6489963	65.65
1995-1999	14	0.00030	0.00030	0.5	98836	30	98821	6391115	64.66
1995-1999	15	0.00032	0.00032	0.5	98806	32	98790	6292293	63.68
1995-1999	16	0.00057	0.00057	0.5	98775	57	98746	6193503	62.70
1995-1999	17	0.00066	0.00066	0.5	98718	65	98685	6094756	61.74
1995-1999	18	0.00058	0.00058	0.5	98653	57	98624	5996071	60.78
1995-1999	19	0.00061	0.00061	0.5	98596	60	98566	5897447	59.81
1995-1999	20	0.00055	0.00055	0.5	98536	54	98509	5798881	58.85
1995-1999	21	0.00059	0.00059	0.5	98482	58	98453	5700371	57.88
1995-1999	22	0.00068	0.00068	0.5	98425	67	98391	5601918	56.92
1995-1999	23	0.00058	0.00058	0.5	98358	57	98329	5503527	55.95
1995-1999	24	0.00064	0.00064	0.5	98301	63	98269	5405198	54.99
1995-1999	25	0.00068	0.00068	0.5	98238	67	98205	5306928	54.02
1995-1999	26	0.00072	0.00072	0.5	98171	70	98136	5208724	53.06
1995-1999	27	0.00074	0.00074	0.5	98101	73	98065	5110587	52.10
1995-1999	28	0.00077	0.00077	0.5	98028	76	97990	5012523	51.13
1995-1999	29	0.00092	0.00092	0.5	97953	90	97908	4914532	50.17
1995-1999	30	0.00087	0.00087	0.5	97863	85	97820	4816625	49.22
1995-1999	31	0.00100	0.00100	0.5	97778	98	97729	4718805	48.26
1995-1999	32	0.00102	0.00102	0.5	97680	100	97630	4621076	47.31
1995-1999	33	0.00112	0.00112	0.5	97580	109	97525	4523446	46.36
1995-1999	34	0.00123	0.00123	0.5	97471	120	97411	4425920	45.41
1995-1999	35	0.00123	0.00123	0.5	97351	120	97291	4328509	44.46
1995-1999	36	0.00138	0.00138	0.5	97231	134	97164	4231218	43.52
1995-1999	37	0.00142	0.00142	0.5	97098	138	97029	4134054	42.58
1995-1999	38	0.00164	0.00164	0.5	96960	159	96880	4037025	41.64
1995-1999	39	0.00160	0.00160	0.5	96801	155	96724	3940145	40.70
1995-1999	40	0.00179	0.00179	0.5	96646	173	96560	3843421	39.77
1995-1999	41	0.00185	0.00185	0.5	96473	179	96384	3746861	38.84
1995-1999	42	0.00203	0.00203	0.5	96295	195	96197	3650477	37.91
1995-1999	43	0.00227	0.00226	0.5	96100	218	95991	3554279	36.99
1995-1999	44	0.00238	0.00238	0.5	95882	228	95768	3458288	36.07
1995-1999	45	0.00249	0.00249	0.5	95654	238	95535	3362520	35.15
1995-1999	46	0.00279	0.00278	0.5	95416	266	95283	3266985	34.24
1995-1999	47	0.00300	0.00300	0.5	95150	285	95008	3171702	33.33
1995-1999	48	0.00336	0.00335	0.5	94865	318	94706	3076694	32.43
1995-1999	49	0.00361	0.00360	0.5	94547	341	94377	2981988	31.54
1995-1999	50	0.00381	0.00381	0.5	94207	359	94027	2887611	30.65
1995-1999	51	0.00419	0.00418	0.5	93848	393	93652	2793584	29.77
1995-1999	52	0.00479	0.00478	0.5	93456	447	93232	2699932	28.89
1995-1999	53	0.00505	0.00503	0.5	93009	468	92775	2606700	28.03
1995-1999	54	0.00559	0.00558	0.5	92541	516	92282	2513925	27.17
1995-1999	55	0.00602	0.00600	0.5	92024	552	91748	2421643	26.32
1995-1999	56	0.00704	0.00702	0.5	91472	642	91152	2329894	25.47
1995-1999	57	0.00734	0.00731	0.5	90831	664	90499	2238743	24.65
1995-1999	58	0.00812	0.00808	0.5	90167	729	89802	2148244	23.83
1995-1999	59	0.00894	0.00890	0.5	89438	796	89040	2058442	23.02
1995-1999	60	0.00933	0.00929	0.5	88641	823	88230	1969402	22.22
1995-1999	61	0.01047	0.01042	0.5	87818	915	87361	1881172	21.42
1995-1999	62	0.01221	0.01214	0.5	86904	1055	86376	1793811	20.64
1995-1999	63	0.01263	0.01255	0.5	85848	1077	85310	1707435	19.89
1995-1999	64	0.01361	0.01352	0.5	84771	1146	84198	1622125	19.14
1995-1999	65	0.01512	0.01501	0.5	83625	1255	82998	1537927	18.39
1995-1999	66	0.01632	0.01619	0.5	82370	1333	81704	1454930	17.66
1995-1999	67	0.01713	0.01699	0.5	81037	1377	80349	1373226	16.95
1995-1999	68	0.01843	0.01826	0.5	79660	1455	78933	1292877	16.23
1995-1999	69	0.02068	0.02047	0.5	78206	1601	77405	1213944	15.52
1995-1999	70	0.02205	0.02180	0.5	76605	1670	75770	1136539	14.84
1995-1999	71	0.02488	0.02457	0.5	74935	1842	74014	1060769	14.16
1995-1999	72	0.02753	0.02716	0.5	73093	1985	72101	986756	13.50
1995-1999	73	0.02939	0.02897	0.5	71108	2060	70078	914655	12.86
1995-1999	74	0.03153	0.03104	0.5	69048	2143	67977	844577	12.23
1995-1999	75	0.03474	0.03415	0.5	66905	2285	65763	776600	11.61
1995-1999	76	0.03827	0.03755	0.5	64621	2427	63407	710837	11.00
1995-1999	77	0.04110	0.04027	0.5	62194	2505	60942	647430	10.41
1995-1999	78	0.04617	0.04512	0.5	59689	2693	58343	586489	9.83
1995-1999	79	0.05035	0.04911	0.5	56996	2799	55596	528146	9.27
1995-1999	80	0.05674	0.05517	0.5	54197	2990	52701	472550	8.72
1995-1999	81	0.06299	0.06107	0.5	51206	3127	49643	419848	8.20
1995-1999	82	0.06982	0.06746	0.5	48079	3244	46457	370206	7.70
1995-1999	83	0.07779	0.07488	0.5	44836	3357	43157	323748	7.22
1995-1999	84	0.08585	0.08232	0.5	41478	3414	39771	280591	6.76
1995-1999	85	0.09499	0.09068	0.5	38064	3452	36338	240820	6.33
1995-1999	86	0.10739	0.10192	0.5	34612	3528	32848	204482	5.91
1995-1999	87	0.11796	0.11139	0.5	31085	3462	29353	171634	5.52
1995-1999	88	0.13375	0.12537	0.5	27622	3463	25891	142280	5.15
1995-1999	89	0.14387	0.13422	0.5	24159	3243	22538	116390	4.82
1995-1999	90	0.16167	0.14958	0.5	20917	3129	19352	93852	4.49
1995-1999	91	0.18011	0.16523	0.5	17788	2939	16318	74499	4.19
1995-1999	92	0.19474	0.17746	0.5	14849	2635	13531	58181	3.92
1995-1999	93	0.21876	0.19719	0.5	12214	2408	11010	44650	3.66
1995-1999	94	0.23693	0.21184	0.5	9805	2077	8767	33640	3.43
1995-1999	95	0.25518	0.22630	0.5	7728	1749	6854	24873	3.22
1995-1999	96	0.27795	0.24403	0.5	5979	1459	5250	18020	3.01
1995-1999	97	0.30192	0.26232	0.5	4520	1186	3927	12770	2.83
1995-1999	98	0.32703	0.28107	0.5	3334	937	2866	8843	2.65
1995-1999	99	0.35317	0.30016	0.5	2397	720	2037	5977	2.49
1995-1999	100	0.38021	0.31948	0.5	1678	536	1410	3939	2.35
1995-1999	101	0.40803	0.33889	0.5	1142	387	948	2530	2.22
1995-1999	102	0.43644	0.35826	0.5	755	270	620	1582	2.10
1995-1999	103	0.46528	0.37747	0.5	484	183	393	962	1.99
1995-1999	104	0.49435	0.39638	0.5	302	120	242	569	1.89
1995-1999	105	0.52346	0.41487	0.5	182	76	144	327	1.80
1995-1999	106	0.55241	0.43285	0.5	107	46	83	183	1.72
1995-1999	107	0.58101	0.45022	0.5	60	27	47	100	1.65
1995-1999	108	0.60908	0.46689	0.5	33	16	25	53	1.59
1995-1999	109	0.63644	0.48280	0.5	18	9	13	27	1.54
1995-1999	110+	0.66295	1.00000	1.51	9	9	14	14	1.51
2000-2004	0	0.00784	0.00778	0.07	100000	778	99280	7761959	77.62
2000-2004	1	0.00059	0.00059	0.5	99222	58	99193	7662679	77.23
2000-2004	2	0.00035	0.00035	0.5	99164	35	99146	7563486	76.27
2000-2004	3	0.00026	0.00026	0.5	99129	25	99117	7464340	75.30
2000-2004	4	0.00020	0.00020	0.5	99104	20	99094	7365223	74.32
2000-2004	5	0.00020	0.00020	0.5	99084	20	99074	7266129	73.33
2000-2004	6	0.00016	0.00016	0.5	99064	16	99056	7167055	72.35
2000-2004	7	0.00018	0.00018	0.5	99049	18	99040	7067999	71.36
2000-2004	8	0.00015	0.00015	0.5	99031	15	99023	6968959	70.37
2000-2004	9	0.00014	0.00014	0.5	99016	14	99008	6869936	69.38
2000-2004	10	0.00014	0.00014	0.5	99001	14	98994	6770927	68.39
2000-2004	11	0.00017	0.00017	0.5	98987	16	98979	6671933	67.40
2000-2004	12	0.00017	0.00017	0.5	98971	17	98962	6572954	66.41
2000-2004	13	0.00023	0.00023	0.5	98954	23	98942	6473992	65.42
2000-2004	14	0.00029	0.00029	0.5	98931	29	98917	6375049	64.44
2000-2004	15	0.00035	0.00035	0.5	98902	35	98885	6276133	63.46
2000-2004	16	0.00054	0.00054	0.5	98868	53	98841	6177248	62.48
2000-2004	17	0.00055	0.00055	0.5	98815	54	98788	6078407	61.51
2000-2004	18	0.00067	0.00067	0.5	98761	67	98727	5979619	60.55
2000-2004	19	0.00059	0.00059	0.5	98694	58	98665	5880892	59.59
2000-2004	20	0.00063	0.00063	0.5	98636	62	98605	5782226	58.62
2000-2004	21	0.00064	0.00064	0.5	98574	63	98542	5683621	57.66
2000-2004	22	0.00071	0.00071	0.5	98511	70	98476	5585079	56.70
2000-2004	23	0.00071	0.00071	0.5	98441	70	98406	5486603	55.74
2000-2004	24	0.00071	0.00071	0.5	98371	69	98336	5388197	54.77
2000-2004	25	0.00070	0.00070	0.5	98301	69	98267	5289861	53.81
2000-2004	26	0.00080	0.00080	0.5	98232	79	98193	5191595	52.85
2000-2004	27	0.00084	0.00084	0.5	98154	82	98113	5093401	51.89
2000-2004	28	0.00086	0.00086	0.5	98072	84	98030	4995289	50.94
2000-2004	29	0.00094	0.00094	0.5	97988	93	97942	4897259	49.98
2000-2004	30	0.00090	0.00090	0.5	97895	88	97851	4799317	49.02
2000-2004	31	0.00097	0.00097	0.5	97807	95	97760	4701466	48.07
2000-2004	32	0.00107	0.00107	0.5	97712	104	97660	4603706	47.11
2000-2004	33	0.00116	0.00116	0.5	97608	113	97552	4506046	46.16
2000-2004	34	0.00123	0.00123	0.5	97495	120	97435	4408494	45.22
2000-2004	35	0.00131	0.00131	0.5	97376	128	97312	4311059	44.27
2000-2004	36	0.00139	0.00139	0.5	97248	135	97181	4213747	43.33
2000-2004	37	0.00161	0.00160	0.5	97113	156	97035	4116566	42.39
2000-2004	38	0.00175	0.00175	0.5	96957	170	96872	4019531	41.46
2000-2004	39	0.00189	0.00189	0.5	96787	183	96696	3922659	40.53
2000-2004	40	0.00206	0.00206	0.5	96604	199	96505	3825963	39.60
2000-2004	41	0.00213	0.00212	0.5	96406	205	96303	3729458	38.69
2000-2004	42	0.00229	0.00229	0.5	96201	220	96091	3633155	37.77
2000-2004	43	0.00253	0.00252	0.5	95981	242	95860	3537064	36.85
2000-2004	44	0.00278	0.00277	0.5	95738	266	95606	3441204	35.94
2000-2004	45	0.00296	0.00295	0.5	95473	282	95332	3345599	35.04
2000-2004	46	0.00319	0.00319	0.5	95191	303	95039	3250267	34.14
2000-2004	47	0.00319	0.00319	0.5	94887	303	94736	3155228	33.25
2000-2004	48	0.00354	0.00353	0.5	94585	334	94418	3060492	32.36
2000-2004	49	0.00388	0.00387	0.5	94251	365	94068	2966074	31.47
2000-2004	50	0.00401	0.00400	0.5	93886	375	93698	2872006	30.59
2000-2004	51	0.00440	0.00439	0.5	93511	410	93305	2778308	29.71
2000-2004	52	0.00464	0.00462	0.5	93100	431	92885	2685002	28.84
2000-2004	53	0.00514	0.00512	0.5	92670	475	92432	2592117	27.97
2000-2004	54	0.00569	0.00567	0.5	92195	523	91934	2499685	27.11
2000-2004	55	0.00611	0.00609	0.5	91672	558	91393	2407751	26.26
2000-2004	56	0.00659	0.00657	0.5	91114	599	90815	2316358	25.42
2000-2004	57	0.00734	0.00732	0.5	90515	662	90184	2225543	24.59
2000-2004	58	0.00802	0.00799	0.5	89853	718	89494	2135359	23.77
2000-2004	59	0.00866	0.00863	0.5	89135	769	88750	2045866	22.95
2000-2004	60	0.00966	0.00962	0.5	88366	850	87941	1957115	22.15
2000-2004	61	0.01024	0.01019	0.5	87516	892	87070	1869174	21.36
2000-2004	62	0.01111	0.01105	0.5	86624	957	86146	1782104	20.57
2000-2004	63	0.01233	0.01226	0.5	85667	1050	85142	1695958	19.80
2000-2004	64	0.01329	0.01320	0.5	84617	1117	84058	1610817	19.04
2000-2004	65	0.01434	0.01424	0.5	83500	1189	82905	1526758	18.28
2000-2004	66	0.01609	0.01597	0.5	82311	1314	81654	1443853	17.54
2000-2004	67	0.01712	0.01697	0.5	80997	1375	80309	1362199	16.82
2000-2004	68	0.01867	0.01850	0.5	79622	1473	78885	1281890	16.10
2000-2004	69	0.02031	0.02010	0.5	78149	1571	77363	1203004	15.39
2000-2004	70	0.02197	0.02173	0.5	76578	1664	75746	1125641	14.70
2000-2004	71	0.02403	0.02374	0.5	74914	1778	74024	1049895	14.01
2000-2004	72	0.02638	0.02604	0.5	73135	1904	72183	975871	13.34
2000-2004	73	0.02891	0.02850	0.5	71231	2030	70216	903688	12.69
2000-2004	74	0.03115	0.03067	0.5	69201	2122	68140	833472	12.04
2000-2004	75	0.03509	0.03449	0.5	67078	2313	65922	765332	11.41
2000-2004	76	0.03834	0.03762	0.5	64765	2436	63547	699411	10.80
2000-2004	77	0.04196	0.04110	0.5	62329	2562	61048	635864	10.20
2000-2004	78	0.04639	0.04534	0.5	59767	2710	58412	574816	9.62
2000-2004	79	0.05139	0.05011	0.5	57057	2859	55627	516404	9.05
2000-2004	80	0.05761	0.05600	0.5	54198	3035	52681	460777	8.50
2000-2004	81	0.06435	0.06234	0.5	51163	3190	49568	408096	7.98
2000-2004	82	0.07086	0.06843	0.5	47974	3283	46332	358528	7.47
2000-2004	83	0.07945	0.07642	0.5	44691	3415	42983	312196	6.99
2000-2004	84	0.08845	0.08471	0.5	41276	3496	39527	269213	6.52
2000-2004	85	0.09916	0.09447	0.5	37779	3569	35995	229686	6.08
2000-2004	86	0.11015	0.10440	0.5	34210	3572	32424	193691	5.66
2000-2004	87	0.12272	0.11562	0.5	30639	3542	28867	161267	5.26
2000-2004	88	0.13972	0.13059	0.5	27096	3539	25327	132399	4.89
2000-2004	89	0.15696	0.14554	0.5	23557	3428	21843	107073	4.55
2000-2004	90	0.17289	0.15914	0.5	20129	3203	18527	85229	4.23
2000-2004	91	0.18882	0.17253	0.5	16926	2920	15466	66702	3.94
2000-2004	92	0.21212	0.19178	0.5	14006	2686	12663	51236	3.66
2000-2004	93	0.23575	0.21089	0.5	11320	2387	10126	38573	3.41
2000-2004	94	0.26023	0.23027	0.5	8932	2057	7904	28447	3.18
2000-2004	95	0.27809	0.24414	0.5	6876	1679	6036	20543	2.99
2000-2004	96	0.30367	0.26364	0.5	5197	1370	4512	14507	2.79
2000-2004	97	0.33052	0.28364	0.5	3827	1085	3284	9995	2.61
2000-2004	98	0.35852	0.30402	0.5	2741	833	2325	6711	2.45
2000-2004	99	0.38753	0.32463	0.5	1908	619	1598	4387	2.30
2000-2004	100	0.41735	0.34529	0.5	1289	445	1066	2788	2.16
2000-2004	101	0.44779	0.36587	0.5	844	309	689	1722	2.04
2000-2004	102	0.47862	0.38620	0.5	535	207	432	1033	1.93
2000-2004	103	0.50962	0.40614	0.5	328	133	262	601	1.83
2000-2004	104	0.54055	0.42554	0.5	195	83	154	340	1.74
2000-2004	105	0.57117	0.44429	0.5	112	50	87	186	1.66
2000-2004	106	0.60125	0.46228	0.5	62	29	48	99	1.59
2000-2004	107	0.63059	0.47943	0.5	33	16	25	51	1.53
2000-2004	108	0.65899	0.49567	0.5	17	9	13	26	1.47
2000-2004	109	0.68629	0.51096	0.5	9	4	7	13	1.43
2000-2004	110+	0.71236	1.00000	1.4	4	4	6	6	1.40
2005-2009	0	0.00786	0.00780	0.08	100000	780	99278	7811546	78.12
2005-2009	1	0.00054	0.00054	0.5	99220	54	99193	7712268	77.73
2005-2009	2	0.00039	0.00039	0.5	99166	39	99146	7613075	76.77
2005-2009	3	0.00025	0.00025	0.5	99127	25	99114	7513929	75.80
2005-2009	4	0.00021	0.00021	0.5	99102	21	99092	7414815	74.82
2005-2009	5	0.00015	0.00015	0.5	99081	15	99074	7315723	73.84
2005-2009	6	0.00015	0.00015	0.5	99066	15	99059	7216649	72.85
2005-2009	7	0.00014	0.00014	0.5	99051	14	99044	7117591	71.86
2005-2009	8	0.00013	0.00013	0.5	99037	13	99031	7018547	70.87
2005-2009	9	0.00014	0.00014	0.5	99024	13	99017	6919516	69.88
2005-2009	10	0.00013	0.00013	0.5	99011	13	99004	6820499	68.89
2005-2009	11	0.00016	0.00016	0.5	98998	16	98989	6721494	67.90
2005-2009	12	0.00015	0.00015	0.5	98981	15	98974	6622505	66.91
2005-2009	13	0.00018	0.00018	0.5	98966	18	98957	6523531	65.92
2005-2009	14	0.00021	0.00021	0.5	98948	21	98938	6424574	64.93
2005-2009	15	0.00025	0.00025	0.5	98927	25	98915	6325636	63.94
2005-2009	16	0.00038	0.00038	0.5	98902	37	98884	6226722	62.96
2005-2009	17	0.00054	0.00054	0.5	98865	53	98839	6127838	61.98
2005-2009	18	0.00056	0.00056	0.5	98812	55	98784	6028999	61.01
2005-2009	19	0.00060	0.00060	0.5	98757	59	98727	5930215	60.05
2005-2009	20	0.00063	0.00063	0.5	98698	62	98667	5831487	59.08
2005-2009	21	0.00065	0.00065	0.5	98636	65	98604	5732821	58.12
2005-2009	22	0.00066	0.00066	0.5	98571	65	98539	5634217	57.16
2005-2009	23	0.00069	0.00069	0.5	98506	68	98472	5535678	56.20
2005-2009	24	0.00065	0.00065	0.5	98439	64	98407	5437206	55.23
2005-2009	25	0.00068	0.00068	0.5	98375	67	98341	5338799	54.27
2005-2009	26	0.00076	0.00076	0.5	98308	75	98271	5240457	53.31
2005-2009	27	0.00081	0.00081	0.5	98233	80	98193	5142187	52.35
2005-2009	28	0.00094	0.00094	0.5	98153	92	98107	5043994	51.39
2005-2009	29	0.00097	0.00097	0.5	98061	95	98014	4945886	50.44
2005-2009	30	0.00108	0.00108	0.5	97966	106	97913	4847873	49.49
2005-2009	31	0.00107	0.00107	0.5	97860	104	97808	4749960	48.54
2005-2009	32	0.00106	0.00106	0.5	97756	104	97704	4652152	47.59
2005-2009	33	0.00112	0.00112	0.5	97652	109	97597	4554448	46.64
2005-2009	34	0.00122	0.00122	0.5	97542	119	97483	4456851	45.69
2005-2009	35	0.00140	0.00140	0.5	97424	136	97356	4359368	44.75
2005-2009	36	0.00143	0.00143	0.5	97288	139	97218	4262012	43.81
2005-2009	37	0.00152	0.00152	0.5	97148	148	97074	4164794	42.87
2005-2009	38	0.00164	0.00164	0.5	97001	159	96921	4067720	41.93
2005-2009	39	0.00189	0.00189	0.5	96842	183	96750	3970798	41.00
2005-2009	40	0.00193	0.00192	0.5	96659	186	96566	3874048	40.08
2005-2009	41	0.00221	0.00221	0.5	96473	213	96366	3777482	39.16
2005-2009	42	0.00238	0.00238	0.5	96260	229	96145	3681116	38.24
2005-2009	43	0.00276	0.00276	0.5	96031	265	95898	3584971	37.33
2005-2009	44	0.00293	0.00293	0.5	95766	280	95626	3489073	36.43
2005-2009	45	0.00309	0.00309	0.5	95485	295	95338	3393447	35.54
2005-2009	46	0.00330	0.00329	0.5	95191	313	95034	3298109	34.65
2005-2009	47	0.00357	0.00357	0.5	94877	338	94708	3203075	33.76
2005-2009	48	0.00372	0.00371	0.5	94539	351	94364	3108367	32.88
2005-2009	49	0.00406	0.00406	0.5	94188	382	93997	3014003	32.00
2005-2009	50	0.00426	0.00425	0.5	93806	399	93607	2920006	31.13
2005-2009	51	0.00490	0.00489	0.5	93407	457	93179	2826400	30.26
2005-2009	52	0.00500	0.00499	0.5	92951	464	92719	2733221	29.41
2005-2009	53	0.00513	0.00512	0.5	92487	474	92250	2640502	28.55
2005-2009	54	0.00559	0.00558	0.5	92013	513	91756	2548252	27.69
2005-2009	55	0.00591	0.00589	0.5	91500	539	91230	2456496	26.85
2005-2009	56	0.00647	0.00645	0.5	90961	587	90667	2365266	26.00
2005-2009	57	0.00680	0.00678	0.5	90374	613	90067	2274599	25.17
2005-2009	58	0.00733	0.00730	0.5	89761	656	89433	2184531	24.34
2005-2009	59	0.00821	0.00818	0.5	89105	729	88741	2095098	23.51
2005-2009	60	0.00890	0.00886	0.5	88377	783	87985	2006357	22.70
2005-2009	61	0.00964	0.00960	0.5	87594	841	87173	1918372	21.90
2005-2009	62	0.01059	0.01053	0.5	86753	914	86296	1831198	21.11
2005-2009	63	0.01170	0.01164	0.5	85839	999	85340	1744902	20.33
2005-2009	64	0.01254	0.01246	0.5	84841	1057	84312	1659562	19.56
2005-2009	65	0.01364	0.01355	0.5	83783	1135	83216	1575250	18.80
2005-2009	66	0.01452	0.01441	0.5	82648	1191	82053	1492034	18.05
2005-2009	67	0.01592	0.01580	0.5	81457	1287	80814	1409981	17.31
2005-2009	68	0.01734	0.01719	0.5	80170	1378	79481	1329167	16.58
2005-2009	69	0.01895	0.01877	0.5	78792	1479	78052	1249686	15.86
2005-2009	70	0.02049	0.02028	0.5	77313	1568	76529	1171634	15.15
2005-2009	71	0.02198	0.02174	0.5	75745	1647	74921	1095105	14.46
2005-2009	72	0.02423	0.02394	0.5	74098	1774	73211	1020184	13.77
2005-2009	73	0.02699	0.02663	0.5	72324	1926	71360	946973	13.09
2005-2009	74	0.02959	0.02916	0.5	70397	2053	69371	875613	12.44
2005-2009	75	0.03199	0.03149	0.5	68345	2152	67269	806242	11.80
2005-2009	76	0.03512	0.03452	0.5	66193	2285	65050	738973	11.16
2005-2009	77	0.03941	0.03865	0.5	63908	2470	62673	673923	10.55
2005-2009	78	0.04315	0.04224	0.5	61438	2595	60140	611250	9.95
2005-2009	79	0.04714	0.04605	0.5	58843	2710	57488	551110	9.37
2005-2009	80	0.05323	0.05185	0.5	56133	2911	54677	493622	8.79
2005-2009	81	0.05879	0.05711	0.5	53222	3039	51703	438945	8.25
2005-2009	82	0.06803	0.06579	0.5	50183	3302	48532	387242	7.72
2005-2009	83	0.07467	0.07198	0.5	46881	3375	45194	338710	7.22
2005-2009	84	0.08364	0.08028	0.5	43506	3493	41760	293516	6.75
2005-2009	85	0.09361	0.08942	0.5	40014	3578	38225	251756	6.29
2005-2009	86	0.10679	0.10138	0.5	36436	3694	34589	213531	5.86
2005-2009	87	0.11566	0.10934	0.5	32742	3580	30952	178943	5.47
2005-2009	88	0.13222	0.12402	0.5	29162	3617	27354	147991	5.07
2005-2009	89	0.14629	0.13632	0.5	25545	3482	23804	120637	4.72
2005-2009	90	0.16405	0.15162	0.5	22063	3345	20390	96833	4.39
2005-2009	91	0.17617	0.16191	0.5	18718	3031	17203	76442	4.08
2005-2009	92	0.20640	0.18709	0.5	15687	2935	14220	59240	3.78
2005-2009	93	0.22342	0.20097	0.5	12752	2563	11471	45020	3.53
2005-2009	94	0.24655	0.21950	0.5	10189	2237	9071	33549	3.29
2005-2009	95	0.26707	0.23561	0.5	7953	1874	7016	24478	3.08
2005-2009	96	0.29228	0.25501	0.5	6079	1550	5304	17462	2.87
2005-2009	97	0.31882	0.27499	0.5	4529	1245	3906	12158	2.68
2005-2009	98	0.34660	0.29541	0.5	3284	970	2799	8251	2.51
2005-2009	99	0.37546	0.31612	0.5	2314	731	1948	5453	2.36
2005-2009	100	0.40524	0.33696	0.5	1582	533	1316	3505	2.22
2005-2009	101	0.43573	0.35778	0.5	1049	375	861	2189	2.09
2005-2009	102	0.46672	0.37841	0.5	674	255	546	1328	1.97
2005-2009	103	0.49796	0.39869	0.5	419	167	335	782	1.87
2005-2009	104	0.52922	0.41848	0.5	252	105	199	446	1.77
2005-2009	105	0.56025	0.43765	0.5	146	64	114	247	1.69
2005-2009	106	0.59082	0.45609	0.5	82	38	64	133	1.61
2005-2009	107	0.62070	0.47369	0.5	45	21	34	69	1.55
2005-2009	108	0.64969	0.49039	0.5	24	12	18	35	1.49
2005-2009	109	0.67762	0.50614	0.5	12	6	9	17	1.45
2005-2009	110+	0.70433	1.00000	1.42	6	6	8	8	1.42
2010-2014	0	0.00702	0.00697	0.07	100000	697	99354	7841192	78.41
2010-2014	1	0.00049	0.00049	0.5	99303	48	99279	7741838	77.96
2010-2014	2	0.00036	0.00036	0.5	99255	35	99237	7642560	77.00
2010-2014	3	0.00024	0.00024	0.5	99219	24	99207	7543323	76.03
2010-2014	4	0.00015	0.00015	0.5	99195	15	99188	7444115	75.05
2010-2014	5	0.00016	0.00016	0.5	99180	16	99172	7344928	74.06
2010-2014	6	0.00013	0.00013	0.5	99165	13	99158	7245755	73.07
2010-2014	7	0.00014	0.00014	0.5	99152	14	99145	7146597	72.08
2010-2014	8	0.00013	0.00013	0.5	99138	13	99131	7047452	71.09
2010-2014	9	0.00017	0.00017	0.5	99125	16	99117	6948321	70.10
2010-2014	10	0.00012	0.00012	0.5	99109	12	99103	6849204	69.11
2010-2014	11	0.00012	0.00012	0.5	99097	12	99090	6750102	68.12
2010-2014	12	0.00016	0.00016	0.5	99084	15	99076	6651011	67.12
2010-2014	13	0.00015	0.00015	0.5	99069	14	99061	6551935	66.14
2010-2014	14	0.00018	0.00018	0.5	99054	18	99045	6452873	65.14
2010-2014	15	0.00020	0.00020	0.5	99036	20	99026	6353828	64.16
2010-2014	16	0.00030	0.00030	0.5	99016	30	99001	6254802	63.17
2010-2014	17	0.00040	0.00040	0.5	98986	39	98967	6155801	62.19
2010-2014	18	0.00044	0.00044	0.5	98947	44	98925	6056834	61.21
2010-2014	19	0.00050	0.00050	0.5	98903	50	98878	5957909	60.24
2010-2014	20	0.00054	0.00054	0.5	98853	53	98827	5859031	59.27
2010-2014	21	0.00056	0.00056	0.5	98800	55	98773	5760204	58.30
2010-2014	22	0.00057	0.00057	0.5	98745	56	98717	5661431	57.33
2010-2014	23	0.00064	0.00064	0.5	98689	63	98658	5562714	56.37
2010-2014	24	0.00064	0.00064	0.5	98626	64	98594	5464057	55.40
2010-2014	25	0.00072	0.00072	0.5	98562	71	98527	5365462	54.44
2010-2014	26	0.00082	0.00082	0.5	98491	81	98451	5266936	53.48
2010-2014	27	0.00078	0.00078	0.5	98410	77	98371	5168485	52.52
2010-2014	28	0.00093	0.00093	0.5	98333	92	98287	5070114	51.56
2010-2014	29	0.00096	0.00096	0.5	98241	95	98194	4971827	50.61
2010-2014	30	0.00108	0.00108	0.5	98146	106	98093	4873633	49.66
2010-2014	31	0.00115	0.00115	0.5	98040	113	97984	4775540	48.71
2010-2014	32	0.00120	0.00120	0.5	97928	117	97869	4677556	47.77
2010-2014	33	0.00127	0.00127	0.5	97810	124	97748	4579687	46.82
2010-2014	34	0.00131	0.00131	0.5	97686	128	97622	4481938	45.88
2010-2014	35	0.00158	0.00158	0.5	97558	154	97481	4384316	44.94
2010-2014	36	0.00147	0.00147	0.5	97404	143	97333	4286835	44.01
2010-2014	37	0.00163	0.00162	0.5	97261	158	97182	4189502	43.07
2010-2014	38	0.00178	0.00178	0.5	97103	172	97017	4092320	42.14
2010-2014	39	0.00192	0.00192	0.5	96931	186	96838	3995303	41.22
2010-2014	40	0.00191	0.00191	0.5	96745	185	96653	3898465	40.30
2010-2014	41	0.00215	0.00215	0.5	96560	208	96456	3801813	39.37
2010-2014	42	0.00238	0.00238	0.5	96353	229	96238	3705356	38.46
2010-2014	43	0.00251	0.00250	0.5	96123	241	96003	3609119	37.55
2010-2014	44	0.00278	0.00278	0.5	95883	266	95749	3513116	36.64
2010-2014	45	0.00309	0.00309	0.5	95616	295	95469	3417366	35.74
2010-2014	46	0.00320	0.00320	0.5	95321	305	95169	3321898	34.85
2010-2014	47	0.00373	0.00372	0.5	95016	353	94839	3226729	33.96
2010-2014	48	0.00394	0.00393	0.5	94663	372	94477	3131890	33.08
2010-2014	49	0.00425	0.00424	0.5	94290	400	94090	3037413	32.21
2010-2014	50	0.00463	0.00462	0.5	93890	433	93674	2943322	31.35
2010-2014	51	0.00514	0.00513	0.5	93457	480	93217	2849649	30.49
2010-2014	52	0.00537	0.00536	0.5	92977	498	92728	2756432	29.65
2010-2014	53	0.00579	0.00578	0.5	92479	534	92212	2663703	28.80
2010-2014	54	0.00622	0.00620	0.5	91945	570	91660	2571491	27.97
2010-2014	55	0.00653	0.00651	0.5	91375	595	91078	2479831	27.14
2010-2014	56	0.00725	0.00723	0.5	90780	656	90452	2388753	26.31
2010-2014	57	0.00739	0.00737	0.5	90124	664	89792	2298301	25.50
2010-2014	58	0.00748	0.00745	0.5	89460	666	89127	2208509	24.69
2010-2014	59	0.00802	0.00799	0.5	88794	709	88439	2119382	23.87
2010-2014	60	0.00874	0.00871	0.5	88085	767	87701	2030942	23.06
2010-2014	61	0.00955	0.00950	0.5	87318	830	86903	1943241	22.25
2010-2014	62	0.01032	0.01026	0.5	86488	888	86044	1856338	21.46
2010-2014	63	0.01110	0.01104	0.5	85600	945	85128	1770294	20.68
2010-2014	64	0.01197	0.01190	0.5	84655	1008	84151	1685166	19.91
2010-2014	65	0.01291	0.01283	0.5	83647	1073	83111	1601015	19.14
2010-2014	66	0.01385	0.01376	0.5	82574	1136	82006	1517904	18.38
2010-2014	67	0.01538	0.01526	0.5	81438	1243	80817	1435898	17.63
2010-2014	68	0.01666	0.01653	0.5	80195	1325	79533	1355081	16.90
2010-2014	69	0.01844	0.01827	0.5	78870	1441	78149	1275549	16.17
2010-2014	70	0.02006	0.01986	0.5	77429	1538	76660	1197400	15.46
2010-2014	71	0.02174	0.02151	0.5	75891	1632	75075	1120740	14.77
2010-2014	72	0.02354	0.02327	0.5	74259	1728	73395	1045665	14.08
2010-2014	73	0.02556	0.02524	0.5	72531	1831	71615	972270	13.40
2010-2014	74	0.02820	0.02781	0.5	70700	1966	69717	900655	12.74
2010-2014	75	0.03051	0.03005	0.5	68734	2066	67701	830938	12.09
2010-2014	76	0.03364	0.03308	0.5	66669	2206	65566	763236	11.45
2010-2014	77	0.03780	0.03710	0.5	64463	2392	63267	697671	10.82
2010-2014	78	0.04103	0.04021	0.5	62071	2496	60824	634404	10.22
2010-2014	79	0.04616	0.04511	0.5	59576	2688	58232	573580	9.63
2010-2014	80	0.04994	0.04872	0.5	56888	2772	55502	515348	9.06
2010-2014	81	0.05594	0.05442	0.5	54116	2945	52644	459846	8.50
2010-2014	82	0.06263	0.06073	0.5	51171	3107	49617	407202	7.96
2010-2014	83	0.06939	0.06706	0.5	48064	3223	46452	357585	7.44
2010-2014	84	0.07771	0.07481	0.5	44840	3354	43163	311133	6.94
2010-2014	85	0.08936	0.08554	0.5	41486	3549	39712	267970	6.46
2010-2014	86	0.09996	0.09520	0.5	37937	3612	36132	228258	6.02
2010-2014	87	0.11136	0.10548	0.5	34326	3621	32515	192126	5.60
2010-2014	88	0.12504	0.11769	0.5	30705	3614	28898	159611	5.20
2010-2014	89	0.14220	0.13276	0.5	27091	3597	25293	130713	4.82
2010-2014	90	0.15869	0.14702	0.5	23495	3454	21768	105420	4.49
2010-2014	91	0.17450	0.16050	0.5	20041	3216	18432	83652	4.17
2010-2014	92	0.19414	0.17696	0.5	16824	2977	15335	65220	3.88
2010-2014	93	0.21312	0.19260	0.5	13847	2667	12513	49884	3.60
2010-2014	94	0.24348	0.21705	0.5	11180	2427	9967	37371	3.34
2010-2014	95	0.26011	0.23018	0.5	8753	2015	7746	27404	3.13
2010-2014	96	0.28545	0.24980	0.5	6739	1683	5897	19658	2.92
2010-2014	97	0.31221	0.27006	0.5	5055	1365	4373	13762	2.72
2010-2014	98	0.34029	0.29081	0.5	3690	1073	3154	9389	2.54
2010-2014	99	0.36954	0.31191	0.5	2617	816	2209	6235	2.38
2010-2014	100	0.39977	0.33318	0.5	1801	600	1501	4027	2.24
2010-2014	101	0.43079	0.35445	0.5	1201	426	988	2526	2.10
2010-2014	102	0.46237	0.37555	0.5	775	291	630	1538	1.98
2010-2014	103	0.49424	0.39631	0.5	484	192	388	908	1.88
2010-2014	104	0.52617	0.41657	0.5	292	122	231	520	1.78
2010-2014	105	0.55788	0.43621	0.5	170	74	133	289	1.69
2010-2014	106	0.58913	0.45508	0.5	96	44	74	155	1.62
2010-2014	107	0.61967	0.47309	0.5	52	25	40	81	1.55
2010-2014	108	0.64930	0.49017	0.5	28	14	21	41	1.49
2010-2014	109	0.67781	0.50624	0.5	14	7	11	20	1.45
2010-2014	110+	0.70507	1.00000	1.42	7	7	10	10	1.42
2015-2019	0	0.00665	0.00661	0.07	100000	661	99386	7829123	78.29
2015-2019	1	0.00047	0.00047	0.5	99339	46	99316	7729737	77.81
2015-2019	2	0.00032	0.00032	0.5	99293	32	99277	7630421	76.85
2015-2019	3	0.00023	0.00023	0.5	99261	23	99249	7531144	75.87
2015-2019	4	0.00018	0.00018	0.5	99238	18	99229	7431895	74.89
2015-2019	5	0.00017	0.00017	0.5	99220	17	99212	7332665	73.90
2015-2019	6	0.00013	0.00013	0.5	99204	13	99197	7233453	72.92
2015-2019	7	0.00014	0.00014	0.5	99191	14	99183	7134256	71.92
2015-2019	8	0.00014	0.00014	0.5	99176	14	99169	7035073	70.93
2015-2019	9	0.00017	0.00017	0.5	99162	17	99154	6935903	69.94
2015-2019	10	0.00011	0.00011	0.5	99145	11	99140	6836749	68.96
2015-2019	11	0.00014	0.00014	0.5	99135	14	99128	6737609	67.96
2015-2019	12	0.00019	0.00019	0.5	99121	19	99112	6638481	66.97
2015-2019	13	0.00019	0.00019	0.5	99102	19	99093	6539369	65.99
2015-2019	14	0.00021	0.00021	0.5	99083	20	99073	6440277	65.00
2015-2019	15	0.00025	0.00025	0.5	99063	25	99050	6341204	64.01
2015-2019	16	0.00031	0.00031	0.5	99038	31	99022	6242153	63.03
2015-2019	17	0.00036	0.00036	0.5	99007	36	98989	6143131	62.05
2015-2019	18	0.00048	0.00048	0.5	98971	48	98947	6044142	61.07
2015-2019	19	0.00052	0.00052	0.5	98923	51	98897	5945195	60.10
2015-2019	20	0.00060	0.00060	0.5	98872	60	98842	5846298	59.13
2015-2019	21	0.00060	0.00060	0.5	98812	60	98782	5747456	58.17
2015-2019	22	0.00066	0.00066	0.5	98752	65	98720	5648674	57.20
2015-2019	23	0.00075	0.00075	0.5	98688	74	98651	5549954	56.24
2015-2019	24	0.00067	0.00067	0.5	98614	66	98581	5451303	55.28
2015-2019	25	0.00078	0.00078	0.5	98548	77	98510	5352722	54.32
2015-2019	26	0.00080	0.00080	0.5	98472	79	98432	5254212	53.36
2015-2019	27	0.00094	0.00094	0.5	98393	93	98346	5155779	52.40
2015-2019	28	0.00100	0.00100	0.5	98300	99	98251	5057433	51.45
2015-2019	29	0.00113	0.00113	0.5	98201	111	98146	4959182	50.50
2015-2019	30	0.00122	0.00122	0.5	98090	120	98030	4861037	49.56
2015-2019	31	0.00126	0.00126	0.5	97970	123	97909	4763007	48.62
2015-2019	32	0.00140	0.00140	0.5	97847	137	97778	4665098	47.68
2015-2019	33	0.00151	0.00151	0.5	97710	148	97636	4567320	46.74
2015-2019	34	0.00148	0.00148	0.5	97562	145	97490	4469684	45.81
2015-2019	35	0.00159	0.00159	0.5	97418	155	97340	4372194	44.88
2015-2019	36	0.00170	0.00170	0.5	97263	165	97180	4274854	43.95
2015-2019	37	0.00189	0.00189	0.5	97097	184	97005	4177674	43.03
2015-2019	38	0.00199	0.00199	0.5	96914	193	96817	4080668	42.11
2015-2019	39	0.00213	0.00213	0.5	96721	206	96618	3983851	41.19
2015-2019	40	0.00209	0.00209	0.5	96515	202	96415	3887233	40.28
2015-2019	41	0.00230	0.00230	0.5	96314	222	96203	3790818	39.36
2015-2019	42	0.00253	0.00253	0.5	96092	243	95971	3694615	38.45
2015-2019	43	0.00272	0.00272	0.5	95850	261	95719	3598644	37.54
2015-2019	44	0.00295	0.00295	0.5	95589	282	95448	3502925	36.65
2015-2019	45	0.00315	0.00315	0.5	95308	300	95157	3407476	35.75
2015-2019	46	0.00339	0.00339	0.5	95007	322	94847	3312319	34.86
2015-2019	47	0.00371	0.00370	0.5	94686	350	94511	3217472	33.98
2015-2019	48	0.00392	0.00391	0.5	94335	369	94151	3122962	33.10
2015-2019	49	0.00413	0.00412	0.5	93966	387	93773	3028811	32.23
2015-2019	50	0.00474	0.00473	0.5	93579	443	93358	2935038	31.36
2015-2019	51	0.00496	0.00494	0.5	93136	460	92906	2841680	30.51
2015-2019	52	0.00543	0.00542	0.5	92676	502	92425	2748774	29.66
2015-2019	53	0.00592	0.00590	0.5	92174	544	91902	2656349	28.82
2015-2019	54	0.00639	0.00637	0.5	91630	583	91338	2564447	27.99
2015-2019	55	0.00688	0.00686	0.5	91047	624	90734	2473109	27.16
2015-2019	56	0.00739	0.00736	0.5	90422	665	90090	2382375	26.35
2015-2019	57	0.00809	0.00806	0.5	89757	723	89395	2292285	25.54
2015-2019	58	0.00854	0.00850	0.5	89033	757	88655	2202890	24.74
2015-2019	59	0.00894	0.00890	0.5	88276	785	87884	2114235	23.95
2015-2019	60	0.00961	0.00956	0.5	87491	837	87073	2026352	23.16
2015-2019	61	0.01012	0.01007	0.5	86654	872	86218	1939279	22.38
2015-2019	62	0.01084	0.01078	0.5	85782	925	85319	1853061	21.60
2015-2019	63	0.01141	0.01134	0.5	84857	963	84376	1767742	20.83
2015-2019	64	0.01262	0.01254	0.5	83894	1052	83368	1683366	20.07
2015-2019	65	0.01315	0.01306	0.5	82842	1082	82301	1599998	19.31
2015-2019	66	0.01390	0.01380	0.5	81760	1128	81196	1517697	18.56
2015-2019	67	0.01502	0.01491	0.5	80632	1202	80031	1436501	17.82
2015-2019	68	0.01642	0.01629	0.5	79430	1294	78783	1356471	17.08
2015-2019	69	0.01810	0.01794	0.5	78136	1402	77435	1277688	16.35
2015-2019	70	0.01950	0.01932	0.5	76734	1482	75993	1200253	15.64
2015-2019	71	0.02151	0.02128	0.5	75252	1601	74451	1124259	14.94
2015-2019	72	0.02359	0.02331	0.5	73651	1717	72792	1049808	14.25
2015-2019	73	0.02557	0.02525	0.5	71934	1816	71026	977016	13.58
2015-2019	74	0.02847	0.02807	0.5	70118	1968	69134	905990	12.92
2015-2019	75	0.03123	0.03075	0.5	68149	2096	67102	836856	12.28
2015-2019	76	0.03333	0.03278	0.5	66054	2165	64971	769755	11.65
2015-2019	77	0.03658	0.03593	0.5	63888	2295	62741	704784	11.03
2015-2019	78	0.04063	0.03982	0.5	61593	2453	60367	642043	10.42
2015-2019	79	0.04562	0.04461	0.5	59140	2638	57821	581676	9.84
2015-2019	80	0.05018	0.04895	0.5	56502	2766	55119	523855	9.27
2015-2019	81	0.05535	0.05386	0.5	53736	2894	52289	468736	8.72
2015-2019	82	0.06174	0.05989	0.5	50842	3045	49320	416447	8.19
2015-2019	83	0.06662	0.06447	0.5	47797	3082	46256	367127	7.68
2015-2019	84	0.07431	0.07165	0.5	44716	3204	43114	320871	7.18
2015-2019	85	0.08439	0.08097	0.5	41512	3361	39831	277757	6.69
2015-2019	86	0.09383	0.08962	0.5	38151	3419	36441	237926	6.24
2015-2019	87	0.10450	0.09931	0.5	34731	3449	33007	201485	5.80
2015-2019	88	0.12015	0.11334	0.5	31282	3546	29509	168478	5.39
2015-2019	89	0.13209	0.12391	0.5	27736	3437	26018	138969	5.01
2015-2019	90	0.15000	0.13954	0.5	24300	3391	22604	112951	4.65
2015-2019	91	0.16672	0.15389	0.5	20909	3218	19300	90346	4.32
2015-2019	92	0.18525	0.16955	0.5	17691	2999	16192	71046	4.02
2015-2019	93	0.20734	0.18787	0.5	14692	2760	13312	54855	3.73
2015-2019	94	0.22918	0.20562	0.5	11932	2453	10705	41543	3.48
2015-2019	95	0.24797	0.22062	0.5	9478	2091	8433	30838	3.25
2015-2019	96	0.27212	0.23953	0.5	7387	1769	6503	22405	3.03
2015-2019	97	0.29770	0.25913	0.5	5618	1456	4890	15902	2.83
2015-2019	98	0.32460	0.27928	0.5	4162	1162	3581	11012	2.65
2015-2019	99	0.35272	0.29984	0.5	3000	899	2550	7432	2.48
2015-2019	100	0.38189	0.32066	0.5	2100	673	1764	4882	2.32
2015-2019	101	0.41194	0.34159	0.5	1427	487	1183	3118	2.19
2015-2019	102	0.44266	0.36244	0.5	939	340	769	1935	2.06
2015-2019	103	0.47383	0.38308	0.5	599	229	484	1166	1.95
2015-2019	104	0.50520	0.40332	0.5	369	149	295	681	1.84
2015-2019	105	0.53654	0.42305	0.5	220	93	174	387	1.75
2015-2019	106	0.56758	0.44211	0.5	127	56	99	213	1.67
2015-2019	107	0.59811	0.46042	0.5	71	33	55	114	1.60
2015-2019	108	0.62789	0.47786	0.5	38	18	29	59	1.54
2015-2019	109	0.65673	0.49439	0.5	20	10	15	30	1.49
2015-2019	110+	0.68446	1.00000	1.46	10	10	15	15	1.46
