Div6: East South Central, Lifetables (period 1x10), Both sexes Last modified: 20 Dec 2020, MPv5 (May07) 

Year     	Age	mx	qx	ax	lx	dx	Lx	Tx	ex
1960-1969	0	0.03032	0.02954	0.13	100000	2954	97437	6900541	69.01
1960-1969	1	0.00210	0.00210	0.5	97046	203	96944	6803104	70.10
1960-1969	2	0.00121	0.00121	0.5	96843	117	96784	6706160	69.25
1960-1969	3	0.00090	0.00090	0.5	96725	87	96682	6609376	68.33
1960-1969	4	0.00072	0.00072	0.5	96639	70	96604	6512694	67.39
1960-1969	5	0.00063	0.00063	0.5	96569	61	96539	6416090	66.44
1960-1969	6	0.00055	0.00055	0.5	96508	53	96482	6319551	65.48
1960-1969	7	0.00052	0.00052	0.5	96455	50	96430	6223070	64.52
1960-1969	8	0.00048	0.00048	0.5	96405	46	96381	6126640	63.55
1960-1969	9	0.00045	0.00045	0.5	96358	43	96337	6030258	62.58
1960-1969	10	0.00042	0.00042	0.5	96315	41	96295	5933922	61.61
1960-1969	11	0.00045	0.00045	0.5	96274	43	96253	5837627	60.64
1960-1969	12	0.00046	0.00046	0.5	96231	45	96209	5741374	59.66
1960-1969	13	0.00054	0.00054	0.5	96186	52	96160	5645165	58.69
1960-1969	14	0.00067	0.00067	0.5	96134	64	96102	5549005	57.72
1960-1969	15	0.00079	0.00079	0.5	96070	76	96032	5452903	56.76
1960-1969	16	0.00104	0.00104	0.5	95994	100	95944	5356871	55.80
1960-1969	17	0.00125	0.00125	0.5	95893	120	95833	5260927	54.86
1960-1969	18	0.00140	0.00140	0.5	95774	134	95707	5165094	53.93
1960-1969	19	0.00145	0.00145	0.5	95640	138	95571	5069387	53.00
1960-1969	20	0.00143	0.00143	0.5	95501	137	95433	4973817	52.08
1960-1969	21	0.00155	0.00155	0.5	95365	148	95291	4878383	51.15
1960-1969	22	0.00159	0.00159	0.5	95217	151	95142	4783092	50.23
1960-1969	23	0.00153	0.00153	0.5	95066	146	94993	4687951	49.31
1960-1969	24	0.00155	0.00155	0.5	94920	147	94847	4592958	48.39
1960-1969	25	0.00162	0.00161	0.5	94774	153	94697	4498111	47.46
1960-1969	26	0.00162	0.00161	0.5	94621	153	94544	4403414	46.54
1960-1969	27	0.00163	0.00163	0.5	94468	154	94391	4308869	45.61
1960-1969	28	0.00180	0.00180	0.5	94314	170	94229	4214479	44.69
1960-1969	29	0.00177	0.00177	0.5	94144	166	94060	4120250	43.77
1960-1969	30	0.00179	0.00179	0.5	93977	168	93893	4026189	42.84
1960-1969	31	0.00189	0.00188	0.5	93809	177	93721	3932296	41.92
1960-1969	32	0.00208	0.00208	0.5	93632	194	93535	3838575	41.00
1960-1969	33	0.00220	0.00220	0.5	93438	206	93335	3745040	40.08
1960-1969	34	0.00239	0.00239	0.5	93233	223	93121	3651705	39.17
1960-1969	35	0.00253	0.00252	0.5	93010	235	92892	3558584	38.26
1960-1969	36	0.00264	0.00264	0.5	92775	245	92652	3465691	37.36
1960-1969	37	0.00291	0.00290	0.5	92530	269	92396	3373039	36.45
1960-1969	38	0.00316	0.00316	0.5	92261	291	92116	3280643	35.56
1960-1969	39	0.00341	0.00340	0.5	91970	313	91814	3188527	34.67
1960-1969	40	0.00373	0.00372	0.5	91657	341	91487	3096714	33.79
1960-1969	41	0.00399	0.00398	0.5	91316	364	91134	3005227	32.91
1960-1969	42	0.00450	0.00449	0.5	90952	409	90748	2914093	32.04
1960-1969	43	0.00484	0.00483	0.5	90544	437	90325	2823345	31.18
1960-1969	44	0.00515	0.00514	0.5	90107	463	89875	2733020	30.33
1960-1969	45	0.00556	0.00554	0.5	89643	497	89395	2643145	29.49
1960-1969	46	0.00588	0.00587	0.5	89147	523	88885	2553750	28.65
1960-1969	47	0.00661	0.00659	0.5	88624	584	88332	2464865	27.81
1960-1969	48	0.00710	0.00707	0.5	88040	623	87729	2376533	26.99
1960-1969	49	0.00773	0.00770	0.5	87417	673	87081	2288804	26.18
1960-1969	50	0.00835	0.00832	0.5	86744	721	86383	2201724	25.38
1960-1969	51	0.00896	0.00892	0.5	86023	768	85639	2115340	24.59
1960-1969	52	0.01016	0.01010	0.5	85255	862	84824	2029701	23.81
1960-1969	53	0.01056	0.01051	0.5	84394	887	83950	1944877	23.05
1960-1969	54	0.01141	0.01134	0.5	83507	947	83033	1860927	22.28
1960-1969	55	0.01244	0.01237	0.5	82559	1021	82049	1777894	21.53
1960-1969	56	0.01309	0.01300	0.5	81539	1060	81008	1695845	20.80
1960-1969	57	0.01402	0.01392	0.5	80478	1121	79918	1614836	20.07
1960-1969	58	0.01545	0.01533	0.5	79358	1217	78749	1534918	19.34
1960-1969	59	0.01670	0.01656	0.5	78141	1294	77494	1456169	18.64
1960-1969	60	0.01772	0.01757	0.5	76847	1350	76172	1378675	17.94
1960-1969	61	0.01834	0.01818	0.5	75497	1372	74811	1302502	17.25
1960-1969	62	0.02156	0.02133	0.5	74125	1581	73334	1227691	16.56
1960-1969	63	0.02261	0.02236	0.5	72544	1622	71733	1154357	15.91
1960-1969	64	0.02426	0.02397	0.5	70922	1700	70072	1082624	15.27
1960-1969	65	0.02824	0.02785	0.5	69222	1928	68258	1012552	14.63
1960-1969	66	0.02821	0.02782	0.5	67294	1872	66358	944294	14.03
1960-1969	67	0.03180	0.03130	0.5	65422	2048	64398	877936	13.42
1960-1969	68	0.03401	0.03344	0.5	63374	2120	62315	813538	12.84
1960-1969	69	0.03531	0.03470	0.5	61255	2126	60192	751223	12.26
1960-1969	70	0.03983	0.03905	0.5	59129	2309	57975	691031	11.69
1960-1969	71	0.03986	0.03908	0.5	56820	2220	55710	633056	11.14
1960-1969	72	0.04791	0.04679	0.5	54600	2555	53323	577346	10.57
1960-1969	73	0.05038	0.04915	0.5	52045	2558	50766	524023	10.07
1960-1969	74	0.05487	0.05340	0.5	49487	2643	48166	473257	9.56
1960-1969	75	0.06102	0.05921	0.5	46845	2774	45458	425091	9.07
1960-1969	76	0.06393	0.06195	0.5	44071	2730	42706	379633	8.61
1960-1969	77	0.06757	0.06536	0.5	41341	2702	39990	336927	8.15
1960-1969	78	0.07629	0.07349	0.5	38639	2840	37219	296937	7.68
1960-1969	79	0.08241	0.07915	0.5	35799	2833	34383	259718	7.25
1960-1969	80	0.09393	0.08972	0.5	32966	2958	31487	225335	6.84
1960-1969	81	0.09407	0.08985	0.5	30008	2696	28660	193848	6.46
1960-1969	82	0.10954	0.10385	0.5	27312	2836	25894	165187	6.05
1960-1969	83	0.12250	0.11543	0.5	24476	2825	23063	139293	5.69
1960-1969	84	0.13600	0.12734	0.5	21651	2757	20272	116230	5.37
1960-1969	85	0.14668	0.13666	0.5	18894	2582	17603	95958	5.08
1960-1969	86	0.15959	0.14779	0.5	16312	2411	15106	78355	4.80
1960-1969	87	0.17223	0.15857	0.5	13901	2204	12799	63249	4.55
1960-1969	88	0.18581	0.17001	0.5	11697	1989	10702	50450	4.31
1960-1969	89	0.19818	0.18031	0.5	9708	1750	8833	39748	4.09
1960-1969	90	0.22064	0.19872	0.5	7958	1581	7167	30915	3.89
1960-1969	91	0.22034	0.19847	0.5	6376	1266	5743	23748	3.72
1960-1969	92	0.23936	0.21377	0.5	5111	1093	4564	18005	3.52
1960-1969	93	0.25243	0.22414	0.5	4018	901	3568	13440	3.34
1960-1969	94	0.27528	0.24197	0.5	3118	754	2740	9872	3.17
1960-1969	95	0.28797	0.25172	0.5	2363	595	2066	7132	3.02
1960-1969	96	0.30685	0.26603	0.5	1768	470	1533	5066	2.87
1960-1969	97	0.32643	0.28063	0.5	1298	364	1116	3533	2.72
1960-1969	98	0.34666	0.29545	0.5	934	276	796	2417	2.59
1960-1969	99	0.36749	0.31045	0.5	658	204	556	1622	2.47
1960-1969	100	0.38886	0.32556	0.5	454	148	380	1066	2.35
1960-1969	101	0.41069	0.34072	0.5	306	104	254	686	2.24
1960-1969	102	0.43290	0.35587	0.5	202	72	166	432	2.14
1960-1969	103	0.45542	0.37095	0.5	130	48	106	267	2.05
1960-1969	104	0.47814	0.38589	0.5	82	32	66	161	1.97
1960-1969	105	0.50098	0.40063	0.5	50	20	40	95	1.89
1960-1969	106	0.52384	0.41511	0.5	30	12	24	55	1.82
1960-1969	107	0.54662	0.42929	0.5	18	8	14	31	1.76
1960-1969	108	0.56923	0.44311	0.5	10	4	8	17	1.70
1960-1969	109	0.59157	0.45654	0.5	6	3	4	9	1.66
1960-1969	110+	0.61357	1.00000	1.63	3	3	5	5	1.63
1970-1979	0	0.01960	0.01926	0.1	100000	1926	98272	7098508	70.99
1970-1979	1	0.00133	0.00133	0.5	98074	131	98009	7000236	71.38
1970-1979	2	0.00083	0.00083	0.5	97944	81	97903	6902227	70.47
1970-1979	3	0.00065	0.00065	0.5	97863	64	97830	6804324	69.53
1970-1979	4	0.00055	0.00055	0.5	97798	53	97772	6706494	68.57
1970-1979	5	0.00052	0.00052	0.5	97745	51	97720	6608722	67.61
1970-1979	6	0.00047	0.00047	0.5	97694	46	97671	6511002	66.65
1970-1979	7	0.00043	0.00043	0.5	97648	42	97627	6413331	65.68
1970-1979	8	0.00037	0.00037	0.5	97606	36	97588	6315704	64.71
1970-1979	9	0.00037	0.00037	0.5	97570	36	97552	6218116	63.73
1970-1979	10	0.00037	0.00037	0.5	97534	36	97516	6120564	62.75
1970-1979	11	0.00036	0.00036	0.5	97498	35	97480	6023048	61.78
1970-1979	12	0.00038	0.00038	0.5	97462	37	97444	5925567	60.80
1970-1979	13	0.00051	0.00051	0.5	97425	49	97400	5828124	59.82
1970-1979	14	0.00061	0.00061	0.5	97376	59	97346	5730723	58.85
1970-1979	15	0.00079	0.00079	0.5	97317	77	97279	5633377	57.89
1970-1979	16	0.00100	0.00100	0.5	97240	98	97191	5536098	56.93
1970-1979	17	0.00121	0.00121	0.5	97143	117	97084	5438907	55.99
1970-1979	18	0.00143	0.00143	0.5	97025	139	96956	5341823	55.06
1970-1979	19	0.00145	0.00145	0.5	96886	141	96816	5244867	54.13
1970-1979	20	0.00144	0.00144	0.5	96746	140	96676	5148051	53.21
1970-1979	21	0.00147	0.00147	0.5	96606	142	96535	5051375	52.29
1970-1979	22	0.00156	0.00156	0.5	96464	150	96389	4954840	51.36
1970-1979	23	0.00152	0.00152	0.5	96314	146	96241	4858451	50.44
1970-1979	24	0.00151	0.00151	0.5	96168	145	96095	4762209	49.52
1970-1979	25	0.00154	0.00154	0.5	96023	148	95949	4666114	48.59
1970-1979	26	0.00156	0.00155	0.5	95875	149	95800	4570165	47.67
1970-1979	27	0.00156	0.00156	0.5	95726	149	95651	4474365	46.74
1970-1979	28	0.00157	0.00157	0.5	95576	150	95501	4378714	45.81
1970-1979	29	0.00163	0.00163	0.5	95426	156	95348	4283213	44.89
1970-1979	30	0.00161	0.00161	0.5	95271	153	95194	4187864	43.96
1970-1979	31	0.00169	0.00169	0.5	95117	161	95037	4092671	43.03
1970-1979	32	0.00182	0.00182	0.5	94956	173	94870	3997634	42.10
1970-1979	33	0.00190	0.00190	0.5	94784	180	94694	3902764	41.18
1970-1979	34	0.00205	0.00205	0.5	94604	194	94507	3808070	40.25
1970-1979	35	0.00214	0.00213	0.5	94410	202	94309	3713563	39.33
1970-1979	36	0.00238	0.00238	0.5	94208	224	94096	3619254	38.42
1970-1979	37	0.00261	0.00261	0.5	93984	245	93862	3525158	37.51
1970-1979	38	0.00283	0.00283	0.5	93739	265	93606	3431296	36.60
1970-1979	39	0.00306	0.00306	0.5	93474	286	93331	3337690	35.71
1970-1979	40	0.00328	0.00328	0.5	93188	305	93036	3244359	34.82
1970-1979	41	0.00354	0.00353	0.5	92883	328	92719	3151323	33.93
1970-1979	42	0.00400	0.00399	0.5	92555	370	92370	3058604	33.05
1970-1979	43	0.00425	0.00424	0.5	92186	391	91990	2966234	32.18
1970-1979	44	0.00474	0.00472	0.5	91795	434	91578	2874244	31.31
1970-1979	45	0.00510	0.00509	0.5	91361	465	91129	2782666	30.46
1970-1979	46	0.00546	0.00544	0.5	90897	495	90649	2691537	29.61
1970-1979	47	0.00611	0.00610	0.5	90402	551	90126	2600887	28.77
1970-1979	48	0.00661	0.00658	0.5	89851	592	89555	2510761	27.94
1970-1979	49	0.00711	0.00708	0.5	89259	632	88943	2421206	27.13
1970-1979	50	0.00774	0.00771	0.5	88627	684	88285	2332263	26.32
1970-1979	51	0.00831	0.00828	0.5	87943	728	87580	2243978	25.52
1970-1979	52	0.00930	0.00926	0.5	87216	808	86812	2156398	24.72
1970-1979	53	0.00991	0.00987	0.5	86408	852	85982	2069587	23.95
1970-1979	54	0.01067	0.01061	0.5	85555	908	85101	1983605	23.19
1970-1979	55	0.01126	0.01119	0.5	84648	948	84174	1898503	22.43
1970-1979	56	0.01236	0.01229	0.5	83700	1028	83186	1814330	21.68
1970-1979	57	0.01317	0.01309	0.5	82671	1082	82131	1731144	20.94
1970-1979	58	0.01426	0.01416	0.5	81590	1155	81012	1649013	20.21
1970-1979	59	0.01553	0.01541	0.5	80435	1239	79815	1568001	19.49
1970-1979	60	0.01672	0.01658	0.5	79195	1313	78539	1488186	18.79
1970-1979	61	0.01780	0.01764	0.5	77882	1374	77195	1409648	18.10
1970-1979	62	0.02036	0.02015	0.5	76508	1542	75737	1332453	17.42
1970-1979	63	0.02103	0.02081	0.5	74966	1560	74186	1256716	16.76
1970-1979	64	0.02289	0.02263	0.5	73406	1662	72575	1182530	16.11
1970-1979	65	0.02455	0.02425	0.5	71744	1740	70874	1109955	15.47
1970-1979	66	0.02571	0.02539	0.5	70005	1777	69116	1039081	14.84
1970-1979	67	0.02760	0.02722	0.5	68227	1857	67299	969965	14.22
1970-1979	68	0.02991	0.02947	0.5	66370	1956	65392	902666	13.60
1970-1979	69	0.03233	0.03182	0.5	64414	2049	63389	837274	13.00
1970-1979	70	0.03576	0.03513	0.5	62365	2191	61269	773885	12.41
1970-1979	71	0.03733	0.03665	0.5	60174	2205	59071	712616	11.84
1970-1979	72	0.04270	0.04181	0.5	57968	2424	56756	653545	11.27
1970-1979	73	0.04528	0.04428	0.5	55545	2459	54315	596789	10.74
1970-1979	74	0.04952	0.04832	0.5	53085	2565	51803	542474	10.22
1970-1979	75	0.05285	0.05149	0.5	50520	2601	49219	490671	9.71
1970-1979	76	0.05758	0.05597	0.5	47919	2682	46578	441452	9.21
1970-1979	77	0.06222	0.06035	0.5	45237	2730	43872	394874	8.73
1970-1979	78	0.06891	0.06661	0.5	42507	2832	41091	351002	8.26
1970-1979	79	0.07395	0.07131	0.5	39676	2829	38261	309910	7.81
1970-1979	80	0.08372	0.08035	0.5	36846	2961	35366	271650	7.37
1970-1979	81	0.08733	0.08368	0.5	33886	2836	32468	236284	6.97
1970-1979	82	0.09770	0.09315	0.5	31050	2892	29604	203816	6.56
1970-1979	83	0.10809	0.10255	0.5	28158	2888	26714	174212	6.19
1970-1979	84	0.12177	0.11479	0.5	25270	2901	23820	147498	5.84
1970-1979	85	0.12832	0.12058	0.5	22370	2697	21021	123678	5.53
1970-1979	86	0.14143	0.13209	0.5	19672	2598	18373	102657	5.22
1970-1979	87	0.15259	0.14178	0.5	17074	2421	15863	84284	4.94
1970-1979	88	0.16365	0.15127	0.5	14653	2217	13545	68421	4.67
1970-1979	89	0.17820	0.16362	0.5	12437	2035	11419	54876	4.41
1970-1979	90	0.19202	0.17520	0.5	10402	1822	9491	43457	4.18
1970-1979	91	0.20285	0.18417	0.5	8579	1580	7789	33966	3.96
1970-1979	92	0.21666	0.19549	0.5	6999	1368	6315	26177	3.74
1970-1979	93	0.23945	0.21384	0.5	5631	1204	5029	19862	3.53
1970-1979	94	0.25397	0.22535	0.5	4427	998	3928	14833	3.35
1970-1979	95	0.26873	0.23690	0.5	3429	812	3023	10905	3.18
1970-1979	96	0.28741	0.25130	0.5	2617	658	2288	7882	3.01
1970-1979	97	0.30689	0.26607	0.5	1959	521	1699	5594	2.86
1970-1979	98	0.32714	0.28115	0.5	1438	404	1236	3895	2.71
1970-1979	99	0.34810	0.29649	0.5	1034	306	880	2659	2.57
1970-1979	100	0.36971	0.31203	0.5	727	227	614	1779	2.45
1970-1979	101	0.39190	0.32769	0.5	500	164	418	1165	2.33
1970-1979	102	0.41460	0.34341	0.5	336	116	279	747	2.22
1970-1979	103	0.43771	0.35911	0.5	221	79	181	468	2.12
1970-1979	104	0.46113	0.37473	0.5	142	53	115	287	2.03
1970-1979	105	0.48477	0.39019	0.5	88	35	71	172	1.94
1970-1979	106	0.50852	0.40543	0.5	54	22	43	101	1.87
1970-1979	107	0.53226	0.42038	0.5	32	13	25	58	1.80
1970-1979	108	0.55589	0.43499	0.5	19	8	15	32	1.74
1970-1979	109	0.57930	0.44919	0.5	11	5	8	18	1.69
1970-1979	110+	0.60239	1.00000	1.66	6	6	10	10	1.66
1980-1989	0	0.01268	0.01253	0.08	100000	1253	98852	7340982	73.41
1980-1989	1	0.00092	0.00092	0.5	98747	91	98702	7242130	73.34
1980-1989	2	0.00061	0.00061	0.5	98656	60	98626	7143429	72.41
1980-1989	3	0.00046	0.00046	0.5	98596	45	98573	7044802	71.45
1980-1989	4	0.00037	0.00037	0.5	98551	36	98533	6946229	70.48
1980-1989	5	0.00031	0.00031	0.5	98515	31	98499	6847696	69.51
1980-1989	6	0.00031	0.00031	0.5	98484	31	98468	6749197	68.53
1980-1989	7	0.00028	0.00028	0.5	98453	28	98439	6650729	67.55
1980-1989	8	0.00029	0.00029	0.5	98425	28	98411	6552290	66.57
1980-1989	9	0.00026	0.00026	0.5	98397	25	98384	6453879	65.59
1980-1989	10	0.00027	0.00026	0.5	98372	26	98359	6355494	64.61
1980-1989	11	0.00027	0.00027	0.5	98346	26	98333	6257135	63.62
1980-1989	12	0.00032	0.00032	0.5	98319	31	98304	6158803	62.64
1980-1989	13	0.00037	0.00037	0.5	98288	36	98270	6060499	61.66
1980-1989	14	0.00046	0.00046	0.5	98252	46	98229	5962229	60.68
1980-1989	15	0.00058	0.00058	0.5	98207	57	98178	5863999	59.71
1980-1989	16	0.00084	0.00084	0.5	98150	82	98108	5765821	58.75
1980-1989	17	0.00099	0.00099	0.5	98067	97	98019	5667713	57.79
1980-1989	18	0.00119	0.00119	0.5	97970	117	97912	5569694	56.85
1980-1989	19	0.00118	0.00118	0.5	97853	115	97796	5471782	55.92
1980-1989	20	0.00121	0.00120	0.5	97738	118	97679	5373987	54.98
1980-1989	21	0.00121	0.00121	0.5	97620	118	97561	5276308	54.05
1980-1989	22	0.00124	0.00124	0.5	97502	121	97441	5178747	53.11
1980-1989	23	0.00130	0.00130	0.5	97381	127	97318	5081305	52.18
1980-1989	24	0.00130	0.00129	0.5	97254	126	97191	4983988	51.25
1980-1989	25	0.00127	0.00127	0.5	97128	123	97067	4886796	50.31
1980-1989	26	0.00125	0.00125	0.5	97006	121	96945	4789729	49.38
1980-1989	27	0.00133	0.00133	0.5	96884	129	96820	4692784	48.44
1980-1989	28	0.00142	0.00142	0.5	96755	137	96687	4595964	47.50
1980-1989	29	0.00134	0.00134	0.5	96619	129	96554	4499277	46.57
1980-1989	30	0.00142	0.00142	0.5	96489	137	96421	4402723	45.63
1980-1989	31	0.00149	0.00149	0.5	96352	144	96281	4306303	44.69
1980-1989	32	0.00158	0.00158	0.5	96209	152	96133	4210022	43.76
1980-1989	33	0.00159	0.00158	0.5	96057	152	95981	4113889	42.83
1980-1989	34	0.00163	0.00163	0.5	95904	156	95827	4017909	41.89
1980-1989	35	0.00169	0.00169	0.5	95749	161	95668	3922082	40.96
1980-1989	36	0.00186	0.00186	0.5	95587	178	95498	3826414	40.03
1980-1989	37	0.00197	0.00197	0.5	95409	188	95316	3730916	39.10
1980-1989	38	0.00229	0.00229	0.5	95222	218	95113	3635601	38.18
1980-1989	39	0.00219	0.00219	0.5	95004	208	94900	3540488	37.27
1980-1989	40	0.00241	0.00240	0.5	94795	228	94681	3445588	36.35
1980-1989	41	0.00267	0.00267	0.5	94567	252	94441	3350907	35.43
1980-1989	42	0.00294	0.00294	0.5	94315	277	94177	3256466	34.53
1980-1989	43	0.00321	0.00321	0.5	94038	302	93887	3162289	33.63
1980-1989	44	0.00346	0.00346	0.5	93736	324	93574	3068402	32.73
1980-1989	45	0.00380	0.00379	0.5	93412	354	93235	2974827	31.85
1980-1989	46	0.00426	0.00425	0.5	93058	395	92860	2881592	30.97
1980-1989	47	0.00451	0.00450	0.5	92663	417	92454	2788732	30.10
1980-1989	48	0.00534	0.00532	0.5	92246	491	92000	2696278	29.23
1980-1989	49	0.00545	0.00543	0.5	91755	499	91505	2604278	28.38
1980-1989	50	0.00617	0.00615	0.5	91256	561	90976	2512772	27.54
1980-1989	51	0.00684	0.00682	0.5	90695	618	90386	2421797	26.70
1980-1989	52	0.00757	0.00754	0.5	90077	679	89737	2331411	25.88
1980-1989	53	0.00825	0.00822	0.5	89397	735	89030	2241674	25.08
1980-1989	54	0.00892	0.00888	0.5	88662	788	88269	2152644	24.28
1980-1989	55	0.00977	0.00972	0.5	87875	854	87448	2064375	23.49
1980-1989	56	0.01059	0.01054	0.5	87020	917	86562	1976927	22.72
1980-1989	57	0.01143	0.01137	0.5	86103	979	85614	1890365	21.95
1980-1989	58	0.01299	0.01291	0.5	85125	1099	84575	1804751	21.20
1980-1989	59	0.01340	0.01331	0.5	84026	1118	83466	1720176	20.47
1980-1989	60	0.01480	0.01469	0.5	82907	1218	82298	1636710	19.74
1980-1989	61	0.01606	0.01593	0.5	81689	1302	81039	1554412	19.03
1980-1989	62	0.01789	0.01773	0.5	80388	1426	79675	1473373	18.33
1980-1989	63	0.01893	0.01875	0.5	78962	1481	78222	1393698	17.65
1980-1989	64	0.01999	0.01979	0.5	77482	1533	76715	1315476	16.98
1980-1989	65	0.02211	0.02186	0.5	75948	1661	75118	1238761	16.31
1980-1989	66	0.02362	0.02334	0.5	74288	1734	73421	1163643	15.66
1980-1989	67	0.02492	0.02461	0.5	72554	1786	71661	1090222	15.03
1980-1989	68	0.02750	0.02713	0.5	70768	1920	69808	1018561	14.39
1980-1989	69	0.02927	0.02885	0.5	68849	1986	67856	948753	13.78
1980-1989	70	0.03196	0.03146	0.5	66863	2103	65811	880898	13.17
1980-1989	71	0.03376	0.03320	0.5	64759	2150	63684	815087	12.59
1980-1989	72	0.03788	0.03717	0.5	62609	2327	61446	751403	12.00
1980-1989	73	0.04147	0.04063	0.5	60282	2449	59057	689957	11.45
1980-1989	74	0.04362	0.04269	0.5	57833	2469	56598	630899	10.91
1980-1989	75	0.04762	0.04651	0.5	55364	2575	54076	574301	10.37
1980-1989	76	0.05178	0.05048	0.5	52789	2665	51457	520225	9.85
1980-1989	77	0.05512	0.05364	0.5	50124	2689	48780	468768	9.35
1980-1989	78	0.06149	0.05965	0.5	47435	2830	46021	419988	8.85
1980-1989	79	0.06262	0.06072	0.5	44606	2708	43252	373968	8.38
1980-1989	80	0.07402	0.07138	0.5	41897	2991	40402	330716	7.89
1980-1989	81	0.07964	0.07659	0.5	38907	2980	37417	290314	7.46
1980-1989	82	0.08802	0.08431	0.5	35927	3029	34412	252898	7.04
1980-1989	83	0.09645	0.09202	0.5	32898	3027	31384	218485	6.64
1980-1989	84	0.10538	0.10011	0.5	29871	2990	28375	187101	6.26
1980-1989	85	0.11391	0.10777	0.5	26880	2897	25432	158726	5.90
1980-1989	86	0.12615	0.11867	0.5	23983	2846	22560	133294	5.56
1980-1989	87	0.13713	0.12833	0.5	21137	2713	19781	110734	5.24
1980-1989	88	0.14830	0.13806	0.5	18425	2544	17153	90952	4.94
1980-1989	89	0.16042	0.14850	0.5	15881	2358	14702	73800	4.65
1980-1989	90	0.17588	0.16166	0.5	13523	2186	12430	59098	4.37
1980-1989	91	0.18828	0.17208	0.5	11336	1951	10361	46668	4.12
1980-1989	92	0.20757	0.18805	0.5	9386	1765	8503	36307	3.87
1980-1989	93	0.22253	0.20025	0.5	7621	1526	6858	27804	3.65
1980-1989	94	0.24342	0.21701	0.5	6095	1323	5433	20946	3.44
1980-1989	95	0.25829	0.22875	0.5	4772	1092	4226	15513	3.25
1980-1989	96	0.27796	0.24404	0.5	3680	898	3231	11287	3.07
1980-1989	97	0.29859	0.25981	0.5	2782	723	2421	8055	2.90
1980-1989	98	0.32016	0.27598	0.5	2059	568	1775	5635	2.74
1980-1989	99	0.34259	0.29248	0.5	1491	436	1273	3859	2.59
1980-1989	100	0.36581	0.30925	0.5	1055	326	892	2586	2.45
1980-1989	101	0.38975	0.32619	0.5	729	238	610	1694	2.33
1980-1989	102	0.41430	0.34321	0.5	491	169	407	1085	2.21
1980-1989	103	0.43935	0.36022	0.5	322	116	264	678	2.10
1980-1989	104	0.46478	0.37714	0.5	206	78	167	413	2.00
1980-1989	105	0.49045	0.39386	0.5	129	51	103	246	1.91
1980-1989	106	0.51623	0.41032	0.5	78	32	62	143	1.83
1980-1989	107	0.54197	0.42642	0.5	46	20	36	81	1.76
1980-1989	108	0.56754	0.44209	0.5	26	12	21	45	1.70
1980-1989	109	0.59280	0.45727	0.5	15	7	11	24	1.65
1980-1989	110+	0.61762	1.00000	1.62	8	8	13	13	1.62
1990-1999	0	0.00985	0.00976	0.08	100000	976	99098	7424594	74.25
1990-1999	1	0.00078	0.00078	0.5	99024	77	98985	7325496	73.98
1990-1999	2	0.00051	0.00051	0.5	98946	51	98921	7226511	73.03
1990-1999	3	0.00042	0.00042	0.5	98895	41	98875	7127590	72.07
1990-1999	4	0.00032	0.00032	0.5	98854	32	98839	7028715	71.10
1990-1999	5	0.00027	0.00027	0.5	98823	27	98809	6929877	70.12
1990-1999	6	0.00026	0.00026	0.5	98796	26	98783	6831068	69.14
1990-1999	7	0.00025	0.00025	0.5	98770	24	98758	6732285	68.16
1990-1999	8	0.00023	0.00023	0.5	98745	23	98734	6633527	67.18
1990-1999	9	0.00022	0.00022	0.5	98722	22	98711	6534793	66.19
1990-1999	10	0.00022	0.00022	0.5	98701	22	98690	6436082	65.21
1990-1999	11	0.00021	0.00021	0.5	98679	21	98668	6337392	64.22
1990-1999	12	0.00027	0.00027	0.5	98658	26	98645	6238724	63.24
1990-1999	13	0.00034	0.00034	0.5	98632	33	98615	6140079	62.25
1990-1999	14	0.00044	0.00044	0.5	98599	43	98577	6041464	61.27
1990-1999	15	0.00061	0.00061	0.5	98555	60	98526	5942887	60.30
1990-1999	16	0.00092	0.00092	0.5	98496	91	98450	5844361	59.34
1990-1999	17	0.00107	0.00107	0.5	98405	105	98353	5745911	58.39
1990-1999	18	0.00127	0.00126	0.5	98300	124	98238	5647558	57.45
1990-1999	19	0.00121	0.00120	0.5	98176	118	98117	5549320	56.52
1990-1999	20	0.00117	0.00117	0.5	98058	114	98000	5451203	55.59
1990-1999	21	0.00126	0.00126	0.5	97943	123	97882	5353203	54.66
1990-1999	22	0.00130	0.00130	0.5	97820	127	97757	5255321	53.72
1990-1999	23	0.00126	0.00126	0.5	97693	123	97632	5157565	52.79
1990-1999	24	0.00123	0.00123	0.5	97570	120	97510	5059933	51.86
1990-1999	25	0.00126	0.00126	0.5	97450	122	97389	4962423	50.92
1990-1999	26	0.00129	0.00129	0.5	97327	126	97265	4865034	49.99
1990-1999	27	0.00136	0.00136	0.5	97202	132	97136	4767769	49.05
1990-1999	28	0.00146	0.00146	0.5	97070	142	96999	4670633	48.12
1990-1999	29	0.00147	0.00147	0.5	96928	143	96857	4573634	47.19
1990-1999	30	0.00148	0.00147	0.5	96786	143	96714	4476777	46.25
1990-1999	31	0.00164	0.00164	0.5	96643	158	96564	4380063	45.32
1990-1999	32	0.00170	0.00169	0.5	96485	163	96403	4283499	44.40
1990-1999	33	0.00183	0.00182	0.5	96322	176	96234	4187095	43.47
1990-1999	34	0.00181	0.00181	0.5	96146	174	96059	4090862	42.55
1990-1999	35	0.00190	0.00189	0.5	95972	182	95881	3994803	41.62
1990-1999	36	0.00203	0.00203	0.5	95790	195	95693	3898921	40.70
1990-1999	37	0.00216	0.00215	0.5	95596	206	95493	3803228	39.78
1990-1999	38	0.00238	0.00238	0.5	95390	227	95277	3707735	38.87
1990-1999	39	0.00236	0.00236	0.5	95163	225	95051	3612459	37.96
1990-1999	40	0.00250	0.00250	0.5	94939	237	94820	3517408	37.05
1990-1999	41	0.00274	0.00273	0.5	94702	259	94572	3422588	36.14
1990-1999	42	0.00294	0.00293	0.5	94443	277	94304	3328015	35.24
1990-1999	43	0.00314	0.00314	0.5	94166	296	94018	3233711	34.34
1990-1999	44	0.00331	0.00331	0.5	93870	311	93715	3139693	33.45
1990-1999	45	0.00354	0.00353	0.5	93560	330	93395	3045978	32.56
1990-1999	46	0.00393	0.00393	0.5	93229	366	93046	2952583	31.67
1990-1999	47	0.00429	0.00428	0.5	92863	397	92665	2859537	30.79
1990-1999	48	0.00486	0.00485	0.5	92466	448	92242	2766872	29.92
1990-1999	49	0.00502	0.00500	0.5	92018	460	91788	2674630	29.07
1990-1999	50	0.00533	0.00531	0.5	91558	486	91314	2582842	28.21
1990-1999	51	0.00601	0.00600	0.5	91071	546	90798	2491528	27.36
1990-1999	52	0.00671	0.00669	0.5	90525	606	90222	2400729	26.52
1990-1999	53	0.00721	0.00718	0.5	89919	646	89597	2310507	25.70
1990-1999	54	0.00781	0.00778	0.5	89274	695	88926	2220911	24.88
1990-1999	55	0.00852	0.00849	0.5	88579	752	88203	2131984	24.07
1990-1999	56	0.00950	0.00945	0.5	87827	830	87412	2043781	23.27
1990-1999	57	0.01020	0.01014	0.5	86997	883	86556	1956369	22.49
1990-1999	58	0.01157	0.01150	0.5	86114	990	85619	1869813	21.71
1990-1999	59	0.01230	0.01222	0.5	85124	1041	84604	1784194	20.96
1990-1999	60	0.01323	0.01314	0.5	84083	1105	83531	1699590	20.21
1990-1999	61	0.01485	0.01474	0.5	82979	1223	82367	1616059	19.48
1990-1999	62	0.01635	0.01622	0.5	81755	1326	81092	1533692	18.76
1990-1999	63	0.01767	0.01752	0.5	80429	1409	79725	1452600	18.06
1990-1999	64	0.01843	0.01826	0.5	79021	1443	78299	1372875	17.37
1990-1999	65	0.02025	0.02005	0.5	77577	1555	76800	1294576	16.69
1990-1999	66	0.02215	0.02190	0.5	76022	1665	75189	1217776	16.02
1990-1999	67	0.02331	0.02304	0.5	74357	1713	73500	1142587	15.37
1990-1999	68	0.02589	0.02556	0.5	72644	1857	71715	1069087	14.72
1990-1999	69	0.02816	0.02777	0.5	70787	1966	69804	997371	14.09
1990-1999	70	0.02974	0.02930	0.5	68821	2017	67813	927567	13.48
1990-1999	71	0.03296	0.03242	0.5	66804	2166	65721	859755	12.87
1990-1999	72	0.03594	0.03531	0.5	64638	2282	63497	794033	12.28
1990-1999	73	0.03858	0.03785	0.5	62356	2360	61176	730536	11.72
1990-1999	74	0.04163	0.04078	0.5	59996	2447	58773	669360	11.16
1990-1999	75	0.04437	0.04340	0.5	57550	2498	56301	610587	10.61
1990-1999	76	0.04857	0.04742	0.5	55052	2610	53746	554286	10.07
1990-1999	77	0.05255	0.05121	0.5	52441	2685	51099	500540	9.54
1990-1999	78	0.05707	0.05549	0.5	49756	2761	48375	449441	9.03
1990-1999	79	0.06278	0.06087	0.5	46995	2860	45565	401066	8.53
1990-1999	80	0.06985	0.06749	0.5	44135	2979	42645	355501	8.05
1990-1999	81	0.07627	0.07346	0.5	41156	3024	39644	312856	7.60
1990-1999	82	0.08396	0.08058	0.5	38133	3073	36596	273211	7.16
1990-1999	83	0.09206	0.08801	0.5	35060	3086	33517	236615	6.75
1990-1999	84	0.10027	0.09548	0.5	31974	3053	30448	203098	6.35
1990-1999	85	0.10941	0.10374	0.5	28921	3000	27421	172650	5.97
1990-1999	86	0.12138	0.11444	0.5	25921	2966	24438	145229	5.60
1990-1999	87	0.13145	0.12334	0.5	22955	2831	21539	120791	5.26
1990-1999	88	0.14619	0.13623	0.5	20123	2741	18753	99252	4.93
1990-1999	89	0.15768	0.14616	0.5	17382	2541	16112	80499	4.63
1990-1999	90	0.17276	0.15903	0.5	14841	2360	13661	64387	4.34
1990-1999	91	0.18937	0.17299	0.5	12481	2159	11402	50726	4.06
1990-1999	92	0.20616	0.18689	0.5	10322	1929	9358	39324	3.81
1990-1999	93	0.22844	0.20502	0.5	8393	1721	7533	29966	3.57
1990-1999	94	0.24466	0.21799	0.5	6672	1454	5945	22434	3.36
1990-1999	95	0.26468	0.23375	0.5	5218	1220	4608	16489	3.16
1990-1999	96	0.28618	0.25035	0.5	3998	1001	3498	11881	2.97
1990-1999	97	0.30875	0.26746	0.5	2997	802	2596	8383	2.80
1990-1999	98	0.33235	0.28499	0.5	2196	626	1883	5787	2.64
1990-1999	99	0.35688	0.30284	0.5	1570	475	1332	3904	2.49
1990-1999	100	0.38226	0.32092	0.5	1094	351	919	2572	2.35
1990-1999	101	0.40837	0.33913	0.5	743	252	617	1653	2.22
1990-1999	102	0.43508	0.35734	0.5	491	176	403	1036	2.11
1990-1999	103	0.46223	0.37546	0.5	316	119	256	633	2.00
1990-1999	104	0.48968	0.39337	0.5	197	78	158	376	1.91
1990-1999	105	0.51725	0.41097	0.5	120	49	95	218	1.82
1990-1999	106	0.54478	0.42815	0.5	70	30	55	123	1.74
1990-1999	107	0.57209	0.44484	0.5	40	18	31	67	1.67
1990-1999	108	0.59902	0.46096	0.5	22	10	17	36	1.61
1990-1999	109	0.62541	0.47643	0.5	12	6	9	19	1.57
1990-1999	110+	0.65113	1.00000	1.54	6	6	10	10	1.54
2000-2009	0	0.00892	0.00884	0.07	100000	884	99180	7497530	74.98
2000-2009	1	0.00061	0.00061	0.5	99116	61	99085	7398350	74.64
2000-2009	2	0.00039	0.00039	0.5	99055	39	99036	7299264	73.69
2000-2009	3	0.00031	0.00031	0.5	99016	31	99001	7200229	72.72
2000-2009	4	0.00024	0.00024	0.5	98985	24	98973	7101228	71.74
2000-2009	5	0.00020	0.00020	0.5	98961	19	98951	7002255	70.76
2000-2009	6	0.00017	0.00017	0.5	98942	17	98933	6903303	69.77
2000-2009	7	0.00017	0.00017	0.5	98925	17	98916	6804370	68.78
2000-2009	8	0.00017	0.00017	0.5	98908	17	98899	6705454	67.80
2000-2009	9	0.00017	0.00017	0.5	98891	16	98883	6606555	66.81
2000-2009	10	0.00016	0.00016	0.5	98875	16	98867	6507672	65.82
2000-2009	11	0.00021	0.00021	0.5	98859	21	98848	6408805	64.83
2000-2009	12	0.00020	0.00020	0.5	98838	20	98828	6309957	63.84
2000-2009	13	0.00025	0.00025	0.5	98818	25	98806	6211129	62.85
2000-2009	14	0.00033	0.00033	0.5	98794	33	98777	6112323	61.87
2000-2009	15	0.00043	0.00043	0.5	98761	43	98740	6013546	60.89
2000-2009	16	0.00068	0.00068	0.5	98719	67	98685	5914806	59.92
2000-2009	17	0.00084	0.00084	0.5	98651	83	98610	5816121	58.96
2000-2009	18	0.00107	0.00107	0.5	98569	105	98516	5717511	58.01
2000-2009	19	0.00114	0.00114	0.5	98463	112	98407	5618995	57.07
2000-2009	20	0.00122	0.00121	0.5	98351	119	98292	5520587	56.13
2000-2009	21	0.00127	0.00127	0.5	98232	125	98170	5422296	55.20
2000-2009	22	0.00126	0.00126	0.5	98107	123	98046	5324126	54.27
2000-2009	23	0.00126	0.00126	0.5	97984	124	97922	5226081	53.34
2000-2009	24	0.00128	0.00128	0.5	97860	125	97798	5128159	52.40
2000-2009	25	0.00132	0.00132	0.5	97735	129	97670	5030361	51.47
2000-2009	26	0.00136	0.00136	0.5	97606	132	97540	4932691	50.54
2000-2009	27	0.00134	0.00134	0.5	97473	131	97408	4835151	49.60
2000-2009	28	0.00142	0.00142	0.5	97343	138	97274	4737743	48.67
2000-2009	29	0.00149	0.00149	0.5	97204	145	97132	4640469	47.74
2000-2009	30	0.00155	0.00155	0.5	97059	150	96984	4543338	46.81
2000-2009	31	0.00157	0.00157	0.5	96909	152	96833	4446353	45.88
2000-2009	32	0.00159	0.00159	0.5	96757	154	96680	4349520	44.95
2000-2009	33	0.00165	0.00164	0.5	96603	159	96523	4252841	44.02
2000-2009	34	0.00176	0.00176	0.5	96444	170	96359	4156317	43.10
2000-2009	35	0.00184	0.00184	0.5	96274	177	96185	4059958	42.17
2000-2009	36	0.00196	0.00196	0.5	96097	188	96003	3963773	41.25
2000-2009	37	0.00213	0.00212	0.5	95909	204	95807	3867770	40.33
2000-2009	38	0.00230	0.00229	0.5	95705	220	95595	3771963	39.41
2000-2009	39	0.00250	0.00249	0.5	95486	238	95366	3676368	38.50
2000-2009	40	0.00271	0.00271	0.5	95247	258	95118	3581001	37.60
2000-2009	41	0.00290	0.00289	0.5	94989	275	94852	3485883	36.70
2000-2009	42	0.00311	0.00311	0.5	94714	294	94567	3391031	35.80
2000-2009	43	0.00349	0.00348	0.5	94420	329	94255	3296464	34.91
2000-2009	44	0.00379	0.00378	0.5	94091	356	93913	3202209	34.03
2000-2009	45	0.00398	0.00397	0.5	93735	372	93549	3108296	33.16
2000-2009	46	0.00439	0.00438	0.5	93363	409	93159	3014747	32.29
2000-2009	47	0.00459	0.00458	0.5	92954	426	92742	2921588	31.43
2000-2009	48	0.00501	0.00499	0.5	92529	462	92298	2828846	30.57
2000-2009	49	0.00535	0.00534	0.5	92067	492	91821	2736549	29.72
2000-2009	50	0.00566	0.00564	0.5	91575	517	91316	2644728	28.88
2000-2009	51	0.00629	0.00627	0.5	91058	571	90772	2553412	28.04
2000-2009	52	0.00660	0.00658	0.5	90487	595	90189	2462639	27.22
2000-2009	53	0.00714	0.00711	0.5	89892	639	89572	2372450	26.39
2000-2009	54	0.00757	0.00755	0.5	89253	673	88916	2282878	25.58
2000-2009	55	0.00824	0.00820	0.5	88579	727	88216	2193962	24.77
2000-2009	56	0.00879	0.00875	0.5	87852	769	87468	2105746	23.97
2000-2009	57	0.00950	0.00946	0.5	87084	824	86672	2018278	23.18
2000-2009	58	0.01023	0.01017	0.5	86260	878	85821	1931607	22.39
2000-2009	59	0.01110	0.01104	0.5	85382	943	84911	1845785	21.62
2000-2009	60	0.01210	0.01202	0.5	84440	1015	83932	1760874	20.85
2000-2009	61	0.01273	0.01265	0.5	83425	1055	82897	1676942	20.10
2000-2009	62	0.01409	0.01399	0.5	82370	1152	81793	1594045	19.35
2000-2009	63	0.01557	0.01545	0.5	81217	1255	80590	1512252	18.62
2000-2009	64	0.01670	0.01656	0.5	79962	1324	79300	1431662	17.90
2000-2009	65	0.01797	0.01781	0.5	78638	1401	77938	1352362	17.20
2000-2009	66	0.01948	0.01929	0.5	77237	1490	76492	1274424	16.50
2000-2009	67	0.02096	0.02074	0.5	75747	1571	74962	1197932	15.81
2000-2009	68	0.02273	0.02248	0.5	74176	1667	73343	1122970	15.14
2000-2009	69	0.02483	0.02453	0.5	72509	1778	71620	1049628	14.48
2000-2009	70	0.02686	0.02650	0.5	70731	1875	69793	978008	13.83
2000-2009	71	0.02888	0.02847	0.5	68856	1961	67876	908214	13.19
2000-2009	72	0.03167	0.03118	0.5	66895	2086	65853	840339	12.56
2000-2009	73	0.03478	0.03419	0.5	64810	2216	63702	774486	11.95
2000-2009	74	0.03769	0.03699	0.5	62594	2315	61436	710784	11.36
2000-2009	75	0.04128	0.04045	0.5	60279	2438	59060	649348	10.77
2000-2009	76	0.04477	0.04379	0.5	57840	2533	56574	590289	10.21
2000-2009	77	0.04926	0.04808	0.5	55307	2659	53978	533715	9.65
2000-2009	78	0.05327	0.05189	0.5	52648	2732	51282	479737	9.11
2000-2009	79	0.05890	0.05721	0.5	49916	2856	48489	428454	8.58
2000-2009	80	0.06560	0.06351	0.5	47061	2989	45566	379966	8.07
2000-2009	81	0.07218	0.06966	0.5	44072	3070	42537	334400	7.59
2000-2009	82	0.08004	0.07696	0.5	41002	3156	39424	291863	7.12
2000-2009	83	0.08876	0.08499	0.5	37846	3216	36238	252439	6.67
2000-2009	84	0.09791	0.09334	0.5	34629	3232	33013	216202	6.24
2000-2009	85	0.10819	0.10264	0.5	31397	3222	29786	183188	5.83
2000-2009	86	0.12132	0.11438	0.5	28175	3223	26563	153403	5.44
2000-2009	87	0.13272	0.12446	0.5	24952	3106	23399	126839	5.08
2000-2009	88	0.14882	0.13851	0.5	21846	3026	20333	103440	4.73
2000-2009	89	0.16439	0.15191	0.5	18820	2859	17391	83107	4.42
2000-2009	90	0.18169	0.16656	0.5	15961	2658	14632	65716	4.12
2000-2009	91	0.19626	0.17873	0.5	13303	2378	12114	51084	3.84
2000-2009	92	0.22290	0.20054	0.5	10925	2191	9830	38969	3.57
2000-2009	93	0.24298	0.21666	0.5	8734	1892	7788	29140	3.34
2000-2009	94	0.26726	0.23576	0.5	6842	1613	6035	21351	3.12
2000-2009	95	0.28680	0.25083	0.5	5229	1312	4573	15316	2.93
2000-2009	96	0.31197	0.26988	0.5	3917	1057	3389	10743	2.74
2000-2009	97	0.33835	0.28939	0.5	2860	828	2446	7354	2.57
2000-2009	98	0.36581	0.30925	0.5	2032	629	1718	4908	2.41
2000-2009	99	0.39422	0.32931	0.5	1404	462	1173	3190	2.27
2000-2009	100	0.42341	0.34944	0.5	942	329	777	2017	2.14
2000-2009	101	0.45319	0.36947	0.5	613	226	499	1240	2.02
2000-2009	102	0.48336	0.38928	0.5	386	150	311	741	1.92
2000-2009	103	0.51370	0.40872	0.5	236	96	188	429	1.82
2000-2009	104	0.54397	0.42766	0.5	139	60	110	242	1.73
2000-2009	105	0.57397	0.44598	0.5	80	36	62	132	1.66
2000-2009	106	0.60348	0.46359	0.5	44	21	34	70	1.59
2000-2009	107	0.63228	0.48041	0.5	24	11	18	36	1.52
2000-2009	108	0.66021	0.49636	0.5	12	6	9	18	1.47
2000-2009	109	0.68710	0.51141	0.5	6	3	5	9	1.43
2000-2009	110+	0.71281	1.00000	1.4	3	3	4	4	1.40
2010-2019	0	0.00762	0.00756	0.07	100000	756	99296	7561535	75.62
2010-2019	1	0.00052	0.00052	0.5	99244	52	99218	7462239	75.19
2010-2019	2	0.00037	0.00037	0.5	99192	36	99174	7363021	74.23
2010-2019	3	0.00028	0.00028	0.5	99156	27	99142	7263847	73.26
2010-2019	4	0.00020	0.00020	0.5	99129	20	99119	7164704	72.28
2010-2019	5	0.00018	0.00018	0.5	99109	18	99100	7065586	71.29
2010-2019	6	0.00014	0.00014	0.5	99091	14	99084	6966486	70.30
2010-2019	7	0.00015	0.00015	0.5	99076	15	99069	6867402	69.31
2010-2019	8	0.00015	0.00015	0.5	99062	15	99054	6768333	68.32
2010-2019	9	0.00017	0.00017	0.5	99047	17	99038	6669279	67.33
2010-2019	10	0.00014	0.00014	0.5	99030	14	99023	6570241	66.35
2010-2019	11	0.00016	0.00016	0.5	99016	15	99008	6471218	65.36
2010-2019	12	0.00019	0.00019	0.5	99001	19	98991	6372209	64.37
2010-2019	13	0.00021	0.00021	0.5	98982	21	98971	6273218	63.38
2010-2019	14	0.00026	0.00026	0.5	98961	26	98948	6174247	62.39
2010-2019	15	0.00033	0.00033	0.5	98935	33	98919	6075299	61.41
2010-2019	16	0.00047	0.00047	0.5	98902	46	98879	5976380	60.43
2010-2019	17	0.00063	0.00063	0.5	98856	63	98825	5877501	59.46
2010-2019	18	0.00085	0.00085	0.5	98793	84	98751	5778676	58.49
2010-2019	19	0.00096	0.00096	0.5	98709	94	98662	5679925	57.54
2010-2019	20	0.00101	0.00101	0.5	98615	99	98565	5581263	56.60
2010-2019	21	0.00109	0.00109	0.5	98516	107	98462	5482697	55.65
2010-2019	22	0.00112	0.00112	0.5	98409	111	98353	5384235	54.71
2010-2019	23	0.00118	0.00118	0.5	98298	116	98240	5285882	53.77
2010-2019	24	0.00119	0.00119	0.5	98182	117	98124	5187641	52.84
2010-2019	25	0.00130	0.00130	0.5	98065	128	98001	5089518	51.90
2010-2019	26	0.00135	0.00135	0.5	97937	132	97871	4991516	50.97
2010-2019	27	0.00143	0.00143	0.5	97805	140	97735	4893645	50.03
2010-2019	28	0.00153	0.00153	0.5	97665	150	97590	4795910	49.11
2010-2019	29	0.00162	0.00162	0.5	97515	157	97437	4698320	48.18
2010-2019	30	0.00167	0.00166	0.5	97358	162	97277	4600883	47.26
2010-2019	31	0.00178	0.00178	0.5	97196	173	97109	4503606	46.34
2010-2019	32	0.00189	0.00188	0.5	97023	183	96931	4406497	45.42
2010-2019	33	0.00195	0.00194	0.5	96840	188	96746	4309566	44.50
2010-2019	34	0.00201	0.00201	0.5	96652	194	96555	4212820	43.59
2010-2019	35	0.00216	0.00215	0.5	96458	208	96354	4116265	42.67
2010-2019	36	0.00224	0.00223	0.5	96250	215	96142	4019911	41.77
2010-2019	37	0.00235	0.00234	0.5	96035	225	95922	3923769	40.86
2010-2019	38	0.00247	0.00247	0.5	95810	236	95692	3827847	39.95
2010-2019	39	0.00263	0.00263	0.5	95573	251	95448	3732155	39.05
2010-2019	40	0.00271	0.00271	0.5	95322	258	95193	3636707	38.15
2010-2019	41	0.00289	0.00289	0.5	95064	274	94927	3541514	37.25
2010-2019	42	0.00312	0.00311	0.5	94790	295	94642	3446587	36.36
2010-2019	43	0.00327	0.00327	0.5	94495	309	94340	3351945	35.47
2010-2019	44	0.00359	0.00358	0.5	94186	337	94017	3257605	34.59
2010-2019	45	0.00395	0.00394	0.5	93849	370	93664	3163587	33.71
2010-2019	46	0.00423	0.00422	0.5	93479	395	93282	3069923	32.84
2010-2019	47	0.00467	0.00466	0.5	93084	434	92867	2976642	31.98
2010-2019	48	0.00499	0.00497	0.5	92650	461	92420	2883775	31.13
2010-2019	49	0.00540	0.00538	0.5	92190	496	91941	2791355	30.28
2010-2019	50	0.00597	0.00595	0.5	91693	546	91420	2699413	29.44
2010-2019	51	0.00651	0.00649	0.5	91148	592	90852	2607993	28.61
2010-2019	52	0.00693	0.00691	0.5	90556	625	90243	2517141	27.80
2010-2019	53	0.00759	0.00757	0.5	89931	680	89590	2426898	26.99
2010-2019	54	0.00808	0.00805	0.5	89250	718	88891	2337307	26.19
2010-2019	55	0.00882	0.00878	0.5	88532	778	88143	2248416	25.40
2010-2019	56	0.00958	0.00953	0.5	87754	837	87336	2160273	24.62
2010-2019	57	0.01031	0.01026	0.5	86918	892	86472	2072937	23.85
2010-2019	58	0.01077	0.01071	0.5	86026	922	85565	1986465	23.09
2010-2019	59	0.01133	0.01127	0.5	85105	959	84625	1900900	22.34
2010-2019	60	0.01218	0.01210	0.5	84145	1018	83636	1816275	21.58
2010-2019	61	0.01295	0.01286	0.5	83127	1069	82592	1732639	20.84
2010-2019	62	0.01398	0.01388	0.5	82058	1139	81488	1650046	20.11
2010-2019	63	0.01498	0.01487	0.5	80919	1203	80317	1568558	19.38
2010-2019	64	0.01587	0.01575	0.5	79716	1255	79088	1488241	18.67
2010-2019	65	0.01687	0.01673	0.5	78460	1313	77804	1409153	17.96
2010-2019	66	0.01795	0.01780	0.5	77148	1373	76461	1331349	17.26
2010-2019	67	0.01938	0.01920	0.5	75775	1455	75047	1254887	16.56
2010-2019	68	0.02089	0.02067	0.5	74320	1536	73552	1179840	15.88
2010-2019	69	0.02273	0.02248	0.5	72784	1636	71966	1106288	15.20
2010-2019	70	0.02455	0.02425	0.5	71148	1726	70285	1034322	14.54
2010-2019	71	0.02645	0.02611	0.5	69423	1812	68516	964037	13.89
2010-2019	72	0.02902	0.02861	0.5	67610	1934	66643	895520	13.25
2010-2019	73	0.03131	0.03082	0.5	65676	2024	64664	828877	12.62
2010-2019	74	0.03429	0.03371	0.5	63652	2146	62579	764213	12.01
2010-2019	75	0.03745	0.03676	0.5	61506	2261	60376	701635	11.41
2010-2019	76	0.04044	0.03964	0.5	59245	2348	58071	641259	10.82
2010-2019	77	0.04443	0.04347	0.5	56897	2473	55660	583188	10.25
2010-2019	78	0.04855	0.04740	0.5	54424	2580	53134	527528	9.69
2010-2019	79	0.05348	0.05209	0.5	51844	2700	50494	474394	9.15
2010-2019	80	0.05809	0.05645	0.5	49144	2774	47757	423900	8.63
2010-2019	81	0.06403	0.06205	0.5	46369	2877	44931	376144	8.11
2010-2019	82	0.07106	0.06862	0.5	43492	2984	42000	331213	7.62
2010-2019	83	0.07763	0.07473	0.5	40508	3027	38995	289212	7.14
2010-2019	84	0.08613	0.08257	0.5	37481	3095	35934	250218	6.68
2010-2019	85	0.09664	0.09218	0.5	34386	3170	32801	214284	6.23
2010-2019	86	0.10759	0.10210	0.5	31216	3187	29623	181483	5.81
2010-2019	87	0.11953	0.11279	0.5	28029	3161	26449	151860	5.42
2010-2019	88	0.13382	0.12543	0.5	24868	3119	23308	125411	5.04
2010-2019	89	0.14881	0.13850	0.5	21749	3012	20243	102103	4.69
2010-2019	90	0.16704	0.15417	0.5	18736	2889	17292	81861	4.37
2010-2019	91	0.18322	0.16784	0.5	15848	2660	14518	64568	4.07
2010-2019	92	0.20243	0.18382	0.5	13188	2424	11976	50051	3.80
2010-2019	93	0.22429	0.20168	0.5	10764	2171	9678	38075	3.54
2010-2019	94	0.24860	0.22112	0.5	8593	1900	7643	28396	3.30
2010-2019	95	0.26529	0.23422	0.5	6693	1568	5909	20753	3.10
2010-2019	96	0.28991	0.25320	0.5	5125	1298	4476	14844	2.90
2010-2019	97	0.31586	0.27278	0.5	3828	1044	3305	10368	2.71
2010-2019	98	0.34304	0.29282	0.5	2783	815	2376	7062	2.54
2010-2019	99	0.37133	0.31319	0.5	1968	616	1660	4687	2.38
2010-2019	100	0.40057	0.33373	0.5	1352	451	1126	3026	2.24
2010-2019	101	0.43057	0.35430	0.5	901	319	741	1900	2.11
2010-2019	102	0.46113	0.37473	0.5	582	218	473	1159	1.99
2010-2019	103	0.49202	0.39487	0.5	364	144	292	686	1.89
2010-2019	104	0.52300	0.41459	0.5	220	91	174	394	1.79
2010-2019	105	0.55385	0.43374	0.5	129	56	101	220	1.71
2010-2019	106	0.58432	0.45221	0.5	73	33	56	119	1.63
2010-2019	107	0.61419	0.46989	0.5	40	19	31	62	1.56
2010-2019	108	0.64326	0.48672	0.5	21	10	16	32	1.51
2010-2019	109	0.67134	0.50262	0.5	11	5	8	16	1.46
2010-2019	110+	0.69827	1.00000	1.43	5	5	8	8	1.43
