Div6: East South Central, Lifetables (period 1x5), Males Last modified: 20 Dec 2020, MPv5 (May07) 

Year     	Age	mx	qx	ax	lx	dx	Lx	Tx	ex
1960-1964	0	0.03586	0.03479	0.14	100000	3479	97013	6556307	65.56
1960-1964	1	0.00231	0.00230	0.5	96521	222	96410	6459295	66.92
1960-1964	2	0.00136	0.00136	0.5	96299	131	96233	6362885	66.07
1960-1964	3	0.00098	0.00098	0.5	96167	95	96120	6266652	65.16
1960-1964	4	0.00080	0.00080	0.5	96073	77	96034	6170532	64.23
1960-1964	5	0.00065	0.00064	0.5	95996	62	95965	6074497	63.28
1960-1964	6	0.00067	0.00067	0.5	95934	65	95902	5978532	62.32
1960-1964	7	0.00056	0.00056	0.5	95869	54	95843	5882630	61.36
1960-1964	8	0.00056	0.00056	0.5	95816	54	95789	5786788	60.39
1960-1964	9	0.00049	0.00049	0.5	95762	47	95738	5690999	59.43
1960-1964	10	0.00051	0.00051	0.5	95715	49	95690	5595261	58.46
1960-1964	11	0.00055	0.00055	0.5	95666	53	95639	5499570	57.49
1960-1964	12	0.00059	0.00058	0.5	95613	56	95585	5403931	56.52
1960-1964	13	0.00071	0.00071	0.5	95557	68	95523	5308347	55.55
1960-1964	14	0.00090	0.00090	0.5	95489	86	95446	5212824	54.59
1960-1964	15	0.00104	0.00104	0.5	95403	99	95354	5117378	53.64
1960-1964	16	0.00137	0.00136	0.5	95304	130	95239	5022024	52.69
1960-1964	17	0.00165	0.00165	0.5	95174	157	95096	4926785	51.77
1960-1964	18	0.00179	0.00178	0.5	95018	170	94933	4831689	50.85
1960-1964	19	0.00186	0.00185	0.5	94848	176	94760	4736756	49.94
1960-1964	20	0.00191	0.00191	0.5	94672	181	94582	4641996	49.03
1960-1964	21	0.00210	0.00210	0.5	94491	198	94392	4547415	48.13
1960-1964	22	0.00213	0.00212	0.5	94293	200	94193	4453023	47.23
1960-1964	23	0.00210	0.00210	0.5	94092	197	93994	4358830	46.32
1960-1964	24	0.00218	0.00218	0.5	93895	205	93793	4264836	45.42
1960-1964	25	0.00220	0.00220	0.5	93691	206	93588	4171043	44.52
1960-1964	26	0.00226	0.00226	0.5	93485	211	93379	4077456	43.62
1960-1964	27	0.00227	0.00226	0.5	93274	211	93168	3984077	42.71
1960-1964	28	0.00240	0.00239	0.5	93062	223	92951	3890909	41.81
1960-1964	29	0.00226	0.00226	0.5	92840	210	92735	3797958	40.91
1960-1964	30	0.00240	0.00240	0.5	92630	222	92519	3705223	40.00
1960-1964	31	0.00239	0.00239	0.5	92407	221	92297	3612704	39.10
1960-1964	32	0.00267	0.00267	0.5	92187	246	92064	3520407	38.19
1960-1964	33	0.00283	0.00283	0.5	91941	260	91811	3428344	37.29
1960-1964	34	0.00318	0.00318	0.5	91681	291	91535	3336533	36.39
1960-1964	35	0.00316	0.00315	0.5	91390	288	91246	3244998	35.51
1960-1964	36	0.00335	0.00334	0.5	91102	305	90949	3153752	34.62
1960-1964	37	0.00373	0.00372	0.5	90797	338	90628	3062803	33.73
1960-1964	38	0.00402	0.00401	0.5	90459	363	90278	2972175	32.86
1960-1964	39	0.00424	0.00423	0.5	90097	382	89906	2881897	31.99
1960-1964	40	0.00471	0.00470	0.5	89715	422	89504	2791991	31.12
1960-1964	41	0.00490	0.00489	0.5	89293	436	89075	2702487	30.27
1960-1964	42	0.00543	0.00541	0.5	88857	481	88616	2613412	29.41
1960-1964	43	0.00607	0.00605	0.5	88376	535	88108	2524795	28.57
1960-1964	44	0.00666	0.00664	0.5	87841	583	87550	2436687	27.74
1960-1964	45	0.00703	0.00700	0.5	87258	611	86953	2349137	26.92
1960-1964	46	0.00764	0.00762	0.5	86647	660	86317	2262185	26.11
1960-1964	47	0.00858	0.00854	0.5	85987	734	85620	2175867	25.30
1960-1964	48	0.00929	0.00925	0.5	85253	788	84859	2090247	24.52
1960-1964	49	0.00997	0.00992	0.5	84465	838	84046	2005388	23.74
1960-1964	50	0.01082	0.01076	0.5	83626	900	83176	1921343	22.98
1960-1964	51	0.01191	0.01184	0.5	82726	979	82237	1838166	22.22
1960-1964	52	0.01375	0.01366	0.5	81747	1116	81189	1755930	21.48
1960-1964	53	0.01415	0.01405	0.5	80631	1133	80064	1674741	20.77
1960-1964	54	0.01507	0.01495	0.5	79498	1189	78904	1594677	20.06
1960-1964	55	0.01686	0.01672	0.5	78309	1309	77655	1515773	19.36
1960-1964	56	0.01745	0.01730	0.5	77000	1332	76334	1438118	18.68
1960-1964	57	0.01870	0.01853	0.5	75668	1402	74967	1361784	18.00
1960-1964	58	0.02088	0.02066	0.5	74266	1534	73499	1286817	17.33
1960-1964	59	0.02228	0.02203	0.5	72732	1602	71931	1213318	16.68
1960-1964	60	0.02322	0.02295	0.5	71129	1632	70313	1141388	16.05
1960-1964	61	0.02402	0.02373	0.5	69497	1649	68672	1071075	15.41
1960-1964	62	0.02899	0.02857	0.5	67848	1939	66878	1002402	14.77
1960-1964	63	0.03074	0.03028	0.5	65909	1995	64911	935524	14.19
1960-1964	64	0.03316	0.03262	0.5	63914	2085	62871	870612	13.62
1960-1964	65	0.03757	0.03688	0.5	61829	2280	60689	807741	13.06
1960-1964	66	0.03717	0.03649	0.5	59549	2173	58462	747052	12.55
1960-1964	67	0.04180	0.04094	0.5	57376	2349	56201	688590	12.00
1960-1964	68	0.04359	0.04266	0.5	55027	2347	53853	632388	11.49
1960-1964	69	0.04586	0.04483	0.5	52679	2362	51499	578535	10.98
1960-1964	70	0.05206	0.05074	0.5	50318	2553	49041	527037	10.47
1960-1964	71	0.05150	0.05021	0.5	47765	2398	46566	477995	10.01
1960-1964	72	0.06114	0.05933	0.5	45367	2691	44021	431430	9.51
1960-1964	73	0.06380	0.06183	0.5	42675	2639	41356	387409	9.08
1960-1964	74	0.06910	0.06679	0.5	40036	2674	38699	346053	8.64
1960-1964	75	0.07406	0.07142	0.5	37362	2668	36028	307354	8.23
1960-1964	76	0.07511	0.07239	0.5	34694	2511	33438	271325	7.82
1960-1964	77	0.07863	0.07566	0.5	32183	2435	30965	237887	7.39
1960-1964	78	0.08865	0.08489	0.5	29748	2525	28485	206922	6.96
1960-1964	79	0.09658	0.09214	0.5	27222	2508	25968	178437	6.55
1960-1964	80	0.11088	0.10505	0.5	24714	2596	23416	152468	6.17
1960-1964	81	0.11234	0.10636	0.5	22118	2353	20942	129052	5.83
1960-1964	82	0.12993	0.12201	0.5	19765	2412	18560	108111	5.47
1960-1964	83	0.14537	0.13552	0.5	17354	2352	16178	89551	5.16
1960-1964	84	0.15757	0.14607	0.5	15002	2191	13906	73373	4.89
1960-1964	85	0.17213	0.15849	0.5	12811	2030	11796	59467	4.64
1960-1964	86	0.18558	0.16982	0.5	10780	1831	9865	47671	4.42
1960-1964	87	0.19717	0.17947	0.5	8950	1606	8147	37806	4.22
1960-1964	88	0.21275	0.19229	0.5	7343	1412	6637	29660	4.04
1960-1964	89	0.21723	0.19594	0.5	5931	1162	5350	23022	3.88
1960-1964	90	0.24721	0.22002	0.5	4769	1049	4244	17672	3.71
1960-1964	91	0.22661	0.20354	0.5	3720	757	3341	13428	3.61
1960-1964	92	0.24762	0.22034	0.5	2963	653	2636	10086	3.40
1960-1964	93	0.26313	0.23254	0.5	2310	537	2041	7450	3.23
1960-1964	94	0.28338	0.24821	0.5	1773	440	1553	5409	3.05
1960-1964	95	0.30680	0.26600	0.5	1333	355	1155	3856	2.89
1960-1964	96	0.32453	0.27922	0.5	978	273	842	2700	2.76
1960-1964	97	0.34277	0.29262	0.5	705	206	602	1859	2.64
1960-1964	98	0.36149	0.30615	0.5	499	153	422	1257	2.52
1960-1964	99	0.38064	0.31978	0.5	346	111	291	834	2.41
1960-1964	100	0.40017	0.33345	0.5	235	78	196	544	2.31
1960-1964	101	0.42002	0.34712	0.5	157	54	130	348	2.21
1960-1964	102	0.44013	0.36074	0.5	102	37	84	218	2.13
1960-1964	103	0.46044	0.37427	0.5	65	25	53	134	2.04
1960-1964	104	0.48088	0.38767	0.5	41	16	33	81	1.97
1960-1964	105	0.50139	0.40089	0.5	25	10	20	48	1.90
1960-1964	106	0.52189	0.41389	0.5	15	6	12	28	1.83
1960-1964	107	0.54232	0.42663	0.5	9	4	7	16	1.78
1960-1964	108	0.56261	0.43909	0.5	5	2	4	9	1.73
1960-1964	109	0.58269	0.45123	0.5	3	1	2	5	1.69
1960-1964	110+	0.60250	1.00000	1.66	2	2	3	3	1.66
1965-1969	0	0.03157	0.03073	0.13	100000	3073	97326	6534981	65.35
1965-1969	1	0.00202	0.00202	0.5	96927	196	96829	6437655	66.42
1965-1969	2	0.00121	0.00121	0.5	96731	117	96673	6340826	65.55
1965-1969	3	0.00094	0.00094	0.5	96615	91	96569	6244153	64.63
1965-1969	4	0.00076	0.00076	0.5	96524	73	96487	6147584	63.69
1965-1969	5	0.00072	0.00072	0.5	96451	70	96416	6051097	62.74
1965-1969	6	0.00062	0.00062	0.5	96381	60	96351	5954681	61.78
1965-1969	7	0.00060	0.00060	0.5	96321	58	96292	5858330	60.82
1965-1969	8	0.00058	0.00058	0.5	96263	56	96235	5762038	59.86
1965-1969	9	0.00053	0.00053	0.5	96207	51	96182	5665803	58.89
1965-1969	10	0.00051	0.00051	0.5	96156	49	96132	5569621	57.92
1965-1969	11	0.00050	0.00050	0.5	96107	48	96083	5473489	56.95
1965-1969	12	0.00058	0.00058	0.5	96059	56	96031	5377406	55.98
1965-1969	13	0.00070	0.00070	0.5	96004	67	95970	5281375	55.01
1965-1969	14	0.00086	0.00086	0.5	95936	83	95895	5185405	54.05
1965-1969	15	0.00108	0.00108	0.5	95854	104	95802	5089510	53.10
1965-1969	16	0.00164	0.00164	0.5	95750	157	95671	4993708	52.15
1965-1969	17	0.00188	0.00188	0.5	95593	180	95503	4898037	51.24
1965-1969	18	0.00226	0.00226	0.5	95413	215	95305	4802534	50.33
1965-1969	19	0.00230	0.00230	0.5	95198	219	95088	4707228	49.45
1965-1969	20	0.00221	0.00220	0.5	94979	209	94874	4612140	48.56
1965-1969	21	0.00236	0.00236	0.5	94769	224	94657	4517266	47.67
1965-1969	22	0.00252	0.00252	0.5	94546	238	94426	4422609	46.78
1965-1969	23	0.00236	0.00236	0.5	94307	223	94196	4328182	45.89
1965-1969	24	0.00224	0.00223	0.5	94085	210	93980	4233986	45.00
1965-1969	25	0.00233	0.00233	0.5	93875	219	93765	4140007	44.10
1965-1969	26	0.00230	0.00229	0.5	93656	215	93549	4046241	43.20
1965-1969	27	0.00224	0.00224	0.5	93441	209	93337	3952693	42.30
1965-1969	28	0.00255	0.00255	0.5	93232	238	93113	3859356	41.40
1965-1969	29	0.00250	0.00249	0.5	92995	232	92879	3766243	40.50
1965-1969	30	0.00238	0.00238	0.5	92763	221	92652	3673364	39.60
1965-1969	31	0.00261	0.00261	0.5	92542	242	92421	3580712	38.69
1965-1969	32	0.00260	0.00260	0.5	92300	240	92180	3488291	37.79
1965-1969	33	0.00292	0.00292	0.5	92060	269	91926	3396110	36.89
1965-1969	34	0.00308	0.00307	0.5	91792	282	91651	3304184	36.00
1965-1969	35	0.00347	0.00347	0.5	91510	317	91351	3212534	35.11
1965-1969	36	0.00338	0.00337	0.5	91192	307	91039	3121183	34.23
1965-1969	37	0.00365	0.00365	0.5	90885	332	90719	3030144	33.34
1965-1969	38	0.00411	0.00411	0.5	90553	372	90368	2939425	32.46
1965-1969	39	0.00450	0.00449	0.5	90182	405	89979	2849057	31.59
1965-1969	40	0.00488	0.00487	0.5	89776	437	89558	2759078	30.73
1965-1969	41	0.00528	0.00527	0.5	89339	471	89104	2669520	29.88
1965-1969	42	0.00603	0.00601	0.5	88869	534	88602	2580416	29.04
1965-1969	43	0.00650	0.00648	0.5	88335	572	88048	2491815	28.21
1965-1969	44	0.00682	0.00680	0.5	87762	597	87464	2403766	27.39
1965-1969	45	0.00764	0.00761	0.5	87165	663	86834	2316303	26.57
1965-1969	46	0.00790	0.00787	0.5	86502	681	86162	2229469	25.77
1965-1969	47	0.00884	0.00881	0.5	85822	756	85444	2143307	24.97
1965-1969	48	0.00929	0.00924	0.5	85066	786	84673	2057863	24.19
1965-1969	49	0.01043	0.01038	0.5	84280	874	83842	1973190	23.41
1965-1969	50	0.01147	0.01141	0.5	83405	951	82930	1889348	22.65
1965-1969	51	0.01243	0.01235	0.5	82454	1019	81945	1806418	21.91
1965-1969	52	0.01392	0.01382	0.5	81435	1125	80872	1724474	21.18
1965-1969	53	0.01469	0.01458	0.5	80310	1171	79724	1643601	20.47
1965-1969	54	0.01585	0.01573	0.5	79139	1245	78516	1563877	19.76
1965-1969	55	0.01713	0.01699	0.5	77894	1323	77233	1485360	19.07
1965-1969	56	0.01828	0.01812	0.5	76571	1387	75877	1408128	18.39
1965-1969	57	0.01918	0.01899	0.5	75184	1428	74470	1332250	17.72
1965-1969	58	0.02117	0.02095	0.5	73756	1545	72983	1257781	17.05
1965-1969	59	0.02354	0.02327	0.5	72211	1680	71371	1184797	16.41
1965-1969	60	0.02433	0.02403	0.5	70530	1695	69683	1113427	15.79
1965-1969	61	0.02571	0.02539	0.5	68835	1747	67962	1043744	15.16
1965-1969	62	0.02949	0.02906	0.5	67088	1950	66113	975782	14.54
1965-1969	63	0.03031	0.02986	0.5	65138	1945	64166	909669	13.97
1965-1969	64	0.03325	0.03271	0.5	63193	2067	62160	845503	13.38
1965-1969	65	0.03801	0.03730	0.5	61126	2280	59986	783343	12.82
1965-1969	66	0.03876	0.03803	0.5	58846	2238	57727	723357	12.29
1965-1969	67	0.04319	0.04227	0.5	56608	2393	55412	665630	11.76
1965-1969	68	0.04660	0.04553	0.5	54215	2469	52981	610218	11.26
1965-1969	69	0.04797	0.04685	0.5	51747	2424	50535	557237	10.77
1965-1969	70	0.05146	0.05017	0.5	49323	2474	48085	506702	10.27
1965-1969	71	0.05408	0.05266	0.5	46848	2467	45615	458616	9.79
1965-1969	72	0.06290	0.06098	0.5	44381	2707	43028	413002	9.31
1965-1969	73	0.06660	0.06445	0.5	41675	2686	40332	369973	8.88
1965-1969	74	0.07147	0.06901	0.5	38989	2691	37644	329641	8.45
1965-1969	75	0.07856	0.07559	0.5	36298	2744	34927	291998	8.04
1965-1969	76	0.08288	0.07958	0.5	33555	2670	32220	257071	7.66
1965-1969	77	0.08656	0.08297	0.5	30884	2562	29603	224851	7.28
1965-1969	78	0.09553	0.09118	0.5	28322	2582	27031	195248	6.89
1965-1969	79	0.10047	0.09567	0.5	25740	2462	24508	168217	6.54
1965-1969	80	0.11119	0.10533	0.5	23277	2452	22051	143709	6.17
1965-1969	81	0.11434	0.10816	0.5	20825	2252	19699	121658	5.84
1965-1969	82	0.12747	0.11983	0.5	18573	2226	17460	101958	5.49
1965-1969	83	0.14207	0.13265	0.5	16347	2168	15263	84498	5.17
1965-1969	84	0.15829	0.14668	0.5	14179	2080	13139	69235	4.88
1965-1969	85	0.16847	0.15538	0.5	12099	1880	11159	56096	4.64
1965-1969	86	0.18035	0.16543	0.5	10219	1691	9374	44937	4.40
1965-1969	87	0.19583	0.17837	0.5	8529	1521	7768	35563	4.17
1965-1969	88	0.20452	0.18555	0.5	7007	1300	6357	27795	3.97
1965-1969	89	0.22798	0.20465	0.5	5707	1168	5123	21438	3.76
1965-1969	90	0.24080	0.21492	0.5	4539	976	4051	16315	3.59
1965-1969	91	0.25115	0.22313	0.5	3564	795	3166	12263	3.44
1965-1969	92	0.25686	0.22763	0.5	2768	630	2453	9097	3.29
1965-1969	93	0.28731	0.25122	0.5	2138	537	1870	6644	3.11
1965-1969	94	0.29739	0.25889	0.5	1601	415	1394	4774	2.98
1965-1969	95	0.31160	0.26959	0.5	1187	320	1027	3380	2.85
1965-1969	96	0.32996	0.28323	0.5	867	245	744	2354	2.72
1965-1969	97	0.34886	0.29705	0.5	621	185	529	1610	2.59
1965-1969	98	0.36825	0.31099	0.5	437	136	369	1081	2.48
1965-1969	99	0.38808	0.32501	0.5	301	98	252	712	2.37
1965-1969	100	0.40828	0.33906	0.5	203	69	169	460	2.27
1965-1969	101	0.42879	0.35309	0.5	134	47	111	292	2.17
1965-1969	102	0.44956	0.36705	0.5	87	32	71	181	2.08
1965-1969	103	0.47050	0.38089	0.5	55	21	44	110	2.00
1965-1969	104	0.49154	0.39457	0.5	34	13	27	66	1.93
1965-1969	105	0.51262	0.40804	0.5	21	8	16	38	1.86
1965-1969	106	0.53365	0.42125	0.5	12	5	10	22	1.80
1965-1969	107	0.55456	0.43417	0.5	7	3	6	12	1.74
1965-1969	108	0.57528	0.44677	0.5	4	2	3	7	1.69
1965-1969	109	0.59574	0.45901	0.5	2	1	2	4	1.65
1965-1969	110+	0.61587	1.00000	1.62	1	1	2	2	1.62
1970-1974	0	0.02479	0.02426	0.11	100000	2426	97845	6589171	65.89
1970-1974	1	0.00161	0.00161	0.5	97574	157	97496	6491326	66.53
1970-1974	2	0.00095	0.00095	0.5	97417	92	97371	6393831	65.63
1970-1974	3	0.00083	0.00083	0.5	97325	80	97285	6296459	64.70
1970-1974	4	0.00066	0.00066	0.5	97245	64	97213	6199174	63.75
1970-1974	5	0.00065	0.00065	0.5	97181	63	97149	6101962	62.79
1970-1974	6	0.00057	0.00057	0.5	97117	55	97090	6004812	61.83
1970-1974	7	0.00057	0.00057	0.5	97062	56	97034	5907723	60.87
1970-1974	8	0.00052	0.00052	0.5	97007	51	96981	5810688	59.90
1970-1974	9	0.00047	0.00047	0.5	96956	45	96933	5713707	58.93
1970-1974	10	0.00052	0.00052	0.5	96911	50	96886	5616774	57.96
1970-1974	11	0.00053	0.00053	0.5	96860	51	96835	5519888	56.99
1970-1974	12	0.00052	0.00052	0.5	96809	51	96784	5423053	56.02
1970-1974	13	0.00073	0.00073	0.5	96759	70	96724	5326269	55.05
1970-1974	14	0.00090	0.00090	0.5	96688	87	96645	5229545	54.09
1970-1974	15	0.00119	0.00119	0.5	96601	114	96544	5132901	53.13
1970-1974	16	0.00159	0.00159	0.5	96487	153	96410	5036357	52.20
1970-1974	17	0.00199	0.00199	0.5	96333	191	96238	4939947	51.28
1970-1974	18	0.00219	0.00219	0.5	96142	210	96037	4843709	50.38
1970-1974	19	0.00218	0.00217	0.5	95932	208	95827	4747672	49.49
1970-1974	20	0.00225	0.00225	0.5	95723	215	95615	4651844	48.60
1970-1974	21	0.00238	0.00238	0.5	95508	227	95394	4556229	47.71
1970-1974	22	0.00257	0.00257	0.5	95280	244	95158	4460835	46.82
1970-1974	23	0.00251	0.00251	0.5	95036	239	94917	4365676	45.94
1970-1974	24	0.00257	0.00256	0.5	94797	243	94676	4270760	45.05
1970-1974	25	0.00249	0.00249	0.5	94554	235	94437	4176084	44.17
1970-1974	26	0.00249	0.00249	0.5	94319	234	94202	4081647	43.27
1970-1974	27	0.00246	0.00246	0.5	94085	231	93969	3987445	42.38
1970-1974	28	0.00243	0.00242	0.5	93854	227	93740	3893476	41.48
1970-1974	29	0.00267	0.00266	0.5	93626	249	93502	3799736	40.58
1970-1974	30	0.00248	0.00248	0.5	93377	231	93261	3706234	39.69
1970-1974	31	0.00255	0.00255	0.5	93146	237	93027	3612973	38.79
1970-1974	32	0.00286	0.00285	0.5	92909	265	92776	3519946	37.89
1970-1974	33	0.00287	0.00287	0.5	92644	266	92511	3427170	36.99
1970-1974	34	0.00316	0.00316	0.5	92378	292	92232	3334659	36.10
1970-1974	35	0.00317	0.00317	0.5	92086	292	91940	3242427	35.21
1970-1974	36	0.00347	0.00347	0.5	91794	318	91635	3150487	34.32
1970-1974	37	0.00382	0.00382	0.5	91476	349	91302	3058851	33.44
1970-1974	38	0.00416	0.00415	0.5	91127	378	90938	2967550	32.56
1970-1974	39	0.00453	0.00452	0.5	90749	410	90544	2876612	31.70
1970-1974	40	0.00470	0.00469	0.5	90339	424	90127	2786068	30.84
1970-1974	41	0.00506	0.00505	0.5	89915	454	89688	2695941	29.98
1970-1974	42	0.00584	0.00582	0.5	89461	521	89201	2606253	29.13
1970-1974	43	0.00594	0.00592	0.5	88941	527	88677	2517052	28.30
1970-1974	44	0.00689	0.00687	0.5	88414	607	88110	2428375	27.47
1970-1974	45	0.00721	0.00718	0.5	87807	631	87491	2340264	26.65
1970-1974	46	0.00802	0.00799	0.5	87176	696	86828	2252773	25.84
1970-1974	47	0.00887	0.00883	0.5	86479	763	86098	2165946	25.05
1970-1974	48	0.00969	0.00964	0.5	85716	827	85303	2079848	24.26
1970-1974	49	0.01040	0.01034	0.5	84889	878	84450	1994545	23.50
1970-1974	50	0.01118	0.01112	0.5	84011	934	83544	1910095	22.74
1970-1974	51	0.01176	0.01169	0.5	83077	971	82592	1826550	21.99
1970-1974	52	0.01356	0.01347	0.5	82106	1106	81553	1743959	21.24
1970-1974	53	0.01451	0.01440	0.5	81000	1167	80417	1662406	20.52
1970-1974	54	0.01583	0.01571	0.5	79833	1254	79206	1581989	19.82
1970-1974	55	0.01659	0.01645	0.5	78579	1293	77933	1502783	19.12
1970-1974	56	0.01788	0.01772	0.5	77287	1370	76602	1424850	18.44
1970-1974	57	0.01965	0.01946	0.5	75917	1477	75178	1348248	17.76
1970-1974	58	0.02095	0.02073	0.5	74439	1543	73668	1273070	17.10
1970-1974	59	0.02287	0.02261	0.5	72896	1648	72072	1199402	16.45
1970-1974	60	0.02527	0.02495	0.5	71248	1778	70359	1127330	15.82
1970-1974	61	0.02699	0.02663	0.5	69470	1850	68545	1056971	15.21
1970-1974	62	0.03092	0.03045	0.5	67620	2059	66591	988426	14.62
1970-1974	63	0.03142	0.03093	0.5	65561	2028	64547	921835	14.06
1970-1974	64	0.03472	0.03413	0.5	63533	2169	62449	857288	13.49
1970-1974	65	0.03626	0.03561	0.5	61365	2185	60272	794838	12.95
1970-1974	66	0.03849	0.03776	0.5	59179	2235	58062	734566	12.41
1970-1974	67	0.04078	0.03996	0.5	56945	2276	55807	676504	11.88
1970-1974	68	0.04340	0.04248	0.5	54669	2322	53508	620697	11.35
1970-1974	69	0.04652	0.04547	0.5	52347	2380	51157	567189	10.84
1970-1974	70	0.05180	0.05050	0.5	49967	2523	48705	516032	10.33
1970-1974	71	0.05397	0.05255	0.5	47444	2493	46197	467327	9.85
1970-1974	72	0.06172	0.05987	0.5	44950	2691	43605	421130	9.37
1970-1974	73	0.06634	0.06421	0.5	42259	2713	40902	377526	8.93
1970-1974	74	0.07118	0.06874	0.5	39546	2718	38187	336623	8.51
1970-1974	75	0.07383	0.07120	0.5	36827	2622	35516	298437	8.10
1970-1974	76	0.08127	0.07810	0.5	34205	2671	32870	262920	7.69
1970-1974	77	0.08805	0.08433	0.5	31534	2659	30204	230051	7.30
1970-1974	78	0.09564	0.09127	0.5	28875	2635	27557	199846	6.92
1970-1974	79	0.10211	0.09715	0.5	26239	2549	24965	172290	6.57
1970-1974	80	0.11223	0.10626	0.5	23690	2517	22431	147325	6.22
1970-1974	81	0.11440	0.10821	0.5	21173	2291	20027	124894	5.90
1970-1974	82	0.12761	0.11996	0.5	18882	2265	17749	104867	5.55
1970-1974	83	0.13996	0.13080	0.5	16617	2174	15530	87118	5.24
1970-1974	84	0.15845	0.14682	0.5	14443	2121	13383	71588	4.96
1970-1974	85	0.16431	0.15184	0.5	12323	1871	11387	58205	4.72
1970-1974	86	0.17849	0.16386	0.5	10451	1713	9595	46818	4.48
1970-1974	87	0.19025	0.17372	0.5	8739	1518	7980	37223	4.26
1970-1974	88	0.20258	0.18395	0.5	7221	1328	6557	29243	4.05
1970-1974	89	0.21750	0.19616	0.5	5892	1156	5315	22687	3.85
1970-1974	90	0.23972	0.21406	0.5	4737	1014	4230	17372	3.67
1970-1974	91	0.23872	0.21327	0.5	3723	794	3326	13142	3.53
1970-1974	92	0.25260	0.22427	0.5	2929	657	2600	9817	3.35
1970-1974	93	0.28148	0.24675	0.5	2272	561	1992	7216	3.18
1970-1974	94	0.28812	0.25184	0.5	1711	431	1496	5225	3.05
1970-1974	95	0.30436	0.26416	0.5	1280	338	1111	3729	2.91
1970-1974	96	0.32201	0.27735	0.5	942	261	811	2618	2.78
1970-1974	97	0.34018	0.29073	0.5	681	198	582	1806	2.65
1970-1974	98	0.35883	0.30425	0.5	483	147	409	1224	2.54
1970-1974	99	0.37792	0.31786	0.5	336	107	283	815	2.43
1970-1974	100	0.39740	0.33153	0.5	229	76	191	532	2.32
1970-1974	101	0.41721	0.34520	0.5	153	53	127	341	2.23
1970-1974	102	0.43729	0.35883	0.5	100	36	82	215	2.14
1970-1974	103	0.45757	0.37238	0.5	64	24	52	132	2.06
1970-1974	104	0.47800	0.38580	0.5	40	16	33	80	1.98
1970-1974	105	0.49850	0.39904	0.5	25	10	20	47	1.91
1970-1974	106	0.51901	0.41207	0.5	15	6	12	27	1.84
1970-1974	107	0.53945	0.42486	0.5	9	4	7	16	1.78
1970-1974	108	0.55976	0.43735	0.5	5	2	4	9	1.73
1970-1974	109	0.57987	0.44954	0.5	3	1	2	5	1.69
1970-1974	110+	0.59973	1.00000	1.67	2	2	3	3	1.67
1975-1979	0	0.01881	0.01849	0.1	100000	1849	98327	6774538	67.75
1975-1979	1	0.00127	0.00127	0.5	98151	125	98088	6676211	68.02
1975-1979	2	0.00085	0.00085	0.5	98026	84	97984	6578123	67.11
1975-1979	3	0.00066	0.00066	0.5	97942	65	97910	6480139	66.16
1975-1979	4	0.00053	0.00053	0.5	97877	52	97852	6382229	65.21
1975-1979	5	0.00052	0.00052	0.5	97826	50	97801	6284378	64.24
1975-1979	6	0.00049	0.00049	0.5	97775	48	97751	6186577	63.27
1975-1979	7	0.00043	0.00043	0.5	97727	42	97706	6088826	62.30
1975-1979	8	0.00039	0.00039	0.5	97686	38	97667	5991119	61.33
1975-1979	9	0.00039	0.00039	0.5	97648	38	97629	5893452	60.35
1975-1979	10	0.00044	0.00044	0.5	97609	43	97588	5795824	59.38
1975-1979	11	0.00040	0.00040	0.5	97567	39	97547	5698236	58.40
1975-1979	12	0.00046	0.00046	0.5	97527	45	97505	5600689	57.43
1975-1979	13	0.00062	0.00062	0.5	97482	60	97452	5503184	56.45
1975-1979	14	0.00073	0.00073	0.5	97422	71	97387	5405732	55.49
1975-1979	15	0.00099	0.00099	0.5	97351	96	97303	5308346	54.53
1975-1979	16	0.00132	0.00132	0.5	97255	129	97191	5211043	53.58
1975-1979	17	0.00159	0.00159	0.5	97126	155	97049	5113852	52.65
1975-1979	18	0.00203	0.00203	0.5	96972	197	96873	5016803	51.73
1975-1979	19	0.00208	0.00207	0.5	96775	201	96674	4919930	50.84
1975-1979	20	0.00208	0.00208	0.5	96574	201	96474	4823255	49.94
1975-1979	21	0.00216	0.00216	0.5	96373	208	96269	4726782	49.05
1975-1979	22	0.00225	0.00225	0.5	96165	216	96057	4630512	48.15
1975-1979	23	0.00220	0.00220	0.5	95949	211	95844	4534455	47.26
1975-1979	24	0.00205	0.00205	0.5	95738	196	95640	4438611	46.36
1975-1979	25	0.00229	0.00229	0.5	95542	219	95433	4342971	45.46
1975-1979	26	0.00215	0.00215	0.5	95324	205	95221	4247538	44.56
1975-1979	27	0.00218	0.00218	0.5	95119	207	95016	4152317	43.65
1975-1979	28	0.00226	0.00225	0.5	94912	214	94805	4057301	42.75
1975-1979	29	0.00209	0.00209	0.5	94698	198	94599	3962496	41.84
1975-1979	30	0.00214	0.00214	0.5	94500	202	94399	3867897	40.93
1975-1979	31	0.00224	0.00224	0.5	94298	211	94192	3773498	40.02
1975-1979	32	0.00230	0.00230	0.5	94087	216	93979	3679306	39.11
1975-1979	33	0.00228	0.00228	0.5	93871	214	93764	3585327	38.19
1975-1979	34	0.00260	0.00260	0.5	93657	243	93536	3491563	37.28
1975-1979	35	0.00273	0.00273	0.5	93414	255	93286	3398027	36.38
1975-1979	36	0.00294	0.00294	0.5	93159	274	93022	3304741	35.47
1975-1979	37	0.00328	0.00328	0.5	92885	305	92733	3211719	34.58
1975-1979	38	0.00337	0.00336	0.5	92581	311	92425	3118986	33.69
1975-1979	39	0.00388	0.00388	0.5	92269	358	92090	3026561	32.80
1975-1979	40	0.00402	0.00402	0.5	91911	369	91727	2934471	31.93
1975-1979	41	0.00457	0.00456	0.5	91542	417	91334	2842744	31.05
1975-1979	42	0.00485	0.00484	0.5	91125	441	90905	2751411	30.19
1975-1979	43	0.00544	0.00543	0.5	90684	492	90438	2660506	29.34
1975-1979	44	0.00578	0.00576	0.5	90192	520	89932	2570068	28.50
1975-1979	45	0.00653	0.00651	0.5	89672	584	89380	2480136	27.66
1975-1979	46	0.00681	0.00679	0.5	89088	605	88785	2390756	26.84
1975-1979	47	0.00754	0.00751	0.5	88483	664	88151	2301971	26.02
1975-1979	48	0.00792	0.00789	0.5	87819	693	87472	2213820	25.21
1975-1979	49	0.00910	0.00906	0.5	87126	789	86731	2126348	24.41
1975-1979	50	0.00988	0.00983	0.5	86336	849	85912	2039617	23.62
1975-1979	51	0.01092	0.01087	0.5	85488	929	85023	1953705	22.85
1975-1979	52	0.01218	0.01211	0.5	84559	1024	84047	1868682	22.10
1975-1979	53	0.01325	0.01316	0.5	83535	1099	82986	1784635	21.36
1975-1979	54	0.01406	0.01397	0.5	82436	1151	81860	1701649	20.64
1975-1979	55	0.01535	0.01523	0.5	81285	1238	80665	1619789	19.93
1975-1979	56	0.01701	0.01687	0.5	80046	1350	79371	1539123	19.23
1975-1979	57	0.01801	0.01785	0.5	78696	1405	77994	1459752	18.55
1975-1979	58	0.01945	0.01926	0.5	77291	1489	76547	1381759	17.88
1975-1979	59	0.02122	0.02100	0.5	75802	1592	75007	1305212	17.22
1975-1979	60	0.02218	0.02194	0.5	74211	1628	73397	1230205	16.58
1975-1979	61	0.02416	0.02387	0.5	72583	1733	71716	1156809	15.94
1975-1979	62	0.02726	0.02690	0.5	70850	1906	69897	1085092	15.32
1975-1979	63	0.02851	0.02811	0.5	68945	1938	67975	1015195	14.72
1975-1979	64	0.03086	0.03040	0.5	67006	2037	65988	947219	14.14
1975-1979	65	0.03370	0.03314	0.5	64970	2153	63893	881231	13.56
1975-1979	66	0.03500	0.03440	0.5	62817	2161	61736	817338	13.01
1975-1979	67	0.03741	0.03673	0.5	60656	2228	59542	755602	12.46
1975-1979	68	0.04145	0.04060	0.5	58428	2372	57242	696060	11.91
1975-1979	69	0.04424	0.04328	0.5	56056	2426	54843	638817	11.40
1975-1979	70	0.04739	0.04629	0.5	53630	2483	52388	583975	10.89
1975-1979	71	0.05004	0.04882	0.5	51147	2497	49899	531586	10.39
1975-1979	72	0.05626	0.05472	0.5	48650	2662	47319	481688	9.90
1975-1979	73	0.05806	0.05642	0.5	45988	2595	44690	434369	9.45
1975-1979	74	0.06474	0.06271	0.5	43393	2721	42033	389678	8.98
1975-1979	75	0.06856	0.06629	0.5	40672	2696	39324	347646	8.55
1975-1979	76	0.07320	0.07062	0.5	37976	2682	36635	308322	8.12
1975-1979	77	0.07886	0.07587	0.5	35294	2678	33955	271687	7.70
1975-1979	78	0.08619	0.08263	0.5	32616	2695	31269	237731	7.29
1975-1979	79	0.09008	0.08620	0.5	29921	2579	28632	206462	6.90
1975-1979	80	0.10539	0.10011	0.5	27342	2737	25974	177831	6.50
1975-1979	81	0.11037	0.10460	0.5	24605	2574	23318	151857	6.17
1975-1979	82	0.11991	0.11313	0.5	22031	2492	20785	128539	5.83
1975-1979	83	0.13374	0.12536	0.5	19539	2449	18314	107754	5.51
1975-1979	84	0.14497	0.13517	0.5	17090	2310	15935	89440	5.23
1975-1979	85	0.15423	0.14319	0.5	14780	2116	13721	73505	4.97
1975-1979	86	0.16637	0.15359	0.5	12663	1945	11691	59784	4.72
1975-1979	87	0.17752	0.16305	0.5	10718	1748	9844	48093	4.49
1975-1979	88	0.18896	0.17265	0.5	8971	1549	8196	38249	4.26
1975-1979	89	0.20763	0.18810	0.5	7422	1396	6724	30052	4.05
1975-1979	90	0.21179	0.19151	0.5	6026	1154	5449	23328	3.87
1975-1979	91	0.23170	0.20765	0.5	4872	1012	4366	17880	3.67
1975-1979	92	0.23566	0.21082	0.5	3860	814	3453	13514	3.50
1975-1979	93	0.26967	0.23763	0.5	3046	724	2684	10060	3.30
1975-1979	94	0.27312	0.24030	0.5	2322	558	2043	7376	3.18
1975-1979	95	0.29085	0.25392	0.5	1764	448	1540	5332	3.02
1975-1979	96	0.30818	0.26703	0.5	1316	352	1141	3792	2.88
1975-1979	97	0.32607	0.28036	0.5	965	271	830	2651	2.75
1975-1979	98	0.34449	0.29387	0.5	694	204	592	1822	2.62
1975-1979	99	0.36338	0.30751	0.5	490	151	415	1229	2.51
1975-1979	100	0.38270	0.32123	0.5	340	109	285	815	2.40
1975-1979	101	0.40240	0.33500	0.5	230	77	192	530	2.30
1975-1979	102	0.42242	0.34876	0.5	153	53	127	338	2.20
1975-1979	103	0.44270	0.36247	0.5	100	36	82	211	2.12
1975-1979	104	0.46318	0.37608	0.5	64	24	52	129	2.03
1975-1979	105	0.48377	0.38955	0.5	40	15	32	78	1.96
1975-1979	106	0.50443	0.40283	0.5	24	10	19	46	1.89
1975-1979	107	0.52506	0.41588	0.5	14	6	11	26	1.83
1975-1979	108	0.54562	0.42867	0.5	8	4	7	15	1.78
1975-1979	109	0.56601	0.44116	0.5	5	2	4	8	1.73
1975-1979	110+	0.58619	1.00000	1.71	3	3	5	5	1.71
1980-1984	0	0.01468	0.01448	0.08	100000	1448	98674	6914888	69.15
1980-1984	1	0.00108	0.00108	0.5	98552	106	98499	6816214	69.16
1980-1984	2	0.00073	0.00073	0.5	98445	72	98409	6717715	68.24
1980-1984	3	0.00054	0.00054	0.5	98373	53	98347	6619306	67.29
1980-1984	4	0.00046	0.00046	0.5	98321	45	98298	6520959	66.32
1980-1984	5	0.00038	0.00038	0.5	98276	37	98257	6422661	65.35
1980-1984	6	0.00038	0.00038	0.5	98239	37	98220	6324404	64.38
1980-1984	7	0.00037	0.00037	0.5	98201	36	98183	6226184	63.40
1980-1984	8	0.00035	0.00035	0.5	98165	35	98148	6128000	62.43
1980-1984	9	0.00030	0.00030	0.5	98131	29	98116	6029852	61.45
1980-1984	10	0.00034	0.00034	0.5	98101	33	98085	5931737	60.47
1980-1984	11	0.00035	0.00035	0.5	98068	35	98051	5833652	59.49
1980-1984	12	0.00039	0.00039	0.5	98034	38	98014	5735601	58.51
1980-1984	13	0.00045	0.00045	0.5	97995	44	97973	5637586	57.53
1980-1984	14	0.00060	0.00060	0.5	97951	59	97921	5539613	56.56
1980-1984	15	0.00078	0.00078	0.5	97892	77	97854	5441692	55.59
1980-1984	16	0.00115	0.00114	0.5	97815	112	97759	5343838	54.63
1980-1984	17	0.00140	0.00140	0.5	97703	137	97635	5246079	53.69
1980-1984	18	0.00172	0.00172	0.5	97567	168	97483	5148444	52.77
1980-1984	19	0.00178	0.00178	0.5	97399	173	97312	5050962	51.86
1980-1984	20	0.00192	0.00192	0.5	97225	187	97132	4953650	50.95
1980-1984	21	0.00189	0.00189	0.5	97039	183	96947	4856518	50.05
1980-1984	22	0.00198	0.00198	0.5	96856	191	96760	4759570	49.14
1980-1984	23	0.00201	0.00201	0.5	96664	194	96567	4662810	48.24
1980-1984	24	0.00201	0.00200	0.5	96470	193	96373	4566243	47.33
1980-1984	25	0.00198	0.00198	0.5	96277	191	96181	4469870	46.43
1980-1984	26	0.00190	0.00190	0.5	96086	182	95995	4373689	45.52
1980-1984	27	0.00200	0.00200	0.5	95904	192	95808	4277694	44.60
1980-1984	28	0.00212	0.00212	0.5	95712	203	95610	4181886	43.69
1980-1984	29	0.00198	0.00198	0.5	95509	189	95415	4086276	42.78
1980-1984	30	0.00198	0.00197	0.5	95320	188	95226	3990861	41.87
1980-1984	31	0.00200	0.00200	0.5	95132	190	95037	3895635	40.95
1980-1984	32	0.00215	0.00215	0.5	94942	204	94840	3800598	40.03
1980-1984	33	0.00221	0.00220	0.5	94738	209	94634	3705758	39.12
1980-1984	34	0.00229	0.00228	0.5	94529	216	94421	3611124	38.20
1980-1984	35	0.00237	0.00237	0.5	94314	223	94202	3516703	37.29
1980-1984	36	0.00242	0.00242	0.5	94090	228	93976	3422501	36.37
1980-1984	37	0.00270	0.00269	0.5	93863	253	93736	3328524	35.46
1980-1984	38	0.00313	0.00312	0.5	93610	293	93464	3234788	34.56
1980-1984	39	0.00315	0.00314	0.5	93317	293	93171	3141325	33.66
1980-1984	40	0.00331	0.00331	0.5	93024	308	92870	3048154	32.77
1980-1984	41	0.00379	0.00378	0.5	92717	350	92541	2955283	31.87
1980-1984	42	0.00416	0.00415	0.5	92366	384	92174	2862742	30.99
1980-1984	43	0.00460	0.00459	0.5	91982	422	91771	2770568	30.12
1980-1984	44	0.00468	0.00467	0.5	91560	428	91347	2678796	29.26
1980-1984	45	0.00528	0.00527	0.5	91133	480	90893	2587450	28.39
1980-1984	46	0.00586	0.00585	0.5	90653	530	90388	2496557	27.54
1980-1984	47	0.00643	0.00641	0.5	90123	578	89834	2406169	26.70
1980-1984	48	0.00750	0.00747	0.5	89545	669	89211	2316335	25.87
1980-1984	49	0.00785	0.00782	0.5	88876	695	88529	2227124	25.06
1980-1984	50	0.00868	0.00864	0.5	88181	762	87800	2138596	24.25
1980-1984	51	0.00973	0.00968	0.5	87420	846	86997	2050795	23.46
1980-1984	52	0.01085	0.01079	0.5	86573	934	86106	1963799	22.68
1980-1984	53	0.01162	0.01156	0.5	85639	990	85145	1877692	21.93
1980-1984	54	0.01249	0.01241	0.5	84650	1050	84125	1792548	21.18
1980-1984	55	0.01379	0.01370	0.5	83599	1145	83027	1708423	20.44
1980-1984	56	0.01494	0.01483	0.5	82454	1223	81843	1625396	19.71
1980-1984	57	0.01612	0.01600	0.5	81232	1299	80582	1543553	19.00
1980-1984	58	0.01858	0.01841	0.5	79932	1471	79197	1462971	18.30
1980-1984	59	0.01913	0.01894	0.5	78461	1486	77718	1383775	17.64
1980-1984	60	0.02098	0.02076	0.5	76974	1598	76175	1306057	16.97
1980-1984	61	0.02292	0.02266	0.5	75376	1708	74522	1229882	16.32
1980-1984	62	0.02538	0.02506	0.5	73668	1846	72745	1155359	15.68
1980-1984	63	0.02693	0.02657	0.5	71822	1909	70868	1082614	15.07
1980-1984	64	0.02816	0.02777	0.5	69913	1942	68943	1011746	14.47
1980-1984	65	0.03053	0.03007	0.5	67972	2044	66950	942804	13.87
1980-1984	66	0.03338	0.03284	0.5	65928	2165	64845	875854	13.29
1980-1984	67	0.03577	0.03514	0.5	63763	2241	62643	811009	12.72
1980-1984	68	0.03989	0.03911	0.5	61522	2406	60319	748366	12.16
1980-1984	69	0.04185	0.04099	0.5	59116	2423	57905	688047	11.64
1980-1984	70	0.04564	0.04463	0.5	56693	2530	55428	630142	11.11
1980-1984	71	0.04889	0.04772	0.5	54163	2585	52871	574714	10.61
1980-1984	72	0.05302	0.05165	0.5	51578	2664	50246	521843	10.12
1980-1984	73	0.05941	0.05769	0.5	48914	2822	47503	471597	9.64
1980-1984	74	0.06095	0.05915	0.5	46093	2726	44729	424093	9.20
1980-1984	75	0.06607	0.06395	0.5	43366	2773	41980	379364	8.75
1980-1984	76	0.07314	0.07056	0.5	40593	2864	39161	337384	8.31
1980-1984	77	0.07648	0.07367	0.5	37729	2779	36339	298224	7.90
1980-1984	78	0.08437	0.08095	0.5	34949	2829	33535	261885	7.49
1980-1984	79	0.08304	0.07973	0.5	32120	2561	30839	228350	7.11
1980-1984	80	0.10189	0.09695	0.5	29559	2866	28126	197511	6.68
1980-1984	81	0.10585	0.10053	0.5	26693	2683	25351	169385	6.35
1980-1984	82	0.11733	0.11083	0.5	24010	2661	22679	144033	6.00
1980-1984	83	0.12892	0.12111	0.5	21349	2586	20056	121354	5.68
1980-1984	84	0.14002	0.13086	0.5	18763	2455	17535	101298	5.40
1980-1984	85	0.14551	0.13564	0.5	16308	2212	15202	83762	5.14
1980-1984	86	0.16224	0.15006	0.5	14096	2115	13038	68561	4.86
1980-1984	87	0.17008	0.15675	0.5	11980	1878	11042	55523	4.63
1980-1984	88	0.18522	0.16952	0.5	10103	1713	9246	44481	4.40
1980-1984	89	0.19540	0.17801	0.5	8390	1493	7643	35235	4.20
1980-1984	90	0.20445	0.18549	0.5	6896	1279	6257	27592	4.00
1980-1984	91	0.21163	0.19138	0.5	5617	1075	5080	21335	3.80
1980-1984	92	0.23505	0.21033	0.5	4542	955	4065	16255	3.58
1980-1984	93	0.25335	0.22487	0.5	3587	807	3184	12191	3.40
1980-1984	94	0.27006	0.23793	0.5	2780	662	2450	9007	3.24
1980-1984	95	0.28250	0.24753	0.5	2119	524	1857	6558	3.09
1980-1984	96	0.29958	0.26055	0.5	1594	415	1387	4701	2.95
1980-1984	97	0.31724	0.27381	0.5	1179	323	1018	3314	2.81
1980-1984	98	0.33544	0.28726	0.5	856	246	733	2297	2.68
1980-1984	99	0.35414	0.30087	0.5	610	184	518	1564	2.56
1980-1984	100	0.37330	0.31459	0.5	427	134	359	1045	2.45
1980-1984	101	0.39287	0.32837	0.5	292	96	244	686	2.35
1980-1984	102	0.41279	0.34217	0.5	196	67	163	441	2.25
1980-1984	103	0.43299	0.35593	0.5	129	46	106	279	2.16
1980-1984	104	0.45342	0.36963	0.5	83	31	68	172	2.07
1980-1984	105	0.47401	0.38319	0.5	52	20	42	105	2.00
1980-1984	106	0.49469	0.39660	0.5	32	13	26	62	1.92
1980-1984	107	0.51539	0.40979	0.5	20	8	16	36	1.86
1980-1984	108	0.53603	0.42273	0.5	12	5	9	21	1.81
1980-1984	109	0.55655	0.43539	0.5	7	3	5	12	1.76
1980-1984	110+	0.57688	1.00000	1.73	4	4	7	7	1.73
1985-1989	0	0.01343	0.01327	0.08	100000	1327	98781	6969721	69.70
1985-1989	1	0.00092	0.00092	0.5	98673	91	98627	6870940	69.63
1985-1989	2	0.00064	0.00064	0.5	98582	63	98550	6772313	68.70
1985-1989	3	0.00051	0.00051	0.5	98519	50	98494	6673762	67.74
1985-1989	4	0.00043	0.00043	0.5	98469	42	98448	6575268	66.78
1985-1989	5	0.00034	0.00034	0.5	98427	34	98410	6476821	65.80
1985-1989	6	0.00031	0.00031	0.5	98393	31	98377	6378411	64.83
1985-1989	7	0.00029	0.00029	0.5	98362	29	98348	6280033	63.85
1985-1989	8	0.00033	0.00033	0.5	98333	32	98317	6181686	62.86
1985-1989	9	0.00031	0.00031	0.5	98301	30	98286	6083369	61.89
1985-1989	10	0.00031	0.00031	0.5	98271	30	98256	5985083	60.90
1985-1989	11	0.00029	0.00029	0.5	98240	28	98226	5886827	59.92
1985-1989	12	0.00042	0.00042	0.5	98212	41	98192	5788601	58.94
1985-1989	13	0.00051	0.00051	0.5	98171	50	98146	5690409	57.96
1985-1989	14	0.00064	0.00064	0.5	98121	63	98090	5592263	56.99
1985-1989	15	0.00076	0.00076	0.5	98058	75	98021	5494174	56.03
1985-1989	16	0.00114	0.00114	0.5	97983	112	97928	5396153	55.07
1985-1989	17	0.00137	0.00137	0.5	97872	134	97805	5298225	54.13
1985-1989	18	0.00171	0.00170	0.5	97737	167	97654	5200421	53.21
1985-1989	19	0.00170	0.00170	0.5	97571	166	97488	5102766	52.30
1985-1989	20	0.00178	0.00178	0.5	97405	173	97318	5005279	51.39
1985-1989	21	0.00184	0.00184	0.5	97231	179	97142	4907960	50.48
1985-1989	22	0.00179	0.00179	0.5	97052	174	96965	4810819	49.57
1985-1989	23	0.00193	0.00192	0.5	96879	186	96785	4713853	48.66
1985-1989	24	0.00194	0.00194	0.5	96692	187	96598	4617068	47.75
1985-1989	25	0.00185	0.00185	0.5	96505	178	96416	4520469	46.84
1985-1989	26	0.00186	0.00186	0.5	96326	179	96237	4424054	45.93
1985-1989	27	0.00187	0.00187	0.5	96147	180	96058	4327817	45.01
1985-1989	28	0.00208	0.00207	0.5	95968	199	95868	4231759	44.10
1985-1989	29	0.00193	0.00192	0.5	95769	184	95676	4135891	43.19
1985-1989	30	0.00214	0.00214	0.5	95584	205	95482	4040215	42.27
1985-1989	31	0.00230	0.00230	0.5	95380	220	95270	3944733	41.36
1985-1989	32	0.00237	0.00237	0.5	95160	226	95047	3849463	40.45
1985-1989	33	0.00228	0.00227	0.5	94934	216	94826	3754416	39.55
1985-1989	34	0.00226	0.00225	0.5	94719	213	94612	3659589	38.64
1985-1989	35	0.00231	0.00231	0.5	94505	218	94396	3564977	37.72
1985-1989	36	0.00259	0.00259	0.5	94287	244	94165	3470581	36.81
1985-1989	37	0.00266	0.00266	0.5	94043	250	93918	3376416	35.90
1985-1989	38	0.00312	0.00311	0.5	93794	292	93648	3282497	35.00
1985-1989	39	0.00280	0.00279	0.5	93502	261	93371	3188850	34.10
1985-1989	40	0.00306	0.00305	0.5	93240	285	93098	3095479	33.20
1985-1989	41	0.00349	0.00349	0.5	92956	324	92794	3002381	32.30
1985-1989	42	0.00376	0.00376	0.5	92632	348	92458	2909587	31.41
1985-1989	43	0.00419	0.00418	0.5	92284	385	92091	2817129	30.53
1985-1989	44	0.00456	0.00455	0.5	91898	418	91689	2725038	29.65
1985-1989	45	0.00472	0.00470	0.5	91480	430	91265	2633349	28.79
1985-1989	46	0.00569	0.00567	0.5	91050	516	90791	2542084	27.92
1985-1989	47	0.00564	0.00562	0.5	90533	509	90279	2451293	27.08
1985-1989	48	0.00670	0.00668	0.5	90024	601	89724	2361014	26.23
1985-1989	49	0.00695	0.00693	0.5	89423	619	89113	2271291	25.40
1985-1989	50	0.00788	0.00784	0.5	88804	697	88455	2182178	24.57
1985-1989	51	0.00864	0.00860	0.5	88107	758	87728	2093722	23.76
1985-1989	52	0.00961	0.00957	0.5	87349	836	86931	2005994	22.97
1985-1989	53	0.01087	0.01081	0.5	86513	935	86045	1919063	22.18
1985-1989	54	0.01151	0.01144	0.5	85578	979	85088	1833018	21.42
1985-1989	55	0.01297	0.01289	0.5	84599	1090	84053	1747930	20.66
1985-1989	56	0.01373	0.01363	0.5	83508	1139	82939	1663876	19.92
1985-1989	57	0.01509	0.01497	0.5	82370	1233	81753	1580937	19.19
1985-1989	58	0.01722	0.01707	0.5	81136	1385	80444	1499184	18.48
1985-1989	59	0.01827	0.01811	0.5	79751	1444	79029	1418741	17.79
1985-1989	60	0.01991	0.01972	0.5	78307	1544	77535	1339712	17.11
1985-1989	61	0.02118	0.02096	0.5	76763	1609	75959	1262177	16.44
1985-1989	62	0.02399	0.02371	0.5	75154	1782	74263	1186218	15.78
1985-1989	63	0.02561	0.02528	0.5	73372	1855	72445	1111955	15.15
1985-1989	64	0.02724	0.02688	0.5	71517	1922	70556	1039510	14.54
1985-1989	65	0.03030	0.02984	0.5	69595	2077	68556	968954	13.92
1985-1989	66	0.03297	0.03243	0.5	67518	2190	66423	900398	13.34
1985-1989	67	0.03444	0.03385	0.5	65328	2212	64222	833975	12.77
1985-1989	68	0.03788	0.03717	0.5	63116	2346	61943	769753	12.20
1985-1989	69	0.04093	0.04011	0.5	60770	2437	59551	707810	11.65
1985-1989	70	0.04458	0.04361	0.5	58333	2544	57061	648258	11.11
1985-1989	71	0.04657	0.04551	0.5	55789	2539	54520	591197	10.60
1985-1989	72	0.05395	0.05253	0.5	53250	2797	51851	536678	10.08
1985-1989	73	0.05777	0.05615	0.5	50453	2833	49036	484826	9.61
1985-1989	74	0.06200	0.06014	0.5	47620	2864	46188	435790	9.15
1985-1989	75	0.06579	0.06369	0.5	44756	2851	43331	389602	8.71
1985-1989	76	0.07134	0.06888	0.5	41905	2886	40462	346271	8.26
1985-1989	77	0.07707	0.07421	0.5	39019	2896	37571	305809	7.84
1985-1989	78	0.08491	0.08145	0.5	36123	2942	34652	268238	7.43
1985-1989	79	0.08656	0.08297	0.5	33181	2753	31804	233586	7.04
1985-1989	80	0.10011	0.09534	0.5	30428	2901	28977	201782	6.63
1985-1989	81	0.10764	0.10214	0.5	27527	2812	26121	172804	6.28
1985-1989	82	0.11722	0.11073	0.5	24715	2737	23347	146683	5.93
1985-1989	83	0.12586	0.11841	0.5	21979	2602	20677	123336	5.61
1985-1989	84	0.13655	0.12782	0.5	19376	2477	18138	102659	5.30
1985-1989	85	0.14898	0.13865	0.5	16899	2343	15728	84521	5.00
1985-1989	86	0.16153	0.14946	0.5	14556	2176	13468	68793	4.73
1985-1989	87	0.17259	0.15888	0.5	12381	1967	11397	55325	4.47
1985-1989	88	0.18758	0.17150	0.5	10414	1786	9521	43928	4.22
1985-1989	89	0.20084	0.18251	0.5	8628	1575	7840	34407	3.99
1985-1989	90	0.21633	0.19521	0.5	7053	1377	6365	26567	3.77
1985-1989	91	0.23447	0.20987	0.5	5676	1191	5081	20202	3.56
1985-1989	92	0.25512	0.22626	0.5	4485	1015	3978	15121	3.37
1985-1989	93	0.26606	0.23482	0.5	3470	815	3063	11144	3.21
1985-1989	94	0.29452	0.25672	0.5	2655	682	2314	8081	3.04
1985-1989	95	0.29991	0.26080	0.5	1974	515	1716	5767	2.92
1985-1989	96	0.31913	0.27521	0.5	1459	402	1258	4050	2.78
1985-1989	97	0.33898	0.28985	0.5	1057	306	904	2792	2.64
1985-1989	98	0.35941	0.30466	0.5	751	229	637	1888	2.51
1985-1989	99	0.38036	0.31958	0.5	522	167	439	1251	2.40
1985-1989	100	0.40177	0.33456	0.5	355	119	296	813	2.29
1985-1989	101	0.42356	0.34954	0.5	236	83	195	517	2.19
1985-1989	102	0.44566	0.36445	0.5	154	56	126	322	2.09
1985-1989	103	0.46797	0.37923	0.5	98	37	79	196	2.01
1985-1989	104	0.49041	0.39384	0.5	61	24	49	117	1.93
1985-1989	105	0.51288	0.40820	0.5	37	15	29	68	1.85
1985-1989	106	0.53531	0.42228	0.5	22	9	17	39	1.79
1985-1989	107	0.55759	0.43603	0.5	13	5	10	22	1.73
1985-1989	108	0.57965	0.44940	0.5	7	3	5	12	1.67
1985-1989	109	0.60139	0.46236	0.5	4	2	3	6	1.63
1985-1989	110+	0.62273	1.00000	1.61	2	2	3	3	1.61
1990-1994	0	0.01142	0.01130	0.08	100000	1130	98955	7030696	70.31
1990-1994	1	0.00084	0.00084	0.5	98870	83	98828	6931741	70.11
1990-1994	2	0.00062	0.00062	0.5	98787	62	98756	6832912	69.17
1990-1994	3	0.00053	0.00053	0.5	98725	52	98699	6734157	68.21
1990-1994	4	0.00039	0.00039	0.5	98673	39	98654	6635458	67.25
1990-1994	5	0.00034	0.00034	0.5	98634	33	98618	6536804	66.27
1990-1994	6	0.00028	0.00028	0.5	98601	28	98587	6438186	65.30
1990-1994	7	0.00032	0.00032	0.5	98573	31	98558	6339599	64.31
1990-1994	8	0.00028	0.00028	0.5	98542	27	98529	6241041	63.33
1990-1994	9	0.00023	0.00023	0.5	98515	23	98504	6142513	62.35
1990-1994	10	0.00027	0.00027	0.5	98492	26	98479	6044009	61.37
1990-1994	11	0.00027	0.00027	0.5	98466	26	98453	5945530	60.38
1990-1994	12	0.00029	0.00029	0.5	98440	29	98425	5847077	59.40
1990-1994	13	0.00043	0.00042	0.5	98411	42	98390	5748652	58.41
1990-1994	14	0.00061	0.00061	0.5	98369	60	98339	5650262	57.44
1990-1994	15	0.00095	0.00095	0.5	98309	94	98262	5551923	56.47
1990-1994	16	0.00129	0.00129	0.5	98215	127	98152	5453660	55.53
1990-1994	17	0.00145	0.00145	0.5	98088	142	98017	5355508	54.60
1990-1994	18	0.00193	0.00193	0.5	97946	189	97852	5257491	53.68
1990-1994	19	0.00188	0.00188	0.5	97757	184	97666	5159639	52.78
1990-1994	20	0.00183	0.00183	0.5	97574	179	97485	5061973	51.88
1990-1994	21	0.00191	0.00191	0.5	97395	186	97302	4964489	50.97
1990-1994	22	0.00207	0.00206	0.5	97209	201	97109	4867187	50.07
1990-1994	23	0.00196	0.00196	0.5	97008	190	96914	4770078	49.17
1990-1994	24	0.00189	0.00189	0.5	96819	183	96727	4673164	48.27
1990-1994	25	0.00184	0.00184	0.5	96636	178	96547	4576437	47.36
1990-1994	26	0.00194	0.00194	0.5	96458	187	96364	4479890	46.44
1990-1994	27	0.00207	0.00207	0.5	96271	199	96171	4383526	45.53
1990-1994	28	0.00242	0.00241	0.5	96072	232	95956	4287354	44.63
1990-1994	29	0.00218	0.00218	0.5	95840	209	95735	4191399	43.73
1990-1994	30	0.00215	0.00215	0.5	95631	206	95528	4095664	42.83
1990-1994	31	0.00235	0.00235	0.5	95425	224	95313	4000136	41.92
1990-1994	32	0.00253	0.00253	0.5	95201	241	95080	3904823	41.02
1990-1994	33	0.00265	0.00264	0.5	94960	251	94834	3809743	40.12
1990-1994	34	0.00258	0.00258	0.5	94709	244	94587	3714908	39.22
1990-1994	35	0.00272	0.00271	0.5	94465	256	94337	3620321	38.32
1990-1994	36	0.00273	0.00272	0.5	94208	257	94080	3525985	37.43
1990-1994	37	0.00284	0.00283	0.5	93952	266	93819	3431905	36.53
1990-1994	38	0.00318	0.00318	0.5	93685	298	93536	3338086	35.63
1990-1994	39	0.00316	0.00315	0.5	93388	294	93240	3244550	34.74
1990-1994	40	0.00339	0.00339	0.5	93093	315	92935	3151309	33.85
1990-1994	41	0.00358	0.00357	0.5	92778	331	92612	3058374	32.96
1990-1994	42	0.00395	0.00394	0.5	92447	364	92265	2965762	32.08
1990-1994	43	0.00401	0.00401	0.5	92083	369	91898	2873497	31.21
1990-1994	44	0.00430	0.00429	0.5	91714	394	91517	2781599	30.33
1990-1994	45	0.00462	0.00461	0.5	91320	421	91110	2690082	29.46
1990-1994	46	0.00507	0.00506	0.5	90899	460	90669	2598972	28.59
1990-1994	47	0.00579	0.00577	0.5	90439	522	90178	2508303	27.73
1990-1994	48	0.00643	0.00641	0.5	89917	576	89629	2418125	26.89
1990-1994	49	0.00660	0.00658	0.5	89341	588	89047	2328497	26.06
1990-1994	50	0.00729	0.00726	0.5	88753	644	88431	2239450	25.23
1990-1994	51	0.00793	0.00790	0.5	88109	696	87760	2151019	24.41
1990-1994	52	0.00888	0.00884	0.5	87412	773	87026	2063259	23.60
1990-1994	53	0.00951	0.00947	0.5	86639	820	86229	1976233	22.81
1990-1994	54	0.01058	0.01052	0.5	85819	903	85367	1890003	22.02
1990-1994	55	0.01148	0.01141	0.5	84916	969	84432	1804636	21.25
1990-1994	56	0.01276	0.01268	0.5	83947	1065	83415	1720204	20.49
1990-1994	57	0.01362	0.01353	0.5	82882	1121	82322	1636790	19.75
1990-1994	58	0.01606	0.01593	0.5	81761	1303	81110	1554468	19.01
1990-1994	59	0.01667	0.01653	0.5	80458	1330	79793	1473358	18.31
1990-1994	60	0.01816	0.01800	0.5	79128	1424	78416	1393565	17.61
1990-1994	61	0.01982	0.01962	0.5	77704	1525	76942	1315149	16.93
1990-1994	62	0.02250	0.02225	0.5	76179	1695	75332	1238207	16.25
1990-1994	63	0.02386	0.02358	0.5	74484	1757	73606	1162875	15.61
1990-1994	64	0.02510	0.02479	0.5	72728	1803	71826	1089269	14.98
1990-1994	65	0.02711	0.02675	0.5	70925	1897	69976	1017443	14.35
1990-1994	66	0.03024	0.02979	0.5	69028	2057	67999	947467	13.73
1990-1994	67	0.03207	0.03156	0.5	66971	2114	65914	879467	13.13
1990-1994	68	0.03616	0.03552	0.5	64858	2304	63706	813553	12.54
1990-1994	69	0.03893	0.03819	0.5	62554	2389	61359	749847	11.99
1990-1994	70	0.04114	0.04031	0.5	60165	2425	58952	688488	11.44
1990-1994	71	0.04493	0.04394	0.5	57740	2537	56471	629535	10.90
1990-1994	72	0.04905	0.04788	0.5	55202	2643	53881	573064	10.38
1990-1994	73	0.05359	0.05219	0.5	52559	2743	51188	519183	9.88
1990-1994	74	0.05770	0.05608	0.5	49816	2794	48419	467996	9.39
1990-1994	75	0.06180	0.05995	0.5	47023	2819	45613	419576	8.92
1990-1994	76	0.06646	0.06432	0.5	44204	2843	42782	373963	8.46
1990-1994	77	0.07376	0.07114	0.5	41360	2942	39889	331181	8.01
1990-1994	78	0.07757	0.07467	0.5	38418	2869	36984	291291	7.58
1990-1994	79	0.08686	0.08325	0.5	35549	2959	34070	254308	7.15
1990-1994	80	0.09606	0.09166	0.5	32590	2987	31096	220238	6.76
1990-1994	81	0.10379	0.09867	0.5	29603	2921	28142	189142	6.39
1990-1994	82	0.11428	0.10811	0.5	26682	2885	25240	160999	6.03
1990-1994	83	0.12294	0.11582	0.5	23797	2756	22419	135760	5.70
1990-1994	84	0.13197	0.12380	0.5	21041	2605	19739	113341	5.39
1990-1994	85	0.14452	0.13478	0.5	18436	2485	17194	93602	5.08
1990-1994	86	0.15703	0.14560	0.5	15952	2323	14790	76408	4.79
1990-1994	87	0.16862	0.15551	0.5	13629	2119	12569	61618	4.52
1990-1994	88	0.18090	0.16590	0.5	11510	1909	10555	49049	4.26
1990-1994	89	0.20053	0.18226	0.5	9600	1750	8725	38494	4.01
1990-1994	90	0.21262	0.19219	0.5	7850	1509	7096	29768	3.79
1990-1994	91	0.22801	0.20468	0.5	6342	1298	5693	22672	3.58
1990-1994	92	0.24982	0.22208	0.5	5044	1120	4484	16980	3.37
1990-1994	93	0.26825	0.23652	0.5	3924	928	3460	12496	3.18
1990-1994	94	0.29262	0.25527	0.5	2996	765	2613	9037	3.02
1990-1994	95	0.30347	0.26349	0.5	2231	588	1937	6423	2.88
1990-1994	96	0.32380	0.27868	0.5	1643	458	1414	4486	2.73
1990-1994	97	0.34481	0.29410	0.5	1185	349	1011	3072	2.59
1990-1994	98	0.36644	0.30970	0.5	837	259	707	2061	2.46
1990-1994	99	0.38863	0.32540	0.5	578	188	484	1354	2.35
1990-1994	100	0.41128	0.34113	0.5	390	133	323	871	2.23
1990-1994	101	0.43432	0.35683	0.5	257	92	211	548	2.13
1990-1994	102	0.45765	0.37243	0.5	165	61	134	337	2.04
1990-1994	103	0.48117	0.38786	0.5	104	40	84	202	1.95
1990-1994	104	0.50477	0.40304	0.5	63	26	51	119	1.87
1990-1994	105	0.52834	0.41794	0.5	38	16	30	68	1.80
1990-1994	106	0.55179	0.43248	0.5	22	10	17	38	1.73
1990-1994	107	0.57502	0.44661	0.5	13	6	10	21	1.68
1990-1994	108	0.59791	0.46030	0.5	7	3	5	11	1.62
1990-1994	109	0.62039	0.47351	0.5	4	2	3	6	1.58
1990-1994	110+	0.64237	1.00000	1.56	2	2	3	3	1.56
1995-1999	0	0.01036	0.01026	0.07	100000	1026	99049	7095732	70.96
1995-1999	1	0.00079	0.00079	0.5	98974	78	98935	6996683	70.69
1995-1999	2	0.00050	0.00050	0.5	98896	49	98871	6897748	69.75
1995-1999	3	0.00043	0.00043	0.5	98847	42	98825	6798877	68.78
1995-1999	4	0.00033	0.00033	0.5	98804	33	98788	6700052	67.81
1995-1999	5	0.00030	0.00030	0.5	98771	29	98757	6601264	66.83
1995-1999	6	0.00031	0.00031	0.5	98742	31	98727	6502507	65.85
1995-1999	7	0.00025	0.00025	0.5	98711	25	98699	6403780	64.87
1995-1999	8	0.00026	0.00026	0.5	98686	26	98674	6305082	63.89
1995-1999	9	0.00027	0.00027	0.5	98661	26	98648	6206408	62.91
1995-1999	10	0.00024	0.00024	0.5	98635	24	98623	6107760	61.92
1995-1999	11	0.00023	0.00023	0.5	98611	23	98599	6009138	60.94
1995-1999	12	0.00036	0.00036	0.5	98588	35	98570	5910539	59.95
1995-1999	13	0.00042	0.00042	0.5	98552	41	98532	5811969	58.97
1995-1999	14	0.00051	0.00051	0.5	98512	50	98487	5713437	58.00
1995-1999	15	0.00072	0.00072	0.5	98462	71	98426	5614950	57.03
1995-1999	16	0.00118	0.00118	0.5	98390	116	98333	5516524	56.07
1995-1999	17	0.00145	0.00145	0.5	98275	142	98204	5418191	55.13
1995-1999	18	0.00186	0.00186	0.5	98133	183	98041	5319988	54.21
1995-1999	19	0.00172	0.00172	0.5	97950	169	97866	5221946	53.31
1995-1999	20	0.00168	0.00168	0.5	97782	164	97699	5124080	52.40
1995-1999	21	0.00189	0.00189	0.5	97617	185	97525	5026381	51.49
1995-1999	22	0.00178	0.00178	0.5	97432	174	97346	4928856	50.59
1995-1999	23	0.00180	0.00180	0.5	97259	175	97172	4831511	49.68
1995-1999	24	0.00178	0.00178	0.5	97084	173	96998	4734339	48.77
1995-1999	25	0.00178	0.00178	0.5	96911	172	96825	4637341	47.85
1995-1999	26	0.00179	0.00179	0.5	96739	173	96653	4540516	46.94
1995-1999	27	0.00181	0.00180	0.5	96566	174	96479	4443863	46.02
1995-1999	28	0.00191	0.00190	0.5	96392	184	96300	4347384	45.10
1995-1999	29	0.00198	0.00198	0.5	96208	191	96113	4251084	44.19
1995-1999	30	0.00200	0.00199	0.5	96018	191	95922	4154971	43.27
1995-1999	31	0.00226	0.00226	0.5	95826	217	95718	4059050	42.36
1995-1999	32	0.00230	0.00229	0.5	95609	219	95500	3963332	41.45
1995-1999	33	0.00246	0.00246	0.5	95390	235	95273	3867832	40.55
1995-1999	34	0.00241	0.00240	0.5	95155	229	95041	3772559	39.65
1995-1999	35	0.00260	0.00260	0.5	94927	246	94804	3677518	38.74
1995-1999	36	0.00280	0.00280	0.5	94680	265	94548	3582715	37.84
1995-1999	37	0.00304	0.00304	0.5	94415	287	94272	3488167	36.94
1995-1999	38	0.00314	0.00314	0.5	94128	295	93981	3393895	36.06
1995-1999	39	0.00320	0.00320	0.5	93833	300	93683	3299914	35.17
1995-1999	40	0.00329	0.00328	0.5	93533	307	93379	3206231	34.28
1995-1999	41	0.00382	0.00382	0.5	93226	356	93048	3112852	33.39
1995-1999	42	0.00387	0.00386	0.5	92870	359	92691	3019804	32.52
1995-1999	43	0.00426	0.00425	0.5	92512	394	92315	2927113	31.64
1995-1999	44	0.00452	0.00451	0.5	92118	415	91911	2834798	30.77
1995-1999	45	0.00461	0.00460	0.5	91703	422	91492	2742887	29.91
1995-1999	46	0.00525	0.00524	0.5	91282	478	91042	2651395	29.05
1995-1999	47	0.00545	0.00543	0.5	90803	493	90557	2560352	28.20
1995-1999	48	0.00629	0.00627	0.5	90310	567	90027	2469796	27.35
1995-1999	49	0.00631	0.00629	0.5	89743	564	89461	2379769	26.52
1995-1999	50	0.00665	0.00663	0.5	89179	591	88883	2290308	25.68
1995-1999	51	0.00773	0.00770	0.5	88588	682	88247	2201425	24.85
1995-1999	52	0.00854	0.00851	0.5	87905	748	87531	2113178	24.04
1995-1999	53	0.00929	0.00924	0.5	87157	806	86755	2025647	23.24
1995-1999	54	0.00999	0.00994	0.5	86352	859	85922	1938892	22.45
1995-1999	55	0.01072	0.01067	0.5	85493	912	85037	1852970	21.67
1995-1999	56	0.01171	0.01164	0.5	84581	984	84089	1767933	20.90
1995-1999	57	0.01311	0.01303	0.5	83597	1089	83052	1683843	20.14
1995-1999	58	0.01454	0.01444	0.5	82508	1191	81912	1600791	19.40
1995-1999	59	0.01552	0.01540	0.5	81317	1252	80691	1518879	18.68
1995-1999	60	0.01666	0.01653	0.5	80065	1323	79403	1438188	17.96
1995-1999	61	0.01906	0.01888	0.5	78741	1487	77998	1358785	17.26
1995-1999	62	0.02043	0.02022	0.5	77255	1562	76473	1280787	16.58
1995-1999	63	0.02269	0.02243	0.5	75692	1698	74843	1204313	15.91
1995-1999	64	0.02329	0.02302	0.5	73994	1703	73142	1129470	15.26
1995-1999	65	0.02621	0.02587	0.5	72291	1870	71356	1056328	14.61
1995-1999	66	0.02827	0.02787	0.5	70421	1963	69439	984972	13.99
1995-1999	67	0.02953	0.02910	0.5	68458	1992	67462	915533	13.37
1995-1999	68	0.03357	0.03301	0.5	66466	2194	65369	848071	12.76
1995-1999	69	0.03727	0.03658	0.5	64271	2351	63096	782702	12.18
1995-1999	70	0.03874	0.03800	0.5	61920	2353	60744	719606	11.62
1995-1999	71	0.04340	0.04248	0.5	59567	2530	58302	658863	11.06
1995-1999	72	0.04735	0.04625	0.5	57037	2638	55718	600561	10.53
1995-1999	73	0.05011	0.04889	0.5	54398	2659	53069	544843	10.02
1995-1999	74	0.05480	0.05334	0.5	51739	2760	50359	491774	9.50
1995-1999	75	0.05840	0.05674	0.5	48979	2779	47590	441415	9.01
1995-1999	76	0.06382	0.06185	0.5	46200	2858	44771	393826	8.52
1995-1999	77	0.06972	0.06737	0.5	43343	2920	41883	349054	8.05
1995-1999	78	0.07596	0.07318	0.5	40422	2958	38943	307172	7.60
1995-1999	79	0.08331	0.07998	0.5	37464	2996	35966	268228	7.16
1995-1999	80	0.09181	0.08778	0.5	34468	3026	32955	232262	6.74
1995-1999	81	0.10053	0.09572	0.5	31442	3010	29937	199307	6.34
1995-1999	82	0.11196	0.10603	0.5	28433	3015	26925	169370	5.96
1995-1999	83	0.12283	0.11572	0.5	25418	2941	23947	142444	5.60
1995-1999	84	0.13404	0.12562	0.5	22477	2824	21065	118497	5.27
1995-1999	85	0.14562	0.13574	0.5	19653	2668	18319	97432	4.96
1995-1999	86	0.16043	0.14852	0.5	16985	2523	15724	79113	4.66
1995-1999	87	0.17189	0.15828	0.5	14463	2289	13318	63389	4.38
1995-1999	88	0.19078	0.17417	0.5	12174	2120	11113	50071	4.11
1995-1999	89	0.20599	0.18676	0.5	10053	1878	9115	38957	3.88
1995-1999	90	0.21960	0.19787	0.5	8176	1618	7367	29843	3.65
1995-1999	91	0.24147	0.21546	0.5	6558	1413	5852	22476	3.43
1995-1999	92	0.25829	0.22874	0.5	5145	1177	4557	16624	3.23
1995-1999	93	0.28179	0.24699	0.5	3968	980	3478	12068	3.04
1995-1999	94	0.29855	0.25977	0.5	2988	776	2600	8590	2.87
1995-1999	95	0.32367	0.27859	0.5	2212	616	1904	5990	2.71
1995-1999	96	0.34663	0.29543	0.5	1596	471	1360	4086	2.56
1995-1999	97	0.37033	0.31247	0.5	1124	351	949	2726	2.42
1995-1999	98	0.39467	0.32962	0.5	773	255	646	1777	2.30
1995-1999	99	0.41954	0.34680	0.5	518	180	428	1132	2.18
1995-1999	100	0.44483	0.36390	0.5	338	123	277	703	2.08
1995-1999	101	0.47041	0.38084	0.5	215	82	174	427	1.98
1995-1999	102	0.49615	0.39753	0.5	133	53	107	252	1.89
1995-1999	103	0.52190	0.41390	0.5	80	33	64	145	1.81
1995-1999	104	0.54754	0.42986	0.5	47	20	37	82	1.74
1995-1999	105	0.57293	0.44535	0.5	27	12	21	45	1.67
1995-1999	106	0.59794	0.46032	0.5	15	7	11	24	1.61
1995-1999	107	0.62245	0.47471	0.5	8	4	6	12	1.55
1995-1999	108	0.64635	0.48849	0.5	4	2	3	6	1.51
1995-1999	109	0.66954	0.50162	0.5	2	1	2	3	1.47
1995-1999	110+	0.69194	1.00000	1.45	1	1	2	2	1.45
2000-2004	0	0.01004	0.00994	0.07	100000	994	99077	7164414	71.64
2000-2004	1	0.00069	0.00069	0.5	99006	68	98971	7065337	71.36
2000-2004	2	0.00044	0.00044	0.5	98937	44	98915	6966366	70.41
2000-2004	3	0.00038	0.00038	0.5	98893	38	98874	6867451	69.44
2000-2004	4	0.00032	0.00032	0.5	98855	31	98840	6768576	68.47
2000-2004	5	0.00023	0.00023	0.5	98824	22	98813	6669737	67.49
2000-2004	6	0.00020	0.00020	0.5	98802	19	98792	6570924	66.51
2000-2004	7	0.00018	0.00018	0.5	98782	18	98773	6472132	65.52
2000-2004	8	0.00021	0.00021	0.5	98764	20	98754	6373358	64.53
2000-2004	9	0.00021	0.00021	0.5	98744	21	98734	6274604	63.54
2000-2004	10	0.00022	0.00022	0.5	98723	21	98713	6175871	62.56
2000-2004	11	0.00027	0.00027	0.5	98702	26	98689	6077158	61.57
2000-2004	12	0.00025	0.00025	0.5	98676	24	98663	5978469	60.59
2000-2004	13	0.00032	0.00032	0.5	98651	31	98636	5879806	59.60
2000-2004	14	0.00046	0.00046	0.5	98620	45	98597	5781170	58.62
2000-2004	15	0.00058	0.00058	0.5	98574	57	98546	5682573	57.65
2000-2004	16	0.00093	0.00093	0.5	98517	92	98471	5584027	56.68
2000-2004	17	0.00124	0.00123	0.5	98426	122	98365	5485556	55.73
2000-2004	18	0.00155	0.00155	0.5	98304	152	98228	5387191	54.80
2000-2004	19	0.00178	0.00178	0.5	98152	175	98065	5288963	53.89
2000-2004	20	0.00180	0.00180	0.5	97978	176	97890	5190898	52.98
2000-2004	21	0.00182	0.00182	0.5	97801	178	97713	5093008	52.07
2000-2004	22	0.00174	0.00174	0.5	97624	170	97539	4995296	51.17
2000-2004	23	0.00173	0.00173	0.5	97454	168	97370	4897757	50.26
2000-2004	24	0.00187	0.00187	0.5	97285	182	97195	4800388	49.34
2000-2004	25	0.00190	0.00190	0.5	97104	185	97011	4703193	48.43
2000-2004	26	0.00192	0.00192	0.5	96919	186	96826	4606182	47.53
2000-2004	27	0.00183	0.00182	0.5	96733	176	96645	4509355	46.62
2000-2004	28	0.00182	0.00182	0.5	96557	176	96469	4412710	45.70
2000-2004	29	0.00191	0.00190	0.5	96381	184	96289	4316242	44.78
2000-2004	30	0.00199	0.00198	0.5	96197	191	96102	4219952	43.87
2000-2004	31	0.00203	0.00203	0.5	96007	195	95909	4123851	42.95
2000-2004	32	0.00204	0.00204	0.5	95812	195	95714	4027942	42.04
2000-2004	33	0.00212	0.00212	0.5	95616	202	95515	3932228	41.13
2000-2004	34	0.00230	0.00229	0.5	95414	219	95305	3836712	40.21
2000-2004	35	0.00234	0.00234	0.5	95195	223	95084	3741408	39.30
2000-2004	36	0.00258	0.00258	0.5	94973	245	94850	3646324	38.39
2000-2004	37	0.00271	0.00271	0.5	94728	257	94600	3551474	37.49
2000-2004	38	0.00296	0.00296	0.5	94471	279	94332	3456874	36.59
2000-2004	39	0.00323	0.00322	0.5	94192	304	94040	3362543	35.70
2000-2004	40	0.00355	0.00355	0.5	93888	333	93722	3268502	34.81
2000-2004	41	0.00377	0.00377	0.5	93555	352	93379	3174781	33.93
2000-2004	42	0.00397	0.00396	0.5	93203	369	93018	3081402	33.06
2000-2004	43	0.00446	0.00445	0.5	92834	413	92627	2988383	32.19
2000-2004	44	0.00477	0.00476	0.5	92421	440	92201	2895756	31.33
2000-2004	45	0.00487	0.00486	0.5	91980	447	91757	2803556	30.48
2000-2004	46	0.00558	0.00556	0.5	91534	509	91279	2711799	29.63
2000-2004	47	0.00587	0.00585	0.5	91025	533	90758	2620519	28.79
2000-2004	48	0.00650	0.00648	0.5	90492	586	90199	2529761	27.96
2000-2004	49	0.00682	0.00680	0.5	89906	612	89600	2439562	27.13
2000-2004	50	0.00711	0.00709	0.5	89295	633	88978	2349962	26.32
2000-2004	51	0.00782	0.00779	0.5	88662	691	88316	2260983	25.50
2000-2004	52	0.00816	0.00813	0.5	87971	715	87613	2172667	24.70
2000-2004	53	0.00893	0.00889	0.5	87256	775	86868	2085053	23.90
2000-2004	54	0.00945	0.00940	0.5	86481	813	86074	1998185	23.11
2000-2004	55	0.01056	0.01051	0.5	85667	900	85217	1912111	22.32
2000-2004	56	0.01114	0.01108	0.5	84767	939	84298	1826894	21.55
2000-2004	57	0.01224	0.01217	0.5	83828	1020	83318	1742596	20.79
2000-2004	58	0.01324	0.01315	0.5	82808	1089	82264	1659278	20.04
2000-2004	59	0.01442	0.01432	0.5	81719	1170	81134	1577014	19.30
2000-2004	60	0.01551	0.01539	0.5	80549	1240	79929	1495880	18.57
2000-2004	61	0.01656	0.01642	0.5	79309	1302	78658	1415951	17.85
2000-2004	62	0.01865	0.01847	0.5	78007	1441	77287	1337293	17.14
2000-2004	63	0.02043	0.02023	0.5	76566	1549	75792	1260007	16.46
2000-2004	64	0.02182	0.02159	0.5	75017	1619	74208	1184215	15.79
2000-2004	65	0.02352	0.02325	0.5	73398	1706	72545	1110007	15.12
2000-2004	66	0.02548	0.02516	0.5	71692	1804	70790	1037462	14.47
2000-2004	67	0.02783	0.02745	0.5	69888	1918	68929	966673	13.83
2000-2004	68	0.03015	0.02970	0.5	67970	2019	66960	897744	13.21
2000-2004	69	0.03341	0.03286	0.5	65951	2167	64867	830784	12.60
2000-2004	70	0.03587	0.03524	0.5	63784	2248	62660	765916	12.01
2000-2004	71	0.03867	0.03793	0.5	61536	2334	60369	703257	11.43
2000-2004	72	0.04253	0.04164	0.5	59202	2465	57969	642888	10.86
2000-2004	73	0.04572	0.04470	0.5	56736	2536	55468	584919	10.31
2000-2004	74	0.05000	0.04878	0.5	54200	2644	52878	529450	9.77
2000-2004	75	0.05487	0.05341	0.5	51556	2754	50180	476572	9.24
2000-2004	76	0.05979	0.05805	0.5	48803	2833	47386	426392	8.74
2000-2004	77	0.06480	0.06277	0.5	45970	2885	44527	379006	8.24
2000-2004	78	0.06991	0.06755	0.5	43085	2910	41629	334479	7.76
2000-2004	79	0.07876	0.07578	0.5	40174	3044	38652	292849	7.29
2000-2004	80	0.08797	0.08426	0.5	37130	3129	35566	254197	6.85
2000-2004	81	0.09590	0.09151	0.5	34001	3111	32446	218631	6.43
2000-2004	82	0.10504	0.09980	0.5	30890	3083	29349	186185	6.03
2000-2004	83	0.11732	0.11082	0.5	27807	3082	26267	156837	5.64
2000-2004	84	0.12924	0.12139	0.5	24726	3002	23225	130570	5.28
2000-2004	85	0.14055	0.13132	0.5	21724	2853	20298	107345	4.94
2000-2004	86	0.15467	0.14357	0.5	18871	2709	17517	87047	4.61
2000-2004	87	0.17485	0.16079	0.5	16162	2599	14863	69531	4.30
2000-2004	88	0.18876	0.17248	0.5	13563	2339	12394	54668	4.03
2000-2004	89	0.20646	0.18714	0.5	11224	2100	10174	42274	3.77
2000-2004	90	0.22514	0.20236	0.5	9123	1846	8200	32100	3.52
2000-2004	91	0.24730	0.22008	0.5	7277	1602	6476	23900	3.28
2000-2004	92	0.27273	0.24001	0.5	5676	1362	4995	17423	3.07
2000-2004	93	0.29552	0.25748	0.5	4313	1111	3758	12429	2.88
2000-2004	94	0.32731	0.28127	0.5	3203	901	2752	8671	2.71
2000-2004	95	0.34109	0.29140	0.5	2302	671	1967	5918	2.57
2000-2004	96	0.36701	0.31010	0.5	1631	506	1378	3952	2.42
2000-2004	97	0.39371	0.32896	0.5	1125	370	940	2573	2.29
2000-2004	98	0.42107	0.34784	0.5	755	263	624	1633	2.16
2000-2004	99	0.44892	0.36663	0.5	492	181	402	1009	2.05
2000-2004	100	0.47710	0.38521	0.5	312	120	252	607	1.95
2000-2004	101	0.50542	0.40346	0.5	192	77	153	355	1.85
2000-2004	102	0.53371	0.42129	0.5	114	48	90	202	1.77
2000-2004	103	0.56178	0.43859	0.5	66	29	52	112	1.69
2000-2004	104	0.58946	0.45528	0.5	37	17	29	60	1.62
2000-2004	105	0.61659	0.47129	0.5	20	10	15	32	1.56
2000-2004	106	0.64301	0.48657	0.5	11	5	8	16	1.50
2000-2004	107	0.66859	0.50108	0.5	5	3	4	8	1.45
2000-2004	108	0.69321	0.51478	0.5	3	1	2	4	1.41
2000-2004	109	0.71677	0.52766	0.5	1	1	1	2	1.38
2000-2004	110+	0.73921	1.00000	1.35	1	1	1	1	1.35
2005-2009	0	0.00984	0.00975	0.07	100000	975	99095	7234149	72.34
2005-2009	1	0.00063	0.00063	0.5	99025	62	98994	7135054	72.05
2005-2009	2	0.00039	0.00039	0.5	98963	38	98943	7036060	71.10
2005-2009	3	0.00035	0.00035	0.5	98924	34	98907	6937117	70.13
2005-2009	4	0.00025	0.00025	0.5	98890	25	98877	6838210	69.15
2005-2009	5	0.00021	0.00021	0.5	98865	21	98855	6739333	68.17
2005-2009	6	0.00018	0.00018	0.5	98844	18	98836	6640478	67.18
2005-2009	7	0.00017	0.00017	0.5	98827	17	98818	6541642	66.19
2005-2009	8	0.00019	0.00019	0.5	98809	19	98800	6442824	65.20
2005-2009	9	0.00017	0.00017	0.5	98791	17	98782	6344024	64.22
2005-2009	10	0.00015	0.00015	0.5	98774	15	98766	6245242	63.23
2005-2009	11	0.00024	0.00024	0.5	98759	24	98747	6146476	62.24
2005-2009	12	0.00021	0.00021	0.5	98735	21	98724	6047729	61.25
2005-2009	13	0.00026	0.00026	0.5	98714	26	98701	5949005	60.27
2005-2009	14	0.00035	0.00035	0.5	98688	35	98671	5850304	59.28
2005-2009	15	0.00053	0.00053	0.5	98654	53	98627	5751633	58.30
2005-2009	16	0.00085	0.00085	0.5	98601	84	98559	5653006	57.33
2005-2009	17	0.00101	0.00101	0.5	98517	100	98467	5554447	56.38
2005-2009	18	0.00146	0.00146	0.5	98417	144	98345	5455981	55.44
2005-2009	19	0.00156	0.00156	0.5	98273	153	98196	5357636	54.52
2005-2009	20	0.00178	0.00178	0.5	98120	175	98033	5259439	53.60
2005-2009	21	0.00195	0.00195	0.5	97945	191	97850	5161407	52.70
2005-2009	22	0.00190	0.00190	0.5	97754	185	97662	5063557	51.80
2005-2009	23	0.00192	0.00192	0.5	97569	187	97475	4965895	50.90
2005-2009	24	0.00190	0.00190	0.5	97382	185	97289	4868420	49.99
2005-2009	25	0.00201	0.00201	0.5	97197	196	97099	4771131	49.09
2005-2009	26	0.00197	0.00197	0.5	97001	191	96906	4674032	48.19
2005-2009	27	0.00191	0.00191	0.5	96810	185	96718	4577126	47.28
2005-2009	28	0.00208	0.00208	0.5	96625	201	96525	4480409	46.37
2005-2009	29	0.00216	0.00216	0.5	96425	208	96321	4383884	45.46
2005-2009	30	0.00224	0.00224	0.5	96216	215	96109	4287563	44.56
2005-2009	31	0.00224	0.00224	0.5	96001	215	95894	4191455	43.66
2005-2009	32	0.00223	0.00222	0.5	95786	213	95680	4095561	42.76
2005-2009	33	0.00220	0.00220	0.5	95573	210	95468	3999881	41.85
2005-2009	34	0.00233	0.00233	0.5	95363	222	95252	3904413	40.94
2005-2009	35	0.00233	0.00233	0.5	95140	221	95030	3809162	40.04
2005-2009	36	0.00246	0.00246	0.5	94919	233	94802	3714132	39.13
2005-2009	37	0.00269	0.00269	0.5	94686	254	94559	3619329	38.22
2005-2009	38	0.00286	0.00285	0.5	94431	270	94297	3524771	37.33
2005-2009	39	0.00301	0.00301	0.5	94162	283	94020	3430474	36.43
2005-2009	40	0.00335	0.00335	0.5	93878	314	93721	3336454	35.54
2005-2009	41	0.00353	0.00353	0.5	93564	330	93399	3242733	34.66
2005-2009	42	0.00387	0.00386	0.5	93234	360	93054	3149334	33.78
2005-2009	43	0.00428	0.00427	0.5	92874	397	92676	3056279	32.91
2005-2009	44	0.00474	0.00473	0.5	92477	438	92258	2963604	32.05
2005-2009	45	0.00507	0.00506	0.5	92039	465	91807	2871345	31.20
2005-2009	46	0.00559	0.00557	0.5	91574	510	91319	2779539	30.35
2005-2009	47	0.00584	0.00582	0.5	91064	530	90799	2688220	29.52
2005-2009	48	0.00641	0.00639	0.5	90534	578	90244	2597421	28.69
2005-2009	49	0.00679	0.00676	0.5	89955	609	89651	2507177	27.87
2005-2009	50	0.00740	0.00737	0.5	89347	658	89018	2417526	27.06
2005-2009	51	0.00817	0.00814	0.5	88688	722	88327	2328509	26.25
2005-2009	52	0.00875	0.00871	0.5	87966	766	87583	2240181	25.47
2005-2009	53	0.00953	0.00949	0.5	87200	827	86787	2152598	24.69
2005-2009	54	0.00978	0.00973	0.5	86373	841	85953	2065811	23.92
2005-2009	55	0.01067	0.01061	0.5	85533	908	85079	1979858	23.15
2005-2009	56	0.01125	0.01118	0.5	84625	946	84152	1894779	22.39
2005-2009	57	0.01204	0.01197	0.5	83679	1001	83178	1810627	21.64
2005-2009	58	0.01280	0.01272	0.5	82677	1052	82151	1727449	20.89
2005-2009	59	0.01366	0.01356	0.5	81625	1107	81072	1645298	20.16
2005-2009	60	0.01494	0.01483	0.5	80518	1194	79921	1564226	19.43
2005-2009	61	0.01516	0.01505	0.5	79324	1194	78728	1484305	18.71
2005-2009	62	0.01689	0.01674	0.5	78131	1308	77477	1405577	17.99
2005-2009	63	0.01879	0.01861	0.5	76822	1430	76107	1328101	17.29
2005-2009	64	0.02023	0.02003	0.5	75393	1510	74637	1251993	16.61
2005-2009	65	0.02162	0.02139	0.5	73882	1580	73092	1177356	15.94
2005-2009	66	0.02333	0.02306	0.5	72302	1667	71468	1104264	15.27
2005-2009	67	0.02464	0.02434	0.5	70635	1719	69775	1032795	14.62
2005-2009	68	0.02667	0.02632	0.5	68916	1814	68009	963020	13.97
2005-2009	69	0.02897	0.02856	0.5	67102	1916	66144	895011	13.34
2005-2009	70	0.03180	0.03130	0.5	65185	2041	64165	828868	12.72
2005-2009	71	0.03391	0.03335	0.5	63145	2106	62092	764703	12.11
2005-2009	72	0.03711	0.03644	0.5	61039	2224	59927	702611	11.51
2005-2009	73	0.04163	0.04078	0.5	58815	2399	57616	642683	10.93
2005-2009	74	0.04482	0.04384	0.5	56416	2473	55180	585068	10.37
2005-2009	75	0.04887	0.04771	0.5	53943	2573	52657	529888	9.82
2005-2009	76	0.05256	0.05122	0.5	51370	2631	50054	477231	9.29
2005-2009	77	0.05871	0.05703	0.5	48739	2780	47349	427177	8.76
2005-2009	78	0.06246	0.06057	0.5	45959	2784	44567	379828	8.26
2005-2009	79	0.06938	0.06706	0.5	43176	2895	41728	335260	7.77
2005-2009	80	0.07706	0.07420	0.5	40281	2989	38786	293532	7.29
2005-2009	81	0.08537	0.08188	0.5	37292	3053	35765	254746	6.83
2005-2009	82	0.09367	0.08948	0.5	34238	3064	32707	218981	6.40
2005-2009	83	0.10524	0.09998	0.5	31175	3117	29616	186274	5.98
2005-2009	84	0.11511	0.10885	0.5	28058	3054	26531	156658	5.58
2005-2009	85	0.12678	0.11922	0.5	25004	2981	23513	130127	5.20
2005-2009	86	0.14574	0.13584	0.5	22023	2992	20527	106613	4.84
2005-2009	87	0.15625	0.14493	0.5	19031	2758	17652	86086	4.52
2005-2009	88	0.17464	0.16061	0.5	16273	2614	14966	68434	4.21
2005-2009	89	0.19160	0.17485	0.5	13660	2388	12465	53467	3.91
2005-2009	90	0.21443	0.19366	0.5	11271	2183	10180	41002	3.64
2005-2009	91	0.23109	0.20715	0.5	9088	1883	8147	30822	3.39
2005-2009	92	0.26395	0.23318	0.5	7206	1680	6366	22675	3.15
2005-2009	93	0.28684	0.25086	0.5	5525	1386	4832	16310	2.95
2005-2009	94	0.31503	0.27216	0.5	4139	1127	3576	11477	2.77
2005-2009	95	0.33039	0.28355	0.5	3013	854	2586	7901	2.62
2005-2009	96	0.35740	0.30321	0.5	2158	654	1831	5316	2.46
2005-2009	97	0.38534	0.32309	0.5	1504	486	1261	3485	2.32
2005-2009	98	0.41407	0.34304	0.5	1018	349	843	2223	2.18
2005-2009	99	0.44338	0.36293	0.5	669	243	547	1380	2.06
2005-2009	100	0.47310	0.38260	0.5	426	163	345	833	1.95
2005-2009	101	0.50301	0.40193	0.5	263	106	210	488	1.85
2005-2009	102	0.53290	0.42078	0.5	157	66	124	278	1.77
2005-2009	103	0.56256	0.43906	0.5	91	40	71	154	1.69
2005-2009	104	0.59177	0.45665	0.5	51	23	39	82	1.61
2005-2009	105	0.62035	0.47349	0.5	28	13	21	43	1.55
2005-2009	106	0.64812	0.48949	0.5	15	7	11	22	1.49
2005-2009	107	0.67492	0.50463	0.5	7	4	6	11	1.44
2005-2009	108	0.70062	0.51886	0.5	4	2	3	5	1.39
2005-2009	109	0.72512	0.53218	0.5	2	1	1	2	1.36
2005-2009	110+	0.74833	1.00000	1.34	1	1	1	1	1.34
2010-2014	0	0.00863	0.00856	0.07	100000	856	99202	7300936	73.01
2010-2014	1	0.00054	0.00054	0.5	99144	53	99117	7201734	72.64
2010-2014	2	0.00041	0.00041	0.5	99091	41	99070	7102617	71.68
2010-2014	3	0.00031	0.00031	0.5	99050	31	99035	7003547	70.71
2010-2014	4	0.00027	0.00027	0.5	99019	27	99006	6904512	69.73
2010-2014	5	0.00019	0.00019	0.5	98993	19	98983	6805506	68.75
2010-2014	6	0.00016	0.00016	0.5	98973	16	98966	6706523	67.76
2010-2014	7	0.00015	0.00015	0.5	98958	15	98950	6607558	66.77
2010-2014	8	0.00018	0.00018	0.5	98943	17	98934	6508607	65.78
2010-2014	9	0.00016	0.00016	0.5	98925	16	98917	6409674	64.79
2010-2014	10	0.00013	0.00013	0.5	98909	13	98902	6310756	63.80
2010-2014	11	0.00019	0.00019	0.5	98896	19	98886	6211854	62.81
2010-2014	12	0.00019	0.00019	0.5	98877	19	98867	6112968	61.82
2010-2014	13	0.00028	0.00028	0.5	98858	27	98844	6014101	60.84
2010-2014	14	0.00030	0.00030	0.5	98831	30	98816	5915256	59.85
2010-2014	15	0.00040	0.00040	0.5	98801	39	98781	5816441	58.87
2010-2014	16	0.00060	0.00060	0.5	98762	59	98732	5717659	57.89
2010-2014	17	0.00084	0.00084	0.5	98703	83	98661	5618927	56.93
2010-2014	18	0.00110	0.00110	0.5	98620	108	98566	5520266	55.98
2010-2014	19	0.00127	0.00127	0.5	98512	125	98449	5421700	55.04
2010-2014	20	0.00137	0.00137	0.5	98387	135	98319	5323251	54.11
2010-2014	21	0.00149	0.00149	0.5	98252	147	98179	5224932	53.18
2010-2014	22	0.00156	0.00156	0.5	98105	153	98029	5126753	52.26
2010-2014	23	0.00156	0.00155	0.5	97953	152	97877	5028724	51.34
2010-2014	24	0.00171	0.00171	0.5	97800	167	97717	4930847	50.42
2010-2014	25	0.00173	0.00173	0.5	97634	169	97549	4833130	49.50
2010-2014	26	0.00187	0.00187	0.5	97465	182	97374	4735581	48.59
2010-2014	27	0.00186	0.00186	0.5	97282	181	97192	4638207	47.68
2010-2014	28	0.00199	0.00199	0.5	97102	193	97005	4541015	46.77
2010-2014	29	0.00200	0.00199	0.5	96909	193	96812	4444010	45.86
2010-2014	30	0.00205	0.00205	0.5	96716	198	96617	4347198	44.95
2010-2014	31	0.00220	0.00220	0.5	96518	212	96412	4250581	44.04
2010-2014	32	0.00223	0.00222	0.5	96305	214	96198	4154170	43.14
2010-2014	33	0.00230	0.00230	0.5	96091	221	95981	4057971	42.23
2010-2014	34	0.00242	0.00242	0.5	95870	232	95754	3961991	41.33
2010-2014	35	0.00249	0.00248	0.5	95638	237	95519	3866236	40.43
2010-2014	36	0.00262	0.00262	0.5	95401	250	95276	3770717	39.53
2010-2014	37	0.00272	0.00272	0.5	95151	259	95021	3675442	38.63
2010-2014	38	0.00278	0.00277	0.5	94892	263	94760	3580420	37.73
2010-2014	39	0.00304	0.00303	0.5	94629	287	94485	3485660	36.84
2010-2014	40	0.00316	0.00315	0.5	94341	298	94193	3391175	35.95
2010-2014	41	0.00334	0.00334	0.5	94044	314	93887	3296982	35.06
2010-2014	42	0.00365	0.00364	0.5	93730	342	93559	3203095	34.17
2010-2014	43	0.00374	0.00373	0.5	93388	348	93214	3109536	33.30
2010-2014	44	0.00420	0.00419	0.5	93040	390	92845	3016322	32.42
2010-2014	45	0.00470	0.00469	0.5	92650	435	92433	2923477	31.55
2010-2014	46	0.00510	0.00509	0.5	92216	470	91981	2831044	30.70
2010-2014	47	0.00573	0.00571	0.5	91746	524	91484	2739063	29.85
2010-2014	48	0.00613	0.00611	0.5	91222	558	90943	2647578	29.02
2010-2014	49	0.00669	0.00667	0.5	90665	605	90362	2556635	28.20
2010-2014	50	0.00747	0.00744	0.5	90060	670	89725	2466273	27.38
2010-2014	51	0.00818	0.00814	0.5	89390	728	89026	2376548	26.59
2010-2014	52	0.00865	0.00862	0.5	88662	764	88280	2287522	25.80
2010-2014	53	0.00941	0.00937	0.5	87898	824	87486	2199242	25.02
2010-2014	54	0.00981	0.00976	0.5	87074	850	86649	2111756	24.25
2010-2014	55	0.01105	0.01099	0.5	86224	948	85751	2025106	23.49
2010-2014	56	0.01180	0.01173	0.5	85277	1000	84776	1939356	22.74
2010-2014	57	0.01278	0.01270	0.5	84276	1070	83741	1854579	22.01
2010-2014	58	0.01327	0.01319	0.5	83206	1097	82657	1770838	21.28
2010-2014	59	0.01402	0.01392	0.5	82109	1143	81537	1688181	20.56
2010-2014	60	0.01510	0.01499	0.5	80966	1214	80359	1606644	19.84
2010-2014	61	0.01574	0.01562	0.5	79752	1246	79129	1526285	19.14
2010-2014	62	0.01686	0.01672	0.5	78506	1313	77850	1447156	18.43
2010-2014	63	0.01831	0.01814	0.5	77194	1400	76494	1369306	17.74
2010-2014	64	0.01917	0.01899	0.5	75793	1439	75074	1292813	17.06
2010-2014	65	0.02035	0.02014	0.5	74354	1498	73605	1217739	16.38
2010-2014	66	0.02186	0.02162	0.5	72857	1575	72069	1144133	15.70
2010-2014	67	0.02391	0.02362	0.5	71281	1684	70439	1072064	15.04
2010-2014	68	0.02570	0.02537	0.5	69597	1766	68715	1001625	14.39
2010-2014	69	0.02827	0.02787	0.5	67832	1891	66886	932910	13.75
2010-2014	70	0.03047	0.03001	0.5	65941	1979	64952	866024	13.13
2010-2014	71	0.03213	0.03162	0.5	63962	2023	62951	801073	12.52
2010-2014	72	0.03599	0.03535	0.5	61939	2190	60845	738122	11.92
2010-2014	73	0.03823	0.03751	0.5	59750	2241	58629	677277	11.34
2010-2014	74	0.04200	0.04113	0.5	57509	2365	56326	618648	10.76
2010-2014	75	0.04657	0.04551	0.5	55143	2510	53888	562322	10.20
2010-2014	76	0.05012	0.04889	0.5	52634	2573	51347	508434	9.66
2010-2014	77	0.05451	0.05306	0.5	50060	2656	48732	457087	9.13
2010-2014	78	0.06002	0.05827	0.5	47404	2762	46023	408355	8.61
2010-2014	79	0.06477	0.06274	0.5	44642	2801	43241	362332	8.12
2010-2014	80	0.07024	0.06786	0.5	41841	2839	40421	319091	7.63
2010-2014	81	0.07805	0.07512	0.5	39002	2930	37537	278669	7.15
2010-2014	82	0.08714	0.08350	0.5	36072	3012	34566	241133	6.68
2010-2014	83	0.09725	0.09274	0.5	33060	3066	31527	206567	6.25
2010-2014	84	0.10659	0.10119	0.5	29994	3035	28476	175040	5.84
2010-2014	85	0.11879	0.11213	0.5	26959	3023	25447	146564	5.44
2010-2014	86	0.13323	0.12491	0.5	23936	2990	22441	121117	5.06
2010-2014	87	0.14726	0.13716	0.5	20946	2873	19509	98676	4.71
2010-2014	88	0.16306	0.15076	0.5	18073	2725	16711	79167	4.38
2010-2014	89	0.18117	0.16612	0.5	15348	2550	14073	62456	4.07
2010-2014	90	0.20644	0.18713	0.5	12799	2395	11601	48383	3.78
2010-2014	91	0.21975	0.19800	0.5	10404	2060	9374	36782	3.54
2010-2014	92	0.24404	0.21750	0.5	8344	1815	7436	27408	3.28
2010-2014	93	0.27313	0.24031	0.5	6529	1569	5744	19972	3.06
2010-2014	94	0.29971	0.26065	0.5	4960	1293	4314	14227	2.87
2010-2014	95	0.31712	0.27372	0.5	3667	1004	3165	9914	2.70
2010-2014	96	0.34413	0.29361	0.5	2663	782	2272	6748	2.53
2010-2014	97	0.37218	0.31379	0.5	1881	590	1586	4476	2.38
2010-2014	98	0.40112	0.33411	0.5	1291	431	1075	2890	2.24
2010-2014	99	0.43077	0.35443	0.5	860	305	707	1814	2.11
2010-2014	100	0.46092	0.37459	0.5	555	208	451	1107	1.99
2010-2014	101	0.49137	0.39445	0.5	347	137	279	656	1.89
2010-2014	102	0.52187	0.41388	0.5	210	87	167	377	1.80
2010-2014	103	0.55221	0.43273	0.5	123	53	97	211	1.71
2010-2014	104	0.58217	0.45092	0.5	70	32	54	114	1.63
2010-2014	105	0.61154	0.46834	0.5	38	18	29	60	1.57
2010-2014	106	0.64011	0.48491	0.5	20	10	15	31	1.51
2010-2014	107	0.66773	0.50060	0.5	11	5	8	15	1.45
2010-2014	108	0.69424	0.51535	0.5	5	3	4	7	1.41
2010-2014	109	0.71952	0.52915	0.5	3	1	2	3	1.37
2010-2014	110+	0.74349	1.00000	1.35	1	1	2	2	1.35
2015-2019	0	0.00809	0.00803	0.07	100000	803	99250	7271168	72.71
2015-2019	1	0.00058	0.00058	0.5	99197	58	99168	7171918	72.30
2015-2019	2	0.00037	0.00037	0.5	99139	37	99121	7072750	71.34
2015-2019	3	0.00032	0.00032	0.5	99102	32	99086	6973629	70.37
2015-2019	4	0.00020	0.00020	0.5	99070	20	99060	6874543	69.39
2015-2019	5	0.00020	0.00020	0.5	99050	20	99040	6775482	68.40
2015-2019	6	0.00015	0.00015	0.5	99030	15	99022	6676442	67.42
2015-2019	7	0.00016	0.00016	0.5	99015	16	99007	6577420	66.43
2015-2019	8	0.00017	0.00017	0.5	98999	17	98991	6478413	65.44
2015-2019	9	0.00017	0.00017	0.5	98983	17	98974	6379422	64.45
2015-2019	10	0.00019	0.00019	0.5	98966	19	98956	6280448	63.46
2015-2019	11	0.00017	0.00017	0.5	98947	17	98938	6181492	62.47
2015-2019	12	0.00022	0.00022	0.5	98930	21	98919	6082554	61.48
2015-2019	13	0.00024	0.00024	0.5	98909	24	98897	5983635	60.50
2015-2019	14	0.00034	0.00034	0.5	98885	34	98868	5884738	59.51
2015-2019	15	0.00047	0.00047	0.5	98851	46	98828	5785870	58.53
2015-2019	16	0.00064	0.00064	0.5	98805	63	98773	5687042	57.56
2015-2019	17	0.00092	0.00092	0.5	98742	91	98696	5588269	56.59
2015-2019	18	0.00135	0.00135	0.5	98651	133	98585	5489572	55.65
2015-2019	19	0.00151	0.00151	0.5	98518	148	98444	5390988	54.72
2015-2019	20	0.00150	0.00150	0.5	98370	147	98296	5292544	53.80
2015-2019	21	0.00168	0.00168	0.5	98222	165	98140	5194248	52.88
2015-2019	22	0.00170	0.00170	0.5	98058	166	97975	5096107	51.97
2015-2019	23	0.00175	0.00175	0.5	97892	171	97806	4998133	51.06
2015-2019	24	0.00174	0.00174	0.5	97721	170	97635	4900327	50.15
2015-2019	25	0.00195	0.00195	0.5	97550	190	97455	4802691	49.23
2015-2019	26	0.00190	0.00190	0.5	97360	185	97268	4705236	48.33
2015-2019	27	0.00213	0.00213	0.5	97175	207	97072	4607968	47.42
2015-2019	28	0.00221	0.00221	0.5	96968	214	96861	4510897	46.52
2015-2019	29	0.00238	0.00237	0.5	96754	230	96639	4414036	45.62
2015-2019	30	0.00232	0.00232	0.5	96524	224	96412	4317397	44.73
2015-2019	31	0.00253	0.00253	0.5	96300	243	96178	4220984	43.83
2015-2019	32	0.00275	0.00274	0.5	96057	264	95925	4124806	42.94
2015-2019	33	0.00272	0.00271	0.5	95793	260	95663	4028881	42.06
2015-2019	34	0.00285	0.00284	0.5	95533	272	95397	3933218	41.17
2015-2019	35	0.00299	0.00298	0.5	95261	284	95119	3837821	40.29
2015-2019	36	0.00317	0.00316	0.5	94977	300	94827	3742702	39.41
2015-2019	37	0.00316	0.00316	0.5	94677	299	94527	3647875	38.53
2015-2019	38	0.00336	0.00336	0.5	94378	317	94220	3553347	37.65
2015-2019	39	0.00349	0.00349	0.5	94061	328	93897	3459128	36.78
2015-2019	40	0.00375	0.00374	0.5	93733	350	93558	3365230	35.90
2015-2019	41	0.00383	0.00383	0.5	93383	357	93204	3271672	35.04
2015-2019	42	0.00396	0.00396	0.5	93026	368	92842	3178468	34.17
2015-2019	43	0.00420	0.00419	0.5	92658	388	92464	3085627	33.30
2015-2019	44	0.00447	0.00446	0.5	92270	412	92064	2993163	32.44
2015-2019	45	0.00491	0.00489	0.5	91858	450	91633	2901100	31.58
2015-2019	46	0.00530	0.00529	0.5	91408	483	91166	2809467	30.74
2015-2019	47	0.00559	0.00557	0.5	90925	507	90671	2718300	29.90
2015-2019	48	0.00604	0.00602	0.5	90418	545	90146	2627629	29.06
2015-2019	49	0.00661	0.00659	0.5	89874	592	89577	2537483	28.23
2015-2019	50	0.00716	0.00714	0.5	89281	637	88963	2447906	27.42
2015-2019	51	0.00790	0.00787	0.5	88644	698	88295	2358943	26.61
2015-2019	52	0.00844	0.00840	0.5	87947	739	87577	2270648	25.82
2015-2019	53	0.00946	0.00942	0.5	87208	821	86797	2183070	25.03
2015-2019	54	0.01013	0.01008	0.5	86386	871	85951	2096273	24.27
2015-2019	55	0.01113	0.01107	0.5	85515	947	85042	2010323	23.51
2015-2019	56	0.01222	0.01214	0.5	84569	1027	84055	1925281	22.77
2015-2019	57	0.01337	0.01328	0.5	83542	1110	82987	1841226	22.04
2015-2019	58	0.01422	0.01412	0.5	82432	1164	81850	1758239	21.33
2015-2019	59	0.01481	0.01470	0.5	81268	1195	80671	1676389	20.63
2015-2019	60	0.01576	0.01564	0.5	80073	1252	79447	1595718	19.93
2015-2019	61	0.01693	0.01679	0.5	78821	1323	78160	1516270	19.24
2015-2019	62	0.01852	0.01835	0.5	77498	1422	76787	1438111	18.56
2015-2019	63	0.01984	0.01965	0.5	76076	1495	75329	1361323	17.89
2015-2019	64	0.02046	0.02025	0.5	74582	1510	73827	1285994	17.24
2015-2019	65	0.02189	0.02165	0.5	73071	1582	72280	1212168	16.59
2015-2019	66	0.02313	0.02286	0.5	71489	1635	70672	1139887	15.94
2015-2019	67	0.02428	0.02399	0.5	69855	1676	69017	1069215	15.31
2015-2019	68	0.02593	0.02560	0.5	68179	1745	67306	1000199	14.67
2015-2019	69	0.02752	0.02715	0.5	66434	1803	65532	932893	14.04
2015-2019	70	0.02977	0.02934	0.5	64630	1896	63682	867361	13.42
2015-2019	71	0.03206	0.03156	0.5	62734	1980	61744	803679	12.81
2015-2019	72	0.03505	0.03444	0.5	60754	2093	59708	741934	12.21
2015-2019	73	0.03817	0.03746	0.5	58662	2197	57563	682226	11.63
2015-2019	74	0.04116	0.04033	0.5	56464	2277	55326	624663	11.06
2015-2019	75	0.04477	0.04379	0.5	54187	2373	53001	569337	10.51
2015-2019	76	0.04861	0.04746	0.5	51815	2459	50585	516336	9.97
2015-2019	77	0.05340	0.05201	0.5	49356	2567	48072	465751	9.44
2015-2019	78	0.05790	0.05628	0.5	46789	2633	45472	417679	8.93
2015-2019	79	0.06315	0.06122	0.5	44156	2703	42804	372207	8.43
2015-2019	80	0.06872	0.06644	0.5	41453	2754	40075	329403	7.95
2015-2019	81	0.07476	0.07207	0.5	38698	2789	37304	289327	7.48
2015-2019	82	0.08216	0.07892	0.5	35910	2834	34493	252023	7.02
2015-2019	83	0.08883	0.08506	0.5	33076	2813	31669	217531	6.58
2015-2019	84	0.09941	0.09471	0.5	30262	2866	28829	185862	6.14
2015-2019	85	0.10883	0.10321	0.5	27396	2828	25983	157032	5.73
2015-2019	86	0.12149	0.11453	0.5	24569	2814	23162	131050	5.33
2015-2019	87	0.13691	0.12814	0.5	21755	2788	20361	107888	4.96
2015-2019	88	0.15088	0.14030	0.5	18967	2661	17637	87527	4.61
2015-2019	89	0.16788	0.15488	0.5	16306	2525	15043	69890	4.29
2015-2019	90	0.18779	0.17167	0.5	13781	2366	12598	54846	3.98
2015-2019	91	0.20975	0.18984	0.5	11415	2167	10331	42249	3.70
2015-2019	92	0.22990	0.20620	0.5	9248	1907	8294	31917	3.45
2015-2019	93	0.25774	0.22831	0.5	7341	1676	6503	23623	3.22
2015-2019	94	0.27974	0.24542	0.5	5665	1390	4970	17120	3.02
2015-2019	95	0.29803	0.25938	0.5	4275	1109	3720	12150	2.84
2015-2019	96	0.32385	0.27872	0.5	3166	882	2725	8430	2.66
2015-2019	97	0.35080	0.29845	0.5	2284	682	1943	5705	2.50
2015-2019	98	0.37872	0.31843	0.5	1602	510	1347	3762	2.35
2015-2019	99	0.40748	0.33851	0.5	1092	370	907	2415	2.21
2015-2019	100	0.43688	0.35856	0.5	722	259	593	1508	2.09
2015-2019	101	0.46673	0.37842	0.5	463	175	376	915	1.98
2015-2019	102	0.49683	0.39797	0.5	288	115	231	540	1.87
2015-2019	103	0.52694	0.41706	0.5	173	72	137	309	1.78
2015-2019	104	0.55686	0.43558	0.5	101	44	79	172	1.70
2015-2019	105	0.58638	0.45344	0.5	57	26	44	93	1.63
2015-2019	106	0.61529	0.47053	0.5	31	15	24	49	1.56
2015-2019	107	0.64340	0.48680	0.5	17	8	12	25	1.50
2015-2019	108	0.67056	0.50219	0.5	8	4	6	12	1.45
2015-2019	109	0.69663	0.51667	0.5	4	2	3	6	1.41
2015-2019	110+	0.72149	1.00000	1.39	2	2	3	3	1.39
