Div6: East South Central, Lifetables (period 5x1), Both sexes Last modified: 20 Dec 2020, MPv5 (May07) 

Year	Age	mx	qx	ax	lx	dx	Lx	Tx	ex
1959	0	0.03340	0.03246	0.14	100000	3246	97210	6892313	68.92
1959	1-4	0.00131	0.00521	1.54	96754	505	385772	6795103	70.23
1959	5-9	0.00054	0.00269	2.33	96249	259	480553	6409332	66.59
1959	10-14	0.00052	0.00258	2.73	95990	248	479386	5928779	61.76
1959	15-19	0.00119	0.00595	2.73	95742	569	477418	5449393	56.92
1959	20-24	0.00166	0.00824	2.5	95173	785	473899	4971976	52.24
1959	25-29	0.00171	0.00853	2.57	94388	805	469979	4498077	47.66
1959	30-34	0.00209	0.01040	2.65	93583	974	465629	4028098	43.04
1959	35-39	0.00299	0.01485	2.7	92609	1375	459889	3562469	38.47
1959	40-44	0.00420	0.02079	2.64	91234	1897	451685	3102580	34.01
1959	45-49	0.00635	0.03130	2.65	89337	2797	440101	2650895	29.67
1959	50-54	0.00967	0.04729	2.65	86541	4093	423094	2210794	25.55
1959	55-59	0.01441	0.06976	2.7	82448	5752	399016	1787700	21.68
1959	60-64	0.02012	0.09595	2.59	76696	7359	365771	1388684	18.11
1959	65-69	0.03080	0.14332	2.58	69337	9937	322671	1022913	14.75
1959	70-74	0.04512	0.20319	2.55	59400	12070	267481	700241	11.79
1959	75-79	0.06895	0.29496	2.55	47330	13960	202458	432760	9.14
1959	80-84	0.10964	0.42920	2.47	33370	14323	130631	230302	6.90
1959	85-89	0.16500	0.57234	2.32	19047	10902	66070	99671	5.23
1959	90-94	0.22053	0.67649	2.14	8146	5511	24988	33602	4.12
1959	95-99	0.28877	0.77756	2.03	2635	2049	7096	8614	3.27
1959	100-104	0.37476	0.86036	1.86	586	504	1346	1518	2.59
1959	105-109	0.46965	0.91696	1.68	82	75	160	172	2.10
1959	110+	0.54818	1.00000	1.82	7	7	12	12	1.82
1960	0	0.03330	0.03237	0.14	100000	3237	97218	6868929	68.69
1960	1-4	0.00136	0.00544	1.54	96763	526	385759	6771711	69.98
1960	5-9	0.00058	0.00289	2.28	96237	279	480426	6385952	66.36
1960	10-14	0.00053	0.00262	2.68	95958	252	479206	5905527	61.54
1960	15-19	0.00112	0.00557	2.83	95706	533	477373	5426321	56.70
1960	20-24	0.00152	0.00759	2.52	95173	723	474075	4948948	52.00
1960	25-29	0.00172	0.00855	2.51	94451	807	470245	4474873	47.38
1960	30-34	0.00202	0.01007	2.69	93643	943	466038	4004627	42.76
1960	35-39	0.00288	0.01431	2.7	92700	1327	460456	3538589	38.17
1960	40-44	0.00437	0.02164	2.65	91373	1977	452227	3078133	33.69
1960	45-49	0.00654	0.03223	2.67	89396	2881	440267	2625906	29.37
1960	50-54	0.00997	0.04869	2.62	86515	4212	422566	2185639	25.26
1960	55-59	0.01444	0.06979	2.63	82303	5744	397914	1763073	21.42
1960	60-64	0.02115	0.10066	2.61	76559	7706	364360	1365159	17.83
1960	65-69	0.03127	0.14533	2.58	68852	10006	320031	1000799	14.54
1960	70-74	0.04683	0.20996	2.54	58846	12356	263850	680768	11.57
1960	75-79	0.07173	0.30491	2.54	46490	14175	197629	416917	8.97
1960	80-84	0.11017	0.43079	2.47	32315	13921	126362	219288	6.79
1960	85-89	0.16917	0.58008	2.29	18394	10670	63071	92926	5.05
1960	90-94	0.23795	0.70640	2.12	7724	5456	22930	29854	3.87
1960	95-99	0.31104	0.80371	1.99	2268	1823	5860	6924	3.05
1960	100-104	0.40796	0.88437	1.8	445	394	965	1064	2.39
1960	105-109	0.51309	0.93529	1.6	51	48	94	99	1.93
1960	110+	0.59940	1.00000	1.67	3	3	6	6	1.67
1961	0	0.03210	0.03124	0.14	100000	3124	97305	6921589	69.22
1961	1-4	0.00129	0.00513	1.56	96876	497	386295	6824285	70.44
1961	5-9	0.00052	0.00258	2.32	96380	249	481233	6437989	66.80
1961	10-14	0.00051	0.00253	2.69	96131	243	480094	5956756	61.97
1961	15-19	0.00096	0.00481	2.81	95888	461	478428	5476662	57.12
1961	20-24	0.00144	0.00719	2.56	95427	686	475457	4998234	52.38
1961	25-29	0.00167	0.00833	2.56	94740	789	471779	4522777	47.74
1961	30-34	0.00206	0.01025	2.65	93951	963	467494	4050998	43.12
1961	35-39	0.00280	0.01389	2.64	92988	1291	461890	3583504	38.54
1961	40-44	0.00427	0.02115	2.66	91697	1940	453945	3121614	34.04
1961	45-49	0.00636	0.03131	2.65	89757	2810	442180	2667668	29.72
1961	50-54	0.00958	0.04685	2.64	86947	4073	425138	2225488	25.60
1961	55-59	0.01382	0.06687	2.6	82873	5542	401066	1800349	21.72
1961	60-64	0.02117	0.10075	2.62	77332	7792	368080	1399283	18.09
1961	65-69	0.03028	0.14100	2.56	69540	9805	323804	1031203	14.83
1961	70-74	0.04471	0.20150	2.55	59735	12037	269204	707399	11.84
1961	75-79	0.06774	0.29054	2.55	47699	13858	204580	438195	9.19
1961	80-84	0.10905	0.42758	2.48	33840	14469	132686	233614	6.90
1961	85-89	0.16408	0.56970	2.32	19371	11036	67257	100928	5.21
1961	90-94	0.22426	0.68164	2.12	8335	5682	25335	33671	4.04
1961	95-99	0.30132	0.79284	2.01	2654	2104	6982	8337	3.14
1961	100-104	0.39502	0.87566	1.82	550	481	1219	1355	2.46
1961	105-109	0.49761	0.92934	1.63	68	64	128	136	1.99
1961	110+	0.58223	1.00000	1.72	5	5	8	8	1.72
1962	0	0.03172	0.03088	0.14	100000	3088	97332	6891347	68.91
1962	1-4	0.00127	0.00505	1.52	96912	490	386435	6794015	70.10
1962	5-9	0.00050	0.00248	2.28	96422	239	481463	6407580	66.45
1962	10-14	0.00055	0.00272	2.73	96183	262	480322	5926117	61.61
1962	15-19	0.00111	0.00551	2.73	95921	529	478409	5445795	56.77
1962	20-24	0.00144	0.00718	2.59	95393	685	475316	4967386	52.07
1962	25-29	0.00162	0.00808	2.55	94708	766	471661	4492070	47.43
1962	30-34	0.00205	0.01022	2.67	93942	960	467473	4020410	42.80
1962	35-39	0.00296	0.01468	2.62	92982	1365	461669	3552936	38.21
1962	40-44	0.00433	0.02144	2.68	91617	1965	453537	3091267	33.74
1962	45-49	0.00663	0.03265	2.67	89653	2927	441435	2637730	29.42
1962	50-54	0.00983	0.04804	2.62	86726	4166	423723	2196294	25.32
1962	55-59	0.01414	0.06844	2.64	82560	5650	399486	1772572	21.47
1962	60-64	0.02132	0.10154	2.66	76909	7809	366262	1373086	17.85
1962	65-69	0.03108	0.14440	2.55	69100	9978	321034	1006825	14.57
1962	70-74	0.04679	0.21021	2.59	59122	12428	265600	685790	11.60
1962	75-79	0.06958	0.29738	2.56	46694	13886	199575	420191	9.00
1962	80-84	0.11105	0.43350	2.47	32808	14222	128071	220615	6.72
1962	85-89	0.17488	0.59288	2.28	18586	11019	63010	92544	4.98
1962	90-94	0.23288	0.69287	2.08	7567	5243	22512	29534	3.90
1962	95-99	0.31474	0.80764	1.99	2324	1877	5963	7022	3.02
1962	100-104	0.41239	0.88719	1.79	447	397	962	1058	2.37
1962	105-109	0.51801	0.93705	1.59	50	47	91	96	1.91
1962	110+	0.60456	1.00000	1.65	3	3	5	5	1.65
1963	0	0.03234	0.03146	0.14	100000	3146	97288	6860933	68.61
1963	1-4	0.00134	0.00534	1.5	96854	517	386120	6763645	69.83
1963	5-9	0.00053	0.00266	2.3	96336	256	480992	6377525	66.20
1963	10-14	0.00051	0.00257	2.78	96081	247	479855	5896533	61.37
1963	15-19	0.00111	0.00554	2.7	95834	531	477945	5416678	56.52
1963	20-24	0.00150	0.00745	2.5	95302	710	474737	4938733	51.82
1963	25-29	0.00169	0.00842	2.51	94592	797	470979	4463996	47.19
1963	30-34	0.00208	0.01037	2.63	93795	973	466671	3993017	42.57
1963	35-39	0.00304	0.01507	2.62	92822	1399	460779	3526345	37.99
1963	40-44	0.00432	0.02139	2.65	91423	1955	452530	3065566	33.53
1963	45-49	0.00644	0.03173	2.7	89468	2839	440817	2613036	29.21
1963	50-54	0.01016	0.04959	2.64	86629	4296	423025	2172219	25.07
1963	55-59	0.01464	0.07074	2.61	82333	5824	397736	1749194	21.25
1963	60-64	0.02129	0.10134	2.64	76509	7754	364266	1351458	17.66
1963	65-69	0.03240	0.14997	2.52	68755	10311	318195	987192	14.36
1963	70-74	0.04811	0.21546	2.58	58444	12592	261764	668997	11.45
1963	75-79	0.06974	0.29665	2.49	45852	13602	195050	407233	8.88
1963	80-84	0.11491	0.44582	2.49	32250	14378	125124	212183	6.58
1963	85-89	0.17817	0.59830	2.26	17872	10693	60014	87059	4.87
1963	90-94	0.24254	0.71313	2.11	7179	5120	21109	27045	3.77
1963	95-99	0.33148	0.82489	1.96	2060	1699	5125	5936	2.88
1963	100-104	0.43545	0.90107	1.75	361	325	746	811	2.25
1963	105-109	0.54625	0.94648	1.55	36	34	62	65	1.82
1963	110+	0.63615	1.00000	1.57	2	2	3	3	1.57
1964	0	0.03143	0.03060	0.14	100000	3060	97355	6902252	69.02
1964	1-4	0.00125	0.00500	1.53	96940	485	386565	6804898	70.20
1964	5-9	0.00054	0.00268	2.36	96455	259	481593	6418333	66.54
1964	10-14	0.00050	0.00251	2.68	96197	241	480423	5936740	61.71
1964	15-19	0.00117	0.00581	2.76	95955	558	478525	5456317	56.86
1964	20-24	0.00144	0.00718	2.52	95397	685	475289	4977791	52.18
1964	25-29	0.00172	0.00855	2.57	94712	809	471595	4502503	47.54
1964	30-34	0.00219	0.01088	2.61	93903	1022	467071	4030908	42.93
1964	35-39	0.00298	0.01478	2.67	92881	1373	461209	3563837	38.37
1964	40-44	0.00450	0.02228	2.67	91509	2039	452794	3102628	33.91
1964	45-49	0.00652	0.03210	2.64	89470	2872	440573	2649834	29.62
1964	50-54	0.00965	0.04718	2.63	86598	4086	423311	2209262	25.51
1964	55-59	0.01422	0.06878	2.61	82513	5676	398982	1785951	21.64
1964	60-64	0.02077	0.09905	2.65	76837	7610	366331	1386968	18.05
1964	65-69	0.03144	0.14605	2.57	69227	10110	321525	1020637	14.74
1964	70-74	0.04644	0.20897	2.6	59116	12353	265990	699113	11.83
1964	75-79	0.06559	0.28146	2.48	46763	13162	200677	433122	9.26
1964	80-84	0.10798	0.42462	2.49	33601	14268	132135	232445	6.92
1964	85-89	0.16497	0.57233	2.33	19333	11065	67071	100311	5.19
1964	90-94	0.22618	0.68645	2.14	8268	5676	25094	33240	4.02
1964	95-99	0.30117	0.79280	2.01	2593	2055	6825	8145	3.14
1964	100-104	0.39581	0.87631	1.82	537	471	1189	1321	2.46
1964	105-109	0.49961	0.93022	1.63	66	62	124	132	1.98
1964	110+	0.58532	1.00000	1.71	5	5	8	8	1.71
1965	0	0.03021	0.02944	0.13	100000	2944	97445	6914369	69.14
1965	1-4	0.00121	0.00481	1.58	97056	467	387094	6816924	70.24
1965	5-9	0.00055	0.00273	2.33	96589	264	482243	6429831	66.57
1965	10-14	0.00048	0.00240	2.7	96326	231	481096	5947587	61.74
1965	15-19	0.00115	0.00574	2.81	96095	551	479267	5466492	56.89
1965	20-24	0.00149	0.00742	2.55	95543	709	475983	4987225	52.20
1965	25-29	0.00163	0.00810	2.58	94834	768	472315	4511242	47.57
1965	30-34	0.00200	0.00997	2.63	94067	938	468110	4038927	42.94
1965	35-39	0.00297	0.01474	2.6	93128	1373	462353	3570817	38.34
1965	40-44	0.00452	0.02235	2.64	91755	2051	453930	3108465	33.88
1965	45-49	0.00647	0.03188	2.64	89705	2860	441766	2654535	29.59
1965	50-54	0.00978	0.04778	2.63	86845	4150	424382	2212769	25.48
1965	55-59	0.01398	0.06767	2.62	82695	5596	400183	1788387	21.63
1965	60-64	0.02037	0.09718	2.64	77099	7493	367781	1388204	18.01
1965	65-69	0.03175	0.14738	2.57	69606	10258	323096	1020423	14.66
1965	70-74	0.04501	0.20303	2.59	59347	12049	267722	697327	11.75
1965	75-79	0.06923	0.29500	2.5	47298	13953	201547	429605	9.08
1965	80-84	0.10846	0.42570	2.48	33345	14195	130884	228058	6.84
1965	85-89	0.16752	0.57719	2.31	19150	11053	65982	97174	5.07
1965	90-94	0.23835	0.71070	2.16	8097	5754	24143	31192	3.85
1965	95-99	0.31577	0.80914	1.99	2342	1895	6002	7049	3.01
1965	100-104	0.41708	0.89044	1.78	447	398	954	1047	2.34
1965	105-109	0.52667	0.94027	1.58	49	46	87	92	1.88
1965	110+	0.61639	1.00000	1.62	3	3	5	5	1.62
1966	0	0.02914	0.02842	0.13	100000	2842	97525	6901431	69.01
1966	1-4	0.00126	0.00503	1.53	97158	489	387426	6803906	70.03
1966	5-9	0.00054	0.00269	2.33	96669	260	482654	6416480	66.38
1966	10-14	0.00052	0.00261	2.75	96409	252	481478	5933826	61.55
1966	15-19	0.00131	0.00655	2.78	96157	630	479386	5452348	56.70
1966	20-24	0.00148	0.00738	2.48	95527	705	475859	4972962	52.06
1966	25-29	0.00163	0.00814	2.6	94822	772	472258	4497103	47.43
1966	30-34	0.00208	0.01035	2.63	94051	973	467950	4024845	42.79
1966	35-39	0.00292	0.01449	2.64	93077	1348	462203	3556895	38.21
1966	40-44	0.00443	0.02190	2.65	91729	2009	453926	3094691	33.74
1966	45-49	0.00652	0.03210	2.68	89720	2880	441925	2640766	29.43
1966	50-54	0.00978	0.04780	2.61	86840	4151	424273	2198840	25.32
1966	55-59	0.01455	0.07036	2.65	82689	5818	399783	1774568	21.46
1966	60-64	0.02028	0.09669	2.58	76871	7432	366400	1374785	17.88
1966	65-69	0.03236	0.15003	2.57	69439	10418	321904	1008386	14.52
1966	70-74	0.04633	0.20839	2.59	59021	12300	265478	686482	11.63
1966	75-79	0.07131	0.30262	2.5	46722	14139	198275	421004	9.01
1966	80-84	0.10782	0.42385	2.48	32583	13810	128089	222729	6.84
1966	85-89	0.16964	0.58176	2.3	18773	10921	64378	94640	5.04
1966	90-94	0.23706	0.70511	2.13	7851	5536	23353	30262	3.85
1966	95-99	0.31868	0.81229	1.98	2315	1881	5902	6909	2.98
1966	100-104	0.42152	0.89320	1.77	435	388	921	1007	2.32
1966	105-109	0.53240	0.94222	1.57	46	44	82	86	1.86
1966	110+	0.62294	1.00000	1.61	3	3	4	4	1.61
1967	0	0.02768	0.02703	0.13	100000	2703	97635	6939287	69.39
1967	1-4	0.00117	0.00469	1.57	97297	456	388082	6841651	70.32
1967	5-9	0.00050	0.00252	2.4	96841	244	483573	6453570	66.64
1967	10-14	0.00049	0.00247	2.7	96598	238	482441	5969996	61.80
1967	15-19	0.00125	0.00625	2.82	96359	602	480488	5487555	56.95
1967	20-24	0.00161	0.00800	2.53	95758	766	476895	5007067	52.29
1967	25-29	0.00162	0.00807	2.56	94992	767	473087	4530172	47.69
1967	30-34	0.00203	0.01012	2.69	94225	954	468917	4057085	43.06
1967	35-39	0.00285	0.01417	2.71	93271	1322	463334	3588168	38.47
1967	40-44	0.00454	0.02246	2.64	91949	2065	454872	3124834	33.98
1967	45-49	0.00659	0.03243	2.66	89884	2915	442591	2669961	29.70
1967	50-54	0.01004	0.04902	2.65	86969	4263	424815	2227370	25.61
1967	55-59	0.01414	0.06842	2.64	82706	5659	400161	1802555	21.79
1967	60-64	0.01978	0.09449	2.63	77047	7280	367971	1402393	18.20
1967	65-69	0.03061	0.14248	2.57	69767	9940	324684	1034423	14.83
1967	70-74	0.04510	0.20331	2.58	59827	12163	269726	709738	11.86
1967	75-79	0.06821	0.29166	2.52	47663	13902	203810	440013	9.23
1967	80-84	0.10455	0.41387	2.48	33762	13973	133647	236203	7.00
1967	85-89	0.16391	0.56914	2.32	19789	11263	68713	102555	5.18
1967	90-94	0.22962	0.69740	2.19	8526	5946	25896	33842	3.97
1967	95-99	0.30751	0.80037	2	2580	2065	6715	7947	3.08
1967	100-104	0.40764	0.88459	1.8	515	456	1118	1232	2.39
1967	105-109	0.51686	0.93693	1.6	59	56	108	114	1.92
1967	110+	0.60667	1.00000	1.65	4	4	6	6	1.65
1968	0	0.02698	0.02636	0.12	100000	2636	97689	6907208	69.07
1968	1-4	0.00110	0.00437	1.53	97364	426	388406	6809520	69.94
1968	5-9	0.00051	0.00253	2.36	96939	245	484046	6421114	66.24
1968	10-14	0.00050	0.00250	2.83	96694	242	482945	5937068	61.40
1968	15-19	0.00127	0.00633	2.74	96452	611	480884	5454123	56.55
1968	20-24	0.00161	0.00803	2.49	95842	770	477272	4973240	51.89
1968	25-29	0.00178	0.00886	2.54	95072	843	473283	4495968	47.29
1968	30-34	0.00212	0.01052	2.6	94229	991	468764	4022684	42.69
1968	35-39	0.00289	0.01434	2.6	93238	1337	462975	3553921	38.12
1968	40-44	0.00443	0.02194	2.65	91901	2016	454762	3090945	33.63
1968	45-49	0.00681	0.03350	2.63	89885	3012	442295	2636183	29.33
1968	50-54	0.00999	0.04882	2.64	86873	4241	424339	2193888	25.25
1968	55-59	0.01445	0.06983	2.62	82632	5770	399402	1769548	21.41
1968	60-64	0.02105	0.10019	2.6	76862	7701	365797	1370147	17.83
1968	65-69	0.03160	0.14665	2.55	69161	10143	320930	1004350	14.52
1968	70-74	0.04667	0.20962	2.57	59018	12371	265058	683420	11.58
1968	75-79	0.07142	0.30309	2.51	46647	14138	197970	418362	8.97
1968	80-84	0.10946	0.42925	2.49	32508	13954	127478	220392	6.78
1968	85-89	0.16806	0.58126	2.35	18554	10785	64174	92914	5.01
1968	90-94	0.24981	0.72563	2.11	7769	5638	22567	28740	3.70
1968	95-99	0.32928	0.82329	1.96	2132	1755	5330	6173	2.90
1968	100-104	0.43736	0.90254	1.75	377	340	777	843	2.24
1968	105-109	0.55281	0.94869	1.54	37	35	63	66	1.80
1968	110+	0.64634	1.00000	1.55	2	2	3	3	1.55
1969	0	0.02616	0.02557	0.12	100000	2557	97752	6917679	69.18
1969	1-4	0.00100	0.00400	1.66	97443	390	388859	6819927	69.99
1969	5-9	0.00051	0.00252	2.37	97053	245	484620	6431068	66.26
1969	10-14	0.00051	0.00253	2.74	96808	245	483486	5946449	61.43
1969	15-19	0.00135	0.00674	2.79	96563	651	481376	5462963	56.57
1969	20-24	0.00172	0.00857	2.54	95913	822	477538	4981587	51.94
1969	25-29	0.00178	0.00886	2.57	95091	843	473405	4504049	47.37
1969	30-34	0.00205	0.01021	2.63	94248	963	468956	4030644	42.77
1969	35-39	0.00301	0.01495	2.69	93285	1395	463199	3561687	38.18
1969	40-44	0.00468	0.02316	2.68	91890	2128	454504	3098488	33.72
1969	45-49	0.00678	0.03338	2.63	89762	2997	441698	2643984	29.46
1969	50-54	0.00995	0.04862	2.68	86765	4219	424023	2202286	25.38
1969	55-59	0.01464	0.07074	2.6	82547	5839	398748	1778263	21.54
1969	60-64	0.02110	0.10048	2.63	76708	7708	365253	1379515	17.98
1969	65-69	0.03119	0.14507	2.6	69000	10010	320970	1014262	14.70
1969	70-74	0.04602	0.20729	2.61	58990	12228	265712	693292	11.75
1969	75-79	0.07051	0.30028	2.53	46762	14042	199154	427580	9.14
1969	80-84	0.10536	0.41665	2.49	32721	13633	129395	228426	6.98
1969	85-89	0.16296	0.56806	2.33	19088	10843	66538	99031	5.19
1969	90-94	0.23064	0.70133	2.21	8245	5782	25070	32493	3.94
1969	95-99	0.31478	0.80850	1.99	2462	1991	6325	7423	3.01
1969	100-104	0.41921	0.89208	1.78	472	421	1003	1098	2.33
1969	105-109	0.53246	0.94241	1.57	51	48	90	95	1.86
1969	110+	0.62512	1.00000	1.6	3	3	5	5	1.60
1970	0	0.02453	0.02401	0.12	100000	2401	97878	6946098	69.46
1970	1-4	0.00106	0.00421	1.59	97599	411	389405	6848220	70.17
1970	5-9	0.00050	0.00248	2.25	97188	241	485276	6458815	66.46
1970	10-14	0.00051	0.00254	2.79	96946	247	484188	5973539	61.62
1970	15-19	0.00127	0.00634	2.81	96700	613	482159	5489351	56.77
1970	20-24	0.00167	0.00833	2.56	96087	800	478482	5007192	52.11
1970	25-29	0.00178	0.00887	2.57	95287	845	474383	4528711	47.53
1970	30-34	0.00215	0.01069	2.6	94442	1010	469784	4054327	42.93
1970	35-39	0.00295	0.01464	2.67	93432	1368	463969	3584543	38.37
1970	40-44	0.00453	0.02241	2.67	92064	2063	455506	3120575	33.90
1970	45-49	0.00669	0.03294	2.66	90001	2964	443068	2665069	29.61
1970	50-54	0.00998	0.04874	2.64	87037	4242	425173	2222001	25.53
1970	55-59	0.01462	0.07066	2.63	82795	5850	400103	1796828	21.70
1970	60-64	0.02079	0.09902	2.6	76945	7619	366462	1396725	18.15
1970	65-69	0.03030	0.14119	2.59	69326	9788	323083	1030263	14.86
1970	70-74	0.04534	0.20444	2.6	59538	12172	268451	707180	11.88
1970	75-79	0.06865	0.29346	2.53	47366	13900	202492	438729	9.26
1970	80-84	0.10362	0.41055	2.47	33466	13739	132597	236236	7.06
1970	85-89	0.15943	0.55902	2.33	19726	11027	69168	103639	5.25
1970	90-94	0.23069	0.69784	2.17	8699	6070	26314	34471	3.96
1970	95-99	0.30489	0.79751	2.01	2628	2096	6875	8157	3.10
1970	100-104	0.40473	0.88274	1.81	532	470	1161	1281	2.41
1970	105-109	0.51395	0.93591	1.6	62	58	114	120	1.93
1970	110+	0.60389	1.00000	1.66	4	4	7	7	1.66
1971	0	0.02291	0.02245	0.11	100000	2245	98006	6987160	69.87
1971	1-4	0.00095	0.00378	1.64	97755	370	390147	6889154	70.47
1971	5-9	0.00050	0.00248	2.25	97385	241	486264	6499007	66.74
1971	10-14	0.00048	0.00239	2.63	97144	232	485171	6012743	61.90
1971	15-19	0.00127	0.00631	2.77	96912	612	483194	5527572	57.04
1971	20-24	0.00173	0.00860	2.57	96300	828	479494	5044378	52.38
1971	25-29	0.00175	0.00869	2.51	95472	830	475295	4564885	47.81
1971	30-34	0.00209	0.01041	2.64	94643	985	470884	4089590	43.21
1971	35-39	0.00293	0.01457	2.63	93657	1364	465050	3618706	38.64
1971	40-44	0.00439	0.02172	2.67	92293	2005	456801	3153656	34.17
1971	45-49	0.00646	0.03183	2.67	90289	2874	444749	2696855	29.87
1971	50-54	0.00963	0.04707	2.65	87414	4114	427409	2252106	25.76
1971	55-59	0.01372	0.06641	2.61	83300	5532	403253	1824697	21.91
1971	60-64	0.02037	0.09713	2.62	77768	7554	370856	1421443	18.28
1971	65-69	0.02885	0.13469	2.54	70214	9457	327846	1050588	14.96
1971	70-74	0.04540	0.20437	2.56	60757	12417	273510	722742	11.90
1971	75-79	0.06803	0.29156	2.55	48340	14094	207182	449232	9.29
1971	80-84	0.10371	0.41163	2.5	34246	14097	135932	242050	7.07
1971	85-89	0.16072	0.56233	2.33	20149	11331	70500	106118	5.27
1971	90-94	0.22358	0.68803	2.21	8819	6068	27138	35619	4.04
1971	95-99	0.30710	0.80006	2.01	2751	2201	7167	8480	3.08
1971	100-104	0.40833	0.88516	1.8	550	487	1192	1313	2.39
1971	105-109	0.51892	0.93774	1.6	63	59	114	121	1.91
1971	110+	0.60989	1.00000	1.64	4	4	6	6	1.64
1972	0	0.02166	0.02125	0.11	100000	2125	98106	6992206	69.92
1972	1-4	0.00095	0.00380	1.6	97875	372	390608	6894100	70.44
1972	5-9	0.00048	0.00240	2.44	97503	234	486917	6503492	66.70
1972	10-14	0.00049	0.00247	2.75	97269	240	485806	6016575	61.85
1972	15-19	0.00131	0.00651	2.74	97029	632	483721	5530769	57.00
1972	20-24	0.00162	0.00806	2.59	96398	777	480121	5047048	52.36
1972	25-29	0.00171	0.00849	2.52	95621	812	476089	4566927	47.76
1972	30-34	0.00195	0.00971	2.68	94809	921	471911	4090838	43.15
1972	35-39	0.00297	0.01475	2.73	93888	1385	466296	3618927	38.55
1972	40-44	0.00417	0.02064	2.72	92503	1910	458152	3152632	34.08
1972	45-49	0.00671	0.03301	2.68	90593	2991	446016	2694480	29.74
1972	50-54	0.00972	0.04752	2.66	87603	4163	428267	2248464	25.67
1972	55-59	0.01377	0.06668	2.64	83439	5564	404042	1820196	21.81
1972	60-64	0.02147	0.10215	2.64	77876	7955	370580	1416154	18.18
1972	65-69	0.02931	0.13680	2.57	69920	9565	326354	1045574	14.95
1972	70-74	0.04599	0.20694	2.58	60355	12490	271586	719220	11.92
1972	75-79	0.06727	0.28893	2.56	47866	13830	205572	447634	9.35
1972	80-84	0.10328	0.40929	2.47	34036	13931	134884	242062	7.11
1972	85-89	0.15688	0.55372	2.34	20105	11133	70962	107178	5.33
1972	90-94	0.22497	0.68591	2.16	8973	6154	27356	36216	4.04
1972	95-99	0.30046	0.79247	2.02	2818	2233	7433	8860	3.14
1972	100-104	0.39892	0.87886	1.82	585	514	1288	1427	2.44
1972	105-109	0.50727	0.93346	1.61	71	66	130	138	1.95
1972	110+	0.59685	1.00000	1.68	5	5	8	8	1.68
1973	0	0.02173	0.02132	0.11	100000	2132	98099	7000506	70.01
1973	1-4	0.00090	0.00361	1.63	97868	353	390634	6902407	70.53
1973	5-9	0.00052	0.00262	2.28	97515	256	486880	6511773	66.78
1973	10-14	0.00049	0.00245	2.82	97259	239	485778	6024893	61.95
1973	15-19	0.00127	0.00631	2.74	97021	612	483719	5539115	57.09
1973	20-24	0.00157	0.00784	2.47	96409	756	480130	5055396	52.44
1973	25-29	0.00175	0.00870	2.57	95653	832	476246	4575267	47.83
1973	30-34	0.00197	0.00980	2.59	94821	930	471861	4099021	43.23
1973	35-39	0.00287	0.01426	2.65	93891	1339	466310	3627159	38.63
1973	40-44	0.00416	0.02060	2.62	92552	1907	458223	3160849	34.15
1973	45-49	0.00659	0.03247	2.64	90645	2943	446291	2702627	29.82
1973	50-54	0.00980	0.04791	2.63	87702	4202	428562	2256335	25.73
1973	55-59	0.01373	0.06651	2.63	83500	5554	404353	1827773	21.89
1973	60-64	0.02131	0.10135	2.6	77947	7900	370775	1423420	18.26
1973	65-69	0.02886	0.13490	2.58	70047	9449	327401	1052646	15.03
1973	70-74	0.04434	0.20017	2.57	60598	12130	273550	725244	11.97
1973	75-79	0.06653	0.28561	2.52	48468	13843	208067	451694	9.32
1973	80-84	0.10492	0.41532	2.49	34625	14381	137063	243627	7.04
1973	85-89	0.15908	0.55833	2.33	20245	11303	71052	106564	5.26
1973	90-94	0.22835	0.69447	2.18	8941	6210	27193	35512	3.97
1973	95-99	0.31128	0.80469	2	2732	2198	7062	8319	3.05
1973	100-104	0.41428	0.88900	1.79	534	474	1145	1256	2.35
1973	105-109	0.52642	0.94038	1.58	59	56	106	112	1.88
1973	110+	0.61845	1.00000	1.62	4	4	6	6	1.62
1974	0	0.02009	0.01973	0.1	100000	1973	98232	7069045	70.69
1974	1-4	0.00079	0.00316	1.62	98027	309	391371	6970813	71.11
1974	5-9	0.00044	0.00221	2.4	97718	216	488026	6579442	67.33
1974	10-14	0.00047	0.00234	2.79	97502	228	487005	6091415	62.47
1974	15-19	0.00115	0.00571	2.79	97274	556	485143	5604410	57.61
1974	20-24	0.00146	0.00726	2.55	96718	702	481875	5119267	52.93
1974	25-29	0.00162	0.00806	2.52	96016	774	478161	4637392	48.30
1974	30-34	0.00195	0.00969	2.68	95242	922	474070	4159231	43.67
1974	35-39	0.00264	0.01312	2.7	94320	1238	468751	3685161	39.07
1974	40-44	0.00405	0.02007	2.7	93082	1868	461109	3216410	34.55
1974	45-49	0.00632	0.03113	2.67	91214	2840	449455	2755301	30.21
1974	50-54	0.00945	0.04621	2.63	88374	4084	432197	2305846	26.09
1974	55-59	0.01316	0.06381	2.63	84290	5378	408699	1873649	22.23
1974	60-64	0.02044	0.09744	2.61	78912	7689	376196	1464950	18.56
1974	65-69	0.02883	0.13466	2.55	71223	9591	332655	1088754	15.29
1974	70-74	0.04312	0.19548	2.61	61632	12048	279400	756098	12.27
1974	75-79	0.06250	0.27091	2.54	49584	13433	214938	476698	9.61
1974	80-84	0.09997	0.40030	2.51	36151	14471	144753	261760	7.24
1974	85-89	0.15371	0.54663	2.36	21680	11851	77096	117007	5.40
1974	90-94	0.22157	0.68353	2.2	9829	6718	30322	39911	4.06
1974	95-99	0.30659	0.80000	2.01	3111	2488	8116	9589	3.08
1974	100-104	0.41177	0.88776	1.8	622	552	1341	1473	2.37
1974	105-109	0.52682	0.94072	1.58	70	66	125	131	1.88
1974	110+	0.62129	1.00000	1.61	4	4	7	7	1.61
1975	0	0.01881	0.01850	0.1	100000	1850	98336	7129405	71.29
1975	1-4	0.00082	0.00325	1.65	98150	319	391848	7031069	71.64
1975	5-9	0.00037	0.00186	2.3	97831	182	488663	6639221	67.86
1975	10-14	0.00045	0.00225	2.74	97649	220	487748	6150558	62.99
1975	15-19	0.00114	0.00568	2.79	97429	554	485920	5662810	58.12
1975	20-24	0.00138	0.00686	2.5	96875	665	482711	5176890	53.44
1975	25-29	0.00154	0.00769	2.49	96210	740	479194	4694178	48.79
1975	30-34	0.00178	0.00884	2.61	95471	844	475334	4214985	44.15
1975	35-39	0.00255	0.01269	2.71	94627	1201	470379	3739650	39.52
1975	40-44	0.00391	0.01939	2.66	93426	1812	462888	3269271	34.99
1975	45-49	0.00594	0.02929	2.63	91615	2684	451721	2806383	30.63
1975	50-54	0.00905	0.04429	2.63	88931	3939	435322	2354661	26.48
1975	55-59	0.01325	0.06422	2.62	84992	5458	411957	1919339	22.58
1975	60-64	0.01941	0.09277	2.62	79534	7379	380104	1507382	18.95
1975	65-69	0.02727	0.12796	2.6	72155	9233	338598	1127278	15.62
1975	70-74	0.04121	0.18746	2.6	62922	11795	286253	788680	12.53
1975	75-79	0.06115	0.26605	2.56	51127	13602	222435	502427	9.83
1975	80-84	0.09610	0.38763	2.51	37524	14546	151362	279992	7.46
1975	85-89	0.14644	0.52813	2.36	22979	12136	82875	128630	5.60
1975	90-94	0.21122	0.66331	2.2	10843	7192	34050	45756	4.22
1975	95-99	0.29315	0.78464	2.04	3651	2864	9771	11705	3.21
1975	100-104	0.39493	0.87668	1.83	786	689	1745	1934	2.46
1975	105-109	0.50783	0.93401	1.62	97	91	178	189	1.95
1975	110+	0.60129	1.00000	1.66	6	6	11	11	1.66
1976	0	0.01843	0.01812	0.1	100000	1812	98368	7165200	71.65
1976	1-4	0.00072	0.00286	1.65	98188	281	392088	7066832	71.97
1976	5-9	0.00040	0.00200	2.24	97906	195	488991	6674744	68.17
1976	10-14	0.00037	0.00185	2.82	97711	181	488160	6185752	63.31
1976	15-19	0.00110	0.00551	2.77	97530	537	486453	5697593	58.42
1976	20-24	0.00135	0.00672	2.51	96993	652	483337	5211140	53.73
1976	25-29	0.00138	0.00688	2.55	96341	663	480080	4727803	49.07
1976	30-34	0.00167	0.00830	2.63	95678	794	476504	4247724	44.40
1976	35-39	0.00246	0.01222	2.69	94883	1160	471741	3771219	39.75
1976	40-44	0.00381	0.01886	2.63	93724	1768	464431	3299479	35.20
1976	45-49	0.00569	0.02810	2.67	91956	2584	453747	2835048	30.83
1976	50-54	0.00890	0.04359	2.68	89372	3895	437803	2381301	26.64
1976	55-59	0.01300	0.06309	2.65	85477	5393	414722	1943498	22.74
1976	60-64	0.01906	0.09113	2.61	80084	7298	382953	1528776	19.09
1976	65-69	0.02708	0.12714	2.6	72786	9254	341680	1145823	15.74
1976	70-74	0.03937	0.17977	2.59	63532	11421	290113	804142	12.66
1976	75-79	0.06092	0.26459	2.52	52111	13788	226320	514029	9.86
1976	80-84	0.09593	0.38661	2.49	38323	14816	154441	287709	7.51
1976	85-89	0.14397	0.52161	2.36	23507	12261	85163	133269	5.67
1976	90-94	0.20775	0.66160	2.26	11245	7440	35812	48105	4.28
1976	95-99	0.29063	0.78166	2.04	3806	2975	10235	12293	3.23
1976	100-104	0.39196	0.87465	1.83	831	727	1854	2058	2.48
1976	105-109	0.50479	0.93291	1.62	104	97	192	204	1.96
1976	110+	0.59843	1.00000	1.67	7	7	12	12	1.67
1977	0	0.01717	0.01691	0.1	100000	1691	98472	7180737	71.81
1977	1-4	0.00077	0.00308	1.63	98309	303	392519	7082265	72.04
1977	5-9	0.00038	0.00188	2.29	98006	185	489532	6689746	68.26
1977	10-14	0.00044	0.00218	2.87	97822	213	488653	6200214	63.38
1977	15-19	0.00114	0.00566	2.85	97608	553	486853	5711561	58.52
1977	20-24	0.00143	0.00711	2.5	97056	690	483553	5224708	53.83
1977	25-29	0.00149	0.00740	2.52	96365	713	480060	4741155	49.20
1977	30-34	0.00168	0.00835	2.58	95653	798	476327	4261095	44.55
1977	35-39	0.00238	0.01182	2.65	94854	1121	471636	3784768	39.90
1977	40-44	0.00372	0.01842	2.67	93733	1727	464650	3313132	35.35
1977	45-49	0.00564	0.02782	2.64	92006	2559	453988	2848481	30.96
1977	50-54	0.00877	0.04294	2.62	89447	3841	438106	2394493	26.77
1977	55-59	0.01269	0.06159	2.64	85606	5272	415581	1956388	22.85
1977	60-64	0.01871	0.08953	2.61	80334	7193	384516	1540807	19.18
1977	65-69	0.02719	0.12768	2.62	73142	9338	343439	1156291	15.81
1977	70-74	0.03966	0.18093	2.58	63803	11544	291097	812852	12.74
1977	75-79	0.05929	0.25899	2.56	52259	13535	228269	521756	9.98
1977	80-84	0.09321	0.37762	2.49	38724	14623	156889	293487	7.58
1977	85-89	0.14415	0.52336	2.38	24101	12614	87501	136597	5.67
1977	90-94	0.20674	0.65846	2.24	11488	7564	36588	49096	4.27
1977	95-99	0.29481	0.78690	2.04	3923	3087	10472	12508	3.19
1977	100-104	0.39930	0.87988	1.82	836	736	1842	2036	2.43
1977	105-109	0.51494	0.93676	1.6	100	94	183	193	1.92
1977	110+	0.61059	1.00000	1.64	6	6	10	10	1.64
1978	0	0.01569	0.01547	0.09	100000	1547	98595	7227095	72.27
1978	1-4	0.00073	0.00292	1.58	98453	287	393118	7128500	72.41
1978	5-9	0.00037	0.00184	2.36	98166	181	490350	6735382	68.61
1978	10-14	0.00037	0.00183	2.72	97985	179	489515	6245032	63.73
1978	15-19	0.00110	0.00549	2.83	97805	537	487862	5755517	58.85
1978	20-24	0.00149	0.00744	2.43	97268	724	484484	5267655	54.16
1978	25-29	0.00145	0.00721	2.5	96545	696	480985	4783171	49.54
1978	30-34	0.00151	0.00753	2.6	95849	721	477511	4302186	44.89
1978	35-39	0.00230	0.01144	2.61	95127	1088	473032	3824675	40.21
1978	40-44	0.00351	0.01743	2.67	94039	1639	466382	3351643	35.64
1978	45-49	0.00539	0.02660	2.61	92401	2458	456125	2885261	31.23
1978	50-54	0.00826	0.04049	2.64	89943	3642	441136	2429136	27.01
1978	55-59	0.01275	0.06186	2.63	86301	5339	418876	1988000	23.04
1978	60-64	0.01824	0.08745	2.66	80962	7080	388212	1569124	19.38
1978	65-69	0.02627	0.12358	2.61	73882	9130	347544	1180912	15.98
1978	70-74	0.03866	0.17677	2.58	64752	11446	296076	833367	12.87
1978	75-79	0.05785	0.25314	2.54	53306	13494	233269	537292	10.08
1978	80-84	0.09245	0.37543	2.5	39812	14947	161665	304023	7.64
1978	85-89	0.14108	0.51424	2.37	24865	12787	90634	142358	5.73
1978	90-94	0.20707	0.65868	2.24	12078	7956	38420	51724	4.28
1978	95-99	0.29068	0.78203	2.05	4123	3224	11091	13304	3.23
1978	100-104	0.39437	0.87656	1.83	899	788	1997	2213	2.46
1978	105-109	0.50973	0.93490	1.61	111	104	203	215	1.94
1978	110+	0.60541	1.00000	1.65	7	7	12	12	1.65
1979	0	0.01449	0.01430	0.09	100000	1430	98696	7272397	72.72
1979	1-4	0.00071	0.00284	1.67	98570	280	393625	7173700	72.78
1979	5-9	0.00035	0.00176	2.27	98289	173	490975	6780075	68.98
1979	10-14	0.00038	0.00189	2.83	98116	186	490179	6289100	64.10
1979	15-19	0.00106	0.00530	2.89	97931	519	488557	5798921	59.21
1979	20-24	0.00140	0.00695	2.55	97412	677	485401	5310364	54.51
1979	25-29	0.00143	0.00710	2.49	96734	687	481948	4824963	49.88
1979	30-34	0.00164	0.00816	2.55	96047	784	478319	4343015	45.22
1979	35-39	0.00217	0.01082	2.66	95263	1030	473905	3864696	40.57
1979	40-44	0.00335	0.01661	2.73	94233	1565	467616	3390791	35.98
1979	45-49	0.00527	0.02606	2.71	92668	2415	457820	2923174	31.54
1979	50-54	0.00836	0.04098	2.67	90253	3699	442642	2465355	27.32
1979	55-59	0.01240	0.06024	2.62	86554	5214	420370	2022713	23.37
1979	60-64	0.01759	0.08443	2.63	81340	6867	390411	1602342	19.70
1979	65-69	0.02598	0.12223	2.59	74473	9103	350434	1211932	16.27
1979	70-74	0.03763	0.17243	2.58	65370	11272	299528	861498	13.18
1979	75-79	0.05534	0.24374	2.56	54098	13186	238277	561969	10.39
1979	80-84	0.08829	0.36249	2.53	40912	14830	167968	323692	7.91
1979	85-89	0.13413	0.49721	2.4	26082	12968	96681	155725	5.97
1979	90-94	0.19368	0.63061	2.23	13114	8270	42699	59043	4.50
1979	95-99	0.27605	0.76387	2.08	4844	3700	13404	16344	3.37
1979	100-104	0.37629	0.86352	1.87	1144	988	2625	2940	2.57
1979	105-109	0.48960	0.92712	1.65	156	145	296	315	2.02
1979	110+	0.58443	1.00000	1.71	11	11	19	19	1.71
1980	0	0.01475	0.01456	0.09	100000	1456	98674	7258402	72.58
1980	1-4	0.00071	0.00282	1.61	98544	278	393512	7159727	72.65
1980	5-9	0.00035	0.00174	2.39	98266	171	490885	6766215	68.86
1980	10-14	0.00038	0.00189	2.72	98095	185	490053	6275331	63.97
1980	15-19	0.00103	0.00515	2.84	97910	504	488459	5785277	59.09
1980	20-24	0.00146	0.00728	2.57	97406	709	485304	5296818	54.38
1980	25-29	0.00147	0.00732	2.51	96697	708	481725	4811514	49.76
1980	30-34	0.00156	0.00775	2.56	95989	744	478132	4329789	45.11
1980	35-39	0.00218	0.01086	2.65	95245	1035	473797	3851657	40.44
1980	40-44	0.00333	0.01652	2.65	94211	1556	467390	3377859	35.85
1980	45-49	0.00514	0.02539	2.67	92655	2353	457779	2910469	31.41
1980	50-54	0.00813	0.03989	2.66	90302	3602	443065	2452690	27.16
1980	55-59	0.01226	0.05961	2.66	86700	5168	421384	2009625	23.18
1980	60-64	0.01790	0.08578	2.58	81532	6994	390758	1588241	19.48
1980	65-69	0.02574	0.12116	2.58	74538	9031	350870	1197482	16.07
1980	70-74	0.03857	0.17630	2.57	65507	11549	299468	846612	12.92
1980	75-79	0.05753	0.25163	2.51	53958	13577	235991	547144	10.14
1980	80-84	0.09068	0.36948	2.5	40381	14920	164539	311153	7.71
1980	85-89	0.13945	0.51032	2.37	25461	12993	93176	146613	5.76
1980	90-94	0.20662	0.65404	2.19	12468	8154	39465	53437	4.29
1980	95-99	0.28929	0.78049	2.05	4313	3367	11637	13972	3.24
1980	100-104	0.39362	0.87615	1.83	947	830	2108	2335	2.47
1980	105-109	0.50987	0.93502	1.61	117	110	215	228	1.94
1980	110+	0.60635	1.00000	1.65	8	8	13	13	1.65
1981	0	0.01302	0.01287	0.08	100000	1287	98822	7306729	73.07
1981	1-4	0.00063	0.00252	1.6	98713	249	394254	7207907	73.02
1981	5-9	0.00030	0.00148	2.34	98464	146	491932	6813653	69.20
1981	10-14	0.00035	0.00173	2.68	98318	170	491195	6321721	64.30
1981	15-19	0.00096	0.00478	2.77	98148	469	489695	5830526	59.41
1981	20-24	0.00125	0.00621	2.59	97679	606	486935	5340832	54.68
1981	25-29	0.00138	0.00690	2.53	97073	670	483708	4853897	50.00
1981	30-34	0.00153	0.00762	2.57	96403	734	480230	4370189	45.33
1981	35-39	0.00208	0.01034	2.64	95669	989	476005	3889959	40.66
1981	40-44	0.00310	0.01537	2.63	94679	1456	469947	3413953	36.06
1981	45-49	0.00525	0.02592	2.64	93224	2417	460414	2944007	31.58
1981	50-54	0.00786	0.03860	2.66	90807	3506	445847	2483593	27.35
1981	55-59	0.01214	0.05900	2.63	87301	5151	424293	2037745	23.34
1981	60-64	0.01778	0.08526	2.61	82151	7004	394002	1613452	19.64
1981	65-69	0.02572	0.12114	2.6	75147	9103	353859	1219450	16.23
1981	70-74	0.03805	0.17416	2.57	66044	11502	302276	865591	13.11
1981	75-79	0.05526	0.24252	2.48	54542	13227	239347	563314	10.33
1981	80-84	0.08938	0.36458	2.47	41315	15063	168518	323968	7.84
1981	85-89	0.13581	0.50214	2.41	26252	13182	97062	155450	5.92
1981	90-94	0.19626	0.63782	2.26	13070	8336	42475	58388	4.47
1981	95-99	0.27729	0.76541	2.07	4734	3623	13066	15913	3.36
1981	100-104	0.37747	0.86439	1.86	1110	960	2543	2846	2.56
1981	105-109	0.49072	0.92757	1.65	151	140	285	303	2.01
1981	110+	0.58552	1.00000	1.71	11	11	19	19	1.71
1982	0	0.01318	0.01302	0.08	100000	1302	98808	7344609	73.45
1982	1-4	0.00063	0.00252	1.56	98698	248	394186	7245801	73.41
1982	5-9	0.00030	0.00150	2.33	98449	148	491853	6851615	69.60
1982	10-14	0.00034	0.00170	2.83	98302	167	491146	6359762	64.70
1982	15-19	0.00097	0.00482	2.85	98134	473	489656	5868616	59.80
1982	20-24	0.00128	0.00639	2.57	97662	624	486789	5378960	55.08
1982	25-29	0.00130	0.00648	2.58	97038	628	483667	4892172	50.42
1982	30-34	0.00145	0.00725	2.62	96409	699	480384	4408505	45.73
1982	35-39	0.00200	0.00998	2.67	95711	955	476329	3928121	41.04
1982	40-44	0.00296	0.01472	2.66	94756	1395	470514	3451793	36.43
1982	45-49	0.00467	0.02308	2.72	93361	2155	461897	2981278	31.93
1982	50-54	0.00768	0.03774	2.68	91206	3442	448032	2519381	27.62
1982	55-59	0.01165	0.05666	2.61	87764	4973	426940	2071349	23.60
1982	60-64	0.01738	0.08344	2.6	82791	6908	397366	1644408	19.86
1982	65-69	0.02526	0.11908	2.6	75883	9036	357765	1247042	16.43
1982	70-74	0.03698	0.16971	2.58	66847	11344	306789	889277	13.30
1982	75-79	0.05395	0.23816	2.54	55502	13218	245028	582488	10.49
1982	80-84	0.08740	0.35863	2.5	42284	15164	173499	337459	7.98
1982	85-89	0.13214	0.49058	2.38	27120	13304	100680	163961	6.05
1982	90-94	0.18964	0.62567	2.28	13816	8644	45582	63281	4.58
1982	95-99	0.27149	0.75794	2.09	5172	3920	14438	17699	3.42
1982	100-104	0.37078	0.85932	1.88	1252	1076	2901	3261	2.60
1982	105-109	0.48372	0.92472	1.66	176	163	337	360	2.04
1982	110+	0.57857	1.00000	1.73	13	13	23	23	1.73
1983	0	0.01297	0.01282	0.08	100000	1282	98826	7340038	73.40
1983	1-4	0.00061	0.00243	1.64	98718	240	394308	7241211	73.35
1983	5-9	0.00029	0.00147	2.4	98478	145	492016	6846904	69.53
1983	10-14	0.00031	0.00155	2.76	98334	153	491327	6354888	64.63
1983	15-19	0.00095	0.00474	2.9	98181	465	489929	5863561	59.72
1983	20-24	0.00121	0.00601	2.49	97716	588	487105	5373632	54.99
1983	25-29	0.00123	0.00611	2.52	97128	593	484171	4886527	50.31
1983	30-34	0.00148	0.00738	2.62	96535	713	480981	4402356	45.60
1983	35-39	0.00194	0.00966	2.69	95823	925	476971	3921375	40.92
1983	40-44	0.00290	0.01438	2.69	94897	1365	471331	3444404	36.30
1983	45-49	0.00464	0.02294	2.69	93532	2145	462710	2973073	31.79
1983	50-54	0.00767	0.03766	2.65	91387	3441	448850	2510363	27.47
1983	55-59	0.01181	0.05748	2.65	87946	5055	427856	2061513	23.44
1983	60-64	0.01775	0.08516	2.63	82891	7059	397717	1633656	19.71
1983	65-69	0.02525	0.11907	2.61	75832	9029	357552	1235939	16.30
1983	70-74	0.03799	0.17402	2.59	66802	11625	305985	878388	13.15
1983	75-79	0.05528	0.24328	2.54	55177	13424	242816	572402	10.37
1983	80-84	0.08844	0.36310	2.54	41754	15161	171423	329587	7.89
1983	85-89	0.13370	0.49587	2.4	26593	13187	98632	158164	5.95
1983	90-94	0.19732	0.64140	2.27	13406	8599	43577	59532	4.44
1983	95-99	0.28105	0.77056	2.07	4808	3705	13181	15955	3.32
1983	100-104	0.38513	0.87037	1.85	1103	960	2493	2774	2.52
1983	105-109	0.50241	0.93240	1.63	143	133	265	281	1.97
1983	110+	0.60031	1.00000	1.67	10	10	16	16	1.67
1984	0	0.01268	0.01253	0.08	100000	1253	98851	7350860	73.51
1984	1-4	0.00057	0.00226	1.56	98747	223	394444	7252009	73.44
1984	5-9	0.00029	0.00147	2.44	98524	145	492249	6857565	69.60
1984	10-14	0.00032	0.00158	2.79	98379	155	491552	6365316	64.70
1984	15-19	0.00086	0.00429	2.88	98224	421	490225	5873763	59.80
1984	20-24	0.00118	0.00586	2.47	97802	573	487559	5383539	55.05
1984	25-29	0.00129	0.00642	2.58	97229	624	484637	4895979	50.35
1984	30-34	0.00146	0.00728	2.59	96605	704	481328	4411342	45.66
1984	35-39	0.00202	0.01005	2.68	95902	964	477268	3930014	40.98
1984	40-44	0.00296	0.01471	2.67	94938	1396	471436	3452746	36.37
1984	45-49	0.00463	0.02292	2.71	93541	2144	462799	2981310	31.87
1984	50-54	0.00769	0.03778	2.66	91397	3453	448890	2518511	27.56
1984	55-59	0.01153	0.05614	2.66	87944	4937	428157	2069621	23.53
1984	60-64	0.01791	0.08591	2.64	83007	7131	398204	1641464	19.78
1984	65-69	0.02517	0.11867	2.59	75876	9005	357703	1243260	16.39
1984	70-74	0.03753	0.17206	2.59	66871	11506	306610	885557	13.24
1984	75-79	0.05473	0.24123	2.55	55366	13356	244056	578947	10.46
1984	80-84	0.08641	0.35598	2.53	42009	14955	173073	334891	7.97
1984	85-89	0.13258	0.49301	2.4	27055	13338	100610	161818	5.98
1984	90-94	0.19512	0.63691	2.27	13716	8736	44773	61207	4.46
1984	95-99	0.28255	0.77279	2.07	4980	3849	13621	16435	3.30
1984	100-104	0.38982	0.87403	1.84	1132	989	2537	2813	2.49
1984	105-109	0.51063	0.93566	1.61	143	133	261	276	1.94
1984	110+	0.61129	1.00000	1.64	9	9	15	15	1.64
1985	0	0.01239	0.01225	0.08	100000	1225	98876	7346787	73.47
1985	1-4	0.00056	0.00224	1.68	98775	221	394585	7247911	73.38
1985	5-9	0.00030	0.00149	2.38	98553	147	492381	6853326	69.54
1985	10-14	0.00034	0.00169	2.78	98406	167	491662	6360945	64.64
1985	15-19	0.00089	0.00442	2.8	98240	435	490245	5869282	59.74
1985	20-24	0.00121	0.00601	2.55	97805	588	487589	5379037	55.00
1985	25-29	0.00119	0.00593	2.53	97218	576	484665	4891447	50.31
1985	30-34	0.00147	0.00730	2.57	96642	706	481491	4406782	45.60
1985	35-39	0.00183	0.00911	2.62	95936	874	477595	3925291	40.92
1985	40-44	0.00287	0.01426	2.71	95062	1356	472206	3447695	36.27
1985	45-49	0.00452	0.02235	2.69	93706	2095	463700	2975489	31.75
1985	50-54	0.00762	0.03744	2.66	91611	3430	450042	2511790	27.42
1985	55-59	0.01169	0.05688	2.65	88182	5016	429145	2061748	23.38
1985	60-64	0.01752	0.08409	2.6	83166	6993	399039	1632603	19.63
1985	65-69	0.02575	0.12122	2.59	76172	9234	358578	1233564	16.19
1985	70-74	0.03801	0.17408	2.59	66939	11653	306594	874986	13.07
1985	75-79	0.05589	0.24537	2.51	55286	13565	242699	568393	10.28
1985	80-84	0.08850	0.36298	2.52	41721	15144	171116	325694	7.81
1985	85-89	0.13649	0.50296	2.39	26577	13367	97939	154578	5.82
1985	90-94	0.20540	0.65687	2.26	13210	8677	42244	56639	4.29
1985	95-99	0.29533	0.78831	2.04	4533	3573	12099	14395	3.18
1985	100-104	0.40638	0.88522	1.81	960	849	2090	2296	2.39
1985	105-109	0.52946	0.94217	1.58	110	104	196	206	1.87
1985	110+	0.63098	1.00000	1.58	6	6	10	10	1.58
1986	0	0.01174	0.01161	0.08	100000	1161	98933	7352490	73.52
1986	1-4	0.00056	0.00223	1.57	98839	221	394819	7253558	73.39
1986	5-9	0.00027	0.00134	2.35	98618	132	492741	6858738	69.55
1986	10-14	0.00034	0.00168	2.93	98486	166	492088	6365997	64.64
1986	15-19	0.00101	0.00504	2.8	98320	496	490512	5873910	59.74
1986	20-24	0.00127	0.00632	2.54	97824	618	487600	5383398	55.03
1986	25-29	0.00133	0.00665	2.56	97206	646	484452	4895798	50.37
1986	30-34	0.00160	0.00797	2.52	96560	769	480895	4411346	45.69
1986	35-39	0.00201	0.01002	2.6	95791	960	476654	3930451	41.03
1986	40-44	0.00282	0.01401	2.68	94831	1329	471065	3453797	36.42
1986	45-49	0.00460	0.02275	2.65	93502	2127	462505	2982732	31.90
1986	50-54	0.00745	0.03659	2.64	91375	3343	448984	2520227	27.58
1986	55-59	0.01132	0.05514	2.64	88032	4854	428701	2071244	23.53
1986	60-64	0.01765	0.08469	2.61	83178	7044	399087	1642543	19.75
1986	65-69	0.02516	0.11853	2.56	76134	9024	358645	1243456	16.33
1986	70-74	0.03755	0.17222	2.6	67109	11558	307809	884811	13.18
1986	75-79	0.05511	0.24256	2.53	55552	13475	244511	577002	10.39
1986	80-84	0.08682	0.35668	2.5	42077	15008	172868	332491	7.90
1986	85-89	0.13379	0.49631	2.4	27069	13435	100419	159623	5.90
1986	90-94	0.20224	0.64773	2.23	13634	8831	43667	59205	4.34
1986	95-99	0.28913	0.78090	2.06	4803	3751	12972	15537	3.23
1986	100-104	0.39832	0.87989	1.83	1052	926	2325	2565	2.44
1986	105-109	0.52019	0.93904	1.6	126	119	228	241	1.90
1986	110+	0.62119	1.00000	1.61	8	8	12	12	1.61
1987	0	0.01202	0.01189	0.08	100000	1189	98908	7366726	73.67
1987	1-4	0.00054	0.00215	1.63	98811	213	394740	7267818	73.55
1987	5-9	0.00027	0.00137	2.55	98598	135	492661	6873078	69.71
1987	10-14	0.00031	0.00157	2.97	98463	155	492001	6380417	64.80
1987	15-19	0.00100	0.00501	2.78	98308	492	490449	5888416	59.90
1987	20-24	0.00127	0.00633	2.46	97816	619	487506	5397967	55.18
1987	25-29	0.00133	0.00665	2.52	97197	646	484386	4910461	50.52
1987	30-34	0.00158	0.00786	2.52	96551	759	480870	4426076	45.84
1987	35-39	0.00203	0.01008	2.63	95792	965	476669	3945205	41.19
1987	40-44	0.00283	0.01407	2.68	94827	1334	471043	3468536	36.58
1987	45-49	0.00439	0.02171	2.63	93493	2030	462660	2997493	32.06
1987	50-54	0.00725	0.03564	2.65	91463	3259	449669	2534834	27.71
1987	55-59	0.01133	0.05516	2.62	88203	4865	429430	2085164	23.64
1987	60-64	0.01706	0.08197	2.62	83338	6831	400416	1655734	19.87
1987	65-69	0.02508	0.11818	2.57	76507	9042	360572	1255318	16.41
1987	70-74	0.03683	0.16919	2.6	67465	11414	309938	894745	13.26
1987	75-79	0.05480	0.24154	2.55	56051	13538	247052	584807	10.43
1987	80-84	0.08563	0.35234	2.49	42513	14979	174932	337755	7.94
1987	85-89	0.13310	0.49442	2.4	27534	13613	102278	162823	5.91
1987	90-94	0.20217	0.65081	2.26	13921	9060	44812	60545	4.35
1987	95-99	0.28872	0.78065	2.06	4861	3795	13143	15732	3.24
1987	100-104	0.39986	0.88116	1.83	1066	940	2350	2589	2.43
1987	105-109	0.52422	0.94057	1.59	127	119	227	239	1.89
1987	110+	0.62720	1.00000	1.59	8	8	12	12	1.59
1988	0	0.01181	0.01168	0.08	100000	1168	98926	7363158	73.63
1988	1-4	0.00056	0.00224	1.69	98832	222	394815	7264232	73.50
1988	5-9	0.00025	0.00124	2.34	98610	123	492726	6869416	69.66
1988	10-14	0.00034	0.00171	2.77	98488	169	492062	6376691	64.75
1988	15-19	0.00095	0.00475	2.8	98319	467	490568	5884628	59.85
1988	20-24	0.00125	0.00621	2.56	97852	607	487779	5394060	55.12
1988	25-29	0.00131	0.00655	2.54	97245	637	484658	4906281	50.45
1988	30-34	0.00161	0.00802	2.49	96608	775	481094	4421623	45.77
1988	35-39	0.00195	0.00970	2.6	95833	930	476932	3940529	41.12
1988	40-44	0.00284	0.01412	2.68	94903	1340	471399	3463597	36.50
1988	45-49	0.00444	0.02199	2.7	93563	2057	463080	2992198	31.98
1988	50-54	0.00695	0.03421	2.71	91505	3130	450374	2529117	27.64
1988	55-59	0.01140	0.05551	2.64	88375	4906	430317	2078743	23.52
1988	60-64	0.01724	0.08279	2.62	83470	6911	400915	1648426	19.75
1988	65-69	0.02581	0.12156	2.61	76559	9306	360564	1247511	16.29
1988	70-74	0.03673	0.16881	2.61	67253	11353	309080	886947	13.19
1988	75-79	0.05583	0.24555	2.55	55899	13726	245856	577867	10.34
1988	80-84	0.08614	0.35401	2.48	42173	14930	173315	332011	7.87
1988	85-89	0.13492	0.49945	2.4	27244	13607	100849	158695	5.83
1988	90-94	0.20811	0.66292	2.26	13637	9040	43440	57846	4.24
1988	95-99	0.29946	0.79354	2.04	4597	3648	12181	14406	3.13
1988	100-104	0.41522	0.89115	1.8	949	846	2037	2225	2.34
1988	105-109	0.54296	0.94664	1.56	103	98	180	189	1.83
1988	110+	0.64765	1.00000	1.54	6	6	9	9	1.54
1989	0	0.01196	0.01183	0.08	100000	1183	98913	7379853	73.80
1989	1-4	0.00052	0.00207	1.64	98817	204	394786	7280940	73.68
1989	5-9	0.00028	0.00138	2.49	98612	137	492719	6886154	69.83
1989	10-14	0.00033	0.00167	2.77	98476	165	492012	6393435	64.92
1989	15-19	0.00093	0.00466	2.82	98311	458	490555	5901423	60.03
1989	20-24	0.00114	0.00568	2.62	97853	556	487942	5410868	55.30
1989	25-29	0.00138	0.00686	2.56	97297	667	484858	4922925	50.60
1989	30-34	0.00166	0.00825	2.58	96630	798	481217	4438067	45.93
1989	35-39	0.00200	0.00996	2.64	95832	955	476909	3956850	41.29
1989	40-44	0.00287	0.01427	2.7	94877	1354	471264	3479940	36.68
1989	45-49	0.00449	0.02224	2.67	93523	2079	462774	3008676	32.17
1989	50-54	0.00709	0.03487	2.71	91444	3189	449910	2545902	27.84
1989	55-59	0.01097	0.05348	2.67	88255	4720	430289	2095992	23.75
1989	60-64	0.01671	0.08038	2.65	83535	6715	401916	1665703	19.94
1989	65-69	0.02495	0.11772	2.61	76821	9043	362469	1263787	16.45
1989	70-74	0.03689	0.16947	2.6	67778	11486	311347	901318	13.30
1989	75-79	0.05466	0.24111	2.56	56292	13573	248291	589971	10.48
1989	80-84	0.08498	0.35051	2.5	42719	14974	176201	341679	8.00
1989	85-89	0.13002	0.48697	2.42	27746	13511	103918	165478	5.96
1989	90-94	0.20220	0.64949	2.25	14234	9245	45722	61560	4.32
1989	95-99	0.29494	0.78844	2.05	4989	3934	13338	15838	3.17
1989	100-104	0.41057	0.88837	1.81	1056	938	2284	2501	2.37
1989	105-109	0.53882	0.94544	1.57	118	111	207	217	1.84
1989	110+	0.64424	1.00000	1.55	6	6	10	10	1.55
1990	0	0.01106	0.01094	0.08	100000	1094	98992	7391466	73.91
1990	1-4	0.00056	0.00222	1.67	98906	220	395110	7292474	73.73
1990	5-9	0.00028	0.00139	2.34	98686	137	493064	6897364	69.89
1990	10-14	0.00032	0.00162	2.98	98548	159	492420	6404300	64.99
1990	15-19	0.00106	0.00528	2.74	98389	520	490771	5911880	60.09
1990	20-24	0.00134	0.00667	2.59	97869	653	487771	5421109	55.39
1990	25-29	0.00147	0.00733	2.55	97216	713	484335	4933338	50.75
1990	30-34	0.00163	0.00813	2.61	96503	784	480645	4449003	46.10
1990	35-39	0.00203	0.01010	2.62	95719	967	476296	3968358	41.46
1990	40-44	0.00277	0.01374	2.68	94752	1302	470737	3492061	36.85
1990	45-49	0.00433	0.02144	2.68	93450	2004	462604	3021324	32.33
1990	50-54	0.00682	0.03357	2.66	91446	3070	450049	2558721	27.98
1990	55-59	0.01092	0.05324	2.66	88377	4706	430860	2108672	23.86
1990	60-64	0.01658	0.07978	2.62	83671	6675	402500	1677812	20.05
1990	65-69	0.02473	0.11673	2.6	76996	8988	363395	1275312	16.56
1990	70-74	0.03638	0.16729	2.6	68008	11377	312764	911917	13.41
1990	75-79	0.05421	0.23961	2.58	56631	13569	250318	599153	10.58
1990	80-84	0.08341	0.34525	2.51	43061	14867	178238	348835	8.10
1990	85-89	0.12811	0.48096	2.41	28195	13560	105846	170597	6.05
1990	90-94	0.19664	0.63811	2.25	14634	9338	47488	64751	4.42
1990	95-99	0.28620	0.77776	2.07	5296	4119	14392	17263	3.26
1990	100-104	0.39780	0.87987	1.83	1177	1036	2603	2871	2.44
1990	105-109	0.52276	0.94013	1.59	141	133	254	268	1.89
1990	110+	0.62636	1.00000	1.6	8	8	14	14	1.60
1991	0	0.01080	0.01070	0.08	100000	1070	99014	7402167	74.02
1991	1-4	0.00056	0.00225	1.69	98930	222	395208	7303153	73.82
1991	5-9	0.00029	0.00144	2.46	98708	142	493179	6907945	69.98
1991	10-14	0.00031	0.00157	2.8	98566	155	492488	6414766	65.08
1991	15-19	0.00104	0.00517	2.75	98411	509	490912	5922278	60.18
1991	20-24	0.00128	0.00639	2.43	97902	626	487901	5431366	55.48
1991	25-29	0.00142	0.00710	2.5	97276	690	484658	4943465	50.82
1991	30-34	0.00174	0.00865	2.59	96586	836	480914	4458806	46.16
1991	35-39	0.00212	0.01056	2.62	95751	1011	476347	3977892	41.54
1991	40-44	0.00274	0.01359	2.61	94740	1288	470622	3501545	36.96
1991	45-49	0.00441	0.02181	2.72	93452	2038	462613	3030923	32.43
1991	50-54	0.00669	0.03292	2.66	91413	3010	450039	2568310	28.10
1991	55-59	0.01082	0.05278	2.65	88404	4666	431043	2118271	23.96
1991	60-64	0.01646	0.07923	2.63	83738	6635	402978	1687228	20.15
1991	65-69	0.02427	0.11475	2.62	77103	8848	364485	1284250	16.66
1991	70-74	0.03619	0.16650	2.6	68256	11364	314031	919764	13.48
1991	75-79	0.05298	0.23443	2.55	56891	13337	251744	605733	10.65
1991	80-84	0.08364	0.34617	2.51	43554	15077	180259	353990	8.13
1991	85-89	0.12729	0.47934	2.43	28477	13650	107238	173731	6.10
1991	90-94	0.19321	0.63309	2.28	14827	9387	48584	66493	4.48
1991	95-99	0.28297	0.77372	2.07	5440	4209	14875	17908	3.29
1991	100-104	0.39340	0.87685	1.84	1231	1079	2744	3034	2.46
1991	105-109	0.51761	0.93835	1.6	152	142	275	290	1.91
1991	110+	0.62087	1.00000	1.61	9	9	15	15	1.61
1992	0	0.01026	0.01016	0.08	100000	1016	99062	7436458	74.36
1992	1-4	0.00054	0.00217	1.64	98984	215	395428	7337397	74.13
1992	5-9	0.00025	0.00126	2.35	98769	125	493517	6941969	70.28
1992	10-14	0.00029	0.00145	2.98	98645	143	492935	6448452	65.37
1992	15-19	0.00102	0.00511	2.78	98502	503	491394	5955517	60.46
1992	20-24	0.00124	0.00617	2.5	97999	605	488483	5464123	55.76
1992	25-29	0.00137	0.00683	2.58	97394	665	485361	4975640	51.09
1992	30-34	0.00170	0.00844	2.6	96729	817	481682	4490279	46.42
1992	35-39	0.00209	0.01041	2.61	95912	998	477170	4008597	41.79
1992	40-44	0.00289	0.01433	2.63	94914	1360	471340	3531427	37.21
1992	45-49	0.00428	0.02119	2.7	93554	1983	463205	3060087	32.71
1992	50-54	0.00666	0.03280	2.66	91571	3003	450818	2596882	28.36
1992	55-59	0.01053	0.05141	2.68	88568	4553	432267	2146065	24.23
1992	60-64	0.01615	0.07780	2.64	84014	6536	404645	1713797	20.40
1992	65-69	0.02381	0.11265	2.61	77478	8728	366527	1309153	16.90
1992	70-74	0.03494	0.16106	2.58	68750	11073	316950	942626	13.71
1992	75-79	0.05127	0.22791	2.57	57677	13145	256380	625676	10.85
1992	80-84	0.07954	0.33169	2.5	44532	14771	185706	369296	8.29
1992	85-89	0.12463	0.47198	2.43	29762	14047	112705	183590	6.17
1992	90-94	0.19141	0.63024	2.29	15715	9904	51741	70885	4.51
1992	95-99	0.28244	0.77336	2.08	5811	4494	15911	19144	3.29
1992	100-104	0.39490	0.87808	1.84	1317	1156	2928	3233	2.46
1992	105-109	0.52111	0.93967	1.6	161	151	290	305	1.90
1992	110+	0.62579	1.00000	1.6	10	10	15	15	1.60
1993	0	0.00999	0.00989	0.08	100000	989	99086	7401309	74.01
1993	1-4	0.00056	0.00225	1.62	99011	223	395511	7302224	73.75
1993	5-9	0.00024	0.00122	2.38	98788	120	493624	6906712	69.91
1993	10-14	0.00028	0.00141	2.94	98668	139	493050	6413089	65.00
1993	15-19	0.00106	0.00527	2.78	98528	519	491486	5920038	60.08
1993	20-24	0.00130	0.00648	2.53	98009	635	488474	5428552	55.39
1993	25-29	0.00147	0.00733	2.69	97374	714	485221	4940078	50.73
1993	30-34	0.00175	0.00872	2.58	96660	843	481260	4454857	46.09
1993	35-39	0.00219	0.01089	2.6	95817	1043	476582	3973597	41.47
1993	40-44	0.00296	0.01468	2.6	94774	1391	470534	3497015	36.90
1993	45-49	0.00448	0.02216	2.68	93383	2069	462123	3026481	32.41
1993	50-54	0.00683	0.03359	2.66	91314	3068	449392	2564358	28.08
1993	55-59	0.01051	0.05129	2.66	88246	4527	430631	2114966	23.97
1993	60-64	0.01658	0.07971	2.6	83720	6674	402611	1684335	20.12
1993	65-69	0.02434	0.11507	2.63	77046	8866	364215	1281724	16.64
1993	70-74	0.03602	0.16572	2.59	68180	11299	313719	917509	13.46
1993	75-79	0.05255	0.23322	2.59	56882	13266	252437	603791	10.61
1993	80-84	0.08422	0.34778	2.5	43616	15169	180109	351354	8.06
1993	85-89	0.12972	0.48577	2.42	28447	13819	106527	171245	6.02
1993	90-94	0.19610	0.63967	2.28	14628	9357	47718	64719	4.42
1993	95-99	0.28958	0.78202	2.06	5271	4122	14234	17001	3.23
1993	100-104	0.40340	0.88374	1.82	1149	1015	2517	2766	2.41
1993	105-109	0.53053	0.94280	1.58	134	126	237	249	1.87
1993	110+	0.63560	1.00000	1.57	8	8	12	12	1.57
1994	0	0.00968	0.00959	0.08	100000	959	99113	7409070	74.09
1994	1-4	0.00056	0.00224	1.66	99041	221	395645	7309957	73.81
1994	5-9	0.00021	0.00107	2.37	98820	106	493819	6914312	69.97
1994	10-14	0.00028	0.00142	2.93	98713	140	493277	6420493	65.04
1994	15-19	0.00109	0.00543	2.81	98573	536	491696	5927216	60.13
1994	20-24	0.00128	0.00639	2.55	98038	627	488650	5435520	55.44
1994	25-29	0.00142	0.00707	2.63	97411	689	485419	4946870	50.78
1994	30-34	0.00177	0.00881	2.57	96722	852	481542	4461451	46.13
1994	35-39	0.00224	0.01116	2.64	95870	1070	476824	3979909	41.51
1994	40-44	0.00294	0.01460	2.61	94801	1384	470688	3503085	36.95
1994	45-49	0.00438	0.02168	2.65	93416	2025	462324	3032397	32.46
1994	50-54	0.00667	0.03287	2.69	91391	3004	450019	2570073	28.12
1994	55-59	0.01052	0.05134	2.67	88387	4538	431362	2120053	23.99
1994	60-64	0.01632	0.07854	2.62	83849	6585	403600	1688691	20.14
1994	65-69	0.02401	0.11356	2.63	77264	8774	365490	1285091	16.63
1994	70-74	0.03595	0.16547	2.6	68490	11333	315194	919601	13.43
1994	75-79	0.05235	0.23192	2.54	57157	13256	253192	604407	10.57
1994	80-84	0.08480	0.35024	2.52	43901	15376	181328	351214	8.00
1994	85-89	0.13022	0.48692	2.41	28525	13889	106659	169886	5.96
1994	90-94	0.20300	0.65395	2.28	14636	9571	47148	63227	4.32
1994	95-99	0.29494	0.78843	2.05	5065	3993	13539	16079	3.17
1994	100-104	0.41043	0.88825	1.81	1072	952	2319	2539	2.37
1994	105-109	0.53831	0.94526	1.57	120	113	210	220	1.84
1994	110+	0.64342	1.00000	1.55	7	7	10	10	1.55
1995	0	0.00954	0.00946	0.07	100000	946	99125	7412667	74.13
1995	1-4	0.00053	0.00213	1.63	99054	211	395716	7313542	73.83
1995	5-9	0.00022	0.00108	2.3	98843	107	493925	6917826	69.99
1995	10-14	0.00031	0.00156	2.89	98736	154	493354	6423901	65.06
1995	15-19	0.00107	0.00533	2.73	98582	525	491716	5930547	60.16
1995	20-24	0.00123	0.00613	2.55	98056	602	488807	5438831	55.47
1995	25-29	0.00146	0.00728	2.67	97455	709	485623	4950024	50.79
1995	30-34	0.00188	0.00937	2.6	96746	907	481549	4464400	46.15
1995	35-39	0.00234	0.01162	2.61	95839	1113	476533	3982851	41.56
1995	40-44	0.00303	0.01504	2.64	94726	1424	470266	3506318	37.02
1995	45-49	0.00435	0.02154	2.67	93301	2010	461815	3036052	32.54
1995	50-54	0.00673	0.03314	2.67	91291	3026	449399	2574237	28.20
1995	55-59	0.01048	0.05114	2.66	88266	4514	430755	2124838	24.07
1995	60-64	0.01608	0.07742	2.62	83752	6484	403307	1694083	20.23
1995	65-69	0.02373	0.11232	2.62	77268	8679	365696	1290776	16.71
1995	70-74	0.03573	0.16443	2.58	68589	11278	315634	925080	13.49
1995	75-79	0.05225	0.23148	2.54	57311	13266	253918	609447	10.63
1995	80-84	0.08272	0.34296	2.51	44045	15105	182615	355528	8.07
1995	85-89	0.13004	0.48691	2.42	28939	14091	108356	172913	5.98
1995	90-94	0.20033	0.64715	2.27	14848	9609	47967	64557	4.35
1995	95-99	0.29555	0.78944	2.05	5239	4136	13995	16590	3.17
1995	100-104	0.41354	0.89042	1.8	1103	982	2375	2596	2.35
1995	105-109	0.54412	0.94718	1.56	121	114	210	220	1.82
1995	110+	0.65118	1.00000	1.54	6	6	10	10	1.54
1996	0	0.00958	0.00949	0.07	100000	949	99122	7436502	74.37
1996	1-4	0.00045	0.00178	1.58	99051	176	395776	7337380	74.08
1996	5-9	0.00025	0.00127	2.37	98874	125	494041	6941605	70.21
1996	10-14	0.00028	0.00142	2.95	98749	140	493457	6447563	65.29
1996	15-19	0.00100	0.00499	2.78	98609	492	491952	5954106	60.38
1996	20-24	0.00124	0.00616	2.48	98116	605	489059	5462155	55.67
1996	25-29	0.00135	0.00675	2.57	97511	658	485958	4973096	51.00
1996	30-34	0.00171	0.00854	2.61	96853	827	482289	4487138	46.33
1996	35-39	0.00223	0.01111	2.6	96026	1067	477575	4004850	41.71
1996	40-44	0.00299	0.01484	2.62	94960	1409	471450	3527275	37.14
1996	45-49	0.00430	0.02127	2.67	93551	1989	463109	3055825	32.66
1996	50-54	0.00661	0.03255	2.69	91561	2980	450926	2592716	28.32
1996	55-59	0.01012	0.04942	2.66	88582	4378	432657	2141790	24.18
1996	60-64	0.01616	0.07779	2.63	84204	6551	405477	1709133	20.30
1996	65-69	0.02343	0.11099	2.64	77653	8619	367893	1303656	16.79
1996	70-74	0.03529	0.16261	2.59	69035	11226	318132	935764	13.56
1996	75-79	0.05206	0.23091	2.56	57809	13349	256409	617631	10.68
1996	80-84	0.08256	0.34291	2.53	44460	15246	184654	361222	8.12
1996	85-89	0.12741	0.47938	2.42	29214	14005	109914	176568	6.04
1996	90-94	0.19855	0.64318	2.26	15210	9783	49271	66654	4.38
1996	95-99	0.29158	0.78479	2.06	5427	4259	14607	17383	3.20
1996	100-104	0.40882	0.88751	1.81	1168	1037	2536	2777	2.38
1996	105-109	0.53932	0.94575	1.57	131	124	230	241	1.84
1996	110+	0.64670	1.00000	1.55	7	7	11	11	1.55
1997	0	0.00921	0.00913	0.07	100000	913	99154	7444568	74.45
1997	1-4	0.00043	0.00171	1.6	99087	169	395939	7345414	74.13
1997	5-9	0.00026	0.00127	2.38	98917	126	494256	6949475	70.26
1997	10-14	0.00029	0.00146	2.73	98791	145	493628	6455218	65.34
1997	15-19	0.00096	0.00479	2.91	98647	472	492248	5961590	60.43
1997	20-24	0.00118	0.00586	2.54	98174	575	489458	5469342	55.71
1997	25-29	0.00126	0.00630	2.5	97599	615	486460	4979884	51.02
1997	30-34	0.00162	0.00806	2.6	96984	781	483047	4493423	46.33
1997	35-39	0.00221	0.01101	2.59	96203	1059	478458	4010377	41.69
1997	40-44	0.00292	0.01448	2.62	95143	1377	472434	3531919	37.12
1997	45-49	0.00429	0.02122	2.66	93766	1990	464168	3059484	32.63
1997	50-54	0.00660	0.03251	2.69	91776	2984	451975	2595316	28.28
1997	55-59	0.01012	0.04944	2.67	88792	4390	433718	2143341	24.14
1997	60-64	0.01573	0.07587	2.65	84402	6403	406969	1709623	20.26
1997	65-69	0.02349	0.11121	2.61	77999	8675	369282	1302654	16.70
1997	70-74	0.03530	0.16264	2.59	69325	11275	319428	933372	13.46
1997	75-79	0.05229	0.23187	2.56	58049	13460	257402	613945	10.58
1997	80-84	0.08296	0.34408	2.52	44590	15342	184937	356542	8.00
1997	85-89	0.13255	0.49307	2.4	29247	14421	108794	171605	5.87
1997	90-94	0.20700	0.65844	2.24	14826	9762	47160	62812	4.24
1997	95-99	0.30389	0.79908	2.03	5064	4047	13316	15651	3.09
1997	100-104	0.42479	0.89721	1.78	1017	913	2149	2335	2.30
1997	105-109	0.55691	0.95088	1.54	105	99	179	186	1.78
1997	110+	0.66422	1.00000	1.51	5	5	8	8	1.51
1998	0	0.00939	0.00931	0.07	100000	931	99139	7455460	74.55
1998	1-4	0.00046	0.00182	1.62	99069	181	395847	7356321	74.25
1998	5-9	0.00023	0.00116	2.53	98889	115	494160	6960475	70.39
1998	10-14	0.00027	0.00133	2.84	98774	132	493586	6466315	65.47
1998	15-19	0.00091	0.00456	2.89	98642	450	492262	5972729	60.55
1998	20-24	0.00118	0.00590	2.5	98193	579	489517	5480468	55.81
1998	25-29	0.00122	0.00608	2.56	97614	593	486620	4990951	51.13
1998	30-34	0.00158	0.00787	2.63	97020	763	483291	4504331	46.43
1998	35-39	0.00210	0.01043	2.6	96257	1004	478879	4021040	41.77
1998	40-44	0.00289	0.01434	2.69	95253	1366	473104	3542161	37.19
1998	45-49	0.00417	0.02065	2.64	93887	1939	464855	3069056	32.69
1998	50-54	0.00632	0.03115	2.66	91948	2864	453052	2604201	28.32
1998	55-59	0.00998	0.04878	2.66	89084	4346	435255	2151149	24.15
1998	60-64	0.01549	0.07472	2.66	84738	6332	408854	1715894	20.25
1998	65-69	0.02370	0.11207	2.57	78407	8787	370693	1307040	16.67
1998	70-74	0.03536	0.16296	2.59	69619	11345	320800	936346	13.45
1998	75-79	0.05262	0.23339	2.58	58275	13601	258479	615546	10.56
1998	80-84	0.08358	0.34631	2.53	44674	15471	185103	357067	7.99
1998	85-89	0.13229	0.49321	2.42	29203	14403	108878	171964	5.89
1998	90-94	0.20453	0.65598	2.27	14800	9708	47467	63086	4.26
1998	95-99	0.30633	0.80200	2.03	5092	4083	13330	15619	3.07
1998	100-104	0.42965	0.90019	1.77	1008	907	2112	2289	2.27
1998	105-109	0.56422	0.95299	1.53	101	96	170	177	1.76
1998	110+	0.67310	1.00000	1.49	5	5	7	7	1.49
1999	0	0.00902	0.00894	0.07	100000	894	99171	7455790	74.56
1999	1-4	0.00044	0.00175	1.66	99106	174	396017	7356619	74.23
1999	5-9	0.00024	0.00120	2.43	98932	119	494356	6960602	70.36
1999	10-14	0.00029	0.00147	2.77	98813	145	493744	6466247	65.44
1999	15-19	0.00093	0.00466	2.86	98668	459	492357	5972502	60.53
1999	20-24	0.00116	0.00576	2.51	98209	566	489637	5480145	55.80
1999	25-29	0.00123	0.00612	2.58	97643	598	486771	4990508	51.11
1999	30-34	0.00148	0.00736	2.61	97045	714	483521	4503737	46.41
1999	35-39	0.00207	0.01032	2.65	96331	994	479323	4020216	41.73
1999	40-44	0.00310	0.01540	2.65	95337	1468	473233	3540893	37.14
1999	45-49	0.00430	0.02129	2.67	93869	1998	464690	3067660	32.68
1999	50-54	0.00630	0.03105	2.68	91871	2853	452731	2602969	28.33
1999	55-59	0.01015	0.04956	2.68	89018	4412	434848	2150238	24.16
1999	60-64	0.01519	0.07331	2.64	84606	6202	408417	1715390	20.28
1999	65-69	0.02309	0.10948	2.63	78404	8584	371668	1306972	16.67
1999	70-74	0.03457	0.15968	2.61	69820	11149	322480	935304	13.40
1999	75-79	0.05330	0.23616	2.59	58672	13856	259948	612824	10.44
1999	80-84	0.08440	0.34883	2.51	44816	15633	185225	352876	7.87
1999	85-89	0.13645	0.50497	2.43	29182	14736	108002	167652	5.74
1999	90-94	0.21280	0.67134	2.25	14446	9698	45574	59650	4.13
1999	95-99	0.31845	0.81516	2.01	4748	3870	12153	14076	2.96
1999	100-104	0.44646	0.90939	1.74	878	798	1788	1923	2.19
1999	105-109	0.58386	0.95803	1.49	80	76	130	135	1.70
1999	110+	0.69345	1.00000	1.44	3	3	5	5	1.44
2000	0	0.00952	0.00944	0.07	100000	944	99127	7450041	74.50
2000	1-4	0.00042	0.00166	1.58	99056	164	395827	7350914	74.21
2000	5-9	0.00018	0.00092	2.46	98892	90	494229	6955087	70.33
2000	10-14	0.00028	0.00139	2.92	98801	137	493720	6460858	65.39
2000	15-19	0.00091	0.00452	2.9	98664	446	492383	5967138	60.48
2000	20-24	0.00127	0.00632	2.49	98218	620	489529	5474755	55.74
2000	25-29	0.00131	0.00654	2.53	97597	638	486412	4985226	51.08
2000	30-34	0.00148	0.00739	2.6	96959	716	483079	4498814	46.40
2000	35-39	0.00207	0.01029	2.7	96243	990	478934	4015735	41.72
2000	40-44	0.00314	0.01557	2.64	95253	1483	472767	3536801	37.13
2000	45-49	0.00440	0.02177	2.66	93770	2041	464067	3064034	32.68
2000	50-54	0.00626	0.03085	2.62	91729	2830	451908	2599968	28.34
2000	55-59	0.00991	0.04841	2.66	88899	4304	434418	2148059	24.16
2000	60-64	0.01515	0.07314	2.65	84595	6188	408436	1713642	20.26
2000	65-69	0.02315	0.10971	2.62	78408	8602	371526	1305206	16.65
2000	70-74	0.03468	0.16009	2.6	69806	11175	322209	933680	13.38
2000	75-79	0.05313	0.23518	2.56	58631	13789	259536	611471	10.43
2000	80-84	0.08494	0.35067	2.51	44842	15724	185121	351935	7.85
2000	85-89	0.13548	0.50294	2.44	29117	14644	108095	166814	5.73
2000	90-94	0.21733	0.67899	2.24	14473	9827	45217	58720	4.06
2000	95-99	0.32557	0.82269	1.99	4646	3822	11740	13503	2.91
2000	100-104	0.45789	0.91531	1.72	824	754	1647	1763	2.14
2000	105-109	0.59858	0.96151	1.47	70	67	112	116	1.66
2000	110+	0.70951	1.00000	1.41	3	3	4	4	1.41
2001	0	0.00866	0.00859	0.07	100000	859	99203	7469209	74.69
2001	1-4	0.00042	0.00168	1.59	99141	167	396161	7370007	74.34
2001	5-9	0.00019	0.00096	2.44	98974	95	494626	6973846	70.46
2001	10-14	0.00025	0.00126	2.79	98879	124	494119	6479219	65.53
2001	15-19	0.00083	0.00414	2.89	98755	409	492911	5985100	60.61
2001	20-24	0.00122	0.00609	2.54	98346	599	490255	5492189	55.85
2001	25-29	0.00127	0.00632	2.55	97747	618	487220	5001934	51.17
2001	30-34	0.00153	0.00763	2.59	97129	741	483853	4514715	46.48
2001	35-39	0.00215	0.01072	2.64	96387	1033	479497	4030862	41.82
2001	40-44	0.00317	0.01574	2.63	95354	1501	473222	3551364	37.24
2001	45-49	0.00448	0.02217	2.64	93854	2080	464352	3078142	32.80
2001	50-54	0.00650	0.03200	2.67	91773	2937	452026	2613790	28.48
2001	55-59	0.00974	0.04763	2.65	88836	4231	434244	2161764	24.33
2001	60-64	0.01471	0.07105	2.63	84606	6011	408802	1727520	20.42
2001	65-69	0.02289	0.10858	2.63	78594	8534	372771	1318718	16.78
2001	70-74	0.03373	0.15600	2.6	70060	10929	324076	945947	13.50
2001	75-79	0.05122	0.22780	2.58	59131	13470	262998	621871	10.52
2001	80-84	0.08402	0.34789	2.53	45661	15885	189054	358874	7.86
2001	85-89	0.13695	0.50599	2.42	29776	15067	110017	169820	5.70
2001	90-94	0.21669	0.67928	2.25	14710	9992	46112	59803	4.07
2001	95-99	0.32608	0.82326	1.99	4718	3884	11911	13691	2.90
2001	100-104	0.45891	0.91583	1.72	834	764	1664	1780	2.14
2001	105-109	0.59992	0.96181	1.47	70	68	113	116	1.66
2001	110+	0.71093	1.00000	1.41	3	3	4	4	1.41
2002	0	0.00901	0.00894	0.07	100000	894	99172	7455337	74.55
2002	1-4	0.00039	0.00154	1.75	99106	153	396080	7356165	74.23
2002	5-9	0.00021	0.00103	2.42	98953	102	494504	6960084	70.34
2002	10-14	0.00026	0.00129	2.85	98851	128	493982	6465580	65.41
2002	15-19	0.00093	0.00463	2.94	98724	457	492677	5971597	60.49
2002	20-24	0.00119	0.00594	2.5	98267	584	489874	5478920	55.76
2002	25-29	0.00135	0.00671	2.55	97683	656	486809	4989046	51.07
2002	30-34	0.00166	0.00827	2.58	97027	802	483196	4502237	46.40
2002	35-39	0.00226	0.01122	2.65	96225	1080	478583	4019041	41.77
2002	40-44	0.00317	0.01574	2.65	95145	1497	472202	3540458	37.21
2002	45-49	0.00461	0.02281	2.64	93648	2136	463190	3068256	32.76
2002	50-54	0.00641	0.03158	2.64	91512	2890	450748	2605065	28.47
2002	55-59	0.00979	0.04784	2.64	88622	4239	433090	2154318	24.31
2002	60-64	0.01490	0.07196	2.64	84382	6072	407593	1721227	20.40
2002	65-69	0.02219	0.10540	2.63	78310	8254	371997	1313634	16.77
2002	70-74	0.03358	0.15535	2.59	70056	10883	324082	941636	13.44
2002	75-79	0.05224	0.23176	2.57	59173	13714	262544	617554	10.44
2002	80-84	0.08424	0.34857	2.53	45459	15846	188097	355011	7.81
2002	85-89	0.13846	0.51024	2.42	29613	15110	109127	166914	5.64
2002	90-94	0.22226	0.69004	2.25	14504	10008	45028	57787	3.98
2002	95-99	0.33441	0.83149	1.98	4496	3738	11178	12759	2.84
2002	100-104	0.47026	0.92117	1.7	758	698	1484	1581	2.09
2002	105-109	0.61264	0.96451	1.45	60	58	94	97	1.62
2002	110+	0.72344	1.00000	1.38	2	2	3	3	1.38
2003	0	0.00903	0.00896	0.07	100000	896	99170	7464057	74.64
2003	1-4	0.00040	0.00159	1.59	99104	158	396036	7364888	74.31
2003	5-9	0.00019	0.00094	2.32	98947	93	494484	6968851	70.43
2003	10-14	0.00024	0.00121	2.85	98853	120	494010	6474367	65.49
2003	15-19	0.00080	0.00399	2.87	98734	394	492831	5980358	60.57
2003	20-24	0.00122	0.00609	2.55	98339	599	490226	5487527	55.80
2003	25-29	0.00138	0.00688	2.54	97740	672	487045	4997301	51.13
2003	30-34	0.00163	0.00813	2.59	97068	789	483440	4510256	46.46
2003	35-39	0.00225	0.01117	2.64	96279	1075	478859	4026816	41.82
2003	40-44	0.00334	0.01658	2.64	95203	1578	472294	3547957	37.27
2003	45-49	0.00476	0.02351	2.63	93625	2202	462906	3075663	32.85
2003	50-54	0.00661	0.03252	2.62	91423	2974	450027	2612757	28.58
2003	55-59	0.00959	0.04691	2.65	88450	4149	432486	2162730	24.45
2003	60-64	0.01492	0.07205	2.65	84301	6074	407239	1730245	20.52
2003	65-69	0.02180	0.10364	2.62	78227	8107	371857	1323005	16.91
2003	70-74	0.03272	0.15174	2.61	70119	10640	325140	951148	13.56
2003	75-79	0.05100	0.22687	2.57	59480	13494	264567	626008	10.52
2003	80-84	0.08298	0.34437	2.53	45985	15836	190853	361441	7.86
2003	85-89	0.13689	0.50642	2.43	30149	15268	111534	170588	5.66
2003	90-94	0.22276	0.68859	2.23	14881	10247	46000	59053	3.97
2003	95-99	0.33709	0.83430	1.97	4634	3866	11469	13054	2.82
2003	100-104	0.47589	0.92384	1.69	768	709	1491	1584	2.06
2003	105-109	0.62058	0.96616	1.44	58	57	91	94	1.60
2003	110+	0.73232	1.00000	1.37	2	2	3	3	1.37
2004	0	0.00859	0.00852	0.07	100000	852	99210	7499608	75.00
2004	1-4	0.00040	0.00161	1.62	99148	160	396213	7400398	74.64
2004	5-9	0.00016	0.00079	2.48	98988	79	494743	7004185	70.76
2004	10-14	0.00023	0.00116	2.89	98910	115	494306	6509442	65.81
2004	15-19	0.00096	0.00477	2.95	98795	471	493009	6015136	60.89
2004	20-24	0.00129	0.00641	2.51	98324	630	490049	5522126	56.16
2004	25-29	0.00144	0.00716	2.5	97694	700	486717	5032078	51.51
2004	30-34	0.00157	0.00782	2.61	96994	759	483157	4545360	46.86
2004	35-39	0.00212	0.01056	2.69	96235	1017	478832	4062204	42.21
2004	40-44	0.00323	0.01605	2.67	95219	1528	472531	3583371	37.63
2004	45-49	0.00476	0.02353	2.65	93690	2204	463265	3110840	33.20
2004	50-54	0.00662	0.03261	2.64	91486	2984	450393	2647574	28.94
2004	55-59	0.00966	0.04721	2.64	88503	4178	432639	2197182	24.83
2004	60-64	0.01405	0.06796	2.63	84325	5731	408026	1764543	20.93
2004	65-69	0.02089	0.09948	2.61	78594	7818	374310	1356517	17.26
2004	70-74	0.03171	0.14730	2.59	70775	10425	328756	982207	13.88
2004	75-79	0.04908	0.21945	2.59	60350	13244	269840	653451	10.83
2004	80-84	0.07879	0.33000	2.54	47106	15545	197297	383611	8.14
2004	85-89	0.12915	0.48570	2.45	31561	15329	118697	186315	5.90
2004	90-94	0.21039	0.66814	2.27	16232	10845	51547	67618	4.17
2004	95-99	0.31570	0.81292	2.02	5387	4379	13871	16071	2.98
2004	100-104	0.44788	0.91051	1.74	1008	918	2049	2201	2.18
2004	105-109	0.58949	0.95953	1.49	90	87	147	152	1.69
2004	110+	0.70171	1.00000	1.43	4	4	5	5	1.43
2005	0	0.00912	0.00904	0.07	100000	904	99162	7486022	74.86
2005	1-4	0.00038	0.00154	1.58	99096	152	396014	7386860	74.54
2005	5-9	0.00017	0.00086	2.52	98943	85	494505	6990846	70.65
2005	10-14	0.00023	0.00116	2.86	98858	115	494045	6496341	65.71
2005	15-19	0.00085	0.00423	3.03	98743	417	492894	6002296	60.79
2005	20-24	0.00129	0.00642	2.43	98326	631	490007	5509402	56.03
2005	25-29	0.00141	0.00704	2.59	97695	688	486814	5019394	51.38
2005	30-34	0.00169	0.00840	2.52	97007	815	483017	4532580	46.72
2005	35-39	0.00214	0.01067	2.67	96192	1026	478569	4049563	42.10
2005	40-44	0.00327	0.01625	2.69	95166	1546	472263	3570994	37.52
2005	45-49	0.00479	0.02370	2.63	93619	2219	462841	3098731	33.10
2005	50-54	0.00682	0.03354	2.61	91401	3066	449681	2635889	28.84
2005	55-59	0.00954	0.04664	2.61	88335	4120	431834	2186208	24.75
2005	60-64	0.01435	0.06939	2.63	84215	5843	407227	1754375	20.83
2005	65-69	0.02075	0.09890	2.63	78371	7751	373486	1347148	17.19
2005	70-74	0.03185	0.14794	2.6	70620	10448	328033	973662	13.79
2005	75-79	0.04920	0.21994	2.59	60173	13234	268973	645629	10.73
2005	80-84	0.08023	0.33495	2.54	46938	15722	195952	376656	8.02
2005	85-89	0.13270	0.49465	2.43	31216	15441	116363	180704	5.79
2005	90-94	0.21548	0.67614	2.25	15775	10666	49501	64341	4.08
2005	95-99	0.32546	0.82305	2	5109	4205	12920	14840	2.90
2005	100-104	0.46134	0.91722	1.72	904	829	1797	1920	2.12
2005	105-109	0.60507	0.96302	1.46	75	72	119	123	1.64
2005	110+	0.71753	1.00000	1.39	3	3	4	4	1.39
2006	0	0.00926	0.00919	0.07	100000	919	99149	7503871	75.04
2006	1-4	0.00040	0.00158	1.67	99081	157	395961	7404722	74.73
2006	5-9	0.00017	0.00087	2.31	98925	86	494392	7008761	70.85
2006	10-14	0.00019	0.00095	2.81	98839	93	493988	6514368	65.91
2006	15-19	0.00085	0.00425	2.93	98745	420	492857	6020380	60.97
2006	20-24	0.00142	0.00707	2.5	98325	696	489886	5527523	56.22
2006	25-29	0.00152	0.00755	2.59	97630	737	486373	5037637	51.60
2006	30-34	0.00178	0.00886	2.55	96892	858	482358	4551264	46.97
2006	35-39	0.00220	0.01096	2.66	96034	1053	477708	4068906	42.37
2006	40-44	0.00329	0.01634	2.68	94981	1552	471298	3591198	37.81
2006	45-49	0.00480	0.02371	2.63	93429	2216	461906	3119900	33.39
2006	50-54	0.00679	0.03339	2.64	91214	3046	448875	2657994	29.14
2006	55-59	0.00941	0.04606	2.66	88168	4061	431346	2209119	25.06
2006	60-64	0.01382	0.06693	2.66	84107	5630	407348	1777773	21.14
2006	65-69	0.02030	0.09678	2.6	78477	7595	374186	1370426	17.46
2006	70-74	0.03056	0.14238	2.61	70882	10092	330293	996239	14.05
2006	75-79	0.04730	0.21245	2.6	60790	12915	273009	665946	10.95
2006	80-84	0.07712	0.32430	2.55	47875	15526	201321	392937	8.21
2006	85-89	0.12843	0.48460	2.47	32349	15676	122064	191616	5.92
2006	90-94	0.20940	0.66514	2.26	16673	11090	52958	69551	4.17
2006	95-99	0.31697	0.81445	2.02	5583	4547	14345	16593	2.97
2006	100-104	0.45088	0.91213	1.74	1036	945	2096	2248	2.17
2006	105-109	0.59371	0.96054	1.48	91	87	147	152	1.67
2006	110+	0.70639	1.00000	1.42	4	4	5	5	1.42
2007	0	0.00900	0.00893	0.07	100000	893	99172	7537398	75.37
2007	1-4	0.00036	0.00145	1.58	99107	144	396080	7438225	75.05
2007	5-9	0.00016	0.00081	2.41	98963	81	494608	7042146	71.16
2007	10-14	0.00021	0.00104	2.7	98883	103	494176	6547538	66.22
2007	15-19	0.00083	0.00415	3.03	98779	409	493089	6053362	61.28
2007	20-24	0.00133	0.00662	2.59	98370	651	490278	5560273	56.52
2007	25-29	0.00144	0.00718	2.57	97719	702	486894	5069995	51.88
2007	30-34	0.00162	0.00805	2.48	97017	781	483122	4583101	47.24
2007	35-39	0.00212	0.01056	2.62	96236	1016	478768	4099978	42.60
2007	40-44	0.00320	0.01586	2.66	95220	1510	472573	3621210	38.03
2007	45-49	0.00457	0.02261	2.62	93710	2119	463503	3148637	33.60
2007	50-54	0.00668	0.03290	2.62	91591	3013	450775	2685134	29.32
2007	55-59	0.00932	0.04559	2.63	88578	4038	433335	2234360	25.22
2007	60-64	0.01355	0.06567	2.65	84540	5552	409644	1801025	21.30
2007	65-69	0.02005	0.09566	2.61	78988	7556	376847	1391381	17.62
2007	70-74	0.02982	0.13932	2.65	71432	9952	333782	1014535	14.20
2007	75-79	0.04591	0.20654	2.57	61480	12698	276584	680753	11.07
2007	80-84	0.07609	0.32092	2.56	48782	15655	205749	404169	8.29
2007	85-89	0.12600	0.47607	2.43	33127	15771	125160	198420	5.99
2007	90-94	0.20614	0.65932	2.27	17356	11443	55511	73261	4.22
2007	95-99	0.31325	0.81065	2.02	5913	4793	15302	17749	3.00
2007	100-104	0.44721	0.91038	1.74	1120	1019	2279	2448	2.19
2007	105-109	0.59093	0.95997	1.48	100	96	163	169	1.68
2007	110+	0.70465	1.00000	1.42	4	4	6	6	1.42
2008	0	0.00870	0.00863	0.07	100000	863	99200	7539270	75.39
2008	1-4	0.00036	0.00144	1.58	99137	143	396203	7440071	75.05
2008	5-9	0.00016	0.00081	2.26	98994	80	494752	7043868	71.15
2008	10-14	0.00021	0.00106	2.85	98914	105	494345	6549116	66.21
2008	15-19	0.00070	0.00349	2.82	98809	345	493291	6054771	61.28
2008	20-24	0.00119	0.00591	2.56	98464	582	490901	5561479	56.48
2008	25-29	0.00140	0.00700	2.52	97882	685	487714	5070579	51.80
2008	30-34	0.00164	0.00815	2.48	97197	792	483990	4582865	47.15
2008	35-39	0.00203	0.01010	2.62	96404	974	479702	4098875	42.52
2008	40-44	0.00305	0.01517	2.71	95430	1447	473834	3619173	37.92
2008	45-49	0.00473	0.02339	2.65	93983	2199	464739	3145339	33.47
2008	50-54	0.00678	0.03335	2.59	91785	3061	451557	2680601	29.21
2008	55-59	0.00935	0.04573	2.6	88724	4058	433863	2229043	25.12
2008	60-64	0.01357	0.06572	2.61	84666	5564	410059	1795180	21.20
2008	65-69	0.02038	0.09714	2.6	79102	7684	377099	1385121	17.51
2008	70-74	0.02998	0.13994	2.62	71418	9994	333334	1008022	14.11
2008	75-79	0.04682	0.21021	2.57	61424	12912	275771	674687	10.98
2008	80-84	0.07603	0.32051	2.55	48512	15549	204500	398917	8.22
2008	85-89	0.12925	0.48579	2.44	32963	16013	123895	194417	5.90
2008	90-94	0.20929	0.66748	2.29	16950	11314	54059	70522	4.16
2008	95-99	0.32313	0.82113	2.01	5636	4628	14323	16463	2.92
2008	100-104	0.46153	0.91755	1.72	1008	925	2004	2140	2.12
2008	105-109	0.60776	0.96369	1.46	83	80	132	136	1.64
2008	110+	0.72172	1.00000	1.39	3	3	4	4	1.39
2009	0	0.00828	0.00822	0.07	100000	822	99237	7562152	75.62
2009	1-4	0.00038	0.00152	1.66	99178	151	396359	7462915	75.25
2009	5-9	0.00015	0.00075	2.66	99027	74	494962	7066556	71.36
2009	10-14	0.00019	0.00095	2.7	98953	94	494548	6571594	66.41
2009	15-19	0.00068	0.00342	2.94	98859	338	493599	6077046	61.47
2009	20-24	0.00117	0.00581	2.52	98521	573	491183	5583447	56.67
2009	25-29	0.00135	0.00675	2.62	97948	661	488170	5092264	51.99
2009	30-34	0.00166	0.00825	2.58	97287	803	484492	4604094	47.32
2009	35-39	0.00209	0.01040	2.6	96485	1004	480011	4119602	42.70
2009	40-44	0.00310	0.01540	2.68	95481	1471	473995	3639591	38.12
2009	45-49	0.00467	0.02310	2.62	94011	2172	464880	3165596	33.67
2009	50-54	0.00689	0.03389	2.63	91839	3113	451805	2700716	29.41
2009	55-59	0.00944	0.04616	2.59	88726	4096	433761	2248911	25.35
2009	60-64	0.01357	0.06575	2.65	84630	5565	410072	1815149	21.45
2009	65-69	0.01960	0.09361	2.61	79065	7401	377654	1405077	17.77
2009	70-74	0.02980	0.13906	2.61	71664	9965	334453	1027424	14.34
2009	75-79	0.04504	0.20309	2.58	61698	12530	278201	692971	11.23
2009	80-84	0.07341	0.31147	2.57	49168	15314	208622	414770	8.44
2009	85-89	0.12314	0.46864	2.45	33854	15865	128842	206148	6.09
2009	90-94	0.20140	0.65199	2.3	17989	11729	58234	77305	4.30
2009	95-99	0.30786	0.80497	2.04	6260	5039	16369	19071	3.05
2009	100-104	0.44136	0.90740	1.76	1221	1108	2510	2702	2.21
2009	105-109	0.58515	0.95864	1.49	113	108	185	192	1.70
2009	110+	0.69929	1.00000	1.43	5	5	7	7	1.43
2010	0	0.00813	0.00807	0.07	100000	807	99250	7565465	75.65
2010	1-4	0.00035	0.00139	1.64	99193	138	396446	7466215	75.27
2010	5-9	0.00017	0.00083	2.78	99055	82	495093	7069769	71.37
2010	10-14	0.00020	0.00100	2.88	98973	99	494655	6574676	66.43
2010	15-19	0.00062	0.00311	2.92	98874	307	493732	6080021	61.49
2010	20-24	0.00112	0.00559	2.61	98567	551	491519	5586289	56.68
2010	25-29	0.00137	0.00684	2.57	98016	670	488453	5094770	51.98
2010	30-34	0.00176	0.00877	2.58	97346	854	484664	4606317	47.32
2010	35-39	0.00209	0.01041	2.65	96492	1005	480099	4121654	42.71
2010	40-44	0.00294	0.01460	2.68	95487	1394	474202	3641555	38.14
2010	45-49	0.00459	0.02272	2.62	94093	2138	465380	3167353	33.66
2010	50-54	0.00701	0.03448	2.61	91955	3171	452185	2701973	29.38
2010	55-59	0.00945	0.04620	2.61	88784	4102	434100	2249788	25.34
2010	60-64	0.01323	0.06416	2.63	84682	5433	410551	1815688	21.44
2010	65-69	0.01969	0.09404	2.63	79249	7453	378590	1405136	17.73
2010	70-74	0.02963	0.13836	2.61	71796	9934	335278	1026546	14.30
2010	75-79	0.04569	0.20561	2.57	61862	12719	278409	691269	11.17
2010	80-84	0.07361	0.31189	2.55	49143	15327	208224	412860	8.40
2010	85-89	0.12355	0.46965	2.45	33816	15882	128539	204635	6.05
2010	90-94	0.20553	0.65902	2.28	17934	11819	57504	76097	4.24
2010	95-99	0.30845	0.80574	2.04	6115	4927	15974	18592	3.04
2010	100-104	0.44320	0.90849	1.75	1188	1079	2435	2619	2.20
2010	105-109	0.58852	0.95950	1.49	109	104	177	183	1.69
2010	110+	0.70371	1.00000	1.42	4	4	6	6	1.42
2011	0	0.00772	0.00767	0.07	100000	767	99287	7572913	75.73
2011	1-4	0.00038	0.00152	1.63	99233	151	396574	7473627	75.31
2011	5-9	0.00015	0.00074	2.47	99082	73	495226	7077053	71.43
2011	10-14	0.00019	0.00095	2.85	99009	94	494843	6581827	66.48
2011	15-19	0.00061	0.00302	3.1	98915	299	494006	6086985	61.54
2011	20-24	0.00108	0.00538	2.64	98616	530	491830	5592978	56.71
2011	25-29	0.00142	0.00706	2.57	98085	692	488744	5101149	52.01
2011	30-34	0.00172	0.00857	2.56	97393	835	484925	4612405	47.36
2011	35-39	0.00219	0.01091	2.59	96558	1053	480249	4127479	42.75
2011	40-44	0.00293	0.01456	2.66	95505	1391	474273	3647230	38.19
2011	45-49	0.00473	0.02341	2.63	94114	2203	465359	3172958	33.71
2011	50-54	0.00699	0.03438	2.61	91911	3160	451989	2707599	29.46
2011	55-59	0.00955	0.04667	2.57	88751	4142	433706	2255609	25.42
2011	60-64	0.01343	0.06510	2.64	84609	5508	410035	1821904	21.53
2011	65-69	0.01933	0.09243	2.65	79101	7312	378341	1411868	17.85
2011	70-74	0.02888	0.13506	2.61	71790	9696	335772	1033528	14.40
2011	75-79	0.04529	0.20407	2.58	62094	12672	279814	697756	11.24
2011	80-84	0.07184	0.30563	2.56	49422	15105	210259	417942	8.46
2011	85-89	0.12481	0.47380	2.46	34317	16260	130273	207683	6.05
2011	90-94	0.20112	0.65064	2.29	18058	11749	58418	77410	4.29
2011	95-99	0.31183	0.80967	2.03	6309	5108	16380	18992	3.01
2011	100-104	0.44965	0.91199	1.74	1201	1095	2435	2611	2.17
2011	105-109	0.59740	0.96159	1.47	106	102	170	176	1.66
2011	110+	0.71359	1.00000	1.4	4	4	6	6	1.40
2012	0	0.00796	0.00790	0.07	100000	790	99265	7574106	75.74
2012	1-4	0.00037	0.00147	1.66	99210	146	396497	7474840	75.34
2012	5-9	0.00015	0.00076	2.47	99064	75	495128	7078343	71.45
2012	10-14	0.00017	0.00086	2.71	98988	85	494747	6583215	66.51
2012	15-19	0.00065	0.00325	2.94	98903	321	493853	6088469	61.56
2012	20-24	0.00103	0.00516	2.53	98582	508	491655	5594616	56.75
2012	25-29	0.00138	0.00686	2.56	98074	673	488726	5102961	52.03
2012	30-34	0.00168	0.00836	2.54	97401	814	484998	4614235	47.37
2012	35-39	0.00222	0.01106	2.6	96586	1068	480364	4129237	42.75
2012	40-44	0.00298	0.01482	2.64	95518	1416	474254	3648873	38.20
2012	45-49	0.00461	0.02282	2.68	94103	2148	465531	3174619	33.74
2012	50-54	0.00700	0.03444	2.63	91955	3167	452266	2709088	29.46
2012	55-59	0.00985	0.04811	2.58	88788	4271	433613	2256822	25.42
2012	60-64	0.01335	0.06467	2.6	84517	5466	409488	1823209	21.57
2012	65-69	0.01933	0.09240	2.63	79051	7305	377945	1413721	17.88
2012	70-74	0.02894	0.13529	2.6	71746	9707	335412	1035776	14.44
2012	75-79	0.04459	0.20138	2.6	62040	12493	280214	700363	11.29
2012	80-84	0.07199	0.30638	2.57	49546	15180	210863	420149	8.48
2012	85-89	0.12179	0.46552	2.47	34366	15998	131362	209286	6.09
2012	90-94	0.20453	0.65651	2.27	18368	12059	58959	77924	4.24
2012	95-99	0.31228	0.81027	2.03	6309	5112	16370	18965	3.01
2012	100-104	0.45122	0.91285	1.74	1197	1093	2422	2595	2.17
2012	105-109	0.60000	0.96220	1.47	104	100	167	173	1.66
2012	110+	0.71675	1.00000	1.4	4	4	6	6	1.40
2013	0	0.00765	0.00760	0.07	100000	760	99293	7578340	75.78
2013	1-4	0.00033	0.00133	1.65	99240	132	396652	7479047	75.36
2013	5-9	0.00016	0.00079	2.37	99109	78	495337	7082395	71.46
2013	10-14	0.00017	0.00087	2.79	99031	86	494962	6587058	66.52
2013	15-19	0.00055	0.00273	3.03	98944	270	494190	6092096	61.57
2013	20-24	0.00104	0.00520	2.57	98675	513	492127	5597906	56.73
2013	25-29	0.00135	0.00673	2.64	98161	660	489246	5105779	52.01
2013	30-34	0.00166	0.00829	2.62	97501	808	485583	4616533	47.35
2013	35-39	0.00217	0.01079	2.58	96693	1043	480935	4130950	42.72
2013	40-44	0.00291	0.01447	2.61	95649	1384	474934	3650015	38.16
2013	45-49	0.00464	0.02297	2.68	94265	2165	466297	3175081	33.68
2013	50-54	0.00697	0.03431	2.63	92100	3160	453012	2708784	29.41
2013	55-59	0.01000	0.04881	2.58	88940	4341	434189	2255772	25.36
2013	60-64	0.01367	0.06620	2.6	84599	5600	409555	1821583	21.53
2013	65-69	0.01947	0.09305	2.63	78999	7351	377539	1412028	17.87
2013	70-74	0.02916	0.13625	2.6	71648	9762	334809	1034489	14.44
2013	75-79	0.04455	0.20115	2.59	61886	12448	279448	699680	11.31
2013	80-84	0.07165	0.30505	2.57	49438	15081	210477	420232	8.50
2013	85-89	0.12201	0.46621	2.47	34357	16018	131278	209755	6.11
2013	90-94	0.20215	0.65240	2.28	18339	11964	59187	78476	4.28
2013	95-99	0.31004	0.80768	2.03	6375	5149	16607	19289	3.03
2013	100-104	0.44674	0.91043	1.75	1226	1116	2498	2682	2.19
2013	105-109	0.59330	0.96063	1.48	110	105	178	184	1.67
2013	110+	0.70882	1.00000	1.41	4	4	6	6	1.41
2014	0	0.00773	0.00768	0.07	100000	768	99286	7575036	75.75
2014	1-4	0.00030	0.00121	1.59	99232	120	396641	7475750	75.34
2014	5-9	0.00016	0.00081	2.32	99113	80	495350	7079109	71.42
2014	10-14	0.00018	0.00091	2.81	99033	90	494968	6583759	66.48
2014	15-19	0.00062	0.00311	3	98943	308	494099	6088791	61.54
2014	20-24	0.00106	0.00528	2.61	98635	521	491927	5594692	56.72
2014	25-29	0.00131	0.00653	2.59	98114	641	489025	5102764	52.01
2014	30-34	0.00176	0.00875	2.6	97473	853	485317	4613740	47.33
2014	35-39	0.00230	0.01142	2.58	96620	1103	480434	4128423	42.73
2014	40-44	0.00309	0.01536	2.64	95517	1467	474122	3647989	38.19
2014	45-49	0.00458	0.02265	2.71	94049	2131	465359	3173867	33.75
2014	50-54	0.00708	0.03484	2.65	91919	3203	452055	2708509	29.47
2014	55-59	0.01034	0.05044	2.59	88716	4475	432777	2256454	25.43
2014	60-64	0.01383	0.06692	2.58	84241	5638	407557	1823677	21.65
2014	65-69	0.01926	0.09207	2.61	78604	7237	375746	1416120	18.02
2014	70-74	0.02899	0.13554	2.6	71367	9673	333625	1040374	14.58
2014	75-79	0.04446	0.20091	2.61	61694	12395	278809	706748	11.46
2014	80-84	0.06898	0.29537	2.57	49299	14561	211086	427940	8.68
2014	85-89	0.11756	0.45370	2.49	34738	15761	134062	216854	6.24
2014	90-94	0.19717	0.64294	2.3	18977	12201	61882	82792	4.36
2014	95-99	0.30282	0.79996	2.05	6776	5420	17900	20910	3.09
2014	100-104	0.43951	0.90685	1.76	1355	1229	2797	3010	2.22
2014	105-109	0.58750	0.95941	1.49	126	121	206	213	1.69
2014	110+	0.70479	1.00000	1.42	5	5	7	7	1.42
2015	0	0.00769	0.00763	0.07	100000	763	99290	7555162	75.55
2015	1-4	0.00031	0.00124	1.65	99237	123	396657	7455872	75.13
2015	5-9	0.00015	0.00076	2.28	99113	75	495362	7059216	71.22
2015	10-14	0.00021	0.00106	2.81	99038	105	494961	6563854	66.28
2015	15-19	0.00064	0.00319	3.03	98933	315	494047	6068893	61.34
2015	20-24	0.00109	0.00542	2.54	98618	534	491776	5574845	56.53
2015	25-29	0.00147	0.00735	2.63	98084	721	488715	5083069	51.82
2015	30-34	0.00183	0.00909	2.54	97363	885	484637	4594354	47.19
2015	35-39	0.00227	0.01130	2.54	96478	1090	479712	4109717	42.60
2015	40-44	0.00315	0.01563	2.65	95388	1491	473442	3630004	38.06
2015	45-49	0.00458	0.02264	2.65	93897	2126	464486	3156562	33.62
2015	50-54	0.00727	0.03572	2.65	91771	3278	451144	2692076	29.33
2015	55-59	0.01039	0.05069	2.63	88494	4486	431818	2240932	25.32
2015	60-64	0.01422	0.06880	2.63	84008	5780	406314	1809114	21.54
2015	65-69	0.01922	0.09184	2.59	78228	7184	373804	1402800	17.93
2015	70-74	0.02934	0.13712	2.62	71044	9741	332020	1028995	14.48
2015	75-79	0.04480	0.20220	2.59	61302	12396	276698	696975	11.37
2015	80-84	0.07022	0.29968	2.56	48907	14656	208703	420278	8.59
2015	85-89	0.11982	0.45893	2.45	34251	15719	131180	211574	6.18
2015	90-94	0.19800	0.64368	2.28	18532	11929	60247	80394	4.34
2015	95-99	0.30694	0.80444	2.04	6603	5312	17306	20148	3.05
2015	100-104	0.44399	0.90913	1.75	1291	1174	2644	2841	2.20
2015	105-109	0.59157	0.96030	1.48	117	113	190	197	1.68
2015	110+	0.70811	1.00000	1.41	5	5	7	7	1.41
2016	0	0.00786	0.00780	0.07	100000	780	99275	7539664	75.40
2016	1-4	0.00032	0.00128	1.57	99220	127	396572	7440389	74.99
2016	5-9	0.00017	0.00083	2.44	99093	82	495254	7043818	71.08
2016	10-14	0.00020	0.00099	2.85	99011	98	494842	6548564	66.14
2016	15-19	0.00071	0.00355	3.02	98913	351	493866	6053722	61.20
2016	20-24	0.00124	0.00618	2.6	98561	610	491345	5559856	56.41
2016	25-29	0.00155	0.00772	2.66	97952	756	487992	5068511	51.75
2016	30-34	0.00197	0.00981	2.61	97195	954	483697	4580518	47.13
2016	35-39	0.00258	0.01283	2.58	96242	1234	478217	4096821	42.57
2016	40-44	0.00329	0.01634	2.65	95007	1552	471383	3618604	38.09
2016	45-49	0.00464	0.02297	2.64	93455	2146	462221	3147221	33.68
2016	50-54	0.00721	0.03544	2.64	91309	3236	448917	2685000	29.41
2016	55-59	0.01043	0.05088	2.6	88073	4481	429609	2236083	25.39
2016	60-64	0.01418	0.06857	2.6	83592	5732	404232	1806473	21.61
2016	65-69	0.01975	0.09432	2.62	77861	7344	371860	1402241	18.01
2016	70-74	0.02912	0.13618	2.63	70517	9603	329806	1030381	14.61
2016	75-79	0.04394	0.19863	2.58	60914	12099	275342	700575	11.50
2016	80-84	0.06906	0.29534	2.55	48814	14417	208769	425233	8.71
2016	85-89	0.11648	0.45044	2.48	34398	15494	133016	216465	6.29
2016	90-94	0.19426	0.63732	2.3	18904	12048	62017	83449	4.41
2016	95-99	0.29840	0.79478	2.06	6856	5449	18261	21432	3.13
2016	100-104	0.43268	0.90304	1.77	1407	1271	2937	3170	2.25
2016	105-109	0.57897	0.95733	1.5	136	131	226	234	1.71
2016	110+	0.69568	1.00000	1.44	6	6	8	8	1.44
2017	0	0.00740	0.00735	0.07	100000	735	99316	7541735	75.42
2017	1-4	0.00035	0.00140	1.61	99265	139	396728	7442419	74.98
2017	5-9	0.00015	0.00074	2.6	99126	73	495453	7045692	71.08
2017	10-14	0.00021	0.00106	2.79	99052	105	495029	6550239	66.13
2017	15-19	0.00068	0.00340	2.92	98947	336	494037	6055210	61.20
2017	20-24	0.00119	0.00593	2.52	98611	585	491605	5561172	56.40
2017	25-29	0.00156	0.00779	2.61	98026	764	488305	5069567	51.72
2017	30-34	0.00207	0.01032	2.63	97262	1004	483929	4581263	47.10
2017	35-39	0.00263	0.01309	2.59	96259	1260	478261	4097333	42.57
2017	40-44	0.00328	0.01629	2.63	94998	1547	471319	3619073	38.10
2017	45-49	0.00463	0.02290	2.63	93451	2140	462196	3147754	33.68
2017	50-54	0.00689	0.03388	2.65	91312	3094	449288	2685558	29.41
2017	55-59	0.01075	0.05238	2.61	88218	4621	430040	2236269	25.35
2017	60-64	0.01423	0.06879	2.57	83596	5751	404031	1806229	21.61
2017	65-69	0.01948	0.09301	2.58	77845	7240	371728	1402198	18.01
2017	70-74	0.02923	0.13666	2.62	70605	9649	330086	1030470	14.59
2017	75-79	0.04442	0.20076	2.61	60956	12237	275481	700385	11.49
2017	80-84	0.06902	0.29482	2.53	48719	14363	208114	424903	8.72
2017	85-89	0.11559	0.44786	2.49	34356	15387	133114	216789	6.31
2017	90-94	0.19486	0.63961	2.31	18969	12133	62265	83676	4.41
2017	95-99	0.29772	0.79402	2.06	6836	5428	18232	21410	3.13
2017	100-104	0.43194	0.90263	1.78	1408	1271	2943	3178	2.26
2017	105-109	0.57822	0.95715	1.51	137	131	227	235	1.72
2017	110+	0.69497	1.00000	1.44	6	6	8	8	1.44
2018	0	0.00692	0.00687	0.07	100000	687	99359	7551819	75.52
2018	1-4	0.00036	0.00142	1.64	99313	141	396917	7452459	75.04
2018	5-9	0.00016	0.00080	2.66	99171	79	495671	7055542	71.15
2018	10-14	0.00017	0.00086	2.89	99092	85	495281	6559871	66.20
2018	15-19	0.00072	0.00360	3.07	99007	357	494347	6064590	61.25
2018	20-24	0.00116	0.00579	2.62	98650	571	491893	5570243	56.46
2018	25-29	0.00156	0.00775	2.63	98080	760	488594	5078350	51.78
2018	30-34	0.00205	0.01018	2.59	97319	991	484206	4589756	47.16
2018	35-39	0.00258	0.01282	2.61	96329	1235	478697	4105550	42.62
2018	40-44	0.00325	0.01614	2.6	95093	1535	471778	3626853	38.14
2018	45-49	0.00472	0.02336	2.6	93559	2185	462540	3155075	33.72
2018	50-54	0.00688	0.03387	2.65	91373	3094	449600	2692534	29.47
2018	55-59	0.01036	0.05057	2.63	88279	4464	430836	2242935	25.41
2018	60-64	0.01461	0.07059	2.62	83815	5917	404973	1812099	21.62
2018	65-69	0.01976	0.09431	2.59	77898	7347	371816	1407126	18.06
2018	70-74	0.02861	0.13388	2.6	70551	9445	330096	1035310	14.67
2018	75-79	0.04420	0.19951	2.56	61106	12191	275815	705214	11.54
2018	80-84	0.06931	0.29588	2.53	48915	14473	208827	429399	8.78
2018	85-89	0.11273	0.43949	2.49	34442	15137	134272	220573	6.40
2018	90-94	0.19200	0.63313	2.31	19305	12222	63660	86300	4.47
2018	95-99	0.29081	0.78567	2.07	7082	5564	19134	22641	3.20
2018	100-104	0.42124	0.89635	1.8	1518	1361	3230	3507	2.31
2018	105-109	0.56474	0.95363	1.53	157	150	266	276	1.76
2018	110+	0.68043	1.00000	1.47	7	7	11	11	1.47
2019	0	0.00705	0.00701	0.07	100000	701	99347	7561881	75.62
2019	1-4	0.00034	0.00136	1.52	99299	135	396864	7462534	75.15
2019	5-9	0.00018	0.00090	2.42	99165	89	495594	7065671	71.25
2019	10-14	0.00021	0.00102	2.75	99076	102	495150	6570077	66.31
2019	15-19	0.00068	0.00341	3.01	98974	337	494201	6074927	61.38
2019	20-24	0.00119	0.00592	2.55	98637	584	491758	5580726	56.58
2019	25-29	0.00148	0.00736	2.61	98054	721	488547	5088967	51.90
2019	30-34	0.00207	0.01030	2.61	97332	1003	484268	4600420	47.27
2019	35-39	0.00260	0.01292	2.64	96329	1244	478710	4116152	42.73
2019	40-44	0.00334	0.01658	2.56	95085	1577	471571	3637442	38.25
2019	45-49	0.00469	0.02317	2.64	93508	2167	462421	3165871	33.86
2019	50-54	0.00675	0.03321	2.67	91341	3034	449636	2703450	29.60
2019	55-59	0.01028	0.05016	2.61	88307	4429	430967	2253815	25.52
2019	60-64	0.01465	0.07075	2.6	83878	5934	405142	1822847	21.73
2019	65-69	0.01971	0.09406	2.58	77944	7332	371990	1417705	18.19
2019	70-74	0.02812	0.13170	2.6	70612	9300	330722	1045715	14.81
2019	75-79	0.04358	0.19725	2.6	61312	12094	277534	714993	11.66
2019	80-84	0.06895	0.29498	2.55	49218	14519	210553	437459	8.89
2019	85-89	0.10961	0.43025	2.5	34700	14930	136207	226905	6.54
2019	90-94	0.18589	0.62042	2.32	19770	12266	65983	90698	4.59
2019	95-99	0.28079	0.77326	2.1	7504	5803	20666	24715	3.29
2019	100-104	0.40780	0.88810	1.82	1702	1511	3706	4049	2.38
2019	105-109	0.54970	0.94949	1.55	190	181	329	343	1.80
2019	110+	0.66552	1.00000	1.5	10	10	14	14	1.50
