Div6: East South Central, Lifetables (period 1x10), Males Last modified: 20 Dec 2020, MPv5 (May07) 

Year     	Age	mx	qx	ax	lx	dx	Lx	Tx	ex
1960-1969	0	0.03389	0.03293	0.14	100000	3293	97155	6543596	65.44
1960-1969	1	0.00218	0.00217	0.5	96707	210	96602	6446441	66.66
1960-1969	2	0.00129	0.00129	0.5	96497	124	96435	6349839	65.80
1960-1969	3	0.00096	0.00096	0.5	96373	93	96326	6253404	64.89
1960-1969	4	0.00078	0.00078	0.5	96280	75	96242	6157078	63.95
1960-1969	5	0.00068	0.00068	0.5	96205	66	96172	6060835	63.00
1960-1969	6	0.00065	0.00065	0.5	96139	62	96108	5964663	62.04
1960-1969	7	0.00058	0.00058	0.5	96077	56	96049	5868555	61.08
1960-1969	8	0.00057	0.00057	0.5	96021	55	95994	5772506	60.12
1960-1969	9	0.00051	0.00051	0.5	95966	49	95942	5676512	59.15
1960-1969	10	0.00051	0.00051	0.5	95917	49	95893	5580571	58.18
1960-1969	11	0.00053	0.00053	0.5	95868	50	95843	5484678	57.21
1960-1969	12	0.00058	0.00058	0.5	95818	56	95790	5388835	56.24
1960-1969	13	0.00071	0.00071	0.5	95762	68	95728	5293045	55.27
1960-1969	14	0.00088	0.00088	0.5	95694	84	95652	5197317	54.31
1960-1969	15	0.00106	0.00106	0.5	95610	101	95560	5101665	53.36
1960-1969	16	0.00151	0.00151	0.5	95509	144	95437	5006105	52.42
1960-1969	17	0.00177	0.00177	0.5	95365	169	95280	4910669	51.49
1960-1969	18	0.00204	0.00203	0.5	95196	194	95099	4815388	50.58
1960-1969	19	0.00209	0.00209	0.5	95002	199	94903	4720289	49.69
1960-1969	20	0.00207	0.00207	0.5	94804	196	94706	4625386	48.79
1960-1969	21	0.00224	0.00224	0.5	94608	212	94502	4530680	47.89
1960-1969	22	0.00234	0.00234	0.5	94396	220	94286	4436178	47.00
1960-1969	23	0.00224	0.00224	0.5	94176	211	94070	4341892	46.10
1960-1969	24	0.00221	0.00221	0.5	93965	208	93861	4247822	45.21
1960-1969	25	0.00227	0.00227	0.5	93757	213	93651	4153961	44.31
1960-1969	26	0.00228	0.00228	0.5	93544	213	93438	4060310	43.41
1960-1969	27	0.00225	0.00225	0.5	93331	210	93227	3966872	42.50
1960-1969	28	0.00248	0.00247	0.5	93122	230	93006	3873646	41.60
1960-1969	29	0.00238	0.00238	0.5	92891	221	92781	3780639	40.70
1960-1969	30	0.00239	0.00239	0.5	92670	221	92559	3687859	39.80
1960-1969	31	0.00250	0.00250	0.5	92449	231	92333	3595299	38.89
1960-1969	32	0.00264	0.00264	0.5	92218	243	92096	3502966	37.99
1960-1969	33	0.00287	0.00287	0.5	91975	264	91843	3410870	37.08
1960-1969	34	0.00313	0.00313	0.5	91711	287	91567	3319027	36.19
1960-1969	35	0.00331	0.00330	0.5	91424	302	91273	3227460	35.30
1960-1969	36	0.00336	0.00336	0.5	91122	306	90969	3136187	34.42
1960-1969	37	0.00369	0.00369	0.5	90816	335	90649	3045218	33.53
1960-1969	38	0.00406	0.00406	0.5	90481	367	90298	2954570	32.65
1960-1969	39	0.00437	0.00436	0.5	90114	393	89918	2864272	31.78
1960-1969	40	0.00479	0.00478	0.5	89721	429	89507	2774354	30.92
1960-1969	41	0.00509	0.00508	0.5	89292	453	89065	2684848	30.07
1960-1969	42	0.00573	0.00571	0.5	88839	507	88585	2595782	29.22
1960-1969	43	0.00629	0.00627	0.5	88332	554	88055	2507197	28.38
1960-1969	44	0.00674	0.00672	0.5	87778	590	87483	2419142	27.56
1960-1969	45	0.00734	0.00731	0.5	87188	637	86870	2331659	26.74
1960-1969	46	0.00778	0.00774	0.5	86551	670	86216	2244789	25.94
1960-1969	47	0.00871	0.00867	0.5	85881	745	85508	2158574	25.13
1960-1969	48	0.00929	0.00925	0.5	85136	787	84742	2073066	24.35
1960-1969	49	0.01020	0.01015	0.5	84348	856	83920	1988324	23.57
1960-1969	50	0.01114	0.01108	0.5	83492	925	83030	1904403	22.81
1960-1969	51	0.01217	0.01209	0.5	82567	998	82068	1821374	22.06
1960-1969	52	0.01383	0.01374	0.5	81569	1121	81008	1739306	21.32
1960-1969	53	0.01442	0.01431	0.5	80448	1152	79872	1658297	20.61
1960-1969	54	0.01547	0.01535	0.5	79296	1217	78688	1578425	19.91
1960-1969	55	0.01700	0.01686	0.5	78079	1316	77421	1499737	19.21
1960-1969	56	0.01789	0.01773	0.5	76763	1361	76083	1422316	18.53
1960-1969	57	0.01895	0.01877	0.5	75402	1415	74695	1346233	17.85
1960-1969	58	0.02103	0.02081	0.5	73987	1540	73217	1271538	17.19
1960-1969	59	0.02294	0.02268	0.5	72447	1643	71626	1198321	16.54
1960-1969	60	0.02380	0.02352	0.5	70804	1665	69971	1126696	15.91
1960-1969	61	0.02490	0.02460	0.5	69139	1701	68289	1056724	15.28
1960-1969	62	0.02925	0.02883	0.5	67438	1944	66466	988435	14.66
1960-1969	63	0.03051	0.03006	0.5	65494	1968	64510	921969	14.08
1960-1969	64	0.03321	0.03267	0.5	63526	2075	62488	857459	13.50
1960-1969	65	0.03781	0.03710	0.5	61451	2280	60311	794971	12.94
1960-1969	66	0.03800	0.03729	0.5	59170	2206	58067	734661	12.42
1960-1969	67	0.04250	0.04162	0.5	56964	2371	55779	676594	11.88
1960-1969	68	0.04510	0.04410	0.5	54593	2408	53389	620815	11.37
1960-1969	69	0.04692	0.04584	0.5	52186	2392	50989	567426	10.87
1960-1969	70	0.05175	0.05045	0.5	49793	2512	48537	516436	10.37
1960-1969	71	0.05280	0.05145	0.5	47281	2432	46065	467899	9.90
1960-1969	72	0.06204	0.06017	0.5	44849	2699	43500	421834	9.41
1960-1969	73	0.06524	0.06318	0.5	42150	2663	40819	378334	8.98
1960-1969	74	0.07031	0.06792	0.5	39487	2682	38146	337516	8.55
1960-1969	75	0.07634	0.07353	0.5	36805	2706	35452	299369	8.13
1960-1969	76	0.07905	0.07604	0.5	34099	2593	32802	263917	7.74
1960-1969	77	0.08263	0.07935	0.5	31506	2500	30256	231115	7.34
1960-1969	78	0.09209	0.08804	0.5	29006	2554	27729	200859	6.92
1960-1969	79	0.09854	0.09392	0.5	26452	2484	25210	173129	6.54
1960-1969	80	0.11103	0.10519	0.5	23968	2521	22707	147919	6.17
1960-1969	81	0.11337	0.10729	0.5	21447	2301	20296	125212	5.84
1960-1969	82	0.12865	0.12087	0.5	19146	2314	17989	104915	5.48
1960-1969	83	0.14363	0.13401	0.5	16832	2256	15704	86927	5.16
1960-1969	84	0.15795	0.14639	0.5	14576	2134	13509	71223	4.89
1960-1969	85	0.17018	0.15684	0.5	12442	1951	11467	57714	4.64
1960-1969	86	0.18281	0.16750	0.5	10491	1757	9612	46247	4.41
1960-1969	87	0.19647	0.17890	0.5	8734	1562	7952	36635	4.19
1960-1969	88	0.20846	0.18878	0.5	7171	1354	6494	28683	4.00
1960-1969	89	0.22282	0.20048	0.5	5817	1166	5234	22188	3.81
1960-1969	90	0.24388	0.21737	0.5	4651	1011	4146	16954	3.65
1960-1969	91	0.23949	0.21388	0.5	3640	779	3251	12809	3.52
1960-1969	92	0.25252	0.22421	0.5	2862	642	2541	9558	3.34
1960-1969	93	0.27613	0.24263	0.5	2220	539	1951	7017	3.16
1960-1969	94	0.29106	0.25409	0.5	1681	427	1468	5066	3.01
1960-1969	95	0.30937	0.26792	0.5	1254	336	1086	3599	2.87
1960-1969	96	0.32743	0.28137	0.5	918	258	789	2512	2.74
1960-1969	97	0.34602	0.29499	0.5	660	195	562	1723	2.61
1960-1969	98	0.36510	0.30874	0.5	465	144	393	1161	2.50
1960-1969	99	0.38461	0.32257	0.5	322	104	270	768	2.39
1960-1969	100	0.40449	0.33645	0.5	218	73	181	498	2.29
1960-1969	101	0.42470	0.35031	0.5	145	51	119	317	2.19
1960-1969	102	0.44516	0.36411	0.5	94	34	77	198	2.10
1960-1969	103	0.46581	0.37781	0.5	60	23	48	121	2.02
1960-1969	104	0.48657	0.39136	0.5	37	15	30	72	1.95
1960-1969	105	0.50738	0.40471	0.5	23	9	18	42	1.88
1960-1969	106	0.52817	0.41783	0.5	13	6	11	24	1.81
1960-1969	107	0.54886	0.43067	0.5	8	3	6	14	1.76
1960-1969	108	0.56938	0.44321	0.5	4	2	3	8	1.71
1960-1969	109	0.58967	0.45540	0.5	2	1	2	4	1.67
1960-1969	110+	0.60965	1.00000	1.64	1	1	2	2	1.64
1970-1979	0	0.02185	0.02143	0.1	100000	2143	98079	6682761	66.83
1970-1979	1	0.00144	0.00144	0.5	97857	141	97786	6584682	67.29
1970-1979	2	0.00090	0.00090	0.5	97716	88	97672	6486896	66.39
1970-1979	3	0.00074	0.00074	0.5	97628	73	97592	6389224	65.44
1970-1979	4	0.00059	0.00059	0.5	97555	58	97526	6291632	64.49
1970-1979	5	0.00058	0.00058	0.5	97497	57	97469	6194106	63.53
1970-1979	6	0.00053	0.00053	0.5	97441	52	97415	6096637	62.57
1970-1979	7	0.00050	0.00050	0.5	97389	49	97365	5999222	61.60
1970-1979	8	0.00046	0.00046	0.5	97340	44	97318	5901858	60.63
1970-1979	9	0.00043	0.00043	0.5	97296	42	97275	5804540	59.66
1970-1979	10	0.00048	0.00048	0.5	97254	47	97230	5707265	58.68
1970-1979	11	0.00047	0.00047	0.5	97207	46	97184	5610034	57.71
1970-1979	12	0.00049	0.00049	0.5	97162	48	97138	5512850	56.74
1970-1979	13	0.00067	0.00067	0.5	97114	65	97081	5415712	55.77
1970-1979	14	0.00081	0.00081	0.5	97048	79	97009	5318632	54.80
1970-1979	15	0.00109	0.00108	0.5	96969	105	96917	5221623	53.85
1970-1979	16	0.00145	0.00145	0.5	96864	141	96794	5124706	52.91
1970-1979	17	0.00178	0.00178	0.5	96724	172	96637	5027912	51.98
1970-1979	18	0.00211	0.00211	0.5	96551	203	96449	4931275	51.07
1970-1979	19	0.00212	0.00212	0.5	96348	204	96246	4834825	50.18
1970-1979	20	0.00216	0.00216	0.5	96143	208	96040	4738580	49.29
1970-1979	21	0.00226	0.00226	0.5	95936	217	95827	4642540	48.39
1970-1979	22	0.00240	0.00240	0.5	95719	229	95604	4546713	47.50
1970-1979	23	0.00234	0.00234	0.5	95489	224	95378	4451109	46.61
1970-1979	24	0.00228	0.00228	0.5	95266	217	95157	4355732	45.72
1970-1979	25	0.00238	0.00238	0.5	95049	226	94935	4260574	44.83
1970-1979	26	0.00230	0.00230	0.5	94822	218	94713	4165639	43.93
1970-1979	27	0.00230	0.00230	0.5	94604	218	94495	4070926	43.03
1970-1979	28	0.00233	0.00233	0.5	94387	220	94277	3976430	42.13
1970-1979	29	0.00234	0.00234	0.5	94167	221	94057	3882154	41.23
1970-1979	30	0.00229	0.00229	0.5	93946	215	93839	3788097	40.32
1970-1979	31	0.00238	0.00237	0.5	93732	222	93620	3694258	39.41
1970-1979	32	0.00255	0.00254	0.5	93509	238	93390	3600637	38.51
1970-1979	33	0.00254	0.00254	0.5	93271	237	93153	3507247	37.60
1970-1979	34	0.00285	0.00285	0.5	93034	265	92902	3414094	36.70
1970-1979	35	0.00293	0.00293	0.5	92769	272	92633	3321192	35.80
1970-1979	36	0.00319	0.00318	0.5	92498	294	92351	3228559	34.90
1970-1979	37	0.00354	0.00353	0.5	92203	325	92041	3136208	34.01
1970-1979	38	0.00374	0.00374	0.5	91878	343	91706	3044168	33.13
1970-1979	39	0.00419	0.00418	0.5	91535	383	91343	2952461	32.26
1970-1979	40	0.00435	0.00434	0.5	91152	396	90954	2861118	31.39
1970-1979	41	0.00481	0.00480	0.5	90756	435	90538	2770164	30.52
1970-1979	42	0.00534	0.00533	0.5	90320	481	90080	2679626	29.67
1970-1979	43	0.00569	0.00568	0.5	89839	510	89584	2589546	28.82
1970-1979	44	0.00634	0.00632	0.5	89329	565	89047	2499962	27.99
1970-1979	45	0.00687	0.00685	0.5	88765	608	88461	2410915	27.16
1970-1979	46	0.00742	0.00739	0.5	88157	651	87831	2322454	26.34
1970-1979	47	0.00820	0.00817	0.5	87505	715	87148	2234623	25.54
1970-1979	48	0.00880	0.00876	0.5	86790	761	86410	2147475	24.74
1970-1979	49	0.00974	0.00970	0.5	86030	834	85613	2061065	23.96
1970-1979	50	0.01053	0.01047	0.5	85196	892	84750	1975452	23.19
1970-1979	51	0.01134	0.01127	0.5	84304	950	83828	1890703	22.43
1970-1979	52	0.01286	0.01278	0.5	83353	1065	82821	1806874	21.68
1970-1979	53	0.01386	0.01376	0.5	82288	1133	81722	1724054	20.95
1970-1979	54	0.01491	0.01480	0.5	81156	1201	80555	1642332	20.24
1970-1979	55	0.01595	0.01582	0.5	79954	1265	79322	1561777	19.53
1970-1979	56	0.01743	0.01728	0.5	78690	1360	78010	1482455	18.84
1970-1979	57	0.01881	0.01863	0.5	77330	1441	76610	1404445	18.16
1970-1979	58	0.02019	0.01999	0.5	75889	1517	75131	1327836	17.50
1970-1979	59	0.02204	0.02180	0.5	74373	1621	73562	1252705	16.84
1970-1979	60	0.02371	0.02343	0.5	72751	1704	71899	1179143	16.21
1970-1979	61	0.02556	0.02523	0.5	71047	1793	70150	1107244	15.58
1970-1979	62	0.02905	0.02863	0.5	69254	1983	68263	1037093	14.98
1970-1979	63	0.02992	0.02947	0.5	67271	1983	66280	968831	14.40
1970-1979	64	0.03271	0.03218	0.5	65288	2101	64238	902551	13.82
1970-1979	65	0.03492	0.03432	0.5	63187	2169	62103	838313	13.27
1970-1979	66	0.03665	0.03599	0.5	61019	2196	59920	776211	12.72
1970-1979	67	0.03900	0.03826	0.5	58822	2250	57697	716290	12.18
1970-1979	68	0.04237	0.04149	0.5	56572	2347	55398	658593	11.64
1970-1979	69	0.04532	0.04432	0.5	54225	2403	53023	603195	11.12
1970-1979	70	0.04945	0.04825	0.5	51822	2501	50571	550172	10.62
1970-1979	71	0.05187	0.05056	0.5	49321	2494	48074	499600	10.13
1970-1979	72	0.05880	0.05712	0.5	46828	2675	45490	451526	9.64
1970-1979	73	0.06191	0.06005	0.5	44153	2651	42827	406036	9.20
1970-1979	74	0.06772	0.06551	0.5	41502	2719	40142	363208	8.75
1970-1979	75	0.07101	0.06858	0.5	38783	2660	37453	323066	8.33
1970-1979	76	0.07698	0.07413	0.5	36123	2678	34784	285613	7.91
1970-1979	77	0.08323	0.07990	0.5	33445	2672	32109	250829	7.50
1970-1979	78	0.09071	0.08677	0.5	30773	2670	29438	218719	7.11
1970-1979	79	0.09586	0.09148	0.5	28103	2571	26818	189281	6.74
1970-1979	80	0.10872	0.10311	0.5	25532	2633	24216	162464	6.36
1970-1979	81	0.11234	0.10636	0.5	22899	2436	21682	138248	6.04
1970-1979	82	0.12365	0.11645	0.5	20464	2383	19272	116566	5.70
1970-1979	83	0.13674	0.12799	0.5	18081	2314	16924	97294	5.38
1970-1979	84	0.15149	0.14082	0.5	15767	2220	14657	80370	5.10
1970-1979	85	0.15911	0.14738	0.5	13546	1996	12548	65714	4.85
1970-1979	86	0.17219	0.15854	0.5	11550	1831	10634	53166	4.60
1970-1979	87	0.18365	0.16821	0.5	9719	1635	8901	42531	4.38
1970-1979	88	0.19556	0.17814	0.5	8084	1440	7364	33630	4.16
1970-1979	89	0.21238	0.19199	0.5	6644	1276	6006	26266	3.95
1970-1979	90	0.22508	0.20231	0.5	5368	1086	4825	20260	3.77
1970-1979	91	0.23500	0.21029	0.5	4282	901	3832	15435	3.60
1970-1979	92	0.24352	0.21709	0.5	3382	734	3015	11603	3.43
1970-1979	93	0.27507	0.24181	0.5	2648	640	2327	8588	3.24
1970-1979	94	0.27983	0.24548	0.5	2007	493	1761	6260	3.12
1970-1979	95	0.29714	0.25870	0.5	1515	392	1319	4499	2.97
1970-1979	96	0.31460	0.27184	0.5	1123	305	970	3181	2.83
1970-1979	97	0.33259	0.28517	0.5	818	233	701	2210	2.70
1970-1979	98	0.35109	0.29866	0.5	584	175	497	1509	2.58
1970-1979	99	0.37005	0.31227	0.5	410	128	346	1012	2.47
1970-1979	100	0.38941	0.32595	0.5	282	92	236	666	2.36
1970-1979	101	0.40913	0.33965	0.5	190	65	158	431	2.27
1970-1979	102	0.42915	0.35333	0.5	125	44	103	273	2.17
1970-1979	103	0.44940	0.36695	0.5	81	30	66	169	2.09
1970-1979	104	0.46982	0.38045	0.5	51	20	42	103	2.01
1970-1979	105	0.49035	0.39380	0.5	32	13	26	62	1.94
1970-1979	106	0.51090	0.40695	0.5	19	8	15	36	1.87
1970-1979	107	0.53142	0.41986	0.5	11	5	9	21	1.81
1970-1979	108	0.55183	0.43250	0.5	7	3	5	12	1.76
1970-1979	109	0.57207	0.44483	0.5	4	2	3	6	1.72
1970-1979	110+	0.59208	1.00000	1.69	2	2	4	4	1.69
1980-1989	0	0.01407	0.01389	0.08	100000	1389	98726	6942314	69.42
1980-1989	1	0.00100	0.00100	0.5	98611	99	98561	6843589	69.40
1980-1989	2	0.00069	0.00068	0.5	98512	67	98478	6745027	68.47
1980-1989	3	0.00052	0.00052	0.5	98444	52	98419	6646549	67.52
1980-1989	4	0.00044	0.00044	0.5	98393	43	98371	6548130	66.55
1980-1989	5	0.00036	0.00036	0.5	98349	36	98332	6449759	65.58
1980-1989	6	0.00035	0.00035	0.5	98314	34	98297	6351428	64.60
1980-1989	7	0.00033	0.00033	0.5	98280	32	98264	6253131	63.63
1980-1989	8	0.00034	0.00034	0.5	98248	33	98231	6154867	62.65
1980-1989	9	0.00030	0.00030	0.5	98214	30	98199	6056636	61.67
1980-1989	10	0.00032	0.00032	0.5	98184	32	98168	5958437	60.69
1980-1989	11	0.00032	0.00032	0.5	98153	32	98137	5860269	59.71
1980-1989	12	0.00040	0.00040	0.5	98121	40	98101	5762132	58.72
1980-1989	13	0.00048	0.00048	0.5	98081	47	98058	5664031	57.75
1980-1989	14	0.00062	0.00062	0.5	98034	61	98004	5565973	56.78
1980-1989	15	0.00077	0.00077	0.5	97973	76	97935	5467970	55.81
1980-1989	16	0.00114	0.00114	0.5	97898	112	97842	5370034	54.85
1980-1989	17	0.00139	0.00139	0.5	97786	136	97718	5272192	53.92
1980-1989	18	0.00172	0.00171	0.5	97650	167	97567	5174474	52.99
1980-1989	19	0.00174	0.00174	0.5	97483	170	97398	5076908	52.08
1980-1989	20	0.00186	0.00185	0.5	97313	180	97223	4979510	51.17
1980-1989	21	0.00187	0.00187	0.5	97133	181	97042	4882287	50.26
1980-1989	22	0.00189	0.00189	0.5	96951	183	96860	4785245	49.36
1980-1989	23	0.00197	0.00197	0.5	96768	191	96673	4688385	48.45
1980-1989	24	0.00197	0.00197	0.5	96578	190	96483	4591712	47.54
1980-1989	25	0.00192	0.00192	0.5	96387	185	96295	4495230	46.64
1980-1989	26	0.00188	0.00188	0.5	96203	181	96113	4398934	45.73
1980-1989	27	0.00194	0.00193	0.5	96022	186	95929	4302822	44.81
1980-1989	28	0.00210	0.00210	0.5	95837	201	95736	4206892	43.90
1980-1989	29	0.00195	0.00195	0.5	95636	187	95542	4111156	42.99
1980-1989	30	0.00206	0.00206	0.5	95449	197	95351	4015614	42.07
1980-1989	31	0.00216	0.00216	0.5	95253	205	95150	3920263	41.16
1980-1989	32	0.00226	0.00226	0.5	95047	215	94940	3825113	40.24
1980-1989	33	0.00224	0.00224	0.5	94832	212	94726	3730174	39.33
1980-1989	34	0.00227	0.00227	0.5	94620	215	94513	3635447	38.42
1980-1989	35	0.00234	0.00234	0.5	94405	221	94295	3540935	37.51
1980-1989	36	0.00251	0.00251	0.5	94185	236	94067	3446640	36.59
1980-1989	37	0.00268	0.00267	0.5	93949	251	93823	3352573	35.69
1980-1989	38	0.00312	0.00312	0.5	93697	292	93551	3258750	34.78
1980-1989	39	0.00295	0.00295	0.5	93405	275	93268	3165199	33.89
1980-1989	40	0.00317	0.00317	0.5	93130	295	92982	3071931	32.99
1980-1989	41	0.00363	0.00362	0.5	92835	336	92667	2978949	32.09
1980-1989	42	0.00395	0.00394	0.5	92499	364	92317	2886282	31.20
1980-1989	43	0.00438	0.00437	0.5	92135	402	91934	2793965	30.32
1980-1989	44	0.00462	0.00461	0.5	91732	423	91521	2702031	29.46
1980-1989	45	0.00498	0.00497	0.5	91310	453	91083	2610510	28.59
1980-1989	46	0.00577	0.00575	0.5	90856	523	90595	2519427	27.73
1980-1989	47	0.00602	0.00600	0.5	90333	542	90063	2428832	26.89
1980-1989	48	0.00709	0.00706	0.5	89792	634	89475	2338770	26.05
1980-1989	49	0.00738	0.00735	0.5	89157	656	88830	2249295	25.23
1980-1989	50	0.00827	0.00823	0.5	88502	729	88137	2160465	24.41
1980-1989	51	0.00918	0.00914	0.5	87773	802	87372	2072328	23.61
1980-1989	52	0.01024	0.01019	0.5	86971	886	86528	1984956	22.82
1980-1989	53	0.01125	0.01119	0.5	86085	963	85604	1898428	22.05
1980-1989	54	0.01201	0.01193	0.5	85122	1016	84614	1812824	21.30
1980-1989	55	0.01339	0.01330	0.5	84106	1119	83547	1728210	20.55
1980-1989	56	0.01434	0.01424	0.5	82987	1182	82396	1644664	19.82
1980-1989	57	0.01561	0.01549	0.5	81805	1267	81172	1562267	19.10
1980-1989	58	0.01791	0.01775	0.5	80538	1429	79824	1481095	18.39
1980-1989	59	0.01870	0.01853	0.5	79109	1465	78376	1401272	17.71
1980-1989	60	0.02045	0.02024	0.5	77644	1572	76858	1322895	17.04
1980-1989	61	0.02205	0.02181	0.5	76072	1659	75242	1246038	16.38
1980-1989	62	0.02467	0.02437	0.5	74413	1814	73506	1170795	15.73
1980-1989	63	0.02625	0.02591	0.5	72599	1881	71658	1097290	15.11
1980-1989	64	0.02769	0.02731	0.5	70718	1931	69752	1025631	14.50
1980-1989	65	0.03041	0.02995	0.5	68787	2060	67756	955879	13.90
1980-1989	66	0.03317	0.03263	0.5	66726	2177	65637	888123	13.31
1980-1989	67	0.03509	0.03448	0.5	64549	2226	63436	822485	12.74
1980-1989	68	0.03886	0.03812	0.5	62323	2376	61135	759049	12.18
1980-1989	69	0.04139	0.04055	0.5	59947	2431	58732	697914	11.64
1980-1989	70	0.04511	0.04412	0.5	57516	2537	56248	639182	11.11
1980-1989	71	0.04771	0.04660	0.5	54979	2562	53698	582935	10.60
1980-1989	72	0.05348	0.05209	0.5	52417	2730	51052	529237	10.10
1980-1989	73	0.05857	0.05691	0.5	49687	2828	48273	478185	9.62
1980-1989	74	0.06149	0.05965	0.5	46859	2795	45461	429912	9.17
1980-1989	75	0.06592	0.06382	0.5	44064	2812	42658	384450	8.72
1980-1989	76	0.07219	0.06968	0.5	41252	2874	39815	341793	8.29
1980-1989	77	0.07679	0.07396	0.5	38377	2838	36958	301978	7.87
1980-1989	78	0.08466	0.08122	0.5	35539	2886	34096	265020	7.46
1980-1989	79	0.08488	0.08142	0.5	32653	2659	31323	230924	7.07
1980-1989	80	0.10094	0.09609	0.5	29994	2882	28553	199600	6.65
1980-1989	81	0.10681	0.10139	0.5	27112	2749	25737	171047	6.31
1980-1989	82	0.11727	0.11077	0.5	24363	2699	23013	145310	5.96
1980-1989	83	0.12728	0.11966	0.5	21664	2592	20368	122297	5.65
1980-1989	84	0.13816	0.12923	0.5	19072	2465	17839	101929	5.34
1980-1989	85	0.14738	0.13726	0.5	16607	2280	15467	84089	5.06
1980-1989	86	0.16186	0.14974	0.5	14328	2145	13255	68622	4.79
1980-1989	87	0.17140	0.15787	0.5	12182	1923	11221	55367	4.54
1980-1989	88	0.18646	0.17056	0.5	10259	1750	9384	44147	4.30
1980-1989	89	0.19825	0.18037	0.5	8509	1535	7742	34763	4.09
1980-1989	90	0.21068	0.19060	0.5	6974	1329	6310	27021	3.87
1980-1989	91	0.22361	0.20112	0.5	5645	1135	5077	20711	3.67
1980-1989	92	0.24557	0.21872	0.5	4510	986	4017	15634	3.47
1980-1989	93	0.26004	0.23012	0.5	3523	811	3118	11617	3.30
1980-1989	94	0.28292	0.24786	0.5	2713	672	2376	8499	3.13
1980-1989	95	0.29165	0.25453	0.5	2040	519	1781	6123	3.00
1980-1989	96	0.30986	0.26829	0.5	1521	408	1317	4342	2.86
1980-1989	97	0.32867	0.28228	0.5	1113	314	956	3025	2.72
1980-1989	98	0.34805	0.29646	0.5	799	237	680	2070	2.59
1980-1989	99	0.36794	0.31077	0.5	562	175	475	1389	2.47
1980-1989	100	0.38830	0.32517	0.5	387	126	324	915	2.36
1980-1989	101	0.40905	0.33960	0.5	261	89	217	590	2.26
1980-1989	102	0.43014	0.35400	0.5	173	61	142	373	2.16
1980-1989	103	0.45147	0.36833	0.5	112	41	91	231	2.07
1980-1989	104	0.47299	0.38253	0.5	70	27	57	140	1.99
1980-1989	105	0.49461	0.39654	0.5	43	17	35	83	1.92
1980-1989	106	0.51625	0.41033	0.5	26	11	21	49	1.85
1980-1989	107	0.53783	0.42385	0.5	15	7	12	28	1.79
1980-1989	108	0.55927	0.43705	0.5	9	4	7	15	1.73
1980-1989	109	0.58049	0.44990	0.5	5	2	4	8	1.69
1980-1989	110+	0.60141	1.00000	1.66	3	3	5	5	1.66
1990-1999	0	0.01089	0.01078	0.07	100000	1078	99002	7063842	70.64
1990-1999	1	0.00082	0.00082	0.5	98922	81	98881	6964840	70.41
1990-1999	2	0.00056	0.00056	0.5	98841	55	98813	6865959	69.46
1990-1999	3	0.00048	0.00048	0.5	98786	47	98762	6767145	68.50
1990-1999	4	0.00036	0.00036	0.5	98738	36	98721	6668383	67.54
1990-1999	5	0.00032	0.00032	0.5	98703	31	98687	6569663	66.56
1990-1999	6	0.00030	0.00030	0.5	98672	29	98657	6470975	65.58
1990-1999	7	0.00028	0.00028	0.5	98642	28	98628	6372318	64.60
1990-1999	8	0.00027	0.00027	0.5	98614	26	98601	6273690	63.62
1990-1999	9	0.00025	0.00025	0.5	98588	25	98576	6175088	62.64
1990-1999	10	0.00026	0.00026	0.5	98564	25	98551	6076512	61.65
1990-1999	11	0.00025	0.00025	0.5	98538	24	98526	5977961	60.67
1990-1999	12	0.00033	0.00033	0.5	98514	32	98498	5879435	59.68
1990-1999	13	0.00042	0.00042	0.5	98482	41	98461	5780937	58.70
1990-1999	14	0.00056	0.00056	0.5	98440	55	98413	5682476	57.72
1990-1999	15	0.00084	0.00083	0.5	98386	82	98345	5584063	56.76
1990-1999	16	0.00123	0.00123	0.5	98304	121	98243	5485718	55.80
1990-1999	17	0.00145	0.00145	0.5	98183	142	98112	5387475	54.87
1990-1999	18	0.00190	0.00189	0.5	98040	186	97948	5289364	53.95
1990-1999	19	0.00180	0.00180	0.5	97855	176	97767	5191416	53.05
1990-1999	20	0.00176	0.00176	0.5	97679	172	97593	5093649	52.15
1990-1999	21	0.00190	0.00190	0.5	97507	185	97414	4996056	51.24
1990-1999	22	0.00193	0.00192	0.5	97322	187	97228	4898642	50.33
1990-1999	23	0.00188	0.00188	0.5	97134	182	97043	4801414	49.43
1990-1999	24	0.00184	0.00183	0.5	96952	178	96863	4704371	48.52
1990-1999	25	0.00181	0.00181	0.5	96774	175	96687	4607507	47.61
1990-1999	26	0.00186	0.00186	0.5	96599	180	96509	4510821	46.70
1990-1999	27	0.00194	0.00193	0.5	96419	187	96326	4414311	45.78
1990-1999	28	0.00216	0.00216	0.5	96233	208	96129	4317985	44.87
1990-1999	29	0.00209	0.00209	0.5	96025	200	95925	4221856	43.97
1990-1999	30	0.00208	0.00207	0.5	95825	199	95725	4125931	43.06
1990-1999	31	0.00231	0.00231	0.5	95626	221	95516	4030206	42.15
1990-1999	32	0.00242	0.00241	0.5	95405	230	95290	3934690	41.24
1990-1999	33	0.00255	0.00255	0.5	95175	243	95054	3839400	40.34
1990-1999	34	0.00249	0.00249	0.5	94932	236	94814	3744346	39.44
1990-1999	35	0.00266	0.00265	0.5	94696	251	94570	3649532	38.54
1990-1999	36	0.00277	0.00276	0.5	94445	261	94314	3554962	37.64
1990-1999	37	0.00294	0.00294	0.5	94184	277	94045	3460648	36.74
1990-1999	38	0.00316	0.00316	0.5	93907	296	93759	3366602	35.85
1990-1999	39	0.00318	0.00318	0.5	93610	297	93462	3272844	34.96
1990-1999	40	0.00334	0.00333	0.5	93313	311	93158	3179382	34.07
1990-1999	41	0.00371	0.00370	0.5	93002	344	92830	3086225	33.18
1990-1999	42	0.00390	0.00390	0.5	92658	361	92478	2993394	32.31
1990-1999	43	0.00415	0.00414	0.5	92297	382	92106	2900917	31.43
1990-1999	44	0.00441	0.00440	0.5	91915	405	91713	2808811	30.56
1990-1999	45	0.00461	0.00460	0.5	91510	421	91300	2717098	29.69
1990-1999	46	0.00517	0.00516	0.5	91089	470	90854	2625798	28.83
1990-1999	47	0.00560	0.00559	0.5	90619	506	90366	2534944	27.97
1990-1999	48	0.00635	0.00633	0.5	90113	571	89828	2444578	27.13
1990-1999	49	0.00644	0.00642	0.5	89542	574	89255	2354750	26.30
1990-1999	50	0.00693	0.00691	0.5	88968	615	88661	2265495	25.46
1990-1999	51	0.00782	0.00779	0.5	88353	688	88009	2176835	24.64
1990-1999	52	0.00869	0.00866	0.5	87665	759	87285	2088826	23.83
1990-1999	53	0.00939	0.00935	0.5	86906	812	86500	2001540	23.03
1990-1999	54	0.01026	0.01021	0.5	86094	879	85654	1915041	22.24
1990-1999	55	0.01107	0.01100	0.5	85215	938	84746	1829386	21.47
1990-1999	56	0.01220	0.01212	0.5	84277	1022	83766	1744640	20.70
1990-1999	57	0.01335	0.01326	0.5	83255	1104	82703	1660874	19.95
1990-1999	58	0.01525	0.01514	0.5	82151	1244	81530	1578170	19.21
1990-1999	59	0.01607	0.01594	0.5	80908	1290	80263	1496641	18.50
1990-1999	60	0.01738	0.01723	0.5	79618	1372	78932	1416378	17.79
1990-1999	61	0.01943	0.01924	0.5	78246	1506	77493	1337446	17.09
1990-1999	62	0.02144	0.02122	0.5	76741	1628	75927	1259952	16.42
1990-1999	63	0.02328	0.02301	0.5	75112	1728	74248	1184026	15.76
1990-1999	64	0.02419	0.02390	0.5	73384	1754	72507	1109778	15.12
1990-1999	65	0.02666	0.02631	0.5	71630	1884	70688	1037270	14.48
1990-1999	66	0.02925	0.02883	0.5	69746	2010	68740	966582	13.86
1990-1999	67	0.03077	0.03031	0.5	67735	2053	66709	897842	13.26
1990-1999	68	0.03484	0.03424	0.5	65682	2249	64558	831133	12.65
1990-1999	69	0.03809	0.03737	0.5	63433	2371	62248	766575	12.08
1990-1999	70	0.03992	0.03914	0.5	61063	2390	59868	704327	11.53
1990-1999	71	0.04416	0.04320	0.5	58673	2535	57405	644460	10.98
1990-1999	72	0.04818	0.04705	0.5	56138	2641	54817	587055	10.46
1990-1999	73	0.05176	0.05045	0.5	53497	2699	52147	532237	9.95
1990-1999	74	0.05616	0.05463	0.5	50798	2775	49410	480090	9.45
1990-1999	75	0.06000	0.05825	0.5	48023	2797	46624	430680	8.97
1990-1999	76	0.06507	0.06302	0.5	45226	2850	43800	384056	8.49
1990-1999	77	0.07165	0.06917	0.5	42375	2931	40910	340255	8.03
1990-1999	78	0.07674	0.07390	0.5	39444	2915	37987	299345	7.59
1990-1999	79	0.08505	0.08158	0.5	36529	2980	35039	261359	7.15
1990-1999	80	0.09389	0.08968	0.5	33549	3009	32045	226319	6.75
1990-1999	81	0.10212	0.09716	0.5	30540	2967	29057	194275	6.36
1990-1999	82	0.11309	0.10704	0.5	27573	2951	26097	165218	5.99
1990-1999	83	0.12288	0.11577	0.5	24622	2850	23197	139120	5.65
1990-1999	84	0.13305	0.12475	0.5	21771	2716	20413	115924	5.32
1990-1999	85	0.14510	0.13528	0.5	19055	2578	17766	95510	5.01
1990-1999	86	0.15883	0.14714	0.5	16478	2425	15265	77744	4.72
1990-1999	87	0.17036	0.15699	0.5	14053	2206	12950	62479	4.45
1990-1999	88	0.18618	0.17033	0.5	11847	2018	10838	49529	4.18
1990-1999	89	0.20345	0.18467	0.5	9829	1815	8921	38691	3.94
1990-1999	90	0.21636	0.19524	0.5	8014	1565	7232	29769	3.71
1990-1999	91	0.23524	0.21048	0.5	6449	1357	5771	22538	3.49
1990-1999	92	0.25438	0.22567	0.5	5092	1149	4517	16767	3.29
1990-1999	93	0.27548	0.24213	0.5	3943	955	3465	12250	3.11
1990-1999	94	0.29582	0.25770	0.5	2988	770	2603	8784	2.94
1990-1999	95	0.31403	0.27141	0.5	2218	602	1917	6181	2.79
1990-1999	96	0.33573	0.28747	0.5	1616	465	1384	4264	2.64
1990-1999	97	0.35814	0.30375	0.5	1151	350	977	2881	2.50
1990-1999	98	0.38119	0.32017	0.5	802	257	673	1904	2.37
1990-1999	99	0.40480	0.33666	0.5	545	183	453	1231	2.26
1990-1999	100	0.42884	0.35313	0.5	362	128	298	777	2.15
1990-1999	101	0.45323	0.36950	0.5	234	86	191	480	2.05
1990-1999	102	0.47785	0.38570	0.5	147	57	119	289	1.96
1990-1999	103	0.50258	0.40165	0.5	91	36	72	170	1.88
1990-1999	104	0.52729	0.41728	0.5	54	23	43	97	1.80
1990-1999	105	0.55187	0.43252	0.5	32	14	25	55	1.73
1990-1999	106	0.57620	0.44732	0.5	18	8	14	30	1.67
1990-1999	107	0.60016	0.46163	0.5	10	5	8	16	1.61
1990-1999	108	0.62365	0.47541	0.5	5	3	4	8	1.56
1990-1999	109	0.64658	0.48862	0.5	3	1	2	4	1.52
1990-1999	110+	0.66885	1.00000	1.5	1	1	2	2	1.50
2000-2009	0	0.00994	0.00985	0.07	100000	985	99086	7200414	72.00
2000-2009	1	0.00066	0.00066	0.5	99015	65	98983	7101328	71.72
2000-2009	2	0.00042	0.00042	0.5	98950	41	98930	7002346	70.77
2000-2009	3	0.00037	0.00037	0.5	98909	36	98891	6903416	69.80
2000-2009	4	0.00028	0.00028	0.5	98873	28	98859	6804525	68.82
2000-2009	5	0.00022	0.00022	0.5	98845	22	98834	6705666	67.84
2000-2009	6	0.00019	0.00019	0.5	98823	19	98814	6606832	66.85
2000-2009	7	0.00018	0.00018	0.5	98805	18	98796	6508018	65.87
2000-2009	8	0.00020	0.00020	0.5	98787	19	98777	6409222	64.88
2000-2009	9	0.00019	0.00019	0.5	98768	19	98758	6310444	63.89
2000-2009	10	0.00018	0.00018	0.5	98749	18	98740	6211686	62.90
2000-2009	11	0.00025	0.00025	0.5	98731	25	98718	6112946	61.92
2000-2009	12	0.00023	0.00023	0.5	98706	23	98694	6014228	60.93
2000-2009	13	0.00029	0.00029	0.5	98683	28	98669	5915534	59.94
2000-2009	14	0.00041	0.00041	0.5	98654	40	98634	5816865	58.96
2000-2009	15	0.00056	0.00056	0.5	98614	55	98587	5718231	57.99
2000-2009	16	0.00089	0.00089	0.5	98560	88	98516	5619644	57.02
2000-2009	17	0.00112	0.00112	0.5	98472	110	98416	5521129	56.07
2000-2009	18	0.00150	0.00150	0.5	98361	148	98287	5422712	55.13
2000-2009	19	0.00167	0.00167	0.5	98214	164	98132	5324425	54.21
2000-2009	20	0.00179	0.00179	0.5	98050	175	97962	5226293	53.30
2000-2009	21	0.00189	0.00188	0.5	97874	184	97782	5128331	52.40
2000-2009	22	0.00182	0.00182	0.5	97690	178	97601	5030549	51.50
2000-2009	23	0.00182	0.00182	0.5	97512	178	97423	4932948	50.59
2000-2009	24	0.00189	0.00188	0.5	97335	183	97243	4835524	49.68
2000-2009	25	0.00196	0.00196	0.5	97151	190	97056	4738282	48.77
2000-2009	26	0.00195	0.00195	0.5	96961	189	96867	4641226	47.87
2000-2009	27	0.00187	0.00187	0.5	96772	181	96682	4544359	46.96
2000-2009	28	0.00195	0.00195	0.5	96591	188	96497	4447677	46.05
2000-2009	29	0.00203	0.00203	0.5	96403	196	96305	4351180	45.14
2000-2009	30	0.00211	0.00211	0.5	96207	203	96106	4254875	44.23
2000-2009	31	0.00213	0.00213	0.5	96004	205	95902	4158769	43.32
2000-2009	32	0.00213	0.00213	0.5	95800	204	95698	4062867	42.41
2000-2009	33	0.00216	0.00216	0.5	95596	206	95493	3967170	41.50
2000-2009	34	0.00231	0.00231	0.5	95390	221	95279	3871677	40.59
2000-2009	35	0.00233	0.00233	0.5	95169	222	95058	3776398	39.68
2000-2009	36	0.00252	0.00252	0.5	94947	239	94828	3681340	38.77
2000-2009	37	0.00270	0.00270	0.5	94708	256	94580	3586512	37.87
2000-2009	38	0.00291	0.00291	0.5	94452	275	94315	3491932	36.97
2000-2009	39	0.00312	0.00312	0.5	94178	294	94031	3397617	36.08
2000-2009	40	0.00346	0.00345	0.5	93884	324	93722	3303586	35.19
2000-2009	41	0.00366	0.00365	0.5	93560	342	93389	3209864	34.31
2000-2009	42	0.00392	0.00391	0.5	93219	365	93036	3116475	33.43
2000-2009	43	0.00437	0.00436	0.5	92854	405	92651	3023438	32.56
2000-2009	44	0.00476	0.00475	0.5	92449	439	92229	2930787	31.70
2000-2009	45	0.00497	0.00496	0.5	92010	456	91782	2838558	30.85
2000-2009	46	0.00558	0.00557	0.5	91554	510	91299	2746776	30.00
2000-2009	47	0.00585	0.00583	0.5	91044	531	90778	2655477	29.17
2000-2009	48	0.00645	0.00643	0.5	90513	582	90222	2564699	28.34
2000-2009	49	0.00681	0.00678	0.5	89931	610	89626	2474478	27.52
2000-2009	50	0.00726	0.00723	0.5	89321	646	88998	2384852	26.70
2000-2009	51	0.00801	0.00798	0.5	88675	707	88321	2295854	25.89
2000-2009	52	0.00847	0.00843	0.5	87967	742	87596	2207533	25.09
2000-2009	53	0.00924	0.00920	0.5	87226	803	86824	2119937	24.30
2000-2009	54	0.00962	0.00958	0.5	86423	828	86009	2033113	23.53
2000-2009	55	0.01062	0.01056	0.5	85596	904	85143	1947103	22.75
2000-2009	56	0.01120	0.01114	0.5	84691	943	84220	1861960	21.99
2000-2009	57	0.01213	0.01206	0.5	83748	1010	83243	1777740	21.23
2000-2009	58	0.01299	0.01291	0.5	82739	1068	82204	1694496	20.48
2000-2009	59	0.01399	0.01390	0.5	81670	1135	81103	1612292	19.74
2000-2009	60	0.01519	0.01508	0.5	80536	1214	79928	1531189	19.01
2000-2009	61	0.01578	0.01566	0.5	79321	1242	78700	1451260	18.30
2000-2009	62	0.01767	0.01752	0.5	78079	1368	77396	1372560	17.58
2000-2009	63	0.01953	0.01934	0.5	76712	1484	75970	1295164	16.88
2000-2009	64	0.02096	0.02074	0.5	75228	1560	74448	1219195	16.21
2000-2009	65	0.02249	0.02224	0.5	73668	1638	72848	1144747	15.54
2000-2009	66	0.02432	0.02402	0.5	72029	1730	71164	1071899	14.88
2000-2009	67	0.02611	0.02578	0.5	70299	1812	69393	1000734	14.24
2000-2009	68	0.02829	0.02790	0.5	68487	1911	67531	931341	13.60
2000-2009	69	0.03106	0.03059	0.5	66576	2036	65558	863810	12.97
2000-2009	70	0.03373	0.03317	0.5	64540	2141	63469	798252	12.37
2000-2009	71	0.03618	0.03554	0.5	62399	2217	61290	734783	11.78
2000-2009	72	0.03973	0.03895	0.5	60181	2344	59009	673493	11.19
2000-2009	73	0.04362	0.04269	0.5	57837	2469	56602	614484	10.62
2000-2009	74	0.04735	0.04625	0.5	55368	2561	54087	557882	10.08
2000-2009	75	0.05182	0.05051	0.5	52807	2668	51473	503795	9.54
2000-2009	76	0.05609	0.05456	0.5	50139	2735	48771	452322	9.02
2000-2009	77	0.06167	0.05982	0.5	47404	2836	45986	403550	8.51
2000-2009	78	0.06606	0.06395	0.5	44568	2850	43143	357564	8.02
2000-2009	79	0.07387	0.07124	0.5	41718	2972	40232	314421	7.54
2000-2009	80	0.08226	0.07901	0.5	38746	3061	37215	274190	7.08
2000-2009	81	0.09033	0.08643	0.5	35685	3084	34142	236974	6.64
2000-2009	82	0.09898	0.09431	0.5	32600	3074	31063	202832	6.22
2000-2009	83	0.11080	0.10499	0.5	29526	3100	27976	171769	5.82
2000-2009	84	0.12151	0.11455	0.5	26426	3027	24913	143793	5.44
2000-2009	85	0.13299	0.12470	0.5	23399	2918	21940	118880	5.08
2000-2009	86	0.14979	0.13935	0.5	20481	2854	19054	96940	4.73
2000-2009	87	0.16475	0.15221	0.5	17627	2683	16286	77886	4.42
2000-2009	88	0.18116	0.16612	0.5	14944	2482	13703	61600	4.12
2000-2009	89	0.19858	0.18064	0.5	12462	2251	11336	47897	3.84
2000-2009	90	0.21950	0.19779	0.5	10211	2020	9201	36561	3.58
2000-2009	91	0.23879	0.21332	0.5	8191	1747	7317	27360	3.34
2000-2009	92	0.26814	0.23644	0.5	6444	1524	5682	20043	3.11
2000-2009	93	0.29099	0.25403	0.5	4920	1250	4295	14361	2.92
2000-2009	94	0.32090	0.27653	0.5	3670	1015	3163	10066	2.74
2000-2009	95	0.33522	0.28710	0.5	2655	762	2274	6903	2.60
2000-2009	96	0.36168	0.30629	0.5	1893	580	1603	4629	2.45
2000-2009	97	0.38901	0.32567	0.5	1313	428	1099	3026	2.30
2000-2009	98	0.41705	0.34509	0.5	886	306	733	1926	2.18
2000-2009	99	0.44565	0.36444	0.5	580	211	474	1194	2.06
2000-2009	100	0.47460	0.38358	0.5	369	141	298	719	1.95
2000-2009	101	0.50373	0.40238	0.5	227	91	181	422	1.86
2000-2009	102	0.53283	0.42074	0.5	136	57	107	240	1.77
2000-2009	103	0.56171	0.43854	0.5	79	34	61	133	1.69
2000-2009	104	0.59018	0.45570	0.5	44	20	34	71	1.62
2000-2009	105	0.61805	0.47215	0.5	24	11	18	37	1.55
2000-2009	106	0.64517	0.48781	0.5	13	6	10	19	1.50
2000-2009	107	0.67139	0.50265	0.5	6	3	5	9	1.45
2000-2009	108	0.69658	0.51664	0.5	3	2	2	5	1.40
2000-2009	109	0.72065	0.52976	0.5	2	1	1	2	1.37
2000-2009	110+	0.74351	1.00000	1.34	1	1	1	1	1.34
2010-2019	0	0.00836	0.00830	0.07	100000	830	99226	7286266	72.86
2010-2019	1	0.00056	0.00056	0.5	99170	55	99142	7187040	72.47
2010-2019	2	0.00039	0.00039	0.5	99115	39	99095	7087898	71.51
2010-2019	3	0.00032	0.00032	0.5	99076	32	99060	6988802	70.54
2010-2019	4	0.00024	0.00024	0.5	99045	23	99033	6889742	69.56
2010-2019	5	0.00020	0.00020	0.5	99021	20	99011	6790709	68.58
2010-2019	6	0.00016	0.00016	0.5	99001	15	98994	6691698	67.59
2010-2019	7	0.00016	0.00016	0.5	98986	15	98978	6592704	66.60
2010-2019	8	0.00017	0.00017	0.5	98971	17	98962	6493726	65.61
2010-2019	9	0.00017	0.00017	0.5	98954	17	98945	6394764	64.62
2010-2019	10	0.00016	0.00016	0.5	98937	16	98929	6295818	63.63
2010-2019	11	0.00018	0.00018	0.5	98921	18	98912	6196889	62.64
2010-2019	12	0.00020	0.00020	0.5	98903	20	98893	6097977	61.66
2010-2019	13	0.00026	0.00026	0.5	98883	26	98870	5999084	60.67
2010-2019	14	0.00032	0.00032	0.5	98858	32	98842	5900214	59.68
2010-2019	15	0.00043	0.00043	0.5	98826	43	98804	5801372	58.70
2010-2019	16	0.00062	0.00062	0.5	98783	61	98753	5702568	57.73
2010-2019	17	0.00088	0.00088	0.5	98722	87	98679	5603815	56.76
2010-2019	18	0.00122	0.00122	0.5	98635	120	98575	5505136	55.81
2010-2019	19	0.00138	0.00138	0.5	98515	136	98447	5406561	54.88
2010-2019	20	0.00143	0.00143	0.5	98379	141	98308	5308114	53.96
2010-2019	21	0.00158	0.00158	0.5	98238	155	98160	5209806	53.03
2010-2019	22	0.00163	0.00163	0.5	98082	159	98003	5111646	52.12
2010-2019	23	0.00165	0.00165	0.5	97923	162	97842	5013643	51.20
2010-2019	24	0.00173	0.00172	0.5	97761	169	97677	4915801	50.28
2010-2019	25	0.00185	0.00185	0.5	97593	180	97503	4818124	49.37
2010-2019	26	0.00189	0.00189	0.5	97413	184	97321	4720621	48.46
2010-2019	27	0.00200	0.00200	0.5	97229	195	97132	4623301	47.55
2010-2019	28	0.00211	0.00210	0.5	97034	204	96932	4526169	46.65
2010-2019	29	0.00219	0.00219	0.5	96830	212	96724	4429237	45.74
2010-2019	30	0.00219	0.00218	0.5	96618	211	96513	4332512	44.84
2010-2019	31	0.00237	0.00236	0.5	96407	228	96294	4235999	43.94
2010-2019	32	0.00249	0.00248	0.5	96180	239	96060	4139706	43.04
2010-2019	33	0.00251	0.00251	0.5	95941	241	95820	4043646	42.15
2010-2019	34	0.00264	0.00264	0.5	95700	252	95574	3947825	41.25
2010-2019	35	0.00274	0.00274	0.5	95448	261	95317	3852251	40.36
2010-2019	36	0.00290	0.00290	0.5	95187	276	95049	3756934	39.47
2010-2019	37	0.00295	0.00294	0.5	94911	279	94771	3661885	38.58
2010-2019	38	0.00307	0.00307	0.5	94632	290	94486	3567114	37.69
2010-2019	39	0.00326	0.00326	0.5	94341	307	94188	3472628	36.81
2010-2019	40	0.00344	0.00344	0.5	94034	323	93872	3378440	35.93
2010-2019	41	0.00358	0.00357	0.5	93711	335	93543	3284568	35.05
2010-2019	42	0.00380	0.00379	0.5	93376	354	93199	3191024	34.17
2010-2019	43	0.00396	0.00395	0.5	93022	367	92838	3097825	33.30
2010-2019	44	0.00433	0.00432	0.5	92654	401	92454	3004987	32.43
2010-2019	45	0.00480	0.00479	0.5	92254	442	92033	2912533	31.57
2010-2019	46	0.00520	0.00519	0.5	91812	476	91573	2820501	30.72
2010-2019	47	0.00566	0.00564	0.5	91335	515	91078	2728927	29.88
2010-2019	48	0.00609	0.00607	0.5	90820	551	90544	2637850	29.04
2010-2019	49	0.00665	0.00663	0.5	90269	599	89969	2547306	28.22
2010-2019	50	0.00732	0.00729	0.5	89670	654	89343	2457336	27.40
2010-2019	51	0.00804	0.00801	0.5	89016	713	88659	2367993	26.60
2010-2019	52	0.00855	0.00851	0.5	88303	752	87927	2279334	25.81
2010-2019	53	0.00944	0.00939	0.5	87551	822	87140	2191407	25.03
2010-2019	54	0.00997	0.00992	0.5	86729	860	86298	2104267	24.26
2010-2019	55	0.01109	0.01103	0.5	85868	947	85395	2017969	23.50
2010-2019	56	0.01201	0.01194	0.5	84921	1014	84414	1932575	22.76
2010-2019	57	0.01308	0.01300	0.5	83907	1091	83362	1848161	22.03
2010-2019	58	0.01376	0.01366	0.5	82816	1132	82251	1764799	21.31
2010-2019	59	0.01443	0.01433	0.5	81685	1170	81100	1682548	20.60
2010-2019	60	0.01545	0.01533	0.5	80514	1234	79897	1601449	19.89
2010-2019	61	0.01636	0.01623	0.5	79280	1286	78637	1521551	19.19
2010-2019	62	0.01772	0.01756	0.5	77994	1370	77309	1442914	18.50
2010-2019	63	0.01910	0.01892	0.5	76624	1450	75899	1365605	17.82
2010-2019	64	0.01984	0.01964	0.5	75175	1477	74436	1289706	17.16
2010-2019	65	0.02115	0.02093	0.5	73698	1543	72927	1215269	16.49
2010-2019	66	0.02253	0.02228	0.5	72155	1608	71352	1142343	15.83
2010-2019	67	0.02411	0.02382	0.5	70548	1681	69708	1070991	15.18
2010-2019	68	0.02583	0.02550	0.5	68867	1756	67989	1001284	14.54
2010-2019	69	0.02785	0.02747	0.5	67111	1843	66190	933294	13.91
2010-2019	70	0.03008	0.02964	0.5	65268	1934	64301	867105	13.29
2010-2019	71	0.03209	0.03159	0.5	63334	2000	62333	802804	12.68
2010-2019	72	0.03547	0.03485	0.5	61333	2137	60264	740471	12.07
2010-2019	73	0.03820	0.03748	0.5	59196	2219	58086	680206	11.49
2010-2019	74	0.04154	0.04069	0.5	56977	2319	55818	622120	10.92
2010-2019	75	0.04559	0.04457	0.5	54658	2436	53440	566302	10.36
2010-2019	76	0.04930	0.04811	0.5	52222	2512	50966	512862	9.82
2010-2019	77	0.05391	0.05249	0.5	49710	2609	48405	461896	9.29
2010-2019	78	0.05888	0.05720	0.5	47100	2694	45753	413491	8.78
2010-2019	79	0.06390	0.06193	0.5	44406	2750	43031	367738	8.28
2010-2019	80	0.06944	0.06711	0.5	41656	2796	40259	324707	7.79
2010-2019	81	0.07631	0.07350	0.5	38861	2856	37433	284448	7.32
2010-2019	82	0.08450	0.08108	0.5	36005	2919	34545	247015	6.86
2010-2019	83	0.09279	0.08868	0.5	33085	2934	31618	212470	6.42
2010-2019	84	0.10276	0.09774	0.5	30151	2947	28678	180852	6.00
2010-2019	85	0.11346	0.10737	0.5	27205	2921	25744	152174	5.59
2010-2019	86	0.12695	0.11937	0.5	24284	2899	22834	126430	5.21
2010-2019	87	0.14169	0.13232	0.5	21385	2830	19970	103596	4.84
2010-2019	88	0.15645	0.14510	0.5	18555	2692	17209	83626	4.51
2010-2019	89	0.17394	0.16002	0.5	15863	2538	14594	66417	4.19
2010-2019	90	0.19622	0.17869	0.5	13324	2381	12134	51823	3.89
2010-2019	91	0.21421	0.19349	0.5	10943	2117	9885	39690	3.63
2010-2019	92	0.23616	0.21122	0.5	8826	1864	7894	29805	3.38
2010-2019	93	0.26442	0.23354	0.5	6962	1626	6149	21911	3.15
2010-2019	94	0.28818	0.25188	0.5	5336	1344	4664	15762	2.95
2010-2019	95	0.30639	0.26569	0.5	3992	1061	3462	11098	2.78
2010-2019	96	0.33270	0.28525	0.5	2931	836	2513	7637	2.61
2010-2019	97	0.36009	0.30515	0.5	2095	639	1775	5123	2.45
2010-2019	98	0.38842	0.32526	0.5	1456	474	1219	3348	2.30
2010-2019	99	0.41753	0.34542	0.5	982	339	813	2129	2.17
2010-2019	100	0.44723	0.36550	0.5	643	235	525	1316	2.05
2010-2019	101	0.47731	0.38534	0.5	408	157	329	791	1.94
2010-2019	102	0.50755	0.40482	0.5	251	102	200	461	1.84
2010-2019	103	0.53774	0.42379	0.5	149	63	118	261	1.75
2010-2019	104	0.56765	0.44216	0.5	86	38	67	144	1.67
2010-2019	105	0.59708	0.45981	0.5	48	22	37	77	1.60
2010-2019	106	0.62583	0.47667	0.5	26	12	20	40	1.54
2010-2019	107	0.65371	0.49268	0.5	14	7	10	20	1.48
2010-2019	108	0.68058	0.50779	0.5	7	3	5	10	1.43
2010-2019	109	0.70630	0.52197	0.5	3	2	3	5	1.39
2010-2019	110+	0.73077	1.00000	1.37	2	2	2	2	1.37
