Div9: Pacific, Lifetables (period 5x1), Males Last modified: 20 Dec 2020, MPv5 (May07) 

Year	Age	mx	qx	ax	lx	dx	Lx	Tx	ex
1959	0	0.02790	0.02724	0.12	100000	2724	97603	6779160	67.79
1959	1-4	0.00106	0.00423	1.68	97276	411	388151	6681557	68.69
1959	5-9	0.00049	0.00246	2.15	96865	239	483645	6293406	64.97
1959	10-14	0.00054	0.00269	2.81	96627	260	482563	5809761	60.13
1959	15-19	0.00117	0.00586	2.76	96367	564	480570	5327198	55.28
1959	20-24	0.00158	0.00789	2.45	95802	756	477081	4846628	50.59
1959	25-29	0.00157	0.00782	2.56	95046	743	473418	4369548	45.97
1959	30-34	0.00186	0.00927	2.56	94303	874	469382	3896130	41.31
1959	35-39	0.00256	0.01275	2.65	93429	1191	464347	3426748	36.68
1959	40-44	0.00408	0.02019	2.7	92239	1862	456902	2962402	32.12
1959	45-49	0.00699	0.03441	2.71	90376	3110	444761	2505499	27.72
1959	50-54	0.01150	0.05601	2.68	87267	4888	425004	2060738	23.61
1959	55-59	0.01750	0.08401	2.64	82379	6921	395555	1635735	19.86
1959	60-64	0.02653	0.12475	2.62	75458	9414	354852	1240180	16.44
1959	65-69	0.03847	0.17588	2.57	66044	11616	301952	885328	13.41
1959	70-74	0.05498	0.24239	2.56	54428	13193	239972	583375	10.72
1959	75-79	0.08194	0.34112	2.55	41235	14066	171659	343403	8.33
1959	80-84	0.12060	0.45945	2.41	27169	12483	103504	171745	6.32
1959	85-89	0.18663	0.61940	2.29	14686	9097	48741	68241	4.65
1959	90-94	0.26474	0.74976	2.11	5590	4191	15830	19499	3.49
1959	95-99	0.36760	0.85719	1.89	1399	1199	3262	3669	2.62
1959	100-104	0.48290	0.92452	1.66	200	185	382	407	2.04
1959	105-109	0.60063	0.96080	1.46	15	14	24	25	1.66
1959	110+	0.69304	1.00000	1.44	1	1	1	1	1.44
1960	0	0.02778	0.02711	0.12	100000	2711	97613	6754342	67.54
1960	1-4	0.00111	0.00442	1.62	97289	430	388130	6656729	68.42
1960	5-9	0.00052	0.00258	2.36	96859	250	483635	6268599	64.72
1960	10-14	0.00047	0.00234	2.76	96609	226	482537	5784964	59.88
1960	15-19	0.00126	0.00627	2.86	96383	604	480618	5302427	55.01
1960	20-24	0.00172	0.00858	2.46	95778	822	476803	4821809	50.34
1960	25-29	0.00162	0.00804	2.47	94957	764	472853	4345006	45.76
1960	30-34	0.00186	0.00927	2.66	94193	873	468918	3872153	41.11
1960	35-39	0.00271	0.01349	2.72	93320	1259	463726	3403235	36.47
1960	40-44	0.00426	0.02111	2.7	92062	1943	455836	2939509	31.93
1960	45-49	0.00712	0.03505	2.7	90118	3159	443340	2483674	27.56
1960	50-54	0.01158	0.05639	2.65	86960	4903	423296	2040334	23.46
1960	55-59	0.01771	0.08495	2.61	82056	6971	393594	1617037	19.71
1960	60-64	0.02658	0.12509	2.65	75086	9393	353364	1223443	16.29
1960	65-69	0.03916	0.17858	2.54	65693	11731	299604	870079	13.24
1960	70-74	0.05646	0.24803	2.55	53962	13384	237075	570475	10.57
1960	75-79	0.08247	0.34245	2.53	40578	13896	168498	333400	8.22
1960	80-84	0.12642	0.47575	2.4	26682	12694	100412	164903	6.18
1960	85-89	0.18806	0.62120	2.27	13988	8689	46205	64491	4.61
1960	90-94	0.26892	0.75307	2.08	5299	3990	14838	18286	3.45
1960	95-99	0.36614	0.85555	1.89	1308	1119	3057	3447	2.63
1960	100-104	0.47698	0.92163	1.67	189	174	365	390	2.06
1960	105-109	0.59060	0.95833	1.48	15	14	24	25	1.68
1960	110+	0.68039	1.00000	1.47	1	1	1	1	1.47
1961	0	0.02731	0.02667	0.12	100000	2667	97648	6781678	67.82
1961	1-4	0.00104	0.00417	1.65	97333	405	388378	6684030	68.67
1961	5-9	0.00048	0.00241	2.32	96927	233	484012	6295652	64.95
1961	10-14	0.00048	0.00241	2.72	96694	233	482939	5811640	60.10
1961	15-19	0.00118	0.00588	2.9	96461	568	481114	5328702	55.24
1961	20-24	0.00163	0.00811	2.43	95893	778	477469	4847587	50.55
1961	25-29	0.00159	0.00791	2.57	95115	752	473748	4370118	45.95
1961	30-34	0.00183	0.00909	2.57	94363	858	469734	3896371	41.29
1961	35-39	0.00260	0.01292	2.72	93505	1208	464773	3426637	36.65
1961	40-44	0.00423	0.02096	2.75	92297	1935	457124	2961863	32.09
1961	45-49	0.00680	0.03347	2.67	90362	3025	444755	2504739	27.72
1961	50-54	0.01135	0.05527	2.66	87338	4827	425394	2059984	23.59
1961	55-59	0.01735	0.08334	2.64	82510	6877	396317	1634591	19.81
1961	60-64	0.02609	0.12274	2.6	75634	9283	355844	1238274	16.37
1961	65-69	0.03941	0.17973	2.55	66350	11925	302563	882430	13.30
1961	70-74	0.05534	0.24364	2.55	54425	13260	239608	579867	10.65
1961	75-79	0.08229	0.34161	2.51	41165	14062	170879	340260	8.27
1961	80-84	0.12345	0.46889	2.44	27103	12708	102942	169381	6.25
1961	85-89	0.18960	0.62436	2.27	14394	8987	47402	66439	4.62
1961	90-94	0.26066	0.74288	2.11	5407	4017	15410	19037	3.52
1961	95-99	0.36993	0.85891	1.88	1390	1194	3228	3627	2.61
1961	100-104	0.48444	0.92508	1.66	196	181	375	399	2.03
1961	105-109	0.60116	0.96087	1.46	15	14	23	24	1.65
1961	110+	0.69278	1.00000	1.44	1	1	1	1	1.44
1962	0	0.02639	0.02579	0.12	100000	2579	97720	6783241	67.83
1962	1-4	0.00095	0.00381	1.59	97421	371	388787	6685521	68.63
1962	5-9	0.00049	0.00244	2.42	97050	237	484638	6296734	64.88
1962	10-14	0.00044	0.00219	2.57	96813	212	483550	5812096	60.03
1962	15-19	0.00114	0.00568	2.89	96601	549	481850	5328546	55.16
1962	20-24	0.00168	0.00834	2.43	96052	801	478206	4846695	50.46
1962	25-29	0.00155	0.00773	2.61	95251	736	474493	4368490	45.86
1962	30-34	0.00191	0.00951	2.63	94515	899	470443	3893997	41.20
1962	35-39	0.00276	0.01369	2.6	93616	1281	464998	3423554	36.57
1962	40-44	0.00422	0.02090	2.71	92335	1930	457259	2958555	32.04
1962	45-49	0.00687	0.03382	2.69	90404	3058	444948	2501296	27.67
1962	50-54	0.01155	0.05624	2.69	87347	4912	425376	2056348	23.54
1962	55-59	0.01746	0.08383	2.63	82434	6911	395781	1630972	19.79
1962	60-64	0.02621	0.12344	2.64	75524	9323	355659	1235191	16.36
1962	65-69	0.03943	0.17971	2.54	66201	11897	301755	879532	13.29
1962	70-74	0.05553	0.24432	2.54	54304	13268	238912	577777	10.64
1962	75-79	0.08210	0.34080	2.51	41036	13985	170336	338865	8.26
1962	80-84	0.12375	0.46915	2.42	27051	12691	102552	168529	6.23
1962	85-89	0.18930	0.62634	2.3	14360	8994	47515	65976	4.59
1962	90-94	0.26917	0.75596	2.1	5366	4056	15070	18462	3.44
1962	95-99	0.37279	0.86120	1.88	1309	1128	3025	3392	2.59
1962	100-104	0.48839	0.92678	1.65	182	168	345	367	2.02
1962	105-109	0.60584	0.96192	1.45	13	13	21	22	1.64
1962	110+	0.69774	1.00000	1.43	1	1	1	1	1.43
1963	0	0.02600	0.02541	0.11	100000	2541	97750	6757466	67.57
1963	1-4	0.00104	0.00415	1.61	97459	404	388870	6659716	68.33
1963	5-9	0.00049	0.00246	2.35	97054	239	484637	6270846	64.61
1963	10-14	0.00045	0.00225	2.72	96815	218	483579	5786209	59.77
1963	15-19	0.00121	0.00605	2.84	96597	584	481728	5302631	54.89
1963	20-24	0.00181	0.00902	2.51	96013	866	477913	4820903	50.21
1963	25-29	0.00163	0.00813	2.51	95147	773	473812	4342990	45.65
1963	30-34	0.00188	0.00933	2.55	94374	881	469714	3869178	41.00
1963	35-39	0.00266	0.01321	2.66	93493	1235	464573	3399465	36.36
1963	40-44	0.00418	0.02069	2.69	92258	1908	456887	2934892	31.81
1963	45-49	0.00729	0.03582	2.65	90349	3237	444141	2478005	27.43
1963	50-54	0.01144	0.05572	2.66	87113	4854	424193	2033864	23.35
1963	55-59	0.01835	0.08793	2.64	82259	7233	394248	1609671	19.57
1963	60-64	0.02671	0.12554	2.61	75026	9419	352631	1215423	16.20
1963	65-69	0.04046	0.18400	2.54	65607	12072	298370	862791	13.15
1963	70-74	0.05796	0.25365	2.54	53535	13579	234297	564421	10.54
1963	75-79	0.08162	0.33749	2.44	39956	13485	165207	330124	8.26
1963	80-84	0.12380	0.46958	2.43	26471	12430	100406	164917	6.23
1963	85-89	0.18941	0.62523	2.28	14041	8779	46350	64511	4.59
1963	90-94	0.26788	0.75564	2.12	5262	3976	14844	18162	3.45
1963	95-99	0.37433	0.86244	1.87	1286	1109	2963	3318	2.58
1963	100-104	0.49064	0.92774	1.65	177	164	334	355	2.01
1963	105-109	0.60859	0.96253	1.45	13	12	20	21	1.64
1963	110+	0.70072	1.00000	1.43	0	0	1	1	1.43
1964	0	0.02506	0.02451	0.11	100000	2451	97824	6764045	67.64
1964	1-4	0.00103	0.00411	1.68	97549	401	389265	6666221	68.34
1964	5-9	0.00049	0.00242	2.19	97148	236	485077	6276957	64.61
1964	10-14	0.00046	0.00231	2.69	96912	224	484045	5791879	59.76
1964	15-19	0.00130	0.00647	2.91	96688	625	482135	5307835	54.90
1964	20-24	0.00179	0.00891	2.49	96063	856	478166	4825699	50.23
1964	25-29	0.00181	0.00902	2.5	95207	859	473886	4347533	45.66
1964	30-34	0.00206	0.01025	2.58	94348	967	469405	3873647	41.06
1964	35-39	0.00273	0.01356	2.7	93381	1267	463997	3404242	36.46
1964	40-44	0.00425	0.02102	2.69	92115	1937	456099	2940245	31.92
1964	45-49	0.00689	0.03389	2.69	90178	3056	443823	2484146	27.55
1964	50-54	0.01128	0.05497	2.69	87122	4789	424542	2040323	23.42
1964	55-59	0.01777	0.08529	2.63	82333	7022	395051	1615781	19.62
1964	60-64	0.02685	0.12617	2.61	75311	9502	353864	1220729	16.21
1964	65-69	0.04014	0.18277	2.56	65809	12028	299668	866866	13.17
1964	70-74	0.05780	0.25336	2.56	53781	13626	235718	567198	10.55
1964	75-79	0.08173	0.33799	2.44	40155	13572	166067	331479	8.25
1964	80-84	0.12525	0.47369	2.43	26583	12592	100539	165412	6.22
1964	85-89	0.18536	0.61558	2.27	13991	8613	46464	64873	4.64
1964	90-94	0.27100	0.75493	2.07	5378	4060	14983	18409	3.42
1964	95-99	0.37143	0.86006	1.88	1318	1134	3052	3426	2.60
1964	100-104	0.48600	0.92572	1.66	184	171	351	374	2.03
1964	105-109	0.60262	0.96119	1.46	14	13	22	23	1.65
1964	110+	0.69408	1.00000	1.44	1	1	1	1	1.44
1965	0	0.02494	0.02440	0.11	100000	2440	97833	6778929	67.79
1965	1-4	0.00100	0.00399	1.62	97560	389	389314	6681097	68.48
1965	5-9	0.00044	0.00221	2.36	97171	215	485287	6291782	64.75
1965	10-14	0.00046	0.00229	2.82	96956	222	484296	5806495	59.89
1965	15-19	0.00126	0.00628	2.86	96734	607	482367	5322200	55.02
1965	20-24	0.00185	0.00919	2.49	96126	883	478416	4839833	50.35
1965	25-29	0.00174	0.00867	2.51	95243	826	474161	4361417	45.79
1965	30-34	0.00203	0.01012	2.63	94417	955	469818	3887257	41.17
1965	35-39	0.00273	0.01355	2.7	93462	1266	464393	3417438	36.57
1965	40-44	0.00425	0.02102	2.67	92195	1938	456462	2953046	32.03
1965	45-49	0.00675	0.03322	2.72	90257	2998	444460	2496584	27.66
1965	50-54	0.01106	0.05389	2.66	87259	4702	425307	2052123	23.52
1965	55-59	0.01767	0.08485	2.66	82557	7005	396377	1626816	19.71
1965	60-64	0.02659	0.12497	2.6	75552	9442	355131	1230439	16.29
1965	65-69	0.03941	0.18001	2.6	66111	11901	301959	875308	13.24
1965	70-74	0.05743	0.25149	2.53	54210	13633	237388	573349	10.58
1965	75-79	0.08224	0.34093	2.49	40576	13834	168210	335961	8.28
1965	80-84	0.12387	0.46946	2.42	26743	12555	101352	167751	6.27
1965	85-89	0.18417	0.61346	2.28	14188	8704	47260	66400	4.68
1965	90-94	0.26549	0.74790	2.08	5484	4102	15450	19140	3.49
1965	95-99	0.36097	0.85141	1.9	1383	1177	3261	3690	2.67
1965	100-104	0.47157	0.91926	1.68	205	189	400	429	2.09
1965	105-109	0.58550	0.95713	1.48	17	16	27	28	1.70
1965	110+	0.67577	1.00000	1.48	1	1	1	1	1.48
1966	0	0.02370	0.02321	0.11	100000	2321	97931	6771862	67.72
1966	1-4	0.00100	0.00399	1.64	97679	389	389796	6673931	68.33
1966	5-9	0.00045	0.00226	2.31	97289	219	485856	6284135	64.59
1966	10-14	0.00046	0.00230	2.7	97070	224	484834	5798279	59.73
1966	15-19	0.00135	0.00673	2.91	96846	651	482867	5313445	54.86
1966	20-24	0.00180	0.00895	2.47	96195	861	478799	4830578	50.22
1966	25-29	0.00172	0.00855	2.49	95334	815	474622	4351779	45.65
1966	30-34	0.00202	0.01005	2.55	94519	950	470269	3877157	41.02
1966	35-39	0.00266	0.01320	2.67	93569	1235	464962	3406888	36.41
1966	40-44	0.00440	0.02177	2.66	92333	2010	456973	2941926	31.86
1966	45-49	0.00680	0.03345	2.69	90323	3022	444640	2484953	27.51
1966	50-54	0.01118	0.05448	2.63	87302	4756	425253	2040313	23.37
1966	55-59	0.01785	0.08569	2.67	82546	7073	396254	1615060	19.57
1966	60-64	0.02736	0.12838	2.6	75473	9689	354122	1218806	16.15
1966	65-69	0.03946	0.18000	2.56	65784	11841	300058	864684	13.14
1966	70-74	0.05821	0.25453	2.54	53943	13730	235876	564626	10.47
1966	75-79	0.08504	0.35025	2.48	40213	14085	165627	328749	8.18
1966	80-84	0.12421	0.47052	2.42	26129	12294	98974	163122	6.24
1966	85-89	0.18576	0.61725	2.28	13835	8539	45970	64148	4.64
1966	90-94	0.27077	0.75205	2.04	5295	3982	14707	18177	3.43
1966	95-99	0.36478	0.85460	1.89	1313	1122	3076	3470	2.64
1966	100-104	0.47671	0.92162	1.67	191	176	369	394	2.07
1966	105-109	0.59153	0.95860	1.47	15	14	24	25	1.68
1966	110+	0.68219	1.00000	1.47	1	1	1	1	1.47
1967	0	0.02281	0.02236	0.11	100000	2236	98002	6796881	67.97
1967	1-4	0.00093	0.00372	1.66	97764	364	390204	6698879	68.52
1967	5-9	0.00048	0.00239	2.28	97400	233	486369	6308675	64.77
1967	10-14	0.00048	0.00238	2.69	97167	231	485303	5822306	59.92
1967	15-19	0.00137	0.00681	2.82	96936	661	483243	5337003	55.06
1967	20-24	0.00187	0.00929	2.53	96276	894	479166	4853760	50.42
1967	25-29	0.00180	0.00895	2.55	95381	854	474815	4374594	45.86
1967	30-34	0.00200	0.00994	2.62	94527	940	470400	3899779	41.26
1967	35-39	0.00277	0.01375	2.63	93587	1287	464889	3429379	36.64
1967	40-44	0.00425	0.02102	2.68	92300	1940	456993	2964491	32.12
1967	45-49	0.00667	0.03284	2.67	90360	2967	444884	2507498	27.75
1967	50-54	0.01098	0.05353	2.67	87392	4678	426051	2062614	23.60
1967	55-59	0.01746	0.08387	2.65	82714	6937	397248	1636562	19.79
1967	60-64	0.02638	0.12406	2.61	75778	9401	356399	1239314	16.35
1967	65-69	0.03910	0.17868	2.59	66377	11860	303299	882915	13.30
1967	70-74	0.05746	0.25165	2.53	54516	13719	238740	579616	10.63
1967	75-79	0.08214	0.34023	2.48	40798	13881	168990	340876	8.36
1967	80-84	0.11986	0.45856	2.44	26917	12343	102983	171886	6.39
1967	85-89	0.18201	0.60920	2.29	14574	8878	48778	68903	4.73
1967	90-94	0.26172	0.74358	2.1	5696	4235	16182	20124	3.53
1967	95-99	0.35628	0.84766	1.91	1460	1238	3475	3943	2.70
1967	100-104	0.46752	0.91752	1.69	222	204	437	468	2.10
1967	105-109	0.58255	0.95648	1.49	18	18	30	31	1.71
1967	110+	0.67383	1.00000	1.48	1	1	1	1	1.48
1968	0	0.02234	0.02190	0.1	100000	2190	98040	6789644	67.90
1968	1-4	0.00099	0.00395	1.7	97810	387	390348	6691604	68.41
1968	5-9	0.00049	0.00244	2.28	97423	237	486470	6301256	64.68
1968	10-14	0.00048	0.00238	2.84	97186	232	485429	5814786	59.83
1968	15-19	0.00143	0.00713	2.89	96954	692	483312	5329356	54.97
1968	20-24	0.00195	0.00970	2.49	96263	934	478966	4846044	50.34
1968	25-29	0.00183	0.00909	2.5	95329	867	474477	4367079	45.81
1968	30-34	0.00198	0.00987	2.55	94462	933	470021	3892601	41.21
1968	35-39	0.00270	0.01339	2.61	93529	1253	464654	3422581	36.59
1968	40-44	0.00440	0.02176	2.71	92277	2008	456779	2957926	32.05
1968	45-49	0.00684	0.03366	2.66	90268	3038	444245	2501147	27.71
1968	50-54	0.01094	0.05337	2.69	87230	4655	425379	2056903	23.58
1968	55-59	0.01750	0.08401	2.62	82575	6937	396397	1631524	19.76
1968	60-64	0.02674	0.12569	2.61	75638	9507	355470	1235127	16.33
1968	65-69	0.03898	0.17794	2.55	66131	11767	301884	879656	13.30
1968	70-74	0.05807	0.25377	2.52	54364	13796	237591	577772	10.63
1968	75-79	0.08146	0.33757	2.46	40568	13695	168118	340181	8.39
1968	80-84	0.12050	0.46022	2.43	26873	12368	102639	172063	6.40
1968	85-89	0.17803	0.59835	2.26	14506	8679	48753	69423	4.79
1968	90-94	0.26173	0.74635	2.12	5826	4348	16614	20671	3.55
1968	95-99	0.34994	0.84198	1.92	1478	1244	3556	4057	2.74
1968	100-104	0.45814	0.91290	1.71	234	213	465	501	2.14
1968	105-109	0.57083	0.95340	1.51	20	19	34	35	1.74
1968	110+	0.66082	1.00000	1.51	1	1	1	1	1.51
1969	0	0.02216	0.02173	0.1	100000	2173	98054	6790980	67.91
1969	1-4	0.00090	0.00358	1.68	97827	350	390496	6692926	68.42
1969	5-9	0.00047	0.00236	2.35	97477	230	486775	6302430	64.66
1969	10-14	0.00043	0.00217	2.84	97247	211	485779	5815655	59.80
1969	15-19	0.00163	0.00810	2.84	97036	786	483479	5329876	54.93
1969	20-24	0.00217	0.01078	2.44	96250	1037	478598	4846397	50.35
1969	25-29	0.00202	0.01006	2.51	95213	958	473679	4367799	45.87
1969	30-34	0.00209	0.01039	2.61	94255	979	468928	3894119	41.31
1969	35-39	0.00284	0.01409	2.63	93275	1314	463262	3425191	36.72
1969	40-44	0.00436	0.02156	2.66	91961	1983	455165	2961929	32.21
1969	45-49	0.00671	0.03301	2.63	89979	2970	442858	2506763	27.86
1969	50-54	0.01078	0.05259	2.68	87008	4576	424405	2063905	23.72
1969	55-59	0.01685	0.08100	2.63	82433	6677	396311	1639500	19.89
1969	60-64	0.02595	0.12218	2.61	75756	9256	356673	1243189	16.41
1969	65-69	0.03858	0.17627	2.56	66500	11722	303840	886516	13.33
1969	70-74	0.05690	0.24956	2.54	54778	13671	240249	582676	10.64
1969	75-79	0.08332	0.34379	2.46	41107	14132	169614	342427	8.33
1969	80-84	0.12036	0.45970	2.43	26975	12400	103026	172813	6.41
1969	85-89	0.17989	0.60509	2.3	14575	8819	49023	69787	4.79
1969	90-94	0.25515	0.73901	2.15	5756	4253	16670	20763	3.61
1969	95-99	0.35272	0.84451	1.91	1502	1269	3597	4093	2.72
1969	100-104	0.46239	0.91503	1.7	234	214	462	496	2.13
1969	105-109	0.57624	0.95485	1.5	20	19	33	34	1.72
1969	110+	0.66690	1.00000	1.5	1	1	1	1	1.50
1970	0	0.02064	0.02026	0.1	100000	2026	98177	6834478	68.34
1970	1-4	0.00090	0.00358	1.75	97974	351	391105	6736301	68.76
1970	5-9	0.00048	0.00238	2.22	97623	233	487468	6345195	65.00
1970	10-14	0.00048	0.00240	2.77	97390	233	486429	5857727	60.15
1970	15-19	0.00152	0.00760	2.97	97157	738	484285	5371299	55.28
1970	20-24	0.00215	0.01068	2.4	96418	1030	479414	4887014	50.69
1970	25-29	0.00190	0.00945	2.54	95388	901	474722	4407600	46.21
1970	30-34	0.00197	0.00980	2.58	94487	926	470193	3932877	41.62
1970	35-39	0.00275	0.01367	2.68	93562	1279	464846	3462685	37.01
1970	40-44	0.00418	0.02069	2.68	92283	1910	456991	2997838	32.49
1970	45-49	0.00662	0.03260	2.67	90373	2946	444987	2540847	28.12
1970	50-54	0.01040	0.05077	2.69	87427	4438	426899	2095860	23.97
1970	55-59	0.01672	0.08037	2.61	82988	6670	399023	1668960	20.11
1970	60-64	0.02538	0.11961	2.6	76319	9129	359729	1269937	16.64
1970	65-69	0.03776	0.17294	2.57	67190	11620	307711	910208	13.55
1970	70-74	0.05438	0.24010	2.56	55571	13342	245351	602497	10.84
1970	75-79	0.08228	0.34067	2.48	42228	14386	174840	357146	8.46
1970	80-84	0.11737	0.45041	2.42	27842	12540	106842	182306	6.55
1970	85-89	0.17304	0.58925	2.29	15302	9017	52107	75464	4.93
1970	90-94	0.24729	0.72469	2.14	6285	4555	18419	23357	3.72
1970	95-99	0.33528	0.82843	1.95	1730	1434	4276	4938	2.85
1970	100-104	0.43904	0.90291	1.74	297	268	611	663	2.23
1970	105-109	0.54867	0.94710	1.54	29	27	50	52	1.81
1970	110+	0.63715	1.00000	1.57	2	2	2	2	1.57
1971	0	0.01896	0.01864	0.1	100000	1864	98315	6856119	68.56
1971	1-4	0.00092	0.00369	1.74	98136	362	391726	6757804	68.86
1971	5-9	0.00049	0.00245	2.29	97774	240	488223	6366078	65.11
1971	10-14	0.00043	0.00216	2.7	97535	211	487188	5877855	60.26
1971	15-19	0.00156	0.00777	2.92	97324	756	485050	5390666	55.39
1971	20-24	0.00214	0.01064	2.44	96568	1027	480210	4905617	50.80
1971	25-29	0.00188	0.00934	2.53	95541	892	475502	4425406	46.32
1971	30-34	0.00195	0.00970	2.49	94648	918	470934	3949905	41.73
1971	35-39	0.00267	0.01325	2.74	93730	1242	465840	3478971	37.12
1971	40-44	0.00408	0.02022	2.66	92489	1870	458073	3013131	32.58
1971	45-49	0.00654	0.03219	2.69	90619	2917	446347	2555058	28.20
1971	50-54	0.01036	0.05057	2.66	87701	4435	428110	2108711	24.04
1971	55-59	0.01603	0.07727	2.66	83266	6434	401268	1680600	20.18
1971	60-64	0.02515	0.11864	2.62	76833	9115	362475	1279332	16.65
1971	65-69	0.03727	0.17080	2.55	67717	11566	310292	916858	13.54
1971	70-74	0.05476	0.24150	2.56	56151	13560	247619	606565	10.80
1971	75-79	0.08298	0.34343	2.49	42591	14627	176268	358947	8.43
1971	80-84	0.11716	0.45018	2.43	27964	12589	107454	182679	6.53
1971	85-89	0.17588	0.59641	2.3	15375	9170	52139	75225	4.89
1971	90-94	0.24544	0.72189	2.15	6205	4479	18250	23086	3.72
1971	95-99	0.34198	0.83489	1.94	1726	1441	4213	4836	2.80
1971	100-104	0.44895	0.90831	1.72	285	259	576	623	2.19
1971	105-109	0.56119	0.95081	1.52	26	25	44	46	1.77
1971	110+	0.65126	1.00000	1.54	1	1	2	2	1.54
1972	0	0.01783	0.01755	0.09	100000	1755	98408	6885040	68.85
1972	1-4	0.00095	0.00379	1.67	98245	372	392115	6786632	69.08
1972	5-9	0.00042	0.00212	2.37	97874	207	488823	6394516	65.33
1972	10-14	0.00048	0.00240	2.69	97666	235	487791	5905693	60.47
1972	15-19	0.00162	0.00809	2.88	97432	788	485491	5417902	55.61
1972	20-24	0.00214	0.01063	2.4	96643	1027	480548	4932411	51.04
1972	25-29	0.00202	0.01003	2.48	95616	959	475664	4451863	46.56
1972	30-34	0.00197	0.00982	2.56	94657	929	471016	3976199	42.01
1972	35-39	0.00267	0.01326	2.71	93728	1243	465799	3505183	37.40
1972	40-44	0.00405	0.02008	2.68	92485	1857	458111	3039384	32.86
1972	45-49	0.00637	0.03139	2.67	90628	2845	446497	2581273	28.48
1972	50-54	0.00973	0.04755	2.65	87783	4174	429118	2134776	24.32
1972	55-59	0.01566	0.07549	2.63	83609	6312	403082	1705658	20.40
1972	60-64	0.02462	0.11636	2.66	77297	8995	365411	1302576	16.85
1972	65-69	0.03565	0.16414	2.59	68302	11211	314443	937165	13.72
1972	70-74	0.05321	0.23537	2.55	57091	13438	252538	622722	10.91
1972	75-79	0.08354	0.34486	2.47	43654	15054	180196	370184	8.48
1972	80-84	0.11525	0.44507	2.44	28599	12729	110442	189988	6.64
1972	85-89	0.16653	0.57413	2.3	15871	9112	54717	79546	5.01
1972	90-94	0.25099	0.73876	2.22	6759	4993	19894	24829	3.67
1972	95-99	0.34264	0.83583	1.94	1766	1476	4307	4936	2.80
1972	100-104	0.45254	0.91038	1.72	290	264	583	629	2.17
1972	105-109	0.56766	0.95271	1.51	26	25	44	45	1.75
1972	110+	0.65975	1.00000	1.52	1	1	2	2	1.52
1973	0	0.01750	0.01722	0.09	100000	1722	98436	6905063	69.05
1973	1-4	0.00086	0.00345	1.71	98278	339	392336	6806627	69.26
1973	5-9	0.00043	0.00217	2.31	97939	212	489122	6414291	65.49
1973	10-14	0.00042	0.00208	2.74	97726	204	488172	5925169	60.63
1973	15-19	0.00156	0.00779	2.94	97523	760	486052	5436997	55.75
1973	20-24	0.00210	0.01042	2.49	96763	1008	481287	4950944	51.17
1973	25-29	0.00189	0.00941	2.51	95755	901	476534	4469657	46.68
1973	30-34	0.00210	0.01046	2.51	94854	992	471804	3993123	42.10
1973	35-39	0.00250	0.01244	2.6	93862	1168	466507	3521319	37.52
1973	40-44	0.00380	0.01882	2.66	92694	1745	459379	3054813	32.96
1973	45-49	0.00622	0.03064	2.67	90949	2787	448243	2595433	28.54
1973	50-54	0.00953	0.04661	2.66	88162	4109	431214	2147190	24.36
1973	55-59	0.01564	0.07543	2.64	84053	6340	405294	1715976	20.42
1973	60-64	0.02418	0.11428	2.61	77713	8881	367301	1310682	16.87
1973	65-69	0.03550	0.16360	2.6	68832	11261	317173	943381	13.71
1973	70-74	0.05350	0.23652	2.55	57571	13617	254540	626208	10.88
1973	75-79	0.08045	0.33487	2.5	43954	14719	182951	371669	8.46
1973	80-84	0.11798	0.45173	2.41	29235	13206	111941	188718	6.46
1973	85-89	0.17728	0.59929	2.3	16029	9606	54187	76777	4.79
1973	90-94	0.26330	0.74540	2.09	6423	4788	18183	22590	3.52
1973	95-99	0.35681	0.84831	1.91	1635	1387	3888	4407	2.69
1973	100-104	0.46986	0.91873	1.69	248	228	485	519	2.09
1973	105-109	0.58657	0.95754	1.48	20	19	33	34	1.69
1973	110+	0.67896	1.00000	1.47	1	1	1	1	1.47
1974	0	0.01721	0.01695	0.09	100000	1695	98460	6956859	69.57
1974	1-4	0.00083	0.00330	1.76	98305	324	392495	6858399	69.77
1974	5-9	0.00042	0.00210	2.39	97981	206	489367	6465904	65.99
1974	10-14	0.00042	0.00210	2.91	97775	205	488445	5976537	61.13
1974	15-19	0.00148	0.00740	2.94	97569	722	486357	5488091	56.25
1974	20-24	0.00205	0.01021	2.49	96847	989	481761	5001734	51.65
1974	25-29	0.00184	0.00916	2.43	95859	878	477036	4519973	47.15
1974	30-34	0.00189	0.00941	2.55	94981	894	472717	4042937	42.57
1974	35-39	0.00245	0.01220	2.65	94087	1148	467738	3570221	37.95
1974	40-44	0.00372	0.01844	2.66	92939	1714	460691	3102482	33.38
1974	45-49	0.00603	0.02971	2.66	91225	2710	449772	2641791	28.96
1974	50-54	0.00943	0.04614	2.64	88514	4084	432942	2192020	24.76
1974	55-59	0.01467	0.07092	2.65	84430	5988	408085	1759078	20.83
1974	60-64	0.02334	0.11052	2.6	78442	8670	371395	1350993	17.22
1974	65-69	0.03406	0.15742	2.6	69772	10984	322482	979597	14.04
1974	70-74	0.05175	0.22952	2.54	58789	13493	260749	657115	11.18
1974	75-79	0.07598	0.31930	2.5	45296	14463	190342	396367	8.75
1974	80-84	0.11229	0.43611	2.44	30833	13447	119749	206025	6.68
1974	85-89	0.17228	0.58949	2.32	17386	10249	59490	86276	4.96
1974	90-94	0.24291	0.71598	2.13	7137	5110	21037	26786	3.75
1974	95-99	0.33721	0.83073	1.95	2027	1684	4994	5749	2.84
1974	100-104	0.44534	0.90663	1.73	343	311	699	755	2.20
1974	105-109	0.55924	0.95037	1.53	32	30	54	57	1.78
1974	110+	0.65075	1.00000	1.54	2	2	2	2	1.54
1975	0	0.01632	0.01608	0.09	100000	1608	98535	6992273	69.92
1975	1-4	0.00079	0.00315	1.68	98392	310	392848	6893738	70.06
1975	5-9	0.00036	0.00179	2.28	98082	175	489932	6500890	66.28
1975	10-14	0.00039	0.00196	2.79	97906	192	489109	6010958	61.39
1975	15-19	0.00139	0.00694	3.03	97715	678	487240	5521849	56.51
1975	20-24	0.00215	0.01072	2.53	97036	1040	482616	5034609	51.88
1975	25-29	0.00202	0.01003	2.39	95997	962	477474	4551992	47.42
1975	30-34	0.00192	0.00954	2.54	95034	907	472936	4074518	42.87
1975	35-39	0.00246	0.01221	2.56	94127	1149	467833	3601582	38.26
1975	40-44	0.00357	0.01770	2.69	92978	1646	461092	3133749	33.70
1975	45-49	0.00568	0.02804	2.69	91332	2561	450742	2672658	29.26
1975	50-54	0.00917	0.04487	2.63	88771	3983	434414	2221916	25.03
1975	55-59	0.01421	0.06878	2.65	84788	5831	410259	1787502	21.08
1975	60-64	0.02232	0.10608	2.66	78957	8376	375210	1377243	17.44
1975	65-69	0.03352	0.15513	2.6	70581	10949	326672	1002033	14.20
1975	70-74	0.05072	0.22575	2.57	59632	13462	265416	675361	11.33
1975	75-79	0.07482	0.31544	2.52	46170	14564	194663	409945	8.88
1975	80-84	0.10931	0.42775	2.46	31606	13520	123680	215283	6.81
1975	85-89	0.16714	0.57795	2.33	18087	10453	62541	91602	5.06
1975	90-94	0.23851	0.70845	2.14	7633	5408	22674	29062	3.81
1975	95-99	0.33261	0.82654	1.96	2226	1840	5531	6388	2.87
1975	100-104	0.44125	0.90459	1.74	386	349	791	857	2.22
1975	105-109	0.55614	0.94957	1.53	37	35	63	66	1.79
1975	110+	0.64860	1.00000	1.54	2	2	3	3	1.54
1976	0	0.01499	0.01479	0.09	100000	1479	98647	7031781	70.32
1976	1-4	0.00084	0.00334	1.63	98521	329	393306	6933134	70.37
1976	5-9	0.00035	0.00177	2.2	98192	173	490476	6539828	66.60
1976	10-14	0.00038	0.00189	2.86	98019	185	489699	6049352	61.72
1976	15-19	0.00133	0.00661	2.95	97834	647	487848	5559653	56.83
1976	20-24	0.00206	0.01023	2.5	97188	994	483452	5071805	52.19
1976	25-29	0.00191	0.00951	2.5	96194	915	478681	4588353	47.70
1976	30-34	0.00191	0.00948	2.55	95279	904	474184	4109671	43.13
1976	35-39	0.00240	0.01192	2.63	94376	1125	469214	3635487	38.52
1976	40-44	0.00352	0.01747	2.65	93250	1629	462418	3166273	33.95
1976	45-49	0.00569	0.02808	2.67	91621	2573	452114	2703855	29.51
1976	50-54	0.00890	0.04361	2.66	89048	3883	436140	2251741	25.29
1976	55-59	0.01377	0.06673	2.67	85165	5683	412558	1815602	21.32
1976	60-64	0.02167	0.10307	2.63	79483	8192	377974	1403044	17.65
1976	65-69	0.03300	0.15285	2.59	71291	10897	330180	1025069	14.38
1976	70-74	0.04808	0.21503	2.55	60394	12987	270130	694889	11.51
1976	75-79	0.07351	0.31078	2.51	47407	14733	200412	424759	8.96
1976	80-84	0.10832	0.42499	2.47	32674	13886	128192	224347	6.87
1976	85-89	0.16383	0.56952	2.32	18788	10700	65313	96155	5.12
1976	90-94	0.23788	0.71118	2.17	8088	5752	24180	30842	3.81
1976	95-99	0.33479	0.82886	1.95	2336	1936	5783	6662	2.85
1976	100-104	0.44582	0.90717	1.73	400	363	813	879	2.20
1976	105-109	0.56289	0.95155	1.52	37	35	63	65	1.76
1976	110+	0.65679	1.00000	1.52	2	2	3	3	1.52
1977	0	0.01442	0.01424	0.08	100000	1424	98696	7074560	70.75
1977	1-4	0.00074	0.00296	1.65	98576	292	393620	6975864	70.77
1977	5-9	0.00041	0.00206	2.3	98285	203	490876	6582244	66.97
1977	10-14	0.00036	0.00180	2.83	98082	177	490026	6091369	62.10
1977	15-19	0.00148	0.00739	2.93	97905	723	488029	5601343	57.21
1977	20-24	0.00210	0.01044	2.49	97182	1014	483363	5113313	52.62
1977	25-29	0.00195	0.00970	2.49	96168	933	478497	4629951	48.14
1977	30-34	0.00180	0.00898	2.58	95235	855	474104	4151454	43.59
1977	35-39	0.00225	0.01117	2.6	94380	1054	469370	3677350	38.96
1977	40-44	0.00336	0.01667	2.66	93326	1556	462982	3207980	34.37
1977	45-49	0.00531	0.02622	2.72	91770	2406	453372	2744998	29.91
1977	50-54	0.00860	0.04216	2.66	89364	3768	438019	2291626	25.64
1977	55-59	0.01327	0.06435	2.65	85596	5508	415047	1853607	21.66
1977	60-64	0.02109	0.10040	2.61	80088	8041	381210	1438560	17.96
1977	65-69	0.03111	0.14466	2.58	72047	10422	335030	1057350	14.68
1977	70-74	0.04714	0.21158	2.58	61625	13039	276601	722320	11.72
1977	75-79	0.07034	0.29942	2.52	48586	14548	206828	445719	9.17
1977	80-84	0.10567	0.41776	2.5	34039	14220	134575	238891	7.02
1977	85-89	0.15632	0.55236	2.34	19819	10947	70027	104317	5.26
1977	90-94	0.23505	0.70493	2.16	8872	6254	26607	34289	3.87
1977	95-99	0.32423	0.81854	1.98	2618	2143	6609	7682	2.93
1977	100-104	0.43293	0.90020	1.76	475	428	988	1073	2.26
1977	105-109	0.54878	0.94752	1.55	47	45	82	86	1.81
1977	110+	0.64238	1.00000	1.56	2	2	4	4	1.56
1978	0	0.01406	0.01388	0.08	100000	1388	98727	7076765	70.77
1978	1-4	0.00077	0.00308	1.73	98612	304	393758	6978039	70.76
1978	5-9	0.00036	0.00180	2.38	98308	177	491072	6584281	66.98
1978	10-14	0.00040	0.00200	2.83	98130	197	490223	6093209	62.09
1978	15-19	0.00147	0.00734	2.93	97934	719	488182	5602986	57.21
1978	20-24	0.00206	0.01025	2.46	97215	996	483539	5114804	52.61
1978	25-29	0.00196	0.00974	2.5	96218	937	478746	4631264	48.13
1978	30-34	0.00186	0.00928	2.54	95281	884	474226	4152518	43.58
1978	35-39	0.00233	0.01157	2.61	94397	1092	469373	3678292	38.97
1978	40-44	0.00336	0.01665	2.65	93305	1554	462877	3208919	34.39
1978	45-49	0.00536	0.02647	2.65	91751	2429	453055	2746042	29.93
1978	50-54	0.00850	0.04169	2.68	89323	3724	437961	2292987	25.67
1978	55-59	0.01312	0.06362	2.63	85599	5446	415106	1855026	21.67
1978	60-64	0.02075	0.09889	2.63	80153	7926	382018	1439920	17.96
1978	65-69	0.03111	0.14480	2.61	72227	10458	336178	1057901	14.65
1978	70-74	0.04738	0.21239	2.56	61768	13119	276893	721723	11.68
1978	75-79	0.06962	0.29660	2.51	48650	14430	207258	444831	9.14
1978	80-84	0.10684	0.41948	2.44	34220	14355	134360	237573	6.94
1978	85-89	0.15953	0.55994	2.34	19865	11123	69726	103213	5.20
1978	90-94	0.23774	0.71205	2.18	8742	6225	26183	33487	3.83
1978	95-99	0.32840	0.82264	1.97	2517	2071	6306	7304	2.90
1978	100-104	0.43766	0.90278	1.75	446	403	921	999	2.24
1978	105-109	0.55363	0.94893	1.54	43	41	74	78	1.79
1978	110+	0.64710	1.00000	1.55	2	2	3	3	1.55
1979	0	0.01341	0.01325	0.08	100000	1325	98782	7112908	71.13
1979	1-4	0.00073	0.00290	1.67	98675	287	394031	7014126	71.08
1979	5-9	0.00035	0.00174	2.32	98388	171	491483	6620095	67.29
1979	10-14	0.00037	0.00183	2.75	98217	180	490679	6128612	62.40
1979	15-19	0.00152	0.00756	2.97	98037	742	488679	5637933	57.51
1979	20-24	0.00207	0.01031	2.47	97295	1003	483940	5149254	52.92
1979	25-29	0.00199	0.00992	2.45	96292	956	479027	4665314	48.45
1979	30-34	0.00182	0.00904	2.47	95336	862	474505	4186287	43.91
1979	35-39	0.00220	0.01095	2.6	94474	1035	469884	3711782	39.29
1979	40-44	0.00325	0.01612	2.67	93440	1506	463685	3241898	34.70
1979	45-49	0.00523	0.02583	2.67	91934	2375	454131	2778213	30.22
1979	50-54	0.00833	0.04083	2.65	89559	3657	439200	2324082	25.95
1979	55-59	0.01271	0.06169	2.65	85902	5299	417052	1884882	21.94
1979	60-64	0.01966	0.09398	2.67	80603	7575	385331	1467829	18.21
1979	65-69	0.02998	0.13988	2.61	73028	10215	340726	1082498	14.82
1979	70-74	0.04580	0.20604	2.56	62813	12942	282548	741772	11.81
1979	75-79	0.06937	0.29602	2.53	49871	14763	212823	459224	9.21
1979	80-84	0.10488	0.41325	2.44	35108	14508	138333	246401	7.02
1979	85-89	0.15856	0.55733	2.34	20600	11481	72407	108069	5.25
1979	90-94	0.23233	0.70602	2.22	9119	6438	27711	35661	3.91
1979	95-99	0.32055	0.81466	1.98	2681	2184	6813	7950	2.97
1979	100-104	0.42713	0.89678	1.77	497	446	1043	1137	2.29
1979	105-109	0.54117	0.94514	1.56	51	48	90	94	1.83
1979	110+	0.63362	1.00000	1.58	3	3	4	4	1.58
1980	0	0.01292	0.01276	0.08	100000	1276	98825	7106188	71.06
1980	1-4	0.00073	0.00293	1.61	98724	289	394204	7007363	70.98
1980	5-9	0.00033	0.00166	2.47	98435	164	491759	6613159	67.18
1980	10-14	0.00037	0.00185	2.77	98271	182	490948	6121400	62.29
1980	15-19	0.00149	0.00745	2.92	98089	731	488922	5630451	57.40
1980	20-24	0.00200	0.00995	2.48	97358	968	484345	5141529	52.81
1980	25-29	0.00195	0.00969	2.46	96390	934	479579	4657184	48.32
1980	30-34	0.00192	0.00957	2.5	95456	914	475000	4177605	43.76
1980	35-39	0.00227	0.01130	2.61	94542	1068	470153	3702605	39.16
1980	40-44	0.00329	0.01631	2.6	93474	1525	463710	3232452	34.58
1980	45-49	0.00524	0.02588	2.67	91949	2380	454203	2768742	30.11
1980	50-54	0.00814	0.03994	2.66	89569	3577	439468	2314539	25.84
1980	55-59	0.01286	0.06243	2.64	85992	5368	417272	1875071	21.81
1980	60-64	0.01968	0.09405	2.65	80624	7583	385285	1457799	18.08
1980	65-69	0.03064	0.14271	2.6	73041	10424	340224	1072514	14.68
1980	70-74	0.04641	0.20845	2.56	62618	13052	281249	732290	11.69
1980	75-79	0.07014	0.29870	2.52	49565	14805	211082	451041	9.10
1980	80-84	0.10624	0.41840	2.46	34760	14544	136901	239958	6.90
1980	85-89	0.16299	0.56654	2.31	20216	11453	70269	103058	5.10
1980	90-94	0.24393	0.72217	2.18	8763	6328	25944	32789	3.74
1980	95-99	0.33991	0.83399	1.95	2435	2030	5973	6845	2.81
1980	100-104	0.45480	0.91198	1.72	404	369	810	872	2.16
1980	105-109	0.57516	0.95494	1.5	36	34	59	61	1.73
1980	110+	0.67106	1.00000	1.49	2	2	2	2	1.49
1981	0	0.01178	0.01166	0.08	100000	1166	98924	7158834	71.59
1981	1-4	0.00070	0.00279	1.69	98834	276	394701	7059910	71.43
1981	5-9	0.00035	0.00177	2.33	98559	175	492326	6665210	67.63
1981	10-14	0.00036	0.00181	2.81	98384	178	491529	6172883	62.74
1981	15-19	0.00129	0.00643	2.98	98206	632	489752	5681355	57.85
1981	20-24	0.00185	0.00921	2.51	97574	899	485632	5191602	53.21
1981	25-29	0.00179	0.00889	2.48	96675	859	481209	4705971	48.68
1981	30-34	0.00192	0.00954	2.48	95816	915	476776	4224762	44.09
1981	35-39	0.00218	0.01084	2.66	94901	1028	472104	3747985	39.49
1981	40-44	0.00314	0.01560	2.64	93873	1465	465907	3275881	34.90
1981	45-49	0.00499	0.02465	2.67	92408	2278	456733	2809975	30.41
1981	50-54	0.00809	0.03970	2.68	90130	3578	442341	2353242	26.11
1981	55-59	0.01247	0.06058	2.64	86552	5243	420380	1910901	22.08
1981	60-64	0.01902	0.09103	2.64	81309	7401	389069	1490521	18.33
1981	65-69	0.02953	0.13790	2.6	73908	10192	345097	1101452	14.90
1981	70-74	0.04561	0.20533	2.58	63716	13083	286867	756356	11.87
1981	75-79	0.06734	0.28873	2.53	50633	14619	217083	469489	9.27
1981	80-84	0.10511	0.41419	2.44	36014	14916	141916	252406	7.01
1981	85-89	0.15913	0.55983	2.35	21097	11811	74220	110490	5.24
1981	90-94	0.23088	0.69849	2.17	9286	6486	28094	36270	3.91
1981	95-99	0.32600	0.82034	1.97	2800	2297	7046	8177	2.92
1981	100-104	0.43530	0.90153	1.75	503	454	1042	1131	2.25
1981	105-109	0.55157	0.94836	1.54	50	47	85	89	1.80
1981	110+	0.64538	1.00000	1.55	3	3	4	4	1.55
1982	0	0.01135	0.01123	0.08	100000	1123	98962	7187930	71.88
1982	1-4	0.00062	0.00248	1.68	98877	245	394940	7088968	71.69
1982	5-9	0.00033	0.00163	2.33	98632	161	492731	6694028	67.87
1982	10-14	0.00034	0.00168	2.96	98471	166	492019	6201297	62.98
1982	15-19	0.00119	0.00592	2.98	98306	582	490351	5709277	58.08
1982	20-24	0.00174	0.00864	2.5	97724	844	486506	5218926	53.40
1982	25-29	0.00171	0.00853	2.54	96879	826	482362	4732420	48.85
1982	30-34	0.00178	0.00884	2.48	96053	849	478129	4250059	44.25
1982	35-39	0.00216	0.01072	2.63	95204	1021	473602	3771929	39.62
1982	40-44	0.00300	0.01490	2.68	94183	1404	467662	3298327	35.02
1982	45-49	0.00485	0.02399	2.67	92780	2225	458718	2830666	30.51
1982	50-54	0.00781	0.03834	2.65	90554	3472	444607	2371947	26.19
1982	55-59	0.01223	0.05943	2.64	87083	5175	423185	1927340	22.13
1982	60-64	0.01895	0.09066	2.62	81908	7426	391842	1504155	18.36
1982	65-69	0.02944	0.13761	2.63	74482	10249	348168	1112312	14.93
1982	70-74	0.04464	0.20135	2.57	64233	12934	289761	764144	11.90
1982	75-79	0.06807	0.29158	2.54	51299	14958	219747	474383	9.25
1982	80-84	0.10583	0.41745	2.47	36341	15171	143348	254636	7.01
1982	85-89	0.15825	0.55597	2.33	21170	11770	74378	111288	5.26
1982	90-94	0.22961	0.69985	2.21	9400	6579	28653	36910	3.93
1982	95-99	0.32526	0.81956	1.97	2822	2312	7109	8257	2.93
1982	100-104	0.43410	0.90084	1.75	509	459	1056	1148	2.25
1982	105-109	0.54998	0.94787	1.54	50	48	87	91	1.80
1982	110+	0.64354	1.00000	1.55	3	3	4	4	1.55
1983	0	0.01066	0.01055	0.07	100000	1055	99022	7224400	72.24
1983	1-4	0.00061	0.00242	1.65	98945	240	395216	7125378	72.01
1983	5-9	0.00033	0.00165	2.4	98705	163	493101	6730162	68.18
1983	10-14	0.00032	0.00159	2.83	98542	157	492368	6237061	63.29
1983	15-19	0.00113	0.00561	2.93	98385	552	490782	5744693	58.39
1983	20-24	0.00164	0.00818	2.49	97832	801	487150	5253911	53.70
1983	25-29	0.00163	0.00813	2.49	97032	789	483180	4766761	49.13
1983	30-34	0.00179	0.00890	2.53	96243	857	479097	4283582	44.51
1983	35-39	0.00204	0.01016	2.57	95386	969	474580	3804484	39.89
1983	40-44	0.00297	0.01474	2.62	94417	1392	468772	3329904	35.27
1983	45-49	0.00465	0.02301	2.7	93026	2140	460207	2861133	30.76
1983	50-54	0.00755	0.03711	2.67	90886	3373	446565	2400926	26.42
1983	55-59	0.01225	0.05954	2.64	87513	5210	425244	1954360	22.33
1983	60-64	0.01846	0.08844	2.64	82302	7279	394342	1529116	18.58
1983	65-69	0.02817	0.13203	2.63	75023	9905	351668	1134774	15.13
1983	70-74	0.04358	0.19716	2.59	65118	12838	294593	783106	12.03
1983	75-79	0.06682	0.28692	2.54	52279	15000	224467	488513	9.34
1983	80-84	0.10352	0.40971	2.46	37280	15274	147544	264046	7.08
1983	85-89	0.15604	0.55164	2.34	22006	12139	77797	116503	5.29
1983	90-94	0.22954	0.69626	2.18	9866	6870	29928	38705	3.92
1983	95-99	0.32480	0.81930	1.98	2997	2455	7560	8777	2.93
1983	100-104	0.43516	0.90158	1.75	542	488	1122	1218	2.25
1983	105-109	0.55266	0.94874	1.54	53	51	91	96	1.80
1983	110+	0.64742	1.00000	1.54	3	3	4	4	1.54
1984	0	0.01085	0.01074	0.07	100000	1074	99006	7211447	72.11
1984	1-4	0.00058	0.00233	1.66	98926	231	395164	7112442	71.90
1984	5-9	0.00032	0.00160	2.29	98695	158	493048	6717278	68.06
1984	10-14	0.00032	0.00161	2.72	98537	159	492324	6224230	63.17
1984	15-19	0.00116	0.00576	2.93	98378	567	490718	5731906	58.26
1984	20-24	0.00171	0.00850	2.51	97812	832	486990	5241188	53.58
1984	25-29	0.00165	0.00823	2.44	96980	798	482855	4754198	49.02
1984	30-34	0.00186	0.00926	2.56	96182	891	478738	4271344	44.41
1984	35-39	0.00225	0.01117	2.58	95291	1064	473882	3792605	39.80
1984	40-44	0.00305	0.01512	2.6	94227	1424	467713	3318724	35.22
1984	45-49	0.00449	0.02222	2.7	92803	2062	459275	2851010	30.72
1984	50-54	0.00758	0.03722	2.67	90740	3377	445832	2391735	26.36
1984	55-59	0.01206	0.05864	2.65	87363	5123	424753	1945904	22.27
1984	60-64	0.01877	0.08987	2.64	82240	7391	393776	1521150	18.50
1984	65-69	0.02831	0.13274	2.66	74849	9935	350966	1127374	15.06
1984	70-74	0.04371	0.19763	2.58	64914	12829	293531	776408	11.96
1984	75-79	0.06702	0.28764	2.54	52085	14982	223530	482877	9.27
1984	80-84	0.10472	0.41335	2.45	37103	15337	146451	259347	6.99
1984	85-89	0.16030	0.56204	2.34	21766	12234	76316	112896	5.19
1984	90-94	0.23601	0.70907	2.19	9533	6759	28640	36580	3.84
1984	95-99	0.33314	0.82758	1.96	2773	2295	6890	7940	2.86
1984	100-104	0.44622	0.90759	1.73	478	434	973	1050	2.20
1984	105-109	0.56554	0.95240	1.52	44	42	74	78	1.76
1984	110+	0.66113	1.00000	1.51	2	2	3	3	1.51
1985	0	0.01130	0.01118	0.08	100000	1118	98966	7200349	72.00
1985	1-4	0.00059	0.00234	1.62	98882	231	394977	7101383	71.82
1985	5-9	0.00030	0.00150	2.53	98651	148	492888	6706406	67.98
1985	10-14	0.00032	0.00159	2.81	98503	156	492172	6213518	63.08
1985	15-19	0.00117	0.00584	2.93	98347	574	490547	5721346	58.18
1985	20-24	0.00165	0.00823	2.53	97772	804	486873	5230799	53.50
1985	25-29	0.00170	0.00848	2.49	96968	822	482780	4743926	48.92
1985	30-34	0.00195	0.00972	2.56	96146	935	478445	4261147	44.32
1985	35-39	0.00235	0.01169	2.54	95211	1113	473319	3782702	39.73
1985	40-44	0.00311	0.01543	2.62	94099	1452	467035	3309382	35.17
1985	45-49	0.00465	0.02301	2.63	92647	2131	458186	2842348	30.68
1985	50-54	0.00740	0.03639	2.64	90515	3294	444817	2384162	26.34
1985	55-59	0.01220	0.05930	2.65	87221	5172	423944	1939345	22.23
1985	60-64	0.01852	0.08867	2.61	82049	7275	392864	1515401	18.47
1985	65-69	0.02769	0.12994	2.63	74774	9716	350861	1122537	15.01
1985	70-74	0.04406	0.19905	2.58	65058	12950	293936	771676	11.86
1985	75-79	0.06876	0.29392	2.53	52108	15316	222737	477740	9.17
1985	80-84	0.10566	0.41592	2.44	36792	15303	144828	255004	6.93
1985	85-89	0.16148	0.56435	2.33	21489	12128	75103	110176	5.13
1985	90-94	0.24369	0.72088	2.17	9362	6749	27694	35073	3.75
1985	95-99	0.33825	0.83246	1.95	2613	2175	6431	7379	2.82
1985	100-104	0.45288	0.91103	1.72	438	399	881	948	2.17
1985	105-109	0.57317	0.95443	1.51	39	37	65	68	1.73
1985	110+	0.66911	1.00000	1.49	2	2	3	3	1.49
1986	0	0.01052	0.01042	0.07	100000	1042	99034	7218130	72.18
1986	1-4	0.00056	0.00224	1.64	98958	222	395308	7119096	71.94
1986	5-9	0.00027	0.00134	2.44	98736	133	493340	6723787	68.10
1986	10-14	0.00034	0.00171	2.89	98603	169	492658	6230448	63.19
1986	15-19	0.00130	0.00646	2.9	98434	636	490834	5737789	58.29
1986	20-24	0.00175	0.00871	2.51	97798	852	486869	5246955	53.65
1986	25-29	0.00180	0.00898	2.52	96946	871	482571	4760085	49.10
1986	30-34	0.00215	0.01072	2.57	96076	1029	477876	4277515	44.52
1986	35-39	0.00261	0.01296	2.56	95046	1232	472228	3799639	39.98
1986	40-44	0.00320	0.01590	2.62	93814	1492	465518	3327411	35.47
1986	45-49	0.00470	0.02322	2.63	92323	2144	456540	2861893	31.00
1986	50-54	0.00737	0.03624	2.65	90179	3268	443225	2405353	26.67
1986	55-59	0.01164	0.05665	2.67	86911	4923	423058	1962129	22.58
1986	60-64	0.01826	0.08752	2.63	81987	7176	392953	1539071	18.77
1986	65-69	0.02691	0.12642	2.61	74812	9457	351493	1146117	15.32
1986	70-74	0.04316	0.19536	2.58	65354	12768	295842	794624	12.16
1986	75-79	0.06380	0.27592	2.55	52587	14510	227435	498783	9.48
1986	80-84	0.10276	0.40771	2.47	38077	15524	151076	271347	7.13
1986	85-89	0.15282	0.54355	2.35	22553	12258	80217	120271	5.33
1986	90-94	0.23347	0.70322	2.17	10294	7239	31007	40054	3.89
1986	95-99	0.32079	0.81521	1.98	3055	2491	7764	9048	2.96
1986	100-104	0.42997	0.89864	1.76	565	507	1180	1284	2.27
1986	105-109	0.54668	0.94697	1.55	57	54	99	104	1.81
1986	110+	0.64110	1.00000	1.56	3	3	5	5	1.56
1987	0	0.01084	0.01073	0.07	100000	1073	99006	7221865	72.22
1987	1-4	0.00060	0.00240	1.58	98927	238	395132	7122859	72.00
1987	5-9	0.00028	0.00141	2.49	98689	140	493095	6727727	68.17
1987	10-14	0.00033	0.00166	2.85	98550	163	492397	6234631	63.26
1987	15-19	0.00123	0.00613	2.94	98386	604	490688	5742235	58.36
1987	20-24	0.00169	0.00844	2.5	97783	825	486852	5251547	53.71
1987	25-29	0.00172	0.00856	2.48	96958	830	482700	4764695	49.14
1987	30-34	0.00213	0.01060	2.57	96127	1019	478161	4281995	44.54
1987	35-39	0.00263	0.01306	2.5	95108	1242	472431	3803834	39.99
1987	40-44	0.00332	0.01646	2.61	93866	1545	465633	3331403	35.49
1987	45-49	0.00468	0.02313	2.61	92320	2135	456498	2865771	31.04
1987	50-54	0.00738	0.03630	2.69	90185	3273	443376	2409273	26.71
1987	55-59	0.01163	0.05661	2.64	86912	4920	422948	1965897	22.62
1987	60-64	0.01798	0.08622	2.62	81992	7069	393147	1542949	18.82
1987	65-69	0.02630	0.12369	2.6	74922	9267	352394	1149802	15.35
1987	70-74	0.04215	0.19140	2.6	65655	12566	298148	797408	12.15
1987	75-79	0.06487	0.28013	2.57	53089	14872	229236	499260	9.40
1987	80-84	0.10239	0.40601	2.45	38217	15516	151541	270024	7.07
1987	85-89	0.15672	0.55363	2.35	22701	12568	80193	118483	5.22
1987	90-94	0.24065	0.71384	2.15	10133	7233	30058	38289	3.78
1987	95-99	0.33606	0.83070	1.96	2900	2409	7168	8231	2.84
1987	100-104	0.45261	0.91110	1.72	491	447	988	1064	2.17
1987	105-109	0.57508	0.95504	1.5	44	42	72	75	1.73
1987	110+	0.67265	1.00000	1.49	2	2	3	3	1.49
1988	0	0.01015	0.01005	0.07	100000	1005	99067	7232402	72.32
1988	1-4	0.00052	0.00206	1.65	98995	204	395499	7133335	72.06
1988	5-9	0.00027	0.00136	2.34	98791	134	493598	6737836	68.20
1988	10-14	0.00034	0.00169	2.87	98657	167	492927	6244238	63.29
1988	15-19	0.00123	0.00613	2.95	98490	604	491210	5751311	58.40
1988	20-24	0.00165	0.00822	2.49	97886	805	487406	5260101	53.74
1988	25-29	0.00174	0.00865	2.55	97081	839	483343	4772695	49.16
1988	30-34	0.00219	0.01089	2.57	96241	1048	478661	4289352	44.57
1988	35-39	0.00277	0.01374	2.57	95194	1308	472789	3810691	40.03
1988	40-44	0.00332	0.01644	2.6	93886	1544	465722	3337902	35.55
1988	45-49	0.00469	0.02317	2.62	92342	2140	456617	2872180	31.10
1988	50-54	0.00709	0.03486	2.68	90202	3145	443715	2415564	26.78
1988	55-59	0.01133	0.05518	2.66	87057	4804	424045	1971849	22.65
1988	60-64	0.01809	0.08674	2.62	82253	7135	394290	1547803	18.82
1988	65-69	0.02665	0.12528	2.62	75119	9411	353182	1153513	15.36
1988	70-74	0.04176	0.18991	2.62	65708	12478	298811	800331	12.18
1988	75-79	0.06418	0.27702	2.53	53229	14746	229753	501519	9.42
1988	80-84	0.10327	0.40914	2.46	38484	15745	152464	271767	7.06
1988	85-89	0.15578	0.55190	2.36	22738	12549	80556	119302	5.25
1988	90-94	0.23826	0.71161	2.17	10189	7251	30432	38747	3.80
1988	95-99	0.33725	0.83184	1.95	2938	2444	7248	8315	2.83
1988	100-104	0.45424	0.91192	1.72	494	451	992	1067	2.16
1988	105-109	0.57698	0.95553	1.5	44	42	72	75	1.72
1988	110+	0.67467	1.00000	1.48	2	2	3	3	1.48
1989	0	0.01029	0.01019	0.07	100000	1019	99055	7251413	72.51
1989	1-4	0.00053	0.00213	1.59	98981	211	395418	7152358	72.26
1989	5-9	0.00024	0.00118	2.63	98771	117	493575	6756941	68.41
1989	10-14	0.00031	0.00154	2.88	98654	152	492945	6263366	63.49
1989	15-19	0.00124	0.00619	2.91	98501	610	491231	5770420	58.58
1989	20-24	0.00159	0.00791	2.53	97891	774	487542	5279189	53.93
1989	25-29	0.00186	0.00924	2.59	97117	898	483423	4791648	49.34
1989	30-34	0.00230	0.01146	2.62	96219	1103	478472	4308224	44.78
1989	35-39	0.00290	0.01440	2.52	95117	1369	472191	3829753	40.26
1989	40-44	0.00343	0.01701	2.6	93747	1594	464908	3357561	35.81
1989	45-49	0.00453	0.02239	2.62	92153	2064	455853	2892653	31.39
1989	50-54	0.00705	0.03468	2.68	90089	3124	443189	2436801	27.05
1989	55-59	0.01115	0.05433	2.65	86965	4725	423713	1993612	22.92
1989	60-64	0.01763	0.08461	2.61	82240	6958	394585	1569899	19.09
1989	65-69	0.02591	0.12206	2.63	75282	9189	354648	1175314	15.61
1989	70-74	0.03980	0.18178	2.62	66093	12014	301880	820666	12.42
1989	75-79	0.06136	0.26690	2.56	54079	14433	235209	518786	9.59
1989	80-84	0.10011	0.39948	2.47	39645	15838	158205	283577	7.15
1989	85-89	0.15499	0.55010	2.36	23807	13097	84502	125372	5.27
1989	90-94	0.23667	0.70975	2.18	10711	7602	32121	40871	3.82
1989	95-99	0.33905	0.83387	1.95	3109	2592	7646	8749	2.81
1989	100-104	0.45932	0.91466	1.71	516	472	1028	1103	2.14
1989	105-109	0.58509	0.95766	1.49	44	42	72	75	1.70
1989	110+	0.68465	1.00000	1.46	2	2	3	3	1.46
1990	0	0.00952	0.00944	0.07	100000	944	99123	7276385	72.76
1990	1-4	0.00052	0.00206	1.63	99056	204	395741	7177262	72.46
1990	5-9	0.00024	0.00118	2.3	98852	117	493946	6781521	68.60
1990	10-14	0.00029	0.00146	3.04	98736	144	493396	6287575	63.68
1990	15-19	0.00124	0.00619	2.9	98591	610	491673	5794180	58.77
1990	20-24	0.00171	0.00853	2.51	97981	836	487823	5302507	54.12
1990	25-29	0.00186	0.00926	2.53	97145	899	483508	4814684	49.56
1990	30-34	0.00226	0.01122	2.58	96246	1080	478621	4331176	45.00
1990	35-39	0.00291	0.01444	2.56	95166	1374	472476	3852555	40.48
1990	40-44	0.00346	0.01718	2.55	93792	1611	465009	3380079	36.04
1990	45-49	0.00469	0.02317	2.62	92180	2136	455815	2915071	31.62
1990	50-54	0.00682	0.03356	2.65	90044	3021	443137	2459255	27.31
1990	55-59	0.01073	0.05231	2.65	87023	4552	424412	2016119	23.17
1990	60-64	0.01716	0.08244	2.62	82471	6799	396145	1591706	19.30
1990	65-69	0.02545	0.11996	2.62	75672	9077	356712	1195562	15.80
1990	70-74	0.03881	0.17750	2.6	66595	11821	304590	838849	12.60
1990	75-79	0.06032	0.26275	2.55	54774	14392	238603	534259	9.75
1990	80-84	0.09656	0.38883	2.5	40382	15702	162606	295656	7.32
1990	85-89	0.15005	0.53751	2.36	24680	13266	88406	133050	5.39
1990	90-94	0.22987	0.69865	2.19	11414	7975	34692	44644	3.91
1990	95-99	0.32861	0.82396	1.97	3440	2834	8625	9952	2.89
1990	100-104	0.44700	0.90854	1.73	606	550	1231	1327	2.19
1990	105-109	0.57219	0.95446	1.51	55	53	92	96	1.74
1990	110+	0.67211	1.00000	1.49	3	3	4	4	1.49
1991	0	0.00883	0.00876	0.07	100000	876	99184	7308623	73.09
1991	1-4	0.00043	0.00171	1.61	99124	169	396093	7209438	72.73
1991	5-9	0.00023	0.00113	2.37	98955	112	494481	6813346	68.85
1991	10-14	0.00031	0.00153	3.03	98843	151	493918	6318865	63.93
1991	15-19	0.00134	0.00670	2.93	98692	661	492090	5824947	59.02
1991	20-24	0.00166	0.00826	2.47	98031	810	488108	5332857	54.40
1991	25-29	0.00169	0.00840	2.55	97221	817	484106	4844749	49.83
1991	30-34	0.00216	0.01075	2.6	96405	1037	479536	4360643	45.23
1991	35-39	0.00285	0.01415	2.6	95368	1349	473598	3881107	40.70
1991	40-44	0.00354	0.01754	2.56	94018	1649	466069	3407509	36.24
1991	45-49	0.00456	0.02255	2.61	92369	2083	456873	2941441	31.84
1991	50-54	0.00668	0.03287	2.63	90286	2968	444400	2484568	27.52
1991	55-59	0.01044	0.05096	2.67	87318	4449	426204	2040167	23.36
1991	60-64	0.01647	0.07927	2.63	82869	6569	398808	1613963	19.48
1991	65-69	0.02521	0.11887	2.61	76300	9070	359798	1215155	15.93
1991	70-74	0.03805	0.17428	2.59	67230	11717	307927	855357	12.72
1991	75-79	0.05810	0.25428	2.55	55513	14116	242947	547430	9.86
1991	80-84	0.09647	0.38815	2.48	41398	16069	166564	304483	7.36
1991	85-89	0.14903	0.53621	2.39	25329	13582	91136	137919	5.45
1991	90-94	0.22506	0.69119	2.21	11747	8120	36078	46783	3.98
1991	95-99	0.32151	0.81664	1.99	3628	2963	9215	10705	2.95
1991	100-104	0.43643	0.90275	1.75	665	601	1376	1491	2.24
1991	105-109	0.55897	0.95082	1.53	65	62	110	115	1.78
1991	110+	0.65754	1.00000	1.52	3	3	5	5	1.52
1992	0	0.00791	0.00785	0.07	100000	785	99267	7331730	73.32
1992	1-4	0.00042	0.00170	1.64	99215	168	396463	7232463	72.90
1992	5-9	0.00020	0.00099	2.34	99046	98	494972	6836001	69.02
1992	10-14	0.00028	0.00142	2.94	98949	141	494453	6341028	64.08
1992	15-19	0.00125	0.00622	2.85	98808	615	492721	5846575	59.17
1992	20-24	0.00165	0.00823	2.42	98193	808	488883	5353854	54.52
1992	25-29	0.00167	0.00832	2.59	97385	810	484973	4864972	49.96
1992	30-34	0.00224	0.01116	2.61	96575	1077	480301	4379999	45.35
1992	35-39	0.00292	0.01449	2.6	95497	1384	474161	3899698	40.84
1992	40-44	0.00363	0.01799	2.56	94114	1693	466433	3425537	36.40
1992	45-49	0.00471	0.02330	2.59	92420	2153	456918	2959104	32.02
1992	50-54	0.00656	0.03232	2.66	90267	2917	444500	2502186	27.72
1992	55-59	0.01018	0.04969	2.64	87350	4341	426496	2057686	23.56
1992	60-64	0.01620	0.07804	2.64	83009	6478	399781	1631189	19.65
1992	65-69	0.02462	0.11620	2.59	76531	8893	361254	1231409	16.09
1992	70-74	0.03727	0.17112	2.61	67638	11574	310516	870155	12.86
1992	75-79	0.05727	0.25124	2.56	56064	14085	245928	559639	9.98
1992	80-84	0.09423	0.38164	2.51	41978	16020	170013	313711	7.47
1992	85-89	0.14456	0.52447	2.38	25958	13614	94176	143698	5.54
1992	90-94	0.22204	0.68780	2.23	12344	8490	38236	49522	4.01
1992	95-99	0.32395	0.81953	1.99	3854	3158	9749	11286	2.93
1992	100-104	0.44287	0.90652	1.74	695	630	1424	1537	2.21
1992	105-109	0.56916	0.95375	1.51	65	62	109	113	1.74
1992	110+	0.67016	1.00000	1.49	3	3	4	4	1.49
1993	0	0.00767	0.00761	0.07	100000	761	99289	7319302	73.19
1993	1-4	0.00046	0.00182	1.67	99239	181	396535	7220013	72.75
1993	5-9	0.00022	0.00111	2.42	99058	110	495007	6823478	68.88
1993	10-14	0.00031	0.00155	2.97	98948	153	494429	6328471	63.96
1993	15-19	0.00131	0.00651	2.86	98795	644	492598	5834042	59.05
1993	20-24	0.00169	0.00843	2.52	98151	828	488702	5341444	54.42
1993	25-29	0.00169	0.00844	2.59	97324	821	484643	4852741	49.86
1993	30-34	0.00232	0.01154	2.63	96502	1114	479870	4368099	45.26
1993	35-39	0.00296	0.01467	2.59	95389	1400	473577	3888228	40.76
1993	40-44	0.00384	0.01901	2.58	93989	1787	465614	3414651	36.33
1993	45-49	0.00456	0.02257	2.58	92202	2081	455975	2949037	31.98
1993	50-54	0.00659	0.03242	2.62	90122	2922	443664	2493062	27.66
1993	55-59	0.01022	0.04988	2.63	87200	4349	425713	2049398	23.50
1993	60-64	0.01595	0.07687	2.64	82851	6368	399240	1623685	19.60
1993	65-69	0.02424	0.11459	2.62	76482	8764	361578	1224444	16.01
1993	70-74	0.03723	0.17078	2.59	67718	11565	310668	862867	12.74
1993	75-79	0.05796	0.25387	2.56	56153	14255	245934	552199	9.83
1993	80-84	0.09636	0.38829	2.5	41897	16268	168836	306265	7.31
1993	85-89	0.15100	0.54132	2.39	25629	13873	91876	137429	5.36
1993	90-94	0.23188	0.70395	2.21	11755	8275	35687	45553	3.88
1993	95-99	0.33604	0.83140	1.96	3480	2893	8610	9866	2.83
1993	100-104	0.45846	0.91447	1.71	587	537	1170	1255	2.14
1993	105-109	0.58670	0.95817	1.49	50	48	82	85	1.69
1993	110+	0.68810	1.00000	1.45	2	2	3	3	1.45
1994	0	0.00782	0.00777	0.07	100000	777	99275	7345246	73.45
1994	1-4	0.00041	0.00163	1.67	99223	162	396516	7245971	73.03
1994	5-9	0.00021	0.00106	2.59	99061	105	495052	6849455	69.14
1994	10-14	0.00031	0.00156	2.94	98956	154	494462	6354403	64.21
1994	15-19	0.00126	0.00630	2.92	98802	623	492717	5859940	59.31
1994	20-24	0.00157	0.00784	2.44	98179	769	488923	5367224	54.67
1994	25-29	0.00167	0.00832	2.56	97410	810	485069	4878301	50.08
1994	30-34	0.00227	0.01127	2.67	96599	1089	480457	4393232	45.48
1994	35-39	0.00292	0.01449	2.61	95511	1384	474243	3912774	40.97
1994	40-44	0.00384	0.01903	2.61	94127	1791	466353	3438531	36.53
1994	45-49	0.00468	0.02315	2.6	92335	2137	456550	2972178	32.19
1994	50-54	0.00659	0.03246	2.61	90198	2928	443980	2515629	27.89
1994	55-59	0.00975	0.04767	2.65	87270	4160	426594	2071648	23.74
1994	60-64	0.01573	0.07582	2.65	83110	6302	400731	1645054	19.79
1994	65-69	0.02361	0.11181	2.63	76809	8588	363700	1244324	16.20
1994	70-74	0.03665	0.16838	2.59	68220	11487	313405	880624	12.91
1994	75-79	0.05566	0.24505	2.56	56733	13902	249764	567219	10.00
1994	80-84	0.09415	0.38080	2.49	42831	16310	173226	317455	7.41
1994	85-89	0.14734	0.53090	2.37	26521	14080	95560	144229	5.44
1994	90-94	0.22976	0.69978	2.21	12441	8706	37892	48669	3.91
1994	95-99	0.32938	0.82501	1.98	3735	3081	9355	10777	2.89
1994	100-104	0.45029	0.91042	1.73	654	595	1321	1422	2.18
1994	105-109	0.57789	0.95602	1.5	59	56	97	101	1.72
1994	110+	0.67937	1.00000	1.47	3	3	4	4	1.47
1995	0	0.00714	0.00709	0.06	100000	709	99337	7371645	73.72
1995	1-4	0.00040	0.00159	1.6	99291	158	396785	7272309	73.24
1995	5-9	0.00019	0.00097	2.53	99133	96	495428	6875523	69.36
1995	10-14	0.00029	0.00144	3.06	99037	143	494908	6380095	64.42
1995	15-19	0.00119	0.00593	2.94	98894	586	493262	5885187	59.51
1995	20-24	0.00163	0.00811	2.46	98308	797	489516	5391926	54.85
1995	25-29	0.00159	0.00793	2.55	97511	774	485661	4902410	50.28
1995	30-34	0.00221	0.01102	2.63	96737	1066	481161	4416749	45.66
1995	35-39	0.00284	0.01411	2.61	95671	1350	475125	3935588	41.14
1995	40-44	0.00381	0.01889	2.63	94321	1782	467377	3460463	36.69
1995	45-49	0.00462	0.02285	2.54	92539	2115	457488	2993086	32.34
1995	50-54	0.00647	0.03184	2.64	90424	2879	445324	2535598	28.04
1995	55-59	0.00976	0.04771	2.67	87545	4177	427979	2090274	23.88
1995	60-64	0.01564	0.07540	2.63	83368	6286	401973	1662295	19.94
1995	65-69	0.02270	0.10772	2.64	77083	8303	365792	1260322	16.35
1995	70-74	0.03641	0.16738	2.59	68779	11512	316167	894530	13.01
1995	75-79	0.05467	0.24099	2.54	57267	13801	252420	578363	10.10
1995	80-84	0.09145	0.37250	2.51	43466	16191	177044	325943	7.50
1995	85-89	0.14730	0.53116	2.38	27275	14487	98351	148899	5.46
1995	90-94	0.22528	0.69032	2.2	12788	8828	39185	50548	3.95
1995	95-99	0.33121	0.82712	1.97	3960	3275	9889	11363	2.87
1995	100-104	0.45527	0.91314	1.72	685	625	1373	1474	2.15
1995	105-109	0.58575	0.95806	1.49	59	57	97	101	1.70
1995	110+	0.68896	1.00000	1.45	2	2	4	4	1.45
1996	0	0.00678	0.00674	0.06	100000	674	99369	7431812	74.32
1996	1-4	0.00036	0.00143	1.62	99326	142	396966	7332443	73.82
1996	5-9	0.00017	0.00087	2.33	99184	86	495691	6935477	69.93
1996	10-14	0.00025	0.00125	2.97	99098	124	495238	6439786	64.98
1996	15-19	0.00108	0.00538	2.93	98974	533	493767	5944547	60.06
1996	20-24	0.00138	0.00687	2.44	98442	677	490479	5450780	55.37
1996	25-29	0.00135	0.00672	2.51	97765	657	487185	4960302	50.74
1996	30-34	0.00181	0.00902	2.62	97108	876	483452	4473116	46.06
1996	35-39	0.00251	0.01249	2.63	96232	1202	478310	3989664	41.46
1996	40-44	0.00331	0.01642	2.64	95031	1561	471464	3511355	36.95
1996	45-49	0.00450	0.02227	2.57	93470	2081	462293	3039891	32.52
1996	50-54	0.00604	0.02976	2.68	91389	2720	450633	2577598	28.20
1996	55-59	0.00943	0.04615	2.68	88669	4092	433843	2126964	23.99
1996	60-64	0.01497	0.07229	2.65	84577	6114	408520	1693122	20.02
1996	65-69	0.02245	0.10657	2.64	78463	8362	372546	1284601	16.37
1996	70-74	0.03560	0.16385	2.57	70101	11486	322600	912055	13.01
1996	75-79	0.05440	0.24009	2.56	58615	14073	258683	589455	10.06
1996	80-84	0.09345	0.37912	2.51	44542	16887	180697	330772	7.43
1996	85-89	0.14756	0.53196	2.38	27655	14711	99696	150075	5.43
1996	90-94	0.22999	0.69645	2.17	12944	9015	39196	50379	3.89
1996	95-99	0.33433	0.83003	1.97	3929	3261	9754	11183	2.85
1996	100-104	0.45846	0.91465	1.71	668	611	1332	1429	2.14
1996	105-109	0.58858	0.95870	1.48	57	55	93	96	1.69
1996	110+	0.69132	1.00000	1.45	2	2	3	3	1.45
1997	0	0.00661	0.00657	0.06	100000	657	99385	7489128	74.89
1997	1-4	0.00035	0.00139	1.57	99343	138	397038	7389743	74.39
1997	5-9	0.00017	0.00086	2.42	99205	85	495805	6992705	70.49
1997	10-14	0.00024	0.00122	2.71	99120	121	495321	6496900	65.55
1997	15-19	0.00098	0.00490	2.93	98999	485	493990	6001579	60.62
1997	20-24	0.00128	0.00639	2.46	98513	629	490968	5507589	55.91
1997	25-29	0.00119	0.00595	2.48	97884	582	487950	5016621	51.25
1997	30-34	0.00148	0.00739	2.65	97302	719	484819	4528671	46.54
1997	35-39	0.00197	0.00979	2.61	96583	946	480657	4043852	41.87
1997	40-44	0.00285	0.01416	2.66	95638	1354	475017	3563196	37.26
1997	45-49	0.00410	0.02031	2.65	94284	1915	466928	3088179	32.75
1997	50-54	0.00588	0.02901	2.67	92369	2680	455606	2621251	28.38
1997	55-59	0.00910	0.04453	2.66	89689	3994	439101	2165645	24.15
1997	60-64	0.01455	0.07037	2.67	85695	6031	414423	1726543	20.15
1997	65-69	0.02221	0.10553	2.65	79664	8407	378541	1312121	16.47
1997	70-74	0.03469	0.16007	2.59	71257	11406	328775	933579	13.10
1997	75-79	0.05409	0.23912	2.58	59851	14312	264570	604804	10.11
1997	80-84	0.09059	0.36961	2.51	45540	16832	185803	340235	7.47
1997	85-89	0.14838	0.53457	2.39	28708	15346	103425	154432	5.38
1997	90-94	0.23487	0.70725	2.19	13361	9450	40234	51006	3.82
1997	95-99	0.34655	0.84194	1.95	3912	3293	9503	10772	2.75
1997	100-104	0.47886	0.92439	1.68	618	572	1194	1269	2.05
1997	105-109	0.61508	0.96469	1.44	47	45	73	76	1.62
1997	110+	0.72045	1.00000	1.39	2	2	2	2	1.39
1998	0	0.00651	0.00647	0.06	100000	647	99393	7511876	75.12
1998	1-4	0.00031	0.00125	1.56	99353	125	397107	7412483	74.61
1998	5-9	0.00015	0.00075	2.2	99228	75	495931	7015376	70.70
1998	10-14	0.00024	0.00120	2.84	99153	119	495510	6519444	65.75
1998	15-19	0.00088	0.00439	2.95	99034	434	494281	6023935	60.83
1998	20-24	0.00125	0.00622	2.45	98600	614	491435	5529653	56.08
1998	25-29	0.00112	0.00556	2.53	97986	545	488582	5038219	51.42
1998	30-34	0.00135	0.00675	2.67	97441	657	485672	4549636	46.69
1998	35-39	0.00182	0.00907	2.63	96783	878	481839	4063965	41.99
1998	40-44	0.00280	0.01390	2.68	95905	1333	476430	3582126	37.35
1998	45-49	0.00404	0.02002	2.61	94572	1893	468343	3105696	32.84
1998	50-54	0.00579	0.02857	2.62	92679	2648	457081	2637353	28.46
1998	55-59	0.00898	0.04395	2.63	90031	3957	440767	2180272	24.22
1998	60-64	0.01435	0.06942	2.68	86074	5975	416519	1739505	20.21
1998	65-69	0.02191	0.10414	2.62	80099	8342	380665	1322987	16.52
1998	70-74	0.03493	0.16130	2.63	71757	11574	331357	942321	13.13
1998	75-79	0.05324	0.23548	2.55	60183	14172	266201	610964	10.15
1998	80-84	0.09074	0.37069	2.53	46011	17056	187960	344763	7.49
1998	85-89	0.14791	0.53496	2.41	28955	15490	104727	156803	5.42
1998	90-94	0.23120	0.70488	2.23	13466	9492	41054	52075	3.87
1998	95-99	0.34384	0.83947	1.95	3974	3336	9702	11021	2.77
1998	100-104	0.47518	0.92277	1.69	638	589	1239	1319	2.07
1998	105-109	0.61089	0.96382	1.45	49	47	78	80	1.63
1998	110+	0.71622	1.00000	1.4	2	2	2	2	1.40
1999	0	0.00611	0.00607	0.06	100000	607	99430	7545536	75.46
1999	1-4	0.00033	0.00133	1.54	99393	133	397245	7446105	74.92
1999	5-9	0.00014	0.00072	2.35	99260	71	496112	7048861	71.01
1999	10-14	0.00022	0.00111	2.78	99189	111	495699	6552749	66.06
1999	15-19	0.00079	0.00396	2.96	99078	392	494594	6057050	61.13
1999	20-24	0.00113	0.00564	2.44	98686	557	492007	5562456	56.37
1999	25-29	0.00105	0.00522	2.57	98129	512	489399	5070449	51.67
1999	30-34	0.00127	0.00635	2.65	97617	620	486630	4581049	46.93
1999	35-39	0.00179	0.00891	2.64	96997	864	482944	4094420	42.21
1999	40-44	0.00264	0.01310	2.68	96133	1259	477747	3611476	37.57
1999	45-49	0.00408	0.02023	2.63	94874	1919	469814	3133729	33.03
1999	50-54	0.00561	0.02770	2.66	92955	2575	458753	2663914	28.66
1999	55-59	0.00866	0.04244	2.63	90381	3836	442826	2205161	24.40
1999	60-64	0.01377	0.06671	2.68	86545	5773	419303	1762335	20.36
1999	65-69	0.02118	0.10084	2.64	80771	8145	384623	1343032	16.63
1999	70-74	0.03437	0.15896	2.64	72626	11545	335929	958409	13.20
1999	75-79	0.05255	0.23317	2.59	61082	14242	271041	622480	10.19
1999	80-84	0.09014	0.36845	2.52	46839	17258	191452	351439	7.50
1999	85-89	0.14694	0.53238	2.41	29581	15749	107179	159988	5.41
1999	90-94	0.23495	0.70757	2.19	13833	9788	41659	52808	3.82
1999	95-99	0.34616	0.84167	1.95	4045	3405	9836	11150	2.76
1999	100-104	0.47907	0.92454	1.68	640	592	1236	1314	2.05
1999	105-109	0.61591	0.96488	1.44	48	47	76	78	1.62
1999	110+	0.72166	1.00000	1.39	2	2	2	2	1.39
2000	0	0.00631	0.00627	0.06	100000	627	99412	7566526	75.67
2000	1-4	0.00034	0.00137	1.61	99373	136	397168	7467114	75.14
2000	5-9	0.00015	0.00073	2.33	99237	72	495993	7069947	71.24
2000	10-14	0.00022	0.00112	2.82	99165	111	495582	6573954	66.29
2000	15-19	0.00080	0.00401	2.98	99054	397	494467	6078372	61.36
2000	20-24	0.00113	0.00566	2.42	98657	558	491845	5583905	56.60
2000	25-29	0.00102	0.00507	2.47	98098	498	489231	5092060	51.91
2000	30-34	0.00125	0.00624	2.63	97601	609	486559	4602829	47.16
2000	35-39	0.00171	0.00851	2.65	96992	825	483016	4116270	42.44
2000	40-44	0.00260	0.01290	2.68	96167	1241	477954	3633255	37.78
2000	45-49	0.00401	0.01984	2.64	94926	1884	470190	3155301	33.24
2000	50-54	0.00565	0.02786	2.64	93042	2592	459083	2685112	28.86
2000	55-59	0.00865	0.04241	2.66	90450	3836	443265	2226029	24.61
2000	60-64	0.01341	0.06502	2.67	86614	5632	419946	1782763	20.58
2000	65-69	0.02049	0.09775	2.64	80982	7916	386261	1362817	16.83
2000	70-74	0.03297	0.15280	2.61	73066	11164	338614	976556	13.37
2000	75-79	0.05131	0.22837	2.59	61901	14136	275500	637941	10.31
2000	80-84	0.08742	0.35930	2.52	47765	17162	196322	362442	7.59
2000	85-89	0.14551	0.52851	2.41	30603	16174	111156	166120	5.43
2000	90-94	0.23528	0.70833	2.19	14429	10221	43440	54964	3.81
2000	95-99	0.34852	0.84411	1.95	4209	3552	10193	11524	2.74
2000	100-104	0.48484	0.92719	1.67	656	608	1255	1331	2.03
2000	105-109	0.62446	0.96665	1.43	48	46	74	76	1.59
2000	110+	0.73151	1.00000	1.37	2	2	2	2	1.37
2001	0	0.00608	0.00605	0.06	100000	605	99432	7579167	75.79
2001	1-4	0.00031	0.00123	1.61	99395	122	397287	7479735	75.25
2001	5-9	0.00015	0.00077	2.32	99273	76	496161	7082447	71.34
2001	10-14	0.00019	0.00093	2.82	99197	93	495782	6586286	66.40
2001	15-19	0.00082	0.00408	3.05	99104	404	494734	6090504	61.46
2001	20-24	0.00119	0.00591	2.45	98700	583	492010	5595770	56.69
2001	25-29	0.00110	0.00549	2.52	98117	538	489247	5103760	52.02
2001	30-34	0.00122	0.00608	2.63	97578	593	486487	4614514	47.29
2001	35-39	0.00176	0.00875	2.64	96985	848	482921	4128027	42.56
2001	40-44	0.00257	0.01276	2.69	96137	1226	477853	3645106	37.92
2001	45-49	0.00404	0.02003	2.67	94910	1901	470132	3167253	33.37
2001	50-54	0.00573	0.02826	2.66	93010	2629	458897	2697121	29.00
2001	55-59	0.00844	0.04140	2.68	90381	3742	443219	2238224	24.76
2001	60-64	0.01333	0.06463	2.67	86639	5600	420169	1795005	20.72
2001	65-69	0.02040	0.09728	2.62	81040	7884	386420	1374836	16.96
2001	70-74	0.03181	0.14789	2.63	73156	10819	340102	988417	13.51
2001	75-79	0.05035	0.22442	2.58	62337	13990	277831	648315	10.40
2001	80-84	0.08625	0.35574	2.54	48347	17199	199398	370484	7.66
2001	85-89	0.14403	0.52467	2.41	31148	16342	113467	171086	5.49
2001	90-94	0.22830	0.69715	2.21	14806	10322	45211	57619	3.89
2001	95-99	0.34436	0.84043	1.95	4484	3768	10943	12408	2.77
2001	100-104	0.47999	0.92517	1.68	715	662	1379	1465	2.05
2001	105-109	0.61961	0.96572	1.44	54	52	83	86	1.61
2001	110+	0.72709	1.00000	1.38	2	2	3	3	1.38
2002	0	0.00614	0.00610	0.06	100000	610	99427	7591919	75.92
2002	1-4	0.00030	0.00121	1.73	99390	120	397286	7492492	75.38
2002	5-9	0.00016	0.00079	2.33	99269	78	496138	7095206	71.47
2002	10-14	0.00020	0.00099	2.8	99191	98	495740	6599068	66.53
2002	15-19	0.00083	0.00415	3.03	99093	411	494657	6103328	61.59
2002	20-24	0.00118	0.00588	2.44	98682	581	491922	5608671	56.84
2002	25-29	0.00112	0.00556	2.49	98101	546	489135	5116749	52.16
2002	30-34	0.00126	0.00626	2.61	97556	611	486319	4627614	47.44
2002	35-39	0.00173	0.00862	2.7	96945	836	482803	4141295	42.72
2002	40-44	0.00262	0.01300	2.67	96109	1249	477634	3658491	38.07
2002	45-49	0.00397	0.01966	2.66	94860	1865	469941	3180857	33.53
2002	50-54	0.00567	0.02797	2.62	92995	2601	458780	2710916	29.15
2002	55-59	0.00846	0.04148	2.67	90394	3749	443239	2252137	24.91
2002	60-64	0.01304	0.06324	2.64	86644	5480	420296	1808897	20.88
2002	65-69	0.01979	0.09456	2.64	81165	7675	387712	1388601	17.11
2002	70-74	0.03125	0.14545	2.63	73490	10689	342106	1000890	13.62
2002	75-79	0.04909	0.21938	2.58	62801	13777	280648	658783	10.49
2002	80-84	0.08422	0.34885	2.54	49023	17102	203071	378135	7.71
2002	85-89	0.14384	0.52410	2.41	31922	16730	116313	175064	5.48
2002	90-94	0.23037	0.70544	2.25	15192	10717	46520	58751	3.87
2002	95-99	0.34898	0.84490	1.95	4475	3781	10834	12231	2.73
2002	100-104	0.48860	0.92897	1.66	694	645	1320	1397	2.01
2002	105-109	0.63113	0.96800	1.42	49	48	76	78	1.58
2002	110+	0.73966	1.00000	1.35	2	2	2	2	1.35
2003	0	0.00614	0.00610	0.06	100000	610	99427	7597682	75.98
2003	1-4	0.00032	0.00128	1.62	99390	128	397256	7498255	75.44
2003	5-9	0.00016	0.00079	2.36	99262	78	496107	7100999	71.54
2003	10-14	0.00021	0.00104	2.86	99185	103	495703	6604892	66.59
2003	15-19	0.00084	0.00421	3.05	99082	417	494596	6109189	61.66
2003	20-24	0.00120	0.00598	2.43	98665	590	491806	5614593	56.91
2003	25-29	0.00109	0.00543	2.39	98075	533	488982	5122787	52.23
2003	30-34	0.00126	0.00627	2.65	97542	612	486268	4633805	47.51
2003	35-39	0.00176	0.00877	2.67	96930	850	482668	4147537	42.79
2003	40-44	0.00261	0.01299	2.62	96080	1248	477429	3664868	38.14
2003	45-49	0.00404	0.02002	2.66	94831	1898	469706	3187439	33.61
2003	50-54	0.00594	0.02927	2.63	92933	2720	458227	2717733	29.24
2003	55-59	0.00839	0.04115	2.63	90213	3712	442274	2259505	25.05
2003	60-64	0.01288	0.06248	2.61	86500	5404	419590	1817232	21.01
2003	65-69	0.01951	0.09320	2.62	81096	7558	387497	1397642	17.23
2003	70-74	0.03020	0.14085	2.61	73538	10358	342946	1010145	13.74
2003	75-79	0.04866	0.21761	2.57	63180	13749	282548	667199	10.56
2003	80-84	0.08339	0.34636	2.56	49431	17121	205318	384651	7.78
2003	85-89	0.13985	0.51454	2.43	32310	16625	118880	179333	5.55
2003	90-94	0.23099	0.70295	2.22	15686	11026	47735	60453	3.85
2003	95-99	0.34939	0.84547	1.95	4659	3939	11275	12718	2.73
2003	100-104	0.49082	0.92999	1.66	720	670	1364	1443	2.00
2003	105-109	0.63490	0.96874	1.41	50	49	77	79	1.57
2003	110+	0.74417	1.00000	1.34	2	2	2	2	1.34
2004	0	0.00609	0.00605	0.06	100000	605	99432	7651275	76.51
2004	1-4	0.00028	0.00110	1.54	99395	110	397309	7551843	75.98
2004	5-9	0.00014	0.00072	2.48	99285	72	496243	7154534	72.06
2004	10-14	0.00019	0.00093	2.82	99213	93	495863	6658291	67.11
2004	15-19	0.00083	0.00413	3.04	99120	409	494802	6162428	62.17
2004	20-24	0.00121	0.00605	2.47	98711	597	492046	5667627	57.42
2004	25-29	0.00110	0.00550	2.45	98114	539	489193	5175581	52.75
2004	30-34	0.00123	0.00613	2.6	97575	598	486439	4686388	48.03
2004	35-39	0.00171	0.00849	2.63	96977	824	482932	4199949	43.31
2004	40-44	0.00251	0.01248	2.66	96153	1200	477956	3717017	38.66
2004	45-49	0.00391	0.01936	2.64	94953	1839	470432	3239061	34.11
2004	50-54	0.00576	0.02838	2.61	93115	2643	459250	2768629	29.73
2004	55-59	0.00802	0.03935	2.61	90472	3560	443862	2309379	25.53
2004	60-64	0.01220	0.05926	2.62	86911	5150	422275	1865517	21.46
2004	65-69	0.01836	0.08799	2.63	81761	7194	391774	1443242	17.65
2004	70-74	0.02857	0.13376	2.62	74567	9974	349107	1051467	14.10
2004	75-79	0.04614	0.20747	2.57	64593	13401	290440	702360	10.87
2004	80-84	0.07806	0.32816	2.57	51192	16799	215197	411920	8.05
2004	85-89	0.13395	0.50038	2.47	34393	17209	128478	196723	5.72
2004	90-94	0.22127	0.68676	2.24	17183	11801	53331	68245	3.97
2004	95-99	0.34320	0.84047	1.96	5383	4524	13181	14913	2.77
2004	100-104	0.48745	0.92894	1.67	859	798	1636	1732	2.02
2004	105-109	0.63506	0.96890	1.41	61	59	93	96	1.57
2004	110+	0.74681	1.00000	1.34	2	2	3	3	1.34
2005	0	0.00606	0.00603	0.06	100000	603	99434	7651795	76.52
2005	1-4	0.00030	0.00122	1.56	99397	121	397294	7552361	75.98
2005	5-9	0.00012	0.00060	2.31	99276	59	496221	7155067	72.07
2005	10-14	0.00018	0.00092	2.91	99217	91	495893	6658846	67.11
2005	15-19	0.00082	0.00409	2.99	99125	406	494813	6162953	62.17
2005	20-24	0.00127	0.00631	2.46	98720	623	492019	5668140	57.42
2005	25-29	0.00120	0.00600	2.48	98097	589	488998	5176121	52.77
2005	30-34	0.00122	0.00609	2.58	97508	594	486104	4687123	48.07
2005	35-39	0.00164	0.00814	2.61	96914	789	482685	4201020	43.35
2005	40-44	0.00256	0.01274	2.66	96124	1224	477760	3718335	38.68
2005	45-49	0.00392	0.01942	2.69	94900	1843	470241	3240574	34.15
2005	50-54	0.00588	0.02899	2.63	93057	2698	458899	2770334	29.77
2005	55-59	0.00801	0.03930	2.62	90359	3551	443335	2311435	25.58
2005	60-64	0.01237	0.06009	2.64	86808	5217	421724	1868100	21.52
2005	65-69	0.01803	0.08646	2.64	81592	7054	391309	1446377	17.73
2005	70-74	0.02837	0.13290	2.63	74537	9906	349233	1055067	14.15
2005	75-79	0.04553	0.20519	2.6	64631	13262	291283	705834	10.92
2005	80-84	0.07793	0.32722	2.55	51370	16809	215687	414551	8.07
2005	85-89	0.13183	0.49336	2.45	34560	17051	129335	198864	5.75
2005	90-94	0.22234	0.68909	2.24	17509	12066	54266	69529	3.97
2005	95-99	0.33869	0.83620	1.97	5444	4552	13441	15263	2.80
2005	100-104	0.48083	0.92612	1.68	892	826	1717	1822	2.04
2005	105-109	0.62729	0.96746	1.43	66	64	102	105	1.59
2005	110+	0.73902	1.00000	1.35	2	2	3	3	1.35
2006	0	0.00592	0.00589	0.06	100000	589	99447	7677200	76.77
2006	1-4	0.00027	0.00107	1.64	99411	106	397394	7577753	76.23
2006	5-9	0.00015	0.00073	2.47	99305	72	496342	7180359	72.31
2006	10-14	0.00017	0.00087	2.85	99233	87	495977	6684017	67.36
2006	15-19	0.00085	0.00426	3.09	99146	422	494925	6188039	62.41
2006	20-24	0.00130	0.00646	2.49	98724	638	492020	5693114	57.67
2006	25-29	0.00116	0.00576	2.44	98086	565	488984	5201094	53.03
2006	30-34	0.00123	0.00614	2.59	97521	599	486162	4712110	48.32
2006	35-39	0.00159	0.00794	2.72	96922	769	482855	4225948	43.60
2006	40-44	0.00241	0.01200	2.65	96153	1153	478056	3743093	38.93
2006	45-49	0.00386	0.01913	2.69	94999	1817	470808	3265037	34.37
2006	50-54	0.00583	0.02876	2.66	93182	2680	459645	2794229	29.99
2006	55-59	0.00820	0.04023	2.64	90502	3641	443926	2334584	25.80
2006	60-64	0.01164	0.05665	2.65	86862	4921	422757	1890658	21.77
2006	65-69	0.01764	0.08465	2.64	81941	6936	393315	1467901	17.91
2006	70-74	0.02731	0.12826	2.64	75004	9620	352310	1074586	14.33
2006	75-79	0.04395	0.19871	2.59	65385	12993	295619	722276	11.05
2006	80-84	0.07666	0.32258	2.55	52392	16901	220471	426658	8.14
2006	85-89	0.12936	0.48701	2.46	35491	17285	133614	206187	5.81
2006	90-94	0.22142	0.68739	2.24	18207	12515	56522	72573	3.99
2006	95-99	0.33636	0.83416	1.98	5692	4748	14115	16051	2.82
2006	100-104	0.47896	0.92540	1.68	944	874	1824	1936	2.05
2006	105-109	0.62622	0.96730	1.43	70	68	109	112	1.59
2006	110+	0.73864	1.00000	1.35	2	2	3	3	1.35
2007	0	0.00604	0.00600	0.06	100000	600	99437	7708926	77.09
2007	1-4	0.00026	0.00104	1.71	99400	103	397362	7609489	76.55
2007	5-9	0.00014	0.00069	2.46	99297	68	496310	7212127	72.63
2007	10-14	0.00017	0.00084	2.87	99229	84	495965	6715817	67.68
2007	15-19	0.00074	0.00371	3.05	99145	368	495009	6219852	62.73
2007	20-24	0.00124	0.00620	2.52	98777	612	492368	5724843	57.96
2007	25-29	0.00115	0.00574	2.49	98165	564	489411	5232475	53.30
2007	30-34	0.00121	0.00605	2.57	97602	591	486572	4743064	48.60
2007	35-39	0.00156	0.00775	2.64	97011	752	483285	4256492	43.88
2007	40-44	0.00234	0.01161	2.67	96260	1118	478696	3773207	39.20
2007	45-49	0.00374	0.01852	2.67	95142	1762	471599	3294511	34.63
2007	50-54	0.00580	0.02863	2.63	93379	2673	460573	2822912	30.23
2007	55-59	0.00805	0.03948	2.59	90706	3582	444913	2362339	26.04
2007	60-64	0.01159	0.05642	2.67	87125	4916	424156	1917426	22.01
2007	65-69	0.01728	0.08299	2.64	82209	6822	394916	1493269	18.16
2007	70-74	0.02679	0.12597	2.64	75387	9497	354539	1098354	14.57
2007	75-79	0.04292	0.19463	2.61	65890	12824	298778	743815	11.29
2007	80-84	0.07274	0.30910	2.57	53066	16402	225505	445037	8.39
2007	85-89	0.12466	0.47384	2.47	36663	17373	139356	219532	5.99
2007	90-94	0.20880	0.66657	2.29	19291	12859	61584	80176	4.16
2007	95-99	0.32682	0.82522	2	6432	5308	16241	18591	2.89
2007	100-104	0.46917	0.92127	1.7	1124	1036	2208	2350	2.09
2007	105-109	0.61780	0.96576	1.44	89	85	138	143	1.61
2007	110+	0.73207	1.00000	1.37	3	3	4	4	1.37
2008	0	0.00594	0.00590	0.06	100000	590	99446	7740169	77.40
2008	1-4	0.00026	0.00105	1.69	99410	104	397398	7640723	76.86
2008	5-9	0.00013	0.00065	2.34	99305	64	496357	7243325	72.94
2008	10-14	0.00014	0.00071	2.73	99241	71	496047	6746968	67.99
2008	15-19	0.00067	0.00332	3.03	99171	330	495204	6250921	63.03
2008	20-24	0.00118	0.00588	2.51	98841	581	492759	5755717	58.23
2008	25-29	0.00109	0.00546	2.52	98261	536	489973	5262958	53.56
2008	30-34	0.00116	0.00577	2.57	97725	563	487255	4772985	48.84
2008	35-39	0.00148	0.00737	2.64	97161	716	484117	4285730	44.11
2008	40-44	0.00222	0.01106	2.66	96445	1066	479728	3801613	39.42
2008	45-49	0.00352	0.01746	2.69	95378	1665	473047	3321886	34.83
2008	50-54	0.00549	0.02709	2.66	93713	2539	462614	2848838	30.40
2008	55-59	0.00798	0.03917	2.58	91174	3571	447237	2386225	26.17
2008	60-64	0.01153	0.05613	2.62	87603	4917	426309	1938987	22.13
2008	65-69	0.01709	0.08210	2.61	82686	6788	397227	1512678	18.29
2008	70-74	0.02585	0.12179	2.63	75898	9244	357579	1115451	14.70
2008	75-79	0.04173	0.18976	2.62	66655	12648	303131	757872	11.37
2008	80-84	0.07246	0.30838	2.59	54006	16655	229854	454742	8.42
2008	85-89	0.12282	0.46880	2.48	37352	17511	142570	224887	6.02
2008	90-94	0.20997	0.66912	2.29	19841	13276	63229	82317	4.15
2008	95-99	0.32459	0.82302	2.01	6565	5403	16646	19088	2.91
2008	100-104	0.46650	0.92007	1.71	1162	1069	2292	2442	2.10
2008	105-109	0.61509	0.96524	1.45	93	90	146	150	1.62
2008	110+	0.72961	1.00000	1.37	3	3	4	4	1.37
2009	0	0.00570	0.00567	0.06	100000	567	99467	7771148	77.71
2009	1-4	0.00026	0.00103	1.53	99433	103	397479	7671680	77.15
2009	5-9	0.00011	0.00057	2.41	99330	56	496506	7274201	73.23
2009	10-14	0.00015	0.00074	2.88	99274	74	496215	6777695	68.27
2009	15-19	0.00064	0.00319	3.05	99201	316	495385	6281480	63.32
2009	20-24	0.00108	0.00540	2.47	98884	534	493071	5786095	58.51
2009	25-29	0.00106	0.00529	2.55	98350	520	490477	5293024	53.82
2009	30-34	0.00117	0.00584	2.57	97830	572	487762	4802547	49.09
2009	35-39	0.00144	0.00718	2.58	97259	699	484605	4314785	44.36
2009	40-44	0.00221	0.01099	2.67	96560	1061	480325	3830180	39.67
2009	45-49	0.00352	0.01745	2.65	95498	1667	473569	3349855	35.08
2009	50-54	0.00546	0.02695	2.65	93832	2529	463211	2876286	30.65
2009	55-59	0.00814	0.03993	2.62	91303	3646	447830	2413075	26.43
2009	60-64	0.01121	0.05459	2.6	87657	4785	426795	1965246	22.42
2009	65-69	0.01671	0.08033	2.61	82872	6657	398463	1538451	18.56
2009	70-74	0.02510	0.11845	2.63	76215	9028	359655	1139988	14.96
2009	75-79	0.04003	0.18266	2.61	67188	12272	306554	780333	11.61
2009	80-84	0.06872	0.29476	2.59	54915	16187	235538	473779	8.63
2009	85-89	0.11937	0.45860	2.47	38729	17761	148787	238241	6.15
2009	90-94	0.20137	0.65153	2.29	20968	13661	67839	89455	4.27
2009	95-99	0.31795	0.81654	2.02	7307	5966	18764	21616	2.96
2009	100-104	0.46036	0.91740	1.72	1340	1230	2671	2852	2.13
2009	105-109	0.61057	0.96441	1.45	111	107	175	180	1.63
2009	110+	0.72675	1.00000	1.38	4	4	5	5	1.38
2010	0	0.00526	0.00523	0.06	100000	523	99507	7811702	78.12
2010	1-4	0.00024	0.00098	1.69	99477	97	397682	7712194	77.53
2010	5-9	0.00010	0.00052	2.36	99379	52	496760	7314512	73.60
2010	10-14	0.00014	0.00068	2.89	99328	68	496495	6817752	68.64
2010	15-19	0.00059	0.00293	3.08	99260	291	495739	6321257	63.68
2010	20-24	0.00104	0.00521	2.49	98969	516	493552	5825518	58.86
2010	25-29	0.00098	0.00489	2.53	98453	482	491077	5331966	54.16
2010	30-34	0.00113	0.00563	2.57	97972	551	488519	4840889	49.41
2010	35-39	0.00136	0.00679	2.63	97421	662	485532	4352370	44.68
2010	40-44	0.00201	0.01001	2.66	96759	969	481530	3866838	39.96
2010	45-49	0.00331	0.01644	2.73	95790	1575	475372	3385308	35.34
2010	50-54	0.00504	0.02492	2.66	94216	2348	465573	2909935	30.89
2010	55-59	0.00790	0.03876	2.63	91868	3560	450910	2444363	26.61
2010	60-64	0.01110	0.05406	2.62	88307	4774	430196	1993453	22.57
2010	65-69	0.01617	0.07788	2.64	83533	6505	402288	1563257	18.71
2010	70-74	0.02426	0.11471	2.63	77028	8836	364189	1160969	15.07
2010	75-79	0.03925	0.17939	2.6	68192	12233	311624	796781	11.68
2010	80-84	0.06729	0.28959	2.6	55959	16205	240836	485156	8.67
2010	85-89	0.11915	0.45823	2.48	39754	18216	152886	244320	6.15
2010	90-94	0.20316	0.65907	2.34	21538	14195	69871	91434	4.25
2010	95-99	0.32050	0.81943	2.02	7343	6017	18774	21564	2.94
2010	100-104	0.46575	0.92008	1.71	1326	1220	2619	2790	2.10
2010	105-109	0.61817	0.96600	1.44	106	102	166	170	1.61
2010	110+	0.73519	1.00000	1.36	4	4	5	5	1.36
2011	0	0.00503	0.00500	0.06	100000	500	99529	7814925	78.15
2011	1-4	0.00024	0.00096	1.59	99500	96	397768	7715396	77.54
2011	5-9	0.00010	0.00052	2.31	99404	51	496883	7317627	73.61
2011	10-14	0.00014	0.00070	2.95	99353	70	496621	6820744	68.65
2011	15-19	0.00059	0.00293	3.13	99283	290	495870	6324124	63.70
2011	20-24	0.00102	0.00511	2.57	98992	505	493732	5828254	58.88
2011	25-29	0.00104	0.00519	2.49	98487	512	491153	5334521	54.16
2011	30-34	0.00117	0.00584	2.59	97975	573	488496	4843368	49.43
2011	35-39	0.00138	0.00687	2.63	97403	670	485430	4354873	44.71
2011	40-44	0.00206	0.01025	2.66	96733	991	481349	3869442	40.00
2011	45-49	0.00325	0.01611	2.73	95742	1543	475206	3388094	35.39
2011	50-54	0.00516	0.02548	2.67	94199	2400	465411	2912888	30.92
2011	55-59	0.00794	0.03895	2.63	91799	3576	450515	2447477	26.66
2011	60-64	0.01109	0.05402	2.64	88223	4766	429864	1996962	22.64
2011	65-69	0.01577	0.07603	2.66	83457	6345	402421	1567098	18.78
2011	70-74	0.02417	0.11432	2.63	77112	8815	364659	1164678	15.10
2011	75-79	0.03912	0.17887	2.61	68297	12217	312312	800019	11.71
2011	80-84	0.06679	0.28755	2.58	56080	16126	241454	487707	8.70
2011	85-89	0.11778	0.45426	2.48	39954	18149	154092	246252	6.16
2011	90-94	0.20426	0.65869	2.3	21805	14362	70313	92160	4.23
2011	95-99	0.32059	0.81961	2.02	7442	6100	19027	21847	2.94
2011	100-104	0.46652	0.92049	1.71	1343	1236	2649	2820	2.10
2011	105-109	0.61958	0.96630	1.44	107	103	166	171	1.61
2011	110+	0.73690	1.00000	1.36	4	4	5	5	1.36
2012	0	0.00504	0.00501	0.06	100000	501	99528	7831902	78.32
2012	1-4	0.00021	0.00085	1.66	99499	84	397797	7732374	77.71
2012	5-9	0.00010	0.00048	2.63	99414	47	496959	7334577	73.78
2012	10-14	0.00013	0.00066	2.89	99367	66	496696	6837618	68.81
2012	15-19	0.00055	0.00277	3.08	99301	275	495976	6340922	63.86
2012	20-24	0.00101	0.00504	2.56	99026	499	493912	5844946	59.02
2012	25-29	0.00109	0.00541	2.54	98527	533	491322	5351034	54.31
2012	30-34	0.00118	0.00587	2.5	97993	575	488531	4859712	49.59
2012	35-39	0.00138	0.00686	2.54	97419	668	485447	4371181	44.87
2012	40-44	0.00197	0.00979	2.66	96750	947	481537	3885734	40.16
2012	45-49	0.00320	0.01587	2.72	95803	1521	475544	3404197	35.53
2012	50-54	0.00515	0.02543	2.67	94283	2398	465831	2928653	31.06
2012	55-59	0.00780	0.03831	2.67	91885	3521	451213	2462822	26.80
2012	60-64	0.01112	0.05417	2.6	88365	4787	430336	2011609	22.76
2012	65-69	0.01577	0.07602	2.64	83577	6353	402902	1581273	18.92
2012	70-74	0.02393	0.11320	2.63	77224	8742	365364	1178371	15.26
2012	75-79	0.03827	0.17536	2.62	68482	12009	313784	813007	11.87
2012	80-84	0.06433	0.27889	2.62	56473	15750	244837	499223	8.84
2012	85-89	0.11500	0.44701	2.51	40723	18204	158296	254386	6.25
2012	90-94	0.20085	0.65216	2.31	22519	14686	73119	96090	4.27
2012	95-99	0.32069	0.82014	2.02	7833	6424	20033	22971	2.93
2012	100-104	0.47006	0.92235	1.71	1409	1299	2764	2938	2.09
2012	105-109	0.62628	0.96768	1.43	109	106	169	174	1.59
2012	110+	0.74513	1.00000	1.34	4	4	5	5	1.34
2013	0	0.00514	0.00512	0.06	100000	512	99518	7831281	78.31
2013	1-4	0.00023	0.00092	1.65	99488	91	397738	7731763	77.72
2013	5-9	0.00010	0.00049	2.32	99397	48	496855	7334025	73.79
2013	10-14	0.00013	0.00067	2.71	99349	67	496591	6837169	68.82
2013	15-19	0.00055	0.00274	3.1	99282	272	495893	6340578	63.86
2013	20-24	0.00103	0.00515	2.56	99010	510	493806	5844686	59.03
2013	25-29	0.00104	0.00520	2.51	98500	512	491226	5350880	54.32
2013	30-34	0.00120	0.00600	2.55	97988	588	488500	4859654	49.59
2013	35-39	0.00141	0.00705	2.55	97400	686	485319	4371154	44.88
2013	40-44	0.00199	0.00988	2.7	96714	956	481369	3885835	40.18
2013	45-49	0.00317	0.01574	2.68	95758	1508	475291	3404465	35.55
2013	50-54	0.00505	0.02497	2.65	94250	2354	465730	2929174	31.08
2013	55-59	0.00775	0.03805	2.65	91896	3497	451271	2463444	26.81
2013	60-64	0.01139	0.05544	2.62	88399	4901	430322	2012173	22.76
2013	65-69	0.01557	0.07505	2.61	83499	6267	402518	1581852	18.94
2013	70-74	0.02398	0.11343	2.62	77232	8760	365310	1179334	15.27
2013	75-79	0.03803	0.17425	2.6	68472	11931	313766	814023	11.89
2013	80-84	0.06357	0.27584	2.6	56540	15596	245337	500257	8.85
2013	85-89	0.11554	0.44833	2.5	40944	18356	158882	254919	6.23
2013	90-94	0.20159	0.65347	2.31	22588	14760	73221	96037	4.25
2013	95-99	0.32285	0.82247	2.02	7827	6438	19940	22816	2.91
2013	100-104	0.47389	0.92412	1.7	1390	1284	2710	2876	2.07
2013	105-109	0.63122	0.96861	1.42	105	102	162	166	1.58
2013	110+	0.75029	1.00000	1.33	3	3	4	4	1.33
2014	0	0.00475	0.00473	0.06	100000	473	99555	7858948	78.59
2014	1-4	0.00021	0.00083	1.62	99527	82	397914	7759394	77.96
2014	5-9	0.00010	0.00051	2.33	99445	50	497091	7361480	74.03
2014	10-14	0.00014	0.00072	2.86	99395	72	496820	6864389	69.06
2014	15-19	0.00053	0.00265	3.07	99323	263	496109	6367569	64.11
2014	20-24	0.00099	0.00496	2.5	99060	491	494074	5871460	59.27
2014	25-29	0.00109	0.00542	2.51	98569	534	491514	5377386	54.55
2014	30-34	0.00117	0.00586	2.55	98035	574	488767	4885872	49.84
2014	35-39	0.00141	0.00701	2.6	97461	684	485664	4397104	45.12
2014	40-44	0.00193	0.00962	2.64	96777	931	481685	3911440	40.42
2014	45-49	0.00317	0.01573	2.73	95846	1507	475802	3429755	35.78
2014	50-54	0.00504	0.02492	2.68	94339	2351	466227	2953953	31.31
2014	55-59	0.00780	0.03828	2.65	91987	3522	451651	2487727	27.04
2014	60-64	0.01134	0.05518	2.6	88466	4881	430591	2036076	23.02
2014	65-69	0.01526	0.07362	2.6	83585	6153	403169	1605485	19.21
2014	70-74	0.02344	0.11094	2.6	77431	8590	366514	1202316	15.53
2014	75-79	0.03695	0.16983	2.62	68841	11692	316419	835802	12.14
2014	80-84	0.06181	0.26923	2.61	57150	15386	248947	519383	9.09
2014	85-89	0.10845	0.42749	2.52	41763	17853	164624	270436	6.48
2014	90-94	0.19168	0.63492	2.34	23910	15181	79201	105812	4.43
2014	95-99	0.30645	0.80506	2.05	8729	7027	22931	26611	3.05
2014	100-104	0.45209	0.91394	1.74	1702	1555	3440	3680	2.16
2014	105-109	0.60747	0.96403	1.46	146	141	232	240	1.64
2014	110+	0.72783	1.00000	1.37	5	5	7	7	1.37
2015	0	0.00489	0.00487	0.06	100000	487	99542	7836349	78.36
2015	1-4	0.00019	0.00077	1.61	99513	76	397871	7736808	77.75
2015	5-9	0.00010	0.00051	2.51	99437	51	497058	7338936	73.80
2015	10-14	0.00014	0.00068	2.98	99386	67	496795	6841878	68.84
2015	15-19	0.00058	0.00292	3.1	99319	290	496044	6345083	63.89
2015	20-24	0.00106	0.00527	2.54	99029	522	493861	5849039	59.06
2015	25-29	0.00114	0.00569	2.56	98507	560	491169	5355179	54.36
2015	30-34	0.00123	0.00613	2.58	97947	600	488283	4864010	49.66
2015	35-39	0.00158	0.00788	2.59	97347	767	484882	4375727	44.95
2015	40-44	0.00200	0.00997	2.66	96580	963	480647	3890845	40.29
2015	45-49	0.00314	0.01559	2.68	95616	1491	474619	3410198	35.67
2015	50-54	0.00498	0.02463	2.69	94125	2318	465263	2935579	31.19
2015	55-59	0.00777	0.03818	2.67	91807	3505	450885	2470316	26.91
2015	60-64	0.01142	0.05560	2.6	88302	4910	429742	2019431	22.87
2015	65-69	0.01579	0.07607	2.6	83392	6344	401711	1589690	19.06
2015	70-74	0.02403	0.11365	2.62	77048	8757	364419	1187978	15.42
2015	75-79	0.03734	0.17148	2.63	68292	11711	313668	823559	12.06
2015	80-84	0.06212	0.27032	2.6	56581	15295	246232	509891	9.01
2015	85-89	0.11036	0.43299	2.51	41286	17876	161981	263659	6.39
2015	90-94	0.19602	0.64229	2.32	23410	15036	76706	101678	4.34
2015	95-99	0.31435	0.81375	2.04	8374	6814	21677	24972	2.98
2015	100-104	0.46354	0.91952	1.72	1560	1434	3094	3295	2.11
2015	105-109	0.62079	0.96670	1.44	126	121	195	201	1.60
2015	110+	0.74103	1.00000	1.35	4	4	6	6	1.35
2016	0	0.00476	0.00474	0.06	100000	474	99553	7842535	78.43
2016	1-4	0.00020	0.00081	1.58	99526	81	397909	7742981	77.80
2016	5-9	0.00010	0.00052	2.51	99446	52	497100	7345072	73.86
2016	10-14	0.00013	0.00067	2.75	99394	66	496821	6847972	68.90
2016	15-19	0.00061	0.00305	3	99328	303	496034	6351151	63.94
2016	20-24	0.00113	0.00566	2.56	99025	560	493757	5855117	59.13
2016	25-29	0.00123	0.00612	2.53	98464	603	490833	5361360	54.45
2016	30-34	0.00128	0.00638	2.53	97862	625	487767	4870527	49.77
2016	35-39	0.00160	0.00799	2.53	97237	777	484271	4382760	45.07
2016	40-44	0.00203	0.01010	2.64	96461	974	480007	3898489	40.42
2016	45-49	0.00305	0.01512	2.69	95487	1444	474100	3418482	35.80
2016	50-54	0.00503	0.02486	2.69	94043	2338	464822	2944382	31.31
2016	55-59	0.00763	0.03750	2.66	91705	3439	450473	2479561	27.04
2016	60-64	0.01151	0.05604	2.63	88267	4947	429616	2029087	22.99
2016	65-69	0.01582	0.07623	2.61	83320	6352	401448	1599472	19.20
2016	70-74	0.02334	0.11061	2.65	76968	8514	364825	1198024	15.57
2016	75-79	0.03740	0.17165	2.61	68454	11750	314181	833199	12.17
2016	80-84	0.06029	0.26322	2.59	56704	14925	247558	519017	9.15
2016	85-89	0.10669	0.42208	2.53	41779	17634	165280	271459	6.50
2016	90-94	0.19300	0.63566	2.32	24145	15348	79524	106179	4.40
2016	95-99	0.30844	0.80754	2.05	8797	7104	23031	26655	3.03
2016	100-104	0.45699	0.91652	1.73	1693	1552	3395	3624	2.14
2016	105-109	0.61477	0.96558	1.45	141	136	222	229	1.62
2016	110+	0.73609	1.00000	1.36	5	5	7	7	1.36
2017	0	0.00457	0.00455	0.06	100000	455	99571	7842653	78.43
2017	1-4	0.00022	0.00088	1.6	99545	87	397971	7743082	77.78
2017	5-9	0.00010	0.00051	2.54	99458	51	497164	7345110	73.85
2017	10-14	0.00016	0.00079	2.81	99407	78	496863	6847946	68.89
2017	15-19	0.00060	0.00297	3.06	99329	295	496071	6351083	63.94
2017	20-24	0.00116	0.00579	2.5	99033	574	493731	5855012	59.12
2017	25-29	0.00120	0.00599	2.55	98460	589	490854	5361281	54.45
2017	30-34	0.00134	0.00666	2.54	97870	651	487752	4870427	49.76
2017	35-39	0.00165	0.00820	2.57	97219	797	484159	4382675	45.08
2017	40-44	0.00203	0.01012	2.61	96422	976	479780	3898517	40.43
2017	45-49	0.00306	0.01519	2.63	95446	1450	473799	3418737	35.82
2017	50-54	0.00488	0.02411	2.66	93997	2266	464682	2944938	31.33
2017	55-59	0.00769	0.03777	2.63	91731	3464	450458	2480256	27.04
2017	60-64	0.01119	0.05451	2.62	88266	4812	429860	2029798	23.00
2017	65-69	0.01610	0.07749	2.6	83454	6467	401739	1599938	19.17
2017	70-74	0.02359	0.11169	2.63	76988	8599	364592	1198199	15.56
2017	75-79	0.03735	0.17162	2.64	68389	11737	314252	833606	12.19
2017	80-84	0.06013	0.26234	2.57	56652	14862	247163	519355	9.17
2017	85-89	0.10708	0.42358	2.53	41790	17701	165314	272191	6.51
2017	90-94	0.19059	0.63221	2.34	24089	15229	79907	106877	4.44
2017	95-99	0.30679	0.80568	2.05	8859	7138	23267	26971	3.04
2017	100-104	0.45449	0.91528	1.74	1722	1576	3467	3704	2.15
2017	105-109	0.61178	0.96497	1.45	146	141	230	237	1.63
2017	110+	0.73309	1.00000	1.36	5	5	7	7	1.36
2018	0	0.00467	0.00465	0.06	100000	465	99562	7861075	78.61
2018	1-4	0.00021	0.00082	1.51	99535	82	397937	7761513	77.98
2018	5-9	0.00010	0.00050	2.42	99453	50	497138	7363576	74.04
2018	10-14	0.00012	0.00060	2.84	99403	60	496888	6866438	69.08
2018	15-19	0.00057	0.00284	3	99344	282	496155	6369550	64.12
2018	20-24	0.00106	0.00528	2.51	99061	523	494006	5873396	59.29
2018	25-29	0.00116	0.00580	2.53	98538	572	491278	5379390	54.59
2018	30-34	0.00135	0.00675	2.55	97967	661	488214	4888113	49.90
2018	35-39	0.00167	0.00832	2.6	97305	810	484580	4399898	45.22
2018	40-44	0.00205	0.01020	2.64	96496	984	480160	3915319	40.58
2018	45-49	0.00303	0.01503	2.68	95512	1436	474227	3435158	35.97
2018	50-54	0.00484	0.02392	2.66	94076	2250	465120	2960931	31.47
2018	55-59	0.00768	0.03769	2.64	91826	3461	450944	2495811	27.18
2018	60-64	0.01140	0.05552	2.63	88364	4906	430205	2044867	23.14
2018	65-69	0.01603	0.07718	2.59	83459	6441	401755	1614662	19.35
2018	70-74	0.02305	0.10927	2.62	77018	8415	365050	1212907	15.75
2018	75-79	0.03661	0.16838	2.62	68602	11552	315507	847857	12.36
2018	80-84	0.05994	0.26150	2.56	57051	14919	248895	532350	9.33
2018	85-89	0.10216	0.40756	2.52	42132	17171	168085	283455	6.73
2018	90-94	0.18102	0.61151	2.35	24961	15264	84320	115370	4.62
2018	95-99	0.28933	0.78507	2.09	9697	7613	26312	31050	3.20
2018	100-104	0.42820	0.90116	1.79	2084	1878	4386	4739	2.27
2018	105-109	0.58006	0.95786	1.5	206	197	340	353	1.71
2018	110+	0.70061	1.00000	1.43	9	9	12	12	1.43
2019	0	0.00461	0.00459	0.06	100000	459	99568	7864561	78.65
2019	1-4	0.00019	0.00078	1.5	99541	77	397971	7764994	78.01
2019	5-9	0.00009	0.00044	2.32	99464	43	497203	7367023	74.07
2019	10-14	0.00014	0.00070	2.71	99420	70	496941	6869820	69.10
2019	15-19	0.00055	0.00277	3.08	99350	275	496222	6372879	64.15
2019	20-24	0.00109	0.00544	2.55	99075	539	494054	5876656	59.31
2019	25-29	0.00127	0.00631	2.56	98536	622	491166	5382602	54.63
2019	30-34	0.00142	0.00710	2.56	97914	695	487871	4891436	49.96
2019	35-39	0.00173	0.00862	2.54	97219	838	484037	4403565	45.30
2019	40-44	0.00216	0.01072	2.55	96381	1033	479370	3919528	40.67
2019	45-49	0.00312	0.01549	2.7	95348	1477	473337	3440158	36.08
2019	50-54	0.00483	0.02389	2.68	93871	2243	464158	2966821	31.61
2019	55-59	0.00761	0.03737	2.63	91628	3424	450020	2502663	27.31
2019	60-64	0.01123	0.05471	2.64	88204	4825	429626	2052643	23.27
2019	65-69	0.01570	0.07562	2.59	83378	6305	401697	1623017	19.47
2019	70-74	0.02283	0.10824	2.6	77073	8343	365364	1221320	15.85
2019	75-79	0.03626	0.16681	2.6	68731	11465	316184	855955	12.45
2019	80-84	0.05980	0.26120	2.58	57266	14958	250123	539771	9.43
2019	85-89	0.09946	0.39994	2.55	42308	16920	170130	289648	6.85
2019	90-94	0.17737	0.60434	2.36	25387	15342	86498	119518	4.71
2019	95-99	0.28058	0.77405	2.1	10045	7775	27711	33020	3.29
2019	100-104	0.41519	0.89339	1.81	2270	2028	4884	5309	2.34
2019	105-109	0.56423	0.95380	1.53	242	231	409	425	1.76
2019	110+	0.68406	1.00000	1.46	11	11	16	16	1.46
