Div9: Pacific, Lifetables (period 1x5), Females Last modified: 20 Dec 2020, MPv5 (May07) 

Year     	Age	mx	qx	ax	lx	dx	Lx	Tx	ex
1960-1964	0	0.01980	0.01945	0.11	100000	1945	98266	7476820	74.77
1960-1964	1	0.00133	0.00133	0.5	98055	130	97990	7378555	75.25
1960-1964	2	0.00083	0.00083	0.5	97924	82	97884	7280565	74.35
1960-1964	3	0.00063	0.00063	0.5	97843	61	97812	7182681	73.41
1960-1964	4	0.00055	0.00055	0.5	97782	54	97755	7084869	72.46
1960-1964	5	0.00046	0.00046	0.5	97728	45	97705	6987115	71.50
1960-1964	6	0.00038	0.00038	0.5	97683	37	97664	6889409	70.53
1960-1964	7	0.00035	0.00035	0.5	97646	34	97629	6791745	69.55
1960-1964	8	0.00030	0.00030	0.5	97612	29	97597	6694116	68.58
1960-1964	9	0.00026	0.00026	0.5	97582	25	97570	6596519	67.60
1960-1964	10	0.00026	0.00026	0.5	97557	26	97544	6498950	66.62
1960-1964	11	0.00027	0.00027	0.5	97532	26	97519	6401405	65.63
1960-1964	12	0.00027	0.00027	0.5	97506	26	97493	6303887	64.65
1960-1964	13	0.00028	0.00028	0.5	97480	28	97466	6206394	63.67
1960-1964	14	0.00032	0.00032	0.5	97452	31	97437	6108928	62.69
1960-1964	15	0.00035	0.00035	0.5	97421	34	97404	6011492	61.71
1960-1964	16	0.00046	0.00046	0.5	97387	45	97364	5914088	60.73
1960-1964	17	0.00055	0.00055	0.5	97342	54	97315	5816724	59.76
1960-1964	18	0.00059	0.00059	0.5	97288	58	97259	5719409	58.79
1960-1964	19	0.00063	0.00063	0.5	97230	62	97199	5622149	57.82
1960-1964	20	0.00063	0.00062	0.5	97169	61	97138	5524950	56.86
1960-1964	21	0.00074	0.00074	0.5	97108	72	97072	5427812	55.89
1960-1964	22	0.00070	0.00070	0.5	97036	68	97002	5330740	54.94
1960-1964	23	0.00077	0.00077	0.5	96968	75	96931	5233738	53.97
1960-1964	24	0.00074	0.00074	0.5	96894	71	96858	5136807	53.01
1960-1964	25	0.00078	0.00078	0.5	96822	76	96784	5039949	52.05
1960-1964	26	0.00072	0.00072	0.5	96746	70	96711	4943165	51.09
1960-1964	27	0.00089	0.00089	0.5	96676	86	96634	4846453	50.13
1960-1964	28	0.00081	0.00081	0.5	96591	78	96552	4749820	49.17
1960-1964	29	0.00084	0.00084	0.5	96513	81	96472	4653268	48.21
1960-1964	30	0.00103	0.00103	0.5	96431	99	96382	4556796	47.25
1960-1964	31	0.00106	0.00106	0.5	96332	102	96281	4460414	46.30
1960-1964	32	0.00113	0.00112	0.5	96230	108	96176	4364133	45.35
1960-1964	33	0.00123	0.00123	0.5	96122	118	96063	4267957	44.40
1960-1964	34	0.00126	0.00126	0.5	96004	121	95943	4171895	43.46
1960-1964	35	0.00143	0.00143	0.5	95883	137	95814	4075952	42.51
1960-1964	36	0.00147	0.00147	0.5	95745	140	95675	3980138	41.57
1960-1964	37	0.00174	0.00173	0.5	95605	166	95522	3884463	40.63
1960-1964	38	0.00179	0.00178	0.5	95439	170	95354	3788941	39.70
1960-1964	39	0.00204	0.00204	0.5	95269	194	95172	3693587	38.77
1960-1964	40	0.00214	0.00214	0.5	95074	203	94973	3598415	37.85
1960-1964	41	0.00222	0.00221	0.5	94871	210	94766	3503442	36.93
1960-1964	42	0.00264	0.00264	0.5	94661	250	94536	3408676	36.01
1960-1964	43	0.00289	0.00289	0.5	94411	273	94275	3314140	35.10
1960-1964	44	0.00312	0.00311	0.5	94139	293	93992	3219865	34.20
1960-1964	45	0.00339	0.00338	0.5	93846	318	93687	3125872	33.31
1960-1964	46	0.00370	0.00369	0.5	93528	345	93356	3032185	32.42
1960-1964	47	0.00410	0.00409	0.5	93183	381	92993	2938829	31.54
1960-1964	48	0.00445	0.00444	0.5	92802	412	92596	2845837	30.67
1960-1964	49	0.00478	0.00476	0.5	92390	440	92170	2753240	29.80
1960-1964	50	0.00516	0.00514	0.5	91950	473	91714	2661070	28.94
1960-1964	51	0.00557	0.00556	0.5	91477	508	91223	2569356	28.09
1960-1964	52	0.00594	0.00592	0.5	90969	538	90700	2478133	27.24
1960-1964	53	0.00673	0.00671	0.5	90431	607	90127	2387433	26.40
1960-1964	54	0.00693	0.00690	0.5	89824	620	89514	2297306	25.58
1960-1964	55	0.00718	0.00715	0.5	89204	638	88885	2207792	24.75
1960-1964	56	0.00790	0.00787	0.5	88566	697	88217	2118908	23.92
1960-1964	57	0.00853	0.00850	0.5	87869	747	87495	2030690	23.11
1960-1964	58	0.00899	0.00895	0.5	87122	779	86732	1943195	22.30
1960-1964	59	0.00982	0.00978	0.5	86343	844	85921	1856463	21.50
1960-1964	60	0.01047	0.01041	0.5	85499	890	85054	1770542	20.71
1960-1964	61	0.01118	0.01112	0.5	84608	941	84138	1685488	19.92
1960-1964	62	0.01279	0.01271	0.5	83667	1063	83136	1601350	19.14
1960-1964	63	0.01363	0.01354	0.5	82604	1119	82045	1518215	18.38
1960-1964	64	0.01501	0.01490	0.5	81485	1214	80878	1436170	17.62
1960-1964	65	0.01665	0.01651	0.5	80271	1325	79609	1355292	16.88
1960-1964	66	0.01762	0.01746	0.5	78946	1379	78257	1275683	16.16
1960-1964	67	0.01943	0.01924	0.5	77567	1493	76821	1197426	15.44
1960-1964	68	0.02134	0.02112	0.5	76075	1606	75271	1120605	14.73
1960-1964	69	0.02295	0.02269	0.5	74468	1690	73623	1045334	14.04
1960-1964	70	0.02601	0.02568	0.5	72778	1869	71844	971711	13.35
1960-1964	71	0.02765	0.02727	0.5	70909	1934	69943	899867	12.69
1960-1964	72	0.03194	0.03143	0.5	68976	2168	67892	829924	12.03
1960-1964	73	0.03507	0.03447	0.5	66808	2303	65656	762033	11.41
1960-1964	74	0.03890	0.03816	0.5	64505	2462	63274	696377	10.80
1960-1964	75	0.04435	0.04338	0.5	62043	2692	60697	633103	10.20
1960-1964	76	0.04790	0.04678	0.5	59352	2776	57963	572405	9.64
1960-1964	77	0.05193	0.05061	0.5	56575	2863	55143	514442	9.09
1960-1964	78	0.05924	0.05754	0.5	53712	3091	52166	459298	8.55
1960-1964	79	0.06473	0.06270	0.5	50621	3174	49034	407132	8.04
1960-1964	80	0.07313	0.07055	0.5	47447	3347	45773	358098	7.55
1960-1964	81	0.07732	0.07444	0.5	44100	3283	42458	312325	7.08
1960-1964	82	0.08905	0.08525	0.5	40817	3480	39077	269866	6.61
1960-1964	83	0.10090	0.09605	0.5	37337	3586	35544	230790	6.18
1960-1964	84	0.11328	0.10721	0.5	33751	3618	31941	195246	5.78
1960-1964	85	0.12186	0.11486	0.5	30132	3461	28402	163304	5.42
1960-1964	86	0.13625	0.12756	0.5	26671	3402	24970	134903	5.06
1960-1964	87	0.15541	0.14420	0.5	23269	3355	21591	109932	4.72
1960-1964	88	0.16751	0.15457	0.5	19914	3078	18375	88341	4.44
1960-1964	89	0.17919	0.16445	0.5	16836	2769	15451	69967	4.16
1960-1964	90	0.20400	0.18512	0.5	14067	2604	12765	54515	3.88
1960-1964	91	0.21566	0.19467	0.5	11463	2231	10347	41750	3.64
1960-1964	92	0.23970	0.21405	0.5	9231	1976	8243	31403	3.40
1960-1964	93	0.25709	0.22781	0.5	7255	1653	6429	23160	3.19
1960-1964	94	0.27751	0.24370	0.5	5603	1365	4920	16731	2.99
1960-1964	95	0.30746	0.26649	0.5	4237	1129	3673	11811	2.79
1960-1964	96	0.33260	0.28518	0.5	3108	886	2665	8138	2.62
1960-1964	97	0.35874	0.30418	0.5	2222	676	1884	5473	2.46
1960-1964	98	0.38574	0.32337	0.5	1546	500	1296	3589	2.32
1960-1964	99	0.41347	0.34263	0.5	1046	358	867	2293	2.19
1960-1964	100	0.44175	0.36183	0.5	688	249	563	1427	2.07
1960-1964	101	0.47042	0.38084	0.5	439	167	355	863	1.97
1960-1964	102	0.49929	0.39954	0.5	272	109	217	508	1.87
1960-1964	103	0.52815	0.41782	0.5	163	68	129	291	1.78
1960-1964	104	0.55684	0.43557	0.5	95	41	74	162	1.70
1960-1964	105	0.58514	0.45270	0.5	54	24	41	87	1.63
1960-1964	106	0.61290	0.46913	0.5	29	14	22	46	1.57
1960-1964	107	0.63994	0.48482	0.5	16	8	12	24	1.51
1960-1964	108	0.66613	0.49970	0.5	8	4	6	12	1.46
1960-1964	109	0.69132	0.51374	0.5	4	2	3	6	1.42
1960-1964	110+	0.71543	1.00000	1.4	2	2	3	3	1.40
1965-1969	0	0.01732	0.01705	0.1	100000	1705	98468	7520396	75.20
1965-1969	1	0.00120	0.00120	0.5	98295	118	98236	7421928	75.51
1965-1969	2	0.00076	0.00076	0.5	98177	75	98139	7323692	74.60
1965-1969	3	0.00058	0.00058	0.5	98102	56	98074	7225553	73.65
1965-1969	4	0.00052	0.00052	0.5	98045	51	98020	7127480	72.70
1965-1969	5	0.00045	0.00045	0.5	97995	44	97973	7029460	71.73
1965-1969	6	0.00036	0.00036	0.5	97951	35	97933	6931487	70.76
1965-1969	7	0.00033	0.00033	0.5	97916	32	97899	6833554	69.79
1965-1969	8	0.00032	0.00032	0.5	97883	32	97867	6735654	68.81
1965-1969	9	0.00027	0.00027	0.5	97851	26	97838	6637787	67.84
1965-1969	10	0.00024	0.00024	0.5	97825	24	97813	6539948	66.85
1965-1969	11	0.00027	0.00027	0.5	97802	26	97788	6442135	65.87
1965-1969	12	0.00029	0.00029	0.5	97775	29	97761	6344347	64.89
1965-1969	13	0.00032	0.00032	0.5	97747	31	97731	6246586	63.91
1965-1969	14	0.00034	0.00034	0.5	97716	33	97699	6148855	62.93
1965-1969	15	0.00043	0.00043	0.5	97683	42	97662	6051156	61.95
1965-1969	16	0.00048	0.00048	0.5	97641	47	97617	5953494	60.97
1965-1969	17	0.00061	0.00061	0.5	97594	60	97564	5855877	60.00
1965-1969	18	0.00070	0.00070	0.5	97534	68	97500	5758313	59.04
1965-1969	19	0.00074	0.00074	0.5	97466	72	97430	5660813	58.08
1965-1969	20	0.00072	0.00072	0.5	97394	70	97359	5563384	57.12
1965-1969	21	0.00068	0.00068	0.5	97324	66	97291	5466025	56.16
1965-1969	22	0.00073	0.00073	0.5	97258	71	97222	5368734	55.20
1965-1969	23	0.00072	0.00072	0.5	97186	70	97151	5271512	54.24
1965-1969	24	0.00073	0.00073	0.5	97116	71	97081	5174361	53.28
1965-1969	25	0.00079	0.00079	0.5	97045	77	97007	5077280	52.32
1965-1969	26	0.00083	0.00083	0.5	96968	80	96928	4980273	51.36
1965-1969	27	0.00083	0.00083	0.5	96888	80	96848	4883345	50.40
1965-1969	28	0.00089	0.00089	0.5	96808	86	96765	4786497	49.44
1965-1969	29	0.00094	0.00094	0.5	96722	90	96676	4689732	48.49
1965-1969	30	0.00092	0.00092	0.5	96631	89	96587	4593056	47.53
1965-1969	31	0.00105	0.00105	0.5	96542	101	96492	4496469	46.58
1965-1969	32	0.00125	0.00125	0.5	96441	120	96381	4399978	45.62
1965-1969	33	0.00125	0.00125	0.5	96321	120	96261	4303597	44.68
1965-1969	34	0.00136	0.00136	0.5	96201	131	96135	4207336	43.73
1965-1969	35	0.00141	0.00141	0.5	96070	135	96002	4111201	42.79
1965-1969	36	0.00151	0.00151	0.5	95934	145	95862	4015198	41.85
1965-1969	37	0.00163	0.00163	0.5	95789	156	95711	3919336	40.92
1965-1969	38	0.00184	0.00184	0.5	95633	176	95545	3823625	39.98
1965-1969	39	0.00207	0.00207	0.5	95457	197	95359	3728080	39.05
1965-1969	40	0.00220	0.00219	0.5	95260	209	95155	3632721	38.13
1965-1969	41	0.00235	0.00235	0.5	95051	224	94939	3537566	37.22
1965-1969	42	0.00258	0.00258	0.5	94827	245	94705	3442627	36.30
1965-1969	43	0.00289	0.00288	0.5	94583	273	94446	3347922	35.40
1965-1969	44	0.00309	0.00308	0.5	94310	291	94165	3253476	34.50
1965-1969	45	0.00347	0.00347	0.5	94019	326	93856	3159311	33.60
1965-1969	46	0.00370	0.00369	0.5	93693	346	93520	3065455	32.72
1965-1969	47	0.00389	0.00388	0.5	93347	362	93166	2971935	31.84
1965-1969	48	0.00438	0.00437	0.5	92985	407	92781	2878769	30.96
1965-1969	49	0.00471	0.00470	0.5	92578	435	92360	2785988	30.09
1965-1969	50	0.00518	0.00516	0.5	92143	476	91905	2693627	29.23
1965-1969	51	0.00548	0.00547	0.5	91667	501	91416	2601722	28.38
1965-1969	52	0.00588	0.00586	0.5	91166	534	90899	2510306	27.54
1965-1969	53	0.00651	0.00649	0.5	90632	588	90337	2419407	26.69
1965-1969	54	0.00701	0.00699	0.5	90043	629	89729	2329070	25.87
1965-1969	55	0.00741	0.00738	0.5	89414	660	89084	2239341	25.04
1965-1969	56	0.00812	0.00809	0.5	88754	718	88395	2150257	24.23
1965-1969	57	0.00863	0.00860	0.5	88036	757	87658	2061862	23.42
1965-1969	58	0.00944	0.00940	0.5	87279	820	86869	1974204	22.62
1965-1969	59	0.00976	0.00972	0.5	86459	840	86039	1887335	21.83
1965-1969	60	0.01073	0.01067	0.5	85619	914	85162	1801296	21.04
1965-1969	61	0.01129	0.01122	0.5	84705	951	84230	1716134	20.26
1965-1969	62	0.01287	0.01279	0.5	83755	1071	83219	1631904	19.48
1965-1969	63	0.01289	0.01281	0.5	82683	1059	82154	1548685	18.73
1965-1969	64	0.01425	0.01414	0.5	81625	1155	81047	1466531	17.97
1965-1969	65	0.01580	0.01568	0.5	80470	1262	79839	1385484	17.22
1965-1969	66	0.01721	0.01706	0.5	79208	1351	78533	1305645	16.48
1965-1969	67	0.01860	0.01843	0.5	77857	1435	77139	1227112	15.76
1965-1969	68	0.02056	0.02035	0.5	76422	1555	75644	1149973	15.05
1965-1969	69	0.02223	0.02199	0.5	74867	1646	74044	1074329	14.35
1965-1969	70	0.02495	0.02464	0.5	73220	1804	72318	1000285	13.66
1965-1969	71	0.02705	0.02669	0.5	71416	1906	70463	927967	12.99
1965-1969	72	0.03072	0.03026	0.5	69510	2103	68458	857504	12.34
1965-1969	73	0.03378	0.03322	0.5	67407	2239	66287	789046	11.71
1965-1969	74	0.03711	0.03643	0.5	65168	2374	63981	722759	11.09
1965-1969	75	0.04189	0.04103	0.5	62794	2577	61505	658778	10.49
1965-1969	76	0.04656	0.04550	0.5	60217	2740	58847	597273	9.92
1965-1969	77	0.05071	0.04946	0.5	57477	2843	56056	538426	9.37
1965-1969	78	0.05606	0.05453	0.5	54635	2979	53145	482370	8.83
1965-1969	79	0.06164	0.05980	0.5	51655	3089	50111	429225	8.31
1965-1969	80	0.06871	0.06643	0.5	48566	3226	46953	379114	7.81
1965-1969	81	0.07431	0.07165	0.5	45340	3248	43716	332161	7.33
1965-1969	82	0.08437	0.08095	0.5	42091	3407	40388	288445	6.85
1965-1969	83	0.09456	0.09029	0.5	38684	3493	36938	248057	6.41
1965-1969	84	0.10692	0.10150	0.5	35191	3572	33406	211120	6.00
1965-1969	85	0.11600	0.10964	0.5	31620	3467	29886	177714	5.62
1965-1969	86	0.13117	0.12310	0.5	28153	3466	26420	147828	5.25
1965-1969	87	0.14631	0.13633	0.5	24687	3366	23004	121408	4.92
1965-1969	88	0.15676	0.14537	0.5	21322	3099	19772	98403	4.62
1965-1969	89	0.17596	0.16173	0.5	18222	2947	16749	78632	4.32
1965-1969	90	0.18976	0.17332	0.5	15275	2647	13951	61883	4.05
1965-1969	91	0.20821	0.18858	0.5	12628	2381	11437	47932	3.80
1965-1969	92	0.21902	0.19740	0.5	10246	2023	9235	36495	3.56
1965-1969	93	0.25172	0.22358	0.5	8224	1839	7304	27260	3.31
1965-1969	94	0.26153	0.23129	0.5	6385	1477	5647	19955	3.13
1965-1969	95	0.29105	0.25408	0.5	4908	1247	4285	14309	2.92
1965-1969	96	0.31512	0.27223	0.5	3661	997	3163	10024	2.74
1965-1969	97	0.34022	0.29076	0.5	2665	775	2277	6861	2.57
1965-1969	98	0.36625	0.30956	0.5	1890	585	1597	4584	2.43
1965-1969	99	0.39308	0.32852	0.5	1305	429	1090	2987	2.29
1965-1969	100	0.42058	0.34750	0.5	876	304	724	1896	2.16
1965-1969	101	0.44858	0.36640	0.5	572	209	467	1172	2.05
1965-1969	102	0.47691	0.38508	0.5	362	139	292	705	1.95
1965-1969	103	0.50538	0.40344	0.5	223	90	178	413	1.85
1965-1969	104	0.53382	0.42136	0.5	133	56	105	235	1.77
1965-1969	105	0.56205	0.43875	0.5	77	34	60	130	1.69
1965-1969	106	0.58988	0.45553	0.5	43	20	33	70	1.62
1965-1969	107	0.61714	0.47161	0.5	23	11	18	37	1.56
1965-1969	108	0.64369	0.48696	0.5	12	6	9	19	1.51
1965-1969	109	0.66938	0.50152	0.5	6	3	5	9	1.47
1965-1969	110+	0.69410	1.00000	1.44	3	3	5	5	1.44
1970-1974	0	0.01404	0.01386	0.09	100000	1386	98742	7609166	76.09
1970-1974	1	0.00103	0.00103	0.5	98614	101	98564	7510424	76.16
1970-1974	2	0.00068	0.00067	0.5	98513	66	98480	7411860	75.24
1970-1974	3	0.00054	0.00054	0.5	98447	54	98420	7313381	74.29
1970-1974	4	0.00049	0.00049	0.5	98393	48	98369	7214961	73.33
1970-1974	5	0.00038	0.00038	0.5	98345	37	98326	7116592	72.36
1970-1974	6	0.00033	0.00033	0.5	98308	32	98292	7018266	71.39
1970-1974	7	0.00030	0.00030	0.5	98276	30	98261	6919974	70.41
1970-1974	8	0.00025	0.00025	0.5	98246	24	98234	6821713	69.43
1970-1974	9	0.00025	0.00025	0.5	98222	25	98210	6723479	68.45
1970-1974	10	0.00023	0.00023	0.5	98197	22	98186	6625269	67.47
1970-1974	11	0.00024	0.00024	0.5	98175	23	98164	6527082	66.48
1970-1974	12	0.00022	0.00022	0.5	98152	22	98141	6428919	65.50
1970-1974	13	0.00031	0.00031	0.5	98131	30	98115	6330777	64.51
1970-1974	14	0.00036	0.00036	0.5	98100	35	98083	6232662	63.53
1970-1974	15	0.00044	0.00044	0.5	98065	43	98044	6134579	62.56
1970-1974	16	0.00054	0.00054	0.5	98022	53	97996	6036535	61.58
1970-1974	17	0.00058	0.00058	0.5	97969	57	97940	5938539	60.62
1970-1974	18	0.00074	0.00074	0.5	97912	72	97876	5840599	59.65
1970-1974	19	0.00079	0.00079	0.5	97840	77	97801	5742723	58.70
1970-1974	20	0.00077	0.00076	0.5	97763	75	97726	5644922	57.74
1970-1974	21	0.00081	0.00081	0.5	97688	79	97649	5547196	56.78
1970-1974	22	0.00075	0.00075	0.5	97609	73	97573	5449547	55.83
1970-1974	23	0.00077	0.00077	0.5	97537	75	97499	5351974	54.87
1970-1974	24	0.00078	0.00078	0.5	97461	76	97423	5254476	53.91
1970-1974	25	0.00075	0.00075	0.5	97385	73	97349	5157052	52.96
1970-1974	26	0.00079	0.00079	0.5	97312	76	97274	5059703	51.99
1970-1974	27	0.00084	0.00084	0.5	97236	81	97195	4962429	51.03
1970-1974	28	0.00087	0.00087	0.5	97155	85	97112	4865234	50.08
1970-1974	29	0.00088	0.00088	0.5	97070	86	97027	4768122	49.12
1970-1974	30	0.00095	0.00095	0.5	96984	92	96938	4671095	48.16
1970-1974	31	0.00101	0.00101	0.5	96892	98	96843	4574157	47.21
1970-1974	32	0.00103	0.00103	0.5	96794	100	96744	4477314	46.26
1970-1974	33	0.00105	0.00105	0.5	96694	102	96643	4380570	45.30
1970-1974	34	0.00121	0.00121	0.5	96592	117	96534	4283927	44.35
1970-1974	35	0.00138	0.00138	0.5	96476	133	96409	4187393	43.40
1970-1974	36	0.00145	0.00145	0.5	96343	139	96273	4090984	42.46
1970-1974	37	0.00164	0.00164	0.5	96203	158	96125	3994710	41.52
1970-1974	38	0.00166	0.00166	0.5	96046	159	95966	3898586	40.59
1970-1974	39	0.00185	0.00185	0.5	95886	177	95798	3802620	39.66
1970-1974	40	0.00204	0.00204	0.5	95709	195	95612	3706822	38.73
1970-1974	41	0.00223	0.00222	0.5	95515	213	95408	3611210	37.81
1970-1974	42	0.00241	0.00240	0.5	95302	229	95187	3515801	36.89
1970-1974	43	0.00262	0.00262	0.5	95073	249	94948	3420614	35.98
1970-1974	44	0.00273	0.00273	0.5	94824	259	94694	3325666	35.07
1970-1974	45	0.00322	0.00322	0.5	94565	304	94413	3230972	34.17
1970-1974	46	0.00368	0.00367	0.5	94260	346	94087	3136559	33.28
1970-1974	47	0.00397	0.00396	0.5	93914	372	93729	3042472	32.40
1970-1974	48	0.00406	0.00406	0.5	93543	379	93353	2948743	31.52
1970-1974	49	0.00450	0.00449	0.5	93163	418	92954	2855390	30.65
1970-1974	50	0.00477	0.00476	0.5	92745	442	92524	2762436	29.79
1970-1974	51	0.00530	0.00528	0.5	92304	488	92060	2669912	28.93
1970-1974	52	0.00567	0.00565	0.5	91816	519	91556	2577852	28.08
1970-1974	53	0.00621	0.00619	0.5	91297	565	91014	2486296	27.23
1970-1974	54	0.00660	0.00657	0.5	90732	597	90434	2395281	26.40
1970-1974	55	0.00706	0.00704	0.5	90135	634	89818	2304847	25.57
1970-1974	56	0.00781	0.00778	0.5	89501	696	89153	2215029	24.75
1970-1974	57	0.00835	0.00831	0.5	88805	738	88436	2125876	23.94
1970-1974	58	0.00890	0.00886	0.5	88067	780	87677	2037440	23.14
1970-1974	59	0.01014	0.01008	0.5	87287	880	86846	1949763	22.34
1970-1974	60	0.01044	0.01038	0.5	86406	897	85958	1862917	21.56
1970-1974	61	0.01107	0.01100	0.5	85509	941	85039	1776959	20.78
1970-1974	62	0.01249	0.01242	0.5	84568	1050	84043	1691920	20.01
1970-1974	63	0.01317	0.01309	0.5	83518	1093	82972	1607877	19.25
1970-1974	64	0.01424	0.01414	0.5	82425	1166	81842	1524905	18.50
1970-1974	65	0.01567	0.01555	0.5	81260	1264	80628	1443063	17.76
1970-1974	66	0.01630	0.01617	0.5	79996	1294	79349	1362435	17.03
1970-1974	67	0.01755	0.01739	0.5	78703	1369	78018	1283086	16.30
1970-1974	68	0.01881	0.01863	0.5	77334	1441	76613	1205067	15.58
1970-1974	69	0.02073	0.02052	0.5	75893	1557	75114	1128454	14.87
1970-1974	70	0.02338	0.02311	0.5	74336	1718	73477	1053340	14.17
1970-1974	71	0.02551	0.02519	0.5	72618	1829	71703	979863	13.49
1970-1974	72	0.02847	0.02807	0.5	70789	1987	69795	908160	12.83
1970-1974	73	0.03087	0.03040	0.5	68802	2091	67756	838365	12.19
1970-1974	74	0.03418	0.03361	0.5	66710	2242	65589	770609	11.55
1970-1974	75	0.03881	0.03807	0.5	64468	2454	63241	705020	10.94
1970-1974	76	0.04253	0.04165	0.5	62014	2583	60723	641778	10.35
1970-1974	77	0.04679	0.04572	0.5	59431	2717	58073	581056	9.78
1970-1974	78	0.05227	0.05094	0.5	56714	2889	55270	522983	9.22
1970-1974	79	0.05735	0.05575	0.5	53826	3001	52325	467713	8.69
1970-1974	80	0.06405	0.06206	0.5	50825	3154	49248	415388	8.17
1970-1974	81	0.06888	0.06659	0.5	47670	3174	46083	366140	7.68
1970-1974	82	0.07688	0.07403	0.5	44496	3294	42849	320057	7.19
1970-1974	83	0.08698	0.08335	0.5	41202	3434	39485	277208	6.73
1970-1974	84	0.09696	0.09248	0.5	37768	3493	36021	237723	6.29
1970-1974	85	0.10838	0.10281	0.5	34275	3524	32513	201701	5.88
1970-1974	86	0.12137	0.11442	0.5	30751	3519	28992	169188	5.50
1970-1974	87	0.13422	0.12578	0.5	27233	3425	25520	140196	5.15
1970-1974	88	0.15072	0.14016	0.5	23807	3337	22139	114676	4.82
1970-1974	89	0.16033	0.14843	0.5	20471	3038	18951	92537	4.52
1970-1974	90	0.18002	0.16515	0.5	17432	2879	15993	73585	4.22
1970-1974	91	0.18911	0.17277	0.5	14553	2514	13296	57593	3.96
1970-1974	92	0.21108	0.19093	0.5	12039	2299	10890	44297	3.68
1970-1974	93	0.24010	0.21437	0.5	9740	2088	8696	33407	3.43
1970-1974	94	0.25449	0.22576	0.5	7652	1728	6788	24711	3.23
1970-1974	95	0.27698	0.24329	0.5	5925	1441	5204	17922	3.03
1970-1974	96	0.30070	0.26140	0.5	4483	1172	3897	12718	2.84
1970-1974	97	0.32554	0.27997	0.5	3311	927	2848	8821	2.66
1970-1974	98	0.35140	0.29888	0.5	2384	713	2028	5973	2.51
1970-1974	99	0.37816	0.31803	0.5	1672	532	1406	3945	2.36
1970-1974	100	0.40569	0.33727	0.5	1140	384	948	2540	2.23
1970-1974	101	0.43382	0.35649	0.5	756	269	621	1592	2.11
1970-1974	102	0.46238	0.37556	0.5	486	183	395	971	2.00
1970-1974	103	0.49119	0.39434	0.5	304	120	244	576	1.90
1970-1974	104	0.52007	0.41274	0.5	184	76	146	332	1.81
1970-1974	105	0.54881	0.43064	0.5	108	47	85	186	1.73
1970-1974	106	0.57722	0.44794	0.5	61	28	48	102	1.65
1970-1974	107	0.60514	0.46457	0.5	34	16	26	54	1.59
1970-1974	108	0.63238	0.48046	0.5	18	9	14	28	1.53
1970-1974	109	0.65881	0.49557	0.5	9	5	7	14	1.49
1970-1974	110+	0.68428	1.00000	1.46	5	5	7	7	1.46
1975-1979	0	0.01134	0.01122	0.08	100000	1122	98973	7772497	77.72
1975-1979	1	0.00098	0.00098	0.5	98878	96	98830	7673524	77.61
1975-1979	2	0.00061	0.00061	0.5	98781	60	98751	7574695	76.68
1975-1979	3	0.00046	0.00046	0.5	98721	45	98698	7475944	75.73
1975-1979	4	0.00034	0.00034	0.5	98676	33	98659	7377245	74.76
1975-1979	5	0.00029	0.00029	0.5	98642	29	98628	7278586	73.79
1975-1979	6	0.00030	0.00030	0.5	98614	30	98599	7179958	72.81
1975-1979	7	0.00027	0.00027	0.5	98584	27	98570	7081359	71.83
1975-1979	8	0.00024	0.00024	0.5	98557	24	98545	6982789	70.85
1975-1979	9	0.00021	0.00021	0.5	98533	21	98522	6884244	69.87
1975-1979	10	0.00021	0.00021	0.5	98512	20	98502	6785721	68.88
1975-1979	11	0.00020	0.00020	0.5	98492	20	98482	6687220	67.90
1975-1979	12	0.00021	0.00021	0.5	98471	21	98461	6588738	66.91
1975-1979	13	0.00021	0.00021	0.5	98451	21	98440	6490277	65.92
1975-1979	14	0.00028	0.00028	0.5	98430	28	98416	6391837	64.94
1975-1979	15	0.00042	0.00042	0.5	98402	42	98381	6293421	63.96
1975-1979	16	0.00052	0.00052	0.5	98360	51	98335	6195040	62.98
1975-1979	17	0.00054	0.00054	0.5	98310	53	98283	6096705	62.02
1975-1979	18	0.00065	0.00065	0.5	98256	64	98224	5998422	61.05
1975-1979	19	0.00066	0.00065	0.5	98192	64	98160	5900198	60.09
1975-1979	20	0.00066	0.00066	0.5	98128	65	98096	5802038	59.13
1975-1979	21	0.00072	0.00072	0.5	98063	71	98028	5703942	58.17
1975-1979	22	0.00075	0.00075	0.5	97992	73	97956	5605914	57.21
1975-1979	23	0.00077	0.00077	0.5	97919	75	97881	5507959	56.25
1975-1979	24	0.00073	0.00073	0.5	97844	71	97808	5410077	55.29
1975-1979	25	0.00070	0.00070	0.5	97772	68	97738	5312269	54.33
1975-1979	26	0.00075	0.00075	0.5	97704	73	97668	5214531	53.37
1975-1979	27	0.00073	0.00073	0.5	97631	71	97596	5116863	52.41
1975-1979	28	0.00079	0.00079	0.5	97560	77	97522	5019267	51.45
1975-1979	29	0.00077	0.00077	0.5	97483	75	97446	4921745	50.49
1975-1979	30	0.00079	0.00079	0.5	97409	77	97370	4824299	49.53
1975-1979	31	0.00086	0.00086	0.5	97331	83	97290	4726929	48.57
1975-1979	32	0.00094	0.00094	0.5	97248	91	97202	4629639	47.61
1975-1979	33	0.00093	0.00093	0.5	97157	90	97112	4532437	46.65
1975-1979	34	0.00099	0.00099	0.5	97067	96	97019	4435325	45.69
1975-1979	35	0.00106	0.00106	0.5	96971	103	96919	4338306	44.74
1975-1979	36	0.00117	0.00117	0.5	96868	113	96811	4241387	43.79
1975-1979	37	0.00125	0.00125	0.5	96755	121	96694	4144576	42.84
1975-1979	38	0.00134	0.00134	0.5	96634	129	96569	4047881	41.89
1975-1979	39	0.00143	0.00143	0.5	96505	138	96436	3951312	40.94
1975-1979	40	0.00176	0.00175	0.5	96366	169	96282	3854877	40.00
1975-1979	41	0.00183	0.00183	0.5	96197	176	96109	3758595	39.07
1975-1979	42	0.00207	0.00207	0.5	96021	199	95922	3662485	38.14
1975-1979	43	0.00222	0.00222	0.5	95823	212	95716	3566563	37.22
1975-1979	44	0.00250	0.00250	0.5	95610	239	95491	3470847	36.30
1975-1979	45	0.00271	0.00270	0.5	95371	258	95242	3375356	35.39
1975-1979	46	0.00293	0.00293	0.5	95114	279	94974	3280114	34.49
1975-1979	47	0.00335	0.00335	0.5	94835	318	94676	3185140	33.59
1975-1979	48	0.00347	0.00346	0.5	94517	327	94354	3090464	32.70
1975-1979	49	0.00389	0.00388	0.5	94190	365	94007	2996110	31.81
1975-1979	50	0.00425	0.00424	0.5	93825	398	93626	2902103	30.93
1975-1979	51	0.00463	0.00462	0.5	93427	432	93211	2808477	30.06
1975-1979	52	0.00503	0.00502	0.5	92995	467	92761	2715267	29.20
1975-1979	53	0.00541	0.00539	0.5	92528	499	92278	2622505	28.34
1975-1979	54	0.00582	0.00581	0.5	92029	534	91762	2530227	27.49
1975-1979	55	0.00635	0.00633	0.5	91494	579	91205	2438465	26.65
1975-1979	56	0.00680	0.00678	0.5	90915	616	90607	2347260	25.82
1975-1979	57	0.00768	0.00765	0.5	90299	691	89954	2256653	24.99
1975-1979	58	0.00814	0.00811	0.5	89608	726	89245	2166700	24.18
1975-1979	59	0.00888	0.00884	0.5	88882	786	88489	2077454	23.37
1975-1979	60	0.00950	0.00946	0.5	88096	833	87679	1988965	22.58
1975-1979	61	0.01032	0.01027	0.5	87263	896	86815	1901286	21.79
1975-1979	62	0.01147	0.01140	0.5	86367	985	85874	1814471	21.01
1975-1979	63	0.01191	0.01184	0.5	85382	1011	84877	1728597	20.25
1975-1979	64	0.01333	0.01324	0.5	84371	1117	83813	1643720	19.48
1975-1979	65	0.01402	0.01392	0.5	83254	1159	82675	1559908	18.74
1975-1979	66	0.01477	0.01466	0.5	82095	1203	81493	1477233	17.99
1975-1979	67	0.01605	0.01592	0.5	80892	1288	80248	1395739	17.25
1975-1979	68	0.01758	0.01742	0.5	79604	1387	78910	1315492	16.53
1975-1979	69	0.01928	0.01910	0.5	78217	1494	77470	1236581	15.81
1975-1979	70	0.02091	0.02070	0.5	76723	1588	75929	1159111	15.11
1975-1979	71	0.02304	0.02278	0.5	75135	1712	74279	1083182	14.42
1975-1979	72	0.02473	0.02443	0.5	73423	1794	72526	1008903	13.74
1975-1979	73	0.02708	0.02672	0.5	71630	1914	70673	936377	13.07
1975-1979	74	0.03003	0.02959	0.5	69716	2063	68684	865704	12.42
1975-1979	75	0.03335	0.03281	0.5	67653	2220	66543	797020	11.78
1975-1979	76	0.03618	0.03553	0.5	65433	2325	64271	730476	11.16
1975-1979	77	0.04019	0.03940	0.5	63108	2487	61865	666205	10.56
1975-1979	78	0.04478	0.04380	0.5	60622	2655	59294	604340	9.97
1975-1979	79	0.05035	0.04911	0.5	57967	2847	56543	545046	9.40
1975-1979	80	0.05489	0.05342	0.5	55120	2945	53647	488503	8.86
1975-1979	81	0.06012	0.05836	0.5	52175	3045	50652	434855	8.33
1975-1979	82	0.06790	0.06567	0.5	49130	3226	47517	384203	7.82
1975-1979	83	0.07590	0.07312	0.5	45904	3357	44225	336686	7.33
1975-1979	84	0.08496	0.08149	0.5	42547	3467	40813	292461	6.87
1975-1979	85	0.09282	0.08870	0.5	39080	3466	37347	251647	6.44
1975-1979	86	0.10412	0.09897	0.5	35613	3525	33851	214301	6.02
1975-1979	87	0.11599	0.10963	0.5	32089	3518	30330	180449	5.62
1975-1979	88	0.12639	0.11888	0.5	28571	3396	26873	150119	5.25
1975-1979	89	0.14162	0.13225	0.5	25174	3329	23510	123247	4.90
1975-1979	90	0.16325	0.15093	0.5	21845	3297	20197	99737	4.57
1975-1979	91	0.17368	0.15981	0.5	18548	2964	17066	79541	4.29
1975-1979	92	0.19281	0.17585	0.5	15584	2741	14214	62475	4.01
1975-1979	93	0.21041	0.19038	0.5	12843	2445	11621	48261	3.76
1975-1979	94	0.22583	0.20292	0.5	10398	2110	9343	36640	3.52
1975-1979	95	0.24787	0.22054	0.5	8288	1828	7374	27297	3.29
1975-1979	96	0.27008	0.23795	0.5	6460	1537	5692	19923	3.08
1975-1979	97	0.29351	0.25595	0.5	4923	1260	4293	14231	2.89
1975-1979	98	0.31809	0.27444	0.5	3663	1005	3160	9938	2.71
1975-1979	99	0.34372	0.29331	0.5	2658	780	2268	6777	2.55
1975-1979	100	0.37029	0.31244	0.5	1878	587	1585	4509	2.40
1975-1979	101	0.39767	0.33172	0.5	1291	428	1077	2924	2.26
1975-1979	102	0.42571	0.35100	0.5	863	303	712	1847	2.14
1975-1979	103	0.45424	0.37017	0.5	560	207	456	1136	2.03
1975-1979	104	0.48307	0.38909	0.5	353	137	284	679	1.93
1975-1979	105	0.51201	0.40765	0.5	216	88	172	395	1.83
1975-1979	106	0.54087	0.42574	0.5	128	54	100	223	1.75
1975-1979	107	0.56946	0.44326	0.5	73	32	57	123	1.68
1975-1979	108	0.59760	0.46012	0.5	41	19	31	66	1.62
1975-1979	109	0.62511	0.47625	0.5	22	10	17	34	1.57
1975-1979	110+	0.65183	1.00000	1.53	12	12	18	18	1.53
1980-1984	0	0.00933	0.00925	0.08	100000	925	99148	7846748	78.47
1980-1984	1	0.00085	0.00085	0.5	99075	84	99033	7747600	78.20
1980-1984	2	0.00048	0.00048	0.5	98991	47	98967	7648568	77.27
1980-1984	3	0.00036	0.00036	0.5	98943	35	98926	7549601	76.30
1980-1984	4	0.00028	0.00028	0.5	98908	28	98894	7450675	75.33
1980-1984	5	0.00026	0.00026	0.5	98881	25	98868	7351780	74.35
1980-1984	6	0.00024	0.00024	0.5	98855	24	98843	7252912	73.37
1980-1984	7	0.00023	0.00023	0.5	98831	23	98820	7154069	72.39
1980-1984	8	0.00024	0.00024	0.5	98808	24	98796	7055249	71.40
1980-1984	9	0.00020	0.00020	0.5	98784	20	98775	6956453	70.42
1980-1984	10	0.00017	0.00017	0.5	98765	17	98756	6857678	69.43
1980-1984	11	0.00017	0.00017	0.5	98748	17	98739	6758922	68.45
1980-1984	12	0.00021	0.00021	0.5	98731	20	98721	6660182	67.46
1980-1984	13	0.00023	0.00023	0.5	98711	22	98699	6561461	66.47
1980-1984	14	0.00029	0.00029	0.5	98688	28	98674	6462762	65.49
1980-1984	15	0.00037	0.00037	0.5	98660	37	98642	6364088	64.51
1980-1984	16	0.00044	0.00044	0.5	98623	44	98601	6265447	63.53
1980-1984	17	0.00048	0.00048	0.5	98579	47	98556	6166845	62.56
1980-1984	18	0.00063	0.00063	0.5	98533	62	98502	6068289	61.59
1980-1984	19	0.00060	0.00060	0.5	98470	59	98441	5969788	60.63
1980-1984	20	0.00056	0.00056	0.5	98411	55	98384	5871347	59.66
1980-1984	21	0.00059	0.00059	0.5	98356	58	98327	5772963	58.69
1980-1984	22	0.00061	0.00061	0.5	98298	60	98267	5674636	57.73
1980-1984	23	0.00057	0.00057	0.5	98237	56	98209	5576369	56.76
1980-1984	24	0.00059	0.00059	0.5	98181	58	98152	5478160	55.80
1980-1984	25	0.00061	0.00061	0.5	98123	60	98093	5380008	54.83
1980-1984	26	0.00063	0.00063	0.5	98063	62	98032	5281915	53.86
1980-1984	27	0.00062	0.00062	0.5	98002	61	97971	5183882	52.90
1980-1984	28	0.00064	0.00064	0.5	97941	63	97909	5085911	51.93
1980-1984	29	0.00067	0.00067	0.5	97878	65	97845	4988002	50.96
1980-1984	30	0.00070	0.00070	0.5	97812	68	97778	4890157	50.00
1980-1984	31	0.00075	0.00075	0.5	97744	73	97707	4792379	49.03
1980-1984	32	0.00075	0.00075	0.5	97671	73	97634	4694671	48.07
1980-1984	33	0.00080	0.00080	0.5	97598	78	97558	4597037	47.10
1980-1984	34	0.00082	0.00082	0.5	97519	80	97479	4499479	46.14
1980-1984	35	0.00091	0.00091	0.5	97439	89	97395	4401999	45.18
1980-1984	36	0.00100	0.00100	0.5	97351	97	97302	4304604	44.22
1980-1984	37	0.00110	0.00110	0.5	97253	107	97200	4207303	43.26
1980-1984	38	0.00120	0.00120	0.5	97146	116	97088	4110103	42.31
1980-1984	39	0.00131	0.00131	0.5	97030	127	96966	4013015	41.36
1980-1984	40	0.00145	0.00145	0.5	96903	141	96832	3916049	40.41
1980-1984	41	0.00163	0.00162	0.5	96762	157	96683	3819216	39.47
1980-1984	42	0.00178	0.00178	0.5	96605	172	96519	3722533	38.53
1980-1984	43	0.00189	0.00189	0.5	96433	182	96342	3626014	37.60
1980-1984	44	0.00214	0.00214	0.5	96251	206	96148	3529672	36.67
1980-1984	45	0.00242	0.00242	0.5	96045	232	95928	3433524	35.75
1980-1984	46	0.00253	0.00253	0.5	95812	242	95691	3337596	34.83
1980-1984	47	0.00265	0.00265	0.5	95570	253	95444	3241905	33.92
1980-1984	48	0.00324	0.00323	0.5	95317	308	95163	3146461	33.01
1980-1984	49	0.00349	0.00348	0.5	95009	331	94844	3051298	32.12
1980-1984	50	0.00362	0.00361	0.5	94678	342	94507	2956455	31.23
1980-1984	51	0.00438	0.00437	0.5	94336	412	94130	2861948	30.34
1980-1984	52	0.00451	0.00450	0.5	93924	423	93713	2767818	29.47
1980-1984	53	0.00485	0.00484	0.5	93501	453	93275	2674105	28.60
1980-1984	54	0.00532	0.00531	0.5	93049	494	92802	2580830	27.74
1980-1984	55	0.00577	0.00575	0.5	92555	532	92289	2488028	26.88
1980-1984	56	0.00646	0.00643	0.5	92022	592	91726	2395740	26.03
1980-1984	57	0.00694	0.00692	0.5	91430	633	91114	2304014	25.20
1980-1984	58	0.00785	0.00782	0.5	90798	710	90442	2212900	24.37
1980-1984	59	0.00843	0.00839	0.5	90087	756	89709	2122457	23.56
1980-1984	60	0.00925	0.00920	0.5	89331	822	88920	2032748	22.76
1980-1984	61	0.00980	0.00975	0.5	88509	863	88077	1943828	21.96
1980-1984	62	0.01114	0.01108	0.5	87646	971	87160	1855750	21.17
1980-1984	63	0.01188	0.01181	0.5	86675	1024	86163	1768590	20.40
1980-1984	64	0.01242	0.01234	0.5	85651	1057	85122	1682427	19.64
1980-1984	65	0.01376	0.01367	0.5	84594	1156	84016	1597305	18.88
1980-1984	66	0.01518	0.01507	0.5	83437	1257	82809	1513290	18.14
1980-1984	67	0.01624	0.01611	0.5	82180	1324	81518	1430481	17.41
1980-1984	68	0.01758	0.01742	0.5	80856	1409	80152	1348962	16.68
1980-1984	69	0.01879	0.01862	0.5	79448	1479	78708	1268810	15.97
1980-1984	70	0.02113	0.02091	0.5	77968	1630	77153	1190103	15.26
1980-1984	71	0.02249	0.02224	0.5	76338	1698	75489	1112949	14.58
1980-1984	72	0.02527	0.02496	0.5	74640	1863	73709	1037460	13.90
1980-1984	73	0.02779	0.02741	0.5	72777	1995	71780	963751	13.24
1980-1984	74	0.02975	0.02931	0.5	70782	2075	69745	891972	12.60
1980-1984	75	0.03249	0.03197	0.5	68708	2197	67609	822227	11.97
1980-1984	76	0.03600	0.03536	0.5	66511	2352	65335	754617	11.35
1980-1984	77	0.03917	0.03841	0.5	64159	2465	62926	689283	10.74
1980-1984	78	0.04223	0.04135	0.5	61694	2551	60419	626356	10.15
1980-1984	79	0.04733	0.04624	0.5	59143	2735	57776	565938	9.57
1980-1984	80	0.05370	0.05230	0.5	56408	2950	54933	508162	9.01
1980-1984	81	0.05979	0.05806	0.5	53458	3104	51907	453229	8.48
1980-1984	82	0.06736	0.06517	0.5	50355	3281	48714	401322	7.97
1980-1984	83	0.07387	0.07124	0.5	47073	3354	45397	352608	7.49
1980-1984	84	0.08145	0.07826	0.5	43720	3422	42009	307211	7.03
1980-1984	85	0.09038	0.08647	0.5	40298	3485	38556	265202	6.58
1980-1984	86	0.10229	0.09731	0.5	36814	3582	35023	226646	6.16
1980-1984	87	0.11170	0.10579	0.5	33231	3516	31474	191624	5.77
1980-1984	88	0.12418	0.11692	0.5	29716	3475	27979	160150	5.39
1980-1984	89	0.13726	0.12844	0.5	26241	3371	24556	132172	5.04
1980-1984	90	0.15194	0.14121	0.5	22871	3230	21256	107616	4.71
1980-1984	91	0.16527	0.15265	0.5	19641	2998	18142	86360	4.40
1980-1984	92	0.18538	0.16966	0.5	16643	2824	15231	68218	4.10
1980-1984	93	0.20339	0.18461	0.5	13819	2551	12544	52987	3.83
1980-1984	94	0.22020	0.19836	0.5	11268	2235	10150	40443	3.59
1980-1984	95	0.24215	0.21600	0.5	9033	1951	8057	30292	3.35
1980-1984	96	0.26398	0.23320	0.5	7082	1651	6256	22235	3.14
1980-1984	97	0.28702	0.25100	0.5	5430	1363	4749	15979	2.94
1980-1984	98	0.31123	0.26932	0.5	4067	1095	3520	11230	2.76
1980-1984	99	0.33652	0.28805	0.5	2972	856	2544	7710	2.59
1980-1984	100	0.36277	0.30707	0.5	2116	650	1791	5166	2.44
1980-1984	101	0.38988	0.32627	0.5	1466	478	1227	3375	2.30
1980-1984	102	0.41768	0.34552	0.5	988	341	817	2149	2.18
1980-1984	103	0.44601	0.36468	0.5	646	236	529	1331	2.06
1980-1984	104	0.47470	0.38364	0.5	411	158	332	803	1.95
1980-1984	105	0.50356	0.40227	0.5	253	102	202	471	1.86
1980-1984	106	0.53239	0.42047	0.5	151	64	120	269	1.78
1980-1984	107	0.56101	0.43812	0.5	88	38	68	149	1.70
1980-1984	108	0.58923	0.45514	0.5	49	22	38	81	1.64
1980-1984	109	0.61687	0.47146	0.5	27	13	21	43	1.59
1980-1984	110+	0.64378	1.00000	1.55	14	14	22	22	1.55
1985-1989	0	0.00835	0.00828	0.08	100000	828	99235	7881133	78.81
1985-1989	1	0.00074	0.00074	0.5	99172	73	99135	7781898	78.47
1985-1989	2	0.00046	0.00046	0.5	99099	46	99076	7682763	77.53
1985-1989	3	0.00032	0.00032	0.5	99053	32	99037	7583687	76.56
1985-1989	4	0.00024	0.00024	0.5	99021	24	99009	7484650	75.59
1985-1989	5	0.00022	0.00022	0.5	98997	22	98986	7385641	74.60
1985-1989	6	0.00019	0.00019	0.5	98975	19	98966	7286655	73.62
1985-1989	7	0.00020	0.00020	0.5	98956	19	98947	7187689	72.63
1985-1989	8	0.00020	0.00020	0.5	98937	20	98927	7088743	71.65
1985-1989	9	0.00014	0.00014	0.5	98917	14	98910	6989815	70.66
1985-1989	10	0.00014	0.00014	0.5	98903	14	98897	6890905	69.67
1985-1989	11	0.00016	0.00016	0.5	98890	16	98882	6792008	68.68
1985-1989	12	0.00018	0.00018	0.5	98874	18	98865	6693126	67.69
1985-1989	13	0.00022	0.00022	0.5	98856	22	98845	6594261	66.71
1985-1989	14	0.00024	0.00024	0.5	98834	24	98822	6495416	65.72
1985-1989	15	0.00035	0.00035	0.5	98810	35	98793	6396594	64.74
1985-1989	16	0.00044	0.00044	0.5	98775	44	98753	6297802	63.76
1985-1989	17	0.00052	0.00052	0.5	98732	51	98706	6199048	62.79
1985-1989	18	0.00054	0.00054	0.5	98680	54	98653	6100343	61.82
1985-1989	19	0.00051	0.00051	0.5	98627	51	98601	6001689	60.85
1985-1989	20	0.00047	0.00047	0.5	98576	47	98552	5903088	59.88
1985-1989	21	0.00053	0.00053	0.5	98529	53	98503	5804536	58.91
1985-1989	22	0.00052	0.00052	0.5	98477	51	98451	5706033	57.94
1985-1989	23	0.00053	0.00053	0.5	98425	52	98399	5607582	56.97
1985-1989	24	0.00052	0.00052	0.5	98373	51	98348	5509183	56.00
1985-1989	25	0.00058	0.00058	0.5	98322	57	98294	5410835	55.03
1985-1989	26	0.00063	0.00063	0.5	98265	62	98234	5312541	54.06
1985-1989	27	0.00057	0.00057	0.5	98203	56	98175	5214307	53.10
1985-1989	28	0.00065	0.00065	0.5	98148	64	98116	5116132	52.13
1985-1989	29	0.00062	0.00062	0.5	98083	61	98053	5018016	51.16
1985-1989	30	0.00063	0.00063	0.5	98023	62	97992	4919963	50.19
1985-1989	31	0.00068	0.00068	0.5	97961	67	97928	4821971	49.22
1985-1989	32	0.00079	0.00079	0.5	97894	77	97856	4724044	48.26
1985-1989	33	0.00077	0.00077	0.5	97817	75	97780	4626188	47.29
1985-1989	34	0.00086	0.00086	0.5	97742	84	97700	4528408	46.33
1985-1989	35	0.00091	0.00091	0.5	97658	89	97614	4430708	45.37
1985-1989	36	0.00102	0.00102	0.5	97569	100	97519	4333095	44.41
1985-1989	37	0.00097	0.00097	0.5	97470	95	97422	4235575	43.46
1985-1989	38	0.00120	0.00120	0.5	97375	117	97316	4138153	42.50
1985-1989	39	0.00116	0.00116	0.5	97258	113	97202	4040837	41.55
1985-1989	40	0.00133	0.00133	0.5	97145	129	97081	3943635	40.60
1985-1989	41	0.00137	0.00137	0.5	97016	133	96949	3846554	39.65
1985-1989	42	0.00163	0.00163	0.5	96883	158	96804	3749605	38.70
1985-1989	43	0.00178	0.00178	0.5	96725	172	96639	3652801	37.76
1985-1989	44	0.00193	0.00193	0.5	96553	187	96460	3556162	36.83
1985-1989	45	0.00206	0.00206	0.5	96367	198	96268	3459702	35.90
1985-1989	46	0.00236	0.00236	0.5	96168	227	96055	3363434	34.97
1985-1989	47	0.00267	0.00266	0.5	95942	256	95814	3267379	34.06
1985-1989	48	0.00311	0.00310	0.5	95686	297	95538	3171565	33.15
1985-1989	49	0.00301	0.00301	0.5	95389	287	95246	3076028	32.25
1985-1989	50	0.00349	0.00348	0.5	95102	331	94937	2980782	31.34
1985-1989	51	0.00386	0.00385	0.5	94771	365	94588	2885845	30.45
1985-1989	52	0.00445	0.00444	0.5	94406	419	94196	2791257	29.57
1985-1989	53	0.00466	0.00465	0.5	93987	437	93769	2697060	28.70
1985-1989	54	0.00489	0.00488	0.5	93550	456	93322	2603292	27.83
1985-1989	55	0.00563	0.00561	0.5	93094	522	92832	2509970	26.96
1985-1989	56	0.00618	0.00616	0.5	92571	570	92286	2417138	26.11
1985-1989	57	0.00670	0.00668	0.5	92001	615	91693	2324852	25.27
1985-1989	58	0.00778	0.00775	0.5	91386	709	91032	2233158	24.44
1985-1989	59	0.00778	0.00775	0.5	90677	703	90326	2142126	23.62
1985-1989	60	0.00880	0.00876	0.5	89975	788	89581	2051800	22.80
1985-1989	61	0.00982	0.00977	0.5	89186	871	88751	1962220	22.00
1985-1989	62	0.01088	0.01082	0.5	88315	956	87837	1873469	21.21
1985-1989	63	0.01148	0.01141	0.5	87359	997	86861	1785632	20.44
1985-1989	64	0.01215	0.01207	0.5	86362	1043	85841	1698771	19.67
1985-1989	65	0.01335	0.01326	0.5	85319	1131	84753	1612931	18.90
1985-1989	66	0.01427	0.01417	0.5	84188	1193	83591	1528177	18.15
1985-1989	67	0.01554	0.01542	0.5	82995	1280	82355	1444586	17.41
1985-1989	68	0.01763	0.01748	0.5	81714	1428	81000	1362232	16.67
1985-1989	69	0.01822	0.01805	0.5	80286	1449	79561	1281231	15.96
1985-1989	70	0.02074	0.02053	0.5	78837	1618	78028	1201670	15.24
1985-1989	71	0.02240	0.02215	0.5	77218	1710	76363	1123642	14.55
1985-1989	72	0.02523	0.02492	0.5	75508	1882	74567	1047279	13.87
1985-1989	73	0.02768	0.02730	0.5	73626	2010	72621	972712	13.21
1985-1989	74	0.02924	0.02882	0.5	71616	2064	70584	900090	12.57
1985-1989	75	0.03243	0.03191	0.5	69552	2219	68443	829506	11.93
1985-1989	76	0.03618	0.03553	0.5	67333	2393	66137	761063	11.30
1985-1989	77	0.03943	0.03867	0.5	64941	2511	63685	694927	10.70
1985-1989	78	0.04223	0.04135	0.5	62429	2582	61139	631242	10.11
1985-1989	79	0.04687	0.04579	0.5	59848	2741	58477	570103	9.53
1985-1989	80	0.05391	0.05250	0.5	57107	2998	55608	511626	8.96
1985-1989	81	0.05876	0.05708	0.5	54109	3088	52565	456018	8.43
1985-1989	82	0.06683	0.06466	0.5	51020	3299	49371	403453	7.91
1985-1989	83	0.07347	0.07087	0.5	47721	3382	46030	354082	7.42
1985-1989	84	0.08130	0.07813	0.5	44339	3464	42607	308052	6.95
1985-1989	85	0.09110	0.08713	0.5	40875	3562	39094	265444	6.49
1985-1989	86	0.10223	0.09726	0.5	37314	3629	35499	226350	6.07
1985-1989	87	0.11285	0.10682	0.5	33685	3598	31885	190851	5.67
1985-1989	88	0.12718	0.11957	0.5	30086	3598	28288	158965	5.28
1985-1989	89	0.14102	0.13173	0.5	26489	3489	24744	130678	4.93
1985-1989	90	0.15413	0.14310	0.5	22999	3291	21354	105934	4.61
1985-1989	91	0.16966	0.15640	0.5	19708	3082	18167	84580	4.29
1985-1989	92	0.18950	0.17310	0.5	16626	2878	15187	66413	3.99
1985-1989	93	0.21087	0.19076	0.5	13748	2622	12437	51226	3.73
1985-1989	94	0.23096	0.20705	0.5	11125	2303	9974	38790	3.49
1985-1989	95	0.24935	0.22171	0.5	8822	1956	7844	28816	3.27
1985-1989	96	0.27225	0.23963	0.5	6866	1645	6043	20972	3.05
1985-1989	97	0.29641	0.25815	0.5	5221	1348	4547	14929	2.86
1985-1989	98	0.32178	0.27718	0.5	3873	1074	3336	10382	2.68
1985-1989	99	0.34824	0.29659	0.5	2799	830	2384	7046	2.52
1985-1989	100	0.37566	0.31626	0.5	1969	623	1658	4661	2.37
1985-1989	101	0.40392	0.33605	0.5	1346	452	1120	3004	2.23
1985-1989	102	0.43282	0.35582	0.5	894	318	735	1884	2.11
1985-1989	103	0.46218	0.37543	0.5	576	216	468	1149	1.99
1985-1989	104	0.49182	0.39475	0.5	360	142	289	681	1.89
1985-1989	105	0.52151	0.41365	0.5	218	90	173	392	1.80
1985-1989	106	0.55104	0.43201	0.5	128	55	100	220	1.72
1985-1989	107	0.58023	0.44975	0.5	72	33	56	119	1.65
1985-1989	108	0.60886	0.46676	0.5	40	19	31	63	1.59
1985-1989	109	0.63676	0.48299	0.5	21	10	16	33	1.54
1985-1989	110+	0.66377	1.00000	1.51	11	11	17	17	1.51
1990-1994	0	0.00674	0.00670	0.07	100000	670	99378	7962952	79.63
1990-1994	1	0.00060	0.00060	0.5	99330	60	99300	7863573	79.17
1990-1994	2	0.00035	0.00035	0.5	99270	34	99253	7764273	78.21
1990-1994	3	0.00026	0.00026	0.5	99236	26	99223	7665020	77.24
1990-1994	4	0.00024	0.00024	0.5	99210	24	99198	7565797	76.26
1990-1994	5	0.00019	0.00019	0.5	99186	18	99177	7466599	75.28
1990-1994	6	0.00017	0.00017	0.5	99167	17	99159	7367423	74.29
1990-1994	7	0.00016	0.00016	0.5	99150	16	99142	7268264	73.31
1990-1994	8	0.00015	0.00015	0.5	99134	15	99127	7169122	72.32
1990-1994	9	0.00014	0.00014	0.5	99119	14	99112	7069995	71.33
1990-1994	10	0.00014	0.00014	0.5	99105	14	99099	6970883	70.34
1990-1994	11	0.00015	0.00015	0.5	99092	14	99085	6871784	69.35
1990-1994	12	0.00017	0.00017	0.5	99077	17	99069	6772699	68.36
1990-1994	13	0.00019	0.00019	0.5	99060	19	99051	6673631	67.37
1990-1994	14	0.00027	0.00027	0.5	99041	27	99027	6574580	66.38
1990-1994	15	0.00031	0.00031	0.5	99014	31	98999	6475553	65.40
1990-1994	16	0.00039	0.00039	0.5	98983	38	98964	6376554	64.42
1990-1994	17	0.00045	0.00045	0.5	98945	44	98923	6277590	63.45
1990-1994	18	0.00048	0.00048	0.5	98901	48	98877	6178667	62.47
1990-1994	19	0.00048	0.00048	0.5	98853	47	98829	6079790	61.50
1990-1994	20	0.00048	0.00048	0.5	98806	47	98782	5980961	60.53
1990-1994	21	0.00049	0.00049	0.5	98758	49	98734	5882179	59.56
1990-1994	22	0.00048	0.00048	0.5	98710	48	98686	5783445	58.59
1990-1994	23	0.00047	0.00047	0.5	98662	46	98639	5684759	57.62
1990-1994	24	0.00048	0.00048	0.5	98616	47	98592	5586120	56.65
1990-1994	25	0.00049	0.00049	0.5	98568	48	98544	5487528	55.67
1990-1994	26	0.00050	0.00050	0.5	98520	49	98496	5388984	54.70
1990-1994	27	0.00053	0.00053	0.5	98471	52	98445	5290488	53.73
1990-1994	28	0.00057	0.00057	0.5	98419	56	98391	5192043	52.75
1990-1994	29	0.00059	0.00059	0.5	98363	58	98334	5093653	51.78
1990-1994	30	0.00061	0.00061	0.5	98305	60	98275	4995319	50.81
1990-1994	31	0.00067	0.00067	0.5	98245	66	98212	4897044	49.85
1990-1994	32	0.00067	0.00067	0.5	98179	66	98146	4798833	48.88
1990-1994	33	0.00081	0.00081	0.5	98113	79	98073	4700687	47.91
1990-1994	34	0.00084	0.00084	0.5	98034	82	97992	4602614	46.95
1990-1994	35	0.00090	0.00090	0.5	97951	88	97907	4504622	45.99
1990-1994	36	0.00093	0.00093	0.5	97864	91	97818	4406714	45.03
1990-1994	37	0.00102	0.00102	0.5	97772	100	97722	4308896	44.07
1990-1994	38	0.00115	0.00115	0.5	97672	112	97616	4211174	43.12
1990-1994	39	0.00115	0.00115	0.5	97561	112	97505	4113558	42.16
1990-1994	40	0.00126	0.00126	0.5	97449	123	97387	4016053	41.21
1990-1994	41	0.00142	0.00142	0.5	97326	138	97257	3918666	40.26
1990-1994	42	0.00149	0.00149	0.5	97188	145	97115	3821409	39.32
1990-1994	43	0.00168	0.00168	0.5	97043	163	96961	3724294	38.38
1990-1994	44	0.00187	0.00187	0.5	96880	181	96789	3627333	37.44
1990-1994	45	0.00202	0.00201	0.5	96699	195	96602	3530543	36.51
1990-1994	46	0.00220	0.00220	0.5	96504	212	96398	3433942	35.58
1990-1994	47	0.00248	0.00248	0.5	96292	238	96173	3337544	34.66
1990-1994	48	0.00268	0.00268	0.5	96053	257	95925	3241371	33.75
1990-1994	49	0.00279	0.00278	0.5	95797	267	95663	3145446	32.83
1990-1994	50	0.00316	0.00316	0.5	95530	301	95379	3049783	31.92
1990-1994	51	0.00360	0.00359	0.5	95228	342	95057	2954404	31.02
1990-1994	52	0.00398	0.00397	0.5	94887	377	94698	2859346	30.13
1990-1994	53	0.00433	0.00432	0.5	94510	409	94305	2764648	29.25
1990-1994	54	0.00464	0.00463	0.5	94101	435	93883	2670343	28.38
1990-1994	55	0.00512	0.00511	0.5	93666	478	93426	2576460	27.51
1990-1994	56	0.00559	0.00558	0.5	93187	520	92928	2483033	26.65
1990-1994	57	0.00622	0.00620	0.5	92668	575	92380	2390106	25.79
1990-1994	58	0.00710	0.00707	0.5	92093	652	91767	2297725	24.95
1990-1994	59	0.00747	0.00744	0.5	91441	680	91101	2205958	24.12
1990-1994	60	0.00832	0.00829	0.5	90761	752	90385	2114857	23.30
1990-1994	61	0.00915	0.00911	0.5	90009	820	89599	2024472	22.49
1990-1994	62	0.00994	0.00989	0.5	89189	882	88748	1934873	21.69
1990-1994	63	0.01069	0.01064	0.5	88307	939	87838	1846125	20.91
1990-1994	64	0.01108	0.01102	0.5	87368	963	86887	1758287	20.13
1990-1994	65	0.01245	0.01238	0.5	86405	1069	85871	1671400	19.34
1990-1994	66	0.01365	0.01356	0.5	85336	1157	84757	1585530	18.58
1990-1994	67	0.01471	0.01460	0.5	84179	1229	83565	1500772	17.83
1990-1994	68	0.01693	0.01678	0.5	82950	1392	82254	1417208	17.09
1990-1994	69	0.01779	0.01763	0.5	81558	1438	80839	1334954	16.37
1990-1994	70	0.01941	0.01922	0.5	80120	1540	79350	1254115	15.65
1990-1994	71	0.02129	0.02107	0.5	78580	1656	77752	1174764	14.95
1990-1994	72	0.02355	0.02327	0.5	76924	1790	76029	1097012	14.26
1990-1994	73	0.02593	0.02560	0.5	75134	1924	74172	1020983	13.59
1990-1994	74	0.02725	0.02689	0.5	73211	1968	72226	946811	12.93
1990-1994	75	0.03043	0.02998	0.5	71242	2136	70174	874585	12.28
1990-1994	76	0.03395	0.03338	0.5	69106	2307	67953	804410	11.64
1990-1994	77	0.03730	0.03661	0.5	66800	2446	65577	736457	11.02
1990-1994	78	0.03983	0.03905	0.5	64354	2513	63097	670881	10.42
1990-1994	79	0.04459	0.04361	0.5	61840	2697	60492	607784	9.83
1990-1994	80	0.05069	0.04944	0.5	59143	2924	57681	547292	9.25
1990-1994	81	0.05640	0.05486	0.5	56219	3084	54677	489611	8.71
1990-1994	82	0.06232	0.06044	0.5	53135	3211	51529	434933	8.19
1990-1994	83	0.06986	0.06750	0.5	49924	3370	48239	383404	7.68
1990-1994	84	0.07715	0.07429	0.5	46554	3458	44825	335165	7.20
1990-1994	85	0.08591	0.08237	0.5	43095	3550	41321	290341	6.74
1990-1994	86	0.09556	0.09120	0.5	39546	3607	37742	249020	6.30
1990-1994	87	0.10624	0.10088	0.5	35939	3626	34126	211278	5.88
1990-1994	88	0.11834	0.11173	0.5	32313	3610	30508	177152	5.48
1990-1994	89	0.13117	0.12309	0.5	28703	3533	26936	146644	5.11
1990-1994	90	0.14620	0.13624	0.5	25170	3429	23455	119707	4.76
1990-1994	91	0.16021	0.14833	0.5	21741	3225	20128	96252	4.43
1990-1994	92	0.17918	0.16445	0.5	18516	3045	16993	76124	4.11
1990-1994	93	0.20527	0.18616	0.5	15471	2880	14031	59130	3.82
1990-1994	94	0.22407	0.20150	0.5	12591	2537	11322	45099	3.58
1990-1994	95	0.23978	0.21411	0.5	10054	2153	8978	33777	3.36
1990-1994	96	0.26232	0.23190	0.5	7901	1832	6985	24799	3.14
1990-1994	97	0.28619	0.25036	0.5	6069	1519	5309	17814	2.94
1990-1994	98	0.31131	0.26938	0.5	4550	1226	3937	12505	2.75
1990-1994	99	0.33759	0.28884	0.5	3324	960	2844	8568	2.58
1990-1994	100	0.36492	0.30861	0.5	2364	730	1999	5724	2.42
1990-1994	101	0.39314	0.32856	0.5	1634	537	1366	3725	2.28
1990-1994	102	0.42210	0.34854	0.5	1097	382	906	2359	2.15
1990-1994	103	0.45161	0.36842	0.5	715	263	583	1453	2.03
1990-1994	104	0.48145	0.38804	0.5	452	175	364	870	1.93
1990-1994	105	0.51143	0.40729	0.5	276	113	220	506	1.83
1990-1994	106	0.54133	0.42602	0.5	164	70	129	286	1.75
1990-1994	107	0.57094	0.44415	0.5	94	42	73	157	1.67
1990-1994	108	0.60004	0.46156	0.5	52	24	40	84	1.61
1990-1994	109	0.62846	0.47820	0.5	28	13	21	44	1.56
1990-1994	110+	0.65601	1.00000	1.52	15	15	22	22	1.52
1995-1999	0	0.00568	0.00565	0.07	100000	565	99474	8009732	80.10
1995-1999	1	0.00046	0.00046	0.5	99435	46	99412	7910258	79.55
1995-1999	2	0.00029	0.00029	0.5	99390	29	99375	7810846	78.59
1995-1999	3	0.00022	0.00022	0.5	99360	22	99349	7711471	77.61
1995-1999	4	0.00017	0.00017	0.5	99338	16	99330	7612121	76.63
1995-1999	5	0.00016	0.00016	0.5	99322	16	99314	7512791	75.64
1995-1999	6	0.00014	0.00014	0.5	99306	14	99299	7413477	74.65
1995-1999	7	0.00015	0.00015	0.5	99293	15	99285	7314178	73.66
1995-1999	8	0.00013	0.00013	0.5	99278	13	99271	7214892	72.67
1995-1999	9	0.00013	0.00013	0.5	99264	13	99258	7115621	71.68
1995-1999	10	0.00012	0.00012	0.5	99252	12	99245	7016363	70.69
1995-1999	11	0.00013	0.00013	0.5	99239	12	99233	6917118	69.70
1995-1999	12	0.00015	0.00015	0.5	99227	15	99219	6817885	68.71
1995-1999	13	0.00016	0.00016	0.5	99212	16	99203	6718666	67.72
1995-1999	14	0.00021	0.00021	0.5	99195	21	99185	6619462	66.73
1995-1999	15	0.00026	0.00026	0.5	99175	26	99162	6520277	65.75
1995-1999	16	0.00032	0.00032	0.5	99149	32	99133	6421115	64.76
1995-1999	17	0.00040	0.00040	0.5	99117	39	99098	6321982	63.78
1995-1999	18	0.00042	0.00042	0.5	99078	41	99057	6222885	62.81
1995-1999	19	0.00040	0.00040	0.5	99037	40	99017	6123828	61.83
1995-1999	20	0.00045	0.00045	0.5	98997	45	98974	6024811	60.86
1995-1999	21	0.00042	0.00042	0.5	98952	42	98931	5925836	59.89
1995-1999	22	0.00044	0.00044	0.5	98910	44	98889	5826905	58.91
1995-1999	23	0.00040	0.00040	0.5	98867	40	98847	5728016	57.94
1995-1999	24	0.00041	0.00041	0.5	98827	41	98807	5629169	56.96
1995-1999	25	0.00042	0.00042	0.5	98786	42	98765	5530363	55.98
1995-1999	26	0.00047	0.00047	0.5	98744	46	98721	5431597	55.01
1995-1999	27	0.00046	0.00046	0.5	98698	46	98675	5332876	54.03
1995-1999	28	0.00048	0.00048	0.5	98652	47	98629	5234201	53.06
1995-1999	29	0.00047	0.00047	0.5	98605	47	98582	5135572	52.08
1995-1999	30	0.00050	0.00050	0.5	98558	50	98534	5036990	51.11
1995-1999	31	0.00058	0.00058	0.5	98509	57	98480	4938457	50.13
1995-1999	32	0.00069	0.00069	0.5	98452	68	98418	4839976	49.16
1995-1999	33	0.00070	0.00070	0.5	98384	69	98349	4741559	48.19
1995-1999	34	0.00077	0.00077	0.5	98315	76	98277	4643209	47.23
1995-1999	35	0.00080	0.00080	0.5	98239	78	98200	4544932	46.26
1995-1999	36	0.00086	0.00086	0.5	98161	84	98118	4446733	45.30
1995-1999	37	0.00098	0.00098	0.5	98076	96	98028	4348614	44.34
1995-1999	38	0.00109	0.00109	0.5	97980	106	97927	4250586	43.38
1995-1999	39	0.00119	0.00119	0.5	97873	116	97815	4152659	42.43
1995-1999	40	0.00128	0.00128	0.5	97757	125	97695	4054844	41.48
1995-1999	41	0.00141	0.00141	0.5	97632	138	97563	3957149	40.53
1995-1999	42	0.00154	0.00153	0.5	97494	150	97419	3859587	39.59
1995-1999	43	0.00170	0.00170	0.5	97344	165	97262	3762168	38.65
1995-1999	44	0.00177	0.00177	0.5	97179	172	97093	3664906	37.71
1995-1999	45	0.00189	0.00189	0.5	97007	183	96916	3567813	36.78
1995-1999	46	0.00210	0.00210	0.5	96824	203	96723	3470897	35.85
1995-1999	47	0.00225	0.00225	0.5	96621	217	96512	3374174	34.92
1995-1999	48	0.00257	0.00256	0.5	96403	247	96280	3277662	34.00
1995-1999	49	0.00268	0.00268	0.5	96156	258	96027	3181382	33.09
1995-1999	50	0.00283	0.00283	0.5	95899	271	95763	3085355	32.17
1995-1999	51	0.00321	0.00320	0.5	95627	306	95474	2989592	31.26
1995-1999	52	0.00363	0.00362	0.5	95321	345	95148	2894118	30.36
1995-1999	53	0.00410	0.00409	0.5	94976	388	94782	2798969	29.47
1995-1999	54	0.00423	0.00422	0.5	94588	400	94388	2704187	28.59
1995-1999	55	0.00473	0.00472	0.5	94188	445	93966	2609800	27.71
1995-1999	56	0.00522	0.00521	0.5	93743	488	93499	2515834	26.84
1995-1999	57	0.00580	0.00578	0.5	93255	539	92985	2422335	25.98
1995-1999	58	0.00640	0.00638	0.5	92716	591	92420	2329349	25.12
1995-1999	59	0.00695	0.00692	0.5	92125	638	91806	2236929	24.28
1995-1999	60	0.00751	0.00748	0.5	91487	685	91145	2145123	23.45
1995-1999	61	0.00864	0.00860	0.5	90802	781	90412	2053979	22.62
1995-1999	62	0.00937	0.00932	0.5	90021	839	89602	1963567	21.81
1995-1999	63	0.01016	0.01011	0.5	89182	902	88731	1873965	21.01
1995-1999	64	0.01112	0.01106	0.5	88280	976	87792	1785234	20.22
1995-1999	65	0.01194	0.01187	0.5	87304	1036	86786	1697442	19.44
1995-1999	66	0.01292	0.01284	0.5	86268	1108	85714	1610655	18.67
1995-1999	67	0.01416	0.01407	0.5	85160	1198	84561	1524941	17.91
1995-1999	68	0.01553	0.01541	0.5	83963	1294	83315	1440380	17.16
1995-1999	69	0.01670	0.01657	0.5	82668	1369	81984	1357064	16.42
1995-1999	70	0.01864	0.01846	0.5	81299	1501	80548	1275081	15.68
1995-1999	71	0.02087	0.02066	0.5	79798	1648	78974	1194532	14.97
1995-1999	72	0.02328	0.02301	0.5	78150	1799	77250	1115558	14.27
1995-1999	73	0.02500	0.02469	0.5	76351	1885	75409	1038308	13.60
1995-1999	74	0.02646	0.02612	0.5	74466	1945	73494	962900	12.93
1995-1999	75	0.02963	0.02920	0.5	72521	2118	71462	889406	12.26
1995-1999	76	0.03229	0.03178	0.5	70404	2237	69285	817943	11.62
1995-1999	77	0.03574	0.03511	0.5	68167	2393	66970	748658	10.98
1995-1999	78	0.03954	0.03877	0.5	65773	2550	64498	681688	10.36
1995-1999	79	0.04319	0.04227	0.5	63223	2673	61887	617190	9.76
1995-1999	80	0.05073	0.04948	0.5	60551	2996	59053	555303	9.17
1995-1999	81	0.05529	0.05380	0.5	57555	3097	56006	496251	8.62
1995-1999	82	0.06210	0.06023	0.5	54458	3280	52818	440244	8.08
1995-1999	83	0.07016	0.06778	0.5	51178	3469	49444	387426	7.57
1995-1999	84	0.07872	0.07574	0.5	47709	3614	45902	337982	7.08
1995-1999	85	0.08613	0.08258	0.5	44096	3641	42275	292080	6.62
1995-1999	86	0.09743	0.09290	0.5	40454	3758	38575	249805	6.17
1995-1999	87	0.10833	0.10276	0.5	36696	3771	34810	211230	5.76
1995-1999	88	0.12032	0.11349	0.5	32925	3737	31057	176419	5.36
1995-1999	89	0.13526	0.12669	0.5	29188	3698	27339	145363	4.98
1995-1999	90	0.15099	0.14039	0.5	25490	3579	23701	118024	4.63
1995-1999	91	0.16838	0.15531	0.5	21912	3403	20210	94323	4.30
1995-1999	92	0.18648	0.17058	0.5	18509	3157	16930	74113	4.00
1995-1999	93	0.20741	0.18792	0.5	15351	2885	13909	57183	3.72
1995-1999	94	0.22773	0.20445	0.5	12467	2549	11192	43273	3.47
1995-1999	95	0.25033	0.22248	0.5	9918	2207	8815	32081	3.23
1995-1999	96	0.27441	0.24130	0.5	7711	1861	6781	23267	3.02
1995-1999	97	0.29988	0.26078	0.5	5851	1526	5088	16486	2.82
1995-1999	98	0.32664	0.28079	0.5	4325	1214	3718	11398	2.64
1995-1999	99	0.35459	0.30119	0.5	3111	937	2642	7680	2.47
1995-1999	100	0.38356	0.32184	0.5	2174	700	1824	5038	2.32
1995-1999	101	0.41339	0.34258	0.5	1474	505	1222	3214	2.18
1995-1999	102	0.44387	0.36325	0.5	969	352	793	1993	2.06
1995-1999	103	0.47477	0.38369	0.5	617	237	499	1200	1.94
1995-1999	104	0.50587	0.40375	0.5	380	154	304	701	1.84
1995-1999	105	0.53692	0.42328	0.5	227	96	179	397	1.75
1995-1999	106	0.56769	0.44218	0.5	131	58	102	219	1.67
1995-1999	107	0.59794	0.46032	0.5	73	34	56	117	1.60
1995-1999	108	0.62747	0.47762	0.5	39	19	30	61	1.54
1995-1999	109	0.65608	0.49402	0.5	21	10	15	31	1.49
1995-1999	110+	0.68359	1.00000	1.46	10	10	15	15	1.46
2000-2004	0	0.00510	0.00508	0.07	100000	508	99526	8070262	80.70
2000-2004	1	0.00038	0.00038	0.5	99492	38	99473	7970736	80.11
2000-2004	2	0.00025	0.00025	0.5	99454	25	99441	7871263	79.14
2000-2004	3	0.00017	0.00017	0.5	99429	17	99421	7771822	78.16
2000-2004	4	0.00017	0.00017	0.5	99412	17	99404	7672402	77.18
2000-2004	5	0.00016	0.00016	0.5	99396	16	99388	7572998	76.19
2000-2004	6	0.00013	0.00013	0.5	99380	12	99374	7473610	75.20
2000-2004	7	0.00010	0.00010	0.5	99367	10	99362	7374236	74.21
2000-2004	8	0.00012	0.00012	0.5	99357	12	99351	7274874	73.22
2000-2004	9	0.00012	0.00012	0.5	99345	12	99339	7175523	72.23
2000-2004	10	0.00010	0.00010	0.5	99333	10	99328	7076183	71.24
2000-2004	11	0.00013	0.00013	0.5	99323	13	99317	6976855	70.24
2000-2004	12	0.00012	0.00012	0.5	99311	12	99305	6877538	69.25
2000-2004	13	0.00015	0.00015	0.5	99299	15	99292	6778233	68.26
2000-2004	14	0.00019	0.00019	0.5	99284	19	99274	6678941	67.27
2000-2004	15	0.00021	0.00021	0.5	99265	20	99255	6579667	66.28
2000-2004	16	0.00027	0.00027	0.5	99244	27	99231	6480412	65.30
2000-2004	17	0.00033	0.00033	0.5	99217	33	99201	6381181	64.32
2000-2004	18	0.00041	0.00041	0.5	99185	41	99165	6281980	63.34
2000-2004	19	0.00040	0.00040	0.5	99144	40	99124	6182816	62.36
2000-2004	20	0.00040	0.00040	0.5	99104	39	99085	6083691	61.39
2000-2004	21	0.00040	0.00040	0.5	99065	40	99045	5984607	60.41
2000-2004	22	0.00037	0.00037	0.5	99025	37	99007	5885562	59.44
2000-2004	23	0.00037	0.00037	0.5	98988	36	98970	5786555	58.46
2000-2004	24	0.00038	0.00038	0.5	98952	38	98933	5687584	57.48
2000-2004	25	0.00038	0.00038	0.5	98915	38	98896	5588651	56.50
2000-2004	26	0.00042	0.00042	0.5	98877	41	98856	5489755	55.52
2000-2004	27	0.00040	0.00040	0.5	98835	39	98816	5390899	54.54
2000-2004	28	0.00041	0.00041	0.5	98796	41	98776	5292084	53.57
2000-2004	29	0.00044	0.00044	0.5	98755	44	98734	5193308	52.59
2000-2004	30	0.00045	0.00045	0.5	98712	44	98690	5094575	51.61
2000-2004	31	0.00052	0.00052	0.5	98668	51	98642	4995885	50.63
2000-2004	32	0.00055	0.00055	0.5	98617	55	98589	4897243	49.66
2000-2004	33	0.00064	0.00064	0.5	98562	63	98531	4798653	48.69
2000-2004	34	0.00070	0.00070	0.5	98499	68	98465	4700123	47.72
2000-2004	35	0.00076	0.00076	0.5	98431	75	98393	4601658	46.75
2000-2004	36	0.00077	0.00077	0.5	98356	75	98318	4503264	45.79
2000-2004	37	0.00088	0.00088	0.5	98281	86	98237	4404946	44.82
2000-2004	38	0.00101	0.00101	0.5	98194	99	98145	4306709	43.86
2000-2004	39	0.00115	0.00114	0.5	98095	112	98039	4208564	42.90
2000-2004	40	0.00122	0.00122	0.5	97983	120	97923	4110525	41.95
2000-2004	41	0.00135	0.00135	0.5	97863	132	97797	4012603	41.00
2000-2004	42	0.00151	0.00150	0.5	97731	147	97657	3914806	40.06
2000-2004	43	0.00166	0.00166	0.5	97584	162	97503	3817149	39.12
2000-2004	44	0.00181	0.00181	0.5	97422	176	97334	3719646	38.18
2000-2004	45	0.00193	0.00193	0.5	97246	188	97152	3622312	37.25
2000-2004	46	0.00211	0.00211	0.5	97058	205	96955	3525161	36.32
2000-2004	47	0.00227	0.00227	0.5	96853	220	96743	3428205	35.40
2000-2004	48	0.00245	0.00245	0.5	96633	237	96515	3331462	34.48
2000-2004	49	0.00274	0.00273	0.5	96396	263	96265	3234948	33.56
2000-2004	50	0.00292	0.00292	0.5	96133	281	95993	3138683	32.65
2000-2004	51	0.00314	0.00314	0.5	95853	301	95702	3042690	31.74
2000-2004	52	0.00341	0.00341	0.5	95552	326	95389	2946988	30.84
2000-2004	53	0.00372	0.00371	0.5	95226	353	95050	2851599	29.95
2000-2004	54	0.00395	0.00394	0.5	94873	374	94686	2756549	29.06
2000-2004	55	0.00429	0.00428	0.5	94499	404	94297	2661863	28.17
2000-2004	56	0.00483	0.00482	0.5	94095	454	93868	2567566	27.29
2000-2004	57	0.00520	0.00519	0.5	93641	486	93399	2473698	26.42
2000-2004	58	0.00569	0.00567	0.5	93156	528	92892	2380299	25.55
2000-2004	59	0.00639	0.00637	0.5	92627	590	92332	2287407	24.69
2000-2004	60	0.00701	0.00699	0.5	92037	643	91716	2195075	23.85
2000-2004	61	0.00770	0.00767	0.5	91394	701	91044	2103359	23.01
2000-2004	62	0.00841	0.00838	0.5	90693	760	90313	2012315	22.19
2000-2004	63	0.00917	0.00913	0.5	89933	821	89523	1922002	21.37
2000-2004	64	0.01000	0.00995	0.5	89112	887	88669	1832479	20.56
2000-2004	65	0.01104	0.01098	0.5	88226	969	87741	1743810	19.77
2000-2004	66	0.01195	0.01188	0.5	87257	1037	86738	1656069	18.98
2000-2004	67	0.01318	0.01309	0.5	86220	1129	85655	1569331	18.20
2000-2004	68	0.01446	0.01436	0.5	85091	1222	84480	1483675	17.44
2000-2004	69	0.01573	0.01561	0.5	83869	1309	83215	1399195	16.68
2000-2004	70	0.01761	0.01745	0.5	82560	1441	81839	1315980	15.94
2000-2004	71	0.01887	0.01870	0.5	81119	1517	80361	1234141	15.21
2000-2004	72	0.02089	0.02067	0.5	79602	1646	78779	1153780	14.49
2000-2004	73	0.02254	0.02229	0.5	77957	1738	77088	1075001	13.79
2000-2004	74	0.02536	0.02504	0.5	76219	1909	75264	997913	13.09
2000-2004	75	0.02788	0.02750	0.5	74310	2043	73288	922649	12.42
2000-2004	76	0.03043	0.02997	0.5	72267	2166	71184	849361	11.75
2000-2004	77	0.03396	0.03339	0.5	70101	2341	68930	778177	11.10
2000-2004	78	0.03690	0.03623	0.5	67760	2455	66533	709247	10.47
2000-2004	79	0.04163	0.04078	0.5	65305	2663	63974	642714	9.84
2000-2004	80	0.04845	0.04730	0.5	62642	2963	61160	578741	9.24
2000-2004	81	0.05362	0.05222	0.5	59679	3116	58121	517580	8.67
2000-2004	82	0.06084	0.05904	0.5	56563	3340	54893	459460	8.12
2000-2004	83	0.06719	0.06500	0.5	53223	3460	51493	404567	7.60
2000-2004	84	0.07681	0.07397	0.5	49763	3681	47923	353074	7.10
2000-2004	85	0.08453	0.08110	0.5	46082	3737	44214	305151	6.62
2000-2004	86	0.09592	0.09153	0.5	42345	3876	40407	260937	6.16
2000-2004	87	0.10733	0.10187	0.5	38469	3919	36510	220530	5.73
2000-2004	88	0.11999	0.11320	0.5	34551	3911	32595	184020	5.33
2000-2004	89	0.13502	0.12648	0.5	30639	3875	28702	151425	4.94
2000-2004	90	0.15118	0.14056	0.5	26764	3762	24883	122724	4.59
2000-2004	91	0.16869	0.15557	0.5	23002	3578	21213	97840	4.25
2000-2004	92	0.18796	0.17181	0.5	19424	3337	17755	76627	3.95
2000-2004	93	0.21050	0.19045	0.5	16087	3064	14555	58872	3.66
2000-2004	94	0.23537	0.21058	0.5	13023	2742	11652	44318	3.40
2000-2004	95	0.25463	0.22588	0.5	10280	2322	9119	32666	3.18
2000-2004	96	0.27984	0.24549	0.5	7958	1954	6981	23547	2.96
2000-2004	97	0.30653	0.26579	0.5	6005	1596	5207	16565	2.76
2000-2004	98	0.33457	0.28662	0.5	4409	1264	3777	11359	2.58
2000-2004	99	0.36383	0.30783	0.5	3145	968	2661	7582	2.41
2000-2004	100	0.39414	0.32925	0.5	2177	717	1819	4921	2.26
2000-2004	101	0.42528	0.35071	0.5	1460	512	1204	3102	2.12
2000-2004	102	0.45703	0.37202	0.5	948	353	772	1898	2.00
2000-2004	103	0.48913	0.39301	0.5	595	234	478	1126	1.89
2000-2004	104	0.52132	0.41353	0.5	361	149	287	648	1.79
2000-2004	105	0.55333	0.43342	0.5	212	92	166	361	1.70
2000-2004	106	0.58491	0.45256	0.5	120	54	93	195	1.63
2000-2004	107	0.61580	0.47083	0.5	66	31	50	102	1.56
2000-2004	108	0.64579	0.48817	0.5	35	17	26	52	1.50
2000-2004	109	0.67468	0.50449	0.5	18	9	13	26	1.45
2000-2004	110+	0.70229	1.00000	1.42	9	9	13	13	1.42
2005-2009	0	0.00491	0.00489	0.07	100000	489	99544	8173816	81.74
2005-2009	1	0.00038	0.00038	0.5	99511	37	99492	8074272	81.14
2005-2009	2	0.00021	0.00021	0.5	99474	21	99463	7974780	80.17
2005-2009	3	0.00016	0.00016	0.5	99452	16	99445	7875317	79.19
2005-2009	4	0.00013	0.00013	0.5	99437	13	99430	7775872	78.20
2005-2009	5	0.00013	0.00013	0.5	99423	13	99417	7676442	77.21
2005-2009	6	0.00011	0.00011	0.5	99411	11	99405	7577025	76.22
2005-2009	7	0.00010	0.00010	0.5	99399	10	99394	7477620	75.23
2005-2009	8	0.00010	0.00010	0.5	99389	10	99384	7378226	74.24
2005-2009	9	0.00011	0.00011	0.5	99379	10	99374	7278842	73.24
2005-2009	10	0.00010	0.00010	0.5	99369	10	99364	7179468	72.25
2005-2009	11	0.00010	0.00010	0.5	99359	10	99354	7080104	71.26
2005-2009	12	0.00012	0.00012	0.5	99348	12	99343	6980750	70.27
2005-2009	13	0.00012	0.00012	0.5	99337	12	99331	6881408	69.27
2005-2009	14	0.00015	0.00015	0.5	99325	15	99317	6782077	68.28
2005-2009	15	0.00019	0.00019	0.5	99310	19	99300	6682760	67.29
2005-2009	16	0.00025	0.00025	0.5	99290	25	99278	6583460	66.31
2005-2009	17	0.00028	0.00028	0.5	99265	28	99252	6484182	65.32
2005-2009	18	0.00034	0.00034	0.5	99238	34	99221	6384931	64.34
2005-2009	19	0.00035	0.00035	0.5	99204	35	99186	6285710	63.36
2005-2009	20	0.00037	0.00037	0.5	99168	36	99150	6186524	62.38
2005-2009	21	0.00040	0.00040	0.5	99132	40	99112	6087374	61.41
2005-2009	22	0.00039	0.00039	0.5	99092	39	99073	5988262	60.43
2005-2009	23	0.00038	0.00038	0.5	99053	38	99035	5889189	59.45
2005-2009	24	0.00038	0.00038	0.5	99016	38	98997	5790154	58.48
2005-2009	25	0.00039	0.00039	0.5	98978	39	98959	5691157	57.50
2005-2009	26	0.00043	0.00043	0.5	98940	43	98918	5592198	56.52
2005-2009	27	0.00043	0.00043	0.5	98897	42	98876	5493280	55.55
2005-2009	28	0.00044	0.00044	0.5	98855	44	98833	5394404	54.57
2005-2009	29	0.00047	0.00047	0.5	98811	47	98788	5295571	53.59
2005-2009	30	0.00047	0.00047	0.5	98765	47	98741	5196783	52.62
2005-2009	31	0.00055	0.00055	0.5	98718	55	98691	5098042	51.64
2005-2009	32	0.00056	0.00056	0.5	98663	55	98636	4999352	50.67
2005-2009	33	0.00058	0.00058	0.5	98608	58	98580	4900716	49.70
2005-2009	34	0.00063	0.00063	0.5	98551	62	98520	4802136	48.73
2005-2009	35	0.00070	0.00070	0.5	98489	69	98455	4703616	47.76
2005-2009	36	0.00075	0.00075	0.5	98420	74	98383	4605162	46.79
2005-2009	37	0.00080	0.00080	0.5	98346	79	98307	4506778	45.83
2005-2009	38	0.00089	0.00089	0.5	98267	87	98224	4408471	44.86
2005-2009	39	0.00104	0.00104	0.5	98180	102	98129	4310248	43.90
2005-2009	40	0.00112	0.00112	0.5	98078	110	98024	4212118	42.95
2005-2009	41	0.00121	0.00121	0.5	97969	119	97909	4114095	41.99
2005-2009	42	0.00134	0.00133	0.5	97850	131	97785	4016186	41.04
2005-2009	43	0.00150	0.00150	0.5	97719	147	97646	3918401	40.10
2005-2009	44	0.00164	0.00164	0.5	97572	160	97492	3820755	39.16
2005-2009	45	0.00186	0.00186	0.5	97412	181	97321	3723263	38.22
2005-2009	46	0.00204	0.00204	0.5	97231	198	97131	3625942	37.29
2005-2009	47	0.00228	0.00227	0.5	97032	221	96922	3528810	36.37
2005-2009	48	0.00244	0.00244	0.5	96812	236	96694	3431888	35.45
2005-2009	49	0.00259	0.00259	0.5	96576	250	96451	3335194	34.53
2005-2009	50	0.00285	0.00285	0.5	96326	274	96189	3238744	33.62
2005-2009	51	0.00305	0.00304	0.5	96052	292	95905	3142555	32.72
2005-2009	52	0.00336	0.00335	0.5	95759	321	95599	3046649	31.82
2005-2009	53	0.00365	0.00365	0.5	95439	348	95265	2951050	30.92
2005-2009	54	0.00378	0.00377	0.5	95091	358	94911	2855786	30.03
2005-2009	55	0.00405	0.00404	0.5	94732	383	94541	2760874	29.14
2005-2009	56	0.00438	0.00437	0.5	94349	413	94143	2666334	28.26
2005-2009	57	0.00472	0.00471	0.5	93936	442	93715	2572191	27.38
2005-2009	58	0.00519	0.00517	0.5	93494	484	93252	2478475	26.51
2005-2009	59	0.00566	0.00564	0.5	93010	525	92748	2385223	25.64
2005-2009	60	0.00628	0.00626	0.5	92486	579	92196	2292475	24.79
2005-2009	61	0.00658	0.00656	0.5	91907	603	91605	2200279	23.94
2005-2009	62	0.00733	0.00730	0.5	91304	667	90970	2108674	23.10
2005-2009	63	0.00800	0.00797	0.5	90637	723	90276	2017703	22.26
2005-2009	64	0.00889	0.00885	0.5	89914	796	89517	1927428	21.44
2005-2009	65	0.00974	0.00970	0.5	89119	864	88687	1837911	20.62
2005-2009	66	0.01035	0.01030	0.5	88255	909	87800	1749225	19.82
2005-2009	67	0.01153	0.01146	0.5	87346	1001	86845	1661424	19.02
2005-2009	68	0.01240	0.01232	0.5	86344	1064	85812	1574579	18.24
2005-2009	69	0.01382	0.01372	0.5	85280	1170	84695	1488767	17.46
2005-2009	70	0.01506	0.01495	0.5	84110	1258	83481	1404072	16.69
2005-2009	71	0.01659	0.01645	0.5	82853	1363	82171	1320590	15.94
2005-2009	72	0.01834	0.01818	0.5	81490	1481	80749	1238419	15.20
2005-2009	73	0.02026	0.02005	0.5	80008	1604	79206	1157670	14.47
2005-2009	74	0.02262	0.02237	0.5	78404	1754	77527	1078464	13.76
2005-2009	75	0.02474	0.02444	0.5	76650	1873	75713	1000937	13.06
2005-2009	76	0.02699	0.02663	0.5	74777	1992	73781	925223	12.37
2005-2009	77	0.02988	0.02944	0.5	72785	2143	71714	851442	11.70
2005-2009	78	0.03335	0.03280	0.5	70642	2317	69484	779729	11.04
2005-2009	79	0.03680	0.03614	0.5	68325	2469	67090	710245	10.40
2005-2009	80	0.04218	0.04130	0.5	65856	2720	64496	643155	9.77
2005-2009	81	0.04715	0.04606	0.5	63136	2908	61681	578659	9.17
2005-2009	82	0.05349	0.05210	0.5	60227	3138	58658	516978	8.58
2005-2009	83	0.05991	0.05817	0.5	57090	3321	55429	458319	8.03
2005-2009	84	0.06680	0.06464	0.5	53769	3476	52031	402890	7.49
2005-2009	85	0.07622	0.07343	0.5	50293	3693	48446	350859	6.98
2005-2009	86	0.08614	0.08259	0.5	46600	3849	44676	302413	6.49
2005-2009	87	0.09682	0.09235	0.5	42752	3948	40777	257737	6.03
2005-2009	88	0.11047	0.10469	0.5	38803	4062	36772	216959	5.59
2005-2009	89	0.12296	0.11584	0.5	34741	4024	32729	180187	5.19
2005-2009	90	0.13957	0.13047	0.5	30717	4008	28713	147458	4.80
2005-2009	91	0.15844	0.14681	0.5	26709	3921	24749	118745	4.45
2005-2009	92	0.17691	0.16253	0.5	22788	3704	20936	93997	4.12
2005-2009	93	0.19459	0.17734	0.5	19084	3384	17392	73061	3.83
2005-2009	94	0.21726	0.19597	0.5	15700	3077	14162	55669	3.55
2005-2009	95	0.24126	0.21529	0.5	12623	2718	11264	41507	3.29
2005-2009	96	0.26660	0.23524	0.5	9906	2330	8740	30243	3.05
2005-2009	97	0.29356	0.25599	0.5	7575	1939	6606	21502	2.84
2005-2009	98	0.32206	0.27739	0.5	5636	1563	4854	14896	2.64
2005-2009	99	0.35194	0.29928	0.5	4073	1219	3463	10042	2.47
2005-2009	100	0.38303	0.32147	0.5	2854	917	2395	6579	2.31
2005-2009	101	0.41511	0.34376	0.5	1936	666	1604	4183	2.16
2005-2009	102	0.44793	0.36596	0.5	1271	465	1038	2580	2.03
2005-2009	103	0.48120	0.38788	0.5	806	313	649	1542	1.91
2005-2009	104	0.51464	0.40931	0.5	493	202	392	892	1.81
2005-2009	105	0.54795	0.43011	0.5	291	125	229	500	1.72
2005-2009	106	0.58084	0.45011	0.5	166	75	129	271	1.63
2005-2009	107	0.61302	0.46920	0.5	91	43	70	143	1.56
2005-2009	108	0.64425	0.48728	0.5	48	24	37	73	1.50
2005-2009	109	0.67429	0.50428	0.5	25	13	19	36	1.45
2005-2009	110+	0.70297	1.00000	1.42	12	12	18	18	1.42
2010-2014	0	0.00432	0.00430	0.07	100000	430	99598	8279802	82.80
2010-2014	1	0.00029	0.00029	0.5	99570	29	99556	8180204	82.16
2010-2014	2	0.00019	0.00019	0.5	99541	19	99532	8080648	81.18
2010-2014	3	0.00014	0.00014	0.5	99522	14	99516	7981116	80.19
2010-2014	4	0.00011	0.00011	0.5	99509	11	99503	7881601	79.21
2010-2014	5	0.00011	0.00011	0.5	99497	10	99492	7782098	78.21
2010-2014	6	0.00010	0.00010	0.5	99487	10	99482	7682606	77.22
2010-2014	7	0.00008	0.00008	0.5	99477	8	99473	7583124	76.23
2010-2014	8	0.00007	0.00007	0.5	99469	7	99465	7483651	75.24
2010-2014	9	0.00008	0.00008	0.5	99462	8	99458	7384185	74.24
2010-2014	10	0.00008	0.00008	0.5	99454	8	99450	7284727	73.25
2010-2014	11	0.00009	0.00009	0.5	99447	9	99442	7185277	72.25
2010-2014	12	0.00009	0.00009	0.5	99438	9	99433	7085834	71.26
2010-2014	13	0.00011	0.00011	0.5	99429	11	99423	6986401	70.27
2010-2014	14	0.00013	0.00013	0.5	99418	13	99411	6886978	69.27
2010-2014	15	0.00015	0.00015	0.5	99404	15	99397	6787567	68.28
2010-2014	16	0.00017	0.00017	0.5	99390	17	99381	6688170	67.29
2010-2014	17	0.00020	0.00020	0.5	99373	20	99363	6588789	66.30
2010-2014	18	0.00026	0.00026	0.5	99353	26	99340	6489426	65.32
2010-2014	19	0.00031	0.00031	0.5	99328	31	99312	6390085	64.33
2010-2014	20	0.00031	0.00031	0.5	99297	31	99281	6290773	63.35
2010-2014	21	0.00035	0.00035	0.5	99266	35	99249	6191492	62.37
2010-2014	22	0.00034	0.00034	0.5	99231	34	99214	6092243	61.39
2010-2014	23	0.00035	0.00035	0.5	99197	35	99180	5993029	60.42
2010-2014	24	0.00036	0.00036	0.5	99162	36	99144	5893850	59.44
2010-2014	25	0.00038	0.00038	0.5	99126	38	99107	5794705	58.46
2010-2014	26	0.00041	0.00041	0.5	99088	40	99068	5695598	57.48
2010-2014	27	0.00040	0.00040	0.5	99048	40	99028	5596530	56.50
2010-2014	28	0.00043	0.00043	0.5	99008	42	98987	5497502	55.53
2010-2014	29	0.00044	0.00044	0.5	98966	43	98944	5398514	54.55
2010-2014	30	0.00049	0.00049	0.5	98923	48	98899	5299570	53.57
2010-2014	31	0.00051	0.00051	0.5	98874	50	98849	5200672	52.60
2010-2014	32	0.00052	0.00052	0.5	98824	51	98799	5101822	51.63
2010-2014	33	0.00056	0.00056	0.5	98773	55	98745	5003024	50.65
2010-2014	34	0.00060	0.00060	0.5	98718	59	98688	4904278	49.68
2010-2014	35	0.00066	0.00066	0.5	98659	65	98626	4805590	48.71
2010-2014	36	0.00071	0.00071	0.5	98594	70	98558	4706964	47.74
2010-2014	37	0.00074	0.00074	0.5	98523	73	98487	4608406	46.77
2010-2014	38	0.00083	0.00083	0.5	98450	82	98409	4509919	45.81
2010-2014	39	0.00090	0.00090	0.5	98369	89	98324	4411509	44.85
2010-2014	40	0.00099	0.00098	0.5	98280	97	98231	4313185	43.89
2010-2014	41	0.00107	0.00107	0.5	98183	105	98130	4214954	42.93
2010-2014	42	0.00120	0.00120	0.5	98078	118	98019	4116824	41.98
2010-2014	43	0.00132	0.00132	0.5	97960	129	97895	4018805	41.03
2010-2014	44	0.00149	0.00148	0.5	97831	145	97758	3920910	40.08
2010-2014	45	0.00155	0.00155	0.5	97685	151	97610	3823152	39.14
2010-2014	46	0.00181	0.00181	0.5	97534	177	97446	3725542	38.20
2010-2014	47	0.00195	0.00195	0.5	97357	190	97263	3628096	37.27
2010-2014	48	0.00214	0.00214	0.5	97168	208	97064	3530834	36.34
2010-2014	49	0.00242	0.00242	0.5	96960	235	96842	3433770	35.41
2010-2014	50	0.00265	0.00265	0.5	96725	256	96597	3336928	34.50
2010-2014	51	0.00294	0.00294	0.5	96469	283	96327	3240331	33.59
2010-2014	52	0.00309	0.00309	0.5	96186	297	96037	3144004	32.69
2010-2014	53	0.00339	0.00339	0.5	95888	325	95726	3047967	31.79
2010-2014	54	0.00361	0.00360	0.5	95564	344	95392	2952241	30.89
2010-2014	55	0.00401	0.00400	0.5	95220	381	95029	2856849	30.00
2010-2014	56	0.00422	0.00421	0.5	94839	399	94639	2761820	29.12
2010-2014	57	0.00457	0.00456	0.5	94439	431	94224	2667181	28.24
2010-2014	58	0.00477	0.00476	0.5	94008	447	93785	2572957	27.37
2010-2014	59	0.00526	0.00525	0.5	93561	491	93315	2479172	26.50
2010-2014	60	0.00569	0.00567	0.5	93070	528	92806	2385857	25.64
2010-2014	61	0.00619	0.00617	0.5	92542	571	92256	2293051	24.78
2010-2014	62	0.00645	0.00642	0.5	91971	591	91675	2200795	23.93
2010-2014	63	0.00748	0.00746	0.5	91380	681	91039	2109119	23.08
2010-2014	64	0.00786	0.00782	0.5	90698	710	90344	2018080	22.25
2010-2014	65	0.00854	0.00850	0.5	89989	765	89606	1927737	21.42
2010-2014	66	0.00908	0.00904	0.5	89224	806	88820	1838130	20.60
2010-2014	67	0.01009	0.01004	0.5	88417	887	87973	1749310	19.78
2010-2014	68	0.01111	0.01105	0.5	87530	967	87046	1661337	18.98
2010-2014	69	0.01210	0.01203	0.5	86563	1041	86042	1574290	18.19
2010-2014	70	0.01356	0.01347	0.5	85522	1152	84946	1488248	17.40
2010-2014	71	0.01481	0.01470	0.5	84370	1240	83750	1403302	16.63
2010-2014	72	0.01595	0.01582	0.5	83130	1315	82472	1319552	15.87
2010-2014	73	0.01777	0.01761	0.5	81814	1441	81094	1237080	15.12
2010-2014	74	0.01969	0.01950	0.5	80374	1567	79590	1155986	14.38
2010-2014	75	0.02213	0.02189	0.5	78806	1725	77944	1076396	13.66
2010-2014	76	0.02455	0.02425	0.5	77082	1869	76147	998452	12.95
2010-2014	77	0.02740	0.02703	0.5	75213	2033	74196	922305	12.26
2010-2014	78	0.03002	0.02957	0.5	73180	2164	72098	848109	11.59
2010-2014	79	0.03329	0.03274	0.5	71015	2325	69853	776011	10.93
2010-2014	80	0.03766	0.03696	0.5	68690	2539	67421	706159	10.28
2010-2014	81	0.04233	0.04145	0.5	66151	2742	64780	638738	9.66
2010-2014	82	0.04697	0.04590	0.5	63409	2910	61954	573958	9.05
2010-2014	83	0.05336	0.05197	0.5	60499	3144	58927	512004	8.46
2010-2014	84	0.06096	0.05916	0.5	57355	3393	55658	453077	7.90
2010-2014	85	0.06890	0.06661	0.5	53961	3594	52164	397419	7.36
2010-2014	86	0.07706	0.07421	0.5	50367	3738	48499	345255	6.85
2010-2014	87	0.08756	0.08389	0.5	46630	3912	44674	296756	6.36
2010-2014	88	0.09956	0.09484	0.5	42718	4051	40693	252082	5.90
2010-2014	89	0.11296	0.10692	0.5	38667	4134	36600	211389	5.47
2010-2014	90	0.12904	0.12122	0.5	34533	4186	32440	174790	5.06
2010-2014	91	0.14402	0.13434	0.5	30347	4077	28308	142350	4.69
2010-2014	92	0.16322	0.15090	0.5	26270	3964	24288	114042	4.34
2010-2014	93	0.18026	0.16535	0.5	22306	3688	20461	89754	4.02
2010-2014	94	0.20357	0.18476	0.5	18617	3440	16897	69292	3.72
2010-2014	95	0.22488	0.20215	0.5	15178	3068	13644	52395	3.45
2010-2014	96	0.24946	0.22180	0.5	12109	2686	10767	38751	3.20
2010-2014	97	0.27578	0.24236	0.5	9424	2284	8282	27985	2.97
2010-2014	98	0.30375	0.26370	0.5	7140	1883	6198	19703	2.76
2010-2014	99	0.33325	0.28566	0.5	5257	1502	4506	13505	2.57
2010-2014	100	0.36412	0.30804	0.5	3755	1157	3177	8999	2.40
2010-2014	101	0.39615	0.33066	0.5	2598	859	2169	5822	2.24
2010-2014	102	0.42910	0.35330	0.5	1739	614	1432	3653	2.10
2010-2014	103	0.46268	0.37575	0.5	1125	423	913	2221	1.97
2010-2014	104	0.49661	0.39783	0.5	702	279	562	1308	1.86
2010-2014	105	0.53057	0.41933	0.5	423	177	334	745	1.76
2010-2014	106	0.56425	0.44009	0.5	246	108	191	411	1.67
2010-2014	107	0.59734	0.45996	0.5	137	63	106	220	1.60
2010-2014	108	0.62957	0.47884	0.5	74	36	56	114	1.53
2010-2014	109	0.66069	0.49663	0.5	39	19	29	57	1.48
2010-2014	110+	0.69048	1.00000	1.45	19	19	28	28	1.45
2015-2019	0	0.00392	0.00391	0.06	100000	391	99634	8322274	83.22
2015-2019	1	0.00025	0.00025	0.5	99609	25	99597	8222639	82.55
2015-2019	2	0.00017	0.00017	0.5	99584	17	99575	8123043	81.57
2015-2019	3	0.00013	0.00013	0.5	99567	13	99561	8023467	80.58
2015-2019	4	0.00010	0.00010	0.5	99554	10	99549	7923907	79.59
2015-2019	5	0.00009	0.00009	0.5	99544	9	99540	7824357	78.60
2015-2019	6	0.00009	0.00009	0.5	99535	9	99531	7724818	77.61
2015-2019	7	0.00009	0.00009	0.5	99526	9	99522	7625287	76.62
2015-2019	8	0.00008	0.00008	0.5	99517	7	99514	7525765	75.62
2015-2019	9	0.00008	0.00008	0.5	99510	7	99506	7426252	74.63
2015-2019	10	0.00009	0.00009	0.5	99502	9	99498	7326746	73.63
2015-2019	11	0.00008	0.00008	0.5	99494	8	99490	7227248	72.64
2015-2019	12	0.00009	0.00009	0.5	99485	9	99481	7127758	71.65
2015-2019	13	0.00012	0.00012	0.5	99476	11	99471	7028277	70.65
2015-2019	14	0.00013	0.00013	0.5	99465	13	99458	6928806	69.66
2015-2019	15	0.00017	0.00017	0.5	99452	17	99443	6829348	68.67
2015-2019	16	0.00018	0.00018	0.5	99435	18	99426	6729905	67.68
2015-2019	17	0.00023	0.00023	0.5	99417	23	99406	6630479	66.69
2015-2019	18	0.00027	0.00027	0.5	99394	27	99380	6531073	65.71
2015-2019	19	0.00033	0.00033	0.5	99367	32	99351	6431693	64.73
2015-2019	20	0.00035	0.00035	0.5	99335	35	99317	6332342	63.75
2015-2019	21	0.00036	0.00036	0.5	99299	36	99282	6233025	62.77
2015-2019	22	0.00038	0.00038	0.5	99264	38	99245	6133743	61.79
2015-2019	23	0.00041	0.00041	0.5	99226	40	99206	6034499	60.82
2015-2019	24	0.00038	0.00038	0.5	99185	38	99166	5935293	59.84
2015-2019	25	0.00043	0.00043	0.5	99147	42	99126	5836127	58.86
2015-2019	26	0.00043	0.00043	0.5	99105	42	99084	5737001	57.89
2015-2019	27	0.00046	0.00046	0.5	99063	45	99040	5637917	56.91
2015-2019	28	0.00046	0.00046	0.5	99018	46	98995	5538876	55.94
2015-2019	29	0.00047	0.00047	0.5	98972	47	98949	5439881	54.96
2015-2019	30	0.00054	0.00054	0.5	98925	53	98899	5340933	53.99
2015-2019	31	0.00057	0.00057	0.5	98872	57	98844	5242034	53.02
2015-2019	32	0.00062	0.00062	0.5	98816	61	98785	5143190	52.05
2015-2019	33	0.00067	0.00067	0.5	98755	66	98722	5044405	51.08
2015-2019	34	0.00069	0.00069	0.5	98689	68	98655	4945683	50.11
2015-2019	35	0.00073	0.00073	0.5	98621	72	98585	4847028	49.15
2015-2019	36	0.00082	0.00082	0.5	98549	81	98509	4748443	48.18
2015-2019	37	0.00084	0.00084	0.5	98469	82	98428	4649934	47.22
2015-2019	38	0.00096	0.00096	0.5	98386	95	98339	4551506	46.26
2015-2019	39	0.00094	0.00094	0.5	98292	93	98245	4453167	45.31
2015-2019	40	0.00110	0.00109	0.5	98199	108	98145	4354921	44.35
2015-2019	41	0.00104	0.00104	0.5	98092	102	98040	4256776	43.40
2015-2019	42	0.00115	0.00115	0.5	97989	113	97933	4158736	42.44
2015-2019	43	0.00129	0.00129	0.5	97876	126	97813	4060803	41.49
2015-2019	44	0.00136	0.00136	0.5	97750	133	97684	3962989	40.54
2015-2019	45	0.00160	0.00160	0.5	97618	156	97539	3865305	39.60
2015-2019	46	0.00169	0.00169	0.5	97461	165	97379	3767766	38.66
2015-2019	47	0.00181	0.00181	0.5	97296	176	97208	3670387	37.72
2015-2019	48	0.00205	0.00205	0.5	97120	199	97020	3573179	36.79
2015-2019	49	0.00226	0.00225	0.5	96921	218	96811	3476159	35.87
2015-2019	50	0.00250	0.00250	0.5	96702	242	96581	3379348	34.95
2015-2019	51	0.00271	0.00271	0.5	96460	261	96330	3282766	34.03
2015-2019	52	0.00297	0.00296	0.5	96199	285	96056	3186437	33.12
2015-2019	53	0.00321	0.00320	0.5	95914	307	95760	3090380	32.22
2015-2019	54	0.00352	0.00351	0.5	95607	336	95439	2994620	31.32
2015-2019	55	0.00386	0.00386	0.5	95271	367	95087	2899181	30.43
2015-2019	56	0.00419	0.00418	0.5	94903	397	94705	2804094	29.55
2015-2019	57	0.00453	0.00452	0.5	94506	427	94293	2709389	28.67
2015-2019	58	0.00488	0.00487	0.5	94079	458	93850	2615097	27.80
2015-2019	59	0.00531	0.00529	0.5	93621	495	93373	2521246	26.93
2015-2019	60	0.00573	0.00571	0.5	93126	532	92860	2427873	26.07
2015-2019	61	0.00618	0.00616	0.5	92594	570	92309	2335013	25.22
2015-2019	62	0.00663	0.00661	0.5	92024	608	91719	2242704	24.37
2015-2019	63	0.00712	0.00709	0.5	91415	648	91091	2150985	23.53
2015-2019	64	0.00763	0.00760	0.5	90767	690	90422	2059894	22.69
2015-2019	65	0.00827	0.00824	0.5	90077	742	89706	1969472	21.86
2015-2019	66	0.00871	0.00868	0.5	89335	775	88947	1879766	21.04
2015-2019	67	0.00971	0.00967	0.5	88560	856	88132	1790819	20.22
2015-2019	68	0.01064	0.01058	0.5	87704	928	87239	1702688	19.41
2015-2019	69	0.01147	0.01141	0.5	86775	990	86280	1615448	18.62
2015-2019	70	0.01254	0.01247	0.5	85785	1069	85250	1529168	17.83
2015-2019	71	0.01387	0.01378	0.5	84716	1167	84132	1443917	17.04
2015-2019	72	0.01548	0.01536	0.5	83549	1283	82907	1359785	16.28
2015-2019	73	0.01672	0.01658	0.5	82265	1364	81583	1276878	15.52
2015-2019	74	0.01871	0.01854	0.5	80901	1500	80151	1195295	14.77
2015-2019	75	0.02086	0.02065	0.5	79402	1639	78582	1115144	14.04
2015-2019	76	0.02290	0.02264	0.5	77762	1761	76882	1036562	13.33
2015-2019	77	0.02557	0.02525	0.5	76002	1919	75042	959680	12.63
2015-2019	78	0.02836	0.02796	0.5	74083	2072	73047	884637	11.94
2015-2019	79	0.03186	0.03136	0.5	72011	2258	70882	811590	11.27
2015-2019	80	0.03595	0.03531	0.5	69753	2463	68521	740708	10.62
2015-2019	81	0.03951	0.03875	0.5	67290	2607	65986	672187	9.99
2015-2019	82	0.04467	0.04369	0.5	64682	2826	63269	606201	9.37
2015-2019	83	0.05015	0.04892	0.5	61856	3026	60343	542932	8.78
2015-2019	84	0.05623	0.05469	0.5	58830	3217	57221	482589	8.20
2015-2019	85	0.06305	0.06112	0.5	55613	3399	53913	425367	7.65
2015-2019	86	0.07180	0.06931	0.5	52214	3619	50404	371454	7.11
2015-2019	87	0.08134	0.07816	0.5	48595	3798	46695	321050	6.61
2015-2019	88	0.09351	0.08934	0.5	44796	4002	42795	274355	6.12
2015-2019	89	0.10419	0.09903	0.5	40794	4040	38774	231560	5.68
2015-2019	90	0.12064	0.11378	0.5	36754	4182	34663	192785	5.25
2015-2019	91	0.13728	0.12846	0.5	32572	4184	30480	158122	4.85
2015-2019	92	0.15491	0.14377	0.5	28388	4081	26348	127641	4.50
2015-2019	93	0.17269	0.15896	0.5	24307	3864	22375	101294	4.17
2015-2019	94	0.19169	0.17492	0.5	20443	3576	18655	78919	3.86
2015-2019	95	0.21408	0.19338	0.5	16867	3262	15236	60264	3.57
2015-2019	96	0.23799	0.21268	0.5	13605	2894	12158	45028	3.31
2015-2019	97	0.26368	0.23297	0.5	10712	2495	9464	32870	3.07
2015-2019	98	0.29108	0.25410	0.5	8216	2088	7172	23406	2.85
2015-2019	99	0.32009	0.27593	0.5	6128	1691	5283	16233	2.65
2015-2019	100	0.35057	0.29828	0.5	4437	1324	3776	10950	2.47
2015-2019	101	0.38231	0.32096	0.5	3114	999	2614	7175	2.30
2015-2019	102	0.41509	0.34375	0.5	2114	727	1751	4561	2.16
2015-2019	103	0.44864	0.36644	0.5	1388	508	1133	2810	2.02
2015-2019	104	0.48267	0.38883	0.5	879	342	708	1676	1.91
2015-2019	105	0.51685	0.41071	0.5	537	221	427	968	1.80
2015-2019	106	0.55088	0.43191	0.5	317	137	248	541	1.71
2015-2019	107	0.58444	0.45227	0.5	180	81	139	293	1.63
2015-2019	108	0.61723	0.47167	0.5	99	46	75	154	1.56
2015-2019	109	0.64899	0.48999	0.5	52	26	39	78	1.51
2015-2019	110+	0.67948	1.00000	1.47	27	27	39	39	1.47
