Reg1: , Lifetables (period 5x10), Both sexes Last modified: 20 Dec 2020, MPv5 (May07) 

Year     	Age	mx	qx	ax	lx	dx	Lx	Tx	ex
1960-1969	0	0.02290	0.02244	0.11	100000	2244	98007	7022998	70.23
1960-1969	1-4	0.00081	0.00325	1.66	97756	317	390281	6924991	70.84
1960-1969	5-9	0.00041	0.00203	2.29	97439	198	486656	6534710	67.06
1960-1969	10-14	0.00035	0.00177	2.66	97240	172	485801	6048054	62.20
1960-1969	15-19	0.00081	0.00403	2.84	97069	391	484500	5562253	57.30
1960-1969	20-24	0.00110	0.00547	2.51	96678	529	482072	5077753	52.52
1960-1969	25-29	0.00118	0.00586	2.55	96149	563	479367	4595681	47.80
1960-1969	30-34	0.00149	0.00743	2.62	95586	710	476236	4116314	43.06
1960-1969	35-39	0.00223	0.01109	2.67	94875	1052	471926	3640078	38.37
1960-1969	40-44	0.00350	0.01735	2.67	93823	1628	465320	3168152	33.77
1960-1969	45-49	0.00566	0.02795	2.68	92195	2577	454991	2702832	29.32
1960-1969	50-54	0.00917	0.04489	2.66	89618	4023	438676	2247841	25.08
1960-1969	55-59	0.01411	0.06828	2.65	85596	5844	414227	1809165	21.14
1960-1969	60-64	0.02156	0.10256	2.62	79751	8179	379287	1394938	17.49
1960-1969	65-69	0.03262	0.15119	2.59	71572	10821	331741	1015651	14.19
1960-1969	70-74	0.04952	0.22100	2.57	60751	13426	271135	683910	11.26
1960-1969	75-79	0.07429	0.31330	2.5	47326	14827	199583	412775	8.72
1960-1969	80-84	0.11503	0.44447	2.44	32499	14445	125571	213192	6.56
1960-1969	85-89	0.17517	0.59440	2.3	18054	10731	61263	87621	4.85
1960-1969	90-94	0.25478	0.73533	2.13	7323	5385	21135	26358	3.60
1960-1969	95-99	0.35650	0.84849	1.91	1938	1644	4613	5223	2.69
1960-1969	100-104	0.47358	0.92079	1.68	294	270	571	610	2.08
1960-1969	105-109	0.59494	0.95974	1.47	23	22	38	39	1.67
1960-1969	110+	0.69094	1.00000	1.45	1	1	1	1	1.45
1970-1979	0	0.01591	0.01568	0.09	100000	1568	98577	7239726	72.40
1970-1979	1-4	0.00063	0.00250	1.7	98432	246	393161	7141149	72.55
1970-1979	5-9	0.00034	0.00168	2.3	98186	165	490482	6747989	68.73
1970-1979	10-14	0.00031	0.00156	2.74	98020	153	489757	6257507	63.84
1970-1979	15-19	0.00087	0.00434	2.88	97868	425	488436	5767749	58.93
1970-1979	20-24	0.00122	0.00606	2.49	97443	590	485733	5279313	54.18
1970-1979	25-29	0.00121	0.00602	2.5	96853	583	482806	4793580	49.49
1970-1979	30-34	0.00140	0.00697	2.61	96269	671	479740	4310775	44.78
1970-1979	35-39	0.00199	0.00992	2.66	95598	948	475768	3831034	40.07
1970-1979	40-44	0.00314	0.01558	2.68	94650	1475	469828	3355267	35.45
1970-1979	45-49	0.00506	0.02498	2.66	93175	2328	460437	2885439	30.97
1970-1979	50-54	0.00774	0.03799	2.65	90848	3452	446141	2425001	26.69
1970-1979	55-59	0.01198	0.05828	2.65	87396	5093	425005	1978860	22.64
1970-1979	60-64	0.01854	0.08881	2.63	82303	7310	394187	1553855	18.88
1970-1979	65-69	0.02764	0.12960	2.6	74993	9719	351603	1159668	15.46
1970-1979	70-74	0.04159	0.18897	2.58	65274	12335	296542	808065	12.38
1970-1979	75-79	0.06359	0.27490	2.54	52939	14553	228866	511522	9.66
1970-1979	80-84	0.09732	0.39077	2.48	38387	15000	154138	282656	7.36
1970-1979	85-89	0.14814	0.53224	2.36	23386	12447	84023	128518	5.50
1970-1979	90-94	0.21955	0.68084	2.21	10939	7448	33923	44495	4.07
1970-1979	95-99	0.31233	0.80685	2	3491	2817	9019	10572	3.03
1970-1979	100-104	0.42387	0.89560	1.78	674	604	1425	1553	2.30
1970-1979	105-109	0.54512	0.94684	1.55	70	67	122	128	1.82
1970-1979	110+	0.64406	1.00000	1.55	4	4	6	6	1.55
1980-1989	0	0.01083	0.01073	0.08	100000	1073	99012	7454582	74.55
1980-1989	1-4	0.00047	0.00187	1.66	98927	185	395277	7355570	74.35
1980-1989	5-9	0.00023	0.00116	2.35	98743	114	493410	6960293	70.49
1980-1989	10-14	0.00024	0.00120	2.75	98628	119	492874	6466883	65.57
1980-1989	15-19	0.00070	0.00347	2.87	98510	342	491820	5974009	60.64
1980-1989	20-24	0.00100	0.00500	2.55	98168	491	489634	5482189	55.85
1980-1989	25-29	0.00117	0.00581	2.57	97677	568	487002	4992555	51.11
1980-1989	30-34	0.00147	0.00733	2.58	97109	712	483826	4505552	46.40
1980-1989	35-39	0.00189	0.00939	2.59	96397	905	479808	4021726	41.72
1980-1989	40-44	0.00261	0.01297	2.64	95492	1238	474542	3541918	37.09
1980-1989	45-49	0.00407	0.02016	2.67	94254	1900	466848	3067377	32.54
1980-1989	50-54	0.00649	0.03195	2.66	92354	2950	454869	2600529	28.16
1980-1989	55-59	0.01009	0.04927	2.65	89404	4405	436682	2145660	24.00
1980-1989	60-64	0.01573	0.07584	2.63	84999	6446	409741	1708978	20.11
1980-1989	65-69	0.02373	0.11229	2.61	78552	8821	371717	1299237	16.54
1980-1989	70-74	0.03627	0.16676	2.59	69732	11629	320646	927521	13.30
1980-1989	75-79	0.05383	0.23783	2.55	58103	13819	256716	606874	10.44
1980-1989	80-84	0.08613	0.35455	2.51	44285	15701	182300	350158	7.91
1980-1989	85-89	0.13366	0.49611	2.4	28584	14181	106095	167858	5.87
1980-1989	90-94	0.20406	0.65383	2.25	14403	9417	46149	61763	4.29
1980-1989	95-99	0.29964	0.79384	2.04	4986	3958	13209	15614	3.13
1980-1989	100-104	0.41622	0.89183	1.8	1028	917	2202	2405	2.34
1980-1989	105-109	0.54473	0.94722	1.56	111	105	193	202	1.82
1980-1989	110+	0.64997	1.00000	1.54	6	6	9	9	1.54
1990-1999	0	0.00786	0.00780	0.07	100000	780	99275	7630944	76.31
1990-1999	1-4	0.00035	0.00138	1.62	99220	137	396554	7531669	75.91
1990-1999	5-9	0.00017	0.00083	2.39	99083	82	495199	7135115	72.01
1990-1999	10-14	0.00019	0.00097	2.81	99000	96	494792	6639916	67.07
1990-1999	15-19	0.00060	0.00302	2.87	98904	299	493885	6145124	62.13
1990-1999	20-24	0.00087	0.00434	2.53	98606	428	491971	5651239	57.31
1990-1999	25-29	0.00103	0.00511	2.61	98178	502	489690	5159268	52.55
1990-1999	30-34	0.00145	0.00722	2.62	97676	705	486699	4669578	47.81
1990-1999	35-39	0.00196	0.00977	2.62	96971	947	482594	4182879	43.14
1990-1999	40-44	0.00264	0.01310	2.6	96023	1258	477099	3700285	38.54
1990-1999	45-49	0.00361	0.01790	2.63	94766	1696	469807	3223185	34.01
1990-1999	50-54	0.00530	0.02620	2.66	93069	2438	459635	2753378	29.58
1990-1999	55-59	0.00833	0.04086	2.67	90631	3703	444514	2293744	25.31
1990-1999	60-64	0.01312	0.06364	2.65	86928	5532	421623	1849230	21.27
1990-1999	65-69	0.02030	0.09683	2.62	81395	7882	388243	1427607	17.54
1990-1999	70-74	0.03087	0.14371	2.6	73513	10565	342229	1039364	14.14
1990-1999	75-79	0.04703	0.21113	2.58	62949	13290	282604	697135	11.07
1990-1999	80-84	0.07728	0.32444	2.53	49658	16111	208490	414531	8.35
1990-1999	85-89	0.12310	0.46801	2.44	33547	15701	127546	206041	6.14
1990-1999	90-94	0.19615	0.64038	2.29	17847	11429	58264	78495	4.40
1990-1999	95-99	0.29636	0.79128	2.06	6418	5078	17136	20231	3.15
1990-1999	100-104	0.42147	0.89588	1.79	1340	1200	2847	3095	2.31
1990-1999	105-109	0.55932	0.95189	1.54	139	133	237	247	1.77
1990-1999	110+	0.67125	1.00000	1.49	7	7	10	10	1.49
2000-2009	0	0.00620	0.00616	0.07	100000	616	99424	7844770	78.45
2000-2009	1-4	0.00023	0.00092	1.64	99384	91	397320	7745345	77.93
2000-2009	5-9	0.00012	0.00058	2.4	99293	58	496313	7348025	74.00
2000-2009	10-14	0.00014	0.00070	2.74	99235	69	496018	6851713	69.05
2000-2009	15-19	0.00048	0.00238	2.98	99165	236	495352	6355695	64.09
2000-2009	20-24	0.00082	0.00407	2.56	98930	403	493667	5860343	59.24
2000-2009	25-29	0.00084	0.00418	2.53	98527	412	491615	5366676	54.47
2000-2009	30-34	0.00096	0.00477	2.6	98115	468	489448	4875061	49.69
2000-2009	35-39	0.00135	0.00672	2.65	97647	657	486692	4385613	44.91
2000-2009	40-44	0.00205	0.01018	2.67	96990	987	482646	3898921	40.20
2000-2009	45-49	0.00310	0.01537	2.66	96003	1475	476561	3416276	35.59
2000-2009	50-54	0.00456	0.02256	2.64	94528	2133	467602	2939715	31.10
2000-2009	55-59	0.00675	0.03321	2.65	92395	3068	454770	2472113	26.76
2000-2009	60-64	0.01042	0.05086	2.66	89327	4543	435993	2017343	22.58
2000-2009	65-69	0.01606	0.07737	2.65	84784	6559	408480	1581350	18.65
2000-2009	70-74	0.02527	0.11923	2.63	78225	9327	369017	1172870	14.99
2000-2009	75-79	0.04028	0.18369	2.61	68898	12655	314183	803853	11.67
2000-2009	80-84	0.06861	0.29405	2.57	56242	16538	241060	489670	8.71
2000-2009	85-89	0.11715	0.45229	2.48	39704	17958	153284	248610	6.26
2000-2009	90-94	0.19512	0.63930	2.3	21746	13902	71251	95326	4.38
2000-2009	95-99	0.30457	0.80214	2.05	7844	6292	20658	24075	3.07
2000-2009	100-104	0.44360	0.90918	1.75	1552	1411	3181	3417	2.20
2000-2009	105-109	0.59387	0.96095	1.48	141	135	228	236	1.67
2000-2009	110+	0.71241	1.00000	1.4	6	6	8	8	1.40
2010-2019	0	0.00500	0.00497	0.06	100000	497	99534	7998136	79.98
2010-2019	1-4	0.00019	0.00076	1.65	99503	75	397834	7898602	79.38
2010-2019	5-9	0.00010	0.00050	2.46	99427	49	497012	7500768	75.44
2010-2019	10-14	0.00012	0.00058	2.78	99378	58	496763	7003756	70.48
2010-2019	15-19	0.00035	0.00176	3	99321	175	496254	6506993	65.52
2010-2019	20-24	0.00079	0.00397	2.67	99146	393	494814	6010739	60.63
2010-2019	25-29	0.00101	0.00502	2.57	98753	496	492557	5515925	55.86
2010-2019	30-34	0.00117	0.00586	2.56	98257	576	489881	5023368	51.12
2010-2019	35-39	0.00139	0.00692	2.58	97681	676	486768	4533486	46.41
2010-2019	40-44	0.00181	0.00902	2.63	97005	875	482952	4046718	41.72
2010-2019	45-49	0.00272	0.01349	2.67	96130	1297	477624	3563767	37.07
2010-2019	50-54	0.00420	0.02079	2.65	94833	1972	469533	3086143	32.54
2010-2019	55-59	0.00621	0.03062	2.64	92861	2843	457589	2616611	28.18
2010-2019	60-64	0.00905	0.04433	2.64	90018	3990	440665	2159022	23.98
2010-2019	65-69	0.01341	0.06498	2.64	86028	5590	416948	1718357	19.97
2010-2019	70-74	0.02094	0.09977	2.64	80438	8025	383257	1301408	16.18
2010-2019	75-79	0.03373	0.15618	2.63	72412	11309	335237	918152	12.68
2010-2019	80-84	0.05681	0.25007	2.61	61103	15280	268949	582914	9.54
2010-2019	85-89	0.09973	0.40033	2.54	45823	18345	183936	313965	6.85
2010-2019	90-94	0.17527	0.59915	2.36	27479	16464	93932	130029	4.73
2010-2019	95-99	0.28094	0.77530	2.11	11015	8540	30398	36097	3.28
2010-2019	100-104	0.42206	0.89816	1.8	2475	2223	5267	5699	2.30
2010-2019	105-109	0.57864	0.95782	1.51	252	241	417	432	1.72
2010-2019	110+	0.70366	1.00000	1.42	11	11	15	15	1.42
