Reg1: , Lifetables (period 5x1), Females Last modified: 20 Dec 2020, MPv5 (May07) 

Year	Age	mx	qx	ax	lx	dx	Lx	Tx	ex
1959	0	0.02137	0.02097	0.11	100000	2097	98139	7293422	72.93
1959	1-4	0.00082	0.00326	1.67	97903	319	390866	7195282	73.49
1959	5-9	0.00039	0.00195	2.22	97583	190	487389	6804416	69.73
1959	10-14	0.00029	0.00146	2.48	97393	142	486606	6317027	64.86
1959	15-19	0.00045	0.00224	2.69	97251	218	485749	5830421	59.95
1959	20-24	0.00061	0.00305	2.59	97033	296	484450	5344671	55.08
1959	25-29	0.00077	0.00383	2.66	96737	370	482815	4860222	50.24
1959	30-34	0.00116	0.00580	2.6	96366	559	480493	4377407	45.42
1959	35-39	0.00169	0.00840	2.73	95808	805	477208	3896914	40.67
1959	40-44	0.00260	0.01291	2.66	95002	1227	472140	3419706	36.00
1959	45-49	0.00428	0.02118	2.66	93776	1986	464233	2947565	31.43
1959	50-54	0.00660	0.03247	2.63	91789	2980	451895	2483333	27.05
1959	55-59	0.00995	0.04861	2.67	88809	4317	434005	2031438	22.87
1959	60-64	0.01575	0.07595	2.66	84492	6417	407415	1597432	18.91
1959	65-69	0.02547	0.12009	2.62	78075	9376	368068	1190017	15.24
1959	70-74	0.04108	0.18698	2.6	68699	12845	312716	821949	11.96
1959	75-79	0.06806	0.29164	2.55	55854	16289	239337	509234	9.12
1959	80-84	0.10708	0.42125	2.47	39565	16667	155652	269897	6.82
1959	85-89	0.16738	0.57704	2.31	22898	13213	78938	114245	4.99
1959	90-94	0.25138	0.73385	2.16	9685	7107	28273	35306	3.65
1959	95-99	0.35130	0.84444	1.93	2578	2177	6196	7034	2.73
1959	100-104	0.47057	0.91964	1.69	401	369	784	838	2.09
1959	105-109	0.59388	0.95957	1.47	32	31	52	54	1.67
1959	110+	0.69099	1.00000	1.45	1	1	2	2	1.45
1960	0	0.02097	0.02058	0.11	100000	2058	98172	7309827	73.10
1960	1-4	0.00081	0.00323	1.63	97942	316	391017	7211655	73.63
1960	5-9	0.00038	0.00191	2.29	97626	187	487621	6820638	69.87
1960	10-14	0.00027	0.00137	2.67	97439	133	486883	6333017	64.99
1960	15-19	0.00043	0.00216	2.69	97305	211	486040	5846134	60.08
1960	20-24	0.00061	0.00303	2.57	97095	294	484760	5360094	55.20
1960	25-29	0.00082	0.00407	2.61	96801	394	483064	4875334	50.36
1960	30-34	0.00111	0.00555	2.64	96407	535	480770	4392270	45.56
1960	35-39	0.00170	0.00846	2.69	95872	811	477485	3911500	40.80
1960	40-44	0.00269	0.01335	2.66	95061	1269	472329	3434014	36.12
1960	45-49	0.00421	0.02087	2.65	93792	1957	464370	2961685	31.58
1960	50-54	0.00643	0.03168	2.63	91835	2910	452269	2497315	27.19
1960	55-59	0.00976	0.04772	2.68	88925	4243	434781	2045047	23.00
1960	60-64	0.01590	0.07667	2.66	84682	6493	408243	1610266	19.02
1960	65-69	0.02487	0.11743	2.63	78189	9181	369229	1202023	15.37
1960	70-74	0.04083	0.18601	2.61	69008	12836	314347	832794	12.07
1960	75-79	0.06641	0.28584	2.57	56172	16056	241764	518447	9.23
1960	80-84	0.10571	0.41708	2.47	40116	16732	158280	276683	6.90
1960	85-89	0.16344	0.56975	2.34	23384	13323	81516	118402	5.06
1960	90-94	0.24968	0.72893	2.15	10061	7334	29373	36886	3.67
1960	95-99	0.34752	0.84119	1.93	2727	2294	6601	7513	2.75
1960	100-104	0.46654	0.91783	1.7	433	398	852	912	2.11
1960	105-109	0.59007	0.95871	1.48	36	34	58	60	1.68
1960	110+	0.68758	1.00000	1.45	1	1	2	2	1.45
1961	0	0.02095	0.02057	0.11	100000	2057	98173	7329291	73.29
1961	1-4	0.00078	0.00310	1.64	97943	304	391056	7231119	73.83
1961	5-9	0.00036	0.00178	2.29	97639	173	487727	6840062	70.05
1961	10-14	0.00026	0.00128	2.58	97466	125	487028	6352335	65.17
1961	15-19	0.00044	0.00218	2.67	97341	212	486211	5865307	60.26
1961	20-24	0.00057	0.00283	2.59	97129	275	484980	5379096	55.38
1961	25-29	0.00077	0.00386	2.6	96854	373	483374	4894116	50.53
1961	30-34	0.00114	0.00569	2.62	96480	549	481095	4410742	45.72
1961	35-39	0.00168	0.00835	2.66	95931	801	477779	3929647	40.96
1961	40-44	0.00261	0.01297	2.67	95130	1234	472776	3451868	36.29
1961	45-49	0.00417	0.02067	2.67	93896	1941	464963	2979093	31.73
1961	50-54	0.00635	0.03130	2.66	91956	2878	453031	2514129	27.34
1961	55-59	0.00957	0.04679	2.63	89077	4168	435519	2061099	23.14
1961	60-64	0.01537	0.07416	2.65	84910	6297	409765	1625580	19.14
1961	65-69	0.02474	0.11686	2.63	78613	9187	371282	1215815	15.47
1961	70-74	0.04011	0.18294	2.6	69426	12700	316609	844534	12.16
1961	75-79	0.06524	0.28167	2.58	56725	15978	244891	527925	9.31
1961	80-84	0.10409	0.41178	2.46	40747	16779	161188	283034	6.95
1961	85-89	0.16352	0.56773	2.31	23969	13608	83218	121845	5.08
1961	90-94	0.24406	0.71791	2.13	10361	7438	30477	38628	3.73
1961	95-99	0.34285	0.83694	1.94	2923	2446	7135	8151	2.79
1961	100-104	0.46043	0.91490	1.71	477	436	947	1016	2.13
1961	105-109	0.58309	0.95702	1.49	41	39	67	69	1.70
1961	110+	0.68035	1.00000	1.47	2	2	3	3	1.47
1962	0	0.02047	0.02010	0.11	100000	2010	98212	7324882	73.25
1962	1-4	0.00080	0.00319	1.61	97990	312	391214	7226670	73.75
1962	5-9	0.00036	0.00181	2.25	97677	177	487901	6835457	69.98
1962	10-14	0.00027	0.00133	2.55	97501	130	487185	6347555	65.10
1962	15-19	0.00042	0.00208	2.68	97370	203	486383	5860371	60.19
1962	20-24	0.00062	0.00308	2.57	97168	299	485112	5373988	55.31
1962	25-29	0.00085	0.00424	2.67	96868	411	483385	4888875	50.47
1962	30-34	0.00115	0.00575	2.64	96458	554	480982	4405490	45.67
1962	35-39	0.00174	0.00865	2.68	95903	830	477591	3924508	40.92
1962	40-44	0.00263	0.01304	2.63	95074	1240	472429	3446917	36.26
1962	45-49	0.00421	0.02084	2.68	93833	1955	464625	2974489	31.70
1962	50-54	0.00657	0.03234	2.61	91878	2972	452293	2509863	27.32
1962	55-59	0.00972	0.04750	2.65	88907	4223	434606	2057570	23.14
1962	60-64	0.01509	0.07285	2.65	84684	6169	408918	1622963	19.16
1962	65-69	0.02473	0.11681	2.63	78515	9171	370805	1214046	15.46
1962	70-74	0.04000	0.18256	2.61	69344	12659	316481	843241	12.16
1962	75-79	0.06437	0.27852	2.58	56684	15788	245262	526760	9.29
1962	80-84	0.10481	0.41452	2.48	40897	16952	161742	281498	6.88
1962	85-89	0.16834	0.57907	2.31	23944	13865	82367	119756	5.00
1962	90-94	0.24440	0.72222	2.17	10079	7279	29784	37389	3.71
1962	95-99	0.35293	0.84609	1.92	2800	2369	6712	7605	2.72
1962	100-104	0.47448	0.92155	1.68	431	397	837	893	2.07
1962	105-109	0.59977	0.96098	1.46	34	32	54	56	1.66
1962	110+	0.69802	1.00000	1.43	1	1	2	2	1.43
1963	0	0.02044	0.02007	0.11	100000	2007	98214	7329553	73.30
1963	1-4	0.00073	0.00292	1.6	97993	287	391283	7231339	73.79
1963	5-9	0.00033	0.00165	2.23	97706	161	488087	6840055	70.01
1963	10-14	0.00028	0.00138	2.57	97546	135	487400	6351969	65.12
1963	15-19	0.00046	0.00227	2.64	97411	221	486532	5864568	60.20
1963	20-24	0.00062	0.00307	2.58	97189	298	485223	5378037	55.34
1963	25-29	0.00082	0.00410	2.64	96891	398	483517	4892813	50.50
1963	30-34	0.00110	0.00548	2.61	96493	529	481200	4409296	45.70
1963	35-39	0.00173	0.00861	2.72	95964	826	477936	3928097	40.93
1963	40-44	0.00268	0.01333	2.68	95138	1268	472752	3450161	36.26
1963	45-49	0.00424	0.02100	2.64	93871	1971	464705	2977409	31.72
1963	50-54	0.00645	0.03174	2.61	91900	2917	452541	2512703	27.34
1963	55-59	0.00985	0.04813	2.65	88983	4283	434831	2060163	23.15
1963	60-64	0.01491	0.07204	2.67	84700	6102	409253	1625332	19.19
1963	65-69	0.02430	0.11484	2.61	78598	9026	371456	1216078	15.47
1963	70-74	0.04026	0.18362	2.61	69572	12775	317279	844622	12.14
1963	75-79	0.06317	0.27317	2.53	56797	15515	245594	527343	9.28
1963	80-84	0.10580	0.41768	2.48	41282	17243	162968	281749	6.82
1963	85-89	0.16950	0.58391	2.34	24039	14037	82813	118782	4.94
1963	90-94	0.25361	0.73449	2.14	10003	7347	28969	35968	3.60
1963	95-99	0.36476	0.85626	1.9	2656	2274	6234	7000	2.64
1963	100-104	0.49120	0.92883	1.65	382	355	722	765	2.01
1963	105-109	0.61957	0.96523	1.43	27	26	42	44	1.61
1963	110+	0.71878	1.00000	1.39	1	1	1	1	1.39
1964	0	0.01999	0.01964	0.11	100000	1964	98250	7368409	73.68
1964	1-4	0.00071	0.00283	1.61	98036	277	391481	7270159	74.16
1964	5-9	0.00034	0.00171	2.3	97759	167	488343	6878678	70.36
1964	10-14	0.00027	0.00135	2.61	97592	132	487643	6390335	65.48
1964	15-19	0.00043	0.00215	2.69	97460	209	486816	5902692	60.57
1964	20-24	0.00059	0.00296	2.63	97251	288	485572	5415876	55.69
1964	25-29	0.00078	0.00391	2.62	96963	379	483912	4930304	50.85
1964	30-34	0.00117	0.00582	2.59	96584	562	481562	4446392	46.04
1964	35-39	0.00172	0.00855	2.66	96021	821	478181	3964831	41.29
1964	40-44	0.00259	0.01289	2.66	95200	1227	473130	3486650	36.62
1964	45-49	0.00421	0.02086	2.68	93973	1960	465308	3013520	32.07
1964	50-54	0.00651	0.03207	2.65	92013	2950	453125	2548212	27.69
1964	55-59	0.00946	0.04627	2.64	89062	4121	435578	2095087	23.52
1964	60-64	0.01451	0.07015	2.66	84941	5959	410742	1659510	19.54
1964	65-69	0.02344	0.11102	2.63	78983	8769	374100	1248768	15.81
1964	70-74	0.03851	0.17635	2.62	70214	12382	321543	874668	12.46
1964	75-79	0.06041	0.26277	2.53	57832	15197	251550	553125	9.56
1964	80-84	0.10134	0.40449	2.51	42636	17246	170175	301575	7.07
1964	85-89	0.16092	0.56411	2.35	25390	14323	89007	131400	5.18
1964	90-94	0.23523	0.70732	2.18	11067	7828	33279	42393	3.83
1964	95-99	0.33929	0.83389	1.95	3239	2701	7961	9114	2.81
1964	100-104	0.45802	0.91389	1.71	538	492	1074	1153	2.14
1964	105-109	0.58224	0.95689	1.49	46	44	76	79	1.71
1964	110+	0.68077	1.00000	1.47	2	2	3	3	1.47
1965	0	0.01982	0.01947	0.11	100000	1947	98264	7360192	73.60
1965	1-4	0.00070	0.00280	1.64	98053	274	391563	7261928	74.06
1965	5-9	0.00032	0.00158	2.28	97778	154	488472	6870364	70.26
1965	10-14	0.00026	0.00129	2.59	97624	126	487818	6381892	65.37
1965	15-19	0.00044	0.00222	2.65	97499	216	486985	5894074	60.45
1965	20-24	0.00063	0.00314	2.62	97283	305	485686	5407089	55.58
1965	25-29	0.00081	0.00403	2.64	96977	390	483966	4921404	50.75
1965	30-34	0.00117	0.00584	2.66	96587	564	481616	4437437	45.94
1965	35-39	0.00176	0.00877	2.65	96023	842	478138	3955822	41.20
1965	40-44	0.00267	0.01328	2.67	95181	1264	472957	3477683	36.54
1965	45-49	0.00420	0.02080	2.67	93916	1953	465033	3004726	31.99
1965	50-54	0.00650	0.03199	2.68	91963	2942	452999	2539693	27.62
1965	55-59	0.00948	0.04639	2.65	89021	4130	435416	2086694	23.44
1965	60-64	0.01449	0.07006	2.64	84891	5948	410398	1651278	19.45
1965	65-69	0.02370	0.11218	2.63	78944	8856	373727	1240880	15.72
1965	70-74	0.03847	0.17621	2.62	70088	12350	321068	867153	12.37
1965	75-79	0.06192	0.26879	2.55	57737	15519	250616	546085	9.46
1965	80-84	0.10247	0.40740	2.49	42218	17200	167843	295469	7.00
1965	85-89	0.16325	0.56829	2.33	25019	14218	87093	127626	5.10
1965	90-94	0.24148	0.71718	2.17	10801	7746	32078	40534	3.75
1965	95-99	0.34551	0.83961	1.94	3055	2565	7423	8456	2.77
1965	100-104	0.46589	0.91767	1.7	490	450	965	1033	2.11
1965	105-109	0.59096	0.95899	1.48	40	39	65	68	1.68
1965	110+	0.68961	1.00000	1.45	2	2	2	2	1.45
1966	0	0.01920	0.01887	0.11	100000	1887	98314	7374053	73.74
1966	1-4	0.00075	0.00300	1.66	98113	294	391762	7275739	74.16
1966	5-9	0.00033	0.00164	2.26	97819	161	488653	6883977	70.37
1966	10-14	0.00026	0.00130	2.61	97658	127	487987	6395324	65.49
1966	15-19	0.00045	0.00226	2.8	97531	220	487171	5907337	60.57
1966	20-24	0.00058	0.00291	2.6	97311	283	485873	5420166	55.70
1966	25-29	0.00081	0.00403	2.6	97027	391	484199	4934294	50.85
1966	30-34	0.00112	0.00557	2.68	96637	539	481932	4450094	46.05
1966	35-39	0.00170	0.00847	2.67	96098	814	478589	3968163	41.29
1966	40-44	0.00267	0.01325	2.66	95284	1263	473468	3489574	36.62
1966	45-49	0.00425	0.02104	2.66	94021	1978	465484	3016106	32.08
1966	50-54	0.00641	0.03156	2.63	92043	2905	453341	2550621	27.71
1966	55-59	0.00957	0.04679	2.65	89138	4171	435890	2097280	23.53
1966	60-64	0.01443	0.06978	2.63	84968	5929	410787	1661391	19.55
1966	65-69	0.02306	0.10936	2.64	79039	8644	374769	1250604	15.82
1966	70-74	0.03800	0.17432	2.63	70395	12271	322896	875834	12.44
1966	75-79	0.06200	0.26927	2.56	58124	15651	252419	552938	9.51
1966	80-84	0.10053	0.40099	2.48	42473	17031	169414	300519	7.08
1966	85-89	0.16038	0.56126	2.33	25442	14279	89036	131105	5.15
1966	90-94	0.24004	0.71397	2.16	11162	7969	33201	42068	3.77
1966	95-99	0.34411	0.83851	1.94	3193	2677	7780	8868	2.78
1966	100-104	0.46551	0.91760	1.7	516	473	1016	1088	2.11
1966	105-109	0.59175	0.95923	1.48	42	41	69	71	1.68
1966	110+	0.69125	1.00000	1.45	2	2	3	3	1.45
1967	0	0.01876	0.01845	0.11	100000	1845	98350	7397907	73.98
1967	1-4	0.00068	0.00272	1.64	98155	267	391991	7299557	74.37
1967	5-9	0.00032	0.00161	2.29	97888	158	489014	6907566	70.57
1967	10-14	0.00027	0.00135	2.59	97731	132	488337	6418552	65.68
1967	15-19	0.00047	0.00232	2.73	97599	227	487480	5930215	60.76
1967	20-24	0.00064	0.00318	2.56	97372	310	486105	5442735	55.90
1967	25-29	0.00076	0.00381	2.63	97062	370	484436	4956629	51.07
1967	30-34	0.00114	0.00569	2.68	96692	550	482185	4472193	46.25
1967	35-39	0.00177	0.00879	2.67	96142	845	478738	3990008	41.50
1967	40-44	0.00259	0.01286	2.67	95297	1226	473631	3511270	36.85
1967	45-49	0.00411	0.02034	2.68	94071	1913	465913	3037639	32.29
1967	50-54	0.00629	0.03097	2.63	92158	2854	454022	2571726	27.91
1967	55-59	0.00935	0.04575	2.65	89304	4085	436937	2117704	23.71
1967	60-64	0.01406	0.06806	2.65	85218	5800	412458	1680768	19.72
1967	65-69	0.02273	0.10789	2.65	79418	8569	376919	1268309	15.97
1967	70-74	0.03727	0.17121	2.62	70850	12130	325434	891391	12.58
1967	75-79	0.06063	0.26403	2.56	58719	15504	255718	565956	9.64
1967	80-84	0.09821	0.39403	2.49	43216	17028	173389	310238	7.18
1967	85-89	0.15710	0.55403	2.34	26187	14509	92355	136849	5.23
1967	90-94	0.23690	0.70839	2.16	11679	8273	34922	44494	3.81
1967	95-99	0.33945	0.83435	1.95	3406	2841	8371	9572	2.81
1967	100-104	0.46078	0.91544	1.71	564	516	1121	1201	2.13
1967	105-109	0.58752	0.95828	1.48	48	46	78	81	1.69
1967	110+	0.68770	1.00000	1.45	2	2	3	3	1.45
1968	0	0.01836	0.01806	0.1	100000	1806	98382	7373553	73.74
1968	1-4	0.00069	0.00276	1.65	98194	271	392138	7275170	74.09
1968	5-9	0.00033	0.00166	2.25	97922	162	489166	6883033	70.29
1968	10-14	0.00028	0.00138	2.53	97760	135	488468	6393866	65.40
1968	15-19	0.00050	0.00248	2.66	97625	242	487562	5905398	60.49
1968	20-24	0.00064	0.00321	2.53	97383	313	486143	5417836	55.63
1968	25-29	0.00080	0.00399	2.53	97071	388	484396	4931693	50.81
1968	30-34	0.00116	0.00578	2.61	96683	559	482077	4447297	46.00
1968	35-39	0.00181	0.00899	2.66	96124	864	478599	3965221	41.25
1968	40-44	0.00274	0.01360	2.66	95260	1295	473273	3486621	36.60
1968	45-49	0.00426	0.02110	2.67	93964	1982	465207	3013349	32.07
1968	50-54	0.00656	0.03232	2.64	91982	2973	452885	2548141	27.70
1968	55-59	0.00958	0.04685	2.63	89009	4170	435168	2095257	23.54
1968	60-64	0.01460	0.07054	2.61	84840	5984	409882	1660088	19.57
1968	65-69	0.02288	0.10852	2.63	78855	8557	373974	1250206	15.85
1968	70-74	0.03763	0.17264	2.61	70298	12136	322490	876232	12.46
1968	75-79	0.06185	0.26859	2.55	58162	15622	252582	553742	9.52
1968	80-84	0.10021	0.40051	2.5	42540	17038	170022	301160	7.08
1968	85-89	0.16097	0.56441	2.35	25502	14394	89421	131138	5.14
1968	90-94	0.24114	0.71762	2.18	11109	7972	33058	41717	3.76
1968	95-99	0.34643	0.84070	1.94	3137	2637	7612	8659	2.76
1968	100-104	0.46931	0.91943	1.69	500	459	979	1046	2.09
1968	105-109	0.59667	0.96040	1.47	40	39	65	67	1.67
1968	110+	0.69672	1.00000	1.44	2	2	2	2	1.44
1969	0	0.01828	0.01798	0.1	100000	1798	98389	7422617	74.23
1969	1-4	0.00070	0.00280	1.67	98202	274	392167	7324227	74.58
1969	5-9	0.00031	0.00156	2.36	97927	153	489234	6932060	70.79
1969	10-14	0.00025	0.00124	2.67	97774	121	488590	6442826	65.89
1969	15-19	0.00051	0.00255	2.68	97653	249	487688	5954237	60.97
1969	20-24	0.00065	0.00324	2.56	97405	315	486252	5466548	56.12
1969	25-29	0.00075	0.00376	2.6	97089	365	484569	4980297	51.30
1969	30-34	0.00118	0.00589	2.65	96724	570	482284	4495727	46.48
1969	35-39	0.00167	0.00834	2.66	96154	802	478898	4013443	41.74
1969	40-44	0.00271	0.01348	2.64	95352	1285	473728	3534545	37.07
1969	45-49	0.00412	0.02042	2.66	94067	1921	465831	3060816	32.54
1969	50-54	0.00622	0.03066	2.65	92146	2825	454093	2594985	28.16
1969	55-59	0.00929	0.04547	2.64	89321	4062	437013	2140892	23.97
1969	60-64	0.01392	0.06737	2.63	85259	5744	412703	1703880	19.98
1969	65-69	0.02189	0.10406	2.64	79515	8274	378019	1291177	16.24
1969	70-74	0.03563	0.16449	2.67	71241	11719	328852	913157	12.82
1969	75-79	0.05870	0.25683	2.57	59522	15287	260418	584305	9.82
1969	80-84	0.09589	0.38698	2.51	44235	17118	178512	323887	7.32
1969	85-89	0.15165	0.54152	2.36	27117	14684	96829	145375	5.36
1969	90-94	0.23037	0.69887	2.19	12432	8689	37717	48546	3.90
1969	95-99	0.32866	0.82402	1.97	3744	3085	9387	10830	2.89
1969	100-104	0.44717	0.90864	1.73	659	599	1339	1443	2.19
1969	105-109	0.57248	0.95454	1.51	60	57	100	104	1.73
1969	110+	0.67247	1.00000	1.49	3	3	4	4	1.49
1970	0	0.01758	0.01731	0.1	100000	1731	98446	7445407	74.45
1970	1-4	0.00065	0.00261	1.66	98269	257	392476	7346961	74.76
1970	5-9	0.00031	0.00155	2.21	98013	152	489639	6954485	70.95
1970	10-14	0.00027	0.00135	2.77	97861	132	489008	6464846	66.06
1970	15-19	0.00051	0.00254	2.81	97729	248	488098	5975838	61.15
1970	20-24	0.00065	0.00326	2.54	97480	318	486620	5487740	56.30
1970	25-29	0.00082	0.00407	2.59	97163	396	484862	5001120	51.47
1970	30-34	0.00109	0.00541	2.73	96767	524	482645	4516258	46.67
1970	35-39	0.00173	0.00862	2.69	96243	829	479299	4033613	41.91
1970	40-44	0.00262	0.01304	2.68	95414	1244	474184	3554314	37.25
1970	45-49	0.00414	0.02051	2.65	94170	1932	466301	3080130	32.71
1970	50-54	0.00618	0.03045	2.67	92238	2809	454636	2613830	28.34
1970	55-59	0.00915	0.04476	2.63	89429	4003	437676	2159193	24.14
1970	60-64	0.01372	0.06643	2.64	85426	5675	413765	1721517	20.15
1970	65-69	0.02168	0.10309	2.63	79751	8221	379274	1307752	16.40
1970	70-74	0.03541	0.16344	2.65	71530	11691	330188	928478	12.98
1970	75-79	0.05799	0.25410	2.57	59838	15205	262192	598290	10.00
1970	80-84	0.09203	0.37431	2.51	44633	16707	181540	336098	7.53
1970	85-89	0.14572	0.52635	2.36	27927	14699	100874	154558	5.53
1970	90-94	0.21990	0.68198	2.22	13227	9021	41023	53685	4.06
1970	95-99	0.31420	0.80924	2	4207	3404	10834	12662	3.01
1970	100-104	0.42890	0.89868	1.77	802	721	1681	1828	2.28
1970	105-109	0.55211	0.94895	1.54	81	77	140	146	1.80
1970	110+	0.65161	1.00000	1.53	4	4	6	6	1.53
1971	0	0.01560	0.01538	0.1	100000	1538	98611	7478381	74.78
1971	1-4	0.00064	0.00255	1.64	98462	251	393256	7379770	74.95
1971	5-9	0.00032	0.00158	2.3	98211	155	490638	6986514	71.14
1971	10-14	0.00027	0.00133	2.69	98056	131	489981	6495876	66.25
1971	15-19	0.00056	0.00280	2.7	97926	275	488997	6005896	61.33
1971	20-24	0.00065	0.00326	2.51	97651	318	487463	5516899	56.50
1971	25-29	0.00079	0.00396	2.54	97333	385	485719	5029436	51.67
1971	30-34	0.00109	0.00545	2.67	96948	529	483509	4543718	46.87
1971	35-39	0.00165	0.00822	2.66	96419	792	480238	4060209	42.11
1971	40-44	0.00263	0.01306	2.67	95627	1248	475226	3579971	37.44
1971	45-49	0.00408	0.02022	2.64	94378	1909	467390	3104745	32.90
1971	50-54	0.00602	0.02970	2.68	92470	2746	455985	2637355	28.52
1971	55-59	0.00893	0.04373	2.62	89723	3924	439281	2181370	24.31
1971	60-64	0.01345	0.06519	2.63	85800	5593	415770	1742089	20.30
1971	65-69	0.02059	0.09819	2.64	80207	7876	382442	1326319	16.54
1971	70-74	0.03411	0.15774	2.62	72331	11410	334508	943877	13.05
1971	75-79	0.05721	0.25119	2.58	60921	15303	267504	609369	10.00
1971	80-84	0.09113	0.37179	2.52	45619	16961	186111	341866	7.49
1971	85-89	0.14874	0.53353	2.35	28658	15290	102795	155754	5.43
1971	90-94	0.22519	0.68985	2.19	13368	9222	40952	52959	3.96
1971	95-99	0.32786	0.82370	1.98	4146	3415	10417	12008	2.90
1971	100-104	0.44999	0.91040	1.73	731	665	1479	1591	2.18
1971	105-109	0.57899	0.95637	1.5	65	63	108	112	1.72
1971	110+	0.68151	1.00000	1.47	3	3	4	4	1.47
1972	0	0.01402	0.01384	0.09	100000	1384	98744	7508230	75.08
1972	1-4	0.00058	0.00231	1.67	98616	228	393932	7409486	75.13
1972	5-9	0.00032	0.00160	2.3	98388	158	491513	7015554	71.31
1972	10-14	0.00027	0.00134	2.71	98230	131	490851	6524041	66.42
1972	15-19	0.00053	0.00266	2.67	98099	261	489887	6033190	61.50
1972	20-24	0.00065	0.00326	2.54	97838	319	488405	5543304	56.66
1972	25-29	0.00076	0.00380	2.63	97519	371	486718	5054898	51.83
1972	30-34	0.00104	0.00516	2.6	97148	502	484539	4568180	47.02
1972	35-39	0.00157	0.00780	2.62	96647	754	481438	4083641	42.25
1972	40-44	0.00252	0.01250	2.72	95893	1199	476735	3602203	37.56
1972	45-49	0.00398	0.01971	2.69	94694	1866	469159	3125468	33.01
1972	50-54	0.00565	0.02789	2.65	92827	2589	458058	2656308	28.62
1972	55-59	0.00874	0.04281	2.64	90238	3863	442079	2198251	24.36
1972	60-64	0.01339	0.06488	2.62	86376	5604	418519	1756172	20.33
1972	65-69	0.02113	0.10059	2.62	80772	8125	384560	1337653	16.56
1972	70-74	0.03440	0.15910	2.65	72646	11558	336021	953093	13.12
1972	75-79	0.05668	0.24938	2.59	61088	15234	268768	617071	10.10
1972	80-84	0.08947	0.36574	2.51	45854	16771	187444	348303	7.60
1972	85-89	0.14516	0.52621	2.39	29083	15304	105430	160859	5.53
1972	90-94	0.22155	0.68476	2.21	13779	9436	42590	55429	4.02
1972	95-99	0.32040	0.81618	1.99	4344	3545	11065	12839	2.96
1972	100-104	0.44045	0.90541	1.75	798	723	1641	1773	2.22
1972	105-109	0.56835	0.95363	1.52	76	72	127	132	1.75
1972	110+	0.67069	1.00000	1.49	4	4	5	5	1.49
1973	0	0.01415	0.01397	0.09	100000	1397	98732	7537300	75.37
1973	1-4	0.00058	0.00233	1.61	98603	230	393862	7438568	75.44
1973	5-9	0.00031	0.00154	2.29	98373	151	491457	7044707	71.61
1973	10-14	0.00025	0.00126	2.79	98222	124	490836	6553250	66.72
1973	15-19	0.00051	0.00252	2.78	98098	247	489941	6062414	61.80
1973	20-24	0.00065	0.00322	2.48	97850	315	488457	5572473	56.95
1973	25-29	0.00074	0.00368	2.54	97535	359	486792	5084017	52.13
1973	30-34	0.00104	0.00521	2.64	97176	506	484688	4597224	47.31
1973	35-39	0.00156	0.00777	2.69	96670	751	481618	4112536	42.54
1973	40-44	0.00245	0.01218	2.68	95919	1168	476889	3630919	37.85
1973	45-49	0.00385	0.01906	2.67	94751	1806	469554	3154029	33.29
1973	50-54	0.00564	0.02782	2.67	92946	2585	458694	2684475	28.88
1973	55-59	0.00871	0.04269	2.65	90360	3858	442720	2225782	24.63
1973	60-64	0.01307	0.06339	2.61	86502	5484	419405	1783062	20.61
1973	65-69	0.02018	0.09627	2.61	81019	7799	386432	1363656	16.83
1973	70-74	0.03237	0.15030	2.63	73219	11005	339990	977224	13.35
1973	75-79	0.05416	0.23961	2.6	62215	14907	275265	637234	10.24
1973	80-84	0.08868	0.36346	2.52	47307	17194	193902	361969	7.65
1973	85-89	0.14300	0.52027	2.38	30113	15667	109558	168068	5.58
1973	90-94	0.21955	0.68295	2.23	14446	9866	44937	58509	4.05
1973	95-99	0.31938	0.81523	2	4580	3734	11691	13572	2.96
1973	100-104	0.44000	0.90524	1.75	846	766	1741	1881	2.22
1973	105-109	0.56859	0.95373	1.52	80	76	135	140	1.75
1973	110+	0.67148	1.00000	1.49	4	4	6	6	1.49
1974	0	0.01430	0.01411	0.09	100000	1411	98720	7580459	75.80
1974	1-4	0.00057	0.00229	1.67	98589	226	393828	7481739	75.89
1974	5-9	0.00028	0.00138	2.33	98363	136	491452	7087911	72.06
1974	10-14	0.00025	0.00127	2.61	98227	125	490837	6596459	67.16
1974	15-19	0.00045	0.00227	2.76	98102	223	490012	6105622	62.24
1974	20-24	0.00061	0.00303	2.51	97880	297	488660	5615610	57.37
1974	25-29	0.00070	0.00347	2.62	97583	339	487109	5126951	52.54
1974	30-34	0.00097	0.00482	2.67	97244	469	485125	4639841	47.71
1974	35-39	0.00145	0.00721	2.68	96775	697	482258	4154716	42.93
1974	40-44	0.00235	0.01168	2.65	96078	1122	477750	3672458	38.22
1974	45-49	0.00363	0.01799	2.7	94956	1708	470859	3194708	33.64
1974	50-54	0.00552	0.02723	2.63	93248	2539	460230	2723848	29.21
1974	55-59	0.00833	0.04085	2.66	90709	3705	444893	2263618	24.95
1974	60-64	0.01285	0.06234	2.61	87004	5424	422060	1818725	20.90
1974	65-69	0.01930	0.09228	2.62	81580	7528	389998	1396665	17.12
1974	70-74	0.03173	0.14762	2.64	74052	10932	344478	1006667	13.59
1974	75-79	0.05133	0.22858	2.61	63120	14428	281060	662189	10.49
1974	80-84	0.08600	0.35478	2.53	48692	17275	200874	381129	7.83
1974	85-89	0.13797	0.50805	2.41	31417	15961	115685	180255	5.74
1974	90-94	0.21096	0.66710	2.25	15456	10310	48875	64571	4.18
1974	95-99	0.30895	0.80420	2.02	5145	4138	13393	15696	3.05
1974	100-104	0.42708	0.89808	1.77	1007	905	2119	2302	2.29
1974	105-109	0.55452	0.94989	1.54	103	98	176	184	1.79
1974	110+	0.65736	1.00000	1.52	5	5	8	8	1.52
1975	0	0.01372	0.01355	0.09	100000	1355	98769	7640453	76.40
1975	1-4	0.00053	0.00214	1.66	98645	211	394086	7541684	76.45
1975	5-9	0.00027	0.00135	2.33	98434	133	491813	7147598	72.61
1975	10-14	0.00021	0.00107	2.68	98301	105	491259	6655785	67.71
1975	15-19	0.00047	0.00234	2.79	98195	229	490469	6164526	62.78
1975	20-24	0.00056	0.00281	2.56	97966	275	489159	5674057	57.92
1975	25-29	0.00067	0.00332	2.61	97691	324	487681	5184899	53.07
1975	30-34	0.00090	0.00449	2.67	97367	437	485816	4697218	48.24
1975	35-39	0.00133	0.00663	2.62	96930	643	483117	4211402	43.45
1975	40-44	0.00218	0.01087	2.66	96287	1046	478988	3728285	38.72
1975	45-49	0.00360	0.01786	2.67	95240	1701	472240	3249297	34.12
1975	50-54	0.00524	0.02590	2.65	93539	2423	462003	2777057	29.69
1975	55-59	0.00803	0.03940	2.66	91116	3590	447174	2315054	25.41
1975	60-64	0.01251	0.06078	2.66	87526	5320	425167	1867880	21.34
1975	65-69	0.01858	0.08900	2.64	82207	7316	393752	1442713	17.55
1975	70-74	0.02982	0.13933	2.65	74890	10435	349912	1048961	14.01
1975	75-79	0.04899	0.21919	2.6	64456	14128	288408	699049	10.85
1975	80-84	0.08100	0.33742	2.53	50328	16982	209661	410642	8.16
1975	85-89	0.12895	0.48320	2.41	33346	16113	124955	200980	6.03
1975	90-94	0.19783	0.64211	2.27	17233	11066	55937	76025	4.41
1975	95-99	0.28659	0.77821	2.06	6168	4800	16748	20088	3.26
1975	100-104	0.39754	0.87951	1.83	1368	1203	3026	3340	2.44
1975	105-109	0.52023	0.93906	1.6	165	155	298	314	1.90
1975	110+	0.62107	1.00000	1.61	10	10	16	16	1.61
1976	0	0.01332	0.01316	0.09	100000	1316	98803	7650263	76.50
1976	1-4	0.00049	0.00196	1.62	98684	193	394277	7551460	76.52
1976	5-9	0.00025	0.00125	2.25	98491	123	492116	7157183	72.67
1976	10-14	0.00021	0.00107	2.74	98368	105	491601	6665067	67.76
1976	15-19	0.00042	0.00212	2.68	98262	209	490829	6173466	62.83
1976	20-24	0.00055	0.00277	2.57	98054	272	489609	5682637	57.95
1976	25-29	0.00065	0.00325	2.55	97782	318	488133	5193028	53.11
1976	30-34	0.00087	0.00434	2.65	97465	423	486332	4704895	48.27
1976	35-39	0.00132	0.00656	2.69	97042	636	483741	4218564	43.47
1976	40-44	0.00214	0.01067	2.68	96406	1029	479642	3734823	38.74
1976	45-49	0.00350	0.01738	2.67	95377	1657	473028	3255181	34.13
1976	50-54	0.00524	0.02589	2.62	93720	2427	462820	2782153	29.69
1976	55-59	0.00809	0.03972	2.66	91293	3626	447989	2319333	25.41
1976	60-64	0.01236	0.06008	2.65	87667	5267	425970	1871344	21.35
1976	65-69	0.01841	0.08823	2.63	82400	7270	394802	1445374	17.54
1976	70-74	0.02898	0.13552	2.61	75130	10182	351314	1050572	13.98
1976	75-79	0.04894	0.21881	2.58	64948	14212	290369	699258	10.77
1976	80-84	0.08118	0.33850	2.55	50737	17174	211566	408889	8.06
1976	85-89	0.13259	0.49343	2.41	33562	16561	124901	197323	5.88
1976	90-94	0.20545	0.65873	2.28	17001	11199	54513	72422	4.26
1976	95-99	0.30440	0.79964	2.03	5802	4640	15241	17909	3.09
1976	100-104	0.42492	0.89716	1.78	1162	1043	2454	2668	2.30
1976	105-109	0.55543	0.95033	1.54	120	114	205	214	1.79
1976	110+	0.66075	1.00000	1.51	6	6	9	9	1.51
1977	0	0.01228	0.01215	0.09	100000	1215	98892	7695992	76.96
1977	1-4	0.00049	0.00195	1.69	98785	193	394695	7597101	76.91
1977	5-9	0.00025	0.00125	2.32	98592	123	492632	7202405	73.05
1977	10-14	0.00024	0.00120	2.55	98469	118	492055	6709774	68.14
1977	15-19	0.00045	0.00227	2.7	98351	223	491240	6217719	63.22
1977	20-24	0.00054	0.00268	2.47	98127	263	489971	5726479	58.36
1977	25-29	0.00064	0.00317	2.61	97865	311	488581	5236508	53.51
1977	30-34	0.00080	0.00401	2.65	97554	391	486852	4747927	48.67
1977	35-39	0.00130	0.00647	2.62	97163	628	484319	4261075	43.85
1977	40-44	0.00209	0.01040	2.73	96535	1004	480398	3776756	39.12
1977	45-49	0.00337	0.01672	2.66	95531	1597	473922	3296358	34.51
1977	50-54	0.00516	0.02551	2.65	93934	2396	464045	2822437	30.05
1977	55-59	0.00789	0.03871	2.64	91538	3543	449317	2358392	25.76
1977	60-64	0.01219	0.05926	2.63	87995	5214	427594	1909074	21.70
1977	65-69	0.01815	0.08703	2.63	82780	7205	396860	1481480	17.90
1977	70-74	0.02798	0.13114	2.61	75575	9911	354226	1084619	14.35
1977	75-79	0.04634	0.20849	2.6	65665	13690	295418	730393	11.12
1977	80-84	0.07719	0.32475	2.56	51974	16879	218659	434975	8.37
1977	85-89	0.12421	0.47083	2.43	35096	16524	133034	216316	6.16
1977	90-94	0.19240	0.62988	2.26	18571	11698	60798	83282	4.48
1977	95-99	0.28470	0.77638	2.07	6874	5337	18745	22484	3.27
1977	100-104	0.39888	0.88080	1.83	1537	1354	3394	3740	2.43
1977	105-109	0.52536	0.94103	1.59	183	172	328	345	1.88
1977	110+	0.62917	1.00000	1.59	11	11	17	17	1.59
1978	0	0.01169	0.01157	0.09	100000	1157	98942	7718737	77.19
1978	1-4	0.00047	0.00187	1.61	98843	184	394932	7619795	77.09
1978	5-9	0.00026	0.00128	2.23	98659	126	492945	7224862	73.23
1978	10-14	0.00022	0.00108	2.64	98533	106	492413	6731917	68.32
1978	15-19	0.00045	0.00227	2.66	98426	223	491610	6239504	63.39
1978	20-24	0.00055	0.00274	2.5	98203	269	490345	5747894	58.53
1978	25-29	0.00064	0.00320	2.58	97934	314	488912	5257549	53.68
1978	30-34	0.00081	0.00403	2.64	97621	393	487177	4768637	48.85
1978	35-39	0.00118	0.00588	2.73	97227	572	484837	4281459	44.04
1978	40-44	0.00206	0.01025	2.68	96655	990	480981	3796622	39.28
1978	45-49	0.00328	0.01627	2.66	95665	1556	474679	3315642	34.66
1978	50-54	0.00509	0.02517	2.69	94109	2369	465073	2840963	30.19
1978	55-59	0.00765	0.03759	2.66	91740	3448	450638	2375890	25.90
1978	60-64	0.01200	0.05835	2.65	88292	5152	429359	1925252	21.81
1978	65-69	0.01785	0.08561	2.61	83140	7118	398705	1495893	17.99
1978	70-74	0.02795	0.13108	2.63	76022	9965	356471	1097187	14.43
1978	75-79	0.04463	0.20136	2.58	66057	13301	298063	740716	11.21
1978	80-84	0.07624	0.32105	2.54	52756	16937	222171	442653	8.39
1978	85-89	0.12358	0.46900	2.43	35819	16799	135931	220482	6.16
1978	90-94	0.19471	0.63541	2.27	19020	12085	62069	84551	4.45
1978	95-99	0.28748	0.78000	2.07	6934	5409	18815	22482	3.24
1978	100-104	0.40408	0.88440	1.82	1526	1349	3339	3667	2.40
1978	105-109	0.53280	0.94356	1.58	176	166	312	328	1.86
1978	110+	0.63808	1.00000	1.57	10	10	16	16	1.57
1979	0	0.01180	0.01167	0.09	100000	1167	98933	7757475	77.57
1979	1-4	0.00045	0.00178	1.69	98833	176	394925	7658541	77.49
1979	5-9	0.00023	0.00115	2.36	98657	114	492983	7263617	73.63
1979	10-14	0.00020	0.00100	2.71	98543	98	492490	6770633	68.71
1979	15-19	0.00042	0.00208	2.72	98445	204	491757	6278143	63.77
1979	20-24	0.00052	0.00261	2.58	98240	257	490580	5786387	58.90
1979	25-29	0.00060	0.00300	2.51	97983	294	489184	5295807	54.05
1979	30-34	0.00072	0.00357	2.65	97689	349	487626	4806622	49.20
1979	35-39	0.00118	0.00587	2.66	97340	571	485368	4318997	44.37
1979	40-44	0.00196	0.00976	2.72	96769	945	481694	3833628	39.62
1979	45-49	0.00312	0.01550	2.7	95825	1486	475700	3351934	34.98
1979	50-54	0.00491	0.02425	2.66	94339	2288	466352	2876235	30.49
1979	55-59	0.00735	0.03613	2.67	92051	3326	452502	2409883	26.18
1979	60-64	0.01147	0.05586	2.67	88726	4956	432070	1957381	22.06
1979	65-69	0.01737	0.08340	2.62	83769	6986	402206	1525311	18.21
1979	70-74	0.02726	0.12803	2.63	76783	9831	360616	1123105	14.63
1979	75-79	0.04363	0.19759	2.62	66953	13229	303229	762489	11.39
1979	80-84	0.07470	0.31596	2.56	53724	16975	227245	459260	8.55
1979	85-89	0.11996	0.45854	2.43	36749	16851	140471	232015	6.31
1979	90-94	0.18678	0.62025	2.29	19898	12342	66079	91544	4.60
1979	95-99	0.27495	0.76400	2.09	7556	5773	20997	25465	3.37
1979	100-104	0.38621	0.87199	1.86	1783	1555	4026	4469	2.51
1979	105-109	0.51078	0.93595	1.62	228	214	418	442	1.94
1979	110+	0.61379	1.00000	1.63	15	15	24	24	1.63
1980	0	0.01101	0.01090	0.08	100000	1090	99002	7722944	77.23
1980	1-4	0.00046	0.00185	1.59	98910	183	395200	7623943	77.08
1980	5-9	0.00022	0.00112	2.3	98727	111	493338	7228743	73.22
1980	10-14	0.00020	0.00099	2.61	98616	98	492848	6735405	68.30
1980	15-19	0.00042	0.00208	2.7	98519	205	492121	6242557	63.36
1980	20-24	0.00054	0.00272	2.58	98314	267	490923	5750436	58.49
1980	25-29	0.00060	0.00298	2.54	98047	292	489516	5259513	53.64
1980	30-34	0.00076	0.00379	2.64	97755	371	487900	4769997	48.80
1980	35-39	0.00115	0.00576	2.7	97384	561	485627	4282097	43.97
1980	40-44	0.00198	0.00984	2.7	96823	953	481920	3796470	39.21
1980	45-49	0.00317	0.01575	2.64	95870	1510	475788	3314550	34.57
1980	50-54	0.00492	0.02434	2.66	94361	2297	466437	2838762	30.08
1980	55-59	0.00765	0.03757	2.67	92064	3459	452255	2372325	25.77
1980	60-64	0.01190	0.05789	2.66	88605	5129	431023	1920070	21.67
1980	65-69	0.01821	0.08725	2.61	83476	7284	400005	1489046	17.84
1980	70-74	0.02820	0.13214	2.63	76192	10068	357054	1089041	14.29
1980	75-79	0.04519	0.20375	2.59	66124	13473	298140	731987	11.07
1980	80-84	0.07848	0.32905	2.55	52651	17325	220751	433847	8.24
1980	85-89	0.12697	0.47805	2.42	35327	16888	133012	213096	6.03
1980	90-94	0.20043	0.64581	2.25	18439	11908	59410	80084	4.34
1980	95-99	0.29558	0.78965	2.05	6531	5157	17447	20674	3.17
1980	100-104	0.41429	0.89086	1.8	1374	1224	2954	3227	2.35
1980	105-109	0.54414	0.94707	1.56	150	142	261	273	1.82
1980	110+	0.64964	1.00000	1.54	8	8	12	12	1.54
1981	0	0.01029	0.01020	0.08	100000	1020	99064	7767806	77.68
1981	1-4	0.00046	0.00182	1.58	98980	180	395485	7668742	77.48
1981	5-9	0.00022	0.00112	2.25	98800	111	493695	7273258	73.62
1981	10-14	0.00019	0.00097	2.66	98689	96	493221	6779563	68.70
1981	15-19	0.00041	0.00205	2.71	98593	203	492501	6286342	63.76
1981	20-24	0.00052	0.00261	2.6	98391	257	491335	5793842	58.89
1981	25-29	0.00062	0.00311	2.59	98133	305	489932	5302507	54.03
1981	30-34	0.00079	0.00395	2.65	97828	386	488233	4812575	49.19
1981	35-39	0.00112	0.00558	2.64	97442	544	485928	4324342	44.38
1981	40-44	0.00183	0.00913	2.69	96898	885	482444	3838414	39.61
1981	45-49	0.00310	0.01539	2.71	96013	1478	476689	3355970	34.95
1981	50-54	0.00489	0.02417	2.67	94536	2285	467353	2879281	30.46
1981	55-59	0.00741	0.03639	2.64	92251	3357	453334	2411928	26.15
1981	60-64	0.01161	0.05653	2.65	88894	5025	432660	1958594	22.03
1981	65-69	0.01771	0.08498	2.62	83869	7127	402368	1525933	18.19
1981	70-74	0.02724	0.12797	2.64	76742	9820	360509	1123565	14.64
1981	75-79	0.04263	0.19314	2.57	66922	12926	303216	763056	11.40
1981	80-84	0.07443	0.31450	2.54	53996	16982	228168	459840	8.52
1981	85-89	0.12078	0.46062	2.42	37014	17050	141162	231672	6.26
1981	90-94	0.18999	0.62599	2.28	19965	12498	65780	90510	4.53
1981	95-99	0.28042	0.77122	2.08	7467	5759	20536	24730	3.31
1981	100-104	0.39486	0.87822	1.84	1708	1500	3800	4194	2.46
1981	105-109	0.52220	0.94006	1.6	208	196	374	394	1.90
1981	110+	0.62696	1.00000	1.6	12	12	20	20	1.60
1982	0	0.01043	0.01033	0.08	100000	1033	99052	7789187	77.89
1982	1-4	0.00047	0.00188	1.67	98967	186	395434	7690135	77.70
1982	5-9	0.00020	0.00100	2.2	98781	99	493629	7294701	73.85
1982	10-14	0.00021	0.00105	2.71	98682	104	493174	6801072	68.92
1982	15-19	0.00037	0.00183	2.75	98579	180	492488	6307898	63.99
1982	20-24	0.00049	0.00243	2.52	98398	239	491399	5815410	59.10
1982	25-29	0.00057	0.00285	2.56	98159	280	490110	5324011	54.24
1982	30-34	0.00073	0.00362	2.61	97879	355	488549	4833900	49.39
1982	35-39	0.00109	0.00543	2.7	97524	529	486403	4345352	44.56
1982	40-44	0.00179	0.00889	2.69	96995	862	482980	3858949	39.78
1982	45-49	0.00293	0.01453	2.7	96133	1397	477448	3375969	35.12
1982	50-54	0.00474	0.02342	2.63	94736	2219	468424	2898521	30.60
1982	55-59	0.00741	0.03640	2.68	92517	3368	454757	2430097	26.27
1982	60-64	0.01170	0.05693	2.66	89149	5075	433881	1975339	22.16
1982	65-69	0.01749	0.08396	2.63	84074	7059	403614	1541458	18.33
1982	70-74	0.02702	0.12695	2.62	77015	9777	361847	1137844	14.77
1982	75-79	0.04241	0.19250	2.61	67238	12943	305207	775997	11.54
1982	80-84	0.07328	0.31092	2.57	54295	16882	230386	470791	8.67
1982	85-89	0.11716	0.45056	2.44	37413	16857	143875	240405	6.43
1982	90-94	0.18151	0.60931	2.3	20556	12525	69006	96530	4.70
1982	95-99	0.26953	0.75688	2.1	8031	6079	22552	27524	3.43
1982	100-104	0.37942	0.86705	1.87	1952	1693	4462	4972	2.55
1982	105-109	0.50321	0.93316	1.63	260	242	481	510	1.96
1982	110+	0.60596	1.00000	1.65	17	17	29	29	1.65
1983	0	0.00988	0.00980	0.08	100000	980	99099	7787658	77.88
1983	1-4	0.00041	0.00162	1.59	99020	160	395696	7688558	77.65
1983	5-9	0.00018	0.00089	2.24	98860	88	494056	7292862	73.77
1983	10-14	0.00018	0.00090	2.57	98772	89	493641	6798807	68.83
1983	15-19	0.00037	0.00183	2.79	98682	181	493013	6305166	63.89
1983	20-24	0.00047	0.00237	2.51	98502	233	491926	5812153	59.01
1983	25-29	0.00061	0.00305	2.6	98268	299	490624	5320227	54.14
1983	30-34	0.00075	0.00374	2.66	97969	367	488986	4829603	49.30
1983	35-39	0.00111	0.00552	2.69	97602	539	486763	4340617	44.47
1983	40-44	0.00180	0.00897	2.67	97063	871	483285	3853854	39.70
1983	45-49	0.00288	0.01432	2.69	96193	1378	477777	3370569	35.04
1983	50-54	0.00484	0.02395	2.64	94815	2271	468719	2892792	30.51
1983	55-59	0.00741	0.03644	2.66	92544	3372	454823	2424073	26.19
1983	60-64	0.01147	0.05584	2.66	89172	4979	434233	1969250	22.08
1983	65-69	0.01744	0.08375	2.64	84193	7051	404357	1535016	18.23
1983	70-74	0.02758	0.12940	2.62	77142	9982	361988	1130659	14.66
1983	75-79	0.04254	0.19303	2.61	67159	12964	304754	768671	11.45
1983	80-84	0.07287	0.30955	2.57	54196	16776	230212	463917	8.56
1983	85-89	0.12035	0.46061	2.45	37419	17236	143212	233706	6.25
1983	90-94	0.19236	0.63285	2.3	20184	12773	66403	90493	4.48
1983	95-99	0.28619	0.77885	2.07	7410	5772	20167	24090	3.25
1983	100-104	0.40573	0.88580	1.82	1639	1452	3578	3923	2.39
1983	105-109	0.53781	0.94534	1.57	187	177	329	345	1.84
1983	110+	0.64562	1.00000	1.55	10	10	16	16	1.55
1984	0	0.00952	0.00944	0.08	100000	944	99131	7794100	77.94
1984	1-4	0.00039	0.00157	1.57	99056	155	395847	7694968	77.68
1984	5-9	0.00018	0.00090	2.4	98901	89	494274	7299121	73.80
1984	10-14	0.00020	0.00102	2.77	98812	101	493836	6804847	68.87
1984	15-19	0.00037	0.00184	2.64	98711	182	493127	6311011	63.93
1984	20-24	0.00047	0.00234	2.57	98530	231	492086	5817884	59.05
1984	25-29	0.00058	0.00288	2.58	98299	283	490809	5325798	54.18
1984	30-34	0.00080	0.00398	2.63	98015	390	489154	4834989	49.33
1984	35-39	0.00108	0.00540	2.64	97625	527	486883	4345835	44.52
1984	40-44	0.00171	0.00853	2.66	97098	828	483549	3858952	39.74
1984	45-49	0.00297	0.01477	2.68	96270	1422	478045	3375402	35.06
1984	50-54	0.00468	0.02315	2.65	94848	2196	469091	2897358	30.55
1984	55-59	0.00738	0.03626	2.7	92653	3360	455521	2428266	26.21
1984	60-64	0.01142	0.05560	2.66	89293	4964	434837	1972746	22.09
1984	65-69	0.01760	0.08448	2.65	84329	7124	404879	1537909	18.24
1984	70-74	0.02760	0.12951	2.62	77204	9999	362213	1133030	14.68
1984	75-79	0.04265	0.19347	2.61	67205	13002	304894	770817	11.47
1984	80-84	0.07275	0.30925	2.58	54203	16762	230410	465922	8.60
1984	85-89	0.11979	0.45941	2.46	37440	17201	143590	235513	6.29
1984	90-94	0.18862	0.62458	2.3	20240	12641	67020	91923	4.54
1984	95-99	0.28352	0.77551	2.08	7599	5893	20784	24903	3.28
1984	100-104	0.40192	0.88329	1.83	1706	1507	3749	4119	2.41
1984	105-109	0.53316	0.94385	1.58	199	188	352	370	1.86
1984	110+	0.64057	1.00000	1.56	11	11	17	17	1.56
1985	0	0.00962	0.00954	0.08	100000	954	99122	7797012	77.97
1985	1-4	0.00040	0.00158	1.6	99046	157	395809	7697890	77.72
1985	5-9	0.00017	0.00086	2.21	98889	85	494209	7302080	73.84
1985	10-14	0.00018	0.00091	2.8	98804	90	493822	6807871	68.90
1985	15-19	0.00037	0.00186	2.77	98714	184	493159	6314049	63.96
1985	20-24	0.00043	0.00215	2.57	98530	212	492137	5820890	59.08
1985	25-29	0.00059	0.00293	2.62	98319	288	490906	5328753	54.20
1985	30-34	0.00085	0.00426	2.65	98030	418	489172	4837848	49.35
1985	35-39	0.00109	0.00544	2.59	97613	531	486786	4348675	44.55
1985	40-44	0.00170	0.00846	2.67	97082	821	483496	3861889	39.78
1985	45-49	0.00291	0.01444	2.69	96261	1390	478095	3378393	35.10
1985	50-54	0.00472	0.02335	2.68	94871	2215	469224	2900298	30.57
1985	55-59	0.00734	0.03611	2.7	92656	3346	455588	2431074	26.24
1985	60-64	0.01148	0.05591	2.65	89310	4993	434804	1975486	22.12
1985	65-69	0.01758	0.08435	2.62	84317	7112	404664	1540682	18.27
1985	70-74	0.02709	0.12720	2.61	77205	9820	362570	1136018	14.71
1985	75-79	0.04243	0.19258	2.6	67384	12977	305829	773447	11.48
1985	80-84	0.07222	0.30737	2.58	54408	16723	231546	467618	8.59
1985	85-89	0.11923	0.45693	2.44	37684	17219	144417	236072	6.26
1985	90-94	0.19191	0.63086	2.28	20465	12911	67272	91656	4.48
1985	95-99	0.28842	0.78178	2.07	7555	5906	20477	24383	3.23
1985	100-104	0.41016	0.88878	1.81	1649	1465	3572	3906	2.37
1985	105-109	0.54427	0.94739	1.56	183	174	319	334	1.82
1985	110+	0.65335	1.00000	1.53	10	10	15	15	1.53
1986	0	0.00906	0.00899	0.08	100000	899	99172	7802813	78.03
1986	1-4	0.00042	0.00168	1.65	99101	167	396014	7703642	77.74
1986	5-9	0.00019	0.00095	2.36	98934	94	494424	7307628	73.86
1986	10-14	0.00019	0.00093	2.63	98841	92	493984	6813204	68.93
1986	15-19	0.00037	0.00187	2.71	98748	185	493318	6319219	63.99
1986	20-24	0.00048	0.00239	2.58	98564	236	492247	5825901	59.11
1986	25-29	0.00066	0.00332	2.62	98328	326	490862	5333654	54.24
1986	30-34	0.00088	0.00438	2.61	98002	430	488981	4842792	49.42
1986	35-39	0.00115	0.00576	2.66	97572	562	486543	4353811	44.62
1986	40-44	0.00172	0.00859	2.7	97010	833	483133	3867268	39.86
1986	45-49	0.00286	0.01420	2.67	96177	1366	477703	3384134	35.19
1986	50-54	0.00460	0.02277	2.65	94811	2159	468986	2906432	30.66
1986	55-59	0.00701	0.03451	2.67	92652	3197	455800	2437446	26.31
1986	60-64	0.01133	0.05518	2.62	89455	4936	435537	1981646	22.15
1986	65-69	0.01748	0.08394	2.63	84519	7094	405811	1546109	18.29
1986	70-74	0.02717	0.12754	2.6	77425	9875	363472	1140298	14.73
1986	75-79	0.04226	0.19185	2.6	67550	12960	306634	776826	11.50
1986	80-84	0.07118	0.30320	2.56	54590	16552	232524	470192	8.61
1986	85-89	0.11992	0.45904	2.45	38038	17461	145613	237668	6.25
1986	90-94	0.19147	0.63085	2.3	20577	12981	67796	92055	4.47
1986	95-99	0.29182	0.78609	2.07	7596	5971	20462	24259	3.19
1986	100-104	0.41632	0.89276	1.8	1625	1451	3484	3797	2.34
1986	105-109	0.55283	0.94999	1.55	174	166	299	313	1.79
1986	110+	0.66330	1.00000	1.51	9	9	13	13	1.51
1987	0	0.00905	0.00897	0.08	100000	897	99173	7814321	78.14
1987	1-4	0.00041	0.00163	1.66	99103	162	396032	7715148	77.85
1987	5-9	0.00016	0.00078	2.37	98941	77	494501	7319117	73.97
1987	10-14	0.00018	0.00088	2.8	98864	87	494126	6824616	69.03
1987	15-19	0.00038	0.00188	2.7	98776	186	493455	6330490	64.09
1987	20-24	0.00049	0.00246	2.66	98591	242	492388	5837034	59.20
1987	25-29	0.00064	0.00319	2.6	98349	313	490991	5344647	54.34
1987	30-34	0.00095	0.00474	2.58	98035	465	489053	4853656	49.51
1987	35-39	0.00123	0.00615	2.57	97570	600	486394	4364603	44.73
1987	40-44	0.00170	0.00846	2.65	96971	820	482924	3878209	39.99
1987	45-49	0.00280	0.01391	2.67	96150	1337	477631	3395285	35.31
1987	50-54	0.00469	0.02319	2.67	94813	2199	468947	2917654	30.77
1987	55-59	0.00694	0.03412	2.67	92614	3160	455697	2448707	26.44
1987	60-64	0.01110	0.05408	2.65	89454	4838	435918	1993010	22.28
1987	65-69	0.01717	0.08249	2.64	84616	6980	406578	1557092	18.40
1987	70-74	0.02679	0.12588	2.6	77636	9773	364719	1150515	14.82
1987	75-79	0.04132	0.18800	2.61	67864	12758	308773	785796	11.58
1987	80-84	0.07080	0.30182	2.56	55106	16632	234922	477023	8.66
1987	85-89	0.11841	0.45519	2.46	38474	17513	147903	242101	6.29
1987	90-94	0.19037	0.62913	2.31	20961	13187	69270	94198	4.49
1987	95-99	0.29039	0.78443	2.07	7774	6098	21000	24928	3.21
1987	100-104	0.41488	0.89192	1.8	1676	1495	3603	3928	2.34
1987	105-109	0.55161	0.94966	1.55	181	172	312	326	1.80
1987	110+	0.66235	1.00000	1.51	9	9	14	14	1.51
1988	0	0.00907	0.00900	0.08	100000	900	99171	7810115	78.10
1988	1-4	0.00040	0.00158	1.61	99100	157	396027	7710945	77.81
1988	5-9	0.00020	0.00102	2.38	98944	101	494454	7314918	73.93
1988	10-14	0.00017	0.00084	2.81	98843	83	494033	6820463	69.00
1988	15-19	0.00039	0.00197	2.74	98760	194	493360	6326430	64.06
1988	20-24	0.00050	0.00248	2.63	98566	244	492251	5833070	59.18
1988	25-29	0.00065	0.00323	2.64	98321	318	490857	5340819	54.32
1988	30-34	0.00095	0.00472	2.62	98004	462	488921	4849962	49.49
1988	35-39	0.00127	0.00635	2.58	97542	619	486206	4361042	44.71
1988	40-44	0.00172	0.00856	2.68	96922	830	482682	3874835	39.98
1988	45-49	0.00277	0.01375	2.7	96092	1321	477425	3392153	35.30
1988	50-54	0.00454	0.02247	2.68	94771	2130	468907	2914728	30.76
1988	55-59	0.00703	0.03457	2.64	92641	3202	455663	2445822	26.40
1988	60-64	0.01114	0.05430	2.66	89439	4856	435815	1990159	22.25
1988	65-69	0.01701	0.08175	2.64	84583	6915	406586	1554343	18.38
1988	70-74	0.02707	0.12720	2.64	77668	9879	364996	1147758	14.78
1988	75-79	0.04093	0.18633	2.6	67789	12631	308599	782762	11.55
1988	80-84	0.07096	0.30266	2.57	55158	16694	235254	474162	8.60
1988	85-89	0.12069	0.46268	2.48	38464	17796	147450	238908	6.21
1988	90-94	0.19372	0.63568	2.3	20668	13138	67818	91458	4.43
1988	95-99	0.29748	0.79300	2.06	7530	5971	20072	23640	3.14
1988	100-104	0.42558	0.89844	1.78	1559	1400	3290	3568	2.29
1988	105-109	0.56499	0.95343	1.53	158	151	267	278	1.76
1988	110+	0.67689	1.00000	1.48	7	7	11	11	1.48
1989	0	0.00926	0.00918	0.08	100000	918	99154	7845493	78.45
1989	1-4	0.00038	0.00153	1.67	99082	152	395975	7746338	78.18
1989	5-9	0.00020	0.00099	2.31	98930	98	494388	7350364	74.30
1989	10-14	0.00018	0.00089	2.59	98833	88	493951	6855975	69.37
1989	15-19	0.00037	0.00186	2.61	98744	183	493283	6362024	64.43
1989	20-24	0.00047	0.00236	2.58	98561	233	492241	5868741	59.54
1989	25-29	0.00065	0.00324	2.6	98328	318	490876	5376500	54.68
1989	30-34	0.00097	0.00486	2.63	98010	476	488919	4885624	49.85
1989	35-39	0.00125	0.00621	2.58	97534	605	486206	4396705	45.08
1989	40-44	0.00169	0.00843	2.63	96928	817	482702	3910499	40.34
1989	45-49	0.00262	0.01302	2.64	96111	1251	477601	3427797	35.66
1989	50-54	0.00442	0.02187	2.66	94860	2075	469455	2950196	31.10
1989	55-59	0.00689	0.03392	2.68	92785	3148	456615	2480742	26.74
1989	60-64	0.01082	0.05274	2.66	89638	4727	437112	2024127	22.58
1989	65-69	0.01657	0.07971	2.64	84910	6768	408569	1587015	18.69
1989	70-74	0.02580	0.12153	2.62	78142	9497	368153	1178446	15.08
1989	75-79	0.04041	0.18418	2.6	68645	12643	312887	810293	11.80
1989	80-84	0.06816	0.29241	2.57	56002	16376	240253	497406	8.88
1989	85-89	0.11256	0.43840	2.48	39627	17372	154338	257153	6.49
1989	90-94	0.18357	0.61484	2.32	22254	13683	74539	102814	4.62
1989	95-99	0.28076	0.77270	2.09	8571	6623	23590	28276	3.30
1989	100-104	0.40335	0.88473	1.83	1948	1724	4273	4686	2.41
1989	105-109	0.53954	0.94614	1.57	225	212	394	412	1.84
1989	110+	0.65073	1.00000	1.54	12	12	19	19	1.54
1990	0	0.00863	0.00857	0.08	100000	857	99210	7877777	78.78
1990	1-4	0.00037	0.00147	1.62	99143	146	396227	7778568	78.46
1990	5-9	0.00017	0.00085	2.3	98998	84	494762	7382341	74.57
1990	10-14	0.00016	0.00081	2.64	98914	80	494379	6887579	69.63
1990	15-19	0.00037	0.00185	2.63	98834	183	493734	6393200	64.69
1990	20-24	0.00046	0.00232	2.65	98651	229	492717	5899465	59.80
1990	25-29	0.00066	0.00327	2.66	98422	322	491357	5406748	54.93
1990	30-34	0.00094	0.00467	2.62	98100	458	489411	4915391	50.11
1990	35-39	0.00125	0.00622	2.55	97643	608	486725	4425980	45.33
1990	40-44	0.00162	0.00809	2.59	97035	785	483285	3939254	40.60
1990	45-49	0.00264	0.01312	2.68	96250	1263	478313	3455970	35.91
1990	50-54	0.00419	0.02074	2.66	94987	1970	470318	2977657	31.35
1990	55-59	0.00678	0.03338	2.66	93017	3105	457831	2507339	26.96
1990	60-64	0.01059	0.05168	2.65	89912	4647	438626	2049508	22.79
1990	65-69	0.01606	0.07734	2.61	85265	6595	410534	1610882	18.89
1990	70-74	0.02530	0.11928	2.61	78671	9384	370905	1200348	15.26
1990	75-79	0.03916	0.17891	2.59	69287	12396	316562	829443	11.97
1990	80-84	0.06632	0.28554	2.57	56891	16245	244949	512882	9.02
1990	85-89	0.10956	0.42925	2.48	40646	17448	159256	267932	6.59
1990	90-94	0.18073	0.60972	2.33	23199	14145	78263	108676	4.68
1990	95-99	0.27476	0.76506	2.1	9054	6927	25211	30413	3.36
1990	100-104	0.39599	0.87988	1.84	2127	1872	4726	5202	2.45
1990	105-109	0.53165	0.94369	1.58	256	241	454	476	1.86
1990	110+	0.64295	1.00000	1.56	14	14	22	22	1.56
1991	0	0.00814	0.00808	0.08	100000	808	99253	7894418	78.94
1991	1-4	0.00037	0.00149	1.48	99192	148	396395	7795165	78.59
1991	5-9	0.00018	0.00091	2.46	99044	90	494991	7398770	74.70
1991	10-14	0.00015	0.00074	2.67	98954	73	494599	6903779	69.77
1991	15-19	0.00036	0.00179	2.69	98881	177	493994	6409180	64.82
1991	20-24	0.00045	0.00227	2.66	98704	224	492995	5915186	59.93
1991	25-29	0.00064	0.00320	2.63	98480	315	491652	5422191	55.06
1991	30-34	0.00092	0.00459	2.64	98164	451	489756	4930539	50.23
1991	35-39	0.00128	0.00640	2.64	97714	625	487091	4440783	45.45
1991	40-44	0.00170	0.00845	2.68	97089	821	483540	3953691	40.72
1991	45-49	0.00263	0.01307	2.67	96268	1258	478410	3470151	36.05
1991	50-54	0.00420	0.02082	2.67	95010	1978	470442	2991741	31.49
1991	55-59	0.00666	0.03278	2.67	93032	3049	458044	2521299	27.10
1991	60-64	0.01032	0.05038	2.63	89982	4533	439173	2063255	22.93
1991	65-69	0.01603	0.07720	2.62	85449	6597	411558	1624082	19.01
1991	70-74	0.02484	0.11733	2.64	78852	9252	372397	1212524	15.38
1991	75-79	0.03839	0.17569	2.59	69600	12228	318508	840127	12.07
1991	80-84	0.06510	0.28110	2.57	57372	16127	247729	521619	9.09
1991	85-89	0.10773	0.42419	2.5	41244	17495	162404	273890	6.64
1991	90-94	0.18019	0.60812	2.33	23749	14442	80153	111486	4.69
1991	95-99	0.27385	0.76405	2.11	9307	7111	25966	31334	3.37
1991	100-104	0.39614	0.88012	1.84	2196	1933	4879	5368	2.44
1991	105-109	0.53311	0.94424	1.58	263	249	466	489	1.86
1991	110+	0.64543	1.00000	1.55	15	15	23	23	1.55
1992	0	0.00769	0.00764	0.07	100000	764	99293	7911552	79.12
1992	1-4	0.00034	0.00135	1.58	99236	134	396622	7812259	78.72
1992	5-9	0.00013	0.00065	2.51	99103	65	495352	7415637	74.83
1992	10-14	0.00014	0.00068	2.74	99038	67	495038	6920285	69.88
1992	15-19	0.00032	0.00159	2.44	98971	157	494452	6425247	64.92
1992	20-24	0.00044	0.00220	2.62	98814	217	493552	5930796	60.02
1992	25-29	0.00064	0.00321	2.59	98597	317	492222	5437244	55.15
1992	30-34	0.00096	0.00477	2.66	98280	468	490305	4945022	50.32
1992	35-39	0.00129	0.00642	2.61	97812	628	487561	4454716	45.54
1992	40-44	0.00175	0.00873	2.58	97184	849	483867	3967155	40.82
1992	45-49	0.00262	0.01303	2.7	96336	1255	478787	3483289	36.16
1992	50-54	0.00410	0.02031	2.71	95081	1931	470989	3004502	31.60
1992	55-59	0.00661	0.03253	2.68	93150	3031	458709	2533513	27.20
1992	60-64	0.01018	0.04972	2.64	90119	4481	440014	2074804	23.02
1992	65-69	0.01577	0.07602	2.64	85639	6510	412835	1634790	19.09
1992	70-74	0.02483	0.11732	2.65	79129	9284	373818	1221955	15.44
1992	75-79	0.03820	0.17484	2.58	69845	12212	319713	848137	12.14
1992	80-84	0.06424	0.27787	2.57	57633	16015	249279	528424	9.17
1992	85-89	0.10659	0.42045	2.49	41618	17498	164167	279145	6.71
1992	90-94	0.17630	0.59999	2.34	24120	14472	82084	114978	4.77
1992	95-99	0.26980	0.75868	2.12	9648	7320	27130	32894	3.41
1992	100-104	0.39068	0.87635	1.85	2328	2040	5223	5764	2.48
1992	105-109	0.52674	0.94217	1.59	288	271	515	541	1.88
1992	110+	0.63876	1.00000	1.57	17	17	26	26	1.57
1993	0	0.00731	0.00726	0.07	100000	726	99328	7896819	78.97
1993	1-4	0.00035	0.00142	1.52	99274	140	396750	7797491	78.54
1993	5-9	0.00016	0.00082	2.37	99134	81	495456	7400742	74.65
1993	10-14	0.00017	0.00086	2.9	99053	85	495084	6905285	69.71
1993	15-19	0.00034	0.00171	2.69	98967	170	494445	6410201	64.77
1993	20-24	0.00043	0.00215	2.57	98798	213	493472	5915756	59.88
1993	25-29	0.00063	0.00316	2.67	98585	311	492199	5422285	55.00
1993	30-34	0.00092	0.00458	2.67	98274	451	490317	4930086	50.17
1993	35-39	0.00132	0.00660	2.67	97823	646	487613	4439769	45.39
1993	40-44	0.00181	0.00900	2.58	97177	875	483772	3952157	40.67
1993	45-49	0.00259	0.01287	2.65	96302	1239	478600	3468384	36.02
1993	50-54	0.00413	0.02046	2.64	95063	1945	470719	2989785	31.45
1993	55-59	0.00654	0.03219	2.69	93119	2998	458671	2519066	27.05
1993	60-64	0.01033	0.05041	2.63	90121	4543	439839	2060395	22.86
1993	65-69	0.01601	0.07711	2.64	85578	6599	412287	1620556	18.94
1993	70-74	0.02459	0.11620	2.63	78979	9177	373180	1208269	15.30
1993	75-79	0.03878	0.17738	2.6	69802	12382	319291	835090	11.96
1993	80-84	0.06561	0.28284	2.56	57420	16241	247523	515799	8.98
1993	85-89	0.11102	0.43426	2.49	41179	17882	161078	268275	6.51
1993	90-94	0.18392	0.61758	2.34	23297	14387	78226	107198	4.60
1993	95-99	0.28508	0.77864	2.09	8909	6937	24334	28972	3.25
1993	100-104	0.41316	0.89137	1.81	1972	1758	4255	4638	2.35
1993	105-109	0.55455	0.95077	1.54	214	204	367	383	1.79
1993	110+	0.66892	1.00000	1.49	11	11	16	16	1.49
1994	0	0.00730	0.00725	0.07	100000	725	99328	7910374	79.10
1994	1-4	0.00031	0.00124	1.7	99275	123	396817	7811046	78.68
1994	5-9	0.00016	0.00080	2.38	99152	79	495553	7414229	74.78
1994	10-14	0.00015	0.00076	2.82	99073	76	495199	6918676	69.83
1994	15-19	0.00034	0.00170	2.67	98997	168	494593	6423477	64.89
1994	20-24	0.00042	0.00209	2.62	98829	207	493652	5928884	59.99
1994	25-29	0.00061	0.00307	2.72	98622	302	492420	5435232	55.11
1994	30-34	0.00100	0.00500	2.66	98320	492	490448	4942812	50.27
1994	35-39	0.00144	0.00716	2.61	97828	700	487465	4452364	45.51
1994	40-44	0.00184	0.00917	2.59	97128	890	483492	3964899	40.82
1994	45-49	0.00264	0.01312	2.68	96237	1262	478255	3481407	36.18
1994	50-54	0.00399	0.01976	2.66	94975	1877	470476	3003152	31.62
1994	55-59	0.00638	0.03146	2.69	93098	2929	458716	2532675	27.20
1994	60-64	0.01001	0.04889	2.64	90170	4408	440465	2073960	23.00
1994	65-69	0.01582	0.07624	2.64	85762	6539	413404	1633495	19.05
1994	70-74	0.02440	0.11533	2.63	79223	9137	374484	1220091	15.40
1994	75-79	0.03808	0.17459	2.62	70086	12236	321313	845607	12.07
1994	80-84	0.06495	0.28063	2.58	57850	16235	249965	524294	9.06
1994	85-89	0.10894	0.42766	2.49	41615	17797	163365	274329	6.59
1994	90-94	0.18102	0.61066	2.34	23818	14545	80347	110964	4.66
1994	95-99	0.28005	0.77230	2.1	9273	7162	25573	30617	3.30
1994	100-104	0.40622	0.88697	1.82	2112	1873	4611	5043	2.39
1994	105-109	0.54639	0.94840	1.56	239	226	414	433	1.81
1994	110+	0.66041	1.00000	1.51	12	12	19	19	1.51
1995	0	0.00681	0.00677	0.07	100000	677	99372	7919854	79.20
1995	1-4	0.00032	0.00130	1.72	99323	129	396999	7820482	78.74
1995	5-9	0.00014	0.00070	2.35	99194	70	495786	7423484	74.84
1995	10-14	0.00016	0.00080	2.74	99124	79	495444	6927698	69.89
1995	15-19	0.00031	0.00153	2.66	99045	152	494873	6432254	64.94
1995	20-24	0.00040	0.00198	2.59	98894	195	493997	5937381	60.04
1995	25-29	0.00060	0.00301	2.74	98698	297	492820	5443384	55.15
1995	30-34	0.00099	0.00493	2.61	98401	485	490846	4950564	50.31
1995	35-39	0.00134	0.00670	2.62	97916	656	488019	4459718	45.55
1995	40-44	0.00184	0.00918	2.58	97260	893	484141	3971699	40.84
1995	45-49	0.00263	0.01305	2.7	96367	1258	478946	3487557	36.19
1995	50-54	0.00404	0.01999	2.66	95109	1901	471102	3008611	31.63
1995	55-59	0.00632	0.03114	2.66	93208	2903	459257	2537510	27.22
1995	60-64	0.01001	0.04890	2.63	90305	4416	441067	2078253	23.01
1995	65-69	0.01557	0.07507	2.64	85889	6448	414254	1637186	19.06
1995	70-74	0.02397	0.11337	2.62	79441	9006	375795	1222932	15.39
1995	75-79	0.03805	0.17438	2.61	70435	12282	322824	847137	12.03
1995	80-84	0.06539	0.28210	2.57	58153	16405	250879	524313	9.02
1995	85-89	0.10960	0.42966	2.49	41748	17937	163667	273434	6.55
1995	90-94	0.18276	0.61415	2.33	23810	14623	80012	109767	4.61
1995	95-99	0.28632	0.78031	2.08	9187	7169	25038	29755	3.24
1995	100-104	0.41586	0.89313	1.81	2018	1803	4335	4718	2.34
1995	105-109	0.55858	0.95194	1.54	216	205	368	383	1.78
1995	110+	0.67372	1.00000	1.48	10	10	15	15	1.48
1996	0	0.00646	0.00642	0.07	100000	642	99403	7941986	79.42
1996	1-4	0.00028	0.00110	1.54	99358	109	397162	7842583	78.93
1996	5-9	0.00013	0.00067	2.5	99249	67	496076	7445420	75.02
1996	10-14	0.00015	0.00077	2.82	99182	76	495744	6949344	70.07
1996	15-19	0.00032	0.00162	2.71	99106	160	495163	6453600	65.12
1996	20-24	0.00038	0.00192	2.59	98946	190	494268	5958438	60.22
1996	25-29	0.00054	0.00271	2.7	98755	268	493162	5464169	55.33
1996	30-34	0.00086	0.00427	2.65	98488	421	491452	4971007	50.47
1996	35-39	0.00120	0.00598	2.6	98067	587	488927	4479555	45.68
1996	40-44	0.00174	0.00865	2.61	97480	843	485390	3990629	40.94
1996	45-49	0.00251	0.01247	2.65	96637	1205	480352	3505239	36.27
1996	50-54	0.00392	0.01945	2.72	95433	1856	472938	3024887	31.70
1996	55-59	0.00616	0.03037	2.69	93576	2842	461305	2551949	27.27
1996	60-64	0.00989	0.04833	2.62	90734	4385	443239	2090644	23.04
1996	65-69	0.01536	0.07415	2.67	86349	6403	416844	1647406	19.08
1996	70-74	0.02425	0.11465	2.62	79947	9166	377943	1230562	15.39
1996	75-79	0.03790	0.17385	2.62	70781	12306	324671	852619	12.05
1996	80-84	0.06495	0.28057	2.58	58476	16407	252620	527947	9.03
1996	85-89	0.10954	0.42971	2.49	42069	18077	165037	275327	6.54
1996	90-94	0.18356	0.61580	2.33	23992	14774	80484	110290	4.60
1996	95-99	0.28681	0.78098	2.08	9218	7199	25100	29805	3.23
1996	100-104	0.41709	0.89393	1.8	2019	1805	4327	4706	2.33
1996	105-109	0.56050	0.95249	1.53	214	204	364	379	1.77
1996	110+	0.67605	1.00000	1.48	10	10	15	15	1.48
1997	0	0.00621	0.00617	0.07	100000	617	99426	7969206	79.69
1997	1-4	0.00026	0.00106	1.64	99383	105	397283	7869780	79.19
1997	5-9	0.00014	0.00068	2.38	99278	67	496213	7472497	75.27
1997	10-14	0.00013	0.00067	2.67	99211	67	495897	6976285	70.32
1997	15-19	0.00034	0.00170	2.67	99144	169	495326	6480387	65.36
1997	20-24	0.00042	0.00209	2.54	98975	207	494367	5985061	60.47
1997	25-29	0.00048	0.00239	2.67	98769	236	493295	5490694	55.59
1997	30-34	0.00074	0.00368	2.65	98533	362	491814	4997400	50.72
1997	35-39	0.00111	0.00555	2.64	98170	545	489568	4505586	45.90
1997	40-44	0.00163	0.00811	2.64	97625	792	486259	4016018	41.14
1997	45-49	0.00237	0.01180	2.66	96834	1143	481488	3529758	36.45
1997	50-54	0.00377	0.01870	2.68	95691	1790	474301	3048270	31.86
1997	55-59	0.00612	0.03018	2.68	93901	2834	462938	2573969	27.41
1997	60-64	0.00967	0.04731	2.69	91067	4308	445372	2111030	23.18
1997	65-69	0.01508	0.07284	2.65	86758	6320	418955	1665659	19.20
1997	70-74	0.02331	0.11043	2.62	80439	8883	381061	1246704	15.50
1997	75-79	0.03713	0.17068	2.64	71556	12213	328963	865643	12.10
1997	80-84	0.06450	0.27881	2.57	59343	16546	256530	536680	9.04
1997	85-89	0.10944	0.42937	2.49	42797	18376	167907	280150	6.55
1997	90-94	0.18400	0.61793	2.34	24421	15091	82015	112243	4.60
1997	95-99	0.28615	0.78019	2.09	9331	7280	25440	30228	3.24
1997	100-104	0.41638	0.89352	1.81	2051	1833	4401	4788	2.33
1997	105-109	0.55986	0.95233	1.54	218	208	371	387	1.77
1997	110+	0.67552	1.00000	1.48	10	10	15	15	1.48
1998	0	0.00618	0.00614	0.07	100000	614	99429	7997638	79.98
1998	1-4	0.00024	0.00097	1.53	99386	96	397305	7898209	79.47
1998	5-9	0.00013	0.00064	2.27	99289	64	496273	7500904	75.55
1998	10-14	0.00013	0.00064	2.88	99226	63	495994	7004631	70.59
1998	15-19	0.00029	0.00146	2.71	99162	145	495478	6508637	65.64
1998	20-24	0.00037	0.00183	2.62	99017	181	494653	6013159	60.73
1998	25-29	0.00042	0.00210	2.62	98836	208	493684	5518506	55.84
1998	30-34	0.00068	0.00341	2.65	98628	336	492351	5024823	50.95
1998	35-39	0.00104	0.00519	2.71	98292	510	490292	4532472	46.11
1998	40-44	0.00155	0.00772	2.69	97782	755	487168	4042180	41.34
1998	45-49	0.00226	0.01125	2.66	97027	1091	482578	3555012	36.64
1998	50-54	0.00355	0.01762	2.63	95936	1691	475671	3072434	32.03
1998	55-59	0.00576	0.02841	2.65	94245	2677	464947	2596763	27.55
1998	60-64	0.00926	0.04535	2.69	91568	4153	448242	2131815	23.28
1998	65-69	0.01490	0.07193	2.61	87415	6288	422065	1683573	19.26
1998	70-74	0.02313	0.10967	2.64	81127	8897	384596	1261508	15.55
1998	75-79	0.03662	0.16847	2.63	72230	12169	332336	876912	12.14
1998	80-84	0.06408	0.27739	2.58	60061	16660	259994	544576	9.07
1998	85-89	0.10868	0.42709	2.49	43401	18536	170559	284582	6.56
1998	90-94	0.18411	0.61839	2.35	24865	15376	83516	114024	4.59
1998	95-99	0.28857	0.78334	2.08	9489	7433	25758	30508	3.22
1998	100-104	0.42103	0.89644	1.8	2056	1843	4377	4750	2.31
1998	105-109	0.56641	0.95415	1.53	213	203	359	373	1.75
1998	110+	0.68306	1.00000	1.46	10	10	14	14	1.46
1999	0	0.00623	0.00620	0.07	100000	620	99424	7985066	79.85
1999	1-4	0.00024	0.00094	1.73	99380	94	397308	7885642	79.35
1999	5-9	0.00013	0.00065	2.56	99287	64	496276	7488333	75.42
1999	10-14	0.00012	0.00061	2.7	99222	60	495973	6992057	70.47
1999	15-19	0.00032	0.00160	2.76	99162	159	495452	6496085	65.51
1999	20-24	0.00040	0.00200	2.57	99003	198	494532	6000632	60.61
1999	25-29	0.00044	0.00219	2.65	98805	216	493516	5506100	55.73
1999	30-34	0.00067	0.00336	2.68	98589	331	492175	5012584	50.84
1999	35-39	0.00108	0.00538	2.67	98258	528	490060	4520409	46.01
1999	40-44	0.00159	0.00792	2.69	97730	774	486859	4030349	41.24
1999	45-49	0.00230	0.01144	2.62	96955	1110	482139	3543490	36.55
1999	50-54	0.00365	0.01809	2.69	95846	1734	475227	3061351	31.94
1999	55-59	0.00589	0.02904	2.65	94112	2733	464141	2586125	27.48
1999	60-64	0.00929	0.04548	2.68	91379	4156	447265	2121984	23.22
1999	65-69	0.01465	0.07081	2.66	87223	6176	421666	1674718	19.20
1999	70-74	0.02291	0.10867	2.64	81047	8807	384409	1253053	15.46
1999	75-79	0.03683	0.16940	2.64	72239	12237	332290	868644	12.02
1999	80-84	0.06535	0.28240	2.6	60002	16945	259306	536354	8.94
1999	85-89	0.11176	0.43626	2.49	43057	18784	168078	277049	6.43
1999	90-94	0.18905	0.62753	2.32	24273	15232	80573	108971	4.49
1999	95-99	0.29658	0.79290	2.07	9041	7169	24171	28398	3.14
1999	100-104	0.43180	0.90264	1.78	1872	1690	3914	4227	2.26
1999	105-109	0.57865	0.95726	1.5	182	174	302	313	1.72
1999	110+	0.69537	1.00000	1.44	8	8	11	11	1.44
2000	0	0.00578	0.00575	0.07	100000	575	99464	7997314	79.97
2000	1-4	0.00021	0.00085	1.64	99425	84	397500	7897849	79.44
2000	5-9	0.00012	0.00060	2.48	99340	59	496552	7500349	75.50
2000	10-14	0.00013	0.00065	2.68	99281	65	496254	7003797	70.55
2000	15-19	0.00028	0.00141	2.97	99216	140	495797	6507543	65.59
2000	20-24	0.00038	0.00190	2.54	99077	188	494921	6011746	60.68
2000	25-29	0.00044	0.00219	2.6	98888	216	493923	5516826	55.79
2000	30-34	0.00067	0.00333	2.65	98672	329	492588	5022903	50.90
2000	35-39	0.00105	0.00525	2.67	98344	516	490515	4530315	46.07
2000	40-44	0.00156	0.00775	2.63	97827	758	487343	4039800	41.30
2000	45-49	0.00235	0.01169	2.65	97069	1135	482680	3552458	36.60
2000	50-54	0.00361	0.01790	2.72	95934	1717	475752	3069777	32.00
2000	55-59	0.00575	0.02836	2.67	94217	2672	464852	2594026	27.53
2000	60-64	0.00933	0.04566	2.64	91544	4180	447861	2129174	23.26
2000	65-69	0.01445	0.06986	2.64	87364	6104	422424	1681312	19.24
2000	70-74	0.02225	0.10569	2.64	81261	8588	386070	1258888	15.49
2000	75-79	0.03675	0.16896	2.62	72672	12279	334148	872818	12.01
2000	80-84	0.06525	0.28176	2.58	60394	17017	260774	538670	8.92
2000	85-89	0.11236	0.43814	2.49	43377	19005	169140	277896	6.41
2000	90-94	0.19052	0.63134	2.33	24372	15387	80764	108756	4.46
2000	95-99	0.29936	0.79620	2.06	8985	7154	23897	27992	3.12
2000	100-104	0.43609	0.90506	1.77	1831	1657	3800	4096	2.24
2000	105-109	0.58399	0.95857	1.5	174	167	285	296	1.70
2000	110+	0.70102	1.00000	1.43	7	7	10	10	1.43
2001	0	0.00570	0.00567	0.07	100000	567	99472	8000173	80.00
2001	1-4	0.00024	0.00095	1.76	99433	95	397520	7900701	79.46
2001	5-9	0.00011	0.00054	2.47	99338	54	496555	7503180	75.53
2001	10-14	0.00013	0.00065	2.75	99284	64	496277	7006625	70.57
2001	15-19	0.00030	0.00150	2.75	99220	149	495764	6510348	65.62
2001	20-24	0.00044	0.00219	2.61	99071	217	494836	6014584	60.71
2001	25-29	0.00051	0.00256	2.6	98854	253	493662	5519749	55.84
2001	30-34	0.00070	0.00351	2.63	98601	346	492187	5026087	50.97
2001	35-39	0.00114	0.00570	2.73	98255	560	490002	4533900	46.14
2001	40-44	0.00166	0.00828	2.69	97695	808	486604	4043898	41.39
2001	45-49	0.00246	0.01222	2.66	96887	1184	481664	3557294	36.72
2001	50-54	0.00361	0.01792	2.73	95702	1715	474623	3075630	32.14
2001	55-59	0.00573	0.02830	2.71	93987	2660	463836	2601007	27.67
2001	60-64	0.00909	0.04450	2.67	91327	4064	447177	2137171	23.40
2001	65-69	0.01408	0.06817	2.66	87263	5948	422404	1689994	19.37
2001	70-74	0.02206	0.10487	2.65	81315	8527	386519	1267590	15.59
2001	75-79	0.03572	0.16466	2.63	72788	11985	335535	881071	12.10
2001	80-84	0.06404	0.27741	2.59	60803	16867	263364	545536	8.97
2001	85-89	0.11191	0.43704	2.5	43936	19202	171578	282173	6.42
2001	90-94	0.18924	0.62822	2.33	24734	15538	82111	110595	4.47
2001	95-99	0.30121	0.79856	2.06	9195	7343	24379	28484	3.10
2001	100-104	0.44041	0.90754	1.76	1852	1681	3817	4105	2.22
2001	105-109	0.59044	0.96015	1.49	171	164	278	288	1.68
2001	110+	0.70852	1.00000	1.41	7	7	10	10	1.41
2002	0	0.00554	0.00551	0.07	100000	551	99487	8023187	80.23
2002	1-4	0.00020	0.00081	1.64	99449	81	397606	7923700	79.68
2002	5-9	0.00011	0.00055	2.34	99369	55	496698	7526094	75.74
2002	10-14	0.00013	0.00064	2.61	99314	64	496418	7029396	70.78
2002	15-19	0.00029	0.00147	2.74	99250	146	495920	6532978	65.82
2002	20-24	0.00041	0.00206	2.49	99104	204	495007	6037057	60.92
2002	25-29	0.00046	0.00230	2.6	98900	228	493952	5542050	56.04
2002	30-34	0.00063	0.00312	2.57	98672	308	492613	5048098	51.16
2002	35-39	0.00106	0.00529	2.71	98364	521	490627	4555485	46.31
2002	40-44	0.00163	0.00813	2.65	97843	796	487348	4064858	41.54
2002	45-49	0.00239	0.01188	2.64	97048	1152	482517	3577510	36.86
2002	50-54	0.00350	0.01738	2.65	95895	1666	475552	3094993	32.27
2002	55-59	0.00560	0.02763	2.67	94229	2604	465077	2619441	27.80
2002	60-64	0.00871	0.04266	2.67	91625	3909	449020	2154363	23.51
2002	65-69	0.01383	0.06700	2.66	87716	5877	424803	1705344	19.44
2002	70-74	0.02177	0.10356	2.66	81839	8475	389355	1280540	15.65
2002	75-79	0.03516	0.16230	2.63	73365	11907	338645	891185	12.15
2002	80-84	0.06337	0.27490	2.59	61457	16895	266605	552541	8.99
2002	85-89	0.11091	0.43432	2.5	44563	19354	174508	285935	6.42
2002	90-94	0.19209	0.63478	2.33	25208	16002	83303	111427	4.42
2002	95-99	0.30594	0.80417	2.05	9207	7404	24199	28124	3.05
2002	100-104	0.44893	0.91215	1.75	1803	1645	3663	3925	2.18
2002	105-109	0.60184	0.96275	1.47	158	152	253	262	1.65
2002	110+	0.72096	1.00000	1.39	6	6	8	8	1.39
2003	0	0.00550	0.00547	0.07	100000	547	99490	8043112	80.43
2003	1-4	0.00021	0.00084	1.68	99453	83	397617	7943622	79.87
2003	5-9	0.00012	0.00059	2.5	99369	59	496700	7546005	75.94
2003	10-14	0.00011	0.00057	2.46	99311	57	496410	7049305	70.98
2003	15-19	0.00026	0.00132	2.73	99254	131	495973	6552895	66.02
2003	20-24	0.00041	0.00206	2.56	99123	204	495118	6056921	61.10
2003	25-29	0.00045	0.00226	2.56	98919	224	494049	5561804	56.23
2003	30-34	0.00064	0.00319	2.73	98695	315	492760	5067755	51.35
2003	35-39	0.00100	0.00501	2.66	98380	493	490747	4574995	46.50
2003	40-44	0.00157	0.00781	2.65	97887	765	487640	4084248	41.72
2003	45-49	0.00239	0.01186	2.63	97122	1152	482875	3596608	37.03
2003	50-54	0.00336	0.01667	2.64	95970	1600	476072	3113733	32.44
2003	55-59	0.00536	0.02647	2.69	94370	2498	466089	2637661	27.95
2003	60-64	0.00876	0.04292	2.64	91872	3943	450067	2171572	23.64
2003	65-69	0.01346	0.06525	2.65	87929	5738	426157	1721504	19.58
2003	70-74	0.02131	0.10140	2.62	82191	8334	391154	1295348	15.76
2003	75-79	0.03481	0.16071	2.62	73857	11870	340981	904193	12.24
2003	80-84	0.06187	0.26945	2.61	61988	16703	269987	563212	9.09
2003	85-89	0.10977	0.43096	2.51	45285	19516	177791	293225	6.48
2003	90-94	0.18809	0.62526	2.32	25769	16112	85660	115435	4.48
2003	95-99	0.30256	0.80049	2.06	9657	7730	25550	29774	3.08
2003	100-104	0.44536	0.91040	1.75	1927	1754	3938	4225	2.19
2003	105-109	0.59870	0.96211	1.47	173	166	277	286	1.66
2003	110+	0.71849	1.00000	1.39	7	7	9	9	1.39
2004	0	0.00544	0.00541	0.07	100000	541	99496	8072879	80.73
2004	1-4	0.00019	0.00076	1.58	99459	76	397653	7973383	80.17
2004	5-9	0.00011	0.00054	2.45	99383	54	496780	7575730	76.23
2004	10-14	0.00013	0.00067	2.65	99330	67	496492	7078950	71.27
2004	15-19	0.00029	0.00147	2.73	99263	146	495984	6582458	66.31
2004	20-24	0.00038	0.00188	2.49	99117	186	495120	6086474	61.41
2004	25-29	0.00046	0.00228	2.62	98931	225	494120	5591355	56.52
2004	30-34	0.00060	0.00298	2.71	98706	294	492856	5097234	51.64
2004	35-39	0.00096	0.00481	2.71	98412	474	490975	4604378	46.79
2004	40-44	0.00155	0.00774	2.67	97938	758	487925	4113403	42.00
2004	45-49	0.00235	0.01168	2.64	97180	1135	483220	3625479	37.31
2004	50-54	0.00335	0.01662	2.62	96045	1596	476423	3142258	32.72
2004	55-59	0.00519	0.02563	2.69	94449	2421	466642	2665835	28.23
2004	60-64	0.00835	0.04094	2.66	92028	3767	451318	2199193	23.90
2004	65-69	0.01288	0.06253	2.65	88261	5519	428310	1747875	19.80
2004	70-74	0.02088	0.09949	2.64	82742	8232	394297	1319565	15.95
2004	75-79	0.03342	0.15481	2.63	74510	11535	345188	925268	12.42
2004	80-84	0.06062	0.26484	2.62	62975	16678	275133	580080	9.21
2004	85-89	0.10754	0.42425	2.51	46297	19641	182634	304947	6.59
2004	90-94	0.18260	0.61501	2.35	26656	16393	89777	122313	4.59
2004	95-99	0.29286	0.78916	2.08	10262	8099	27653	32536	3.17
2004	100-104	0.43176	0.90306	1.78	2164	1954	4525	4883	2.26
2004	105-109	0.58300	0.95852	1.5	210	201	345	357	1.70
2004	110+	0.70276	1.00000	1.42	9	9	12	12	1.42
2005	0	0.00547	0.00544	0.07	100000	544	99493	8084005	80.84
2005	1-4	0.00019	0.00077	1.56	99456	76	397638	7984512	80.28
2005	5-9	0.00010	0.00051	2.21	99380	51	496758	7586873	76.34
2005	10-14	0.00012	0.00059	2.65	99329	59	496508	7090115	71.38
2005	15-19	0.00028	0.00141	2.86	99270	140	496051	6593608	66.42
2005	20-24	0.00044	0.00220	2.53	99130	218	495115	6097556	61.51
2005	25-29	0.00042	0.00212	2.52	98913	209	494042	5602442	56.64
2005	30-34	0.00061	0.00307	2.71	98703	303	492823	5108400	51.76
2005	35-39	0.00093	0.00465	2.71	98400	458	490952	4615577	46.91
2005	40-44	0.00154	0.00767	2.68	97943	751	487974	4124625	42.11
2005	45-49	0.00227	0.01128	2.67	97192	1096	483401	3636651	37.42
2005	50-54	0.00337	0.01673	2.64	96096	1607	476681	3153250	32.81
2005	55-59	0.00499	0.02464	2.65	94488	2328	466978	2676568	28.33
2005	60-64	0.00820	0.04024	2.67	92160	3709	452144	2209590	23.98
2005	65-69	0.01286	0.06243	2.66	88452	5522	429338	1757446	19.87
2005	70-74	0.02046	0.09760	2.64	82930	8094	395579	1328107	16.01
2005	75-79	0.03304	0.15325	2.64	74836	11469	347161	932529	12.46
2005	80-84	0.05883	0.25783	2.61	63367	16338	277734	585368	9.24
2005	85-89	0.10731	0.42343	2.51	47029	19913	185569	307634	6.54
2005	90-94	0.18649	0.62147	2.32	27115	16851	90361	122065	4.50
2005	95-99	0.30162	0.79986	2.06	10264	8210	27219	31703	3.09
2005	100-104	0.44740	0.91172	1.75	2054	1873	4186	4485	2.18
2005	105-109	0.60381	0.96333	1.47	181	175	289	298	1.65
2005	110+	0.72538	1.00000	1.38	7	7	9	9	1.38
2006	0	0.00566	0.00563	0.07	100000	563	99475	8120951	81.21
2006	1-4	0.00019	0.00077	1.65	99437	77	397567	8021475	80.67
2006	5-9	0.00009	0.00045	2.34	99360	44	496682	7623909	76.73
2006	10-14	0.00009	0.00047	2.73	99316	46	496473	7127226	71.76
2006	15-19	0.00027	0.00137	2.88	99269	136	496059	6630753	66.80
2006	20-24	0.00039	0.00195	2.62	99133	193	495206	6134694	61.88
2006	25-29	0.00047	0.00236	2.56	98940	233	494131	5639488	57.00
2006	30-34	0.00056	0.00279	2.6	98707	276	492873	5145357	52.13
2006	35-39	0.00090	0.00448	2.69	98431	441	491139	4652484	47.27
2006	40-44	0.00147	0.00733	2.68	97990	718	488282	4161345	42.47
2006	45-49	0.00223	0.01108	2.65	97272	1078	483829	3673064	37.76
2006	50-54	0.00340	0.01685	2.63	96194	1621	477129	3189234	33.15
2006	55-59	0.00491	0.02427	2.71	94573	2295	467605	2712106	28.68
2006	60-64	0.00795	0.03903	2.7	92278	3601	453124	2244501	24.32
2006	65-69	0.01218	0.05922	2.67	88677	5251	431128	1791377	20.20
2006	70-74	0.01982	0.09469	2.65	83426	7900	398566	1360248	16.30
2006	75-79	0.03198	0.14866	2.64	75526	11228	351113	961682	12.73
2006	80-84	0.05612	0.24757	2.62	64298	15919	283649	610569	9.50
2006	85-89	0.10192	0.40721	2.53	48380	19701	193304	326920	6.76
2006	90-94	0.17794	0.60400	2.34	28679	17322	97349	133616	4.66
2006	95-99	0.28984	0.78624	2.09	11357	8929	30807	36267	3.19
2006	100-104	0.43316	0.90432	1.78	2428	2195	5068	5460	2.25
2006	105-109	0.58941	0.96024	1.49	232	223	378	391	1.68
2006	110+	0.71244	1.00000	1.4	9	9	13	13	1.40
2007	0	0.00564	0.00561	0.07	100000	561	99478	8141095	81.41
2007	1-4	0.00020	0.00081	1.69	99439	80	397571	8041617	80.87
2007	5-9	0.00010	0.00048	2.35	99359	48	496667	7644047	76.93
2007	10-14	0.00011	0.00056	2.62	99311	56	496421	7147380	71.97
2007	15-19	0.00026	0.00130	2.91	99255	129	496006	6650958	67.01
2007	20-24	0.00040	0.00199	2.55	99126	197	495148	6154952	62.09
2007	25-29	0.00044	0.00221	2.52	98929	219	494103	5659804	57.21
2007	30-34	0.00058	0.00291	2.61	98710	287	492866	5165701	52.33
2007	35-39	0.00093	0.00463	2.69	98423	455	491064	4672835	47.48
2007	40-44	0.00137	0.00683	2.71	97968	669	488304	4181771	42.69
2007	45-49	0.00224	0.01112	2.67	97299	1082	483972	3693466	37.96
2007	50-54	0.00325	0.01613	2.65	96216	1552	477436	3209494	33.36
2007	55-59	0.00485	0.02399	2.64	94665	2271	467969	2732058	28.86
2007	60-64	0.00766	0.03761	2.67	92394	3475	453882	2264089	24.50
2007	65-69	0.01193	0.05802	2.67	88919	5159	432555	1810207	20.36
2007	70-74	0.01922	0.09195	2.65	83760	7702	400720	1377653	16.45
2007	75-79	0.03148	0.14644	2.63	76058	11138	353857	976932	12.84
2007	80-84	0.05525	0.24415	2.62	64920	15850	286905	623075	9.60
2007	85-89	0.10004	0.40111	2.53	49070	19682	196753	336170	6.85
2007	90-94	0.17383	0.59630	2.37	29388	17524	100810	139418	4.74
2007	95-99	0.28342	0.77831	2.1	11864	9234	32580	38608	3.25
2007	100-104	0.42425	0.89927	1.8	2630	2365	5575	6029	2.29
2007	105-109	0.57924	0.95784	1.51	265	254	438	454	1.71
2007	110+	0.70236	1.00000	1.42	11	11	16	16	1.42
2008	0	0.00543	0.00541	0.07	100000	541	99496	8153809	81.54
2008	1-4	0.00019	0.00078	1.57	99459	77	397650	8054313	80.98
2008	5-9	0.00009	0.00045	2.45	99382	44	496798	7656663	77.04
2008	10-14	0.00011	0.00054	2.72	99338	54	496567	7159866	72.08
2008	15-19	0.00023	0.00115	2.75	99284	114	496164	6663299	67.11
2008	20-24	0.00037	0.00185	2.56	99170	184	495403	6167135	62.19
2008	25-29	0.00046	0.00230	2.6	98987	228	494387	5671732	57.30
2008	30-34	0.00057	0.00284	2.54	98759	280	493104	5177345	52.42
2008	35-39	0.00083	0.00412	2.61	98478	406	491422	4684241	47.57
2008	40-44	0.00140	0.00695	2.69	98072	682	488788	4192819	42.75
2008	45-49	0.00220	0.01096	2.7	97390	1068	484499	3704031	38.03
2008	50-54	0.00322	0.01600	2.63	96323	1541	477957	3219533	33.42
2008	55-59	0.00468	0.02316	2.64	94781	2195	468732	2741576	28.93
2008	60-64	0.00749	0.03679	2.66	92586	3407	454960	2272843	24.55
2008	65-69	0.01181	0.05744	2.64	89180	5122	433820	1817884	20.38
2008	70-74	0.01904	0.09112	2.64	84057	7659	402236	1384064	16.47
2008	75-79	0.03143	0.14625	2.63	76398	11174	355545	981827	12.85
2008	80-84	0.05484	0.24261	2.63	65225	15824	288568	626282	9.60
2008	85-89	0.09958	0.40020	2.55	49400	19770	198542	337715	6.84
2008	90-94	0.17589	0.60020	2.35	29631	17784	101112	139173	4.70
2008	95-99	0.28760	0.78373	2.1	11846	9284	32282	38060	3.21
2008	100-104	0.43175	0.90368	1.78	2562	2315	5363	5778	2.26
2008	105-109	0.58928	0.96027	1.49	247	237	402	416	1.69
2008	110+	0.71331	1.00000	1.4	10	10	14	14	1.40
2009	0	0.00542	0.00539	0.07	100000	539	99497	8182352	81.82
2009	1-4	0.00018	0.00072	1.77	99461	72	397681	8082855	81.27
2009	5-9	0.00009	0.00044	2.65	99389	44	496840	7685174	77.32
2009	10-14	0.00010	0.00049	2.73	99345	48	496615	7188333	72.36
2009	15-19	0.00025	0.00125	2.87	99297	124	496219	6691718	67.39
2009	20-24	0.00038	0.00188	2.71	99173	187	495435	6195499	62.47
2009	25-29	0.00046	0.00232	2.51	98986	230	494358	5700063	57.58
2009	30-34	0.00058	0.00292	2.66	98756	288	493107	5205706	52.71
2009	35-39	0.00084	0.00418	2.68	98468	412	491386	4712599	47.86
2009	40-44	0.00137	0.00681	2.69	98056	668	488735	4221213	43.05
2009	45-49	0.00227	0.01131	2.66	97388	1101	484365	3732478	38.33
2009	50-54	0.00324	0.01607	2.61	96287	1548	477743	3248113	33.73
2009	55-59	0.00463	0.02290	2.61	94739	2170	468518	2770370	29.24
2009	60-64	0.00732	0.03599	2.65	92569	3332	455027	2301852	24.87
2009	65-69	0.01165	0.05668	2.66	89237	5058	434344	1846825	20.70
2009	70-74	0.01834	0.08790	2.64	84179	7400	403427	1412480	16.78
2009	75-79	0.03005	0.14023	2.62	76780	10767	358314	1009054	13.14
2009	80-84	0.05246	0.23329	2.63	66013	15400	293584	650740	9.86
2009	85-89	0.09486	0.38529	2.56	50613	19501	205570	357156	7.06
2009	90-94	0.16779	0.58366	2.39	31112	18159	108227	151586	4.87
2009	95-99	0.27379	0.76623	2.13	12953	9925	36251	43359	3.35
2009	100-104	0.41327	0.89292	1.82	3028	2704	6542	7108	2.35
2009	105-109	0.56873	0.95532	1.52	324	310	545	566	1.74
2009	110+	0.69336	1.00000	1.44	14	14	21	21	1.44
2010	0	0.00515	0.00513	0.07	100000	513	99522	8206549	82.07
2010	1-4	0.00017	0.00068	1.52	99487	67	397782	8107027	81.49
2010	5-9	0.00007	0.00037	2.41	99420	37	497004	7709245	77.54
2010	10-14	0.00009	0.00047	2.57	99383	46	496804	7212241	72.57
2010	15-19	0.00021	0.00104	2.78	99337	104	496455	6715437	67.60
2010	20-24	0.00039	0.00192	2.53	99233	191	495695	6218982	62.67
2010	25-29	0.00044	0.00220	2.59	99042	218	494687	5723287	57.79
2010	30-34	0.00055	0.00272	2.6	98824	269	493476	5228600	52.91
2010	35-39	0.00083	0.00416	2.6	98555	410	491793	4735124	48.05
2010	40-44	0.00130	0.00649	2.66	98146	637	489241	4243330	43.24
2010	45-49	0.00208	0.01034	2.69	97509	1008	485215	3754089	38.50
2010	50-54	0.00311	0.01543	2.65	96501	1489	479011	3268874	33.87
2010	55-59	0.00459	0.02269	2.64	95012	2156	469966	2789863	29.36
2010	60-64	0.00708	0.03483	2.69	92855	3235	456804	2319898	24.98
2010	65-69	0.01152	0.05607	2.66	89621	5025	436354	1863094	20.79
2010	70-74	0.01811	0.08688	2.66	84596	7350	405811	1426740	16.87
2010	75-79	0.02953	0.13801	2.63	77246	10660	360996	1020928	13.22
2010	80-84	0.05140	0.22924	2.64	66585	15264	296939	659932	9.91
2010	85-89	0.09371	0.38109	2.55	51321	19558	208720	362994	7.07
2010	90-94	0.16818	0.58381	2.38	31763	18544	110263	154274	4.86
2010	95-99	0.27538	0.76857	2.13	13220	10160	36895	44011	3.33
2010	100-104	0.41735	0.89558	1.81	3059	2740	6565	7116	2.33
2010	105-109	0.57508	0.95700	1.51	319	306	532	551	1.73
2010	110+	0.70086	1.00000	1.43	14	14	20	20	1.43
2011	0	0.00476	0.00474	0.07	100000	474	99558	8203280	82.03
2011	1-4	0.00017	0.00069	1.58	99526	69	397938	8103722	81.42
2011	5-9	0.00010	0.00049	2.46	99457	49	497162	7705785	77.48
2011	10-14	0.00009	0.00046	2.62	99408	45	496935	7208622	72.52
2011	15-19	0.00020	0.00098	2.81	99363	97	496603	6711688	67.55
2011	20-24	0.00039	0.00196	2.58	99266	195	495858	6215085	62.61
2011	25-29	0.00049	0.00243	2.6	99071	241	494776	5719227	57.73
2011	30-34	0.00063	0.00317	2.64	98830	313	493409	5224451	52.86
2011	35-39	0.00079	0.00395	2.69	98517	389	491685	4731042	48.02
2011	40-44	0.00134	0.00665	2.69	98128	653	489135	4239357	43.20
2011	45-49	0.00207	0.01030	2.67	97475	1004	485038	3750222	38.47
2011	50-54	0.00319	0.01582	2.62	96471	1526	478724	3265183	33.85
2011	55-59	0.00465	0.02299	2.66	94945	2183	469610	2786459	29.35
2011	60-64	0.00713	0.03510	2.74	92762	3256	456440	2316849	24.98
2011	65-69	0.01122	0.05469	2.68	89506	4895	436173	1860410	20.79
2011	70-74	0.01788	0.08581	2.65	84611	7260	405991	1424236	16.83
2011	75-79	0.02971	0.13888	2.66	77350	10743	361580	1018245	13.16
2011	80-84	0.05184	0.23079	2.63	66608	15373	296553	656665	9.86
2011	85-89	0.09411	0.38258	2.56	51235	19601	208284	360112	7.03
2011	90-94	0.17059	0.58910	2.37	31634	18636	109243	151828	4.80
2011	95-99	0.28065	0.77548	2.12	12998	10080	35916	42585	3.28
2011	100-104	0.42549	0.90045	1.8	2918	2628	6176	6669	2.29
2011	105-109	0.58512	0.95945	1.5	291	279	476	493	1.70
2011	110+	0.71128	1.00000	1.41	12	12	17	17	1.41
2012	0	0.00492	0.00490	0.07	100000	490	99543	8227595	82.28
2012	1-4	0.00017	0.00069	1.63	99510	68	397878	8128052	81.68
2012	5-9	0.00009	0.00046	2.27	99442	46	497084	7730174	77.74
2012	10-14	0.00009	0.00047	2.84	99396	47	496878	7233090	72.77
2012	15-19	0.00019	0.00097	2.77	99349	97	496529	6736212	67.80
2012	20-24	0.00042	0.00209	2.71	99252	207	495785	6239683	62.87
2012	25-29	0.00048	0.00240	2.65	99045	238	494666	5743898	57.99
2012	30-34	0.00059	0.00294	2.55	98807	290	493324	5249232	53.13
2012	35-39	0.00081	0.00405	2.72	98517	399	491671	4755908	48.28
2012	40-44	0.00127	0.00631	2.69	98118	619	489157	4264237	43.46
2012	45-49	0.00207	0.01028	2.65	97498	1003	485135	3775079	38.72
2012	50-54	0.00307	0.01522	2.65	96496	1468	479034	3289944	34.09
2012	55-59	0.00463	0.02288	2.63	95027	2174	469993	2810910	29.58
2012	60-64	0.00672	0.03306	2.65	92853	3070	457062	2340917	25.21
2012	65-69	0.01095	0.05342	2.68	89783	4796	437805	1883855	20.98
2012	70-74	0.01736	0.08338	2.65	84987	7086	408258	1446050	17.01
2012	75-79	0.02899	0.13571	2.65	77901	10572	364654	1037792	13.32
2012	80-84	0.05028	0.22469	2.64	67329	15128	300871	673138	10.00
2012	85-89	0.09237	0.37701	2.56	52201	19680	213049	372267	7.13
2012	90-94	0.16604	0.57908	2.39	32521	18832	113422	159217	4.90
2012	95-99	0.27365	0.76646	2.13	13689	10492	38341	45795	3.35
2012	100-104	0.41620	0.89500	1.82	3197	2861	6875	7454	2.33
2012	105-109	0.57491	0.95702	1.51	336	321	559	579	1.73
2012	110+	0.70148	1.00000	1.43	14	14	21	21	1.43
2013	0	0.00465	0.00463	0.07	100000	463	99568	8228686	82.29
2013	1-4	0.00018	0.00071	1.67	99537	71	397984	8129118	81.67
2013	5-9	0.00009	0.00043	2.4	99467	43	497221	7731134	77.73
2013	10-14	0.00010	0.00050	2.73	99423	50	497004	7233914	72.76
2013	15-19	0.00021	0.00107	2.94	99373	106	496649	6736910	67.79
2013	20-24	0.00037	0.00185	2.63	99267	184	495902	6240261	62.86
2013	25-29	0.00049	0.00245	2.58	99083	243	494830	5744359	57.97
2013	30-34	0.00066	0.00327	2.52	98841	323	493401	5249529	53.11
2013	35-39	0.00085	0.00424	2.55	98517	418	491562	4756128	48.28
2013	40-44	0.00132	0.00658	2.68	98099	645	489000	4264566	43.47
2013	45-49	0.00201	0.01001	2.68	97454	976	485001	3775565	38.74
2013	50-54	0.00318	0.01578	2.64	96478	1523	478791	3290565	34.11
2013	55-59	0.00461	0.02278	2.6	94956	2163	469587	2811774	29.61
2013	60-64	0.00674	0.03319	2.64	92793	3080	456683	2342187	25.24
2013	65-69	0.01079	0.05263	2.67	89713	4722	437566	1885504	21.02
2013	70-74	0.01758	0.08440	2.64	84991	7173	407992	1447938	17.04
2013	75-79	0.02867	0.13436	2.66	77818	10456	364667	1039946	13.36
2013	80-84	0.04975	0.22276	2.65	67362	15006	301599	675278	10.02
2013	85-89	0.09155	0.37459	2.57	52356	19612	214218	373680	7.14
2013	90-94	0.16664	0.58025	2.38	32744	19000	114018	159462	4.87
2013	95-99	0.27732	0.77154	2.13	13744	10604	38238	45444	3.31
2013	100-104	0.42343	0.89948	1.8	3140	2824	6670	7206	2.29
2013	105-109	0.58504	0.95953	1.5	316	303	518	536	1.70
2013	110+	0.71276	1.00000	1.4	13	13	18	18	1.40
2014	0	0.00448	0.00446	0.07	100000	446	99583	8247251	82.47
2014	1-4	0.00017	0.00069	1.73	99554	69	398061	8147667	81.84
2014	5-9	0.00008	0.00042	2.5	99486	41	497325	7749606	77.90
2014	10-14	0.00009	0.00044	2.87	99444	44	497128	7252282	72.93
2014	15-19	0.00019	0.00097	2.85	99401	96	496796	6755153	67.96
2014	20-24	0.00037	0.00187	2.62	99305	186	496082	6258357	63.02
2014	25-29	0.00052	0.00262	2.57	99119	260	494965	5762275	58.13
2014	30-34	0.00064	0.00320	2.6	98859	317	493536	5267309	53.28
2014	35-39	0.00087	0.00436	2.57	98542	429	491669	4773773	48.44
2014	40-44	0.00131	0.00652	2.72	98113	639	489107	4282104	43.64
2014	45-49	0.00204	0.01014	2.7	97474	988	485093	3792997	38.91
2014	50-54	0.00313	0.01552	2.65	96485	1497	478905	3307904	34.28
2014	55-59	0.00462	0.02284	2.63	94988	2169	469800	2828999	29.78
2014	60-64	0.00686	0.03374	2.64	92819	3132	456705	2359199	25.42
2014	65-69	0.01056	0.05152	2.64	89687	4621	437525	1902493	21.21
2014	70-74	0.01711	0.08220	2.63	85067	6992	408733	1464968	17.22
2014	75-79	0.02817	0.13209	2.65	78075	10313	366112	1056235	13.53
2014	80-84	0.04857	0.21798	2.65	67762	14771	304145	690124	10.18
2014	85-89	0.08826	0.36343	2.57	52991	19258	218199	385979	7.28
2014	90-94	0.16216	0.57115	2.41	33733	19267	118814	167780	4.97
2014	95-99	0.26952	0.76130	2.14	14466	11013	40862	48966	3.38
2014	100-104	0.41314	0.89339	1.82	3453	3085	7467	8103	2.35
2014	105-109	0.57383	0.95687	1.52	368	352	614	636	1.73
2014	110+	0.70212	1.00000	1.42	16	16	23	23	1.42
2015	0	0.00466	0.00464	0.07	100000	464	99567	8229715	82.30
2015	1-4	0.00019	0.00077	1.58	99536	76	397962	8130148	81.68
2015	5-9	0.00009	0.00043	2.38	99460	43	497188	7732186	77.74
2015	10-14	0.00010	0.00051	2.87	99417	51	496976	7234998	72.77
2015	15-19	0.00021	0.00107	2.8	99366	107	496595	6738023	67.81
2015	20-24	0.00042	0.00210	2.71	99259	208	495821	6241428	62.88
2015	25-29	0.00054	0.00272	2.59	99051	269	494607	5745607	58.01
2015	30-34	0.00070	0.00348	2.64	98782	343	493100	5251000	53.16
2015	35-39	0.00094	0.00470	2.57	98439	463	491071	4757900	48.33
2015	40-44	0.00129	0.00644	2.69	97976	631	488422	4266829	43.55
2015	45-49	0.00206	0.01023	2.68	97345	996	484411	3778406	38.81
2015	50-54	0.00320	0.01588	2.67	96349	1530	478176	3293995	34.19
2015	55-59	0.00466	0.02303	2.64	94819	2184	468938	2815819	29.70
2015	60-64	0.00680	0.03345	2.65	92635	3098	455899	2346881	25.33
2015	65-69	0.01053	0.05139	2.65	89537	4602	436891	1890983	21.12
2015	70-74	0.01736	0.08339	2.65	84935	7082	408015	1454092	17.12
2015	75-79	0.02859	0.13394	2.65	77853	10427	364774	1046077	13.44
2015	80-84	0.04851	0.21754	2.63	67425	14667	302375	681303	10.10
2015	85-89	0.09023	0.37013	2.57	52758	19527	216425	378928	7.18
2015	90-94	0.16558	0.57835	2.39	33230	19219	116072	162504	4.89
2015	95-99	0.27642	0.77057	2.13	14011	10797	39060	46432	3.31
2015	100-104	0.42370	0.89979	1.8	3215	2892	6827	7372	2.29
2015	105-109	0.58671	0.95998	1.5	322	309	527	545	1.69
2015	110+	0.71533	1.00000	1.4	13	13	18	18	1.40
2016	0	0.00443	0.00441	0.07	100000	441	99588	8238569	82.39
2016	1-4	0.00018	0.00071	1.75	99559	71	398076	8138981	81.75
2016	5-9	0.00008	0.00042	2.52	99488	42	497336	7740905	77.81
2016	10-14	0.00009	0.00044	2.79	99446	44	497133	7243569	72.84
2016	15-19	0.00022	0.00110	2.99	99402	109	496792	6746436	67.87
2016	20-24	0.00047	0.00235	2.73	99293	233	495936	6249644	62.94
2016	25-29	0.00064	0.00321	2.57	99060	318	494525	5753708	58.08
2016	30-34	0.00087	0.00433	2.58	98742	428	492672	5259183	53.26
2016	35-39	0.00107	0.00534	2.65	98314	525	490335	4766512	48.48
2016	40-44	0.00133	0.00663	2.59	97789	648	487384	4276177	43.73
2016	45-49	0.00208	0.01034	2.67	97141	1004	483371	3788793	39.00
2016	50-54	0.00325	0.01612	2.61	96137	1550	476985	3305422	34.38
2016	55-59	0.00477	0.02360	2.66	94587	2232	467722	2828437	29.90
2016	60-64	0.00674	0.03317	2.66	92355	3064	454601	2360714	25.56
2016	65-69	0.01057	0.05157	2.7	89291	4605	435845	1906113	21.35
2016	70-74	0.01698	0.08170	2.69	84686	6919	407477	1470269	17.36
2016	75-79	0.02775	0.13022	2.64	77768	10127	364982	1062792	13.67
2016	80-84	0.04737	0.21288	2.62	67641	14400	303999	697810	10.32
2016	85-89	0.08608	0.35616	2.58	53241	18962	220281	393811	7.40
2016	90-94	0.15788	0.55977	2.4	34279	19188	121537	173530	5.06
2016	95-99	0.26371	0.75342	2.16	15090	11369	43113	51993	3.45
2016	100-104	0.40552	0.88866	1.84	3721	3307	8154	8881	2.39
2016	105-109	0.56552	0.95478	1.53	414	396	700	726	1.75
2016	110+	0.69420	1.00000	1.44	19	19	27	27	1.44
2017	0	0.00427	0.00425	0.06	100000	425	99603	8240321	82.40
2017	1-4	0.00015	0.00059	1.65	99575	59	398162	8140719	81.75
2017	5-9	0.00008	0.00042	2.51	99517	42	497478	7742556	77.80
2017	10-14	0.00010	0.00050	2.81	99474	49	497264	7245078	72.83
2017	15-19	0.00021	0.00107	2.87	99425	106	496899	6747814	67.87
2017	20-24	0.00044	0.00221	2.65	99319	220	496079	6250916	62.94
2017	25-29	0.00067	0.00334	2.59	99099	331	494700	5754836	58.07
2017	30-34	0.00086	0.00429	2.63	98769	423	492841	5260136	53.26
2017	35-39	0.00106	0.00528	2.58	98345	519	490471	4767295	48.48
2017	40-44	0.00138	0.00688	2.58	97826	673	487500	4276823	43.72
2017	45-49	0.00203	0.01008	2.65	97153	980	483464	3789324	39.00
2017	50-54	0.00320	0.01588	2.63	96173	1527	477254	3305859	34.37
2017	55-59	0.00476	0.02355	2.64	94646	2228	467970	2828605	29.89
2017	60-64	0.00684	0.03364	2.62	92418	3109	454697	2360635	25.54
2017	65-69	0.01025	0.05004	2.66	89309	4469	436088	1905939	21.34
2017	70-74	0.01726	0.08297	2.67	84840	7039	407812	1469851	17.32
2017	75-79	0.02768	0.12997	2.66	77801	10112	365354	1062039	13.65
2017	80-84	0.04758	0.21371	2.62	67690	14466	304036	696685	10.29
2017	85-89	0.08625	0.35680	2.58	53223	18990	220172	392649	7.38
2017	90-94	0.15879	0.56263	2.41	34233	19261	121294	172477	5.04
2017	95-99	0.26620	0.75692	2.15	14973	11333	42574	51184	3.42
2017	100-104	0.40948	0.89122	1.83	3640	3244	7921	8610	2.37
2017	105-109	0.57052	0.95608	1.52	396	379	664	688	1.74
2017	110+	0.69947	1.00000	1.43	17	17	25	25	1.43
2018	0	0.00416	0.00414	0.06	100000	414	99613	8254719	82.55
2018	1-4	0.00016	0.00065	1.58	99586	65	398187	8155106	81.89
2018	5-9	0.00010	0.00049	2.5	99521	49	497484	7756919	77.94
2018	10-14	0.00011	0.00054	2.49	99472	53	497228	7259435	72.98
2018	15-19	0.00020	0.00100	2.79	99419	100	496875	6762207	68.02
2018	20-24	0.00042	0.00212	2.6	99319	210	496091	6265332	63.08
2018	25-29	0.00064	0.00319	2.71	99109	316	494821	5769240	58.21
2018	30-34	0.00086	0.00430	2.56	98793	425	492930	5274419	53.39
2018	35-39	0.00105	0.00523	2.57	98369	515	490591	4781489	48.61
2018	40-44	0.00137	0.00681	2.62	97854	666	487686	4290898	43.85
2018	45-49	0.00199	0.00988	2.61	97187	960	483643	3803213	39.13
2018	50-54	0.00303	0.01505	2.66	96227	1448	477742	3319569	34.50
2018	55-59	0.00470	0.02322	2.63	94779	2201	468691	2841828	29.98
2018	60-64	0.00684	0.03367	2.62	92579	3117	455476	2373137	25.63
2018	65-69	0.01006	0.04911	2.64	89461	4394	436924	1917661	21.44
2018	70-74	0.01671	0.08042	2.67	85068	6841	409428	1480737	17.41
2018	75-79	0.02785	0.13065	2.63	78226	10220	366935	1071308	13.70
2018	80-84	0.04718	0.21216	2.63	68006	14428	305823	704373	10.36
2018	85-89	0.08536	0.35405	2.59	53578	18969	222219	398551	7.44
2018	90-94	0.15613	0.55636	2.42	34609	19255	123326	176332	5.09
2018	95-99	0.26302	0.75253	2.16	15354	11554	43929	53006	3.45
2018	100-104	0.40509	0.88843	1.84	3800	3376	8333	9077	2.39
2018	105-109	0.56552	0.95481	1.53	424	405	716	743	1.75
2018	110+	0.69455	1.00000	1.44	19	19	28	28	1.44
2019	0	0.00397	0.00396	0.06	100000	396	99630	8276053	82.76
2019	1-4	0.00016	0.00063	1.69	99604	63	398270	8176423	82.09
2019	5-9	0.00010	0.00048	2.4	99541	48	497581	7778153	78.14
2019	10-14	0.00011	0.00053	2.75	99493	52	497349	7280572	73.18
2019	15-19	0.00020	0.00100	2.95	99441	100	497001	6783222	68.21
2019	20-24	0.00041	0.00204	2.7	99342	202	496243	6286221	63.28
2019	25-29	0.00061	0.00304	2.63	99139	301	494982	5789978	58.40
2019	30-34	0.00084	0.00418	2.6	98838	413	493197	5294996	53.57
2019	35-39	0.00108	0.00538	2.57	98425	530	490838	4801798	48.79
2019	40-44	0.00132	0.00659	2.53	97895	645	487885	4310960	44.04
2019	45-49	0.00199	0.00988	2.67	97250	961	484015	3823076	39.31
2019	50-54	0.00308	0.01527	2.67	96289	1470	478015	3339061	34.68
2019	55-59	0.00459	0.02272	2.63	94819	2154	468995	2861045	30.17
2019	60-64	0.00686	0.03373	2.62	92665	3126	455893	2392050	25.81
2019	65-69	0.01000	0.04887	2.67	89539	4376	437484	1936158	21.62
2019	70-74	0.01621	0.07809	2.67	85163	6650	410312	1498674	17.60
2019	75-79	0.02702	0.12695	2.63	78513	9967	368926	1088363	13.86
2019	80-84	0.04680	0.21057	2.62	68546	14434	308438	719436	10.50
2019	85-89	0.08267	0.34501	2.6	54112	18669	225815	410999	7.60
2019	90-94	0.15150	0.54516	2.43	35443	19322	127540	185183	5.22
2019	95-99	0.25214	0.73668	2.18	16121	11876	47101	57644	3.58
2019	100-104	0.38809	0.87680	1.87	4245	3722	9590	10542	2.48
2019	105-109	0.54417	0.94882	1.57	523	496	912	952	1.82
2019	110+	0.67190	1.00000	1.49	27	27	40	40	1.49
