Reg1: , Lifetables (period 5x5), Females Last modified: 20 Dec 2020, MPv5 (May07) 

Year     	Age	mx	qx	ax	lx	dx	Lx	Tx	ex
1960-1964	0	0.02057	0.02020	0.11	100000	2020	98204	7332683	73.33
1960-1964	1-4	0.00076	0.00305	1.62	97980	299	391208	7234479	73.84
1960-1964	5-9	0.00035	0.00177	2.27	97681	173	487934	6843271	70.06
1960-1964	10-14	0.00027	0.00134	2.6	97508	131	487226	6355337	65.18
1960-1964	15-19	0.00044	0.00217	2.67	97377	212	486393	5868111	60.26
1960-1964	20-24	0.00060	0.00299	2.59	97165	291	485126	5381718	55.39
1960-1964	25-29	0.00081	0.00403	2.63	96875	391	483447	4896593	50.55
1960-1964	30-34	0.00113	0.00566	2.62	96484	546	481120	4413146	45.74
1960-1964	35-39	0.00171	0.00852	2.68	95938	818	477793	3932026	40.99
1960-1964	40-44	0.00264	0.01311	2.66	95120	1247	472682	3454233	36.31
1960-1964	45-49	0.00421	0.02085	2.66	93873	1957	464793	2981552	31.76
1960-1964	50-54	0.00646	0.03183	2.63	91916	2926	452649	2516759	27.38
1960-1964	55-59	0.00967	0.04728	2.65	88990	4208	435059	2064110	23.19
1960-1964	60-64	0.01515	0.07317	2.66	84782	6204	409375	1629051	19.21
1960-1964	65-69	0.02440	0.11534	2.63	78579	9063	371375	1219676	15.52
1960-1964	70-74	0.03993	0.18223	2.61	69515	12667	317272	848301	12.20
1960-1964	75-79	0.06373	0.27565	2.55	56848	15670	245890	531029	9.34
1960-1964	80-84	0.10432	0.41303	2.48	41178	17008	163043	285138	6.92
1960-1964	85-89	0.16517	0.57305	2.33	24170	13851	83856	122096	5.05
1960-1964	90-94	0.24527	0.72214	2.15	10319	7452	30383	38240	3.71
1960-1964	95-99	0.34953	0.84312	1.93	2867	2418	6916	7856	2.74
1960-1964	100-104	0.47030	0.91966	1.69	450	414	880	940	2.09
1960-1964	105-109	0.59527	0.95997	1.47	36	35	58	60	1.67
1960-1964	110+	0.69356	1.00000	1.44	1	1	2	2	1.44
1965-1969	0	0.01891	0.01859	0.11	100000	1859	98338	7385561	73.86
1965-1969	1-4	0.00071	0.00282	1.65	98141	276	391913	7287224	74.25
1965-1969	5-9	0.00032	0.00161	2.29	97864	158	488894	6895310	70.46
1965-1969	10-14	0.00026	0.00131	2.6	97707	128	488226	6406416	65.57
1965-1969	15-19	0.00047	0.00237	2.7	97579	231	487363	5918190	60.65
1965-1969	20-24	0.00063	0.00314	2.57	97347	306	485993	5430827	55.79
1965-1969	25-29	0.00079	0.00392	2.6	97041	380	484294	4944834	50.96
1965-1969	30-34	0.00115	0.00576	2.65	96661	556	482001	4460540	46.15
1965-1969	35-39	0.00174	0.00867	2.66	96105	834	478575	3978539	41.40
1965-1969	40-44	0.00268	0.01329	2.66	95271	1266	473394	3499964	36.74
1965-1969	45-49	0.00419	0.02074	2.67	94005	1949	465477	3026570	32.20
1965-1969	50-54	0.00639	0.03150	2.65	92055	2899	453453	2561093	27.82
1965-1969	55-59	0.00945	0.04624	2.65	89156	4123	436072	2107640	23.64
1965-1969	60-64	0.01430	0.06915	2.63	85033	5880	411240	1671568	19.66
1965-1969	65-69	0.02285	0.10839	2.63	79153	8579	375474	1260328	15.92
1965-1969	70-74	0.03738	0.17170	2.63	70574	12118	324154	884854	12.54
1965-1969	75-79	0.06099	0.26541	2.56	58456	15515	254373	560700	9.59
1965-1969	80-84	0.09937	0.39774	2.49	42942	17080	171877	306327	7.13
1965-1969	85-89	0.15851	0.55765	2.34	25862	14422	90985	134450	5.20
1965-1969	90-94	0.23785	0.71104	2.17	11440	8134	34200	43465	3.80
1965-1969	95-99	0.34058	0.83531	1.95	3306	2761	8108	9265	2.80
1965-1969	100-104	0.46146	0.91571	1.71	544	499	1080	1158	2.13
1965-1969	105-109	0.58763	0.95828	1.48	46	44	75	78	1.69
1965-1969	110+	0.68735	1.00000	1.45	2	2	3	3	1.45
1970-1974	0	0.01523	0.01503	0.1	100000	1503	98641	7509117	75.09
1970-1974	1-4	0.00061	0.00242	1.65	98497	239	393428	7410476	75.24
1970-1974	5-9	0.00031	0.00153	2.28	98259	151	490884	7017048	71.41
1970-1974	10-14	0.00026	0.00131	2.71	98108	129	490246	6526164	66.52
1970-1974	15-19	0.00051	0.00256	2.74	97980	251	489331	6035918	61.60
1970-1974	20-24	0.00064	0.00321	2.51	97729	313	487866	5546586	56.75
1970-1974	25-29	0.00076	0.00379	2.59	97416	369	486188	5058721	51.93
1970-1974	30-34	0.00104	0.00520	2.66	97046	505	484052	4572533	47.12
1970-1974	35-39	0.00159	0.00792	2.67	96541	765	480923	4088481	42.35
1970-1974	40-44	0.00252	0.01251	2.68	95776	1198	476103	3607558	37.67
1970-1974	45-49	0.00394	0.01952	2.67	94578	1846	468588	3131454	33.11
1970-1974	50-54	0.00580	0.02860	2.66	92732	2652	457453	2662867	28.72
1970-1974	55-59	0.00877	0.04296	2.64	90080	3870	441271	2205413	24.48
1970-1974	60-64	0.01329	0.06442	2.62	86210	5553	417851	1764142	20.46
1970-1974	65-69	0.02056	0.09803	2.63	80657	7907	384507	1346291	16.69
1970-1974	70-74	0.03360	0.15562	2.64	72750	11322	336992	961784	13.22
1970-1974	75-79	0.05541	0.24437	2.59	61428	15011	270917	624792	10.17
1970-1974	80-84	0.08937	0.36574	2.52	46417	16977	189961	353875	7.62
1970-1974	85-89	0.14392	0.52250	2.38	29440	15383	106882	163915	5.57
1970-1974	90-94	0.21915	0.68100	2.22	14058	9573	43683	57033	4.06
1970-1974	95-99	0.31782	0.81347	2	4484	3648	11478	13350	2.98
1970-1974	100-104	0.43688	0.90345	1.75	836	756	1730	1872	2.24
1970-1974	105-109	0.56411	0.95248	1.52	81	77	136	142	1.76
1970-1974	110+	0.66618	1.00000	1.5	4	4	6	6	1.50
1975-1979	0	0.01255	0.01241	0.09	100000	1241	98868	7692675	76.93
1975-1979	1-4	0.00049	0.00194	1.66	98759	192	394585	7593807	76.89
1975-1979	5-9	0.00025	0.00126	2.3	98567	124	492498	7199222	73.04
1975-1979	10-14	0.00022	0.00108	2.66	98443	107	491963	6706724	68.13
1975-1979	15-19	0.00044	0.00221	2.71	98336	218	491181	6214760	63.20
1975-1979	20-24	0.00054	0.00272	2.53	98118	267	489933	5723579	58.33
1975-1979	25-29	0.00064	0.00319	2.57	97851	312	488498	5233647	53.49
1975-1979	30-34	0.00082	0.00408	2.66	97539	397	486764	4745148	48.65
1975-1979	35-39	0.00126	0.00627	2.66	97142	609	484287	4258384	43.84
1975-1979	40-44	0.00209	0.01039	2.7	96533	1003	480353	3774098	39.10
1975-1979	45-49	0.00338	0.01677	2.67	95530	1603	473916	3293744	34.48
1975-1979	50-54	0.00513	0.02536	2.65	93927	2382	464049	2819828	30.02
1975-1979	55-59	0.00780	0.03830	2.66	91545	3506	449513	2355779	25.73
1975-1979	60-64	0.01210	0.05885	2.65	88039	5181	428026	1906266	21.65
1975-1979	65-69	0.01807	0.08662	2.63	82859	7177	397265	1478240	17.84
1975-1979	70-74	0.02838	0.13295	2.63	75682	10061	354524	1080975	14.28
1975-1979	75-79	0.04646	0.20895	2.59	65620	13711	295111	726451	11.07
1975-1979	80-84	0.07799	0.32733	2.55	51909	16991	217871	431340	8.31
1975-1979	85-89	0.12562	0.47444	2.42	34918	16566	131878	213468	6.11
1975-1979	90-94	0.19499	0.63654	2.27	18351	11681	59908	81590	4.45
1975-1979	95-99	0.28683	0.77895	2.07	6670	5196	18114	21682	3.25
1975-1979	100-104	0.40121	0.88231	1.83	1474	1301	3242	3568	2.42
1975-1979	105-109	0.52760	0.94175	1.59	174	163	310	326	1.88
1975-1979	110+	0.63121	1.00000	1.58	10	10	16	16	1.58
1980-1984	0	0.01022	0.01013	0.08	100000	1013	99070	7772332	77.72
1980-1984	1-4	0.00044	0.00174	1.6	98987	173	395535	7673262	77.52
1980-1984	5-9	0.00020	0.00101	2.28	98815	100	493802	7277728	73.65
1980-1984	10-14	0.00020	0.00099	2.66	98715	98	493346	6783926	68.72
1980-1984	15-19	0.00039	0.00193	2.72	98617	190	492651	6290580	63.79
1980-1984	20-24	0.00050	0.00249	2.56	98427	245	491534	5797929	58.91
1980-1984	25-29	0.00060	0.00297	2.58	98181	292	490199	5306395	54.05
1980-1984	30-34	0.00076	0.00382	2.64	97889	374	488565	4816196	49.20
1980-1984	35-39	0.00111	0.00553	2.67	97516	539	486324	4327631	44.38
1980-1984	40-44	0.00182	0.00906	2.68	96976	878	482844	3841307	39.61
1980-1984	45-49	0.00301	0.01496	2.68	96098	1437	477159	3358464	34.95
1980-1984	50-54	0.00482	0.02382	2.65	94661	2255	468010	2881304	30.44
1980-1984	55-59	0.00745	0.03662	2.67	92406	3384	454136	2413295	26.12
1980-1984	60-64	0.01162	0.05655	2.66	89022	5034	433325	1959159	22.01
1980-1984	65-69	0.01769	0.08487	2.63	83988	7128	403047	1525833	18.17
1980-1984	70-74	0.02752	0.12918	2.63	76860	9929	360726	1122787	14.61
1980-1984	75-79	0.04306	0.19511	2.6	66931	13059	303261	762061	11.39
1980-1984	80-84	0.07434	0.31462	2.56	53872	16949	227999	458801	8.52
1980-1984	85-89	0.12095	0.46175	2.44	36923	17049	140963	230802	6.25
1980-1984	90-94	0.19039	0.62754	2.28	19874	12472	65506	89839	4.52
1980-1984	95-99	0.28276	0.77429	2.08	7402	5731	20269	24333	3.29
1980-1984	100-104	0.39887	0.88104	1.83	1671	1472	3690	4063	2.43
1980-1984	105-109	0.52771	0.94196	1.59	199	187	355	373	1.88
1980-1984	110+	0.63342	1.00000	1.58	12	12	18	18	1.58
1985-1989	0	0.00921	0.00913	0.08	100000	913	99159	7813895	78.14
1985-1989	1-4	0.00040	0.00160	1.64	99087	159	395973	7714736	77.86
1985-1989	5-9	0.00018	0.00092	2.33	98928	91	494397	7318764	73.98
1985-1989	10-14	0.00018	0.00089	2.73	98837	88	493985	6824367	69.05
1985-1989	15-19	0.00038	0.00189	2.71	98749	186	493317	6330382	64.11
1985-1989	20-24	0.00047	0.00237	2.61	98562	233	492255	5837065	59.22
1985-1989	25-29	0.00064	0.00318	2.62	98329	313	490901	5344810	54.36
1985-1989	30-34	0.00092	0.00460	2.62	98017	451	489010	4853909	49.52
1985-1989	35-39	0.00120	0.00598	2.59	97566	584	486425	4364899	44.74
1985-1989	40-44	0.00171	0.00851	2.66	96982	825	482982	3878474	39.99
1985-1989	45-49	0.00279	0.01384	2.67	96157	1331	477690	3395493	35.31
1985-1989	50-54	0.00460	0.02273	2.67	94826	2156	469107	2917803	30.77
1985-1989	55-59	0.00705	0.03467	2.67	92670	3213	455870	2448695	26.42
1985-1989	60-64	0.01118	0.05446	2.65	89457	4872	435823	1992825	22.28
1985-1989	65-69	0.01716	0.08243	2.63	84586	6973	406427	1557002	18.41
1985-1989	70-74	0.02678	0.12586	2.62	77613	9768	364773	1150575	14.82
1985-1989	75-79	0.04145	0.18853	2.6	67845	12791	308543	785802	11.58
1985-1989	80-84	0.07063	0.30139	2.57	55054	16593	234915	477259	8.67
1985-1989	85-89	0.11812	0.45440	2.46	38461	17477	147954	242345	6.30
1985-1989	90-94	0.19016	0.62823	2.3	20985	13183	69325	94391	4.50
1985-1989	95-99	0.28972	0.78363	2.07	7801	6113	21101	25066	3.21
1985-1989	100-104	0.41402	0.89140	1.81	1688	1505	3634	3964	2.35
1985-1989	105-109	0.55066	0.94939	1.55	183	174	316	330	1.80
1985-1989	110+	0.66139	1.00000	1.51	9	9	14	14	1.51
1990-1994	0	0.00783	0.00777	0.07	100000	777	99281	7897909	78.98
1990-1994	1-4	0.00035	0.00139	1.57	99223	138	396558	7798627	78.60
1990-1994	5-9	0.00016	0.00081	2.4	99085	80	495218	7402070	74.70
1990-1994	10-14	0.00015	0.00077	2.76	99005	76	494855	6906852	69.76
1990-1994	15-19	0.00035	0.00173	2.62	98929	171	494238	6411997	64.81
1990-1994	20-24	0.00044	0.00221	2.62	98758	218	493271	5917760	59.92
1990-1994	25-29	0.00064	0.00318	2.65	98540	314	491963	5424488	55.05
1990-1994	30-34	0.00095	0.00472	2.65	98226	464	490040	4932525	50.22
1990-1994	35-39	0.00132	0.00657	2.62	97762	642	487282	4442485	45.44
1990-1994	40-44	0.00175	0.00870	2.6	97120	845	483578	3955203	40.72
1990-1994	45-49	0.00263	0.01305	2.67	96276	1256	478455	3471625	36.06
1990-1994	50-54	0.00412	0.02041	2.67	95019	1939	470572	2993170	31.50
1990-1994	55-59	0.00659	0.03247	2.68	93080	3022	458382	2522597	27.10
1990-1994	60-64	0.01029	0.05024	2.64	90058	4525	439604	2064215	22.92
1990-1994	65-69	0.01594	0.07679	2.63	85534	6568	412097	1624611	18.99
1990-1994	70-74	0.02479	0.11707	2.63	78965	9245	372936	1212515	15.36
1990-1994	75-79	0.03852	0.17627	2.6	69721	12290	319066	839579	12.04
1990-1994	80-84	0.06524	0.28157	2.57	57431	16171	247882	520513	9.06
1990-1994	85-89	0.10878	0.42723	2.49	41260	17627	162046	272631	6.61
1990-1994	90-94	0.18047	0.60933	2.34	23633	14400	79793	110585	4.68
1990-1994	95-99	0.27686	0.76804	2.1	9233	7091	25612	30793	3.34
1990-1994	100-104	0.40070	0.88324	1.83	2142	1892	4721	5180	2.42
1990-1994	105-109	0.53888	0.94608	1.57	250	237	439	460	1.84
1990-1994	110+	0.65181	1.00000	1.53	13	13	21	21	1.53
1995-1999	0	0.00638	0.00635	0.07	100000	635	99410	7962648	79.63
1995-1999	1-4	0.00027	0.00108	1.64	99365	107	397209	7863238	79.13
1995-1999	5-9	0.00013	0.00067	2.41	99259	66	496121	7466029	75.22
1995-1999	10-14	0.00014	0.00070	2.76	99192	69	495807	6969908	70.27
1995-1999	15-19	0.00032	0.00158	2.7	99123	157	495255	6474101	65.31
1995-1999	20-24	0.00039	0.00196	2.58	98966	194	494360	5978846	60.41
1995-1999	25-29	0.00050	0.00249	2.68	98772	245	493289	5484486	55.53
1995-1999	30-34	0.00079	0.00395	2.65	98526	389	491716	4991197	50.66
1995-1999	35-39	0.00115	0.00576	2.65	98137	565	489357	4499481	45.85
1995-1999	40-44	0.00167	0.00830	2.64	97572	810	485952	4010124	41.10
1995-1999	45-49	0.00241	0.01199	2.66	96762	1160	481093	3524172	36.42
1995-1999	50-54	0.00378	0.01874	2.68	95602	1791	473852	3043079	31.83
1995-1999	55-59	0.00604	0.02980	2.67	93811	2795	462536	2569226	27.39
1995-1999	60-64	0.00962	0.04706	2.66	91016	4283	445062	2106690	23.15
1995-1999	65-69	0.01512	0.07301	2.65	86732	6332	418769	1661628	19.16
1995-1999	70-74	0.02352	0.11138	2.63	80400	8955	380751	1242859	15.46
1995-1999	75-79	0.03729	0.17132	2.63	71445	12240	328206	862108	12.07
1995-1999	80-84	0.06485	0.28026	2.58	59205	16593	255858	533902	9.02
1995-1999	85-89	0.10982	0.43047	2.49	42613	18343	167038	278044	6.52
1995-1999	90-94	0.18477	0.61895	2.33	24269	15021	81299	111006	4.57
1995-1999	95-99	0.28897	0.78371	2.08	9248	7248	25081	29707	3.21
1995-1999	100-104	0.42058	0.89608	1.8	2000	1792	4262	4627	2.31
1995-1999	105-109	0.56502	0.95373	1.53	208	198	351	365	1.76
1995-1999	110+	0.68101	1.00000	1.47	10	10	14	14	1.47
2000-2004	0	0.00559	0.00556	0.07	100000	556	99482	8027319	80.27
2000-2004	1-4	0.00021	0.00084	1.66	99444	84	397579	7927837	79.72
2000-2004	5-9	0.00011	0.00056	2.45	99360	56	496657	7530258	75.79
2000-2004	10-14	0.00013	0.00064	2.63	99304	63	496370	7033601	70.83
2000-2004	15-19	0.00029	0.00143	2.78	99241	142	495887	6537231	65.87
2000-2004	20-24	0.00040	0.00202	2.54	99098	200	495000	6041344	60.96
2000-2004	25-29	0.00046	0.00232	2.6	98899	229	493941	5546344	56.08
2000-2004	30-34	0.00065	0.00323	2.66	98669	319	492599	5052402	51.21
2000-2004	35-39	0.00105	0.00522	2.7	98350	513	490568	4559804	46.36
2000-2004	40-44	0.00159	0.00794	2.66	97837	777	487365	4069236	41.59
2000-2004	45-49	0.00239	0.01187	2.64	97060	1152	482584	3581871	36.90
2000-2004	50-54	0.00348	0.01728	2.67	95908	1658	475679	3099287	32.32
2000-2004	55-59	0.00552	0.02723	2.69	94250	2566	465313	2623609	27.84
2000-2004	60-64	0.00883	0.04327	2.66	91684	3968	449126	2158296	23.54
2000-2004	65-69	0.01374	0.06657	2.65	87717	5839	424868	1709169	19.49
2000-2004	70-74	0.02167	0.10307	2.64	81877	8439	389500	1284301	15.69
2000-2004	75-79	0.03518	0.16233	2.63	73439	11922	338879	894801	12.18
2000-2004	80-84	0.06299	0.27355	2.6	61517	16828	267152	555922	9.04
2000-2004	85-89	0.11047	0.43288	2.5	44689	19345	175114	288770	6.46
2000-2004	90-94	0.18846	0.62689	2.33	25344	15888	84302	113656	4.48
2000-2004	95-99	0.30035	0.79774	2.06	9456	7544	25116	29354	3.10
2000-2004	100-104	0.44049	0.90769	1.76	1913	1736	3941	4238	2.22
2000-2004	105-109	0.59162	0.96047	1.48	177	170	287	296	1.68
2000-2004	110+	0.71043	1.00000	1.41	7	7	10	10	1.41
2005-2009	0	0.00553	0.00550	0.07	100000	550	99488	8136212	81.36
2005-2009	1-4	0.00019	0.00077	1.65	99450	76	397621	8036724	80.81
2005-2009	5-9	0.00009	0.00046	2.39	99374	46	496749	7639103	76.87
2005-2009	10-14	0.00011	0.00053	2.68	99328	53	496517	7142354	71.91
2005-2009	15-19	0.00026	0.00129	2.86	99275	128	496100	6645837	66.94
2005-2009	20-24	0.00039	0.00197	2.59	99147	195	495262	6149738	62.03
2005-2009	25-29	0.00045	0.00226	2.54	98951	224	494205	5654475	57.14
2005-2009	30-34	0.00058	0.00291	2.63	98727	287	492955	5160270	52.27
2005-2009	35-39	0.00088	0.00442	2.68	98440	435	491190	4667315	47.41
2005-2009	40-44	0.00143	0.00713	2.69	98005	699	488411	4176125	42.61
2005-2009	45-49	0.00224	0.01115	2.67	97307	1085	484005	3687714	37.90
2005-2009	50-54	0.00329	0.01635	2.63	96222	1573	477383	3203709	33.30
2005-2009	55-59	0.00481	0.02379	2.65	94649	2251	467959	2726326	28.80
2005-2009	60-64	0.00771	0.03789	2.67	92397	3501	453836	2258367	24.44
2005-2009	65-69	0.01207	0.05870	2.66	88896	5218	432267	1804531	20.30
2005-2009	70-74	0.01938	0.09267	2.65	83678	7755	400140	1372265	16.40
2005-2009	75-79	0.03162	0.14709	2.63	75923	11167	353189	972124	12.80
2005-2009	80-84	0.05550	0.24512	2.62	64756	15873	286023	618936	9.56
2005-2009	85-89	0.10059	0.40312	2.54	48883	19706	195895	332912	6.81
2005-2009	90-94	0.17620	0.60094	2.36	29177	17534	99511	137017	4.70
2005-2009	95-99	0.28684	0.78263	2.1	11644	9113	31768	37507	3.22
2005-2009	100-104	0.42938	0.90224	1.79	2531	2284	5318	5738	2.27
2005-2009	105-109	0.58542	0.95933	1.5	247	237	405	420	1.70
2005-2009	110+	0.70872	1.00000	1.41	10	10	14	14	1.41
2010-2014	0	0.00479	0.00477	0.07	100000	477	99555	8222731	82.23
2010-2014	1-4	0.00017	0.00069	1.63	99523	69	397928	8123176	81.62
2010-2014	5-9	0.00009	0.00043	2.41	99454	43	497159	7725248	77.68
2010-2014	10-14	0.00009	0.00047	2.73	99411	47	496950	7228089	72.71
2010-2014	15-19	0.00020	0.00101	2.83	99365	100	496606	6731139	67.74
2010-2014	20-24	0.00039	0.00194	2.62	99265	193	495864	6234533	62.81
2010-2014	25-29	0.00049	0.00242	2.6	99072	240	494784	5738669	57.92
2010-2014	30-34	0.00061	0.00306	2.58	98832	303	493427	5243885	53.06
2010-2014	35-39	0.00083	0.00415	2.62	98529	409	491673	4750458	48.21
2010-2014	40-44	0.00131	0.00651	2.69	98120	639	489124	4258785	43.40
2010-2014	45-49	0.00205	0.01022	2.68	97481	996	485092	3769660	38.67
2010-2014	50-54	0.00313	0.01555	2.64	96485	1501	478888	3284569	34.04
2010-2014	55-59	0.00462	0.02284	2.63	94984	2169	469785	2805681	29.54
2010-2014	60-64	0.00690	0.03397	2.67	92815	3153	456734	2335895	25.17
2010-2014	65-69	0.01100	0.05361	2.67	89662	4806	437098	1879161	20.96
2010-2014	70-74	0.01760	0.08449	2.64	84856	7169	407390	1442063	16.99
2010-2014	75-79	0.02901	0.13580	2.65	77687	10550	363648	1034674	13.32
2010-2014	80-84	0.05038	0.22516	2.64	67137	15117	300037	671026	9.99
2010-2014	85-89	0.09199	0.37573	2.56	52020	19546	212478	370989	7.13
2010-2014	90-94	0.16661	0.58048	2.39	32475	18851	113146	158511	4.88
2010-2014	95-99	0.27513	0.76848	2.13	13624	10470	38053	45365	3.33
2010-2014	100-104	0.41882	0.89663	1.81	3154	2828	6753	7312	2.32
2010-2014	105-109	0.57840	0.95789	1.51	326	312	540	559	1.72
2010-2014	110+	0.70528	1.00000	1.42	14	14	19	19	1.42
2015-2019	0	0.00430	0.00428	0.07	100000	428	99600	8247692	82.48
2015-2019	1-4	0.00017	0.00067	1.65	99572	67	398130	8148093	81.83
2015-2019	5-9	0.00009	0.00045	2.46	99505	45	497411	7749963	77.89
2015-2019	10-14	0.00010	0.00050	2.74	99460	50	497188	7252552	72.92
2015-2019	15-19	0.00021	0.00105	2.88	99410	104	496830	6755364	67.95
2015-2019	20-24	0.00043	0.00216	2.68	99306	215	496032	6258533	63.02
2015-2019	25-29	0.00062	0.00310	2.62	99091	307	494724	5762501	58.15
2015-2019	30-34	0.00082	0.00412	2.6	98784	407	492944	5267777	53.33
2015-2019	35-39	0.00104	0.00519	2.59	98377	510	490657	4774832	48.54
2015-2019	40-44	0.00134	0.00667	2.6	97867	653	487770	4284176	43.78
2015-2019	45-49	0.00203	0.01009	2.66	97214	981	483774	3796406	39.05
2015-2019	50-54	0.00315	0.01565	2.65	96234	1506	477623	3312632	34.42
2015-2019	55-59	0.00470	0.02322	2.64	94727	2200	468449	2835008	29.93
2015-2019	60-64	0.00681	0.03353	2.63	92528	3103	455299	2366559	25.58
2015-2019	65-69	0.01028	0.05019	2.66	89425	4489	436635	1911260	21.37
2015-2019	70-74	0.01690	0.08129	2.67	84936	6904	408605	1474625	17.36
2015-2019	75-79	0.02776	0.13028	2.64	78032	10166	366200	1066020	13.66
2015-2019	80-84	0.04749	0.21338	2.63	67865	14481	304953	699820	10.31
2015-2019	85-89	0.08613	0.35651	2.59	53385	19032	220967	394868	7.40
2015-2019	90-94	0.15790	0.56036	2.41	34352	19250	121914	173901	5.06
2015-2019	95-99	0.26402	0.75384	2.15	15103	11385	43122	51987	3.44
2015-2019	100-104	0.40594	0.88892	1.84	3718	3305	8141	8865	2.38
2015-2019	105-109	0.56599	0.95490	1.53	413	394	697	724	1.75
2015-2019	110+	0.69466	1.00000	1.44	19	19	27	27	1.44
