Reg1: , Lifetables (period 1x10), Both sexes Last modified: 20 Dec 2020, MPv5 (May07) 

Year     	Age	mx	qx	ax	lx	dx	Lx	Tx	ex
1960-1969	0	0.02290	0.02244	0.11	100000	2244	98007	7022998	70.23
1960-1969	1	0.00123	0.00123	0.5	97756	121	97696	6924991	70.84
1960-1969	2	0.00081	0.00081	0.5	97635	79	97596	6827296	69.93
1960-1969	3	0.00065	0.00065	0.5	97556	63	97524	6729700	68.98
1960-1969	4	0.00056	0.00056	0.5	97493	54	97466	6632176	68.03
1960-1969	5	0.00050	0.00050	0.5	97439	48	97414	6534710	67.06
1960-1969	6	0.00045	0.00045	0.5	97390	44	97368	6437296	66.10
1960-1969	7	0.00040	0.00040	0.5	97347	39	97327	6339928	65.13
1960-1969	8	0.00036	0.00036	0.5	97307	35	97290	6242601	64.15
1960-1969	9	0.00033	0.00033	0.5	97273	32	97257	6145311	63.18
1960-1969	10	0.00031	0.00031	0.5	97240	30	97225	6048054	62.20
1960-1969	11	0.00032	0.00032	0.5	97210	31	97195	5950829	61.22
1960-1969	12	0.00033	0.00033	0.5	97179	32	97163	5853634	60.24
1960-1969	13	0.00038	0.00038	0.5	97147	37	97129	5756471	59.26
1960-1969	14	0.00043	0.00043	0.5	97110	42	97090	5659343	58.28
1960-1969	15	0.00053	0.00053	0.5	97069	51	97043	5562253	57.30
1960-1969	16	0.00066	0.00066	0.5	97018	64	96986	5465210	56.33
1960-1969	17	0.00081	0.00081	0.5	96954	79	96914	5368224	55.37
1960-1969	18	0.00098	0.00098	0.5	96875	95	96828	5271310	54.41
1960-1969	19	0.00106	0.00106	0.5	96780	102	96729	5174482	53.47
1960-1969	20	0.00105	0.00105	0.5	96678	101	96627	5077753	52.52
1960-1969	21	0.00112	0.00112	0.5	96576	109	96522	4981126	51.58
1960-1969	22	0.00112	0.00112	0.5	96468	108	96414	4884604	50.63
1960-1969	23	0.00109	0.00109	0.5	96360	105	96307	4788190	49.69
1960-1969	24	0.00110	0.00110	0.5	96255	106	96202	4691883	48.74
1960-1969	25	0.00113	0.00113	0.5	96149	108	96095	4595681	47.80
1960-1969	26	0.00112	0.00112	0.5	96041	107	95987	4499586	46.85
1960-1969	27	0.00117	0.00117	0.5	95933	112	95877	4403599	45.90
1960-1969	28	0.00122	0.00122	0.5	95821	116	95763	4307722	44.96
1960-1969	29	0.00124	0.00124	0.5	95705	119	95645	4211959	44.01
1960-1969	30	0.00134	0.00134	0.5	95586	128	95522	4116314	43.06
1960-1969	31	0.00139	0.00139	0.5	95458	133	95392	4020792	42.12
1960-1969	32	0.00147	0.00147	0.5	95325	140	95255	3925401	41.18
1960-1969	33	0.00156	0.00156	0.5	95185	148	95111	3830146	40.24
1960-1969	34	0.00170	0.00170	0.5	95037	162	94956	3735034	39.30
1960-1969	35	0.00189	0.00189	0.5	94875	179	94786	3640078	38.37
1960-1969	36	0.00198	0.00198	0.5	94696	188	94602	3545293	37.44
1960-1969	37	0.00219	0.00219	0.5	94508	207	94405	3450690	36.51
1960-1969	38	0.00244	0.00244	0.5	94301	230	94186	3356285	35.59
1960-1969	39	0.00264	0.00263	0.5	94071	248	93947	3262099	34.68
1960-1969	40	0.00293	0.00293	0.5	93823	275	93686	3168152	33.77
1960-1969	41	0.00310	0.00310	0.5	93549	290	93404	3074466	32.86
1960-1969	42	0.00356	0.00355	0.5	93259	331	93093	2981062	31.97
1960-1969	43	0.00380	0.00379	0.5	92928	352	92752	2887969	31.08
1960-1969	44	0.00411	0.00411	0.5	92575	380	92385	2795217	30.19
1960-1969	45	0.00467	0.00466	0.5	92195	430	91980	2702832	29.32
1960-1969	46	0.00506	0.00505	0.5	91765	463	91534	2610851	28.45
1960-1969	47	0.00565	0.00564	0.5	91302	515	91045	2519317	27.59
1960-1969	48	0.00618	0.00616	0.5	90788	559	90508	2428272	26.75
1960-1969	49	0.00679	0.00677	0.5	90229	611	89923	2337764	25.91
1960-1969	50	0.00771	0.00768	0.5	89618	688	89274	2247841	25.08
1960-1969	51	0.00815	0.00812	0.5	88930	722	88569	2158567	24.27
1960-1969	52	0.00921	0.00917	0.5	88208	809	87803	2069998	23.47
1960-1969	53	0.00996	0.00991	0.5	87399	867	86966	1982195	22.68
1960-1969	54	0.01089	0.01083	0.5	86532	937	86064	1895229	21.90
1960-1969	55	0.01176	0.01169	0.5	85596	1001	85095	1809165	21.14
1960-1969	56	0.01284	0.01276	0.5	84595	1079	84055	1724070	20.38
1960-1969	57	0.01404	0.01394	0.5	83516	1164	82934	1640015	19.64
1960-1969	58	0.01541	0.01530	0.5	82352	1260	81722	1557081	18.91
1960-1969	59	0.01667	0.01653	0.5	81092	1341	80422	1475359	18.19
1960-1969	60	0.01828	0.01811	0.5	79751	1444	79029	1394938	17.49
1960-1969	61	0.01933	0.01914	0.5	78307	1499	77557	1315909	16.80
1960-1969	62	0.02221	0.02197	0.5	76808	1687	75964	1238351	16.12
1960-1969	63	0.02331	0.02305	0.5	75121	1731	74255	1162387	15.47
1960-1969	64	0.02507	0.02476	0.5	73389	1817	72481	1088132	14.83
1960-1969	65	0.02846	0.02806	0.5	71572	2008	70568	1015651	14.19
1960-1969	66	0.02922	0.02880	0.5	69564	2003	68562	945083	13.59
1960-1969	67	0.03300	0.03247	0.5	67560	2193	66464	876521	12.97
1960-1969	68	0.03548	0.03487	0.5	65367	2279	64228	810057	12.39
1960-1969	69	0.03774	0.03704	0.5	63088	2337	61920	745830	11.82
1960-1969	70	0.04265	0.04176	0.5	60751	2537	59483	683910	11.26
1960-1969	71	0.04345	0.04252	0.5	58215	2475	56977	624427	10.73
1960-1969	72	0.05108	0.04981	0.5	55739	2776	54351	567450	10.18
1960-1969	73	0.05397	0.05255	0.5	52963	2783	51571	513099	9.69
1960-1969	74	0.05854	0.05688	0.5	50180	2854	48753	461528	9.20
1960-1969	75	0.06540	0.06333	0.5	47326	2997	45827	412775	8.72
1960-1969	76	0.06832	0.06606	0.5	44328	2928	42864	366948	8.28
1960-1969	77	0.07302	0.07045	0.5	41400	2917	39942	324084	7.83
1960-1969	78	0.08180	0.07858	0.5	38483	3024	36971	284142	7.38
1960-1969	79	0.08712	0.08349	0.5	35459	2960	33979	247171	6.97
1960-1969	80	0.10091	0.09606	0.5	32499	3122	30938	213192	6.56
1960-1969	81	0.10211	0.09715	0.5	29377	2854	27950	182254	6.20
1960-1969	82	0.11595	0.10959	0.5	26523	2907	25070	154304	5.82
1960-1969	83	0.12780	0.12013	0.5	23616	2837	22198	129235	5.47
1960-1969	84	0.14035	0.13115	0.5	20779	2725	19417	107037	5.15
1960-1969	85	0.15414	0.14311	0.5	18054	2584	16762	87621	4.85
1960-1969	86	0.16512	0.15253	0.5	15470	2360	14291	70858	4.58
1960-1969	87	0.17904	0.16433	0.5	13111	2155	12033	56568	4.31
1960-1969	88	0.19195	0.17514	0.5	10956	1919	9997	44534	4.06
1960-1969	89	0.20959	0.18971	0.5	9037	1714	8180	34538	3.82
1960-1969	90	0.23255	0.20832	0.5	7323	1526	6560	26358	3.60
1960-1969	91	0.23668	0.21164	0.5	5797	1227	5184	19798	3.41
1960-1969	92	0.26422	0.23339	0.5	4570	1067	4037	14614	3.20
1960-1969	93	0.28363	0.24840	0.5	3504	870	3069	10577	3.02
1960-1969	94	0.30418	0.26402	0.5	2633	695	2286	7508	2.85
1960-1969	95	0.32637	0.28059	0.5	1938	544	1666	5223	2.69
1960-1969	96	0.34895	0.29711	0.5	1394	414	1187	3556	2.55
1960-1969	97	0.37225	0.31384	0.5	980	308	826	2369	2.42
1960-1969	98	0.39620	0.33069	0.5	672	222	561	1543	2.29
1960-1969	99	0.42070	0.34759	0.5	450	156	372	982	2.18
1960-1969	100	0.44563	0.36443	0.5	294	107	240	610	2.08
1960-1969	101	0.47088	0.38114	0.5	187	71	151	370	1.98
1960-1969	102	0.49630	0.39763	0.5	115	46	93	219	1.89
1960-1969	103	0.52178	0.41382	0.5	70	29	55	126	1.81
1960-1969	104	0.54718	0.42964	0.5	41	18	32	71	1.74
1960-1969	105	0.57237	0.44502	0.5	23	10	18	39	1.67
1960-1969	106	0.59722	0.45989	0.5	13	6	10	21	1.61
1960-1969	107	0.62161	0.47422	0.5	7	3	5	11	1.56
1960-1969	108	0.64542	0.48795	0.5	4	2	3	6	1.51
1960-1969	109	0.66856	0.50107	0.5	2	1	1	3	1.47
1960-1969	110+	0.69094	1.00000	1.45	1	1	1	1	1.45
1970-1979	0	0.01591	0.01568	0.09	100000	1568	98577	7239726	72.40
1970-1979	1	0.00090	0.00090	0.5	98432	89	98387	7141149	72.55
1970-1979	2	0.00063	0.00063	0.5	98343	62	98312	7042762	71.61
1970-1979	3	0.00052	0.00052	0.5	98281	52	98255	6944451	70.66
1970-1979	4	0.00044	0.00044	0.5	98229	44	98207	6846196	69.70
1970-1979	5	0.00042	0.00042	0.5	98186	41	98165	6747989	68.73
1970-1979	6	0.00036	0.00036	0.5	98145	35	98127	6649823	67.76
1970-1979	7	0.00033	0.00033	0.5	98109	32	98093	6551696	66.78
1970-1979	8	0.00030	0.00030	0.5	98077	29	98062	6453603	65.80
1970-1979	9	0.00028	0.00028	0.5	98048	28	98034	6355541	64.82
1970-1979	10	0.00026	0.00026	0.5	98020	26	98008	6257507	63.84
1970-1979	11	0.00026	0.00026	0.5	97995	26	97982	6159499	62.86
1970-1979	12	0.00028	0.00028	0.5	97969	28	97955	6061517	61.87
1970-1979	13	0.00034	0.00034	0.5	97941	33	97925	5963562	60.89
1970-1979	14	0.00041	0.00041	0.5	97908	41	97888	5865637	59.91
1970-1979	15	0.00052	0.00052	0.5	97868	51	97842	5767749	58.93
1970-1979	16	0.00069	0.00069	0.5	97817	67	97783	5669907	57.96
1970-1979	17	0.00091	0.00091	0.5	97749	89	97705	5572124	57.00
1970-1979	18	0.00109	0.00109	0.5	97661	107	97607	5474419	56.06
1970-1979	19	0.00114	0.00114	0.5	97554	111	97499	5376812	55.12
1970-1979	20	0.00120	0.00120	0.5	97443	117	97385	5279313	54.18
1970-1979	21	0.00125	0.00125	0.5	97326	122	97265	5181928	53.24
1970-1979	22	0.00123	0.00123	0.5	97205	119	97145	5084663	52.31
1970-1979	23	0.00119	0.00119	0.5	97085	116	97027	4987518	51.37
1970-1979	24	0.00120	0.00120	0.5	96969	117	96911	4890491	50.43
1970-1979	25	0.00122	0.00122	0.5	96853	118	96794	4793580	49.49
1970-1979	26	0.00120	0.00120	0.5	96735	116	96677	4696787	48.55
1970-1979	27	0.00120	0.00119	0.5	96619	115	96561	4600110	47.61
1970-1979	28	0.00120	0.00120	0.5	96503	116	96446	4503549	46.67
1970-1979	29	0.00123	0.00123	0.5	96388	119	96329	4407103	45.72
1970-1979	30	0.00127	0.00127	0.5	96269	122	96208	4310775	44.78
1970-1979	31	0.00129	0.00129	0.5	96147	124	96085	4214566	43.83
1970-1979	32	0.00139	0.00138	0.5	96023	133	95956	4118482	42.89
1970-1979	33	0.00149	0.00149	0.5	95890	143	95818	4022525	41.95
1970-1979	34	0.00156	0.00155	0.5	95747	149	95673	3926707	41.01
1970-1979	35	0.00173	0.00173	0.5	95598	165	95516	3831034	40.07
1970-1979	36	0.00179	0.00179	0.5	95433	171	95348	3735519	39.14
1970-1979	37	0.00197	0.00196	0.5	95263	187	95169	3640171	38.21
1970-1979	38	0.00214	0.00214	0.5	95075	203	94974	3545002	37.29
1970-1979	39	0.00235	0.00234	0.5	94872	222	94761	3450028	36.36
1970-1979	40	0.00258	0.00258	0.5	94650	244	94528	3355267	35.45
1970-1979	41	0.00278	0.00278	0.5	94406	262	94275	3260739	34.54
1970-1979	42	0.00318	0.00317	0.5	94144	298	93994	3166464	33.63
1970-1979	43	0.00347	0.00346	0.5	93845	325	93683	3072469	32.74
1970-1979	44	0.00370	0.00369	0.5	93520	345	93348	2978786	31.85
1970-1979	45	0.00424	0.00423	0.5	93175	394	92979	2885439	30.97
1970-1979	46	0.00461	0.00460	0.5	92782	427	92568	2792460	30.10
1970-1979	47	0.00501	0.00500	0.5	92355	461	92124	2699892	29.23
1970-1979	48	0.00543	0.00542	0.5	91894	498	91645	2607768	28.38
1970-1979	49	0.00601	0.00600	0.5	91396	548	91122	2516123	27.53
1970-1979	50	0.00655	0.00653	0.5	90848	593	90551	2425001	26.69
1970-1979	51	0.00698	0.00695	0.5	90255	628	89941	2334450	25.87
1970-1979	52	0.00770	0.00767	0.5	89627	688	89283	2244509	25.04
1970-1979	53	0.00837	0.00834	0.5	88939	742	88569	2155226	24.23
1970-1979	54	0.00913	0.00909	0.5	88198	802	87797	2066657	23.43
1970-1979	55	0.01003	0.00998	0.5	87396	873	86960	1978860	22.64
1970-1979	56	0.01090	0.01084	0.5	86523	938	86055	1891900	21.87
1970-1979	57	0.01193	0.01186	0.5	85586	1015	85078	1805846	21.10
1970-1979	58	0.01304	0.01295	0.5	84571	1095	84023	1720768	20.35
1970-1979	59	0.01415	0.01405	0.5	83476	1173	82889	1636744	19.61
1970-1979	60	0.01569	0.01557	0.5	82303	1282	81662	1553855	18.88
1970-1979	61	0.01671	0.01657	0.5	81021	1342	80350	1472193	18.17
1970-1979	62	0.01879	0.01861	0.5	79679	1483	78937	1391843	17.47
1970-1979	63	0.02006	0.01986	0.5	78196	1553	77419	1312905	16.79
1970-1979	64	0.02175	0.02152	0.5	76643	1649	75818	1235486	16.12
1970-1979	65	0.02404	0.02375	0.5	74993	1781	74103	1159668	15.46
1970-1979	66	0.02511	0.02480	0.5	73212	1816	72304	1085565	14.83
1970-1979	67	0.02771	0.02733	0.5	71396	1951	70421	1013260	14.19
1970-1979	68	0.02967	0.02923	0.5	69445	2030	68430	942839	13.58
1970-1979	69	0.03227	0.03176	0.5	67415	2141	66345	874409	12.97
1970-1979	70	0.03548	0.03486	0.5	65274	2276	64136	808065	12.38
1970-1979	71	0.03765	0.03695	0.5	62998	2328	61834	743928	11.81
1970-1979	72	0.04212	0.04126	0.5	60671	2503	59419	682094	11.24
1970-1979	73	0.04515	0.04415	0.5	58168	2568	56883	622675	10.70
1970-1979	74	0.04901	0.04784	0.5	55599	2660	54269	565792	10.18
1970-1979	75	0.05480	0.05334	0.5	52939	2824	51528	511522	9.66
1970-1979	76	0.05815	0.05650	0.5	50116	2832	48700	459995	9.18
1970-1979	77	0.06291	0.06099	0.5	47284	2884	45842	411295	8.70
1970-1979	78	0.06985	0.06749	0.5	44400	2997	42902	365453	8.23
1970-1979	79	0.07562	0.07287	0.5	41403	3017	39895	322551	7.79
1970-1979	80	0.08369	0.08033	0.5	38387	3083	36845	282656	7.36
1970-1979	81	0.08795	0.08424	0.5	35303	2974	33816	245811	6.96
1970-1979	82	0.09798	0.09341	0.5	32329	3020	30819	211995	6.56
1970-1979	83	0.10783	0.10231	0.5	29309	2999	27810	181176	6.18
1970-1979	84	0.11769	0.11115	0.5	26311	2924	24848	153366	5.83
1970-1979	85	0.12868	0.12090	0.5	23386	2827	21972	128518	5.50
1970-1979	86	0.14003	0.13087	0.5	20559	2691	19214	106545	5.18
1970-1979	87	0.15024	0.13974	0.5	17868	2497	16620	87332	4.89
1970-1979	88	0.16247	0.15026	0.5	15371	2310	14216	70712	4.60
1970-1979	89	0.17687	0.16250	0.5	13062	2123	12000	56496	4.33
1970-1979	90	0.19563	0.17820	0.5	10939	1949	9964	44495	4.07
1970-1979	91	0.20382	0.18497	0.5	8990	1663	8158	34531	3.84
1970-1979	92	0.22716	0.20399	0.5	7327	1495	6580	26372	3.60
1970-1979	93	0.24516	0.21839	0.5	5832	1274	5195	19793	3.39
1970-1979	94	0.26516	0.23412	0.5	4559	1067	4025	14597	3.20
1970-1979	95	0.28264	0.24765	0.5	3491	865	3059	10572	3.03
1970-1979	96	0.30339	0.26343	0.5	2627	692	2281	7513	2.86
1970-1979	97	0.32502	0.27959	0.5	1935	541	1664	5233	2.70
1970-1979	98	0.34748	0.29604	0.5	1394	413	1188	3568	2.56
1970-1979	99	0.37068	0.31272	0.5	981	307	828	2381	2.43
1970-1979	100	0.39455	0.32954	0.5	674	222	563	1553	2.30
1970-1979	101	0.41899	0.34642	0.5	452	157	374	990	2.19
1970-1979	102	0.44388	0.36326	0.5	296	107	242	616	2.08
1970-1979	103	0.46911	0.37998	0.5	188	71	152	374	1.99
1970-1979	104	0.49454	0.39650	0.5	117	46	94	222	1.90
1970-1979	105	0.52004	0.41273	0.5	70	29	56	128	1.82
1970-1979	106	0.54549	0.42859	0.5	41	18	32	72	1.75
1970-1979	107	0.57074	0.44403	0.5	24	10	18	40	1.68
1970-1979	108	0.59567	0.45897	0.5	13	6	10	21	1.63
1970-1979	109	0.62015	0.47337	0.5	7	3	5	11	1.58
1970-1979	110+	0.64406	1.00000	1.55	4	4	6	6	1.55
1980-1989	0	0.01083	0.01073	0.08	100000	1073	99012	7454582	74.55
1980-1989	1	0.00069	0.00069	0.5	98927	69	98893	7355570	74.35
1980-1989	2	0.00049	0.00049	0.5	98859	48	98835	7256677	73.40
1980-1989	3	0.00039	0.00039	0.5	98811	38	98792	7157842	72.44
1980-1989	4	0.00030	0.00030	0.5	98773	30	98758	7059051	71.47
1980-1989	5	0.00027	0.00027	0.5	98743	27	98729	6960293	70.49
1980-1989	6	0.00024	0.00024	0.5	98716	24	98704	6861564	69.51
1980-1989	7	0.00024	0.00024	0.5	98692	23	98680	6762860	68.52
1980-1989	8	0.00021	0.00021	0.5	98669	20	98658	6664179	67.54
1980-1989	9	0.00020	0.00020	0.5	98648	20	98638	6565521	66.55
1980-1989	10	0.00020	0.00020	0.5	98628	20	98619	6466883	65.57
1980-1989	11	0.00020	0.00020	0.5	98609	20	98599	6368264	64.58
1980-1989	12	0.00023	0.00023	0.5	98589	22	98578	6269665	63.59
1980-1989	13	0.00026	0.00026	0.5	98566	26	98554	6171088	62.61
1980-1989	14	0.00032	0.00032	0.5	98541	31	98525	6072534	61.62
1980-1989	15	0.00042	0.00042	0.5	98510	41	98489	5974009	60.64
1980-1989	16	0.00055	0.00055	0.5	98468	55	98441	5875520	59.67
1980-1989	17	0.00072	0.00072	0.5	98414	71	98378	5777079	58.70
1980-1989	18	0.00087	0.00087	0.5	98342	85	98300	5678701	57.74
1980-1989	19	0.00091	0.00091	0.5	98257	89	98212	5580401	56.79
1980-1989	20	0.00095	0.00095	0.5	98168	93	98121	5482189	55.85
1980-1989	21	0.00098	0.00098	0.5	98075	96	98027	5384068	54.90
1980-1989	22	0.00101	0.00101	0.5	97978	99	97929	5286041	53.95
1980-1989	23	0.00103	0.00103	0.5	97880	101	97829	5188112	53.00
1980-1989	24	0.00105	0.00104	0.5	97779	102	97728	5090282	52.06
1980-1989	25	0.00109	0.00109	0.5	97677	106	97624	4992555	51.11
1980-1989	26	0.00112	0.00111	0.5	97571	109	97516	4894931	50.17
1980-1989	27	0.00116	0.00116	0.5	97462	113	97405	4797415	49.22
1980-1989	28	0.00124	0.00124	0.5	97349	120	97288	4700009	48.28
1980-1989	29	0.00122	0.00122	0.5	97228	119	97169	4602721	47.34
1980-1989	30	0.00135	0.00135	0.5	97109	131	97044	4505552	46.40
1980-1989	31	0.00140	0.00140	0.5	96979	135	96911	4408508	45.46
1980-1989	32	0.00147	0.00147	0.5	96843	142	96772	4311597	44.52
1980-1989	33	0.00156	0.00156	0.5	96701	151	96625	4214825	43.59
1980-1989	34	0.00158	0.00158	0.5	96550	153	96473	4118200	42.65
1980-1989	35	0.00169	0.00169	0.5	96397	163	96316	4021726	41.72
1980-1989	36	0.00179	0.00179	0.5	96234	172	96148	3925411	40.79
1980-1989	37	0.00187	0.00187	0.5	96062	179	95972	3829263	39.86
1980-1989	38	0.00206	0.00206	0.5	95883	198	95784	3733291	38.94
1980-1989	39	0.00202	0.00201	0.5	95685	193	95589	3637507	38.02
1980-1989	40	0.00223	0.00222	0.5	95492	212	95386	3541918	37.09
1980-1989	41	0.00240	0.00240	0.5	95280	229	95166	3446532	36.17
1980-1989	42	0.00263	0.00262	0.5	95051	249	94926	3351367	35.26
1980-1989	43	0.00281	0.00281	0.5	94802	266	94669	3256440	34.35
1980-1989	44	0.00298	0.00298	0.5	94536	281	94395	3161772	33.45
1980-1989	45	0.00337	0.00337	0.5	94254	317	94095	3067377	32.54
1980-1989	46	0.00362	0.00361	0.5	93937	340	93767	2973281	31.65
1980-1989	47	0.00407	0.00406	0.5	93597	380	93407	2879515	30.76
1980-1989	48	0.00456	0.00455	0.5	93217	424	93005	2786107	29.89
1980-1989	49	0.00474	0.00473	0.5	92793	439	92574	2693102	29.02
1980-1989	50	0.00531	0.00529	0.5	92354	489	92110	2600529	28.16
1980-1989	51	0.00598	0.00596	0.5	91865	548	91591	2508419	27.31
1980-1989	52	0.00652	0.00650	0.5	91318	593	91021	2416828	26.47
1980-1989	53	0.00710	0.00707	0.5	90724	642	90403	2325807	25.64
1980-1989	54	0.00756	0.00754	0.5	90083	679	89743	2235403	24.82
1980-1989	55	0.00847	0.00843	0.5	89404	754	89027	2145660	24.00
1980-1989	56	0.00917	0.00913	0.5	88650	809	88245	2056633	23.20
1980-1989	57	0.00983	0.00978	0.5	87840	859	87411	1968388	22.41
1980-1989	58	0.01123	0.01117	0.5	86981	971	86495	1880978	21.63
1980-1989	59	0.01183	0.01176	0.5	86010	1011	85504	1794482	20.86
1980-1989	60	0.01309	0.01301	0.5	84999	1106	84446	1708978	20.11
1980-1989	61	0.01421	0.01411	0.5	83893	1184	83301	1624533	19.36
1980-1989	62	0.01624	0.01611	0.5	82709	1332	82043	1541232	18.63
1980-1989	63	0.01722	0.01707	0.5	81376	1389	80682	1459189	17.93
1980-1989	64	0.01810	0.01794	0.5	79987	1435	79270	1378507	17.23
1980-1989	65	0.02011	0.01991	0.5	78552	1564	77770	1299237	16.54
1980-1989	66	0.02178	0.02155	0.5	76989	1659	76159	1221467	15.87
1980-1989	67	0.02363	0.02335	0.5	75329	1759	74450	1145308	15.20
1980-1989	68	0.02594	0.02560	0.5	73570	1884	72628	1070858	14.56
1980-1989	69	0.02765	0.02727	0.5	71686	1955	70709	998230	13.92
1980-1989	70	0.03055	0.03009	0.5	69732	2099	68682	927521	13.30
1980-1989	71	0.03308	0.03254	0.5	67633	2201	66533	858838	12.70
1980-1989	72	0.03685	0.03619	0.5	65432	2368	64248	792306	12.11
1980-1989	73	0.03986	0.03908	0.5	63064	2465	61832	728058	11.54
1980-1989	74	0.04206	0.04120	0.5	60599	2496	59351	666226	10.99
1980-1989	75	0.04552	0.04451	0.5	58103	2586	56810	606874	10.44
1980-1989	76	0.05022	0.04899	0.5	55517	2720	54157	550064	9.91
1980-1989	77	0.05391	0.05249	0.5	52797	2772	51412	495907	9.39
1980-1989	78	0.05851	0.05685	0.5	50026	2844	48604	444495	8.89
1980-1989	79	0.06336	0.06142	0.5	47182	2898	45733	395891	8.39
1980-1989	80	0.07262	0.07007	0.5	44285	3103	42733	350158	7.91
1980-1989	81	0.07877	0.07578	0.5	41181	3121	39621	307425	7.47
1980-1989	82	0.08683	0.08322	0.5	38060	3167	36477	267804	7.04
1980-1989	83	0.09493	0.09063	0.5	34893	3162	33312	231327	6.63
1980-1989	84	0.10436	0.09919	0.5	31731	3147	30157	198015	6.24
1980-1989	85	0.11354	0.10744	0.5	28584	3071	27048	167858	5.87
1980-1989	86	0.12442	0.11713	0.5	25512	2988	24018	140810	5.52
1980-1989	87	0.13722	0.12841	0.5	22524	2892	21078	116792	5.19
1980-1989	88	0.14761	0.13746	0.5	19632	2699	18282	95714	4.88
1980-1989	89	0.16149	0.14943	0.5	16933	2530	15668	77431	4.57
1980-1989	90	0.17738	0.16293	0.5	14403	2347	13230	61763	4.29
1980-1989	91	0.19144	0.17471	0.5	12056	2106	11003	48534	4.03
1980-1989	92	0.21096	0.19083	0.5	9950	1899	9001	37531	3.77
1980-1989	93	0.22889	0.20538	0.5	8051	1654	7224	28530	3.54
1980-1989	94	0.24803	0.22067	0.5	6398	1412	5692	21306	3.33
1980-1989	95	0.26842	0.23666	0.5	4986	1180	4396	15614	3.13
1980-1989	96	0.28977	0.25310	0.5	3806	963	3324	11218	2.95
1980-1989	97	0.31216	0.27002	0.5	2843	768	2459	7894	2.78
1980-1989	98	0.33553	0.28733	0.5	2075	596	1777	5435	2.62
1980-1989	99	0.35981	0.30495	0.5	1479	451	1253	3658	2.47
1980-1989	100	0.38490	0.32278	0.5	1028	332	862	2405	2.34
1980-1989	101	0.41068	0.34072	0.5	696	237	578	1543	2.22
1980-1989	102	0.43703	0.35866	0.5	459	165	377	965	2.10
1980-1989	103	0.46381	0.37650	0.5	294	111	239	589	2.00
1980-1989	104	0.49086	0.39413	0.5	184	72	147	350	1.91
1980-1989	105	0.51803	0.41146	0.5	111	46	88	202	1.82
1980-1989	106	0.54515	0.42838	0.5	65	28	51	114	1.74
1980-1989	107	0.57205	0.44482	0.5	37	17	29	63	1.67
1980-1989	108	0.59859	0.46070	0.5	21	10	16	34	1.62
1980-1989	109	0.62461	0.47596	0.5	11	5	9	18	1.57
1980-1989	110+	0.64997	1.00000	1.54	6	6	9	9	1.54
1990-1999	0	0.00786	0.00780	0.07	100000	780	99275	7630944	76.31
1990-1999	1	0.00054	0.00054	0.5	99220	53	99193	7531669	75.91
1990-1999	2	0.00036	0.00036	0.5	99167	35	99149	7432476	74.95
1990-1999	3	0.00027	0.00027	0.5	99132	27	99118	7333327	73.98
1990-1999	4	0.00022	0.00022	0.5	99105	22	99094	7234209	73.00
1990-1999	5	0.00018	0.00018	0.5	99083	18	99074	7135115	72.01
1990-1999	6	0.00017	0.00017	0.5	99065	17	99056	7036041	71.02
1990-1999	7	0.00017	0.00017	0.5	99047	17	99039	6936985	70.04
1990-1999	8	0.00016	0.00016	0.5	99031	16	99023	6837946	69.05
1990-1999	9	0.00014	0.00014	0.5	99015	14	99008	6738923	68.06
1990-1999	10	0.00015	0.00015	0.5	99000	15	98993	6639916	67.07
1990-1999	11	0.00016	0.00016	0.5	98986	16	98978	6540923	66.08
1990-1999	12	0.00018	0.00018	0.5	98970	17	98961	6441945	65.09
1990-1999	13	0.00021	0.00021	0.5	98952	21	98942	6342984	64.10
1990-1999	14	0.00028	0.00028	0.5	98932	27	98918	6244042	63.11
1990-1999	15	0.00035	0.00035	0.5	98904	34	98887	6145124	62.13
1990-1999	16	0.00050	0.00050	0.5	98870	50	98845	6046237	61.15
1990-1999	17	0.00064	0.00064	0.5	98820	63	98789	5947391	60.18
1990-1999	18	0.00076	0.00076	0.5	98757	75	98720	5848603	59.22
1990-1999	19	0.00077	0.00077	0.5	98682	76	98644	5749883	58.27
1990-1999	20	0.00081	0.00081	0.5	98606	80	98566	5651239	57.31
1990-1999	21	0.00089	0.00089	0.5	98526	88	98482	5552674	56.36
1990-1999	22	0.00087	0.00087	0.5	98438	86	98395	5454192	55.41
1990-1999	23	0.00090	0.00090	0.5	98352	89	98308	5355797	54.46
1990-1999	24	0.00087	0.00087	0.5	98263	85	98221	5257489	53.50
1990-1999	25	0.00091	0.00091	0.5	98178	90	98133	5159268	52.55
1990-1999	26	0.00096	0.00096	0.5	98089	94	98041	5061135	51.60
1990-1999	27	0.00102	0.00102	0.5	97994	100	97944	4963093	50.65
1990-1999	28	0.00110	0.00110	0.5	97894	108	97840	4865149	49.70
1990-1999	29	0.00113	0.00113	0.5	97786	110	97731	4767309	48.75
1990-1999	30	0.00127	0.00127	0.5	97676	124	97614	4669578	47.81
1990-1999	31	0.00138	0.00138	0.5	97552	134	97485	4571964	46.87
1990-1999	32	0.00143	0.00143	0.5	97418	140	97348	4474479	45.93
1990-1999	33	0.00154	0.00154	0.5	97278	150	97203	4377131	45.00
1990-1999	34	0.00162	0.00162	0.5	97128	157	97049	4279928	44.06
1990-1999	35	0.00171	0.00171	0.5	96971	166	96888	4182879	43.14
1990-1999	36	0.00185	0.00185	0.5	96805	179	96716	4085991	42.21
1990-1999	37	0.00196	0.00196	0.5	96626	189	96532	3989275	41.29
1990-1999	38	0.00216	0.00216	0.5	96437	208	96333	3892744	40.37
1990-1999	39	0.00214	0.00214	0.5	96229	206	96126	3796411	39.45
1990-1999	40	0.00234	0.00233	0.5	96023	224	95911	3700285	38.54
1990-1999	41	0.00253	0.00253	0.5	95799	242	95678	3604373	37.62
1990-1999	42	0.00262	0.00262	0.5	95557	250	95432	3508695	36.72
1990-1999	43	0.00278	0.00278	0.5	95307	265	95174	3413263	35.81
1990-1999	44	0.00291	0.00291	0.5	95042	276	94904	3318089	34.91
1990-1999	45	0.00311	0.00311	0.5	94766	294	94618	3223185	34.01
1990-1999	46	0.00337	0.00336	0.5	94471	318	94312	3128567	33.12
1990-1999	47	0.00357	0.00357	0.5	94154	336	93986	3034254	32.23
1990-1999	48	0.00396	0.00396	0.5	93818	371	93632	2940269	31.34
1990-1999	49	0.00405	0.00404	0.5	93447	378	93258	2846636	30.46
1990-1999	50	0.00439	0.00438	0.5	93069	407	92865	2753378	29.58
1990-1999	51	0.00489	0.00488	0.5	92662	452	92436	2660513	28.71
1990-1999	52	0.00529	0.00528	0.5	92209	487	91966	2568077	27.85
1990-1999	53	0.00582	0.00580	0.5	91723	532	91457	2476111	27.00
1990-1999	54	0.00615	0.00613	0.5	91191	559	90911	2384654	26.15
1990-1999	55	0.00693	0.00691	0.5	90631	626	90318	2293744	25.31
1990-1999	56	0.00755	0.00752	0.5	90005	677	89667	2203426	24.48
1990-1999	57	0.00806	0.00803	0.5	89329	717	88970	2113759	23.66
1990-1999	58	0.00932	0.00928	0.5	88611	822	88200	2024789	22.85
1990-1999	59	0.00986	0.00982	0.5	87789	862	87358	1936588	22.06
1990-1999	60	0.01083	0.01077	0.5	86928	936	86459	1849230	21.27
1990-1999	61	0.01201	0.01194	0.5	85991	1027	85478	1762770	20.50
1990-1999	62	0.01322	0.01313	0.5	84964	1116	84407	1677293	19.74
1990-1999	63	0.01431	0.01421	0.5	83849	1192	83253	1592886	19.00
1990-1999	64	0.01538	0.01527	0.5	82657	1262	82026	1509633	18.26
1990-1999	65	0.01721	0.01706	0.5	81395	1389	80701	1427607	17.54
1990-1999	66	0.01857	0.01840	0.5	80007	1472	79271	1346906	16.83
1990-1999	67	0.02006	0.01986	0.5	78535	1560	77755	1267635	16.14
1990-1999	68	0.02236	0.02211	0.5	76975	1702	76124	1189881	15.46
1990-1999	69	0.02365	0.02338	0.5	75273	1760	74393	1113757	14.80
1990-1999	70	0.02602	0.02568	0.5	73513	1888	72569	1039364	14.14
1990-1999	71	0.02850	0.02810	0.5	71625	2013	70619	966794	13.50
1990-1999	72	0.03095	0.03047	0.5	69613	2121	68552	896175	12.87
1990-1999	73	0.03348	0.03293	0.5	67491	2222	66380	827623	12.26
1990-1999	74	0.03619	0.03554	0.5	65269	2320	64109	761244	11.66
1990-1999	75	0.03899	0.03824	0.5	62949	2407	61745	697135	11.07
1990-1999	76	0.04349	0.04257	0.5	60541	2577	59253	635390	10.50
1990-1999	77	0.04736	0.04627	0.5	57964	2682	56624	576137	9.94
1990-1999	78	0.05142	0.05013	0.5	55283	2771	53897	519513	9.40
1990-1999	79	0.05585	0.05433	0.5	52511	2853	51085	465616	8.87
1990-1999	80	0.06456	0.06254	0.5	49658	3106	48106	414531	8.35
1990-1999	81	0.07068	0.06827	0.5	46553	3178	44964	366426	7.87
1990-1999	82	0.07789	0.07497	0.5	43375	3252	41749	321462	7.41
1990-1999	83	0.08541	0.08191	0.5	40123	3287	38480	279713	6.97
1990-1999	84	0.09346	0.08929	0.5	36836	3289	35192	241233	6.55
1990-1999	85	0.10332	0.09825	0.5	33547	3296	31899	206041	6.14
1990-1999	86	0.11398	0.10783	0.5	30251	3262	28620	174142	5.76
1990-1999	87	0.12419	0.11693	0.5	26989	3156	25411	145522	5.39
1990-1999	88	0.13712	0.12832	0.5	23833	3058	22304	120110	5.04
1990-1999	89	0.15164	0.14096	0.5	20775	2928	19311	97806	4.71
1990-1999	90	0.16700	0.15413	0.5	17847	2751	16471	78495	4.40
1990-1999	91	0.18254	0.16727	0.5	15096	2525	13833	62024	4.11
1990-1999	92	0.20222	0.18365	0.5	12571	2309	11417	48190	3.83
1990-1999	93	0.22304	0.20066	0.5	10262	2059	9233	36774	3.58
1990-1999	94	0.24416	0.21760	0.5	8203	1785	7311	27541	3.36
1990-1999	95	0.26283	0.23230	0.5	6418	1491	5673	20231	3.15
1990-1999	96	0.28560	0.24992	0.5	4927	1231	4311	14558	2.95
1990-1999	97	0.30959	0.26809	0.5	3696	991	3200	10247	2.77
1990-1999	98	0.33470	0.28672	0.5	2705	776	2317	7046	2.61
1990-1999	99	0.36086	0.30570	0.5	1929	590	1634	4729	2.45
1990-1999	100	0.38793	0.32491	0.5	1340	435	1122	3095	2.31
1990-1999	101	0.41578	0.34422	0.5	904	311	749	1973	2.18
1990-1999	102	0.44425	0.36350	0.5	593	216	485	1224	2.06
1990-1999	103	0.47315	0.38263	0.5	377	144	305	739	1.96
1990-1999	104	0.50229	0.40147	0.5	233	94	186	434	1.86
1990-1999	105	0.53148	0.41990	0.5	139	59	110	247	1.77
1990-1999	106	0.56051	0.43781	0.5	81	35	63	137	1.70
1990-1999	107	0.58918	0.45511	0.5	45	21	35	74	1.63
1990-1999	108	0.61731	0.47171	0.5	25	12	19	39	1.57
1990-1999	109	0.64472	0.48755	0.5	13	6	10	20	1.52
1990-1999	110+	0.67125	1.00000	1.49	7	7	10	10	1.49
2000-2009	0	0.00620	0.00616	0.07	100000	616	99424	7844770	78.45
2000-2009	1	0.00035	0.00035	0.5	99384	35	99367	7745345	77.93
2000-2009	2	0.00024	0.00024	0.5	99349	24	99337	7645979	76.96
2000-2009	3	0.00018	0.00018	0.5	99325	18	99316	7546641	75.98
2000-2009	4	0.00015	0.00015	0.5	99307	15	99300	7447325	74.99
2000-2009	5	0.00013	0.00013	0.5	99293	13	99286	7348025	74.00
2000-2009	6	0.00012	0.00012	0.5	99280	12	99274	7248739	73.01
2000-2009	7	0.00011	0.00011	0.5	99267	11	99262	7149466	72.02
2000-2009	8	0.00011	0.00011	0.5	99256	11	99251	7050204	71.03
2000-2009	9	0.00011	0.00011	0.5	99246	11	99240	6950953	70.04
2000-2009	10	0.00012	0.00012	0.5	99235	12	99229	6851713	69.05
2000-2009	11	0.00012	0.00012	0.5	99223	11	99217	6752484	68.05
2000-2009	12	0.00013	0.00013	0.5	99212	13	99205	6653266	67.06
2000-2009	13	0.00015	0.00015	0.5	99199	15	99191	6554061	66.07
2000-2009	14	0.00019	0.00019	0.5	99184	18	99175	6454870	65.08
2000-2009	15	0.00023	0.00023	0.5	99165	23	99154	6355695	64.09
2000-2009	16	0.00036	0.00036	0.5	99142	36	99124	6256541	63.11
2000-2009	17	0.00049	0.00049	0.5	99106	48	99082	6157417	62.13
2000-2009	18	0.00061	0.00061	0.5	99058	60	99028	6058335	61.16
2000-2009	19	0.00069	0.00069	0.5	98998	68	98964	5959307	60.20
2000-2009	20	0.00073	0.00073	0.5	98930	72	98894	5860343	59.24
2000-2009	21	0.00083	0.00083	0.5	98858	82	98817	5761449	58.28
2000-2009	22	0.00083	0.00083	0.5	98776	82	98735	5662632	57.33
2000-2009	23	0.00084	0.00084	0.5	98694	83	98652	5563897	56.38
2000-2009	24	0.00085	0.00085	0.5	98611	84	98569	5465245	55.42
2000-2009	25	0.00081	0.00081	0.5	98527	80	98487	5366676	54.47
2000-2009	26	0.00083	0.00083	0.5	98447	82	98406	5268189	53.51
2000-2009	27	0.00084	0.00084	0.5	98365	82	98324	5169783	52.56
2000-2009	28	0.00084	0.00084	0.5	98283	83	98241	5071460	51.60
2000-2009	29	0.00087	0.00087	0.5	98200	85	98157	4973218	50.64
2000-2009	30	0.00088	0.00088	0.5	98115	86	98072	4875061	49.69
2000-2009	31	0.00090	0.00090	0.5	98029	88	97985	4776989	48.73
2000-2009	32	0.00094	0.00094	0.5	97940	92	97894	4679005	47.77
2000-2009	33	0.00100	0.00100	0.5	97848	98	97799	4581111	46.82
2000-2009	34	0.00106	0.00106	0.5	97750	103	97698	4483312	45.87
2000-2009	35	0.00114	0.00114	0.5	97647	111	97591	4385613	44.91
2000-2009	36	0.00125	0.00125	0.5	97536	122	97475	4288022	43.96
2000-2009	37	0.00135	0.00135	0.5	97414	131	97348	4190547	43.02
2000-2009	38	0.00146	0.00146	0.5	97283	142	97212	4093199	42.08
2000-2009	39	0.00156	0.00156	0.5	97141	151	97065	3995987	41.14
2000-2009	40	0.00172	0.00172	0.5	96990	167	96906	3898921	40.20
2000-2009	41	0.00185	0.00185	0.5	96823	179	96733	3802015	39.27
2000-2009	42	0.00204	0.00204	0.5	96644	197	96545	3705282	38.34
2000-2009	43	0.00219	0.00219	0.5	96447	211	96341	3608736	37.42
2000-2009	44	0.00242	0.00242	0.5	96236	233	96119	3512395	36.50
2000-2009	45	0.00260	0.00259	0.5	96003	249	95878	3416276	35.59
2000-2009	46	0.00285	0.00285	0.5	95754	273	95618	3320398	34.68
2000-2009	47	0.00305	0.00305	0.5	95481	291	95336	3224780	33.77
2000-2009	48	0.00337	0.00336	0.5	95190	320	95030	3129444	32.88
2000-2009	49	0.00362	0.00361	0.5	94870	343	94699	3034414	31.98
2000-2009	50	0.00393	0.00392	0.5	94528	371	94342	2939715	31.10
2000-2009	51	0.00419	0.00418	0.5	94157	394	93960	2845372	30.22
2000-2009	52	0.00453	0.00452	0.5	93763	424	93551	2751412	29.34
2000-2009	53	0.00492	0.00491	0.5	93339	458	93110	2657861	28.48
2000-2009	54	0.00524	0.00523	0.5	92881	486	92638	2564751	27.61
2000-2009	55	0.00576	0.00574	0.5	92395	531	92130	2472113	26.76
2000-2009	56	0.00606	0.00604	0.5	91865	555	91587	2379983	25.91
2000-2009	57	0.00672	0.00670	0.5	91310	612	91004	2288396	25.06
2000-2009	58	0.00733	0.00730	0.5	90698	662	90367	2197392	24.23
2000-2009	59	0.00791	0.00788	0.5	90036	709	89681	2107024	23.40
2000-2009	60	0.00872	0.00869	0.5	89327	776	88939	2017343	22.58
2000-2009	61	0.00941	0.00937	0.5	88551	829	88136	1928404	21.78
2000-2009	62	0.01029	0.01024	0.5	87722	898	87273	1840268	20.98
2000-2009	63	0.01137	0.01131	0.5	86824	982	86333	1752995	20.19
2000-2009	64	0.01240	0.01232	0.5	85842	1058	85313	1666663	19.42
2000-2009	65	0.01343	0.01334	0.5	84784	1131	84219	1581350	18.65
2000-2009	66	0.01452	0.01441	0.5	83653	1206	83050	1497131	17.90
2000-2009	67	0.01599	0.01586	0.5	82447	1308	81794	1414081	17.15
2000-2009	68	0.01746	0.01731	0.5	81140	1404	80437	1332287	16.42
2000-2009	69	0.01913	0.01895	0.5	79735	1511	78980	1251850	15.70
2000-2009	70	0.02110	0.02088	0.5	78225	1633	77408	1172870	14.99
2000-2009	71	0.02291	0.02265	0.5	76591	1735	75724	1095462	14.30
2000-2009	72	0.02515	0.02483	0.5	74857	1859	73927	1019738	13.62
2000-2009	73	0.02760	0.02722	0.5	72998	1987	72004	945811	12.96
2000-2009	74	0.03020	0.02975	0.5	71010	2113	69954	873807	12.31
2000-2009	75	0.03362	0.03306	0.5	68898	2278	67759	803853	11.67
2000-2009	76	0.03649	0.03584	0.5	66620	2388	65426	736095	11.05
2000-2009	77	0.03997	0.03918	0.5	64232	2517	62974	670669	10.44
2000-2009	78	0.04421	0.04325	0.5	61715	2669	60381	607695	9.85
2000-2009	79	0.04864	0.04748	0.5	59046	2804	57644	547314	9.27
2000-2009	80	0.05586	0.05434	0.5	56242	3056	54714	489670	8.71
2000-2009	81	0.06178	0.05993	0.5	53186	3188	51592	434956	8.18
2000-2009	82	0.06888	0.06658	0.5	49998	3329	48334	383364	7.67
2000-2009	83	0.07644	0.07362	0.5	46669	3436	44951	335030	7.18
2000-2009	84	0.08510	0.08163	0.5	43233	3529	41469	290079	6.71
2000-2009	85	0.09525	0.09092	0.5	39704	3610	37899	248610	6.26
2000-2009	86	0.10675	0.10134	0.5	36094	3658	34265	210711	5.84
2000-2009	87	0.11876	0.11210	0.5	32436	3636	30618	176446	5.44
2000-2009	88	0.13225	0.12405	0.5	28800	3573	27014	145827	5.06
2000-2009	89	0.14822	0.13800	0.5	25228	3481	23487	118813	4.71
2000-2009	90	0.16347	0.15112	0.5	21746	3286	20103	95326	4.38
2000-2009	91	0.18174	0.16660	0.5	18460	3075	16922	75223	4.07
2000-2009	92	0.20173	0.18325	0.5	15385	2819	13975	58301	3.79
2000-2009	93	0.22286	0.20052	0.5	12566	2520	11306	44326	3.53
2000-2009	94	0.24616	0.21919	0.5	10046	2202	8945	33020	3.29
2000-2009	95	0.26750	0.23594	0.5	7844	1851	6919	24075	3.07
2000-2009	96	0.29296	0.25553	0.5	5993	1531	5228	17156	2.86
2000-2009	97	0.31982	0.27573	0.5	4462	1230	3847	11929	2.67
2000-2009	98	0.34798	0.29641	0.5	3232	958	2753	8082	2.50
2000-2009	99	0.37730	0.31742	0.5	2274	722	1913	5330	2.34
2000-2009	100	0.40759	0.33859	0.5	1552	525	1289	3417	2.20
2000-2009	101	0.43865	0.35975	0.5	1027	369	842	2127	2.07
2000-2009	102	0.47024	0.38073	0.5	657	250	532	1286	1.96
2000-2009	103	0.50213	0.40136	0.5	407	163	325	753	1.85
2000-2009	104	0.53404	0.42149	0.5	244	103	192	428	1.76
2000-2009	105	0.56572	0.44099	0.5	141	62	110	236	1.67
2000-2009	106	0.59692	0.45971	0.5	79	36	61	126	1.60
2000-2009	107	0.62739	0.47758	0.5	43	20	32	65	1.53
2000-2009	108	0.65692	0.49450	0.5	22	11	17	33	1.48
2000-2009	109	0.68531	0.51041	0.5	11	6	8	16	1.43
2000-2009	110+	0.71241	1.00000	1.4	6	6	8	8	1.40
2010-2019	0	0.00500	0.00497	0.06	100000	497	99534	7998136	79.98
2010-2019	1	0.00029	0.00029	0.5	99503	29	99488	7898602	79.38
2010-2019	2	0.00019	0.00019	0.5	99474	19	99464	7799114	78.40
2010-2019	3	0.00015	0.00015	0.5	99455	15	99447	7699649	77.42
2010-2019	4	0.00013	0.00013	0.5	99440	13	99434	7600202	76.43
2010-2019	5	0.00010	0.00010	0.5	99427	10	99422	7500768	75.44
2010-2019	6	0.00010	0.00010	0.5	99417	10	99412	7401346	74.45
2010-2019	7	0.00009	0.00009	0.5	99407	9	99402	7301934	73.45
2010-2019	8	0.00010	0.00010	0.5	99398	10	99393	7202531	72.46
2010-2019	9	0.00009	0.00009	0.5	99388	9	99383	7103139	71.47
2010-2019	10	0.00009	0.00009	0.5	99378	9	99374	7003756	70.48
2010-2019	11	0.00010	0.00010	0.5	99369	9	99364	6904382	69.48
2010-2019	12	0.00011	0.00011	0.5	99360	11	99354	6805018	68.49
2010-2019	13	0.00013	0.00013	0.5	99349	13	99343	6705664	67.50
2010-2019	14	0.00016	0.00016	0.5	99336	16	99328	6606321	66.50
2010-2019	15	0.00019	0.00019	0.5	99321	19	99311	6506993	65.52
2010-2019	16	0.00025	0.00025	0.5	99302	25	99289	6407682	64.53
2010-2019	17	0.00034	0.00034	0.5	99277	33	99260	6308392	63.54
2010-2019	18	0.00046	0.00046	0.5	99243	45	99221	6209132	62.56
2010-2019	19	0.00053	0.00053	0.5	99198	52	99172	6109911	61.59
2010-2019	20	0.00063	0.00063	0.5	99146	62	99115	6010739	60.63
2010-2019	21	0.00074	0.00074	0.5	99084	74	99047	5911624	59.66
2010-2019	22	0.00083	0.00083	0.5	99010	82	98969	5812577	58.71
2010-2019	23	0.00086	0.00086	0.5	98928	85	98886	5713608	57.76
2010-2019	24	0.00091	0.00091	0.5	98843	90	98798	5614723	56.80
2010-2019	25	0.00093	0.00093	0.5	98753	92	98707	5515925	55.86
2010-2019	26	0.00099	0.00099	0.5	98661	97	98612	5417218	54.91
2010-2019	27	0.00100	0.00100	0.5	98564	98	98515	5318605	53.96
2010-2019	28	0.00105	0.00105	0.5	98465	103	98414	5220091	53.01
2010-2019	29	0.00107	0.00107	0.5	98362	105	98310	5121677	52.07
2010-2019	30	0.00110	0.00109	0.5	98257	108	98203	5023368	51.12
2010-2019	31	0.00114	0.00114	0.5	98149	112	98093	4925164	50.18
2010-2019	32	0.00118	0.00118	0.5	98037	115	97980	4827071	49.24
2010-2019	33	0.00121	0.00121	0.5	97922	119	97863	4729091	48.29
2010-2019	34	0.00125	0.00125	0.5	97803	122	97742	4631229	47.35
2010-2019	35	0.00129	0.00129	0.5	97681	126	97619	4533486	46.41
2010-2019	36	0.00134	0.00134	0.5	97556	130	97491	4435868	45.47
2010-2019	37	0.00138	0.00138	0.5	97425	134	97358	4338377	44.53
2010-2019	38	0.00143	0.00143	0.5	97291	139	97222	4241019	43.59
2010-2019	39	0.00151	0.00151	0.5	97152	147	97079	4143797	42.65
2010-2019	40	0.00159	0.00159	0.5	97005	154	96928	4046718	41.72
2010-2019	41	0.00169	0.00169	0.5	96851	164	96769	3949790	40.78
2010-2019	42	0.00178	0.00178	0.5	96688	172	96601	3853021	39.85
2010-2019	43	0.00192	0.00192	0.5	96515	185	96423	3756419	38.92
2010-2019	44	0.00208	0.00208	0.5	96330	200	96230	3659997	37.99
2010-2019	45	0.00226	0.00225	0.5	96130	217	96022	3563767	37.07
2010-2019	46	0.00249	0.00249	0.5	95914	239	95794	3467745	36.15
2010-2019	47	0.00271	0.00271	0.5	95675	259	95545	3371951	35.24
2010-2019	48	0.00292	0.00291	0.5	95416	278	95277	3276405	34.34
2010-2019	49	0.00321	0.00321	0.5	95138	305	94985	3181129	33.44
2010-2019	50	0.00356	0.00355	0.5	94833	337	94665	3086143	32.54
2010-2019	51	0.00386	0.00385	0.5	94496	364	94314	2991478	31.66
2010-2019	52	0.00420	0.00419	0.5	94132	394	93935	2897164	30.78
2010-2019	53	0.00449	0.00448	0.5	93738	420	93528	2803229	29.90
2010-2019	54	0.00491	0.00490	0.5	93318	457	93090	2709700	29.04
2010-2019	55	0.00531	0.00529	0.5	92861	492	92616	2616611	28.18
2010-2019	56	0.00574	0.00572	0.5	92370	529	92105	2523995	27.32
2010-2019	57	0.00620	0.00618	0.5	91841	568	91557	2431890	26.48
2010-2019	58	0.00668	0.00666	0.5	91273	608	90969	2340333	25.64
2010-2019	59	0.00716	0.00714	0.5	90665	647	90342	2249363	24.81
2010-2019	60	0.00773	0.00770	0.5	90018	694	89672	2159022	23.98
2010-2019	61	0.00830	0.00826	0.5	89325	738	88956	2069350	23.17
2010-2019	62	0.00901	0.00897	0.5	88587	794	88189	1980394	22.36
2010-2019	63	0.00977	0.00973	0.5	87792	854	87365	1892205	21.55
2010-2019	64	0.01052	0.01047	0.5	86938	910	86483	1804840	20.76
2010-2019	65	0.01134	0.01127	0.5	86028	970	85543	1718357	19.97
2010-2019	66	0.01223	0.01215	0.5	85058	1034	84541	1632813	19.20
2010-2019	67	0.01330	0.01321	0.5	84024	1110	83469	1548272	18.43
2010-2019	68	0.01454	0.01443	0.5	82914	1196	82316	1464803	17.67
2010-2019	69	0.01579	0.01566	0.5	81718	1280	81078	1382486	16.92
2010-2019	70	0.01737	0.01722	0.5	80438	1385	79745	1301408	16.18
2010-2019	71	0.01904	0.01886	0.5	79053	1491	78307	1221663	15.45
2010-2019	72	0.02087	0.02065	0.5	77562	1602	76761	1143356	14.74
2010-2019	73	0.02267	0.02242	0.5	75960	1703	75109	1066595	14.04
2010-2019	74	0.02515	0.02484	0.5	74257	1845	73335	991486	13.35
2010-2019	75	0.02763	0.02725	0.5	72412	1973	71426	918152	12.68
2010-2019	76	0.03049	0.03004	0.5	70439	2116	69381	846726	12.02
2010-2019	77	0.03371	0.03316	0.5	68323	2265	67191	777345	11.38
2010-2019	78	0.03699	0.03632	0.5	66058	2399	64858	710154	10.75
2010-2019	79	0.04096	0.04014	0.5	63659	2555	62381	645295	10.14
2010-2019	80	0.04551	0.04450	0.5	61103	2719	59744	582914	9.54
2010-2019	81	0.05077	0.04951	0.5	58384	2891	56939	523171	8.96
2010-2019	82	0.05704	0.05546	0.5	55493	3078	53955	466232	8.40
2010-2019	83	0.06344	0.06149	0.5	52416	3223	50804	412277	7.87
2010-2019	84	0.07092	0.06849	0.5	49193	3369	47508	361473	7.35
2010-2019	85	0.07922	0.07621	0.5	45823	3492	44077	313965	6.85
2010-2019	86	0.08902	0.08523	0.5	42331	3608	40527	269888	6.38
2010-2019	87	0.10125	0.09637	0.5	38723	3732	36858	229360	5.92
2010-2019	88	0.11335	0.10727	0.5	34992	3754	33115	192503	5.50
2010-2019	89	0.12804	0.12034	0.5	31238	3759	29359	159388	5.10
2010-2019	90	0.14459	0.13485	0.5	27479	3705	25626	130029	4.73
2010-2019	91	0.16089	0.14891	0.5	23774	3540	22003	104403	4.39
2010-2019	92	0.18072	0.16574	0.5	20233	3353	18557	82400	4.07
2010-2019	93	0.20087	0.18253	0.5	16880	3081	15339	63843	3.78
2010-2019	94	0.22437	0.20174	0.5	13799	2784	12407	48504	3.52
2010-2019	95	0.24283	0.21654	0.5	11015	2385	9822	36097	3.28
2010-2019	96	0.26799	0.23632	0.5	8630	2039	7610	26275	3.04
2010-2019	97	0.29477	0.25690	0.5	6590	1693	5744	18664	2.83
2010-2019	98	0.32308	0.27815	0.5	4897	1362	4216	12921	2.64
2010-2019	99	0.35278	0.29988	0.5	3535	1060	3005	8704	2.46
2010-2019	100	0.38370	0.32194	0.5	2475	797	2077	5699	2.30
2010-2019	101	0.41564	0.34412	0.5	1678	578	1389	3623	2.16
2010-2019	102	0.44834	0.36624	0.5	1101	403	899	2233	2.03
2010-2019	103	0.48153	0.38809	0.5	698	271	562	1334	1.91
2010-2019	104	0.51493	0.40950	0.5	427	175	339	772	1.81
2010-2019	105	0.54823	0.43029	0.5	252	108	198	432	1.72
2010-2019	106	0.58115	0.45030	0.5	144	65	111	235	1.63
2010-2019	107	0.61340	0.46942	0.5	79	37	60	123	1.56
2010-2019	108	0.64471	0.48755	0.5	42	20	32	63	1.50
2010-2019	109	0.67486	0.50460	0.5	21	11	16	31	1.45
2010-2019	110+	0.70366	1.00000	1.42	11	11	15	15	1.42
