Reg1: , Lifetables (period 1x10), Males Last modified: 20 Dec 2020, MPv5 (May07) 

Year     	Age	mx	qx	ax	lx	dx	Lx	Tx	ex
1960-1969	0	0.02588	0.02530	0.11	100000	2530	97760	6697799	66.98
1960-1969	1	0.00132	0.00131	0.5	97470	128	97406	6600039	67.71
1960-1969	2	0.00089	0.00089	0.5	97342	86	97299	6502632	66.80
1960-1969	3	0.00072	0.00072	0.5	97256	70	97221	6405333	65.86
1960-1969	4	0.00063	0.00063	0.5	97186	61	97156	6308112	64.91
1960-1969	5	0.00056	0.00056	0.5	97125	55	97098	6210956	63.95
1960-1969	6	0.00053	0.00053	0.5	97071	51	97045	6113858	62.98
1960-1969	7	0.00048	0.00048	0.5	97020	46	96996	6016813	62.02
1960-1969	8	0.00042	0.00042	0.5	96973	41	96953	5919817	61.05
1960-1969	9	0.00038	0.00038	0.5	96933	37	96914	5822864	60.07
1960-1969	10	0.00037	0.00037	0.5	96896	36	96877	5725950	59.09
1960-1969	11	0.00039	0.00039	0.5	96859	37	96841	5629072	58.12
1960-1969	12	0.00040	0.00040	0.5	96822	39	96803	5532231	57.14
1960-1969	13	0.00048	0.00048	0.5	96783	47	96760	5435429	56.16
1960-1969	14	0.00055	0.00055	0.5	96736	54	96710	5338669	55.19
1960-1969	15	0.00069	0.00069	0.5	96683	66	96650	5241959	54.22
1960-1969	16	0.00090	0.00090	0.5	96616	87	96573	5145310	53.25
1960-1969	17	0.00119	0.00119	0.5	96529	114	96472	5048737	52.30
1960-1969	18	0.00146	0.00146	0.5	96415	141	96344	4952265	51.36
1960-1969	19	0.00161	0.00161	0.5	96274	155	96196	4855921	50.44
1960-1969	20	0.00157	0.00157	0.5	96119	151	96043	4759724	49.52
1960-1969	21	0.00169	0.00169	0.5	95968	162	95887	4663681	48.60
1960-1969	22	0.00167	0.00167	0.5	95806	160	95726	4567794	47.68
1960-1969	23	0.00159	0.00159	0.5	95646	152	95570	4472068	46.76
1960-1969	24	0.00156	0.00156	0.5	95494	149	95420	4376498	45.83
1960-1969	25	0.00157	0.00157	0.5	95346	150	95271	4281078	44.90
1960-1969	26	0.00153	0.00152	0.5	95196	145	95123	4185807	43.97
1960-1969	27	0.00158	0.00158	0.5	95050	150	94975	4090684	43.04
1960-1969	28	0.00161	0.00161	0.5	94900	153	94824	3995709	42.10
1960-1969	29	0.00162	0.00161	0.5	94747	153	94671	3900885	41.17
1960-1969	30	0.00170	0.00169	0.5	94594	160	94514	3806214	40.24
1960-1969	31	0.00175	0.00175	0.5	94434	165	94352	3711700	39.30
1960-1969	32	0.00182	0.00182	0.5	94269	172	94183	3617348	38.37
1960-1969	33	0.00195	0.00194	0.5	94098	183	94006	3523165	37.44
1960-1969	34	0.00210	0.00210	0.5	93915	197	93816	3429159	36.51
1960-1969	35	0.00235	0.00235	0.5	93718	220	93607	3335343	35.59
1960-1969	36	0.00245	0.00244	0.5	93497	228	93383	3241735	34.67
1960-1969	37	0.00273	0.00272	0.5	93269	254	93142	3148352	33.76
1960-1969	38	0.00305	0.00304	0.5	93015	283	92873	3055210	32.85
1960-1969	39	0.00328	0.00327	0.5	92732	303	92580	2962337	31.95
1960-1969	40	0.00369	0.00368	0.5	92429	340	92259	2869756	31.05
1960-1969	41	0.00389	0.00388	0.5	92088	357	91910	2777498	30.16
1960-1969	42	0.00445	0.00444	0.5	91731	407	91528	2685588	29.28
1960-1969	43	0.00479	0.00478	0.5	91324	436	91106	2594061	28.41
1960-1969	44	0.00524	0.00523	0.5	90887	475	90650	2502955	27.54
1960-1969	45	0.00594	0.00592	0.5	90412	535	90145	2412305	26.68
1960-1969	46	0.00643	0.00641	0.5	89877	576	89589	2322160	25.84
1960-1969	47	0.00721	0.00719	0.5	89301	642	88980	2232571	25.00
1960-1969	48	0.00796	0.00793	0.5	88659	703	88308	2143591	24.18
1960-1969	49	0.00875	0.00872	0.5	87956	767	87573	2055284	23.37
1960-1969	50	0.01004	0.00999	0.5	87189	871	86754	1967711	22.57
1960-1969	51	0.01068	0.01062	0.5	86318	917	85860	1880957	21.79
1960-1969	52	0.01219	0.01212	0.5	85401	1035	84884	1795097	21.02
1960-1969	53	0.01328	0.01319	0.5	84366	1113	83810	1710214	20.27
1960-1969	54	0.01461	0.01450	0.5	83253	1207	82650	1626404	19.54
1960-1969	55	0.01577	0.01565	0.5	82046	1284	81404	1543754	18.82
1960-1969	56	0.01729	0.01715	0.5	80762	1385	80070	1462350	18.11
1960-1969	57	0.01908	0.01890	0.5	79377	1500	78627	1382280	17.41
1960-1969	58	0.02087	0.02065	0.5	77877	1608	77073	1303653	16.74
1960-1969	59	0.02273	0.02248	0.5	76269	1714	75412	1226580	16.08
1960-1969	60	0.02492	0.02462	0.5	74555	1835	73637	1151168	15.44
1960-1969	61	0.02652	0.02618	0.5	72719	1904	71767	1077531	14.82
1960-1969	62	0.03013	0.02968	0.5	70816	2102	69765	1005764	14.20
1960-1969	63	0.03182	0.03132	0.5	68714	2152	67638	935999	13.62
1960-1969	64	0.03438	0.03379	0.5	66562	2249	65437	868361	13.05
1960-1969	65	0.03857	0.03784	0.5	64312	2434	63095	802924	12.48
1960-1969	66	0.03945	0.03869	0.5	61878	2394	60682	739829	11.96
1960-1969	67	0.04450	0.04353	0.5	59485	2589	58190	679147	11.42
1960-1969	68	0.04727	0.04617	0.5	56895	2627	55582	620957	10.91
1960-1969	69	0.05023	0.04900	0.5	54268	2659	52938	565376	10.42
1960-1969	70	0.05574	0.05423	0.5	51609	2799	50209	512437	9.93
1960-1969	71	0.05717	0.05558	0.5	48810	2713	47454	462228	9.47
1960-1969	72	0.06574	0.06364	0.5	46097	2934	44630	414775	9.00
1960-1969	73	0.06911	0.06680	0.5	43163	2883	41722	370144	8.58
1960-1969	74	0.07456	0.07188	0.5	40280	2895	38832	328423	8.15
1960-1969	75	0.08161	0.07841	0.5	37385	2931	35919	289590	7.75
1960-1969	76	0.08538	0.08188	0.5	34453	2821	33043	253671	7.36
1960-1969	77	0.09072	0.08678	0.5	31632	2745	30260	220628	6.97
1960-1969	78	0.09948	0.09477	0.5	28887	2738	27518	190368	6.59
1960-1969	79	0.10468	0.09947	0.5	26150	2601	24849	162850	6.23
1960-1969	80	0.12099	0.11409	0.5	23548	2687	22205	138001	5.86
1960-1969	81	0.12350	0.11632	0.5	20862	2427	19649	115796	5.55
1960-1969	82	0.13803	0.12912	0.5	18435	2380	17245	96147	5.22
1960-1969	83	0.15099	0.14039	0.5	16055	2254	14928	78902	4.91
1960-1969	84	0.16595	0.15324	0.5	13801	2115	12744	63974	4.64
1960-1969	85	0.17863	0.16399	0.5	11686	1916	10728	51231	4.38
1960-1969	86	0.19092	0.17428	0.5	9770	1703	8918	40503	4.15
1960-1969	87	0.20538	0.18625	0.5	8067	1503	7316	31584	3.92
1960-1969	88	0.21895	0.19735	0.5	6565	1295	5917	24268	3.70
1960-1969	89	0.23839	0.21300	0.5	5269	1122	4708	18352	3.48
1960-1969	90	0.26164	0.23137	0.5	4147	959	3667	13644	3.29
1960-1969	91	0.26962	0.23759	0.5	3187	757	2809	9977	3.13
1960-1969	92	0.29739	0.25889	0.5	2430	629	2115	7168	2.95
1960-1969	93	0.31357	0.27107	0.5	1801	488	1557	5053	2.81
1960-1969	94	0.33375	0.28602	0.5	1313	375	1125	3496	2.66
1960-1969	95	0.35514	0.30159	0.5	937	283	796	2371	2.53
1960-1969	96	0.37701	0.31722	0.5	655	208	551	1575	2.41
1960-1969	97	0.39940	0.33292	0.5	447	149	373	1024	2.29
1960-1969	98	0.42221	0.34862	0.5	298	104	246	652	2.19
1960-1969	99	0.44536	0.36425	0.5	194	71	159	405	2.09
1960-1969	100	0.46875	0.37975	0.5	123	47	100	247	2.00
1960-1969	101	0.49228	0.39504	0.5	77	30	61	147	1.91
1960-1969	102	0.51584	0.41008	0.5	46	19	37	85	1.84
1960-1969	103	0.53933	0.42478	0.5	27	12	22	48	1.77
1960-1969	104	0.56265	0.43912	0.5	16	7	12	27	1.70
1960-1969	105	0.58570	0.45303	0.5	9	4	7	14	1.64
1960-1969	106	0.60837	0.46648	0.5	5	2	4	8	1.59
1960-1969	107	0.63059	0.47943	0.5	3	1	2	4	1.54
1960-1969	108	0.65227	0.49186	0.5	1	1	1	2	1.50
1960-1969	109	0.67333	0.50374	0.5	1	0	1	1	1.46
1960-1969	110+	0.69372	1.00000	1.44	0	0	0	0	1.44
1970-1979	0	0.01775	0.01747	0.09	100000	1747	98415	6874297	68.74
1970-1979	1	0.00096	0.00096	0.5	98253	94	98206	6775883	68.96
1970-1979	2	0.00070	0.00070	0.5	98158	69	98124	6677677	68.03
1970-1979	3	0.00061	0.00061	0.5	98090	60	98060	6579553	67.08
1970-1979	4	0.00051	0.00051	0.5	98030	50	98005	6481494	66.12
1970-1979	5	0.00048	0.00048	0.5	97979	47	97956	6383489	65.15
1970-1979	6	0.00041	0.00041	0.5	97933	40	97912	6285533	64.18
1970-1979	7	0.00038	0.00038	0.5	97892	37	97874	6187620	63.21
1970-1979	8	0.00035	0.00035	0.5	97855	34	97838	6089747	62.23
1970-1979	9	0.00033	0.00033	0.5	97821	32	97805	5991909	61.25
1970-1979	10	0.00031	0.00031	0.5	97789	31	97773	5894105	60.27
1970-1979	11	0.00031	0.00031	0.5	97758	30	97743	5796331	59.29
1970-1979	12	0.00035	0.00035	0.5	97728	34	97711	5698588	58.31
1970-1979	13	0.00041	0.00041	0.5	97694	40	97674	5600877	57.33
1970-1979	14	0.00053	0.00053	0.5	97654	51	97629	5503202	56.35
1970-1979	15	0.00069	0.00068	0.5	97603	67	97570	5405573	55.38
1970-1979	16	0.00095	0.00095	0.5	97536	93	97490	5308004	54.42
1970-1979	17	0.00130	0.00130	0.5	97444	127	97380	5210514	53.47
1970-1979	18	0.00163	0.00163	0.5	97317	159	97237	5113134	52.54
1970-1979	19	0.00173	0.00173	0.5	97158	168	97074	5015897	51.63
1970-1979	20	0.00185	0.00184	0.5	96990	179	96901	4918823	50.71
1970-1979	21	0.00196	0.00196	0.5	96811	189	96716	4821922	49.81
1970-1979	22	0.00190	0.00190	0.5	96622	183	96530	4725206	48.90
1970-1979	23	0.00185	0.00185	0.5	96438	178	96349	4628676	48.00
1970-1979	24	0.00185	0.00184	0.5	96260	178	96171	4532326	47.08
1970-1979	25	0.00182	0.00182	0.5	96083	175	95995	4436155	46.17
1970-1979	26	0.00174	0.00174	0.5	95908	167	95824	4340160	45.25
1970-1979	27	0.00175	0.00174	0.5	95741	167	95657	4244336	44.33
1970-1979	28	0.00170	0.00170	0.5	95574	163	95492	4148678	43.41
1970-1979	29	0.00172	0.00172	0.5	95411	164	95329	4053186	42.48
1970-1979	30	0.00181	0.00181	0.5	95247	172	95161	3957857	41.55
1970-1979	31	0.00176	0.00176	0.5	95075	167	94991	3862696	40.63
1970-1979	32	0.00189	0.00189	0.5	94908	179	94818	3767705	39.70
1970-1979	33	0.00201	0.00201	0.5	94729	190	94634	3672886	38.77
1970-1979	34	0.00208	0.00207	0.5	94539	196	94441	3578253	37.85
1970-1979	35	0.00231	0.00230	0.5	94343	217	94234	3483812	36.93
1970-1979	36	0.00234	0.00234	0.5	94125	220	94015	3389578	36.01
1970-1979	37	0.00255	0.00255	0.5	93905	240	93785	3295563	35.09
1970-1979	38	0.00278	0.00277	0.5	93666	260	93536	3201777	34.18
1970-1979	39	0.00307	0.00307	0.5	93406	286	93263	3108242	33.28
1970-1979	40	0.00333	0.00332	0.5	93119	310	92965	3014979	32.38
1970-1979	41	0.00359	0.00359	0.5	92810	333	92644	2922014	31.48
1970-1979	42	0.00405	0.00404	0.5	92477	373	92290	2829371	30.60
1970-1979	43	0.00439	0.00438	0.5	92104	404	91902	2737080	29.72
1970-1979	44	0.00475	0.00474	0.5	91700	435	91483	2645178	28.85
1970-1979	45	0.00556	0.00554	0.5	91265	506	91012	2553695	27.98
1970-1979	46	0.00593	0.00591	0.5	90760	536	90491	2462683	27.13
1970-1979	47	0.00648	0.00646	0.5	90223	583	89932	2372192	26.29
1970-1979	48	0.00701	0.00699	0.5	89640	626	89327	2282260	25.46
1970-1979	49	0.00786	0.00783	0.5	89014	697	88666	2192933	24.64
1970-1979	50	0.00863	0.00860	0.5	88317	759	87938	2104268	23.83
1970-1979	51	0.00927	0.00923	0.5	87558	808	87154	2016330	23.03
1970-1979	52	0.01020	0.01015	0.5	86750	880	86310	1929176	22.24
1970-1979	53	0.01108	0.01102	0.5	85870	946	85396	1842867	21.46
1970-1979	54	0.01217	0.01210	0.5	84923	1027	84409	1757470	20.69
1970-1979	55	0.01346	0.01337	0.5	83896	1122	83335	1673061	19.94
1970-1979	56	0.01459	0.01449	0.5	82774	1199	82175	1589726	19.21
1970-1979	57	0.01615	0.01602	0.5	81575	1307	80922	1507551	18.48
1970-1979	58	0.01764	0.01748	0.5	80268	1403	79567	1426630	17.77
1970-1979	59	0.01923	0.01904	0.5	78865	1502	78114	1347063	17.08
1970-1979	60	0.02132	0.02110	0.5	77363	1632	76547	1268949	16.40
1970-1979	61	0.02280	0.02254	0.5	75731	1707	74877	1192402	15.75
1970-1979	62	0.02570	0.02538	0.5	74024	1879	73085	1117524	15.10
1970-1979	63	0.02775	0.02737	0.5	72145	1975	71158	1044440	14.48
1970-1979	64	0.03008	0.02963	0.5	70171	2079	69131	973282	13.87
1970-1979	65	0.03338	0.03283	0.5	68091	2235	66974	904151	13.28
1970-1979	66	0.03497	0.03437	0.5	65856	2263	64724	837177	12.71
1970-1979	67	0.03865	0.03792	0.5	63593	2411	62387	772453	12.15
1970-1979	68	0.04163	0.04078	0.5	61181	2495	59934	710066	11.61
1970-1979	69	0.04506	0.04406	0.5	58687	2586	57394	650132	11.08
1970-1979	70	0.04904	0.04786	0.5	56101	2685	54758	592738	10.57
1970-1979	71	0.05245	0.05111	0.5	53415	2730	52050	537980	10.07
1970-1979	72	0.05812	0.05648	0.5	50685	2863	49254	485930	9.59
1970-1979	73	0.06209	0.06022	0.5	47823	2880	46383	436676	9.13
1970-1979	74	0.06668	0.06453	0.5	44943	2900	43493	390293	8.68
1970-1979	75	0.07429	0.07163	0.5	42043	3012	40537	346800	8.25
1970-1979	76	0.07854	0.07557	0.5	39031	2950	37556	306263	7.85
1970-1979	77	0.08412	0.08072	0.5	36081	2913	34625	268707	7.45
1970-1979	78	0.09227	0.08820	0.5	33169	2925	31706	234082	7.06
1970-1979	79	0.10011	0.09534	0.5	30243	2883	28802	202376	6.69
1970-1979	80	0.10813	0.10258	0.5	27360	2807	25956	173575	6.34
1970-1979	81	0.11366	0.10755	0.5	24553	2641	23233	147618	6.01
1970-1979	82	0.12503	0.11768	0.5	21913	2579	20623	124385	5.68
1970-1979	83	0.13573	0.12711	0.5	19334	2457	18105	103762	5.37
1970-1979	84	0.14709	0.13702	0.5	16877	2312	15720	85657	5.08
1970-1979	85	0.15848	0.14684	0.5	14564	2139	13495	69937	4.80
1970-1979	86	0.17022	0.15687	0.5	12426	1949	11451	56442	4.54
1970-1979	87	0.18296	0.16763	0.5	10476	1756	9598	44991	4.29
1970-1979	88	0.19612	0.17861	0.5	8720	1557	7942	35392	4.06
1970-1979	89	0.21042	0.19039	0.5	7163	1364	6481	27451	3.83
1970-1979	90	0.22934	0.20575	0.5	5799	1193	5202	20970	3.62
1970-1979	91	0.24065	0.21480	0.5	4606	989	4111	15768	3.42
1970-1979	92	0.26621	0.23494	0.5	3617	850	3192	11656	3.22
1970-1979	93	0.28650	0.25060	0.5	2767	693	2420	8465	3.06
1970-1979	94	0.30323	0.26331	0.5	2073	546	1801	6044	2.92
1970-1979	95	0.31839	0.27466	0.5	1528	420	1318	4244	2.78
1970-1979	96	0.33846	0.28948	0.5	1108	321	948	2926	2.64
1970-1979	97	0.35914	0.30447	0.5	787	240	667	1979	2.51
1970-1979	98	0.38035	0.31957	0.5	548	175	460	1311	2.39
1970-1979	99	0.40203	0.33474	0.5	373	125	310	851	2.28
1970-1979	100	0.42410	0.34990	0.5	248	87	204	541	2.18
1970-1979	101	0.44647	0.36499	0.5	161	59	132	336	2.09
1970-1979	102	0.46907	0.37995	0.5	102	39	83	205	2.00
1970-1979	103	0.49179	0.39473	0.5	63	25	51	122	1.92
1970-1979	104	0.51454	0.40925	0.5	38	16	31	71	1.84
1970-1979	105	0.53724	0.42348	0.5	23	10	18	40	1.78
1970-1979	106	0.55978	0.43737	0.5	13	6	10	22	1.71
1970-1979	107	0.58208	0.45086	0.5	7	3	6	12	1.66
1970-1979	108	0.60405	0.46393	0.5	4	2	3	7	1.61
1970-1979	109	0.62560	0.47654	0.5	2	1	2	3	1.57
1970-1979	110+	0.64667	1.00000	1.55	1	1	2	2	1.55
1980-1989	0	0.01192	0.01179	0.08	100000	1179	98912	7096778	70.97
1980-1989	1	0.00074	0.00074	0.5	98821	73	98785	6997865	70.81
1980-1989	2	0.00054	0.00054	0.5	98749	53	98722	6899080	69.87
1980-1989	3	0.00044	0.00044	0.5	98696	43	98674	6800358	68.90
1980-1989	4	0.00034	0.00034	0.5	98652	34	98635	6701685	67.93
1980-1989	5	0.00030	0.00030	0.5	98618	30	98603	6603049	66.96
1980-1989	6	0.00028	0.00028	0.5	98588	28	98575	6504446	65.98
1980-1989	7	0.00028	0.00028	0.5	98561	27	98547	6405871	64.99
1980-1989	8	0.00025	0.00025	0.5	98533	24	98521	6307324	64.01
1980-1989	9	0.00024	0.00024	0.5	98509	23	98497	6208803	63.03
1980-1989	10	0.00023	0.00023	0.5	98486	22	98475	6110305	62.04
1980-1989	11	0.00024	0.00024	0.5	98463	24	98451	6011831	61.06
1980-1989	12	0.00027	0.00027	0.5	98440	27	98426	5913379	60.07
1980-1989	13	0.00032	0.00032	0.5	98413	32	98397	5814953	59.09
1980-1989	14	0.00039	0.00039	0.5	98381	38	98362	5716556	58.11
1980-1989	15	0.00054	0.00054	0.5	98343	53	98316	5618194	57.13
1980-1989	16	0.00076	0.00076	0.5	98290	75	98252	5519878	56.16
1980-1989	17	0.00104	0.00104	0.5	98215	102	98164	5421625	55.20
1980-1989	18	0.00130	0.00130	0.5	98113	128	98049	5323461	54.26
1980-1989	19	0.00138	0.00138	0.5	97986	135	97918	5225412	53.33
1980-1989	20	0.00146	0.00146	0.5	97851	143	97779	5127494	52.40
1980-1989	21	0.00150	0.00150	0.5	97708	147	97635	5029714	51.48
1980-1989	22	0.00154	0.00154	0.5	97561	150	97486	4932080	50.55
1980-1989	23	0.00157	0.00156	0.5	97411	152	97335	4834593	49.63
1980-1989	24	0.00158	0.00158	0.5	97259	154	97182	4737258	48.71
1980-1989	25	0.00163	0.00163	0.5	97105	158	97026	4640076	47.78
1980-1989	26	0.00167	0.00167	0.5	96947	162	96866	4543050	46.86
1980-1989	27	0.00172	0.00172	0.5	96785	167	96702	4446184	45.94
1980-1989	28	0.00182	0.00182	0.5	96619	176	96531	4349482	45.02
1980-1989	29	0.00180	0.00180	0.5	96442	173	96356	4252951	44.10
1980-1989	30	0.00198	0.00198	0.5	96269	191	96174	4156595	43.18
1980-1989	31	0.00202	0.00202	0.5	96079	194	95982	4060421	42.26
1980-1989	32	0.00213	0.00213	0.5	95885	204	95783	3964439	41.35
1980-1989	33	0.00224	0.00224	0.5	95681	215	95573	3868657	40.43
1980-1989	34	0.00224	0.00224	0.5	95466	214	95359	3773083	39.52
1980-1989	35	0.00242	0.00242	0.5	95252	231	95137	3677724	38.61
1980-1989	36	0.00254	0.00254	0.5	95022	241	94901	3582587	37.70
1980-1989	37	0.00263	0.00262	0.5	94781	249	94656	3487686	36.80
1980-1989	38	0.00289	0.00289	0.5	94532	273	94396	3393030	35.89
1980-1989	39	0.00280	0.00279	0.5	94259	263	94128	3298634	35.00
1980-1989	40	0.00306	0.00305	0.5	93996	287	93853	3204506	34.09
1980-1989	41	0.00327	0.00327	0.5	93709	306	93556	3110654	33.19
1980-1989	42	0.00352	0.00352	0.5	93403	328	93239	3017097	32.30
1980-1989	43	0.00376	0.00375	0.5	93075	349	92900	2923858	31.41
1980-1989	44	0.00398	0.00397	0.5	92726	368	92542	2830958	30.53
1980-1989	45	0.00442	0.00441	0.5	92357	407	92154	2738416	29.65
1980-1989	46	0.00477	0.00476	0.5	91950	438	91731	2646263	28.78
1980-1989	47	0.00534	0.00533	0.5	91512	488	91269	2554531	27.91
1980-1989	48	0.00598	0.00596	0.5	91025	543	90754	2463262	27.06
1980-1989	49	0.00618	0.00616	0.5	90482	557	90203	2372509	26.22
1980-1989	50	0.00694	0.00691	0.5	89925	622	89614	2282305	25.38
1980-1989	51	0.00770	0.00767	0.5	89303	685	88961	2192692	24.55
1980-1989	52	0.00846	0.00843	0.5	88618	747	88245	2103731	23.74
1980-1989	53	0.00919	0.00915	0.5	87871	804	87469	2015486	22.94
1980-1989	54	0.00989	0.00985	0.5	87067	857	86639	1928017	22.14
1980-1989	55	0.01122	0.01116	0.5	86210	962	85729	1841378	21.36
1980-1989	56	0.01204	0.01197	0.5	85248	1020	84738	1755649	20.59
1980-1989	57	0.01297	0.01288	0.5	84228	1085	83685	1670911	19.84
1980-1989	58	0.01475	0.01464	0.5	83143	1218	82534	1587226	19.09
1980-1989	59	0.01554	0.01542	0.5	81925	1264	81293	1504692	18.37
1980-1989	60	0.01747	0.01732	0.5	80661	1397	79963	1423399	17.65
1980-1989	61	0.01887	0.01870	0.5	79264	1482	78524	1343436	16.95
1980-1989	62	0.02139	0.02116	0.5	77783	1646	76960	1264913	16.26
1980-1989	63	0.02272	0.02246	0.5	76137	1710	75281	1187953	15.60
1980-1989	64	0.02402	0.02374	0.5	74426	1767	73543	1112672	14.95
1980-1989	65	0.02687	0.02651	0.5	72659	1926	71696	1039129	14.30
1980-1989	66	0.02896	0.02854	0.5	70733	2019	69724	967433	13.68
1980-1989	67	0.03163	0.03113	0.5	68714	2139	67644	897709	13.06
1980-1989	68	0.03493	0.03433	0.5	66575	2285	65432	830065	12.47
1980-1989	69	0.03753	0.03683	0.5	64290	2368	63106	764632	11.89
1980-1989	70	0.04158	0.04073	0.5	61922	2522	60660	701527	11.33
1980-1989	71	0.04512	0.04412	0.5	59399	2621	58089	640866	10.79
1980-1989	72	0.05025	0.04902	0.5	56779	2783	55387	582777	10.26
1980-1989	73	0.05441	0.05297	0.5	53995	2860	52565	527390	9.77
1980-1989	74	0.05803	0.05639	0.5	51135	2884	49694	474825	9.29
1980-1989	75	0.06239	0.06050	0.5	48252	2919	46792	425132	8.81
1980-1989	76	0.06872	0.06643	0.5	45332	3012	43827	378339	8.35
1980-1989	77	0.07376	0.07114	0.5	42321	3011	40815	334513	7.90
1980-1989	78	0.07995	0.07688	0.5	39310	3022	37799	293698	7.47
1980-1989	79	0.08714	0.08350	0.5	36288	3030	34773	255899	7.05
1980-1989	80	0.09822	0.09362	0.5	33258	3114	31701	221126	6.65
1980-1989	81	0.10619	0.10083	0.5	30144	3040	28624	189424	6.28
1980-1989	82	0.11602	0.10965	0.5	27105	2972	25619	160800	5.93
1980-1989	83	0.12608	0.11860	0.5	24133	2862	22701	135181	5.60
1980-1989	84	0.13683	0.12806	0.5	21270	2724	19908	112480	5.29
1980-1989	85	0.14699	0.13693	0.5	18546	2540	17277	92571	4.99
1980-1989	86	0.15924	0.14749	0.5	16007	2361	14826	75295	4.70
1980-1989	87	0.17566	0.16147	0.5	13646	2203	12544	60468	4.43
1980-1989	88	0.18659	0.17067	0.5	11442	1953	10466	47924	4.19
1980-1989	89	0.20127	0.18287	0.5	9490	1735	8622	37458	3.95
1980-1989	90	0.21759	0.19624	0.5	7754	1522	6993	28836	3.72
1980-1989	91	0.23408	0.20955	0.5	6233	1306	5580	21843	3.50
1980-1989	92	0.25405	0.22541	0.5	4927	1111	4371	16263	3.30
1980-1989	93	0.27681	0.24316	0.5	3816	928	3352	11892	3.12
1980-1989	94	0.29437	0.25660	0.5	2888	741	2518	8540	2.96
1980-1989	95	0.31274	0.27045	0.5	2147	581	1857	6022	2.80
1980-1989	96	0.33373	0.28600	0.5	1566	448	1342	4165	2.66
1980-1989	97	0.35539	0.30177	0.5	1118	337	950	2823	2.52
1980-1989	98	0.37767	0.31768	0.5	781	248	657	1874	2.40
1980-1989	99	0.40047	0.33366	0.5	533	178	444	1217	2.28
1980-1989	100	0.42371	0.34964	0.5	355	124	293	773	2.18
1980-1989	101	0.44729	0.36554	0.5	231	84	189	480	2.08
1980-1989	102	0.47112	0.38130	0.5	146	56	119	291	1.99
1980-1989	103	0.49507	0.39684	0.5	91	36	73	173	1.90
1980-1989	104	0.51905	0.41210	0.5	55	23	43	100	1.83
1980-1989	105	0.54294	0.42702	0.5	32	14	25	56	1.76
1980-1989	106	0.56664	0.44154	0.5	18	8	14	31	1.69
1980-1989	107	0.59003	0.45562	0.5	10	5	8	17	1.64
1980-1989	108	0.61303	0.46921	0.5	6	3	4	9	1.59
1980-1989	109	0.63553	0.48228	0.5	3	1	2	5	1.55
1980-1989	110+	0.65745	1.00000	1.52	2	2	2	2	1.52
1990-1999	0	0.00854	0.00847	0.07	100000	847	99210	7309921	73.10
1990-1999	1	0.00057	0.00057	0.5	99153	57	99124	7210710	72.72
1990-1999	2	0.00040	0.00040	0.5	99096	40	99076	7111586	71.76
1990-1999	3	0.00030	0.00030	0.5	99056	30	99041	7012510	70.79
1990-1999	4	0.00024	0.00024	0.5	99026	24	99014	6913469	69.81
1990-1999	5	0.00021	0.00021	0.5	99002	20	98992	6814455	68.83
1990-1999	6	0.00019	0.00019	0.5	98981	19	98972	6715463	67.85
1990-1999	7	0.00018	0.00018	0.5	98962	18	98953	6616492	66.86
1990-1999	8	0.00018	0.00018	0.5	98944	18	98935	6517538	65.87
1990-1999	9	0.00016	0.00016	0.5	98926	15	98918	6418604	64.88
1990-1999	10	0.00017	0.00017	0.5	98910	17	98902	6319685	63.89
1990-1999	11	0.00020	0.00020	0.5	98893	20	98883	6220784	62.90
1990-1999	12	0.00022	0.00022	0.5	98873	21	98862	6121901	61.92
1990-1999	13	0.00025	0.00025	0.5	98852	25	98839	6023038	60.93
1990-1999	14	0.00035	0.00035	0.5	98827	35	98809	5924199	59.95
1990-1999	15	0.00044	0.00044	0.5	98792	43	98770	5825389	58.97
1990-1999	16	0.00069	0.00068	0.5	98749	68	98715	5726619	57.99
1990-1999	17	0.00090	0.00090	0.5	98681	89	98637	5627904	57.03
1990-1999	18	0.00113	0.00113	0.5	98592	111	98537	5529268	56.08
1990-1999	19	0.00119	0.00119	0.5	98481	117	98423	5430731	55.14
1990-1999	20	0.00125	0.00125	0.5	98364	123	98303	5332308	54.21
1990-1999	21	0.00137	0.00137	0.5	98241	135	98174	5234005	53.28
1990-1999	22	0.00132	0.00132	0.5	98107	130	98042	5135831	52.35
1990-1999	23	0.00136	0.00136	0.5	97977	133	97910	5037790	51.42
1990-1999	24	0.00128	0.00128	0.5	97844	126	97781	4939879	50.49
1990-1999	25	0.00136	0.00136	0.5	97718	133	97652	4842098	49.55
1990-1999	26	0.00141	0.00141	0.5	97586	137	97517	4744446	48.62
1990-1999	27	0.00148	0.00148	0.5	97448	144	97376	4646929	47.69
1990-1999	28	0.00159	0.00159	0.5	97304	154	97227	4549553	46.76
1990-1999	29	0.00161	0.00161	0.5	97150	156	97072	4452326	45.83
1990-1999	30	0.00182	0.00182	0.5	96994	177	96906	4355254	44.90
1990-1999	31	0.00194	0.00194	0.5	96817	188	96723	4258348	43.98
1990-1999	32	0.00202	0.00202	0.5	96629	195	96532	4161625	43.07
1990-1999	33	0.00216	0.00216	0.5	96434	209	96330	4065093	42.15
1990-1999	34	0.00226	0.00226	0.5	96226	217	96117	3968763	41.24
1990-1999	35	0.00238	0.00237	0.5	96009	228	95895	3872646	40.34
1990-1999	36	0.00257	0.00257	0.5	95781	246	95658	3776751	39.43
1990-1999	37	0.00271	0.00270	0.5	95535	258	95406	3681093	38.53
1990-1999	38	0.00297	0.00296	0.5	95277	282	95136	3585687	37.63
1990-1999	39	0.00295	0.00295	0.5	94994	280	94854	3490551	36.74
1990-1999	40	0.00323	0.00323	0.5	94714	306	94561	3395696	35.85
1990-1999	41	0.00349	0.00348	0.5	94408	329	94244	3301135	34.97
1990-1999	42	0.00357	0.00356	0.5	94080	335	93912	3206891	34.09
1990-1999	43	0.00380	0.00380	0.5	93744	356	93566	3112979	33.21
1990-1999	44	0.00396	0.00395	0.5	93388	369	93204	3019412	32.33
1990-1999	45	0.00416	0.00415	0.5	93020	386	92827	2926208	31.46
1990-1999	46	0.00452	0.00451	0.5	92634	417	92425	2833382	30.59
1990-1999	47	0.00475	0.00474	0.5	92216	437	91998	2740957	29.72
1990-1999	48	0.00522	0.00521	0.5	91779	478	91540	2648959	28.86
1990-1999	49	0.00525	0.00524	0.5	91301	478	91062	2557419	28.01
1990-1999	50	0.00568	0.00567	0.5	90823	515	90565	2466357	27.16
1990-1999	51	0.00629	0.00627	0.5	90308	567	90025	2375792	26.31
1990-1999	52	0.00667	0.00665	0.5	89741	597	89443	2285767	25.47
1990-1999	53	0.00742	0.00740	0.5	89145	659	88815	2196324	24.64
1990-1999	54	0.00786	0.00783	0.5	88485	693	88139	2107509	23.82
1990-1999	55	0.00877	0.00873	0.5	87792	767	87409	2019371	23.00
1990-1999	56	0.00957	0.00953	0.5	87026	829	86611	1931961	22.20
1990-1999	57	0.01024	0.01019	0.5	86197	878	85758	1845350	21.41
1990-1999	58	0.01183	0.01176	0.5	85318	1003	84817	1759593	20.62
1990-1999	59	0.01250	0.01242	0.5	84315	1047	83791	1674776	19.86
1990-1999	60	0.01382	0.01372	0.5	83268	1142	82697	1590984	19.11
1990-1999	61	0.01516	0.01505	0.5	82125	1236	81507	1508288	18.37
1990-1999	62	0.01684	0.01669	0.5	80889	1350	80214	1426781	17.64
1990-1999	63	0.01821	0.01804	0.5	79539	1435	78821	1346566	16.93
1990-1999	64	0.01984	0.01964	0.5	78104	1534	77337	1267745	16.23
1990-1999	65	0.02221	0.02196	0.5	76570	1682	75729	1190408	15.55
1990-1999	66	0.02384	0.02356	0.5	74888	1765	74006	1114679	14.88
1990-1999	67	0.02583	0.02550	0.5	73124	1865	72191	1040673	14.23
1990-1999	68	0.02880	0.02840	0.5	71259	2023	70247	968482	13.59
1990-1999	69	0.03078	0.03031	0.5	69236	2099	68186	898234	12.97
1990-1999	70	0.03385	0.03329	0.5	67137	2235	66019	830048	12.36
1990-1999	71	0.03723	0.03655	0.5	64902	2372	63716	764028	11.77
1990-1999	72	0.03997	0.03918	0.5	62530	2450	61305	700312	11.20
1990-1999	73	0.04325	0.04234	0.5	60080	2544	58808	639008	10.64
1990-1999	74	0.04705	0.04597	0.5	57536	2645	56213	580200	10.08
1990-1999	75	0.05088	0.04962	0.5	54891	2724	53529	523986	9.55
1990-1999	76	0.05667	0.05511	0.5	52167	2875	50730	470457	9.02
1990-1999	77	0.06170	0.05985	0.5	49292	2950	47817	419727	8.52
1990-1999	78	0.06748	0.06528	0.5	46342	3025	44830	371910	8.03
1990-1999	79	0.07342	0.07082	0.5	43317	3068	41783	327080	7.55
1990-1999	80	0.08507	0.08160	0.5	40250	3284	38607	285297	7.09
1990-1999	81	0.09238	0.08830	0.5	36965	3264	35333	246689	6.67
1990-1999	82	0.10204	0.09709	0.5	33701	3272	32065	211356	6.27
1990-1999	83	0.11223	0.10627	0.5	30429	3234	28813	179291	5.89
1990-1999	84	0.12195	0.11494	0.5	27196	3126	25633	150478	5.53
1990-1999	85	0.13456	0.12608	0.5	24070	3035	22552	124845	5.19
1990-1999	86	0.14868	0.13839	0.5	21035	2911	19580	102293	4.86
1990-1999	87	0.15916	0.14743	0.5	18124	2672	16788	82713	4.56
1990-1999	88	0.17686	0.16249	0.5	15452	2511	14197	65925	4.27
1990-1999	89	0.19311	0.17611	0.5	12941	2279	11802	51729	4.00
1990-1999	90	0.21184	0.19155	0.5	10662	2042	9641	39927	3.74
1990-1999	91	0.22876	0.20528	0.5	8620	1769	7735	30286	3.51
1990-1999	92	0.25028	0.22244	0.5	6850	1524	6088	22551	3.29
1990-1999	93	0.27470	0.24152	0.5	5327	1286	4683	16463	3.09
1990-1999	94	0.29524	0.25726	0.5	4040	1039	3520	11779	2.92
1990-1999	95	0.31537	0.27241	0.5	3001	817	2592	8259	2.75
1990-1999	96	0.33911	0.28995	0.5	2183	633	1867	5667	2.60
1990-1999	97	0.36370	0.30774	0.5	1550	477	1312	3800	2.45
1990-1999	98	0.38901	0.32567	0.5	1073	349	898	2489	2.32
1990-1999	99	0.41494	0.34364	0.5	724	249	599	1590	2.20
1990-1999	100	0.44135	0.36156	0.5	475	172	389	991	2.09
1990-1999	101	0.46809	0.37932	0.5	303	115	246	602	1.98
1990-1999	102	0.49502	0.39681	0.5	188	75	151	356	1.89
1990-1999	103	0.52198	0.41395	0.5	114	47	90	205	1.81
1990-1999	104	0.54881	0.43064	0.5	67	29	52	115	1.73
1990-1999	105	0.57536	0.44682	0.5	38	17	29	63	1.66
1990-1999	106	0.60148	0.46242	0.5	21	10	16	33	1.60
1990-1999	107	0.62704	0.47737	0.5	11	5	9	17	1.54
1990-1999	108	0.65191	0.49165	0.5	6	3	4	9	1.49
1990-1999	109	0.67597	0.50522	0.5	3	2	2	4	1.46
1990-1999	110+	0.69914	1.00000	1.43	1	1	2	2	1.43
2000-2009	0	0.00681	0.00676	0.06	100000	676	99367	7587295	75.87
2000-2009	1	0.00040	0.00040	0.5	99324	39	99304	7487928	75.39
2000-2009	2	0.00027	0.00027	0.5	99284	27	99271	7388624	74.42
2000-2009	3	0.00019	0.00019	0.5	99257	19	99248	7289353	73.44
2000-2009	4	0.00017	0.00017	0.5	99238	17	99230	7190106	72.45
2000-2009	5	0.00015	0.00015	0.5	99222	15	99214	7090876	71.46
2000-2009	6	0.00013	0.00013	0.5	99207	13	99200	6991661	70.48
2000-2009	7	0.00012	0.00012	0.5	99194	12	99188	6892461	69.48
2000-2009	8	0.00012	0.00012	0.5	99181	12	99176	6793274	68.49
2000-2009	9	0.00012	0.00012	0.5	99170	12	99164	6694098	67.50
2000-2009	10	0.00013	0.00013	0.5	99158	13	99151	6594935	66.51
2000-2009	11	0.00013	0.00013	0.5	99145	13	99138	6495783	65.52
2000-2009	12	0.00014	0.00014	0.5	99132	13	99125	6396645	64.53
2000-2009	13	0.00018	0.00018	0.5	99118	18	99109	6297520	63.54
2000-2009	14	0.00023	0.00023	0.5	99100	22	99089	6198410	62.55
2000-2009	15	0.00030	0.00030	0.5	99078	30	99063	6099321	61.56
2000-2009	16	0.00048	0.00048	0.5	99048	47	99024	6000258	60.58
2000-2009	17	0.00067	0.00067	0.5	99001	66	98967	5901234	59.61
2000-2009	18	0.00087	0.00087	0.5	98934	87	98891	5802267	58.65
2000-2009	19	0.00103	0.00103	0.5	98848	102	98797	5703376	57.70
2000-2009	20	0.00108	0.00108	0.5	98746	107	98693	5604579	56.76
2000-2009	21	0.00124	0.00124	0.5	98640	122	98578	5505886	55.82
2000-2009	22	0.00126	0.00126	0.5	98517	124	98455	5407307	54.89
2000-2009	23	0.00127	0.00127	0.5	98394	125	98331	5308852	53.96
2000-2009	24	0.00128	0.00128	0.5	98269	126	98206	5210521	53.02
2000-2009	25	0.00120	0.00120	0.5	98143	117	98085	5112314	52.09
2000-2009	26	0.00122	0.00122	0.5	98026	120	97966	5014230	51.15
2000-2009	27	0.00123	0.00123	0.5	97906	120	97846	4916264	50.21
2000-2009	28	0.00121	0.00121	0.5	97786	118	97727	4818417	49.27
2000-2009	29	0.00126	0.00126	0.5	97668	123	97607	4720690	48.33
2000-2009	30	0.00123	0.00123	0.5	97545	120	97485	4623084	47.39
2000-2009	31	0.00124	0.00124	0.5	97425	120	97365	4525599	46.45
2000-2009	32	0.00128	0.00128	0.5	97305	124	97242	4428234	45.51
2000-2009	33	0.00136	0.00136	0.5	97180	132	97114	4330991	44.57
2000-2009	34	0.00141	0.00141	0.5	97048	137	96979	4233877	43.63
2000-2009	35	0.00150	0.00150	0.5	96911	145	96838	4136898	42.69
2000-2009	36	0.00161	0.00161	0.5	96765	156	96687	4040060	41.75
2000-2009	37	0.00175	0.00175	0.5	96610	169	96525	3943373	40.82
2000-2009	38	0.00188	0.00188	0.5	96441	181	96350	3846847	39.89
2000-2009	39	0.00197	0.00197	0.5	96260	189	96165	3750497	38.96
2000-2009	40	0.00219	0.00219	0.5	96071	210	95965	3654332	38.04
2000-2009	41	0.00234	0.00234	0.5	95860	224	95748	3558366	37.12
2000-2009	42	0.00260	0.00260	0.5	95636	249	95512	3462618	36.21
2000-2009	43	0.00278	0.00278	0.5	95388	265	95255	3367106	35.30
2000-2009	44	0.00306	0.00306	0.5	95123	291	94977	3271850	34.40
2000-2009	45	0.00327	0.00326	0.5	94832	309	94677	3176873	33.50
2000-2009	46	0.00360	0.00359	0.5	94523	340	94353	3082196	32.61
2000-2009	47	0.00386	0.00385	0.5	94183	363	94002	2987843	31.72
2000-2009	48	0.00427	0.00426	0.5	93820	399	93620	2893841	30.84
2000-2009	49	0.00459	0.00458	0.5	93421	428	93207	2800221	29.97
2000-2009	50	0.00503	0.00502	0.5	92993	467	92760	2707014	29.11
2000-2009	51	0.00534	0.00532	0.5	92526	492	92280	2614254	28.25
2000-2009	52	0.00579	0.00577	0.5	92034	531	91769	2521974	27.40
2000-2009	53	0.00626	0.00624	0.5	91503	571	91218	2430206	26.56
2000-2009	54	0.00664	0.00662	0.5	90932	602	90631	2338988	25.72
2000-2009	55	0.00728	0.00725	0.5	90330	655	90003	2248357	24.89
2000-2009	56	0.00768	0.00765	0.5	89675	686	89332	2158354	24.07
2000-2009	57	0.00843	0.00840	0.5	88989	747	88615	2069022	23.25
2000-2009	58	0.00929	0.00924	0.5	88241	816	87834	1980407	22.44
2000-2009	59	0.00986	0.00981	0.5	87426	858	86997	1892573	21.65
2000-2009	60	0.01083	0.01077	0.5	86568	933	86102	1805576	20.86
2000-2009	61	0.01157	0.01151	0.5	85635	985	85143	1719474	20.08
2000-2009	62	0.01271	0.01263	0.5	84650	1069	84116	1634332	19.31
2000-2009	63	0.01409	0.01399	0.5	83581	1169	82997	1550216	18.55
2000-2009	64	0.01534	0.01522	0.5	82412	1254	81785	1467219	17.80
2000-2009	65	0.01660	0.01647	0.5	81158	1336	80489	1385435	17.07
2000-2009	66	0.01787	0.01771	0.5	79821	1414	79114	1304945	16.35
2000-2009	67	0.01968	0.01949	0.5	78407	1528	77643	1225831	15.63
2000-2009	68	0.02153	0.02130	0.5	76879	1637	76060	1148188	14.93
2000-2009	69	0.02368	0.02340	0.5	75242	1761	74361	1072127	14.25
2000-2009	70	0.02605	0.02572	0.5	73481	1890	72536	997766	13.58
2000-2009	71	0.02843	0.02803	0.5	71591	2007	70588	925230	12.92
2000-2009	72	0.03110	0.03062	0.5	69584	2131	68519	854642	12.28
2000-2009	73	0.03435	0.03377	0.5	67453	2278	66314	786124	11.65
2000-2009	74	0.03739	0.03670	0.5	65175	2392	63979	719809	11.04
2000-2009	75	0.04177	0.04091	0.5	62783	2569	61499	655830	10.45
2000-2009	76	0.04541	0.04440	0.5	60215	2674	58878	594331	9.87
2000-2009	77	0.04972	0.04852	0.5	57541	2792	56145	535453	9.31
2000-2009	78	0.05484	0.05338	0.5	54749	2922	53288	479308	8.75
2000-2009	79	0.06089	0.05909	0.5	51827	3063	50296	426019	8.22
2000-2009	80	0.06928	0.06696	0.5	48765	3265	47132	375724	7.70
2000-2009	81	0.07664	0.07382	0.5	45499	3359	43820	328592	7.22
2000-2009	82	0.08548	0.08197	0.5	42141	3454	40413	284772	6.76
2000-2009	83	0.09422	0.08998	0.5	38686	3481	36946	244358	6.32
2000-2009	84	0.10478	0.09956	0.5	35205	3505	33453	207413	5.89
2000-2009	85	0.11667	0.11024	0.5	31700	3495	29953	173960	5.49
2000-2009	86	0.13103	0.12297	0.5	28205	3468	26471	144007	5.11
2000-2009	87	0.14470	0.13494	0.5	24737	3338	23068	117536	4.75
2000-2009	88	0.16144	0.14938	0.5	21399	3197	19801	94468	4.41
2000-2009	89	0.18086	0.16586	0.5	18202	3019	16693	74668	4.10
2000-2009	90	0.19901	0.18100	0.5	15183	2748	13809	57975	3.82
2000-2009	91	0.21842	0.19691	0.5	12435	2449	11211	44166	3.55
2000-2009	92	0.24378	0.21729	0.5	9986	2170	8901	32955	3.30
2000-2009	93	0.26787	0.23623	0.5	7816	1846	6893	24054	3.08
2000-2009	94	0.29876	0.25993	0.5	5970	1552	5194	17160	2.87
2000-2009	95	0.31588	0.27280	0.5	4418	1205	3816	11966	2.71
2000-2009	96	0.34313	0.29288	0.5	3213	941	2742	8151	2.54
2000-2009	97	0.37145	0.31327	0.5	2272	712	1916	5408	2.38
2000-2009	98	0.40069	0.33381	0.5	1560	521	1300	3492	2.24
2000-2009	99	0.43065	0.35435	0.5	1039	368	855	2193	2.11
2000-2009	100	0.46112	0.37472	0.5	671	251	545	1337	1.99
2000-2009	101	0.49189	0.39479	0.5	420	166	337	792	1.89
2000-2009	102	0.52272	0.41441	0.5	254	105	201	455	1.79
2000-2009	103	0.55338	0.43345	0.5	149	64	116	254	1.71
2000-2009	104	0.58364	0.45179	0.5	84	38	65	137	1.63
2000-2009	105	0.61328	0.46935	0.5	46	22	35	72	1.56
2000-2009	106	0.64210	0.48605	0.5	25	12	19	37	1.50
2000-2009	107	0.66993	0.50183	0.5	13	6	9	18	1.45
2000-2009	108	0.69662	0.51666	0.5	6	3	5	9	1.40
2000-2009	109	0.72205	0.53052	0.5	3	2	2	4	1.36
2000-2009	110+	0.74612	1.00000	1.34	1	1	2	2	1.34
2010-2019	0	0.00542	0.00539	0.06	100000	539	99493	7746960	77.47
2010-2019	1	0.00031	0.00031	0.5	99461	31	99445	7647468	76.89
2010-2019	2	0.00021	0.00021	0.5	99429	21	99419	7548023	75.91
2010-2019	3	0.00016	0.00016	0.5	99408	16	99400	7448604	74.93
2010-2019	4	0.00014	0.00014	0.5	99392	14	99385	7349204	73.94
2010-2019	5	0.00011	0.00011	0.5	99378	11	99372	7249819	72.95
2010-2019	6	0.00011	0.00011	0.5	99367	11	99362	7150446	71.96
2010-2019	7	0.00011	0.00011	0.5	99356	11	99351	7051085	70.97
2010-2019	8	0.00011	0.00011	0.5	99345	11	99340	6951734	69.98
2010-2019	9	0.00011	0.00011	0.5	99334	11	99329	6852394	68.98
2010-2019	10	0.00011	0.00011	0.5	99324	10	99319	6753065	67.99
2010-2019	11	0.00011	0.00010	0.5	99313	10	99308	6653746	67.00
2010-2019	12	0.00013	0.00013	0.5	99303	12	99297	6554438	66.00
2010-2019	13	0.00015	0.00015	0.5	99290	15	99283	6455142	65.01
2010-2019	14	0.00019	0.00019	0.5	99276	19	99266	6355858	64.02
2010-2019	15	0.00024	0.00024	0.5	99257	24	99245	6256592	63.03
2010-2019	16	0.00034	0.00034	0.5	99233	34	99216	6157347	62.05
2010-2019	17	0.00046	0.00046	0.5	99200	45	99177	6058131	61.07
2010-2019	18	0.00065	0.00065	0.5	99154	65	99122	5958954	60.10
2010-2019	19	0.00077	0.00077	0.5	99089	77	99051	5859832	59.14
2010-2019	20	0.00092	0.00092	0.5	99013	91	98967	5760781	58.18
2010-2019	21	0.00109	0.00109	0.5	98922	108	98868	5661814	57.24
2010-2019	22	0.00122	0.00122	0.5	98814	120	98754	5562946	56.30
2010-2019	23	0.00127	0.00127	0.5	98694	125	98631	5464192	55.37
2010-2019	24	0.00135	0.00135	0.5	98569	133	98502	5365561	54.43
2010-2019	25	0.00136	0.00135	0.5	98435	133	98369	5267059	53.51
2010-2019	26	0.00143	0.00142	0.5	98302	140	98232	5168690	52.58
2010-2019	27	0.00145	0.00145	0.5	98162	142	98091	5070458	51.65
2010-2019	28	0.00151	0.00151	0.5	98020	148	97946	4972367	50.73
2010-2019	29	0.00151	0.00151	0.5	97871	148	97798	4874422	49.80
2010-2019	30	0.00154	0.00154	0.5	97724	150	97649	4776624	48.88
2010-2019	31	0.00158	0.00158	0.5	97573	154	97496	4678976	47.95
2010-2019	32	0.00164	0.00164	0.5	97419	159	97339	4581480	47.03
2010-2019	33	0.00169	0.00169	0.5	97260	164	97177	4484140	46.10
2010-2019	34	0.00170	0.00170	0.5	97095	165	97013	4386963	45.18
2010-2019	35	0.00174	0.00174	0.5	96930	169	96846	4289951	44.26
2010-2019	36	0.00178	0.00178	0.5	96762	172	96675	4193105	43.33
2010-2019	37	0.00184	0.00184	0.5	96589	178	96500	4096429	42.41
2010-2019	38	0.00189	0.00189	0.5	96411	182	96320	3999929	41.49
2010-2019	39	0.00200	0.00200	0.5	96229	192	96133	3903609	40.57
2010-2019	40	0.00205	0.00204	0.5	96037	196	95939	3807476	39.65
2010-2019	41	0.00219	0.00219	0.5	95841	210	95736	3711537	38.73
2010-2019	42	0.00228	0.00228	0.5	95631	218	95522	3615801	37.81
2010-2019	43	0.00244	0.00243	0.5	95413	232	95297	3520279	36.90
2010-2019	44	0.00264	0.00264	0.5	95180	251	95055	3424983	35.98
2010-2019	45	0.00284	0.00283	0.5	94929	269	94795	3329928	35.08
2010-2019	46	0.00315	0.00314	0.5	94660	297	94512	3235133	34.18
2010-2019	47	0.00341	0.00341	0.5	94363	322	94202	3140621	33.28
2010-2019	48	0.00367	0.00366	0.5	94041	344	93869	3046419	32.39
2010-2019	49	0.00405	0.00404	0.5	93697	379	93508	2952549	31.51
2010-2019	50	0.00448	0.00447	0.5	93318	417	93110	2859041	30.64
2010-2019	51	0.00485	0.00484	0.5	92902	450	92677	2765931	29.77
2010-2019	52	0.00530	0.00528	0.5	92452	488	92208	2673255	28.92
2010-2019	53	0.00572	0.00570	0.5	91963	524	91701	2581047	28.07
2010-2019	54	0.00623	0.00621	0.5	91439	568	91155	2489346	27.22
2010-2019	55	0.00675	0.00672	0.5	90871	611	90565	2398191	26.39
2010-2019	56	0.00723	0.00720	0.5	90260	650	89935	2307626	25.57
2010-2019	57	0.00783	0.00780	0.5	89610	699	89261	2217691	24.75
2010-2019	58	0.00848	0.00844	0.5	88911	751	88536	2128430	23.94
2010-2019	59	0.00913	0.00908	0.5	88161	801	87760	2039894	23.14
2010-2019	60	0.00983	0.00978	0.5	87360	854	86933	1952134	22.35
2010-2019	61	0.01054	0.01048	0.5	86506	907	86052	1865201	21.56
2010-2019	62	0.01136	0.01130	0.5	85599	967	85115	1779149	20.78
2010-2019	63	0.01242	0.01234	0.5	84632	1045	84109	1694034	20.02
2010-2019	64	0.01323	0.01315	0.5	83587	1099	83038	1609924	19.26
2010-2019	65	0.01420	0.01410	0.5	82488	1163	81907	1526887	18.51
2010-2019	66	0.01523	0.01512	0.5	81325	1229	80710	1444980	17.77
2010-2019	67	0.01645	0.01631	0.5	80096	1307	79442	1364270	17.03
2010-2019	68	0.01790	0.01774	0.5	78789	1398	78090	1284827	16.31
2010-2019	69	0.01942	0.01923	0.5	77392	1488	76647	1206737	15.59
2010-2019	70	0.02113	0.02091	0.5	75903	1587	75110	1130090	14.89
2010-2019	71	0.02331	0.02304	0.5	74316	1712	73460	1054980	14.20
2010-2019	72	0.02543	0.02511	0.5	72604	1823	71693	981520	13.52
2010-2019	73	0.02751	0.02713	0.5	70781	1920	69821	909827	12.85
2010-2019	74	0.03049	0.03003	0.5	68861	2068	67827	840006	12.20
2010-2019	75	0.03350	0.03294	0.5	66793	2200	65693	772179	11.56
2010-2019	76	0.03699	0.03632	0.5	64592	2346	63419	706486	10.94
2010-2019	77	0.04091	0.04009	0.5	62246	2495	60999	643067	10.33
2010-2019	78	0.04482	0.04383	0.5	59751	2619	58441	582068	9.74
2010-2019	79	0.04961	0.04841	0.5	57132	2766	55749	523627	9.17
2010-2019	80	0.05508	0.05360	0.5	54366	2914	52909	467878	8.61
2010-2019	81	0.06172	0.05987	0.5	51452	3080	49912	414968	8.07
2010-2019	82	0.06908	0.06677	0.5	48372	3230	46757	365056	7.55
2010-2019	83	0.07687	0.07403	0.5	45142	3342	43471	318299	7.05
2010-2019	84	0.08549	0.08199	0.5	41800	3427	40087	274828	6.57
2010-2019	85	0.09533	0.09099	0.5	38373	3492	36627	234741	6.12
2010-2019	86	0.10705	0.10161	0.5	34882	3544	33109	198114	5.68
2010-2019	87	0.12115	0.11423	0.5	31337	3580	29547	165005	5.27
2010-2019	88	0.13626	0.12757	0.5	27757	3541	25987	135457	4.88
2010-2019	89	0.15232	0.14154	0.5	24217	3428	22503	109470	4.52
2010-2019	90	0.17181	0.15822	0.5	20789	3289	19144	86967	4.18
2010-2019	91	0.19052	0.17395	0.5	17500	3044	15978	67823	3.88
2010-2019	92	0.21530	0.19438	0.5	14456	2810	13051	51845	3.59
2010-2019	93	0.23878	0.21331	0.5	11646	2484	10404	38795	3.33
2010-2019	94	0.26583	0.23464	0.5	9162	2150	8087	28391	3.10
2010-2019	95	0.28690	0.25090	0.5	7012	1759	6132	20304	2.90
2010-2019	96	0.31449	0.27176	0.5	5253	1427	4539	14172	2.70
2010-2019	97	0.34347	0.29313	0.5	3825	1121	3264	9633	2.52
2010-2019	98	0.37365	0.31483	0.5	2704	851	2278	6369	2.36
2010-2019	99	0.40486	0.33670	0.5	1853	624	1541	4091	2.21
2010-2019	100	0.43685	0.35854	0.5	1229	441	1009	2550	2.08
2010-2019	101	0.46938	0.38016	0.5	788	300	638	1541	1.96
2010-2019	102	0.50217	0.40139	0.5	489	196	391	903	1.85
2010-2019	103	0.53494	0.42205	0.5	292	123	231	512	1.75
2010-2019	104	0.56741	0.44201	0.5	169	75	132	282	1.67
2010-2019	105	0.59931	0.46113	0.5	94	43	73	150	1.59
2010-2019	106	0.63039	0.47932	0.5	51	24	39	77	1.52
2010-2019	107	0.66043	0.49648	0.5	26	13	20	39	1.46
2010-2019	108	0.68923	0.51259	0.5	13	7	10	19	1.41
2010-2019	109	0.71664	0.52759	0.5	6	3	5	9	1.37
2010-2019	110+	0.74253	1.00000	1.35	3	3	4	4	1.35
