Reg1: , Lifetables (period 5x5), Both sexes Last modified: 20 Dec 2020, MPv5 (May07) 

Year     	Age	mx	qx	ax	lx	dx	Lx	Tx	ex
1960-1964	0	0.02389	0.02339	0.11	100000	2339	97929	7009447	70.09
1960-1964	1-4	0.00084	0.00336	1.66	97661	328	389873	6911518	70.77
1960-1964	5-9	0.00042	0.00209	2.29	97332	203	486109	6521645	67.00
1960-1964	10-14	0.00036	0.00180	2.65	97129	175	485232	6035536	62.14
1960-1964	15-19	0.00073	0.00363	2.81	96954	352	483999	5550303	57.25
1960-1964	20-24	0.00103	0.00513	2.53	96602	495	481783	5066304	52.45
1960-1964	25-29	0.00113	0.00563	2.56	96106	541	479212	4584521	47.70
1960-1964	30-34	0.00144	0.00717	2.62	95565	685	476198	4105309	42.96
1960-1964	35-39	0.00218	0.01083	2.69	94880	1028	472024	3629111	38.25
1960-1964	40-44	0.00344	0.01704	2.67	93853	1600	465543	3157087	33.64
1960-1964	45-49	0.00572	0.02822	2.68	92253	2604	455229	2691544	29.18
1960-1964	50-54	0.00929	0.04546	2.65	89649	4076	438689	2236315	24.95
1960-1964	55-59	0.01424	0.06891	2.64	85574	5897	413976	1797626	21.01
1960-1964	60-64	0.02173	0.10330	2.63	79676	8231	378865	1383649	17.37
1960-1964	65-69	0.03327	0.15397	2.58	71446	11000	330633	1004784	14.06
1960-1964	70-74	0.05040	0.22441	2.56	60445	13564	269149	674151	11.15
1960-1964	75-79	0.07506	0.31606	2.5	46881	14817	197404	405001	8.64
1960-1964	80-84	0.11725	0.45091	2.44	32064	14458	123313	207597	6.47
1960-1964	85-89	0.17847	0.60150	2.29	17606	10590	59336	84284	4.79
1960-1964	90-94	0.25846	0.74056	2.12	7016	5196	20102	24947	3.56
1960-1964	95-99	0.36144	0.85254	1.9	1820	1552	4293	4845	2.66
1960-1964	100-104	0.47880	0.92304	1.67	268	248	517	552	2.06
1960-1964	105-109	0.59980	0.96080	1.46	21	20	33	34	1.66
1960-1964	110+	0.69520	1.00000	1.44	1	1	1	1	1.44
1965-1969	0	0.02177	0.02136	0.11	100000	2136	98097	7037450	70.37
1965-1969	1-4	0.00078	0.00312	1.67	97864	305	390745	6939353	70.91
1965-1969	5-9	0.00040	0.00198	2.29	97559	193	487274	6548608	67.12
1965-1969	10-14	0.00035	0.00174	2.68	97366	169	486438	6061334	62.25
1965-1969	15-19	0.00087	0.00435	2.86	97197	423	485079	5574896	57.36
1965-1969	20-24	0.00115	0.00574	2.5	96774	556	482478	5089817	52.59
1965-1969	25-29	0.00122	0.00607	2.55	96218	584	479659	4607340	47.88
1965-1969	30-34	0.00155	0.00772	2.61	95634	739	476408	4127681	43.16
1965-1969	35-39	0.00229	0.01137	2.65	94895	1079	471946	3651273	38.48
1965-1969	40-44	0.00356	0.01766	2.66	93816	1657	465208	3179328	33.89
1965-1969	45-49	0.00561	0.02770	2.67	92159	2553	454858	2714120	29.45
1965-1969	50-54	0.00905	0.04434	2.66	89607	3973	438754	2259262	25.21
1965-1969	55-59	0.01398	0.06769	2.65	85634	5796	414548	1820507	21.26
1965-1969	60-64	0.02141	0.10182	2.61	79838	8129	379762	1405959	17.61
1965-1969	65-69	0.03197	0.14843	2.59	71708	10643	332890	1026197	14.31
1965-1969	70-74	0.04868	0.21775	2.58	61065	13297	273132	693307	11.35
1965-1969	75-79	0.07360	0.31082	2.5	47768	14847	201730	420176	8.80
1965-1969	80-84	0.11313	0.43888	2.45	32921	14448	127715	218446	6.64
1965-1969	85-89	0.17228	0.58809	2.3	18473	10864	63058	90731	4.91
1965-1969	90-94	0.25169	0.73092	2.13	7609	5562	22097	27672	3.64
1965-1969	95-99	0.35233	0.84499	1.92	2047	1730	4910	5575	2.72
1965-1969	100-104	0.46923	0.91887	1.69	317	292	622	665	2.09
1965-1969	105-109	0.59095	0.95885	1.48	26	25	42	43	1.68
1965-1969	110+	0.68751	1.00000	1.45	1	1	2	2	1.45
1970-1974	0	0.01748	0.01721	0.1	100000	1721	98446	7146116	71.46
1970-1974	1-4	0.00069	0.00276	1.7	98279	271	392493	7047670	71.71
1970-1974	5-9	0.00037	0.00184	2.3	98008	180	489554	6655177	67.90
1970-1974	10-14	0.00034	0.00169	2.76	97828	165	488767	6165624	63.03
1970-1974	15-19	0.00093	0.00465	2.86	97662	455	487339	5676856	58.13
1970-1974	20-24	0.00130	0.00646	2.48	97208	628	484455	5189517	53.39
1970-1974	25-29	0.00127	0.00634	2.51	96579	612	481373	4705062	48.72
1970-1974	30-34	0.00153	0.00764	2.62	95967	733	478094	4223689	44.01
1970-1974	35-39	0.00219	0.01092	2.66	95234	1040	473735	3745595	39.33
1970-1974	40-44	0.00340	0.01685	2.67	94195	1587	467271	3271860	34.74
1970-1974	45-49	0.00541	0.02670	2.66	92608	2472	457245	2804589	30.28
1970-1974	50-54	0.00819	0.04018	2.66	90136	3621	442187	2347344	26.04
1970-1974	55-59	0.01284	0.06233	2.65	86514	5392	419877	1905157	22.02
1970-1974	60-64	0.01969	0.09404	2.62	81122	7629	387443	1485280	18.31
1970-1974	65-69	0.02947	0.13758	2.59	73493	10111	343081	1097837	14.94
1970-1974	70-74	0.04459	0.20125	2.58	63383	12756	286039	754756	11.91
1970-1974	75-79	0.06861	0.29340	2.53	50627	14854	216492	468717	9.26
1970-1974	80-84	0.10341	0.40982	2.47	35773	14660	141770	252225	7.05
1970-1974	85-89	0.15843	0.55691	2.33	21112	11758	74212	110454	5.23
1970-1974	90-94	0.23297	0.70295	2.18	9355	6576	28227	36243	3.87
1970-1974	95-99	0.33006	0.82487	1.97	2779	2292	6945	8016	2.88
1970-1974	100-104	0.44505	0.90727	1.74	487	442	992	1071	2.20
1970-1974	105-109	0.56768	0.95319	1.52	45	43	76	79	1.75
1970-1974	110+	0.66645	1.00000	1.5	2	2	3	3	1.50
1975-1979	0	0.01413	0.01395	0.09	100000	1395	98727	7337023	73.37
1975-1979	1-4	0.00055	0.00219	1.71	98605	216	393927	7238295	73.41
1975-1979	5-9	0.00030	0.00150	2.3	98390	148	491550	6844368	69.56
1975-1979	10-14	0.00028	0.00141	2.73	98242	139	490896	6352818	64.66
1975-1979	15-19	0.00081	0.00403	2.89	98104	396	489684	5861922	59.75
1975-1979	20-24	0.00114	0.00568	2.5	97708	555	487151	5372238	54.98
1975-1979	25-29	0.00115	0.00575	2.5	97153	558	484364	4885087	50.28
1975-1979	30-34	0.00129	0.00641	2.59	96594	619	481480	4400723	45.56
1975-1979	35-39	0.00180	0.00896	2.65	95975	860	477852	3919243	40.84
1975-1979	40-44	0.00285	0.01416	2.69	95115	1347	472467	3441391	36.18
1975-1979	45-49	0.00467	0.02308	2.67	93768	2164	463808	2968924	31.66
1975-1979	50-54	0.00727	0.03576	2.66	91604	3276	450338	2505116	27.35
1975-1979	55-59	0.01115	0.05431	2.65	88328	4797	430375	2054777	23.26
1975-1979	60-64	0.01744	0.08374	2.64	83531	6995	401161	1624403	19.45
1975-1979	65-69	0.02594	0.12210	2.6	76536	9345	360294	1223242	15.98
1975-1979	70-74	0.03876	0.17721	2.58	67191	11907	307166	862948	12.84
1975-1979	75-79	0.05880	0.25689	2.54	55284	14202	241524	555782	10.05
1975-1979	80-84	0.09183	0.37322	2.49	41082	15333	166964	314259	7.65
1975-1979	85-89	0.13982	0.51150	2.38	25749	13171	94200	147295	5.72
1975-1979	90-94	0.20955	0.66345	2.24	12578	8345	39824	53095	4.22
1975-1979	95-99	0.30000	0.79345	2.03	4233	3359	11196	13271	3.13
1975-1979	100-104	0.41025	0.88747	1.8	874	776	1892	2075	2.37
1975-1979	105-109	0.53168	0.94275	1.58	98	93	174	183	1.86
1975-1979	110+	0.63154	1.00000	1.58	6	6	9	9	1.58
1980-1984	0	0.01143	0.01131	0.08	100000	1131	98959	7434504	74.35
1980-1984	1-4	0.00049	0.00196	1.64	98869	194	395018	7335545	74.19
1980-1984	5-9	0.00024	0.00121	2.32	98675	120	493054	6940527	70.34
1980-1984	10-14	0.00025	0.00124	2.72	98555	122	492497	6447474	65.42
1980-1984	15-19	0.00072	0.00358	2.89	98433	352	491422	5954977	60.50
1980-1984	20-24	0.00102	0.00510	2.53	98081	500	489168	5463554	55.70
1980-1984	25-29	0.00112	0.00558	2.54	97581	544	486567	4974386	50.98
1980-1984	30-34	0.00128	0.00639	2.58	97037	620	483679	4487819	46.25
1980-1984	35-39	0.00167	0.00830	2.64	96416	800	480189	4004140	41.53
1980-1984	40-44	0.00256	0.01273	2.67	95616	1217	475242	3523951	36.86
1980-1984	45-49	0.00417	0.02064	2.7	94398	1948	467502	3048709	32.30
1980-1984	50-54	0.00668	0.03286	2.66	92450	3038	455139	2581207	27.92
1980-1984	55-59	0.01042	0.05087	2.65	89412	4548	436370	2126067	23.78
1980-1984	60-64	0.01615	0.07781	2.64	84863	6603	408735	1689697	19.91
1980-1984	65-69	0.02448	0.11567	2.61	78260	9052	369712	1280962	16.37
1980-1984	70-74	0.03710	0.17030	2.59	69208	11786	317651	911251	13.17
1980-1984	75-79	0.05520	0.24311	2.55	57422	13960	252872	593599	10.34
1980-1984	80-84	0.08783	0.36021	2.51	43462	15656	178252	340727	7.84
1980-1984	85-89	0.13529	0.50018	2.4	27807	13908	102803	162476	5.84
1980-1984	90-94	0.20442	0.65406	2.25	13898	9090	44470	59673	4.29
1980-1984	95-99	0.29668	0.79004	2.04	4808	3798	12803	15203	3.16
1980-1984	100-104	0.40926	0.88717	1.81	1009	896	2188	2400	2.38
1980-1984	105-109	0.53371	0.94360	1.57	114	107	201	211	1.86
1980-1984	110+	0.63612	1.00000	1.57	6	6	10	10	1.57
1985-1989	0	0.01028	0.01018	0.08	100000	1018	99060	7475520	74.76
1985-1989	1-4	0.00045	0.00178	1.68	98982	176	395518	7376460	74.52
1985-1989	5-9	0.00022	0.00110	2.38	98806	109	493742	6980941	70.65
1985-1989	10-14	0.00023	0.00116	2.78	98697	115	493228	6487199	65.73
1985-1989	15-19	0.00067	0.00336	2.85	98582	331	492198	5993971	60.80
1985-1989	20-24	0.00098	0.00489	2.57	98251	480	490087	5501774	56.00
1985-1989	25-29	0.00121	0.00603	2.58	97770	589	487427	5011686	51.26
1985-1989	30-34	0.00165	0.00820	2.59	97181	797	483985	4524259	46.55
1985-1989	35-39	0.00207	0.01032	2.56	96384	995	479495	4040274	41.92
1985-1989	40-44	0.00265	0.01316	2.62	95390	1255	473961	3560779	37.33
1985-1989	45-49	0.00398	0.01969	2.65	94135	1854	466313	3086818	32.79
1985-1989	50-54	0.00628	0.03092	2.66	92281	2854	454727	2620505	28.40
1985-1989	55-59	0.00972	0.04752	2.66	89427	4249	437188	2165779	24.22
1985-1989	60-64	0.01531	0.07387	2.63	85178	6292	410965	1728591	20.29
1985-1989	65-69	0.02301	0.10906	2.61	78885	8603	373895	1317626	16.70
1985-1989	70-74	0.03548	0.16342	2.59	70282	11485	323746	943731	13.43
1985-1989	75-79	0.05258	0.23300	2.56	58797	13700	260564	619985	10.54
1985-1989	80-84	0.08457	0.34933	2.51	45097	15754	186275	359421	7.97
1985-1989	85-89	0.13214	0.49230	2.41	29344	14446	109319	173146	5.90
1985-1989	90-94	0.20373	0.65359	2.26	14898	9737	47794	63827	4.28
1985-1989	95-99	0.30209	0.79699	2.04	5161	4113	13615	16033	3.11
1985-1989	100-104	0.42224	0.89573	1.79	1048	938	2222	2418	2.31
1985-1989	105-109	0.55430	0.95017	1.54	109	104	187	195	1.79
1985-1989	110+	0.66193	1.00000	1.51	5	5	8	8	1.51
1990-1994	0	0.00866	0.00860	0.07	100000	860	99203	7573456	75.73
1990-1994	1-4	0.00039	0.00155	1.62	99140	154	396196	7474253	75.39
1990-1994	5-9	0.00018	0.00092	2.4	98987	91	494698	7078057	71.50
1990-1994	10-14	0.00021	0.00105	2.83	98896	103	494254	6583359	66.57
1990-1994	15-19	0.00066	0.00328	2.83	98792	324	493257	6089105	61.64
1990-1994	20-24	0.00092	0.00460	2.54	98468	453	491224	5595848	56.83
1990-1994	25-29	0.00116	0.00581	2.61	98015	569	488716	5104625	52.08
1990-1994	30-34	0.00164	0.00818	2.61	97446	797	485328	4615908	47.37
1990-1994	35-39	0.00223	0.01109	2.61	96649	1072	480679	4130580	42.74
1990-1994	40-44	0.00284	0.01409	2.57	95577	1347	474614	3649901	38.19
1990-1994	45-49	0.00381	0.01886	2.63	94230	1777	466943	3175286	33.70
1990-1994	50-54	0.00564	0.02785	2.64	92454	2575	456203	2708343	29.29
1990-1994	55-59	0.00883	0.04324	2.67	89879	3886	440324	2252141	25.06
1990-1994	60-64	0.01374	0.06655	2.63	85992	5723	416425	1811817	21.07
1990-1994	65-69	0.02112	0.10053	2.61	80270	8069	382102	1395392	17.38
1990-1994	70-74	0.03188	0.14811	2.61	72200	10694	335398	1013289	14.03
1990-1994	75-79	0.04829	0.21602	2.56	61507	13286	275163	677891	11.02
1990-1994	80-84	0.07792	0.32652	2.52	48220	15745	202074	402728	8.35
1990-1994	85-89	0.12264	0.46659	2.44	32475	15152	123550	200654	6.18
1990-1994	90-94	0.19378	0.63547	2.29	17323	11008	56806	77104	4.45
1990-1994	95-99	0.28993	0.78334	2.07	6315	4946	17061	20299	3.21
1990-1994	100-104	0.41069	0.88908	1.81	1368	1216	2962	3238	2.37
1990-1994	105-109	0.54503	0.94769	1.56	152	144	264	276	1.82
1990-1994	110+	0.65515	1.00000	1.53	8	8	12	12	1.53
1995-1999	0	0.00697	0.00692	0.07	100000	692	99355	7689136	76.89
1995-1999	1-4	0.00030	0.00121	1.64	99308	120	396948	7589782	76.43
1995-1999	5-9	0.00015	0.00075	2.38	99188	74	495744	7192834	72.52
1995-1999	10-14	0.00018	0.00090	2.79	99113	89	495371	6697090	67.57
1995-1999	15-19	0.00055	0.00277	2.9	99024	274	494547	6201719	62.63
1995-1999	20-24	0.00081	0.00404	2.51	98750	399	492760	5707172	57.79
1995-1999	25-29	0.00087	0.00435	2.61	98351	428	490732	5214412	53.02
1995-1999	30-34	0.00124	0.00620	2.63	97923	607	488176	4723681	48.24
1995-1999	35-39	0.00171	0.00853	2.63	97316	830	484615	4235505	43.52
1995-1999	40-44	0.00245	0.01219	2.63	96486	1176	479648	3750889	38.87
1995-1999	45-49	0.00345	0.01709	2.63	95310	1629	472693	3271242	34.32
1995-1999	50-54	0.00502	0.02482	2.67	93681	2326	462985	2798549	29.87
1995-1999	55-59	0.00787	0.03864	2.66	91356	3530	448528	2335564	25.57
1995-1999	60-64	0.01245	0.06048	2.66	87825	5312	426697	1887036	21.49
1995-1999	65-69	0.01942	0.09284	2.63	82513	7661	394447	1460339	17.70
1995-1999	70-74	0.02988	0.13940	2.6	74853	10434	349210	1065892	14.24
1995-1999	75-79	0.04586	0.20657	2.6	64418	13307	290139	716681	11.13
1995-1999	80-84	0.07669	0.32253	2.54	51112	16485	214958	426542	8.35
1995-1999	85-89	0.12350	0.46926	2.44	34627	16249	131574	211584	6.11
1995-1999	90-94	0.19821	0.64461	2.29	18378	11846	59768	80010	4.35
1995-1999	95-99	0.30205	0.79808	2.05	6531	5213	17257	20242	3.10
1995-1999	100-104	0.43094	0.90152	1.77	1319	1189	2759	2984	2.26
1995-1999	105-109	0.57173	0.95527	1.51	130	124	217	225	1.74
1995-1999	110+	0.68499	1.00000	1.46	6	6	8	8	1.46
2000-2004	0	0.00627	0.00623	0.07	100000	623	99418	7785559	77.86
2000-2004	1-4	0.00024	0.00096	1.65	99377	95	397282	7686142	77.34
2000-2004	5-9	0.00012	0.00062	2.43	99281	62	496247	7288860	73.42
2000-2004	10-14	0.00015	0.00075	2.74	99219	75	495927	6792613	68.46
2000-2004	15-19	0.00051	0.00254	2.97	99145	252	495210	6296686	63.51
2000-2004	20-24	0.00083	0.00412	2.54	98892	407	493460	5801476	58.66
2000-2004	25-29	0.00083	0.00415	2.54	98485	409	491423	5308016	53.90
2000-2004	30-34	0.00099	0.00493	2.61	98076	484	489226	4816594	49.11
2000-2004	35-39	0.00145	0.00723	2.65	97593	705	486308	4327368	44.34
2000-2004	40-44	0.00216	0.01076	2.66	96887	1043	482001	3841059	39.64
2000-2004	45-49	0.00325	0.01613	2.66	95845	1546	475602	3359058	35.05
2000-2004	50-54	0.00470	0.02323	2.64	94299	2190	466331	2883456	30.58
2000-2004	55-59	0.00711	0.03498	2.67	92109	3222	453035	2417125	26.24
2000-2004	60-64	0.01113	0.05422	2.65	88887	4819	433108	1964090	22.10
2000-2004	65-69	0.01720	0.08265	2.64	84067	6948	403966	1530982	18.21
2000-2004	70-74	0.02687	0.12631	2.63	77120	9741	362488	1127016	14.61
2000-2004	75-79	0.04261	0.19325	2.6	67379	13021	305593	764528	11.35
2000-2004	80-84	0.07311	0.31024	2.56	54358	16864	230669	458936	8.44
2000-2004	85-89	0.12293	0.46844	2.46	37494	17564	142873	228266	6.09
2000-2004	90-94	0.20130	0.65128	2.29	19930	12980	64483	85393	4.28
2000-2004	95-99	0.31205	0.80989	2.03	6950	5629	18038	20910	3.01
2000-2004	100-104	0.44990	0.91211	1.74	1321	1205	2679	2872	2.17
2000-2004	105-109	0.59777	0.96168	1.47	116	112	187	193	1.66
2000-2004	110+	0.71410	1.00000	1.4	4	4	6	6	1.40
2005-2009	0	0.00612	0.00609	0.07	100000	609	99431	7904133	79.04
2005-2009	1-4	0.00022	0.00088	1.63	99391	87	397359	7804702	78.52
2005-2009	5-9	0.00011	0.00054	2.36	99304	53	496381	7407342	74.59
2005-2009	10-14	0.00013	0.00064	2.75	99251	64	496112	6910962	69.63
2005-2009	15-19	0.00044	0.00222	3	99187	220	495496	6414850	64.67
2005-2009	20-24	0.00081	0.00403	2.59	98967	399	493872	5919354	59.81
2005-2009	25-29	0.00084	0.00421	2.51	98568	415	491807	5425481	55.04
2005-2009	30-34	0.00092	0.00459	2.58	98153	450	489672	4933674	50.27
2005-2009	35-39	0.00124	0.00616	2.65	97702	602	487099	4444002	45.49
2005-2009	40-44	0.00192	0.00956	2.67	97100	928	483340	3956903	40.75
2005-2009	45-49	0.00295	0.01465	2.66	96172	1409	477570	3473563	36.12
2005-2009	50-54	0.00444	0.02195	2.64	94763	2080	468897	2995993	31.62
2005-2009	55-59	0.00644	0.03173	2.64	92683	2941	456467	2527096	27.27
2005-2009	60-64	0.00983	0.04806	2.66	89742	4313	438630	2070629	23.07
2005-2009	65-69	0.01499	0.07242	2.64	85429	6186	412565	1631999	19.10
2005-2009	70-74	0.02356	0.11158	2.63	79242	8842	375255	1219433	15.39
2005-2009	75-79	0.03782	0.17348	2.62	70400	12213	322918	844179	11.99
2005-2009	80-84	0.06441	0.27870	2.59	58187	16217	251780	521261	8.96
2005-2009	85-89	0.11206	0.43764	2.5	41970	18368	163914	269481	6.42
2005-2009	90-94	0.18967	0.62844	2.32	23602	14833	78203	105567	4.47
2005-2009	95-99	0.29841	0.79561	2.07	8770	6977	23382	27364	3.12
2005-2009	100-104	0.43908	0.90710	1.77	1792	1626	3703	3983	2.22
2005-2009	105-109	0.59202	0.96068	1.48	167	160	270	279	1.68
2005-2009	110+	0.71280	1.00000	1.4	7	7	9	9	1.40
2010-2014	0	0.00525	0.00523	0.06	100000	523	99510	7992965	79.93
2010-2014	1-4	0.00020	0.00078	1.64	99477	78	397725	7893455	79.35
2010-2014	5-9	0.00010	0.00049	2.47	99399	49	496871	7495730	75.41
2010-2014	10-14	0.00011	0.00057	2.8	99350	56	496626	6998859	70.45
2010-2014	15-19	0.00036	0.00181	3.01	99294	179	496112	6502233	65.48
2010-2014	20-24	0.00078	0.00387	2.63	99114	384	494664	6006121	60.60
2010-2014	25-29	0.00087	0.00435	2.55	98731	430	492600	5511457	55.82
2010-2014	30-34	0.00098	0.00491	2.55	98301	483	490324	5018857	51.06
2010-2014	35-39	0.00118	0.00590	2.59	97818	578	487700	4528533	46.30
2010-2014	40-44	0.00173	0.00861	2.67	97240	837	484251	4040833	41.56
2010-2014	45-49	0.00272	0.01351	2.68	96403	1303	478991	3556582	36.89
2010-2014	50-54	0.00419	0.02075	2.65	95100	1974	470854	3077591	32.36
2010-2014	55-59	0.00619	0.03050	2.64	93127	2840	458922	2606737	27.99
2010-2014	60-64	0.00908	0.04444	2.64	90286	4012	441976	2147815	23.79
2010-2014	65-69	0.01372	0.06648	2.65	86274	5735	417911	1705839	19.77
2010-2014	70-74	0.02144	0.10200	2.63	80539	8215	383216	1287928	15.99
2010-2014	75-79	0.03448	0.15939	2.63	72324	11528	334299	904713	12.51
2010-2014	80-84	0.05852	0.25675	2.61	60796	15609	266742	570413	9.38
2010-2014	85-89	0.10294	0.41023	2.53	45187	18537	180074	303671	6.72
2010-2014	90-94	0.18018	0.60961	2.35	26650	16246	90164	123598	4.64
2010-2014	95-99	0.28769	0.78356	2.09	10404	8152	28336	33434	3.21
2010-2014	100-104	0.43003	0.90261	1.79	2252	2033	4727	5098	2.26
2010-2014	105-109	0.58651	0.95963	1.49	219	210	359	371	1.69
2010-2014	110+	0.71058	1.00000	1.41	9	9	12	12	1.41
2015-2019	0	0.00473	0.00471	0.06	100000	471	99558	8002570	80.03
2015-2019	1-4	0.00018	0.00073	1.66	99529	72	397946	7903012	79.40
2015-2019	5-9	0.00010	0.00050	2.45	99457	49	497157	7505065	75.46
2015-2019	10-14	0.00012	0.00060	2.77	99407	59	496904	7007908	70.50
2015-2019	15-19	0.00034	0.00170	2.99	99348	169	496399	6511004	65.54
2015-2019	20-24	0.00081	0.00407	2.71	99179	403	494970	6014605	60.64
2015-2019	25-29	0.00113	0.00565	2.58	98775	558	492526	5519635	55.88
2015-2019	30-34	0.00136	0.00675	2.57	98217	663	489471	5027109	51.18
2015-2019	35-39	0.00159	0.00791	2.57	97554	772	485895	4537638	46.51
2015-2019	40-44	0.00190	0.00948	2.59	96782	917	481701	4051743	41.86
2015-2019	45-49	0.00271	0.01347	2.65	95865	1291	476294	3570042	37.24
2015-2019	50-54	0.00421	0.02083	2.66	94574	1970	468252	3093748	32.71
2015-2019	55-59	0.00624	0.03073	2.64	92604	2846	456295	2625495	28.35
2015-2019	60-64	0.00903	0.04423	2.63	89758	3970	439395	2169200	24.17
2015-2019	65-69	0.01315	0.06376	2.63	85789	5470	415980	1729805	20.16
2015-2019	70-74	0.02054	0.09795	2.65	80319	7868	383113	1313825	16.36
2015-2019	75-79	0.03305	0.15324	2.62	72452	11102	335888	930712	12.85
2015-2019	80-84	0.05509	0.24325	2.6	61349	14923	270906	594824	9.70
2015-2019	85-89	0.09662	0.39060	2.55	46426	18134	187690	323918	6.98
2015-2019	90-94	0.17105	0.59005	2.37	28292	16694	97595	136228	4.82
2015-2019	95-99	0.27534	0.76830	2.12	11599	8911	32364	38634	3.33
2015-2019	100-104	0.41598	0.89468	1.82	2687	2404	5780	6270	2.33
2015-2019	105-109	0.57318	0.95655	1.52	283	271	472	490	1.73
2015-2019	110+	0.69931	1.00000	1.43	12	12	18	18	1.43
