Reg1: , Lifetables (period 1x10), Females Last modified: 20 Dec 2020, MPv5 (May07) 

Year     	Age	mx	qx	ax	lx	dx	Lx	Tx	ex
1960-1969	0	0.01979	0.01945	0.11	100000	1945	98266	7359299	73.59
1960-1969	1	0.00115	0.00115	0.5	98055	113	97999	7261033	74.05
1960-1969	2	0.00074	0.00074	0.5	97942	72	97906	7163034	73.14
1960-1969	3	0.00057	0.00057	0.5	97870	56	97842	7065128	72.19
1960-1969	4	0.00048	0.00048	0.5	97814	47	97791	6967286	71.23
1960-1969	5	0.00043	0.00043	0.5	97767	42	97746	6869495	70.26
1960-1969	6	0.00036	0.00036	0.5	97725	36	97707	6771749	69.29
1960-1969	7	0.00033	0.00033	0.5	97690	32	97673	6674042	68.32
1960-1969	8	0.00029	0.00029	0.5	97657	28	97643	6576369	67.34
1960-1969	9	0.00028	0.00028	0.5	97629	27	97615	6478725	66.36
1960-1969	10	0.00025	0.00025	0.5	97602	24	97590	6381110	65.38
1960-1969	11	0.00025	0.00025	0.5	97578	24	97565	6283520	64.40
1960-1969	12	0.00026	0.00026	0.5	97553	25	97541	6185955	63.41
1960-1969	13	0.00027	0.00027	0.5	97528	26	97515	6088414	62.43
1960-1969	14	0.00030	0.00030	0.5	97502	29	97487	5990899	61.44
1960-1969	15	0.00037	0.00037	0.5	97472	36	97454	5893412	60.46
1960-1969	16	0.00041	0.00041	0.5	97437	40	97416	5795957	59.48
1960-1969	17	0.00045	0.00045	0.5	97396	44	97374	5698541	58.51
1960-1969	18	0.00052	0.00052	0.5	97352	50	97327	5601166	57.53
1960-1969	19	0.00054	0.00054	0.5	97302	52	97276	5503839	56.56
1960-1969	20	0.00057	0.00057	0.5	97250	55	97222	5406563	55.59
1960-1969	21	0.00060	0.00060	0.5	97195	58	97166	5309341	54.63
1960-1969	22	0.00062	0.00062	0.5	97137	60	97107	5212175	53.66
1960-1969	23	0.00062	0.00062	0.5	97077	60	97047	5115068	52.69
1960-1969	24	0.00068	0.00068	0.5	97017	66	96984	5018022	51.72
1960-1969	25	0.00071	0.00071	0.5	96951	69	96916	4921038	50.76
1960-1969	26	0.00074	0.00074	0.5	96882	72	96846	4824122	49.79
1960-1969	27	0.00078	0.00078	0.5	96810	76	96772	4727276	48.83
1960-1969	28	0.00085	0.00085	0.5	96734	82	96693	4630504	47.87
1960-1969	29	0.00089	0.00089	0.5	96652	86	96609	4533812	46.91
1960-1969	30	0.00100	0.00100	0.5	96565	97	96517	4437203	45.95
1960-1969	31	0.00106	0.00106	0.5	96469	102	96418	4340686	45.00
1960-1969	32	0.00114	0.00114	0.5	96367	109	96312	4244268	44.04
1960-1969	33	0.00119	0.00119	0.5	96257	115	96200	4147956	43.09
1960-1969	34	0.00133	0.00133	0.5	96143	128	96079	4051757	42.14
1960-1969	35	0.00145	0.00145	0.5	96015	140	95945	3955678	41.20
1960-1969	36	0.00155	0.00155	0.5	95875	149	95801	3859733	40.26
1960-1969	37	0.00170	0.00170	0.5	95726	162	95645	3763932	39.32
1960-1969	38	0.00188	0.00188	0.5	95564	180	95474	3668287	38.39
1960-1969	39	0.00204	0.00204	0.5	95384	195	95287	3572813	37.46
1960-1969	40	0.00223	0.00222	0.5	95189	212	95084	3477526	36.53
1960-1969	41	0.00237	0.00237	0.5	94978	225	94865	3382443	35.61
1960-1969	42	0.00273	0.00273	0.5	94752	258	94623	3287578	34.70
1960-1969	43	0.00289	0.00288	0.5	94494	272	94358	3192954	33.79
1960-1969	44	0.00307	0.00307	0.5	94222	289	94077	3098596	32.89
1960-1969	45	0.00351	0.00350	0.5	93933	329	93768	3004519	31.99
1960-1969	46	0.00379	0.00379	0.5	93604	355	93426	2910751	31.10
1960-1969	47	0.00421	0.00420	0.5	93249	391	93053	2817325	30.21
1960-1969	48	0.00453	0.00452	0.5	92858	419	92648	2724271	29.34
1960-1969	49	0.00498	0.00496	0.5	92438	459	92209	2631623	28.47
1960-1969	50	0.00555	0.00554	0.5	91980	509	91725	2539414	27.61
1960-1969	51	0.00581	0.00579	0.5	91470	530	91205	2447689	26.76
1960-1969	52	0.00646	0.00644	0.5	90940	585	90648	2356484	25.91
1960-1969	53	0.00690	0.00687	0.5	90355	621	90045	2265836	25.08
1960-1969	54	0.00745	0.00742	0.5	89734	666	89401	2175792	24.25
1960-1969	55	0.00807	0.00803	0.5	89068	715	88710	2086391	23.42
1960-1969	56	0.00874	0.00870	0.5	88352	769	87968	1997681	22.61
1960-1969	57	0.00942	0.00938	0.5	87583	821	87173	1909713	21.80
1960-1969	58	0.01045	0.01039	0.5	86762	902	86311	1822540	21.01
1960-1969	59	0.01119	0.01113	0.5	85860	955	85382	1736229	20.22
1960-1969	60	0.01232	0.01224	0.5	84905	1040	84385	1650847	19.44
1960-1969	61	0.01295	0.01287	0.5	83865	1079	83326	1566462	18.68
1960-1969	62	0.01530	0.01519	0.5	82786	1257	82157	1483137	17.92
1960-1969	63	0.01600	0.01588	0.5	81528	1294	80881	1400979	17.18
1960-1969	64	0.01720	0.01705	0.5	80234	1368	79550	1320098	16.45
1960-1969	65	0.02003	0.01984	0.5	78866	1564	78083	1240548	15.73
1960-1969	66	0.02083	0.02061	0.5	77301	1593	76505	1162465	15.04
1960-1969	67	0.02370	0.02342	0.5	75708	1773	74821	1085960	14.34
1960-1969	68	0.02609	0.02576	0.5	73935	1904	72983	1011139	13.68
1960-1969	69	0.02790	0.02752	0.5	72031	1982	71039	938156	13.02
1960-1969	70	0.03246	0.03194	0.5	70048	2237	68930	867117	12.38
1960-1969	71	0.03287	0.03234	0.5	67811	2193	66715	798187	11.77
1960-1969	72	0.03991	0.03913	0.5	65618	2568	64334	731473	11.15
1960-1969	73	0.04258	0.04169	0.5	63051	2629	61736	667138	10.58
1960-1969	74	0.04667	0.04560	0.5	60422	2755	59044	605402	10.02
1960-1969	75	0.05356	0.05216	0.5	57667	3008	56163	546358	9.47
1960-1969	76	0.05605	0.05452	0.5	54658	2980	53168	490195	8.97
1960-1969	77	0.06052	0.05875	0.5	51678	3036	50160	437027	8.46
1960-1969	78	0.06953	0.06720	0.5	48642	3269	47008	386866	7.95
1960-1969	79	0.07518	0.07246	0.5	45374	3288	43730	339858	7.49
1960-1969	80	0.08795	0.08424	0.5	42086	3545	40313	296128	7.04
1960-1969	81	0.08861	0.08485	0.5	38541	3270	36906	255815	6.64
1960-1969	82	0.10237	0.09739	0.5	35270	3435	33553	218909	6.21
1960-1969	83	0.11393	0.10779	0.5	31835	3431	30120	185356	5.82
1960-1969	84	0.12549	0.11808	0.5	28404	3354	26727	155237	5.47
1960-1969	85	0.14037	0.13116	0.5	25050	3286	23407	128510	5.13
1960-1969	86	0.15107	0.14046	0.5	21764	3057	20236	105102	4.83
1960-1969	87	0.16515	0.15255	0.5	18707	2854	17280	84867	4.54
1960-1969	88	0.17813	0.16356	0.5	15854	2593	14557	67586	4.26
1960-1969	89	0.19534	0.17796	0.5	13261	2360	12081	53029	4.00
1960-1969	90	0.21862	0.19708	0.5	10901	2148	9827	40948	3.76
1960-1969	91	0.22150	0.19941	0.5	8752	1745	7880	31122	3.56
1960-1969	92	0.24948	0.22181	0.5	7007	1554	6230	23242	3.32
1960-1969	93	0.27076	0.23848	0.5	5453	1300	4803	17012	3.12
1960-1969	94	0.29186	0.25469	0.5	4152	1058	3624	12209	2.94
1960-1969	95	0.31313	0.27074	0.5	3095	838	2676	8586	2.77
1960-1969	96	0.33630	0.28789	0.5	2257	650	1932	5910	2.62
1960-1969	97	0.36029	0.30530	0.5	1607	491	1362	3978	2.47
1960-1969	98	0.38500	0.32285	0.5	1117	360	936	2616	2.34
1960-1969	99	0.41032	0.34047	0.5	756	257	627	1680	2.22
1960-1969	100	0.43612	0.35805	0.5	499	179	409	1052	2.11
1960-1969	101	0.46227	0.37549	0.5	320	120	260	643	2.01
1960-1969	102	0.48864	0.39269	0.5	200	79	161	383	1.91
1960-1969	103	0.51506	0.40958	0.5	121	50	97	222	1.83
1960-1969	104	0.54140	0.42606	0.5	72	31	56	126	1.75
1960-1969	105	0.56751	0.44207	0.5	41	18	32	69	1.68
1960-1969	106	0.59325	0.45754	0.5	23	11	18	37	1.62
1960-1969	107	0.61849	0.47240	0.5	12	6	10	19	1.56
1960-1969	108	0.64311	0.48663	0.5	7	3	5	10	1.51
1960-1969	109	0.66699	0.50018	0.5	3	2	3	5	1.47
1960-1969	110+	0.69005	1.00000	1.45	2	2	2	2	1.45
1970-1979	0	0.01398	0.01381	0.09	100000	1381	98747	7600080	76.00
1970-1979	1	0.00084	0.00084	0.5	98619	83	98578	7501333	76.06
1970-1979	2	0.00056	0.00056	0.5	98536	55	98509	7402755	75.13
1970-1979	3	0.00043	0.00043	0.5	98481	43	98460	7304246	74.17
1970-1979	4	0.00037	0.00037	0.5	98438	37	98420	7205786	73.20
1970-1979	5	0.00035	0.00035	0.5	98402	35	98385	7107366	72.23
1970-1979	6	0.00030	0.00030	0.5	98367	30	98352	7008982	71.25
1970-1979	7	0.00028	0.00028	0.5	98337	27	98324	6910629	70.27
1970-1979	8	0.00024	0.00024	0.5	98310	24	98298	6812306	69.29
1970-1979	9	0.00023	0.00023	0.5	98287	23	98275	6714007	68.31
1970-1979	10	0.00021	0.00021	0.5	98263	20	98253	6615732	67.33
1970-1979	11	0.00021	0.00021	0.5	98243	21	98233	6517479	66.34
1970-1979	12	0.00022	0.00022	0.5	98222	22	98211	6419246	65.35
1970-1979	13	0.00026	0.00026	0.5	98200	26	98187	6321035	64.37
1970-1979	14	0.00030	0.00030	0.5	98175	29	98160	6222848	63.39
1970-1979	15	0.00035	0.00035	0.5	98145	34	98128	6124688	62.40
1970-1979	16	0.00042	0.00042	0.5	98111	42	98090	6026560	61.43
1970-1979	17	0.00050	0.00050	0.5	98069	49	98045	5928470	60.45
1970-1979	18	0.00055	0.00055	0.5	98020	54	97993	5830425	59.48
1970-1979	19	0.00055	0.00055	0.5	97966	54	97939	5732432	58.51
1970-1979	20	0.00058	0.00058	0.5	97911	56	97883	5634493	57.55
1970-1979	21	0.00058	0.00058	0.5	97855	57	97827	5536610	56.58
1970-1979	22	0.00060	0.00060	0.5	97798	59	97769	5438783	55.61
1970-1979	23	0.00059	0.00059	0.5	97739	58	97710	5341015	54.65
1970-1979	24	0.00061	0.00061	0.5	97682	60	97652	5243304	53.68
1970-1979	25	0.00064	0.00064	0.5	97622	63	97591	5145653	52.71
1970-1979	26	0.00068	0.00068	0.5	97559	66	97526	5048062	51.74
1970-1979	27	0.00067	0.00067	0.5	97493	66	97460	4950536	50.78
1970-1979	28	0.00072	0.00072	0.5	97427	70	97392	4853076	49.81
1970-1979	29	0.00076	0.00076	0.5	97357	74	97320	4755683	48.85
1970-1979	30	0.00077	0.00077	0.5	97283	75	97246	4658363	47.88
1970-1979	31	0.00085	0.00085	0.5	97208	83	97167	4561117	46.92
1970-1979	32	0.00091	0.00091	0.5	97125	89	97081	4463950	45.96
1970-1979	33	0.00100	0.00100	0.5	97037	97	96988	4366869	45.00
1970-1979	34	0.00107	0.00107	0.5	96940	103	96888	4269881	44.05
1970-1979	35	0.00119	0.00119	0.5	96836	115	96779	4172993	43.09
1970-1979	36	0.00128	0.00128	0.5	96721	123	96660	4076214	42.14
1970-1979	37	0.00142	0.00142	0.5	96598	137	96529	3979554	41.20
1970-1979	38	0.00154	0.00154	0.5	96461	149	96387	3883024	40.25
1970-1979	39	0.00167	0.00167	0.5	96312	161	96232	3786638	39.32
1970-1979	40	0.00188	0.00187	0.5	96151	180	96061	3690406	38.38
1970-1979	41	0.00203	0.00202	0.5	95971	194	95874	3594345	37.45
1970-1979	42	0.00236	0.00236	0.5	95777	226	95664	3498471	36.53
1970-1979	43	0.00260	0.00260	0.5	95551	248	95427	3402808	35.61
1970-1979	44	0.00271	0.00271	0.5	95302	258	95173	3307381	34.70
1970-1979	45	0.00301	0.00301	0.5	95045	286	94901	3212208	33.80
1970-1979	46	0.00340	0.00339	0.5	94758	321	94598	3117306	32.90
1970-1979	47	0.00366	0.00365	0.5	94437	345	94265	3022708	32.01
1970-1979	48	0.00399	0.00398	0.5	94092	374	93905	2928444	31.12
1970-1979	49	0.00434	0.00433	0.5	93718	405	93515	2834538	30.25
1970-1979	50	0.00465	0.00464	0.5	93313	433	93096	2741023	29.37
1970-1979	51	0.00490	0.00489	0.5	92880	454	92653	2647927	28.51
1970-1979	52	0.00546	0.00544	0.5	92426	503	92174	2555274	27.65
1970-1979	53	0.00594	0.00593	0.5	91923	545	91650	2463100	26.80
1970-1979	54	0.00641	0.00639	0.5	91378	584	91086	2371450	25.95
1970-1979	55	0.00697	0.00694	0.5	90794	631	90478	2280364	25.12
1970-1979	56	0.00761	0.00758	0.5	90163	683	89822	2189885	24.29
1970-1979	57	0.00818	0.00815	0.5	89480	729	89115	2100064	23.47
1970-1979	58	0.00898	0.00894	0.5	88751	793	88354	2010948	22.66
1970-1979	59	0.00971	0.00966	0.5	87957	850	87533	1922594	21.86
1970-1979	60	0.01079	0.01073	0.5	87108	935	86640	1835062	21.07
1970-1979	61	0.01145	0.01139	0.5	86173	981	85683	1748421	20.29
1970-1979	62	0.01288	0.01280	0.5	85192	1090	84647	1662739	19.52
1970-1979	63	0.01359	0.01350	0.5	84102	1135	83534	1578092	18.76
1970-1979	64	0.01485	0.01474	0.5	82967	1223	82355	1494558	18.01
1970-1979	65	0.01654	0.01641	0.5	81744	1341	81073	1412202	17.28
1970-1979	66	0.01735	0.01720	0.5	80403	1383	79711	1331129	16.56
1970-1979	67	0.01926	0.01908	0.5	79020	1507	78266	1251418	15.84
1970-1979	68	0.02064	0.02043	0.5	77512	1583	76721	1173152	15.14
1970-1979	69	0.02287	0.02261	0.5	75929	1716	75071	1096432	14.44
1970-1979	70	0.02570	0.02537	0.5	74212	1883	73271	1021361	13.76
1970-1979	71	0.02725	0.02688	0.5	72329	1944	71357	948090	13.11
1970-1979	72	0.03118	0.03070	0.5	70385	2161	69304	876733	12.46
1970-1979	73	0.03385	0.03328	0.5	68224	2271	67089	807429	11.83
1970-1979	74	0.03750	0.03681	0.5	65953	2428	64739	740340	11.23
1970-1979	75	0.04249	0.04160	0.5	63525	2643	62204	675601	10.64
1970-1979	76	0.04556	0.04455	0.5	60882	2712	59526	613397	10.08
1970-1979	77	0.05012	0.04890	0.5	58170	2844	56748	553870	9.52
1970-1979	78	0.05666	0.05510	0.5	55326	3048	53802	497122	8.99
1970-1979	79	0.06154	0.05970	0.5	52278	3121	50717	443320	8.48
1970-1979	80	0.07002	0.06765	0.5	49157	3325	47494	392603	7.99
1970-1979	81	0.07390	0.07127	0.5	45831	3266	44198	345109	7.53
1970-1979	82	0.08355	0.08020	0.5	42565	3414	40858	300911	7.07
1970-1979	83	0.09332	0.08916	0.5	39152	3491	37406	260052	6.64
1970-1979	84	0.10280	0.09778	0.5	35661	3487	33917	222646	6.24
1970-1979	85	0.11400	0.10785	0.5	32174	3470	30439	188729	5.87
1970-1979	86	0.12556	0.11815	0.5	28704	3391	27008	158290	5.51
1970-1979	87	0.13502	0.12648	0.5	25313	3202	23712	131282	5.19
1970-1979	88	0.14730	0.13720	0.5	22111	3034	20594	107570	4.86
1970-1979	89	0.16221	0.15004	0.5	19077	2862	17646	86975	4.56
1970-1979	90	0.18133	0.16625	0.5	16215	2696	14867	69329	4.28
1970-1979	91	0.18872	0.17245	0.5	13519	2331	12354	54462	4.03
1970-1979	92	0.21175	0.19148	0.5	11188	2142	10117	42108	3.76
1970-1979	93	0.22950	0.20588	0.5	9046	1862	8115	31992	3.54
1970-1979	94	0.25136	0.22330	0.5	7183	1604	6381	23877	3.32
1970-1979	95	0.26814	0.23644	0.5	5579	1319	4920	17496	3.14
1970-1979	96	0.28950	0.25289	0.5	4260	1077	3721	12576	2.95
1970-1979	97	0.31183	0.26977	0.5	3183	859	2753	8854	2.78
1970-1979	98	0.33508	0.28700	0.5	2324	667	1991	6101	2.63
1970-1979	99	0.35916	0.30448	0.5	1657	505	1405	4110	2.48
1970-1979	100	0.38397	0.32212	0.5	1153	371	967	2705	2.35
1970-1979	101	0.40939	0.33983	0.5	781	266	649	1739	2.23
1970-1979	102	0.43531	0.35750	0.5	516	184	424	1090	2.11
1970-1979	103	0.46159	0.37503	0.5	331	124	269	666	2.01
1970-1979	104	0.48808	0.39234	0.5	207	81	166	397	1.92
1970-1979	105	0.51464	0.40932	0.5	126	52	100	231	1.83
1970-1979	106	0.54112	0.42589	0.5	74	32	59	131	1.76
1970-1979	107	0.56737	0.44199	0.5	43	19	33	72	1.69
1970-1979	108	0.59325	0.45753	0.5	24	11	18	39	1.63
1970-1979	109	0.61861	0.47247	0.5	13	6	10	20	1.58
1970-1979	110+	0.64335	1.00000	1.55	7	7	11	11	1.55
1980-1989	0	0.00970	0.00961	0.08	100000	961	99116	7793305	77.93
1980-1989	1	0.00065	0.00065	0.5	99039	64	99007	7694190	77.69
1980-1989	2	0.00043	0.00043	0.5	98975	43	98953	7595183	76.74
1980-1989	3	0.00033	0.00033	0.5	98932	32	98916	7496230	75.77
1980-1989	4	0.00026	0.00026	0.5	98899	26	98886	7397314	74.80
1980-1989	5	0.00024	0.00024	0.5	98873	24	98862	7298428	73.82
1980-1989	6	0.00020	0.00020	0.5	98850	20	98840	7199566	72.83
1980-1989	7	0.00019	0.00019	0.5	98830	19	98820	7100727	71.85
1980-1989	8	0.00016	0.00016	0.5	98811	16	98802	7001906	70.86
1980-1989	9	0.00016	0.00016	0.5	98794	16	98786	6903104	69.87
1980-1989	10	0.00017	0.00017	0.5	98778	17	98770	6804318	68.88
1980-1989	11	0.00016	0.00016	0.5	98761	16	98754	6705548	67.90
1980-1989	12	0.00018	0.00018	0.5	98746	18	98737	6606794	66.91
1980-1989	13	0.00019	0.00019	0.5	98728	19	98718	6508058	65.92
1980-1989	14	0.00024	0.00024	0.5	98709	24	98697	6409339	64.93
1980-1989	15	0.00029	0.00029	0.5	98685	29	98670	6310643	63.95
1980-1989	16	0.00034	0.00034	0.5	98656	34	98639	6211972	62.97
1980-1989	17	0.00040	0.00040	0.5	98622	39	98603	6113333	61.99
1980-1989	18	0.00043	0.00043	0.5	98583	43	98562	6014731	61.01
1980-1989	19	0.00045	0.00045	0.5	98541	44	98518	5916169	60.04
1980-1989	20	0.00045	0.00045	0.5	98496	44	98474	5817650	59.06
1980-1989	21	0.00047	0.00047	0.5	98452	46	98429	5719176	58.09
1980-1989	22	0.00048	0.00048	0.5	98406	48	98382	5620747	57.12
1980-1989	23	0.00051	0.00051	0.5	98358	50	98333	5522365	56.15
1980-1989	24	0.00052	0.00052	0.5	98308	51	98282	5424031	55.17
1980-1989	25	0.00056	0.00056	0.5	98257	55	98229	5325749	54.20
1980-1989	26	0.00057	0.00057	0.5	98202	56	98173	5227520	53.23
1980-1989	27	0.00061	0.00061	0.5	98145	60	98115	5129346	52.26
1980-1989	28	0.00067	0.00067	0.5	98085	66	98052	5031231	51.29
1980-1989	29	0.00067	0.00067	0.5	98019	65	97987	4933179	50.33
1980-1989	30	0.00073	0.00073	0.5	97954	72	97918	4835192	49.36
1980-1989	31	0.00080	0.00080	0.5	97882	78	97843	4737274	48.40
1980-1989	32	0.00083	0.00083	0.5	97804	81	97763	4639431	47.44
1980-1989	33	0.00092	0.00092	0.5	97723	89	97678	4541668	46.48
1980-1989	34	0.00095	0.00095	0.5	97633	93	97587	4443990	45.52
1980-1989	35	0.00099	0.00099	0.5	97541	97	97492	4346403	44.56
1980-1989	36	0.00108	0.00108	0.5	97444	105	97391	4248911	43.60
1980-1989	37	0.00115	0.00115	0.5	97338	112	97282	4151520	42.65
1980-1989	38	0.00129	0.00129	0.5	97226	125	97164	4054238	41.70
1980-1989	39	0.00128	0.00128	0.5	97101	124	97039	3957074	40.75
1980-1989	40	0.00145	0.00144	0.5	96978	140	96907	3860034	39.80
1980-1989	41	0.00159	0.00159	0.5	96837	154	96760	3763127	38.86
1980-1989	42	0.00178	0.00178	0.5	96683	172	96597	3666366	37.92
1980-1989	43	0.00193	0.00193	0.5	96511	186	96418	3569769	36.99
1980-1989	44	0.00204	0.00204	0.5	96325	197	96227	3473351	36.06
1980-1989	45	0.00240	0.00240	0.5	96128	231	96013	3377125	35.13
1980-1989	46	0.00255	0.00255	0.5	95898	244	95776	3281112	34.21
1980-1989	47	0.00289	0.00288	0.5	95653	276	95516	3185336	33.30
1980-1989	48	0.00324	0.00324	0.5	95378	309	95223	3089820	32.40
1980-1989	49	0.00340	0.00340	0.5	95069	323	94907	2994597	31.50
1980-1989	50	0.00382	0.00381	0.5	94746	361	94565	2899690	30.60
1980-1989	51	0.00440	0.00439	0.5	94384	415	94177	2805125	29.72
1980-1989	52	0.00473	0.00472	0.5	93970	444	93748	2710948	28.85
1980-1989	53	0.00517	0.00516	0.5	93526	482	93285	2617200	27.98
1980-1989	54	0.00545	0.00544	0.5	93044	506	92791	2523915	27.13
1980-1989	55	0.00600	0.00598	0.5	92538	554	92261	2431125	26.27
1980-1989	56	0.00661	0.00658	0.5	91984	606	91681	2338864	25.43
1980-1989	57	0.00705	0.00703	0.5	91379	642	91058	2247182	24.59
1980-1989	58	0.00812	0.00808	0.5	90737	734	90370	2156125	23.76
1980-1989	59	0.00857	0.00853	0.5	90003	768	89619	2065755	22.95
1980-1989	60	0.00933	0.00929	0.5	89235	829	88821	1976136	22.15
1980-1989	61	0.01021	0.01016	0.5	88406	898	87957	1887315	21.35
1980-1989	62	0.01186	0.01179	0.5	87508	1032	86992	1799358	20.56
1980-1989	63	0.01251	0.01244	0.5	86476	1075	85938	1712366	19.80
1980-1989	64	0.01318	0.01310	0.5	85401	1118	84841	1626428	19.04
1980-1989	65	0.01459	0.01448	0.5	84282	1221	83672	1541586	18.29
1980-1989	66	0.01601	0.01588	0.5	83061	1319	82402	1457915	17.55
1980-1989	67	0.01735	0.01720	0.5	81742	1406	81039	1375513	16.83
1980-1989	68	0.01905	0.01887	0.5	80336	1516	79578	1294473	16.11
1980-1989	69	0.02033	0.02013	0.5	78820	1587	78027	1214895	15.41
1980-1989	70	0.02254	0.02229	0.5	77234	1722	76373	1136868	14.72
1980-1989	71	0.02451	0.02422	0.5	75512	1829	74598	1060495	14.04
1980-1989	72	0.02758	0.02720	0.5	73683	2004	72681	985898	13.38
1980-1989	73	0.03006	0.02961	0.5	71679	2123	70618	913216	12.74
1980-1989	74	0.03166	0.03117	0.5	69556	2168	68472	842599	12.11
1980-1989	75	0.03486	0.03426	0.5	67388	2309	66234	774126	11.49
1980-1989	76	0.03882	0.03808	0.5	65080	2478	63841	707892	10.88
1980-1989	77	0.04220	0.04133	0.5	62602	2587	61308	644052	10.29
1980-1989	78	0.04630	0.04525	0.5	60014	2716	58656	582744	9.71
1980-1989	79	0.05058	0.04933	0.5	57298	2827	55885	524088	9.15
1980-1989	80	0.05922	0.05751	0.5	54472	3133	52905	468203	8.60
1980-1989	81	0.06501	0.06297	0.5	51339	3233	49722	415297	8.09
1980-1989	82	0.07281	0.07025	0.5	48106	3380	46416	365575	7.60
1980-1989	83	0.08058	0.07746	0.5	44726	3464	42994	319159	7.14
1980-1989	84	0.08999	0.08612	0.5	41262	3553	39485	276164	6.69
1980-1989	85	0.09931	0.09461	0.5	37709	3568	35925	236679	6.28
1980-1989	86	0.11018	0.10443	0.5	34141	3565	32358	200754	5.88
1980-1989	87	0.12210	0.11508	0.5	30576	3519	28816	168396	5.51
1980-1989	88	0.13290	0.12462	0.5	27057	3372	25371	139580	5.16
1980-1989	89	0.14705	0.13698	0.5	23685	3244	22063	114209	4.82
1980-1989	90	0.16331	0.15098	0.5	20441	3086	18898	92145	4.51
1980-1989	91	0.17706	0.16266	0.5	17355	2823	15943	73247	4.22
1980-1989	92	0.19696	0.17930	0.5	14532	2606	13229	57304	3.94
1980-1989	93	0.21390	0.19324	0.5	11926	2305	10774	44075	3.70
1980-1989	94	0.23414	0.20960	0.5	9622	2017	8613	33301	3.46
1980-1989	95	0.25386	0.22527	0.5	7605	1713	6748	24688	3.25
1980-1989	96	0.27580	0.24237	0.5	5892	1428	5178	17939	3.04
1980-1989	97	0.29887	0.26001	0.5	4464	1161	3883	12761	2.86
1980-1989	98	0.32301	0.27809	0.5	3303	919	2844	8878	2.69
1980-1989	99	0.34813	0.29652	0.5	2385	707	2031	6034	2.53
1980-1989	100	0.37413	0.31517	0.5	1678	529	1413	4003	2.39
1980-1989	101	0.40087	0.33394	0.5	1149	384	957	2590	2.25
1980-1989	102	0.42822	0.35270	0.5	765	270	630	1633	2.13
1980-1989	103	0.45601	0.37135	0.5	495	184	403	1003	2.02
1980-1989	104	0.48408	0.38975	0.5	311	121	251	599	1.92
1980-1989	105	0.51226	0.40781	0.5	190	77	151	349	1.83
1980-1989	106	0.54035	0.42541	0.5	113	48	89	197	1.75
1980-1989	107	0.56819	0.44248	0.5	65	29	50	109	1.68
1980-1989	108	0.59560	0.45893	0.5	36	17	28	58	1.62
1980-1989	109	0.62244	0.47470	0.5	20	9	15	31	1.57
1980-1989	110+	0.64854	1.00000	1.54	10	10	16	16	1.54
1990-1999	0	0.00714	0.00709	0.07	100000	709	99343	7929943	79.30
1990-1999	1	0.00050	0.00050	0.5	99291	50	99266	7830600	78.87
1990-1999	2	0.00031	0.00031	0.5	99241	30	99226	7731335	77.90
1990-1999	3	0.00024	0.00024	0.5	99211	24	99199	7632109	76.93
1990-1999	4	0.00019	0.00019	0.5	99187	19	99177	7532910	75.95
1990-1999	5	0.00016	0.00016	0.5	99168	16	99160	7433732	74.96
1990-1999	6	0.00015	0.00015	0.5	99152	15	99144	7334573	73.97
1990-1999	7	0.00015	0.00015	0.5	99137	15	99129	7235428	72.98
1990-1999	8	0.00014	0.00014	0.5	99122	14	99115	7136299	72.00
1990-1999	9	0.00013	0.00013	0.5	99108	13	99102	7037184	71.01
1990-1999	10	0.00012	0.00012	0.5	99095	12	99089	6938082	70.01
1990-1999	11	0.00012	0.00012	0.5	99083	12	99077	6838993	69.02
1990-1999	12	0.00013	0.00013	0.5	99071	13	99065	6739916	68.03
1990-1999	13	0.00016	0.00016	0.5	99058	16	99050	6640851	67.04
1990-1999	14	0.00019	0.00019	0.5	99042	19	99032	6541801	66.05
1990-1999	15	0.00025	0.00025	0.5	99023	25	99010	6442769	65.06
1990-1999	16	0.00031	0.00031	0.5	98998	31	98982	6343759	64.08
1990-1999	17	0.00037	0.00037	0.5	98967	36	98949	6244777	63.10
1990-1999	18	0.00038	0.00038	0.5	98931	38	98912	6145828	62.12
1990-1999	19	0.00035	0.00035	0.5	98893	35	98876	6046915	61.15
1990-1999	20	0.00037	0.00037	0.5	98859	36	98840	5948039	60.17
1990-1999	21	0.00040	0.00040	0.5	98822	40	98802	5849199	59.19
1990-1999	22	0.00042	0.00042	0.5	98782	41	98762	5750397	58.21
1990-1999	23	0.00045	0.00045	0.5	98741	44	98719	5651635	57.24
1990-1999	24	0.00046	0.00046	0.5	98697	45	98674	5552916	56.26
1990-1999	25	0.00047	0.00047	0.5	98652	46	98628	5454242	55.29
1990-1999	26	0.00053	0.00053	0.5	98605	52	98579	5355613	54.31
1990-1999	27	0.00058	0.00058	0.5	98554	57	98525	5257034	53.34
1990-1999	28	0.00063	0.00063	0.5	98497	62	98466	5158509	52.37
1990-1999	29	0.00066	0.00066	0.5	98435	65	98403	5060043	51.40
1990-1999	30	0.00073	0.00073	0.5	98371	72	98335	4961640	50.44
1990-1999	31	0.00083	0.00083	0.5	98299	81	98258	4863305	49.47
1990-1999	32	0.00086	0.00086	0.5	98217	85	98175	4765048	48.52
1990-1999	33	0.00094	0.00094	0.5	98133	92	98087	4666873	47.56
1990-1999	34	0.00100	0.00100	0.5	98041	98	97992	4568786	46.60
1990-1999	35	0.00106	0.00106	0.5	97943	104	97891	4470794	45.65
1990-1999	36	0.00115	0.00115	0.5	97839	112	97783	4372903	44.69
1990-1999	37	0.00123	0.00123	0.5	97727	120	97667	4275119	43.75
1990-1999	38	0.00139	0.00139	0.5	97607	135	97539	4177452	42.80
1990-1999	39	0.00135	0.00135	0.5	97472	131	97406	4079913	41.86
1990-1999	40	0.00147	0.00147	0.5	97341	143	97269	3982507	40.91
1990-1999	41	0.00162	0.00162	0.5	97198	157	97119	3885237	39.97
1990-1999	42	0.00172	0.00171	0.5	97041	166	96958	3788118	39.04
1990-1999	43	0.00181	0.00181	0.5	96874	176	96787	3691161	38.10
1990-1999	44	0.00191	0.00191	0.5	96699	185	96606	3594374	37.17
1990-1999	45	0.00211	0.00211	0.5	96514	203	96412	3497768	36.24
1990-1999	46	0.00228	0.00228	0.5	96311	219	96201	3401355	35.32
1990-1999	47	0.00246	0.00246	0.5	96091	236	95973	3305155	34.40
1990-1999	48	0.00278	0.00278	0.5	95855	266	95722	3209182	33.48
1990-1999	49	0.00292	0.00292	0.5	95589	279	95449	3113460	32.57
1990-1999	50	0.00317	0.00317	0.5	95310	302	95159	3018010	31.67
1990-1999	51	0.00359	0.00358	0.5	95008	340	94838	2922851	30.76
1990-1999	52	0.00401	0.00400	0.5	94668	379	94478	2828013	29.87
1990-1999	53	0.00434	0.00433	0.5	94289	408	94085	2733535	28.99
1990-1999	54	0.00458	0.00457	0.5	93881	429	93666	2639450	28.11
1990-1999	55	0.00524	0.00522	0.5	93452	488	93208	2545784	27.24
1990-1999	56	0.00570	0.00568	0.5	92964	528	92700	2452576	26.38
1990-1999	57	0.00609	0.00607	0.5	92436	561	92155	2359876	25.53
1990-1999	58	0.00706	0.00704	0.5	91875	646	91552	2267721	24.68
1990-1999	59	0.00750	0.00747	0.5	91228	682	90887	2176169	23.85
1990-1999	60	0.00819	0.00816	0.5	90547	739	90177	2085282	23.03
1990-1999	61	0.00922	0.00918	0.5	89808	825	89395	1995105	22.22
1990-1999	62	0.01004	0.00999	0.5	88983	889	88539	1905709	21.42
1990-1999	63	0.01090	0.01084	0.5	88094	955	87617	1817170	20.63
1990-1999	64	0.01159	0.01152	0.5	87139	1004	86637	1729554	19.85
1990-1999	65	0.01304	0.01295	0.5	86135	1116	85577	1642916	19.07
1990-1999	66	0.01421	0.01411	0.5	85019	1200	84420	1557339	18.32
1990-1999	67	0.01538	0.01526	0.5	83820	1279	83180	1472920	17.57
1990-1999	68	0.01721	0.01706	0.5	82541	1408	81836	1389740	16.84
1990-1999	69	0.01811	0.01795	0.5	81132	1456	80404	1307903	16.12
1990-1999	70	0.02005	0.01985	0.5	79676	1582	78885	1227499	15.41
1990-1999	71	0.02197	0.02173	0.5	78094	1697	77246	1148614	14.71
1990-1999	72	0.02429	0.02400	0.5	76397	1833	75481	1071368	14.02
1990-1999	73	0.02639	0.02605	0.5	74564	1942	73593	995887	13.36
1990-1999	74	0.02858	0.02817	0.5	72622	2046	71599	922293	12.70
1990-1999	75	0.03090	0.03043	0.5	70576	2147	69502	850694	12.05
1990-1999	76	0.03472	0.03413	0.5	68429	2335	67261	781192	11.42
1990-1999	77	0.03816	0.03744	0.5	66093	2475	64856	713931	10.80
1990-1999	78	0.04153	0.04069	0.5	63618	2589	62324	649075	10.20
1990-1999	79	0.04549	0.04448	0.5	61030	2714	59673	586751	9.61
1990-1999	80	0.05292	0.05155	0.5	58316	3006	56812	527078	9.04
1990-1999	81	0.05890	0.05722	0.5	55309	3165	53727	470266	8.50
1990-1999	82	0.06539	0.06332	0.5	52145	3302	50494	416539	7.99
1990-1999	83	0.07221	0.06970	0.5	48843	3404	47141	366045	7.49
1990-1999	84	0.08020	0.07711	0.5	45439	3504	43687	318904	7.02
1990-1999	85	0.08958	0.08574	0.5	41935	3596	40137	275217	6.56
1990-1999	86	0.09959	0.09487	0.5	38340	3637	36521	235080	6.13
1990-1999	87	0.11055	0.10476	0.5	34702	3635	32885	198559	5.72
1990-1999	88	0.12254	0.11547	0.5	31067	3587	29273	165674	5.33
1990-1999	89	0.13738	0.12855	0.5	27480	3532	25713	136401	4.96
1990-1999	90	0.15254	0.14173	0.5	23947	3394	22250	110687	4.62
1990-1999	91	0.16855	0.15545	0.5	20553	3195	18956	88437	4.30
1990-1999	92	0.18857	0.17233	0.5	17358	2991	15863	69481	4.00
1990-1999	93	0.20924	0.18942	0.5	14367	2721	13006	53619	3.73
1990-1999	94	0.23127	0.20730	0.5	11646	2414	10439	40612	3.49
1990-1999	95	0.24857	0.22109	0.5	9232	2041	8211	30174	3.27
1990-1999	96	0.27170	0.23920	0.5	7190	1720	6331	21963	3.05
1990-1999	97	0.29613	0.25794	0.5	5471	1411	4765	15632	2.86
1990-1999	98	0.32179	0.27719	0.5	4059	1125	3497	10867	2.68
1990-1999	99	0.34857	0.29684	0.5	2934	871	2499	7371	2.51
1990-1999	100	0.37634	0.31674	0.5	2063	654	1736	4872	2.36
1990-1999	101	0.40495	0.33677	0.5	1410	475	1172	3135	2.22
1990-1999	102	0.43422	0.35676	0.5	935	334	768	1963	2.10
1990-1999	103	0.46396	0.37660	0.5	601	226	488	1195	1.99
1990-1999	104	0.49395	0.39612	0.5	375	149	301	707	1.88
1990-1999	105	0.52399	0.41521	0.5	226	94	179	406	1.79
1990-1999	106	0.55386	0.43374	0.5	132	57	104	227	1.71
1990-1999	107	0.58334	0.45162	0.5	75	34	58	123	1.64
1990-1999	108	0.61224	0.46875	0.5	41	19	31	65	1.58
1990-1999	109	0.64037	0.48506	0.5	22	11	17	33	1.53
1990-1999	110+	0.66757	1.00000	1.5	11	11	17	17	1.50
2000-2009	0	0.00556	0.00553	0.07	100000	553	99485	8081658	80.82
2000-2009	1	0.00030	0.00030	0.5	99447	30	99432	7982173	80.27
2000-2009	2	0.00021	0.00021	0.5	99417	21	99407	7882741	79.29
2000-2009	3	0.00016	0.00016	0.5	99396	16	99388	7783335	78.31
2000-2009	4	0.00013	0.00013	0.5	99380	13	99373	7683947	77.32
2000-2009	5	0.00011	0.00011	0.5	99367	11	99361	7584573	76.33
2000-2009	6	0.00011	0.00011	0.5	99356	11	99351	7485212	75.34
2000-2009	7	0.00010	0.00010	0.5	99345	10	99340	7385861	74.35
2000-2009	8	0.00010	0.00010	0.5	99335	10	99330	7286522	73.35
2000-2009	9	0.00010	0.00010	0.5	99325	10	99320	7187192	72.36
2000-2009	10	0.00011	0.00011	0.5	99316	11	99310	7087871	71.37
2000-2009	11	0.00010	0.00010	0.5	99305	10	99300	6988561	70.37
2000-2009	12	0.00012	0.00012	0.5	99295	12	99289	6889261	69.38
2000-2009	13	0.00012	0.00012	0.5	99283	12	99277	6789972	68.39
2000-2009	14	0.00014	0.00014	0.5	99272	14	99264	6690694	67.40
2000-2009	15	0.00016	0.00016	0.5	99257	16	99249	6591430	66.41
2000-2009	16	0.00024	0.00024	0.5	99241	24	99229	6492181	65.42
2000-2009	17	0.00029	0.00029	0.5	99217	29	99203	6392951	64.43
2000-2009	18	0.00033	0.00033	0.5	99188	33	99172	6293748	63.45
2000-2009	19	0.00033	0.00033	0.5	99155	33	99139	6194577	62.47
2000-2009	20	0.00036	0.00036	0.5	99122	35	99105	6095438	61.49
2000-2009	21	0.00041	0.00041	0.5	99087	40	99067	5996333	60.52
2000-2009	22	0.00040	0.00040	0.5	99047	40	99027	5897266	59.54
2000-2009	23	0.00041	0.00041	0.5	99007	40	98987	5798240	58.56
2000-2009	24	0.00042	0.00042	0.5	98967	42	98946	5699253	57.59
2000-2009	25	0.00042	0.00042	0.5	98925	42	98904	5600307	56.61
2000-2009	26	0.00045	0.00045	0.5	98883	44	98861	5501404	55.64
2000-2009	27	0.00046	0.00046	0.5	98839	45	98816	5402543	54.66
2000-2009	28	0.00048	0.00048	0.5	98793	47	98770	5303727	53.69
2000-2009	29	0.00049	0.00049	0.5	98746	48	98722	5204957	52.71
2000-2009	30	0.00053	0.00053	0.5	98698	52	98672	5106235	51.74
2000-2009	31	0.00057	0.00057	0.5	98646	56	98618	5007563	50.76
2000-2009	32	0.00062	0.00062	0.5	98590	61	98559	4908945	49.79
2000-2009	33	0.00065	0.00065	0.5	98529	64	98496	4810386	48.82
2000-2009	34	0.00071	0.00071	0.5	98464	70	98429	4711890	47.85
2000-2009	35	0.00078	0.00078	0.5	98394	77	98356	4613461	46.89
2000-2009	36	0.00090	0.00090	0.5	98317	88	98273	4515105	45.92
2000-2009	37	0.00096	0.00096	0.5	98229	94	98182	4416832	44.96
2000-2009	38	0.00105	0.00105	0.5	98135	103	98083	4318650	44.01
2000-2009	39	0.00116	0.00116	0.5	98032	114	97975	4220567	43.05
2000-2009	40	0.00127	0.00127	0.5	97918	125	97855	4122592	42.10
2000-2009	41	0.00138	0.00138	0.5	97793	135	97726	4024737	41.16
2000-2009	42	0.00149	0.00149	0.5	97658	146	97586	3927011	40.21
2000-2009	43	0.00163	0.00163	0.5	97513	159	97434	3829425	39.27
2000-2009	44	0.00181	0.00181	0.5	97354	176	97266	3731992	38.33
2000-2009	45	0.00195	0.00195	0.5	97179	190	97084	3634725	37.40
2000-2009	46	0.00213	0.00213	0.5	96989	207	96886	3537642	36.47
2000-2009	47	0.00228	0.00227	0.5	96782	220	96672	3440756	35.55
2000-2009	48	0.00251	0.00250	0.5	96562	242	96441	3344084	34.63
2000-2009	49	0.00270	0.00269	0.5	96320	259	96191	3247643	33.72
2000-2009	50	0.00288	0.00288	0.5	96061	276	95923	3151452	32.81
2000-2009	51	0.00311	0.00310	0.5	95785	297	95636	3055529	31.90
2000-2009	52	0.00335	0.00334	0.5	95488	319	95328	2959893	31.00
2000-2009	53	0.00366	0.00366	0.5	95169	348	94995	2864565	30.10
2000-2009	54	0.00394	0.00393	0.5	94821	373	94634	2769570	29.21
2000-2009	55	0.00434	0.00433	0.5	94448	409	94243	2674936	28.32
2000-2009	56	0.00455	0.00454	0.5	94039	427	93825	2580693	27.44
2000-2009	57	0.00513	0.00512	0.5	93612	479	93372	2486868	26.57
2000-2009	58	0.00554	0.00552	0.5	93133	514	92876	2393495	25.70
2000-2009	59	0.00612	0.00610	0.5	92619	565	92336	2300620	24.84
2000-2009	60	0.00682	0.00679	0.5	92053	625	91740	2208284	23.99
2000-2009	61	0.00746	0.00743	0.5	91428	679	91088	2116543	23.15
2000-2009	62	0.00813	0.00809	0.5	90748	734	90381	2025455	22.32
2000-2009	63	0.00897	0.00893	0.5	90014	804	89612	1935074	21.50
2000-2009	64	0.00981	0.00976	0.5	89210	871	88775	1845462	20.69
2000-2009	65	0.01066	0.01061	0.5	88339	937	87871	1756687	19.89
2000-2009	66	0.01163	0.01156	0.5	87402	1010	86897	1668816	19.09
2000-2009	67	0.01285	0.01277	0.5	86392	1103	85840	1581919	18.31
2000-2009	68	0.01405	0.01395	0.5	85289	1190	84694	1496078	17.54
2000-2009	69	0.01536	0.01525	0.5	84099	1282	83458	1411384	16.78
2000-2009	70	0.01708	0.01694	0.5	82817	1403	82115	1327927	16.03
2000-2009	71	0.01849	0.01832	0.5	81414	1492	80668	1245811	15.30
2000-2009	72	0.02049	0.02028	0.5	79922	1621	79112	1165143	14.58
2000-2009	73	0.02240	0.02215	0.5	78301	1734	77434	1086032	13.87
2000-2009	74	0.02478	0.02448	0.5	76567	1874	75629	1008598	13.17
2000-2009	75	0.02762	0.02725	0.5	74692	2035	73675	932969	12.49
2000-2009	76	0.03009	0.02965	0.5	72657	2154	71580	859294	11.83
2000-2009	77	0.03313	0.03259	0.5	70503	2298	69354	787714	11.17
2000-2009	78	0.03700	0.03632	0.5	68205	2478	66966	718360	10.53
2000-2009	79	0.04058	0.03977	0.5	65728	2614	64421	651393	9.91
2000-2009	80	0.04733	0.04623	0.5	63114	2918	61655	586972	9.30
2000-2009	81	0.05265	0.05130	0.5	60196	3088	58652	525318	8.73
2000-2009	82	0.05905	0.05736	0.5	57108	3276	55470	466666	8.17
2000-2009	83	0.06634	0.06421	0.5	53832	3457	52104	411197	7.64
2000-2009	84	0.07442	0.07175	0.5	50375	3614	48568	359093	7.13
2000-2009	85	0.08414	0.08074	0.5	46761	3776	44873	310525	6.64
2000-2009	86	0.09477	0.09048	0.5	42985	3889	41041	265652	6.18
2000-2009	87	0.10665	0.10125	0.5	39096	3959	37117	224611	5.75
2000-2009	88	0.11945	0.11271	0.5	35137	3961	33157	187495	5.34
2000-2009	89	0.13485	0.12633	0.5	31177	3939	29208	154338	4.95
2000-2009	90	0.14992	0.13947	0.5	27238	3799	25339	125130	4.59
2000-2009	91	0.16875	0.15562	0.5	23439	3648	21616	99791	4.26
2000-2009	92	0.18795	0.17180	0.5	19792	3400	18092	78176	3.95
2000-2009	93	0.20926	0.18944	0.5	16392	3105	14839	60084	3.67
2000-2009	94	0.23165	0.20760	0.5	13286	2758	11907	45245	3.41
2000-2009	95	0.25508	0.22623	0.5	10528	2382	9337	33338	3.17
2000-2009	96	0.28070	0.24615	0.5	8146	2005	7144	24001	2.95
2000-2009	97	0.30782	0.26676	0.5	6141	1638	5322	16857	2.74
2000-2009	98	0.33634	0.28792	0.5	4503	1296	3855	11535	2.56
2000-2009	99	0.36611	0.30946	0.5	3206	992	2710	7680	2.40
2000-2009	100	0.39694	0.33120	0.5	2214	733	1847	4970	2.24
2000-2009	101	0.42860	0.35296	0.5	1481	523	1219	3123	2.11
2000-2009	102	0.46086	0.37456	0.5	958	359	779	1903	1.99
2000-2009	103	0.49346	0.39580	0.5	599	237	481	1124	1.88
2000-2009	104	0.52611	0.41654	0.5	362	151	287	644	1.78
2000-2009	105	0.55853	0.43660	0.5	211	92	165	357	1.69
2000-2009	106	0.59047	0.45588	0.5	119	54	92	192	1.61
2000-2009	107	0.62166	0.47425	0.5	65	31	49	100	1.54
2000-2009	108	0.65187	0.49163	0.5	34	17	26	51	1.49
2000-2009	109	0.68091	0.50797	0.5	17	9	13	25	1.44
2000-2009	110+	0.70862	1.00000	1.41	9	9	12	12	1.41
2010-2019	0	0.00455	0.00453	0.07	100000	453	99577	8235570	82.36
2010-2019	1	0.00026	0.00026	0.5	99547	26	99534	8135993	81.73
2010-2019	2	0.00017	0.00017	0.5	99521	17	99512	8036460	80.75
2010-2019	3	0.00013	0.00013	0.5	99504	13	99497	7936947	79.77
2010-2019	4	0.00011	0.00011	0.5	99490	11	99485	7837450	78.78
2010-2019	5	0.00009	0.00009	0.5	99479	9	99475	7737966	77.78
2010-2019	6	0.00010	0.00010	0.5	99470	10	99465	7638491	76.79
2010-2019	7	0.00008	0.00008	0.5	99460	8	99456	7539026	75.80
2010-2019	8	0.00009	0.00009	0.5	99452	9	99448	7439570	74.81
2010-2019	9	0.00008	0.00008	0.5	99443	8	99439	7340122	73.81
2010-2019	10	0.00008	0.00008	0.5	99435	8	99431	7240682	72.82
2010-2019	11	0.00009	0.00009	0.5	99427	9	99423	7141251	71.82
2010-2019	12	0.00009	0.00009	0.5	99419	9	99415	7041828	70.83
2010-2019	13	0.00011	0.00011	0.5	99410	11	99405	6942413	69.84
2010-2019	14	0.00013	0.00013	0.5	99400	12	99393	6843008	68.84
2010-2019	15	0.00013	0.00013	0.5	99387	13	99380	6743615	67.85
2010-2019	16	0.00016	0.00016	0.5	99374	16	99366	6644235	66.86
2010-2019	17	0.00021	0.00021	0.5	99358	20	99347	6544869	65.87
2010-2019	18	0.00025	0.00025	0.5	99337	25	99325	6445522	64.89
2010-2019	19	0.00027	0.00027	0.5	99312	27	99299	6346197	63.90
2010-2019	20	0.00033	0.00033	0.5	99285	33	99268	6246898	62.92
2010-2019	21	0.00039	0.00039	0.5	99252	38	99233	6147630	61.94
2010-2019	22	0.00042	0.00042	0.5	99214	42	99192	6048397	60.96
2010-2019	23	0.00045	0.00045	0.5	99171	44	99149	5949205	59.99
2010-2019	24	0.00046	0.00046	0.5	99127	46	99104	5850055	59.02
2010-2019	25	0.00049	0.00049	0.5	99082	48	99057	5750951	58.04
2010-2019	26	0.00054	0.00054	0.5	99033	54	99006	5651894	57.07
2010-2019	27	0.00054	0.00054	0.5	98980	53	98953	5552888	56.10
2010-2019	28	0.00058	0.00058	0.5	98926	58	98898	5453935	55.13
2010-2019	29	0.00062	0.00062	0.5	98869	62	98838	5355037	54.16
2010-2019	30	0.00065	0.00065	0.5	98807	64	98775	5256199	53.20
2010-2019	31	0.00070	0.00070	0.5	98743	69	98709	5157424	52.23
2010-2019	32	0.00072	0.00072	0.5	98674	71	98638	5058715	51.27
2010-2019	33	0.00074	0.00074	0.5	98603	73	98567	4960077	50.30
2010-2019	34	0.00080	0.00080	0.5	98530	79	98491	4861510	49.34
2010-2019	35	0.00084	0.00084	0.5	98451	83	98410	4763020	48.38
2010-2019	36	0.00090	0.00090	0.5	98369	88	98324	4664610	47.42
2010-2019	37	0.00092	0.00092	0.5	98280	91	98235	4566285	46.46
2010-2019	38	0.00099	0.00098	0.5	98189	97	98141	4468050	45.50
2010-2019	39	0.00104	0.00104	0.5	98093	102	98042	4369909	44.55
2010-2019	40	0.00115	0.00115	0.5	97991	112	97935	4271867	43.59
2010-2019	41	0.00120	0.00120	0.5	97879	118	97820	4173932	42.64
2010-2019	42	0.00130	0.00130	0.5	97761	127	97697	4076113	41.69
2010-2019	43	0.00142	0.00142	0.5	97634	139	97564	3978416	40.75
2010-2019	44	0.00154	0.00153	0.5	97495	150	97420	3880851	39.81
2010-2019	45	0.00170	0.00170	0.5	97345	165	97263	3783431	38.87
2010-2019	46	0.00187	0.00186	0.5	97180	181	97090	3686168	37.93
2010-2019	47	0.00204	0.00204	0.5	96999	198	96900	3589078	37.00
2010-2019	48	0.00220	0.00220	0.5	96802	213	96695	3492178	36.08
2010-2019	49	0.00241	0.00240	0.5	96589	232	96473	3395483	35.15
2010-2019	50	0.00268	0.00267	0.5	96357	258	96228	3299010	34.24
2010-2019	51	0.00291	0.00291	0.5	96099	280	95959	3202782	33.33
2010-2019	52	0.00315	0.00315	0.5	95819	301	95669	3106823	32.42
2010-2019	53	0.00333	0.00332	0.5	95518	317	95359	3011154	31.52
2010-2019	54	0.00366	0.00365	0.5	95201	347	95027	2915794	30.63
2010-2019	55	0.00395	0.00395	0.5	94853	374	94666	2820767	29.74
2010-2019	56	0.00434	0.00433	0.5	94479	409	94275	2726101	28.85
2010-2019	57	0.00468	0.00467	0.5	94070	439	93850	2631826	27.98
2010-2019	58	0.00500	0.00498	0.5	93631	467	93397	2537976	27.11
2010-2019	59	0.00533	0.00532	0.5	93164	495	92916	2444579	26.24
2010-2019	60	0.00580	0.00578	0.5	92668	536	92401	2351663	25.38
2010-2019	61	0.00623	0.00622	0.5	92133	573	91847	2259262	24.52
2010-2019	62	0.00685	0.00683	0.5	91560	625	91248	2167415	23.67
2010-2019	63	0.00737	0.00734	0.5	90935	667	90601	2076168	22.83
2010-2019	64	0.00808	0.00804	0.5	90268	726	89905	1985566	22.00
2010-2019	65	0.00877	0.00873	0.5	89542	782	89151	1895662	21.17
2010-2019	66	0.00956	0.00951	0.5	88760	844	88337	1806511	20.35
2010-2019	67	0.01053	0.01047	0.5	87915	921	87455	1718174	19.54
2010-2019	68	0.01161	0.01154	0.5	86994	1004	86492	1630719	18.75
2010-2019	69	0.01267	0.01259	0.5	85990	1082	85449	1544227	17.96
2010-2019	70	0.01417	0.01407	0.5	84908	1195	84310	1458778	17.18
2010-2019	71	0.01546	0.01534	0.5	83713	1284	83071	1374467	16.42
2010-2019	72	0.01710	0.01696	0.5	82429	1398	81730	1291396	15.67
2010-2019	73	0.01874	0.01856	0.5	81031	1504	80279	1209666	14.93
2010-2019	74	0.02088	0.02067	0.5	79527	1644	78705	1129387	14.20
2010-2019	75	0.02301	0.02275	0.5	77883	1772	76998	1050682	13.49
2010-2019	76	0.02548	0.02515	0.5	76112	1915	75154	973685	12.79
2010-2019	77	0.02826	0.02786	0.5	74197	2067	73163	898530	12.11
2010-2019	78	0.03119	0.03071	0.5	72130	2215	71022	825367	11.44
2010-2019	79	0.03470	0.03411	0.5	69915	2385	68722	754345	10.79
2010-2019	80	0.03877	0.03803	0.5	67530	2568	66246	685622	10.15
2010-2019	81	0.04326	0.04234	0.5	64962	2751	63586	619377	9.53
2010-2019	82	0.04902	0.04785	0.5	62211	2977	60723	555790	8.93
2010-2019	83	0.05476	0.05330	0.5	59234	3157	57656	495068	8.36
2010-2019	84	0.06181	0.05995	0.5	56077	3362	54396	437412	7.80
2010-2019	85	0.06954	0.06720	0.5	52715	3542	50944	383016	7.27
2010-2019	86	0.07862	0.07565	0.5	49173	3720	47313	332072	6.75
2010-2019	87	0.09025	0.08635	0.5	45453	3925	43490	284759	6.26
2010-2019	88	0.10131	0.09642	0.5	41528	4004	39526	241269	5.81
2010-2019	89	0.11592	0.10957	0.5	37524	4111	35468	201743	5.38
2010-2019	90	0.13172	0.12358	0.5	33412	4129	31348	166275	4.98
2010-2019	91	0.14770	0.13754	0.5	29283	4028	27269	134927	4.61
2010-2019	92	0.16632	0.15355	0.5	25255	3878	23316	107658	4.26
2010-2019	93	0.18621	0.17035	0.5	21378	3642	19557	84341	3.95
2010-2019	94	0.20953	0.18966	0.5	17736	3364	16054	64785	3.65
2010-2019	95	0.23032	0.20653	0.5	14372	2968	12888	48731	3.39
2010-2019	96	0.25540	0.22648	0.5	11404	2583	10112	35843	3.14
2010-2019	97	0.28222	0.24732	0.5	8821	2182	7730	25730	2.92
2010-2019	98	0.31067	0.26890	0.5	6639	1785	5747	18000	2.71
2010-2019	99	0.34064	0.29106	0.5	4854	1413	4148	12253	2.52
2010-2019	100	0.37193	0.31361	0.5	3441	1079	2902	8106	2.36
2010-2019	101	0.40434	0.33634	0.5	2362	794	1965	5204	2.20
2010-2019	102	0.43760	0.35904	0.5	1568	563	1286	3239	2.07
2010-2019	103	0.47143	0.38151	0.5	1005	383	813	1953	1.94
2010-2019	104	0.50553	0.40353	0.5	621	251	496	1140	1.83
2010-2019	105	0.53958	0.42494	0.5	371	158	292	644	1.74
2010-2019	106	0.57326	0.44555	0.5	213	95	166	352	1.65
2010-2019	107	0.60627	0.46524	0.5	118	55	91	186	1.58
2010-2019	108	0.63835	0.48390	0.5	63	31	48	96	1.51
2010-2019	109	0.66923	0.50144	0.5	33	16	24	48	1.46
2010-2019	110+	0.69872	1.00000	1.43	16	16	23	23	1.43
