Div2: Mid-Atlantic, Lifetables (period 5x1), Females Last modified: 20 Dec 2020, MPv5 (May07) 

Year	Age	mx	qx	ax	lx	dx	Lx	Tx	ex
1959	0	0.02207	0.02164	0.11	100000	2164	98084	7262162	72.62
1959	1-4	0.00083	0.00331	1.68	97836	324	390592	7164077	73.23
1959	5-9	0.00040	0.00199	2.22	97512	194	487019	6773486	69.46
1959	10-14	0.00029	0.00146	2.44	97318	142	486225	6286466	64.60
1959	15-19	0.00046	0.00230	2.73	97176	224	485370	5800241	59.69
1959	20-24	0.00063	0.00315	2.58	96952	305	484020	5314871	54.82
1959	25-29	0.00081	0.00403	2.66	96647	389	482323	4830851	49.98
1959	30-34	0.00121	0.00606	2.59	96257	583	479882	4348528	45.18
1959	35-39	0.00174	0.00864	2.73	95674	827	476490	3868646	40.44
1959	40-44	0.00272	0.01350	2.65	94847	1280	471233	3392156	35.76
1959	45-49	0.00439	0.02173	2.66	93567	2034	463074	2920923	31.22
1959	50-54	0.00682	0.03353	2.63	91533	3069	450391	2457849	26.85
1959	55-59	0.01019	0.04975	2.68	88464	4401	432105	2007458	22.69
1959	60-64	0.01612	0.07764	2.65	84063	6527	404991	1575354	18.74
1959	65-69	0.02592	0.12207	2.62	77536	9465	365127	1170363	15.09
1959	70-74	0.04214	0.19131	2.59	68071	13022	309000	805236	11.83
1959	75-79	0.06931	0.29608	2.54	55048	16298	235164	496236	9.01
1959	80-84	0.10921	0.42751	2.46	38750	16566	151683	261071	6.74
1959	85-89	0.17023	0.58322	2.3	22184	12938	76002	109388	4.93
1959	90-94	0.25457	0.73827	2.16	9246	6826	26813	33386	3.61
1959	95-99	0.35322	0.84594	1.92	2420	2047	5796	6573	2.72
1959	100-104	0.47146	0.91993	1.69	373	343	727	777	2.09
1959	105-109	0.59356	0.95944	1.47	30	29	48	50	1.68
1959	110+	0.68975	1.00000	1.45	1	1	2	2	1.45
1960	0	0.02164	0.02123	0.11	100000	2123	98118	7280746	72.81
1960	1-4	0.00084	0.00335	1.63	97877	328	390730	7182628	73.38
1960	5-9	0.00038	0.00192	2.3	97549	187	487239	6791897	69.63
1960	10-14	0.00027	0.00137	2.7	97362	133	486502	6304659	64.75
1960	15-19	0.00045	0.00224	2.69	97229	218	485639	5818157	59.84
1960	20-24	0.00064	0.00318	2.57	97011	309	484302	5332518	54.97
1960	25-29	0.00085	0.00423	2.64	96702	409	482545	4848216	50.14
1960	30-34	0.00117	0.00582	2.65	96293	561	480145	4365671	45.34
1960	35-39	0.00177	0.00880	2.68	95732	842	476704	3885527	40.59
1960	40-44	0.00275	0.01367	2.66	94890	1297	471419	3408823	35.92
1960	45-49	0.00431	0.02133	2.65	93593	1996	463264	2937403	31.38
1960	50-54	0.00660	0.03247	2.62	91597	2974	450911	2474139	27.01
1960	55-59	0.01009	0.04930	2.68	88623	4369	432986	2023228	22.83
1960	60-64	0.01618	0.07796	2.65	84253	6568	405843	1590241	18.87
1960	65-69	0.02532	0.11942	2.62	77685	9277	366392	1184398	15.25
1960	70-74	0.04171	0.18966	2.61	68408	12974	311074	818006	11.96
1960	75-79	0.06749	0.28971	2.56	55434	16060	237969	506932	9.14
1960	80-84	0.10739	0.42192	2.46	39374	16613	154701	268963	6.83
1960	85-89	0.16592	0.57483	2.33	22761	13084	78855	114262	5.02
1960	90-94	0.25048	0.72875	2.13	9677	7052	28156	35406	3.66
1960	95-99	0.34669	0.84022	1.93	2625	2206	6362	7250	2.76
1960	100-104	0.46364	0.91632	1.7	419	384	829	889	2.12
1960	105-109	0.58525	0.95748	1.49	35	34	57	60	1.70
1960	110+	0.68156	1.00000	1.47	1	1	2	2	1.47
1961	0	0.02119	0.02080	0.11	100000	2080	98154	7302619	73.03
1961	1-4	0.00077	0.00308	1.66	97920	302	390977	7204465	73.57
1961	5-9	0.00035	0.00176	2.31	97619	172	487631	6813489	69.80
1961	10-14	0.00025	0.00123	2.61	97447	120	486946	6325858	64.92
1961	15-19	0.00046	0.00230	2.64	97326	224	486103	5838912	59.99
1961	20-24	0.00060	0.00299	2.61	97103	290	484819	5352809	55.13
1961	25-29	0.00080	0.00399	2.64	96813	386	483151	4867990	50.28
1961	30-34	0.00118	0.00588	2.62	96427	567	480782	4384839	45.47
1961	35-39	0.00174	0.00866	2.64	95860	830	477342	3904057	40.73
1961	40-44	0.00273	0.01356	2.67	95030	1288	472149	3426714	36.06
1961	45-49	0.00428	0.02118	2.66	93741	1985	464060	2954565	31.52
1961	50-54	0.00649	0.03194	2.64	91756	2930	451864	2490505	27.14
1961	55-59	0.00981	0.04793	2.63	88826	4257	434024	2038641	22.95
1961	60-64	0.01591	0.07666	2.64	84568	6483	407545	1604617	18.97
1961	65-69	0.02525	0.11917	2.64	78086	9305	368459	1197072	15.33
1961	70-74	0.04086	0.18600	2.59	68780	12793	313095	828613	12.05
1961	75-79	0.06633	0.28550	2.56	55987	15984	240982	515517	9.21
1961	80-84	0.10635	0.41855	2.46	40003	16743	157431	274536	6.86
1961	85-89	0.16612	0.57345	2.3	23259	13338	80294	117104	5.03
1961	90-94	0.24588	0.72130	2.14	9921	7156	29105	36811	3.71
1961	95-99	0.34327	0.83710	1.94	2765	2315	6743	7706	2.79
1961	100-104	0.45908	0.91410	1.71	450	412	897	963	2.14
1961	105-109	0.57997	0.95616	1.5	39	37	64	66	1.71
1961	110+	0.67600	1.00000	1.48	2	2	3	3	1.48
1962	0	0.02081	0.02043	0.11	100000	2043	98184	7296725	72.97
1962	1-4	0.00083	0.00330	1.59	97957	323	391051	7198541	73.49
1962	5-9	0.00037	0.00186	2.29	97634	182	487679	6807490	69.72
1962	10-14	0.00027	0.00137	2.6	97452	133	486942	6319811	64.85
1962	15-19	0.00044	0.00218	2.68	97319	212	486103	5832869	59.94
1962	20-24	0.00065	0.00326	2.53	97107	317	484752	5346766	55.06
1962	25-29	0.00088	0.00440	2.63	96790	426	482943	4862014	50.23
1962	30-34	0.00119	0.00591	2.64	96364	570	480476	4379071	45.44
1962	35-39	0.00177	0.00881	2.66	95795	844	477004	3898595	40.70
1962	40-44	0.00272	0.01350	2.63	94951	1282	471715	3421591	36.04
1962	45-49	0.00435	0.02155	2.67	93669	2019	463646	2949876	31.49
1962	50-54	0.00675	0.03324	2.62	91650	3046	451016	2486230	27.13
1962	55-59	0.00996	0.04865	2.65	88604	4310	432884	2035214	22.97
1962	60-64	0.01548	0.07466	2.65	84294	6294	406663	1602330	19.01
1962	65-69	0.02523	0.11903	2.63	78000	9285	367985	1195667	15.33
1962	70-74	0.04066	0.18532	2.61	68716	12734	313160	827682	12.05
1962	75-79	0.06582	0.28390	2.58	55981	15893	241472	514522	9.19
1962	80-84	0.10665	0.41979	2.47	40088	16829	157786	273051	6.81
1962	85-89	0.17042	0.58301	2.29	23260	13561	79575	115265	4.96
1962	90-94	0.24746	0.72566	2.15	9699	7038	28441	35690	3.68
1962	95-99	0.35197	0.84502	1.92	2661	2248	6388	7248	2.72
1962	100-104	0.47128	0.91995	1.69	412	379	805	860	2.09
1962	105-109	0.59455	0.95972	1.47	33	32	53	55	1.67
1962	110+	0.69158	1.00000	1.45	1	1	2	2	1.45
1963	0	0.02093	0.02054	0.11	100000	2054	98175	7296224	72.96
1963	1-4	0.00076	0.00305	1.63	97946	298	391074	7198049	73.49
1963	5-9	0.00034	0.00171	2.24	97647	167	487777	6806975	69.71
1963	10-14	0.00030	0.00148	2.61	97480	144	487057	6319198	64.83
1963	15-19	0.00045	0.00226	2.68	97336	220	486169	5832142	59.92
1963	20-24	0.00064	0.00318	2.57	97116	308	484829	5345973	55.05
1963	25-29	0.00086	0.00431	2.64	96807	417	483054	4861143	50.21
1963	30-34	0.00118	0.00591	2.63	96391	569	480605	4378089	45.42
1963	35-39	0.00179	0.00891	2.72	95821	854	477156	3897484	40.67
1963	40-44	0.00279	0.01387	2.66	94967	1317	471754	3420328	36.02
1963	45-49	0.00434	0.02149	2.64	93651	2012	463513	2948574	31.48
1963	50-54	0.00667	0.03280	2.61	91638	3006	451008	2485062	27.12
1963	55-59	0.01013	0.04946	2.63	88632	4383	432787	2034053	22.95
1963	60-64	0.01539	0.07426	2.65	84249	6257	406515	1601267	19.01
1963	65-69	0.02490	0.11753	2.62	77992	9166	368116	1194752	15.32
1963	70-74	0.04115	0.18728	2.6	68826	12890	313217	826636	12.01
1963	75-79	0.06430	0.27730	2.52	55936	15511	241223	513419	9.18
1963	80-84	0.10819	0.42466	2.47	40425	17167	158676	272196	6.73
1963	85-89	0.17239	0.59013	2.33	23258	13725	79617	113520	4.88
1963	90-94	0.25735	0.73882	2.12	9533	7043	27367	33903	3.56
1963	95-99	0.36649	0.85745	1.9	2490	2135	5825	6536	2.63
1963	100-104	0.49155	0.92885	1.65	355	330	671	711	2.00
1963	105-109	0.61846	0.96495	1.44	25	24	39	41	1.61
1963	110+	0.71666	1.00000	1.4	1	1	1	1	1.40
1964	0	0.02085	0.02047	0.11	100000	2047	98181	7320948	73.21
1964	1-4	0.00073	0.00293	1.6	97953	287	391122	7222768	73.74
1964	5-9	0.00035	0.00175	2.33	97665	170	487871	6831646	69.95
1964	10-14	0.00028	0.00139	2.57	97495	135	487145	6343775	65.07
1964	15-19	0.00044	0.00220	2.68	97359	214	486301	5856630	60.15
1964	20-24	0.00063	0.00316	2.63	97145	307	484997	5370329	55.28
1964	25-29	0.00084	0.00419	2.63	96838	406	483230	4885332	50.45
1964	30-34	0.00125	0.00623	2.61	96432	601	480726	4402102	45.65
1964	35-39	0.00182	0.00904	2.66	95831	866	477132	3921376	40.92
1964	40-44	0.00270	0.01344	2.65	94965	1276	471825	3444244	36.27
1964	45-49	0.00440	0.02178	2.66	93689	2040	463670	2972419	31.73
1964	50-54	0.00675	0.03320	2.64	91648	3043	451074	2508749	27.37
1964	55-59	0.00983	0.04803	2.65	88605	4255	433007	2057675	23.22
1964	60-64	0.01508	0.07283	2.66	84350	6143	407382	1624668	19.26
1964	65-69	0.02432	0.11496	2.63	78207	8991	369735	1217286	15.56
1964	70-74	0.03966	0.18111	2.6	69216	12535	316055	847551	12.24
1964	75-79	0.06240	0.27011	2.52	56681	15310	245362	531496	9.38
1964	80-84	0.10483	0.41511	2.49	41371	17173	163814	286134	6.92
1964	85-89	0.16641	0.57605	2.33	24197	13939	83763	122320	5.06
1964	90-94	0.24109	0.71747	2.18	10259	7360	30529	38557	3.76
1964	95-99	0.34547	0.83933	1.94	2898	2433	7042	8027	2.77
1964	100-104	0.46387	0.91656	1.7	466	427	920	986	2.12
1964	105-109	0.58704	0.95798	1.48	39	37	63	66	1.69
1964	110+	0.68445	1.00000	1.46	2	2	2	2	1.46
1965	0	0.02018	0.01983	0.11	100000	1983	98234	7335598	73.36
1965	1-4	0.00071	0.00284	1.67	98017	278	391422	7237363	73.84
1965	5-9	0.00032	0.00160	2.24	97739	156	488263	6845941	70.04
1965	10-14	0.00026	0.00132	2.55	97583	129	487597	6357678	65.15
1965	15-19	0.00046	0.00228	2.62	97454	222	486741	5870081	60.23
1965	20-24	0.00064	0.00319	2.62	97232	310	485421	5383341	55.37
1965	25-29	0.00083	0.00413	2.69	96922	400	483683	4897920	50.53
1965	30-34	0.00119	0.00596	2.65	96522	575	481260	4414237	45.73
1965	35-39	0.00183	0.00911	2.63	95947	874	477661	3932977	40.99
1965	40-44	0.00275	0.01368	2.66	95073	1300	472320	3455316	36.34
1965	45-49	0.00429	0.02125	2.68	93773	1993	464233	2982996	31.81
1965	50-54	0.00670	0.03301	2.68	91780	3029	451872	2518762	27.44
1965	55-59	0.00964	0.04712	2.65	88751	4182	433907	2066890	23.29
1965	60-64	0.01486	0.07176	2.64	84569	6069	408498	1632983	19.31
1965	65-69	0.02423	0.11454	2.62	78500	8992	371112	1224485	15.60
1965	70-74	0.03906	0.17867	2.62	69508	12419	317934	853373	12.28
1965	75-79	0.06288	0.27232	2.54	57089	15546	247242	535439	9.38
1965	80-84	0.10430	0.41291	2.48	41542	17153	164465	288197	6.94
1965	85-89	0.16471	0.57144	2.32	24389	13937	84611	123732	5.07
1965	90-94	0.24279	0.71881	2.16	10452	7513	30945	39120	3.74
1965	95-99	0.34380	0.83782	1.94	2939	2462	7162	8176	2.78
1965	100-104	0.46179	0.91557	1.7	477	436	945	1013	2.13
1965	105-109	0.58474	0.95743	1.49	40	39	66	68	1.70
1965	110+	0.68213	1.00000	1.47	2	2	3	3	1.47
1966	0	0.01955	0.01921	0.11	100000	1921	98286	7342305	73.42
1966	1-4	0.00078	0.00312	1.67	98079	306	391602	7244019	73.86
1966	5-9	0.00033	0.00164	2.22	97773	160	488417	6852417	70.09
1966	10-14	0.00027	0.00135	2.63	97612	131	487750	6364000	65.20
1966	15-19	0.00046	0.00231	2.82	97481	225	486914	5876250	60.28
1966	20-24	0.00061	0.00306	2.56	97256	297	485552	5389336	55.41
1966	25-29	0.00086	0.00427	2.59	96958	414	483792	4903784	50.58
1966	30-34	0.00117	0.00585	2.67	96544	565	481405	4419991	45.78
1966	35-39	0.00178	0.00888	2.66	95979	853	477904	3938586	41.04
1966	40-44	0.00278	0.01380	2.67	95127	1313	472575	3460682	36.38
1966	45-49	0.00438	0.02170	2.66	93814	2035	464304	2988107	31.85
1966	50-54	0.00650	0.03202	2.64	91778	2939	451942	2523803	27.50
1966	55-59	0.00985	0.04816	2.65	88839	4278	434142	2071861	23.32
1966	60-64	0.01475	0.07124	2.63	84561	6024	408535	1637719	19.37
1966	65-69	0.02369	0.11214	2.63	78537	8807	371814	1229184	15.65
1966	70-74	0.03873	0.17734	2.62	69729	12366	319255	857370	12.30
1966	75-79	0.06363	0.27536	2.56	57364	15796	248242	538115	9.38
1966	80-84	0.10258	0.40706	2.46	41568	16920	164944	289873	6.97
1966	85-89	0.16476	0.57119	2.32	24647	14078	85448	124929	5.07
1966	90-94	0.24248	0.71808	2.16	10569	7590	31300	39482	3.74
1966	95-99	0.34864	0.84243	1.93	2980	2510	7200	8181	2.75
1966	100-104	0.47006	0.91962	1.69	469	432	919	982	2.09
1966	105-109	0.59575	0.96011	1.47	38	36	61	63	1.67
1966	110+	0.69457	1.00000	1.44	2	2	2	2	1.44
1967	0	0.01936	0.01903	0.11	100000	1903	98301	7369235	73.69
1967	1-4	0.00069	0.00274	1.65	98097	269	391757	7270934	74.12
1967	5-9	0.00033	0.00162	2.27	97828	159	488708	6879178	70.32
1967	10-14	0.00027	0.00134	2.62	97669	131	488035	6390470	65.43
1967	15-19	0.00047	0.00236	2.74	97538	231	487171	5902435	60.51
1967	20-24	0.00068	0.00338	2.58	97308	329	485742	5415264	55.65
1967	25-29	0.00079	0.00393	2.65	96979	381	483997	4929522	50.83
1967	30-34	0.00122	0.00611	2.7	96597	590	481632	4445525	46.02
1967	35-39	0.00184	0.00915	2.66	96007	878	477984	3963893	41.29
1967	40-44	0.00268	0.01330	2.68	95129	1266	472704	3485908	36.64
1967	45-49	0.00421	0.02086	2.67	93864	1958	464760	3013204	32.10
1967	50-54	0.00644	0.03171	2.63	91906	2915	452626	2548444	27.73
1967	55-59	0.00954	0.04665	2.65	88991	4152	435217	2095819	23.55
1967	60-64	0.01436	0.06943	2.65	84839	5891	410329	1660602	19.57
1967	65-69	0.02322	0.11009	2.64	78949	8692	374250	1250273	15.84
1967	70-74	0.03789	0.17378	2.62	70257	12209	322240	876023	12.47
1967	75-79	0.06172	0.26812	2.55	58048	15564	252171	553782	9.54
1967	80-84	0.10030	0.40044	2.48	42484	17012	169617	301611	7.10
1967	85-89	0.15967	0.56038	2.34	25472	14274	89395	131994	5.18
1967	90-94	0.23763	0.70991	2.17	11198	7949	33453	42599	3.80
1967	95-99	0.33896	0.83365	1.95	3248	2708	7989	9146	2.82
1967	100-104	0.45813	0.91399	1.71	540	494	1078	1157	2.14
1967	105-109	0.58282	0.95706	1.49	46	44	76	79	1.71
1967	110+	0.68169	1.00000	1.47	2	2	3	3	1.47
1968	0	0.01880	0.01849	0.11	100000	1849	98346	7340822	73.41
1968	1-4	0.00069	0.00277	1.64	98151	272	391962	7242476	73.79
1968	5-9	0.00035	0.00174	2.24	97879	170	488926	6850514	69.99
1968	10-14	0.00027	0.00136	2.52	97709	133	488216	6361589	65.11
1968	15-19	0.00052	0.00257	2.68	97576	251	487299	5873373	60.19
1968	20-24	0.00068	0.00340	2.51	97325	331	485802	5386074	55.34
1968	25-29	0.00086	0.00428	2.54	96994	415	483948	4900272	50.52
1968	30-34	0.00120	0.00600	2.61	96579	580	481512	4416324	45.73
1968	35-39	0.00190	0.00944	2.67	95999	906	477884	3934812	40.99
1968	40-44	0.00288	0.01428	2.65	95093	1358	472272	3456928	36.35
1968	45-49	0.00438	0.02168	2.68	93735	2032	463953	2984656	31.84
1968	50-54	0.00672	0.03305	2.62	91703	3031	451305	2520704	27.49
1968	55-59	0.00982	0.04799	2.63	88672	4256	433279	2069399	23.34
1968	60-64	0.01500	0.07239	2.6	84417	6111	407387	1636119	19.38
1968	65-69	0.02361	0.11177	2.62	78306	8752	370682	1228732	15.69
1968	70-74	0.03834	0.17561	2.61	69554	12214	318548	858050	12.34
1968	75-79	0.06315	0.27338	2.55	57339	15675	248221	539502	9.41
1968	80-84	0.10258	0.40785	2.49	41664	16992	165655	291281	6.99
1968	85-89	0.16338	0.56955	2.34	24671	14052	86005	125627	5.09
1968	90-94	0.24351	0.72100	2.17	10620	7657	31443	39621	3.73
1968	95-99	0.34664	0.84065	1.94	2963	2491	7186	8178	2.76
1968	100-104	0.46751	0.91844	1.69	472	434	928	992	2.10
1968	105-109	0.59292	0.95946	1.48	39	37	62	65	1.68
1968	110+	0.69171	1.00000	1.45	2	2	2	2	1.45
1969	0	0.01873	0.01842	0.11	100000	1842	98352	7389679	73.90
1969	1-4	0.00073	0.00290	1.62	98158	285	391953	7291327	74.28
1969	5-9	0.00032	0.00161	2.44	97873	157	488960	6899374	70.49
1969	10-14	0.00026	0.00129	2.67	97715	126	488282	6410415	65.60
1969	15-19	0.00053	0.00266	2.76	97589	260	487365	5922132	60.68
1969	20-24	0.00070	0.00347	2.6	97329	338	485836	5434767	55.84
1969	25-29	0.00079	0.00393	2.59	96992	382	484040	4948932	51.02
1969	30-34	0.00124	0.00617	2.66	96610	596	481655	4464892	46.22
1969	35-39	0.00176	0.00876	2.65	96014	841	478090	3983237	41.49
1969	40-44	0.00280	0.01392	2.6	95173	1324	472689	3505147	36.83
1969	45-49	0.00428	0.02117	2.66	93848	1987	464599	3032458	32.31
1969	50-54	0.00638	0.03145	2.65	91861	2889	452520	2567858	27.95
1969	55-59	0.00950	0.04644	2.64	88973	4132	435113	2115339	23.78
1969	60-64	0.01421	0.06873	2.63	84841	5831	410360	1680226	19.80
1969	65-69	0.02239	0.10632	2.64	79010	8400	375212	1269866	16.07
1969	70-74	0.03643	0.16784	2.66	70610	11851	325291	894654	12.67
1969	75-79	0.05976	0.26073	2.56	58759	15320	256377	569363	9.69
1969	80-84	0.09875	0.39590	2.5	43438	17197	174150	312986	7.21
1969	85-89	0.15419	0.54719	2.35	26241	14359	93124	138836	5.29
1969	90-94	0.23543	0.70521	2.16	11882	8380	35593	45711	3.85
1969	95-99	0.32940	0.82445	1.97	3503	2888	8767	10119	2.89
1969	100-104	0.44564	0.90763	1.74	615	558	1252	1352	2.20
1969	105-109	0.56857	0.95340	1.51	57	54	95	99	1.75
1969	110+	0.66690	1.00000	1.5	3	3	4	4	1.50
1970	0	0.01824	0.01794	0.1	100000	1794	98392	7408310	74.08
1970	1-4	0.00068	0.00272	1.64	98206	267	392192	7309917	74.43
1970	5-9	0.00032	0.00160	2.2	97939	156	489256	6917725	70.63
1970	10-14	0.00028	0.00139	2.72	97782	136	488602	6428469	65.74
1970	15-19	0.00053	0.00265	2.82	97646	259	487668	5939867	60.83
1970	20-24	0.00070	0.00348	2.58	97388	339	486118	5452199	55.98
1970	25-29	0.00086	0.00431	2.57	97048	418	484227	4966080	51.17
1970	30-34	0.00113	0.00566	2.73	96630	547	481911	4481854	46.38
1970	35-39	0.00182	0.00906	2.67	96083	870	478385	3999943	41.63
1970	40-44	0.00268	0.01331	2.66	95213	1267	473100	3521558	36.99
1970	45-49	0.00426	0.02107	2.65	93946	1980	465081	3048459	32.45
1970	50-54	0.00639	0.03147	2.67	91966	2895	453097	2583377	28.09
1970	55-59	0.00948	0.04637	2.64	89071	4130	435624	2130280	23.92
1970	60-64	0.01402	0.06787	2.65	84941	5765	411167	1694656	19.95
1970	65-69	0.02220	0.10545	2.63	79176	8349	376053	1283489	16.21
1970	70-74	0.03627	0.16712	2.65	70827	11836	326320	907436	12.81
1970	75-79	0.05948	0.25981	2.57	58991	15326	257664	581116	9.85
1970	80-84	0.09502	0.38372	2.49	43665	16755	176336	323453	7.41
1970	85-89	0.14838	0.53355	2.37	26910	14358	96764	147117	5.47
1970	90-94	0.22370	0.68774	2.2	12552	8633	38590	50353	4.01
1970	95-99	0.31548	0.81030	2	3919	3176	10067	11763	3.00
1970	100-104	0.42818	0.89806	1.77	744	668	1559	1696	2.28
1970	105-109	0.54915	0.94796	1.55	76	72	131	137	1.81
1970	110+	0.64697	1.00000	1.55	4	4	6	6	1.55
1971	0	0.01596	0.01574	0.1	100000	1574	98580	7445820	74.46
1971	1-4	0.00067	0.00268	1.66	98426	264	393087	7347240	74.65
1971	5-9	0.00032	0.00161	2.28	98163	158	490385	6954152	70.84
1971	10-14	0.00026	0.00129	2.67	98005	127	489729	6463768	65.95
1971	15-19	0.00057	0.00282	2.69	97878	276	488753	5974039	61.04
1971	20-24	0.00068	0.00339	2.48	97602	331	487172	5485286	56.20
1971	25-29	0.00084	0.00419	2.55	97270	408	485354	4998114	51.38
1971	30-34	0.00115	0.00572	2.68	96863	554	483028	4512759	46.59
1971	35-39	0.00175	0.00871	2.65	96309	839	479569	4029732	41.84
1971	40-44	0.00273	0.01357	2.67	95470	1296	474327	3550162	37.19
1971	45-49	0.00420	0.02080	2.65	94174	1958	466264	3075835	32.66
1971	50-54	0.00618	0.03049	2.68	92215	2811	454550	2609572	28.30
1971	55-59	0.00912	0.04462	2.62	89404	3989	437507	2155022	24.10
1971	60-64	0.01365	0.06611	2.63	85415	5647	413681	1717515	20.11
1971	65-69	0.02112	0.10055	2.63	79768	8021	379858	1303834	16.35
1971	70-74	0.03504	0.16164	2.61	71747	11597	331007	923977	12.88
1971	75-79	0.05859	0.25642	2.57	60150	15424	263235	592969	9.86
1971	80-84	0.09343	0.37904	2.51	44726	16953	181456	329735	7.37
1971	85-89	0.15270	0.54309	2.34	27773	15083	98778	148278	5.34
1971	90-94	0.22966	0.69646	2.18	12690	8838	38483	49501	3.90
1971	95-99	0.33264	0.82821	1.97	3852	3190	9591	11017	2.86
1971	100-104	0.45472	0.91268	1.72	662	604	1328	1427	2.16
1971	105-109	0.58306	0.95731	1.49	58	55	95	98	1.70
1971	110+	0.68478	1.00000	1.46	2	2	4	4	1.46
1972	0	0.01461	0.01442	0.09	100000	1442	98693	7476085	74.76
1972	1-4	0.00058	0.00231	1.69	98558	228	393704	7377392	74.85
1972	5-9	0.00033	0.00163	2.3	98330	160	491217	6983687	71.02
1972	10-14	0.00027	0.00134	2.82	98169	132	490561	6492471	66.14
1972	15-19	0.00054	0.00270	2.69	98038	264	489578	6001910	61.22
1972	20-24	0.00072	0.00359	2.51	97774	351	487993	5512332	56.38
1972	25-29	0.00079	0.00396	2.61	97423	386	486191	5024339	51.57
1972	30-34	0.00109	0.00545	2.59	97037	529	483908	4538148	46.77
1972	35-39	0.00159	0.00794	2.61	96508	767	480711	4054239	42.01
1972	40-44	0.00268	0.01332	2.71	95741	1276	475780	3573529	37.32
1972	45-49	0.00404	0.02001	2.68	94466	1890	467946	3097749	32.79
1972	50-54	0.00573	0.02829	2.66	92575	2619	456747	2629803	28.41
1972	55-59	0.00887	0.04345	2.66	89957	3908	440636	2173056	24.16
1972	60-64	0.01378	0.06669	2.62	86048	5739	416558	1732420	20.13
1972	65-69	0.02138	0.10170	2.62	80310	8167	382091	1315862	16.38
1972	70-74	0.03519	0.16244	2.64	72143	11719	333064	933771	12.94
1972	75-79	0.05820	0.25512	2.58	60424	15415	264861	600707	9.94
1972	80-84	0.09269	0.37607	2.49	45009	16926	182617	335846	7.46
1972	85-89	0.14776	0.53233	2.38	28082	14949	101172	153229	5.46
1972	90-94	0.22633	0.69258	2.2	13133	9096	40190	52058	3.96
1972	95-99	0.32263	0.81816	1.99	4037	3303	10238	11868	2.94
1972	100-104	0.44088	0.90543	1.75	734	665	1508	1629	2.22
1972	105-109	0.56667	0.95307	1.52	69	66	117	122	1.75
1972	110+	0.66741	1.00000	1.5	3	3	5	5	1.50
1973	0	0.01450	0.01431	0.09	100000	1431	98703	7504469	75.04
1973	1-4	0.00061	0.00242	1.6	98569	238	393703	7405766	75.13
1973	5-9	0.00033	0.00163	2.31	98331	160	491223	7012062	71.31
1973	10-14	0.00026	0.00128	2.79	98171	126	490576	6520840	66.42
1973	15-19	0.00053	0.00263	2.8	98045	258	489657	6030264	61.51
1973	20-24	0.00068	0.00339	2.5	97787	332	488104	5540607	56.66
1973	25-29	0.00078	0.00389	2.57	97455	379	486356	5052504	51.84
1973	30-34	0.00110	0.00550	2.61	97076	534	484104	4566147	47.04
1973	35-39	0.00165	0.00820	2.7	96542	792	480896	4082044	42.28
1973	40-44	0.00252	0.01255	2.7	95751	1201	475992	3601148	37.61
1973	45-49	0.00395	0.01959	2.66	94550	1852	468408	3125156	33.05
1973	50-54	0.00582	0.02869	2.67	92698	2659	457302	2656748	28.66
1973	55-59	0.00894	0.04378	2.64	90038	3942	440890	2199446	24.43
1973	60-64	0.01337	0.06475	2.6	86096	5575	417087	1758556	20.43
1973	65-69	0.02079	0.09902	2.61	80521	7973	383553	1341469	16.66
1973	70-74	0.03321	0.15389	2.62	72548	11164	336192	957916	13.20
1973	75-79	0.05497	0.24279	2.6	61384	14903	271135	621724	10.13
1973	80-84	0.09100	0.37109	2.52	46481	17249	189554	350589	7.54
1973	85-89	0.14597	0.52707	2.36	29232	15407	105548	161035	5.51
1973	90-94	0.22231	0.68809	2.23	13825	9513	42790	55487	4.01
1973	95-99	0.32184	0.81754	1.99	4312	3525	10953	12697	2.94
1973	100-104	0.44140	0.90585	1.75	787	713	1615	1744	2.22
1973	105-109	0.56862	0.95366	1.52	74	71	124	129	1.75
1973	110+	0.67039	1.00000	1.49	3	3	5	5	1.49
1974	0	0.01494	0.01474	0.09	100000	1474	98666	7548008	75.48
1974	1-4	0.00058	0.00233	1.69	98526	229	393575	7449342	75.61
1974	5-9	0.00029	0.00144	2.35	98297	142	491108	7055768	71.78
1974	10-14	0.00027	0.00136	2.6	98155	134	490454	6564660	66.88
1974	15-19	0.00045	0.00226	2.8	98021	221	489619	6074205	61.97
1974	20-24	0.00065	0.00322	2.51	97800	315	488216	5584586	57.10
1974	25-29	0.00073	0.00365	2.61	97485	355	486573	5096370	52.28
1974	30-34	0.00102	0.00511	2.65	97129	496	484480	4609797	47.46
1974	35-39	0.00150	0.00746	2.69	96633	721	481500	4125317	42.69
1974	40-44	0.00243	0.01210	2.63	95912	1161	476811	3643816	37.99
1974	45-49	0.00367	0.01817	2.7	94752	1722	469792	3167005	33.42
1974	50-54	0.00565	0.02788	2.62	93030	2594	458982	2697213	28.99
1974	55-59	0.00844	0.04139	2.66	90436	3743	443414	2238231	24.75
1974	60-64	0.01316	0.06377	2.6	86693	5529	420195	1794817	20.70
1974	65-69	0.01984	0.09476	2.63	81164	7691	387569	1374622	16.94
1974	70-74	0.03271	0.15185	2.65	73473	11157	341129	987053	13.43
1974	75-79	0.05216	0.23176	2.6	62316	14443	276874	645924	10.37
1974	80-84	0.08864	0.36357	2.53	47874	17406	196357	369050	7.71
1974	85-89	0.14058	0.51495	2.4	30468	15690	111606	172693	5.67
1974	90-94	0.21414	0.67255	2.24	14779	9939	46415	61087	4.13
1974	95-99	0.31131	0.80653	2.01	4839	3903	12537	14672	3.03
1974	100-104	0.42823	0.89857	1.77	936	841	1965	2135	2.28
1974	105-109	0.55409	0.94967	1.54	95	90	163	170	1.79
1974	110+	0.65566	1.00000	1.53	5	5	7	7	1.53
1975	0	0.01422	0.01404	0.09	100000	1404	98726	7609414	76.09
1975	1-4	0.00056	0.00225	1.65	98596	221	393864	7510687	76.18
1975	5-9	0.00028	0.00140	2.35	98374	137	491508	7116824	72.34
1975	10-14	0.00022	0.00110	2.64	98237	108	490930	6625316	67.44
1975	15-19	0.00048	0.00239	2.8	98129	235	490129	6134385	62.51
1975	20-24	0.00059	0.00296	2.58	97894	290	488769	5644256	57.66
1975	25-29	0.00070	0.00347	2.61	97604	339	487211	5155487	52.82
1975	30-34	0.00095	0.00472	2.67	97265	459	485259	4668276	48.00
1975	35-39	0.00138	0.00689	2.63	96807	667	482450	4183017	43.21
1975	40-44	0.00229	0.01137	2.64	96139	1093	478121	3700567	38.49
1975	45-49	0.00369	0.01828	2.69	95046	1738	471218	3222446	33.90
1975	50-54	0.00540	0.02664	2.66	93308	2486	460717	2751228	29.49
1975	55-59	0.00822	0.04030	2.66	90822	3660	445548	2290511	25.22
1975	60-64	0.01284	0.06234	2.67	87162	5433	423148	1844962	21.17
1975	65-69	0.01900	0.09089	2.63	81729	7429	391051	1421814	17.40
1975	70-74	0.03035	0.14163	2.65	74300	10523	346721	1030763	13.87
1975	75-79	0.05002	0.22330	2.6	63777	14242	284744	684043	10.73
1975	80-84	0.08286	0.34373	2.52	49535	17027	205497	399299	8.06
1975	85-89	0.13158	0.48954	2.39	32509	15914	120949	193802	5.96
1975	90-94	0.19946	0.64474	2.26	16594	10699	53641	72853	4.39
1975	95-99	0.28665	0.77802	2.06	5895	4587	16001	19213	3.26
1975	100-104	0.39550	0.87790	1.83	1309	1149	2905	3212	2.45
1975	105-109	0.51587	0.93740	1.6	160	150	290	307	1.92
1975	110+	0.61494	1.00000	1.63	10	10	16	16	1.63
1976	0	0.01415	0.01397	0.09	100000	1397	98732	7616695	76.17
1976	1-4	0.00050	0.00201	1.64	98603	198	393944	7517963	76.25
1976	5-9	0.00026	0.00130	2.26	98405	128	491674	7124019	72.40
1976	10-14	0.00023	0.00113	2.71	98277	111	491132	6632346	67.49
1976	15-19	0.00043	0.00214	2.7	98167	210	490350	6141213	62.56
1976	20-24	0.00058	0.00288	2.61	97957	282	489108	5650863	57.69
1976	25-29	0.00071	0.00356	2.52	97675	347	487514	5161755	52.85
1976	30-34	0.00092	0.00457	2.66	97327	445	485597	4674241	48.03
1976	35-39	0.00135	0.00675	2.68	96882	654	482892	4188644	43.23
1976	40-44	0.00224	0.01114	2.67	96228	1072	478640	3705753	38.51
1976	45-49	0.00359	0.01780	2.67	95156	1694	471829	3227112	33.91
1976	50-54	0.00535	0.02640	2.6	93462	2467	461401	2755283	29.48
1976	55-59	0.00831	0.04075	2.66	90995	3708	446310	2293883	25.21
1976	60-64	0.01267	0.06151	2.65	87287	5369	423821	1847572	21.17
1976	65-69	0.01876	0.08984	2.64	81918	7359	392218	1423751	17.38
1976	70-74	0.02960	0.13821	2.6	74559	10305	348073	1031534	13.84
1976	75-79	0.04998	0.22295	2.58	64254	14326	286600	683460	10.64
1976	80-84	0.08353	0.34656	2.54	49929	17303	207157	396860	7.95
1976	85-89	0.13521	0.49979	2.39	32626	16306	120597	189703	5.81
1976	90-94	0.20739	0.66217	2.27	16320	10806	52105	69106	4.23
1976	95-99	0.30501	0.80002	2.03	5513	4411	14461	17001	3.08
1976	100-104	0.42338	0.89605	1.78	1103	988	2333	2540	2.30
1976	105-109	0.55158	0.94911	1.54	115	109	197	206	1.80
1976	110+	0.65524	1.00000	1.53	6	6	9	9	1.53
1977	0	0.01277	0.01263	0.09	100000	1263	98849	7658551	76.59
1977	1-4	0.00052	0.00206	1.71	98737	204	394481	7559701	76.56
1977	5-9	0.00026	0.00131	2.3	98533	129	492318	7165220	72.72
1977	10-14	0.00025	0.00124	2.52	98404	122	491718	6672902	67.81
1977	15-19	0.00047	0.00237	2.74	98282	233	490885	6181184	62.89
1977	20-24	0.00056	0.00279	2.46	98050	273	489554	5690299	58.03
1977	25-29	0.00066	0.00330	2.58	97776	323	488100	5200745	53.19
1977	30-34	0.00084	0.00417	2.62	97453	407	486299	4712645	48.36
1977	35-39	0.00138	0.00685	2.58	97047	665	483623	4226346	43.55
1977	40-44	0.00215	0.01071	2.72	96381	1032	479558	3742723	38.83
1977	45-49	0.00349	0.01730	2.66	95349	1649	472890	3263165	34.22
1977	50-54	0.00528	0.02606	2.66	93700	2442	462775	2790275	29.78
1977	55-59	0.00808	0.03965	2.62	91258	3619	447695	2327500	25.50
1977	60-64	0.01266	0.06146	2.62	87640	5386	425371	1879805	21.45
1977	65-69	0.01866	0.08935	2.63	82253	7350	393877	1454433	17.68
1977	70-74	0.02866	0.13412	2.61	74904	10046	350545	1060557	14.16
1977	75-79	0.04748	0.21312	2.6	64858	13822	291087	710012	10.95
1977	80-84	0.07990	0.33410	2.55	51036	17051	213405	418925	8.21
1977	85-89	0.12775	0.48036	2.42	33984	16325	127781	205520	6.05
1977	90-94	0.19751	0.63880	2.24	17660	11281	57116	77739	4.40
1977	95-99	0.28881	0.78118	2.06	6379	4983	17253	20623	3.23
1977	100-104	0.40233	0.88290	1.82	1396	1232	3063	3370	2.41
1977	105-109	0.52751	0.94164	1.59	163	154	292	307	1.88
1977	110+	0.63009	1.00000	1.59	10	10	15	15	1.59
1978	0	0.01214	0.01200	0.09	100000	1200	98904	7686114	76.86
1978	1-4	0.00049	0.00194	1.6	98800	192	394739	7587209	76.79
1978	5-9	0.00025	0.00127	2.3	98608	125	492702	7192470	72.94
1978	10-14	0.00022	0.00110	2.64	98483	108	492159	6699768	68.03
1978	15-19	0.00045	0.00225	2.63	98374	221	491347	6207609	63.10
1978	20-24	0.00057	0.00285	2.5	98153	280	490066	5716262	58.24
1978	25-29	0.00067	0.00333	2.61	97873	326	488585	5226196	53.40
1978	30-34	0.00085	0.00424	2.62	97547	414	486748	4737611	48.57
1978	35-39	0.00124	0.00620	2.72	97133	602	484290	4250863	43.76
1978	40-44	0.00211	0.01048	2.66	96531	1012	480287	3766573	39.02
1978	45-49	0.00332	0.01645	2.65	95519	1572	473899	3286286	34.40
1978	50-54	0.00524	0.02590	2.69	93947	2433	464119	2812387	29.94
1978	55-59	0.00792	0.03887	2.65	91514	3557	449220	2348268	25.66
1978	60-64	0.01228	0.05968	2.66	87957	5249	427511	1899048	21.59
1978	65-69	0.01835	0.08789	2.61	82707	7269	396195	1471537	17.79
1978	70-74	0.02868	0.13426	2.63	75439	10128	353147	1075342	14.25
1978	75-79	0.04565	0.20541	2.57	65311	13415	293892	722195	11.06
1978	80-84	0.07877	0.32997	2.54	51895	17124	217388	428303	8.25
1978	85-89	0.12637	0.47635	2.42	34771	16563	131065	210915	6.07
1978	90-94	0.19844	0.64233	2.26	18208	11696	58937	79850	4.39
1978	95-99	0.29089	0.78391	2.06	6512	5105	17550	20913	3.21
1978	100-104	0.40678	0.88598	1.81	1407	1247	3065	3363	2.39
1978	105-109	0.53424	0.94393	1.57	160	151	284	298	1.85
1978	110+	0.63837	1.00000	1.57	9	9	14	14	1.57
1979	0	0.01243	0.01229	0.09	100000	1229	98879	7725289	77.25
1979	1-4	0.00047	0.00188	1.66	98771	185	394650	7626410	77.21
1979	5-9	0.00024	0.00120	2.32	98586	119	492609	7231760	73.36
1979	10-14	0.00020	0.00100	2.72	98467	99	492108	6739151	68.44
1979	15-19	0.00041	0.00205	2.75	98368	201	491387	6247043	63.51
1979	20-24	0.00054	0.00269	2.6	98167	264	490200	5755656	58.63
1979	25-29	0.00063	0.00317	2.5	97903	310	488737	5265456	53.78
1979	30-34	0.00074	0.00372	2.62	97592	363	487098	4776719	48.95
1979	35-39	0.00126	0.00631	2.66	97230	613	484715	4289621	44.12
1979	40-44	0.00201	0.00999	2.71	96616	965	480870	3804906	39.38
1979	45-49	0.00321	0.01594	2.68	95652	1525	474727	3324036	34.75
1979	50-54	0.00505	0.02494	2.65	94127	2347	465122	2849309	30.27
1979	55-59	0.00749	0.03679	2.67	91780	3377	451022	2384187	25.98
1979	60-64	0.01164	0.05667	2.67	88403	5010	430334	1933165	21.87
1979	65-69	0.01770	0.08490	2.61	83393	7080	400068	1502831	18.02
1979	70-74	0.02782	0.13049	2.63	76313	9958	357930	1102762	14.45
1979	75-79	0.04467	0.20173	2.6	66355	13386	299674	744832	11.22
1979	80-84	0.07692	0.32367	2.55	52969	17144	222883	445158	8.40
1979	85-89	0.12313	0.46738	2.42	35825	16744	135981	222275	6.20
1979	90-94	0.19158	0.63002	2.28	19081	12021	62748	86294	4.52
1979	95-99	0.27851	0.76838	2.08	7060	5424	19477	23546	3.34
1979	100-104	0.38924	0.87398	1.85	1635	1429	3672	4069	2.49
1979	105-109	0.51275	0.93656	1.61	206	193	376	398	1.93
1979	110+	0.61472	1.00000	1.63	13	13	21	21	1.63
1980	0	0.01148	0.01136	0.09	100000	1136	98961	7691089	76.91
1980	1-4	0.00049	0.00196	1.59	98864	193	394989	7592129	76.79
1980	5-9	0.00024	0.00117	2.22	98671	116	493030	7197139	72.94
1980	10-14	0.00020	0.00101	2.59	98555	99	492535	6704109	68.02
1980	15-19	0.00042	0.00209	2.72	98456	205	491808	6211575	63.09
1980	20-24	0.00055	0.00277	2.55	98250	272	490584	5719766	58.22
1980	25-29	0.00063	0.00317	2.53	97978	310	489127	5229183	53.37
1980	30-34	0.00080	0.00401	2.63	97668	391	487413	4740056	48.53
1980	35-39	0.00120	0.00599	2.72	97277	583	485054	4252643	43.72
1980	40-44	0.00204	0.01017	2.7	96694	983	481204	3767589	38.96
1980	45-49	0.00331	0.01641	2.62	95711	1571	474816	3286385	34.34
1980	50-54	0.00508	0.02508	2.66	94140	2361	465177	2811569	29.87
1980	55-59	0.00776	0.03813	2.66	91778	3500	450711	2346392	25.57
1980	60-64	0.01219	0.05928	2.67	88279	5234	429175	1895681	21.47
1980	65-69	0.01850	0.08857	2.61	83045	7355	397642	1466506	17.66
1980	70-74	0.02902	0.13574	2.63	75690	10274	354081	1068864	14.12
1980	75-79	0.04616	0.20766	2.59	65416	13584	294286	714783	10.93
1980	80-84	0.08120	0.33847	2.54	51832	17544	216045	420497	8.11
1980	85-89	0.12960	0.48506	2.41	34288	16632	128334	204452	5.96
1980	90-94	0.20291	0.65058	2.24	17656	11487	56609	76118	4.31
1980	95-99	0.29626	0.79010	2.05	6169	4874	16454	19508	3.16
1980	100-104	0.41255	0.88953	1.8	1295	1152	2792	3055	2.36
1980	105-109	0.53974	0.94559	1.57	143	135	251	263	1.84
1980	110+	0.64329	1.00000	1.55	8	8	12	12	1.55
1981	0	0.01070	0.01060	0.08	100000	1060	99028	7732136	77.32
1981	1-4	0.00048	0.00192	1.61	98940	190	395306	7633108	77.15
1981	5-9	0.00022	0.00112	2.27	98750	110	493449	7237801	73.29
1981	10-14	0.00019	0.00096	2.63	98640	95	492974	6744352	68.37
1981	15-19	0.00042	0.00212	2.73	98545	209	492251	6251379	63.44
1981	20-24	0.00056	0.00277	2.63	98336	273	491034	5759127	58.57
1981	25-29	0.00067	0.00332	2.61	98063	326	489539	5268093	53.72
1981	30-34	0.00086	0.00428	2.65	97737	418	487706	4778554	48.89
1981	35-39	0.00118	0.00587	2.63	97319	571	485242	4290848	44.09
1981	40-44	0.00190	0.00947	2.69	96749	916	481626	3805606	39.34
1981	45-49	0.00318	0.01578	2.73	95832	1512	475726	3323981	34.69
1981	50-54	0.00500	0.02473	2.65	94320	2333	466130	2848255	30.20
1981	55-59	0.00764	0.03753	2.63	91987	3452	451767	2382125	25.90
1981	60-64	0.01195	0.05810	2.65	88535	5144	430612	1930358	21.80
1981	65-69	0.01807	0.08663	2.62	83392	7224	399741	1499747	17.98
1981	70-74	0.02816	0.13200	2.63	76168	10054	356981	1100006	14.44
1981	75-79	0.04346	0.19652	2.57	66114	12993	298946	743025	11.24
1981	80-84	0.07676	0.32253	2.53	53121	17133	223217	444078	8.36
1981	85-89	0.12449	0.47103	2.42	35988	16951	136164	220861	6.14
1981	90-94	0.19476	0.63487	2.26	19036	12086	62053	84697	4.45
1981	95-99	0.28601	0.77803	2.07	6951	5408	18908	22644	3.26
1981	100-104	0.40091	0.88219	1.83	1543	1361	3395	3736	2.42
1981	105-109	0.52799	0.94192	1.59	182	171	324	341	1.88
1981	110+	0.63216	1.00000	1.58	11	11	17	17	1.58
1982	0	0.01083	0.01073	0.08	100000	1073	99017	7756741	77.57
1982	1-4	0.00048	0.00193	1.7	98927	191	395270	7657724	77.41
1982	5-9	0.00021	0.00104	2.13	98737	103	493388	7262454	73.55
1982	10-14	0.00021	0.00106	2.68	98634	105	492926	6769065	68.63
1982	15-19	0.00037	0.00184	2.76	98529	181	492238	6276140	63.70
1982	20-24	0.00051	0.00255	2.56	98348	251	491127	5783902	58.81
1982	25-29	0.00060	0.00300	2.55	98097	295	489764	5292775	53.95
1982	30-34	0.00076	0.00381	2.61	97803	373	488121	4803011	49.11
1982	35-39	0.00113	0.00565	2.7	97430	551	485881	4314890	44.29
1982	40-44	0.00188	0.00938	2.69	96879	909	482299	3829009	39.52
1982	45-49	0.00302	0.01498	2.7	95970	1438	476540	3346710	34.87
1982	50-54	0.00480	0.02372	2.64	94532	2242	467372	2870170	30.36
1982	55-59	0.00763	0.03748	2.68	92290	3459	453412	2402798	26.04
1982	60-64	0.01195	0.05811	2.65	88831	5162	432045	1949385	21.94
1982	65-69	0.01785	0.08560	2.62	83669	7162	401294	1517340	18.14
1982	70-74	0.02763	0.12960	2.62	76507	9915	358921	1116046	14.59
1982	75-79	0.04318	0.19562	2.6	66592	13026	301684	757124	11.37
1982	80-84	0.07588	0.32026	2.57	53565	17155	226062	455441	8.50
1982	85-89	0.12075	0.46063	2.43	36410	16772	138901	229379	6.30
1982	90-94	0.18670	0.62055	2.3	19639	12187	65275	90477	4.61
1982	95-99	0.27399	0.76256	2.09	7452	5682	20740	25202	3.38
1982	100-104	0.38357	0.86992	1.86	1769	1539	4013	4462	2.52
1982	105-109	0.50639	0.93424	1.62	230	215	425	449	1.95
1982	110+	0.60810	1.00000	1.64	15	15	25	25	1.64
1983	0	0.01052	0.01042	0.08	100000	1042	99044	7752510	77.53
1983	1-4	0.00044	0.00175	1.61	98958	173	395419	7653466	77.34
1983	5-9	0.00018	0.00091	2.26	98785	90	493679	7258047	73.47
1983	10-14	0.00018	0.00092	2.65	98695	91	493262	6764368	68.54
1983	15-19	0.00036	0.00178	2.85	98604	176	492643	6271106	63.60
1983	20-24	0.00048	0.00240	2.51	98428	236	491552	5778464	58.71
1983	25-29	0.00068	0.00339	2.61	98192	333	490164	5286912	53.84
1983	30-34	0.00080	0.00399	2.66	97859	390	488384	4796747	49.02
1983	35-39	0.00117	0.00585	2.67	97469	570	486015	4308363	44.20
1983	40-44	0.00186	0.00927	2.67	96899	898	482398	3822348	39.45
1983	45-49	0.00301	0.01495	2.68	96001	1435	476669	3339950	34.79
1983	50-54	0.00497	0.02454	2.63	94566	2321	467338	2863281	30.28
1983	55-59	0.00765	0.03757	2.65	92245	3466	453085	2395943	25.97
1983	60-64	0.01169	0.05690	2.65	88779	5052	432043	1942858	21.88
1983	65-69	0.01784	0.08560	2.63	83727	7167	401674	1510814	18.04
1983	70-74	0.02820	0.13215	2.62	76560	10117	358733	1109140	14.49
1983	75-79	0.04352	0.19699	2.6	66443	13088	300741	750407	11.29
1983	80-84	0.07536	0.31837	2.56	53354	16986	225390	449665	8.43
1983	85-89	0.12350	0.46929	2.44	36368	17067	138199	224276	6.17
1983	90-94	0.19374	0.63604	2.3	19301	12276	63365	86077	4.46
1983	95-99	0.28827	0.78112	2.07	7025	5487	19034	22711	3.23
1983	100-104	0.40626	0.88593	1.82	1538	1362	3353	3677	2.39
1983	105-109	0.53637	0.94476	1.57	175	166	309	324	1.85
1983	110+	0.64260	1.00000	1.56	10	10	15	15	1.56
1984	0	0.00989	0.00980	0.08	100000	980	99099	7763628	77.64
1984	1-4	0.00041	0.00166	1.54	99020	164	395677	7664529	77.40
1984	5-9	0.00018	0.00091	2.4	98856	90	494045	7268852	73.53
1984	10-14	0.00022	0.00111	2.82	98766	110	493589	6774806	68.59
1984	15-19	0.00038	0.00191	2.62	98656	188	492833	6281217	63.67
1984	20-24	0.00048	0.00239	2.56	98468	235	491766	5788384	58.78
1984	25-29	0.00062	0.00309	2.58	98233	304	490427	5296619	53.92
1984	30-34	0.00085	0.00426	2.64	97929	417	488659	4806192	49.08
1984	35-39	0.00114	0.00567	2.64	97512	553	486256	4317533	44.28
1984	40-44	0.00177	0.00883	2.63	96959	856	482767	3831277	39.51
1984	45-49	0.00307	0.01522	2.66	96103	1463	477085	3348509	34.84
1984	50-54	0.00481	0.02378	2.64	94640	2250	467895	2871424	30.34
1984	55-59	0.00754	0.03707	2.68	92389	3425	454007	2403530	26.02
1984	60-64	0.01171	0.05699	2.67	88964	5070	433001	1949522	21.91
1984	65-69	0.01798	0.08623	2.64	83895	7234	402378	1516522	18.08
1984	70-74	0.02803	0.13139	2.62	76660	10072	359347	1114143	14.53
1984	75-79	0.04326	0.19591	2.59	66588	13046	301559	754797	11.34
1984	80-84	0.07512	0.31759	2.57	53543	17005	226354	453238	8.46
1984	85-89	0.12221	0.46595	2.45	36538	17025	139314	226883	6.21
1984	90-94	0.19220	0.63113	2.28	19513	12315	64074	87569	4.49
1984	95-99	0.28512	0.77721	2.07	7198	5594	19620	23495	3.26
1984	100-104	0.40178	0.88297	1.83	1604	1416	3524	3874	2.42
1984	105-109	0.53089	0.94299	1.58	188	177	333	350	1.87
1984	110+	0.63662	1.00000	1.57	11	11	17	17	1.57
1985	0	0.01003	0.00994	0.08	100000	994	99087	7766590	77.67
1985	1-4	0.00041	0.00165	1.62	99006	163	395636	7667503	77.44
1985	5-9	0.00018	0.00091	2.18	98843	90	493962	7271867	73.57
1985	10-14	0.00019	0.00095	2.75	98753	94	493556	6777905	68.63
1985	15-19	0.00039	0.00194	2.75	98660	191	492869	6284349	63.70
1985	20-24	0.00045	0.00226	2.62	98468	222	491815	5791480	58.82
1985	25-29	0.00064	0.00321	2.62	98246	315	490480	5299665	53.94
1985	30-34	0.00093	0.00465	2.64	97931	456	488582	4809185	49.11
1985	35-39	0.00115	0.00575	2.57	97475	561	486017	4320603	44.33
1985	40-44	0.00179	0.00893	2.68	96915	865	482566	3834586	39.57
1985	45-49	0.00301	0.01494	2.67	96049	1435	476906	3352020	34.90
1985	50-54	0.00488	0.02414	2.68	94615	2284	467780	2875115	30.39
1985	55-59	0.00756	0.03716	2.7	92330	3431	453772	2407335	26.07
1985	60-64	0.01164	0.05666	2.65	88899	5037	432648	1953563	21.98
1985	65-69	0.01780	0.08538	2.61	83862	7160	402208	1520915	18.14
1985	70-74	0.02745	0.12879	2.61	76702	9879	359906	1118707	14.59
1985	75-79	0.04317	0.19562	2.6	66824	13072	302783	758801	11.36
1985	80-84	0.07444	0.31531	2.58	53752	16948	227676	456018	8.48
1985	85-89	0.12110	0.46228	2.44	36803	17014	140494	228342	6.20
1985	90-94	0.19462	0.63596	2.28	19790	12585	64666	87848	4.44
1985	95-99	0.28966	0.78303	2.07	7204	5641	19475	23182	3.22
1985	100-104	0.40980	0.88836	1.81	1563	1389	3389	3708	2.37
1985	105-109	0.54202	0.94660	1.56	175	165	305	319	1.83
1985	110+	0.64965	1.00000	1.54	9	9	14	14	1.54
1986	0	0.00931	0.00923	0.08	100000	923	99150	7773065	77.73
1986	1-4	0.00043	0.00172	1.62	99077	171	395903	7673915	77.45
1986	5-9	0.00021	0.00104	2.37	98907	103	494264	7278012	73.58
1986	10-14	0.00019	0.00096	2.58	98804	95	493791	6783748	68.66
1986	15-19	0.00037	0.00187	2.75	98709	185	493132	6289957	63.72
1986	20-24	0.00051	0.00254	2.59	98525	250	492021	5796825	58.84
1986	25-29	0.00072	0.00359	2.63	98275	353	490539	5304804	53.98
1986	30-34	0.00097	0.00486	2.61	97922	476	488474	4814265	49.16
1986	35-39	0.00123	0.00616	2.63	97446	600	485806	4325790	44.39
1986	40-44	0.00182	0.00907	2.68	96846	878	482196	3839985	39.65
1986	45-49	0.00293	0.01457	2.67	95968	1398	476576	3357789	34.99
1986	50-54	0.00480	0.02372	2.66	94570	2243	467592	2881214	30.47
1986	55-59	0.00721	0.03546	2.65	92327	3274	453945	2413621	26.14
1986	60-64	0.01158	0.05636	2.61	89053	5019	433268	1959676	22.01
1986	65-69	0.01775	0.08515	2.63	84034	7156	403210	1526408	18.16
1986	70-74	0.02764	0.12967	2.62	76878	9969	360616	1123198	14.61
1986	75-79	0.04270	0.19357	2.59	66909	12952	303342	762583	11.40
1986	80-84	0.07314	0.31025	2.56	53957	16740	228892	459241	8.51
1986	85-89	0.12182	0.46435	2.44	37217	17282	141857	230349	6.19
1986	90-94	0.19384	0.63657	2.3	19935	12690	65467	88492	4.44
1986	95-99	0.29366	0.78808	2.06	7245	5710	19443	23025	3.18
1986	100-104	0.41715	0.89312	1.8	1535	1371	3287	3582	2.33
1986	105-109	0.55232	0.94976	1.55	164	156	282	295	1.80
1986	110+	0.66171	1.00000	1.51	8	8	12	12	1.51
1987	0	0.00976	0.00967	0.08	100000	967	99110	7778199	77.78
1987	1-4	0.00045	0.00181	1.66	99033	180	395711	7679089	77.54
1987	5-9	0.00017	0.00087	2.36	98853	86	494040	7283378	73.68
1987	10-14	0.00018	0.00089	2.88	98767	88	493650	6789338	68.74
1987	15-19	0.00040	0.00197	2.72	98679	195	492951	6295689	63.80
1987	20-24	0.00053	0.00266	2.67	98484	262	491809	5802738	58.92
1987	25-29	0.00069	0.00342	2.6	98222	336	490303	5310929	54.07
1987	30-34	0.00104	0.00519	2.56	97886	508	488192	4820626	49.25
1987	35-39	0.00134	0.00669	2.56	97378	651	485299	4332434	44.49
1987	40-44	0.00178	0.00885	2.64	96727	856	481616	3847135	39.77
1987	45-49	0.00290	0.01438	2.67	95871	1379	476143	3365518	35.10
1987	50-54	0.00482	0.02386	2.67	94492	2254	467200	2889376	30.58
1987	55-59	0.00712	0.03501	2.66	92238	3229	453643	2422175	26.26
1987	60-64	0.01135	0.05526	2.64	89009	4919	433450	1968533	22.12
1987	65-69	0.01751	0.08410	2.64	84090	7072	403754	1535083	18.26
1987	70-74	0.02735	0.12831	2.6	77018	9882	361343	1131329	14.69
1987	75-79	0.04181	0.18999	2.6	67136	12755	305035	769986	11.47
1987	80-84	0.07234	0.30731	2.55	54381	16712	231013	464951	8.55
1987	85-89	0.12089	0.46203	2.45	37670	17404	143974	233938	6.21
1987	90-94	0.19348	0.63523	2.3	20265	12873	66533	89963	4.44
1987	95-99	0.29445	0.78915	2.06	7392	5834	19812	23430	3.17
1987	100-104	0.41933	0.89454	1.8	1559	1394	3325	3618	2.32
1987	105-109	0.55586	0.95082	1.54	164	156	281	293	1.78
1987	110+	0.66610	1.00000	1.5	8	8	12	12	1.50
1988	0	0.00973	0.00964	0.08	100000	964	99113	7775897	77.76
1988	1-4	0.00042	0.00168	1.61	99036	166	395745	7676784	77.52
1988	5-9	0.00021	0.00105	2.45	98870	104	494084	7281039	73.64
1988	10-14	0.00018	0.00090	2.91	98766	89	493645	6786955	68.72
1988	15-19	0.00039	0.00194	2.8	98677	192	492966	6293310	63.78
1988	20-24	0.00053	0.00267	2.65	98486	263	491810	5800344	58.90
1988	25-29	0.00071	0.00354	2.65	98223	348	490297	5308534	54.05
1988	30-34	0.00105	0.00523	2.63	97875	512	488164	4818237	49.23
1988	35-39	0.00142	0.00707	2.61	97363	688	485168	4330073	44.47
1988	40-44	0.00178	0.00887	2.65	96675	857	481358	3844905	39.77
1988	45-49	0.00284	0.01413	2.69	95818	1354	475964	3363547	35.10
1988	50-54	0.00468	0.02315	2.68	94464	2187	467238	2887583	30.57
1988	55-59	0.00706	0.03470	2.63	92278	3202	453799	2420345	26.23
1988	60-64	0.01148	0.05592	2.66	89076	4981	433740	1966546	22.08
1988	65-69	0.01735	0.08332	2.63	84095	7007	403880	1532806	18.23
1988	70-74	0.02758	0.12944	2.64	77088	9978	361853	1128926	14.64
1988	75-79	0.04173	0.18968	2.6	67110	12729	305035	767073	11.43
1988	80-84	0.07271	0.30885	2.56	54380	16796	230996	462038	8.50
1988	85-89	0.12282	0.46862	2.47	37585	17613	143406	231042	6.15
1988	90-94	0.19615	0.64049	2.29	19972	12792	65214	87637	4.39
1988	95-99	0.29950	0.79513	2.05	7180	5709	19062	22422	3.12
1988	100-104	0.42670	0.89894	1.78	1471	1322	3099	3360	2.28
1988	105-109	0.56486	0.95332	1.53	149	142	251	261	1.76
1988	110+	0.67576	1.00000	1.48	7	7	10	10	1.48
1989	0	0.00991	0.00982	0.08	100000	982	99098	7806999	78.07
1989	1-4	0.00040	0.00162	1.69	99018	160	395704	7707902	77.84
1989	5-9	0.00021	0.00104	2.28	98858	103	494012	7312198	73.97
1989	10-14	0.00018	0.00089	2.62	98756	88	493569	6818186	69.04
1989	15-19	0.00038	0.00192	2.67	98668	190	492897	6324617	64.10
1989	20-24	0.00050	0.00249	2.59	98478	245	491799	5831719	59.22
1989	25-29	0.00070	0.00352	2.62	98233	346	490344	5339920	54.36
1989	30-34	0.00109	0.00541	2.63	97888	530	488181	4849575	49.54
1989	35-39	0.00137	0.00682	2.58	97358	664	485179	4361394	44.80
1989	40-44	0.00178	0.00888	2.64	96694	858	481439	3876215	40.09
1989	45-49	0.00276	0.01373	2.62	95835	1316	476041	3394776	35.42
1989	50-54	0.00459	0.02269	2.67	94519	2145	467589	2918735	30.88
1989	55-59	0.00707	0.03477	2.67	92374	3212	454384	2451145	26.53
1989	60-64	0.01101	0.05365	2.66	89163	4783	434609	1996761	22.39
1989	65-69	0.01685	0.08103	2.63	84380	6837	405722	1562152	18.51
1989	70-74	0.02612	0.12296	2.62	77543	9535	365013	1156430	14.91
1989	75-79	0.04134	0.18804	2.6	68008	12788	309335	791417	11.64
1989	80-84	0.07015	0.29961	2.57	55220	16545	235835	482082	8.73
1989	85-89	0.11589	0.44840	2.48	38675	17342	149641	246247	6.37
1989	90-94	0.18870	0.62656	2.32	21333	13367	70836	96606	4.53
1989	95-99	0.28739	0.78085	2.08	7967	6221	21646	25770	3.23
1989	100-104	0.41138	0.88980	1.81	1746	1553	3776	4124	2.36
1989	105-109	0.54805	0.94865	1.55	192	183	333	348	1.81
1989	110+	0.65900	1.00000	1.52	10	10	15	15	1.52
1990	0	0.00926	0.00918	0.08	100000	918	99154	7839083	78.39
1990	1-4	0.00040	0.00159	1.62	99082	157	395954	7739929	78.12
1990	5-9	0.00018	0.00090	2.29	98925	89	494382	7343975	74.24
1990	10-14	0.00017	0.00084	2.62	98835	83	493979	6849593	69.30
1990	15-19	0.00036	0.00180	2.69	98752	177	493351	6355615	64.36
1990	20-24	0.00051	0.00256	2.66	98575	252	492282	5862264	59.47
1990	25-29	0.00072	0.00361	2.65	98322	355	490778	5369982	54.62
1990	30-34	0.00105	0.00522	2.62	97967	512	488617	4879204	49.80
1990	35-39	0.00137	0.00683	2.55	97455	666	485643	4390587	45.05
1990	40-44	0.00177	0.00880	2.6	96790	852	481908	3904943	40.34
1990	45-49	0.00280	0.01392	2.69	95938	1336	476600	3423036	35.68
1990	50-54	0.00427	0.02115	2.63	94602	2001	468276	2946436	31.15
1990	55-59	0.00695	0.03420	2.66	92601	3167	455602	2478160	26.76
1990	60-64	0.01089	0.05310	2.65	89434	4749	436010	2022558	22.62
1990	65-69	0.01636	0.07869	2.59	84685	6664	407345	1586548	18.73
1990	70-74	0.02571	0.12109	2.61	78021	9448	367515	1179203	15.11
1990	75-79	0.03991	0.18202	2.58	68573	12481	312709	811688	11.84
1990	80-84	0.06792	0.29137	2.56	56092	16344	240643	498978	8.90
1990	85-89	0.11202	0.43655	2.47	39748	17352	154897	258336	6.50
1990	90-94	0.18419	0.61644	2.32	22396	13806	74953	103439	4.62
1990	95-99	0.27907	0.77052	2.09	8590	6619	23718	28486	3.32
1990	100-104	0.40083	0.88304	1.83	1971	1741	4343	4769	2.42
1990	105-109	0.53639	0.94514	1.57	231	218	406	426	1.85
1990	110+	0.64727	1.00000	1.54	13	13	20	20	1.54
1991	0	0.00875	0.00868	0.08	100000	868	99199	7855381	78.55
1991	1-4	0.00040	0.00161	1.45	99132	159	396121	7756182	78.24
1991	5-9	0.00020	0.00101	2.44	98973	100	494607	7360060	74.36
1991	10-14	0.00016	0.00082	2.59	98873	81	494170	6865453	69.44
1991	15-19	0.00037	0.00185	2.63	98792	183	493527	6371283	64.49
1991	20-24	0.00050	0.00251	2.69	98609	247	492474	5877755	59.61
1991	25-29	0.00069	0.00344	2.63	98362	338	491008	5385282	54.75
1991	30-34	0.00101	0.00502	2.65	98024	492	488961	4894274	49.93
1991	35-39	0.00140	0.00699	2.63	97532	682	486044	4405313	45.17
1991	40-44	0.00184	0.00915	2.67	96850	886	482190	3919269	40.47
1991	45-49	0.00276	0.01371	2.66	95964	1316	476736	3437079	35.82
1991	50-54	0.00437	0.02164	2.68	94648	2048	468489	2960343	31.28
1991	55-59	0.00680	0.03344	2.66	92600	3097	455751	2491854	26.91
1991	60-64	0.01053	0.05136	2.63	89503	4596	436624	2036103	22.75
1991	65-69	0.01647	0.07922	2.61	84906	6726	408464	1599479	18.84
1991	70-74	0.02529	0.11933	2.63	78180	9329	368814	1191015	15.23
1991	75-79	0.03910	0.17865	2.59	68851	12300	314613	822200	11.94
1991	80-84	0.06679	0.28727	2.57	56551	16246	243227	507587	8.98
1991	85-89	0.10995	0.43089	2.49	40306	17367	157950	264360	6.56
1991	90-94	0.18346	0.61555	2.33	22938	14120	76961	106410	4.64
1991	95-99	0.27667	0.76754	2.1	8819	6769	24465	29449	3.34
1991	100-104	0.39852	0.88159	1.84	2050	1807	4535	4985	2.43
1991	105-109	0.53455	0.94461	1.58	243	229	429	450	1.85
1991	110+	0.64596	1.00000	1.55	13	13	21	21	1.55
1992	0	0.00826	0.00820	0.08	100000	820	99243	7875394	78.75
1992	1-4	0.00037	0.00146	1.6	99180	145	396373	7776151	78.40
1992	5-9	0.00014	0.00070	2.48	99035	69	495002	7379778	74.52
1992	10-14	0.00015	0.00073	2.67	98966	73	494662	6884776	69.57
1992	15-19	0.00032	0.00161	2.47	98894	159	494065	6390114	64.62
1992	20-24	0.00047	0.00237	2.64	98735	234	493121	5896049	59.72
1992	25-29	0.00072	0.00361	2.58	98501	356	491640	5402928	54.85
1992	30-34	0.00104	0.00518	2.67	98145	508	489538	4911288	50.04
1992	35-39	0.00139	0.00692	2.61	97637	676	486565	4421750	45.29
1992	40-44	0.00187	0.00931	2.56	96961	903	482598	3935185	40.59
1992	45-49	0.00273	0.01356	2.69	96058	1303	477284	3452588	35.94
1992	50-54	0.00423	0.02093	2.7	94755	1983	469211	2975304	31.40
1992	55-59	0.00683	0.03361	2.68	92772	3118	456629	2506093	27.01
1992	60-64	0.01038	0.05067	2.64	89654	4543	437529	2049464	22.86
1992	65-69	0.01610	0.07755	2.64	85111	6600	409992	1611935	18.94
1992	70-74	0.02529	0.11934	2.64	78511	9369	370467	1201942	15.31
1992	75-79	0.03876	0.17723	2.58	69141	12254	316110	831475	12.03
1992	80-84	0.06562	0.28287	2.56	56888	16092	245229	515366	9.06
1992	85-89	0.10877	0.42711	2.49	40796	17424	160193	270136	6.62
1992	90-94	0.17970	0.60771	2.34	23372	14203	79040	109943	4.70
1992	95-99	0.27359	0.76359	2.11	9168	7001	25589	30903	3.37
1992	100-104	0.39495	0.87922	1.85	2167	1906	4825	5313	2.45
1992	105-109	0.53094	0.94349	1.58	262	247	465	488	1.86
1992	110+	0.64258	1.00000	1.56	15	15	23	23	1.56
1993	0	0.00782	0.00776	0.07	100000	776	99282	7865535	78.66
1993	1-4	0.00037	0.00146	1.59	99224	145	396546	7766253	78.27
1993	5-9	0.00017	0.00083	2.4	99079	82	495180	7369707	74.38
1993	10-14	0.00017	0.00083	2.97	98997	83	494815	6874527	69.44
1993	15-19	0.00034	0.00171	2.74	98914	169	494187	6379712	64.50
1993	20-24	0.00047	0.00233	2.56	98745	230	493166	5885525	59.60
1993	25-29	0.00069	0.00343	2.64	98515	338	491777	5392360	54.74
1993	30-34	0.00099	0.00494	2.69	98177	485	489767	4900582	49.92
1993	35-39	0.00147	0.00733	2.68	97692	716	486801	4410816	45.15
1993	40-44	0.00193	0.00959	2.57	96976	930	482617	3924015	40.46
1993	45-49	0.00272	0.01354	2.66	96046	1300	477190	3441398	35.83
1993	50-54	0.00426	0.02107	2.62	94746	1997	468984	2964208	31.29
1993	55-59	0.00668	0.03287	2.7	92749	3049	456721	2495224	26.90
1993	60-64	0.01041	0.05081	2.63	89700	4557	437705	2038504	22.73
1993	65-69	0.01636	0.07877	2.64	85143	6706	409862	1600799	18.80
1993	70-74	0.02502	0.11812	2.63	78437	9265	370233	1190937	15.18
1993	75-79	0.03933	0.17969	2.6	69172	12429	316001	820704	11.86
1993	80-84	0.06732	0.28906	2.56	56742	16402	243627	504704	8.89
1993	85-89	0.11250	0.43852	2.49	40341	17690	157239	261077	6.47
1993	90-94	0.18497	0.61913	2.33	22651	14024	75817	103837	4.58
1993	95-99	0.28567	0.77914	2.08	8627	6721	23529	28020	3.25
1993	100-104	0.41214	0.89056	1.81	1905	1697	4117	4492	2.36
1993	105-109	0.55171	0.94987	1.55	209	198	359	375	1.80
1993	110+	0.66480	1.00000	1.5	10	10	16	16	1.50
1994	0	0.00763	0.00758	0.07	100000	758	99299	7877337	78.77
1994	1-4	0.00034	0.00135	1.68	99242	134	396657	7778038	78.37
1994	5-9	0.00017	0.00087	2.33	99108	86	495310	7381381	74.48
1994	10-14	0.00015	0.00076	2.82	99022	75	494945	6886071	69.54
1994	15-19	0.00033	0.00163	2.69	98947	162	494360	6391126	64.59
1994	20-24	0.00044	0.00220	2.62	98785	218	493407	5896765	59.69
1994	25-29	0.00067	0.00333	2.69	98568	328	492079	5403358	54.82
1994	30-34	0.00110	0.00547	2.68	98239	537	489949	4911279	49.99
1994	35-39	0.00156	0.00777	2.59	97702	759	486682	4421331	45.25
1994	40-44	0.00199	0.00990	2.6	96942	960	482404	3934648	40.59
1994	45-49	0.00276	0.01370	2.67	95983	1315	476856	3452244	35.97
1994	50-54	0.00416	0.02059	2.66	94668	1949	468778	2975389	31.43
1994	55-59	0.00657	0.03234	2.68	92718	2998	456648	2506611	27.03
1994	60-64	0.01014	0.04951	2.64	89720	4442	438121	2049963	22.85
1994	65-69	0.01614	0.07773	2.64	85278	6628	410759	1611842	18.90
1994	70-74	0.02469	0.11664	2.63	78650	9174	371521	1201083	15.27
1994	75-79	0.03868	0.17707	2.61	69476	12302	318038	829562	11.94
1994	80-84	0.06685	0.28768	2.58	57174	16448	246051	511524	8.95
1994	85-89	0.11069	0.43291	2.48	40727	17631	159277	265473	6.52
1994	90-94	0.18456	0.61827	2.33	23096	14279	77371	106196	4.60
1994	95-99	0.28343	0.77640	2.09	8816	6845	24150	28825	3.27
1994	100-104	0.40948	0.88893	1.82	1971	1752	4280	4675	2.37
1994	105-109	0.54897	0.94909	1.55	219	208	379	395	1.81
1994	110+	0.66221	1.00000	1.51	11	11	17	17	1.51
1995	0	0.00723	0.00718	0.07	100000	718	99335	7886414	78.86
1995	1-4	0.00035	0.00142	1.73	99282	141	396809	7787079	78.43
1995	5-9	0.00016	0.00078	2.42	99142	78	495507	7390270	74.54
1995	10-14	0.00015	0.00077	2.82	99064	77	495152	6894763	69.60
1995	15-19	0.00032	0.00159	2.7	98987	158	494575	6399610	64.65
1995	20-24	0.00041	0.00204	2.64	98830	202	493672	5905036	59.75
1995	25-29	0.00065	0.00324	2.74	98628	319	492418	5411364	54.87
1995	30-34	0.00106	0.00529	2.6	98308	520	490295	4918946	50.04
1995	35-39	0.00148	0.00737	2.63	97789	721	487231	4428651	45.29
1995	40-44	0.00199	0.00991	2.6	97068	961	483032	3941419	40.60
1995	45-49	0.00275	0.01365	2.7	96106	1312	477518	3458387	35.99
1995	50-54	0.00422	0.02090	2.66	94794	1981	469331	2980869	31.45
1995	55-59	0.00648	0.03191	2.66	92814	2962	457148	2511539	27.06
1995	60-64	0.01015	0.04955	2.63	89852	4452	438693	2054391	22.86
1995	65-69	0.01583	0.07628	2.64	85400	6514	411629	1615698	18.92
1995	70-74	0.02451	0.11580	2.62	78886	9135	372695	1204069	15.26
1995	75-79	0.03849	0.17616	2.6	69751	12287	319265	831374	11.92
1995	80-84	0.06698	0.28780	2.56	57464	16538	246922	512109	8.91
1995	85-89	0.11168	0.43600	2.49	40925	17844	159778	265187	6.48
1995	90-94	0.18549	0.62003	2.33	23082	14311	77153	105409	4.57
1995	95-99	0.28827	0.78250	2.08	8770	6863	23806	28256	3.22
1995	100-104	0.41687	0.89360	1.8	1908	1705	4089	4450	2.33
1995	105-109	0.55828	0.95178	1.54	203	193	346	361	1.78
1995	110+	0.67236	1.00000	1.49	10	10	15	15	1.49
1996	0	0.00697	0.00692	0.07	100000	692	99358	7909105	79.09
1996	1-4	0.00028	0.00114	1.51	99308	113	396949	7809747	78.64
1996	5-9	0.00014	0.00071	2.52	99195	71	495797	7412798	74.73
1996	10-14	0.00016	0.00079	2.83	99124	78	495449	6917000	69.78
1996	15-19	0.00033	0.00166	2.75	99045	165	494857	6421551	64.83
1996	20-24	0.00042	0.00211	2.6	98881	208	493904	5926694	59.94
1996	25-29	0.00058	0.00291	2.66	98672	287	492690	5432790	55.06
1996	30-34	0.00093	0.00462	2.64	98385	454	490856	4940099	50.21
1996	35-39	0.00130	0.00650	2.62	97931	637	488139	4449244	45.43
1996	40-44	0.00188	0.00934	2.61	97295	909	484301	3961105	40.71
1996	45-49	0.00266	0.01321	2.63	96386	1273	478913	3476805	36.07
1996	50-54	0.00407	0.02016	2.73	95113	1918	471209	2997891	31.52
1996	55-59	0.00635	0.03127	2.68	93195	2914	459225	2526683	27.11
1996	60-64	0.01006	0.04914	2.63	90281	4436	440876	2067458	22.90
1996	65-69	0.01568	0.07564	2.67	85844	6494	414109	1626582	18.95
1996	70-74	0.02457	0.11607	2.62	79351	9210	374828	1212473	15.28
1996	75-79	0.03838	0.17586	2.62	70141	12335	321379	837646	11.94
1996	80-84	0.06643	0.28606	2.57	57806	16536	248912	516267	8.93
1996	85-89	0.11141	0.43514	2.49	41270	17958	161190	267354	6.48
1996	90-94	0.18611	0.62057	2.32	23312	14467	77734	106164	4.55
1996	95-99	0.28898	0.78346	2.08	8845	6930	23980	28431	3.21
1996	100-104	0.41860	0.89471	1.8	1915	1714	4094	4450	2.32
1996	105-109	0.56096	0.95255	1.53	202	192	342	357	1.77
1996	110+	0.67560	1.00000	1.48	10	10	14	14	1.48
1997	0	0.00654	0.00650	0.07	100000	650	99396	7943302	79.43
1997	1-4	0.00028	0.00113	1.63	99350	112	397134	7843905	78.95
1997	5-9	0.00015	0.00077	2.45	99238	76	495994	7446771	75.04
1997	10-14	0.00013	0.00064	2.69	99162	64	495661	6950777	70.10
1997	15-19	0.00034	0.00171	2.71	99098	169	495102	6455116	65.14
1997	20-24	0.00045	0.00226	2.54	98929	223	494093	5960015	60.25
1997	25-29	0.00051	0.00256	2.64	98705	253	492930	5465921	55.38
1997	30-34	0.00079	0.00395	2.63	98453	388	491343	4972992	50.51
1997	35-39	0.00119	0.00594	2.61	98064	583	488925	4481649	45.70
1997	40-44	0.00173	0.00862	2.62	97482	841	485411	3992723	40.96
1997	45-49	0.00248	0.01232	2.68	96641	1191	480440	3507312	36.29
1997	50-54	0.00388	0.01924	2.66	95450	1836	472960	3026872	31.71
1997	55-59	0.00623	0.03070	2.67	93613	2874	461384	2553912	27.28
1997	60-64	0.00987	0.04823	2.68	90739	4377	443523	2092528	23.06
1997	65-69	0.01535	0.07408	2.64	86363	6398	416722	1649005	19.09
1997	70-74	0.02360	0.11173	2.62	79965	8935	378530	1232283	15.41
1997	75-79	0.03746	0.17204	2.64	71030	12220	326256	853753	12.02
1997	80-84	0.06560	0.28273	2.56	58810	16627	253459	527497	8.97
1997	85-89	0.11126	0.43474	2.49	42182	18338	164819	274038	6.50
1997	90-94	0.18512	0.62029	2.34	23844	14790	79895	109219	4.58
1997	95-99	0.28641	0.78031	2.08	9054	7065	24667	29324	3.24
1997	100-104	0.41517	0.89263	1.81	1989	1775	4276	4657	2.34
1997	105-109	0.55706	0.95148	1.54	214	203	365	380	1.78
1997	110+	0.67164	1.00000	1.49	10	10	15	15	1.49
1998	0	0.00641	0.00637	0.07	100000	637	99408	7976093	79.76
1998	1-4	0.00026	0.00104	1.56	99363	104	397197	7876686	79.27
1998	5-9	0.00015	0.00075	2.27	99259	74	496091	7479489	75.35
1998	10-14	0.00014	0.00069	2.88	99184	68	495777	6983398	70.41
1998	15-19	0.00031	0.00154	2.7	99116	153	495228	6487621	65.45
1998	20-24	0.00038	0.00188	2.63	98963	186	494374	5992393	60.55
1998	25-29	0.00045	0.00226	2.63	98777	223	493353	5498018	55.66
1998	30-34	0.00072	0.00357	2.64	98553	352	491936	5004665	50.78
1998	35-39	0.00109	0.00543	2.73	98201	534	489796	4512729	45.95
1998	40-44	0.00161	0.00803	2.72	97668	784	486554	4022934	41.19
1998	45-49	0.00237	0.01179	2.68	96884	1142	481770	3536380	36.50
1998	50-54	0.00363	0.01797	2.6	95742	1721	474584	3054610	31.90
1998	55-59	0.00585	0.02884	2.65	94021	2712	463742	2580026	27.44
1998	60-64	0.00936	0.04582	2.68	91309	4184	446858	2116283	23.18
1998	65-69	0.01504	0.07257	2.62	87125	6323	420554	1669425	19.16
1998	70-74	0.02355	0.11151	2.63	80802	9010	382659	1248871	15.46
1998	75-79	0.03690	0.16961	2.62	71791	12177	330014	866212	12.07
1998	80-84	0.06528	0.28168	2.57	59614	16792	257253	536198	8.99
1998	85-89	0.11020	0.43157	2.49	42822	18481	167697	278945	6.51
1998	90-94	0.18553	0.62107	2.34	24341	15118	81484	111248	4.57
1998	95-99	0.28755	0.78184	2.08	9224	7212	25079	29764	3.23
1998	100-104	0.41769	0.89426	1.8	2012	1799	4308	4684	2.33
1998	105-109	0.56083	0.95256	1.53	213	203	361	376	1.77
1998	110+	0.67612	1.00000	1.48	10	10	15	15	1.48
1999	0	0.00653	0.00649	0.07	100000	649	99397	7957202	79.57
1999	1-4	0.00026	0.00103	1.7	99351	102	397170	7857805	79.09
1999	5-9	0.00014	0.00068	2.49	99249	68	496076	7460635	75.17
1999	10-14	0.00013	0.00064	2.68	99181	63	495761	6964559	70.22
1999	15-19	0.00033	0.00165	2.77	99118	163	495227	6468799	65.26
1999	20-24	0.00040	0.00202	2.5	98955	200	494276	5973571	60.37
1999	25-29	0.00048	0.00238	2.63	98755	235	493219	5479295	55.48
1999	30-34	0.00070	0.00351	2.7	98520	346	491802	4986076	50.61
1999	35-39	0.00112	0.00560	2.68	98174	549	489596	4494274	45.78
1999	40-44	0.00170	0.00845	2.67	97625	825	486198	4004677	41.02
1999	45-49	0.00242	0.01206	2.62	96800	1167	481220	3518479	36.35
1999	50-54	0.00380	0.01883	2.69	95633	1801	474011	3037259	31.76
1999	55-59	0.00607	0.02990	2.64	93832	2806	462541	2563249	27.32
1999	60-64	0.00948	0.04638	2.68	91026	4222	445347	2100708	23.08
1999	65-69	0.01493	0.07212	2.66	86804	6260	419342	1655361	19.07
1999	70-74	0.02331	0.11047	2.64	80544	8897	381705	1236019	15.35
1999	75-79	0.03733	0.17154	2.64	71647	12290	329222	854314	11.92
1999	80-84	0.06671	0.28757	2.6	59356	17069	255866	525092	8.85
1999	85-89	0.11409	0.44307	2.48	42287	18736	164221	269226	6.37
1999	90-94	0.19089	0.63122	2.32	23551	14866	77879	105005	4.46
1999	95-99	0.29868	0.79517	2.06	8685	6906	23122	27126	3.12
1999	100-104	0.43325	0.90333	1.77	1779	1607	3709	4004	2.25
1999	105-109	0.57908	0.95730	1.5	172	165	284	295	1.71
1999	110+	0.69494	1.00000	1.44	7	7	11	11	1.44
2000	0	0.00604	0.00601	0.07	100000	601	99441	7977261	79.77
2000	1-4	0.00021	0.00085	1.66	99399	85	397398	7877819	79.25
2000	5-9	0.00012	0.00058	2.54	99315	58	496431	7480421	75.32
2000	10-14	0.00013	0.00066	2.62	99257	66	496128	6983990	70.36
2000	15-19	0.00029	0.00146	3.06	99191	145	495675	6487862	65.41
2000	20-24	0.00040	0.00198	2.53	99046	196	494749	5992188	60.50
2000	25-29	0.00046	0.00229	2.56	98851	226	493702	5497438	55.61
2000	30-34	0.00071	0.00354	2.67	98625	349	492311	5003737	50.74
2000	35-39	0.00108	0.00537	2.72	98276	528	490172	4511426	45.91
2000	40-44	0.00162	0.00805	2.64	97748	787	486882	4021254	41.14
2000	45-49	0.00246	0.01224	2.67	96961	1187	482035	3534372	36.45
2000	50-54	0.00370	0.01832	2.72	95774	1755	474861	3052338	31.87
2000	55-59	0.00588	0.02902	2.66	94019	2728	463698	2577477	27.41
2000	60-64	0.00947	0.04632	2.63	91291	4229	446443	2113779	23.15
2000	65-69	0.01461	0.07061	2.64	87062	6147	420788	1667336	19.15
2000	70-74	0.02253	0.10700	2.65	80914	8658	384207	1246548	15.41
2000	75-79	0.03702	0.17012	2.62	72257	12292	332053	862342	11.93
2000	80-84	0.06639	0.28592	2.58	59964	17145	258251	530289	8.84
2000	85-89	0.11426	0.44369	2.48	42819	18998	166280	272038	6.35
2000	90-94	0.19200	0.63373	2.32	23821	15096	78624	105757	4.44
2000	95-99	0.30014	0.79691	2.06	8725	6953	23165	27133	3.11
2000	100-104	0.43567	0.90470	1.77	1772	1603	3680	3968	2.24
2000	105-109	0.58222	0.95808	1.5	169	162	278	288	1.71
2000	110+	0.69836	1.00000	1.43	7	7	10	10	1.43
2001	0	0.00584	0.00580	0.07	100000	580	99460	7980476	79.80
2001	1-4	0.00025	0.00100	1.77	99420	99	397457	7881016	79.27
2001	5-9	0.00011	0.00054	2.46	99320	54	496465	7483559	75.35
2001	10-14	0.00013	0.00065	2.75	99267	65	496187	6987094	70.39
2001	15-19	0.00031	0.00157	2.77	99202	156	495662	6490907	65.43
2001	20-24	0.00046	0.00227	2.6	99046	225	494690	5995245	60.53
2001	25-29	0.00054	0.00267	2.58	98821	264	493464	5500555	55.66
2001	30-34	0.00075	0.00374	2.66	98557	369	491919	5007091	50.80
2001	35-39	0.00119	0.00595	2.72	98188	584	489606	4515172	45.98
2001	40-44	0.00172	0.00857	2.68	97604	836	486082	4025566	41.24
2001	45-49	0.00259	0.01288	2.67	96768	1247	480930	3539483	36.58
2001	50-54	0.00374	0.01854	2.73	95521	1771	473577	3058553	32.02
2001	55-59	0.00588	0.02903	2.71	93750	2721	462531	2584976	27.57
2001	60-64	0.00929	0.04549	2.67	91029	4141	445510	2122445	23.32
2001	65-69	0.01422	0.06880	2.65	86888	5978	420399	1676935	19.30
2001	70-74	0.02220	0.10548	2.65	80911	8535	384462	1256537	15.53
2001	75-79	0.03595	0.16569	2.64	72376	11992	333560	872075	12.05
2001	80-84	0.06507	0.28114	2.58	60384	16977	260879	538515	8.92
2001	85-89	0.11254	0.43878	2.49	43408	19046	169237	277636	6.40
2001	90-94	0.19090	0.63134	2.32	24361	15380	80566	108399	4.45
2001	95-99	0.30116	0.79834	2.06	8981	7170	23807	27833	3.10
2001	100-104	0.43908	0.90672	1.76	1811	1642	3740	4025	2.22
2001	105-109	0.58784	0.95950	1.49	169	162	276	285	1.69
2001	110+	0.70518	1.00000	1.42	7	7	10	10	1.42
2002	0	0.00590	0.00587	0.07	100000	587	99454	8001341	80.01
2002	1-4	0.00021	0.00084	1.62	99413	83	397454	7901887	79.49
2002	5-9	0.00011	0.00057	2.42	99330	56	496503	7504433	75.55
2002	10-14	0.00013	0.00067	2.62	99273	66	496209	7007929	70.59
2002	15-19	0.00031	0.00155	2.74	99207	154	495688	6511720	65.64
2002	20-24	0.00042	0.00211	2.49	99053	209	494743	6016032	60.74
2002	25-29	0.00048	0.00241	2.61	98845	238	493656	5521289	55.86
2002	30-34	0.00065	0.00325	2.56	98607	321	492252	5027633	50.99
2002	35-39	0.00110	0.00550	2.71	98286	540	490195	4535381	46.14
2002	40-44	0.00171	0.00852	2.68	97746	833	486798	4045186	41.38
2002	45-49	0.00249	0.01240	2.63	96913	1202	481721	3558388	36.72
2002	50-54	0.00365	0.01812	2.62	95711	1734	474434	3076668	32.15
2002	55-59	0.00572	0.02824	2.66	93977	2653	463687	2602234	27.69
2002	60-64	0.00882	0.04320	2.66	91324	3945	447405	2138546	23.42
2002	65-69	0.01418	0.06862	2.65	87379	5995	422818	1691142	19.35
2002	70-74	0.02190	0.10419	2.67	81383	8479	387157	1268323	15.58
2002	75-79	0.03531	0.16293	2.63	72904	11878	336401	881167	12.09
2002	80-84	0.06433	0.27842	2.59	61025	16991	264122	544766	8.93
2002	85-89	0.11197	0.43747	2.5	44035	19264	172052	280644	6.37
2002	90-94	0.19448	0.63975	2.33	24771	15847	81484	108591	4.38
2002	95-99	0.30802	0.80637	2.05	8924	7196	23362	27107	3.04
2002	100-104	0.45096	0.91311	1.74	1728	1578	3499	3746	2.17
2002	105-109	0.60343	0.96306	1.47	150	145	240	247	1.65
2002	110+	0.72206	1.00000	1.38	6	6	8	8	1.38
2003	0	0.00587	0.00584	0.07	100000	584	99457	8023935	80.24
2003	1-4	0.00023	0.00091	1.66	99416	90	397453	7924478	79.71
2003	5-9	0.00012	0.00061	2.54	99326	61	496479	7527025	75.78
2003	10-14	0.00012	0.00061	2.42	99265	60	496168	7030546	70.83
2003	15-19	0.00026	0.00131	2.79	99204	130	495734	6534378	65.87
2003	20-24	0.00041	0.00207	2.57	99074	205	494873	6038643	60.95
2003	25-29	0.00045	0.00226	2.54	98869	224	493795	5543771	56.07
2003	30-34	0.00066	0.00329	2.7	98645	325	492480	5049976	51.19
2003	35-39	0.00103	0.00514	2.66	98321	505	490420	4557496	46.35
2003	40-44	0.00162	0.00806	2.67	97816	788	487237	4067076	41.58
2003	45-49	0.00248	0.01234	2.62	97027	1197	482280	3579839	36.90
2003	50-54	0.00349	0.01731	2.65	95830	1659	475245	3097559	32.32
2003	55-59	0.00547	0.02700	2.69	94171	2543	464978	2622314	27.85
2003	60-64	0.00884	0.04332	2.64	91628	3969	448754	2157336	23.54
2003	65-69	0.01353	0.06556	2.64	87659	5747	424725	1708582	19.49
2003	70-74	0.02153	0.10241	2.63	81912	8388	389653	1283857	15.67
2003	75-79	0.03513	0.16205	2.61	73524	11915	339166	894203	12.16
2003	80-84	0.06304	0.27386	2.61	61609	16872	267656	555037	9.01
2003	85-89	0.11156	0.43626	2.5	44737	19517	174943	287381	6.42
2003	90-94	0.18938	0.62760	2.31	25220	15828	83577	112439	4.46
2003	95-99	0.30386	0.80179	2.05	9392	7530	24782	28862	3.07
2003	100-104	0.44575	0.91049	1.75	1862	1695	3802	4079	2.19
2003	105-109	0.59796	0.96190	1.47	167	160	268	277	1.66
2003	110+	0.71696	1.00000	1.39	6	6	9	9	1.39
2004	0	0.00575	0.00572	0.07	100000	572	99468	8051454	80.51
2004	1-4	0.00020	0.00079	1.62	99428	78	397526	7951986	79.98
2004	5-9	0.00012	0.00059	2.5	99350	59	496602	7554460	76.04
2004	10-14	0.00014	0.00070	2.61	99291	70	496288	7057858	71.08
2004	15-19	0.00031	0.00155	2.74	99221	153	495760	6561570	66.13
2004	20-24	0.00037	0.00185	2.43	99068	183	494869	6065810	61.23
2004	25-29	0.00046	0.00231	2.65	98885	229	493885	5570941	56.34
2004	30-34	0.00062	0.00310	2.65	98656	306	492560	5077056	51.46
2004	35-39	0.00100	0.00499	2.7	98350	490	490621	4584496	46.61
2004	40-44	0.00161	0.00800	2.65	97859	783	487457	4093875	41.83
2004	45-49	0.00245	0.01219	2.64	97077	1183	482591	3606418	37.15
2004	50-54	0.00350	0.01734	2.62	95893	1663	475501	3123827	32.58
2004	55-59	0.00539	0.02663	2.67	94230	2509	465297	2648326	28.10
2004	60-64	0.00854	0.04185	2.65	91721	3838	449573	2183029	23.80
2004	65-69	0.01306	0.06333	2.64	87883	5565	426277	1733456	19.72
2004	70-74	0.02087	0.09944	2.64	82317	8186	392277	1307178	15.88
2004	75-79	0.03367	0.15594	2.63	74131	11560	343276	914901	12.34
2004	80-84	0.06172	0.26894	2.61	62572	16828	272656	571625	9.14
2004	85-89	0.10932	0.42961	2.51	45744	19652	179775	298969	6.54
2004	90-94	0.18375	0.61760	2.35	26092	16114	87695	119194	4.57
2004	95-99	0.29445	0.79089	2.07	9977	7891	26799	31498	3.16
2004	100-104	0.43272	0.90348	1.78	2086	1885	4356	4699	2.25
2004	105-109	0.58303	0.95847	1.5	201	193	331	343	1.70
2004	110+	0.70206	1.00000	1.42	8	8	12	12	1.42
2005	0	0.00554	0.00551	0.07	100000	551	99487	8063328	80.63
2005	1-4	0.00022	0.00086	1.55	99449	86	397585	7963842	80.08
2005	5-9	0.00010	0.00051	2.21	99363	50	496675	7566256	76.15
2005	10-14	0.00012	0.00061	2.66	99313	61	496422	7069582	71.18
2005	15-19	0.00029	0.00147	2.91	99252	146	495955	6573159	66.23
2005	20-24	0.00045	0.00227	2.54	99106	225	494977	6077204	61.32
2005	25-29	0.00043	0.00215	2.49	98881	213	493871	5582227	56.45
2005	30-34	0.00062	0.00311	2.71	98668	307	492640	5088356	51.57
2005	35-39	0.00098	0.00488	2.69	98361	480	490698	4595717	46.72
2005	40-44	0.00160	0.00795	2.68	97882	778	487604	4105018	41.94
2005	45-49	0.00236	0.01176	2.66	97104	1142	482851	3617415	37.25
2005	50-54	0.00352	0.01746	2.63	95962	1675	475832	3134564	32.66
2005	55-59	0.00517	0.02553	2.64	94287	2407	465760	2658732	28.20
2005	60-64	0.00836	0.04101	2.66	91880	3768	450565	2192972	23.87
2005	65-69	0.01299	0.06305	2.65	88111	5555	427516	1742406	19.78
2005	70-74	0.02063	0.09833	2.64	82556	8118	393597	1314891	15.93
2005	75-79	0.03336	0.15469	2.65	74438	11515	345120	921294	12.38
2005	80-84	0.06005	0.26249	2.61	62923	16517	275061	576173	9.16
2005	85-89	0.10927	0.42928	2.5	46406	19921	182319	301112	6.49
2005	90-94	0.18737	0.62339	2.32	26485	16511	88119	118793	4.49
2005	95-99	0.30331	0.80159	2.06	9974	7995	26361	30674	3.08
2005	100-104	0.44832	0.91208	1.75	1979	1805	4026	4313	2.18
2005	105-109	0.60369	0.96325	1.47	174	168	278	286	1.65
2005	110+	0.72446	1.00000	1.38	6	6	9	9	1.38
2006	0	0.00576	0.00573	0.07	100000	573	99466	8103267	81.03
2006	1-4	0.00020	0.00081	1.68	99427	81	397520	8003801	80.50
2006	5-9	0.00010	0.00048	2.34	99346	48	496604	7606280	76.56
2006	10-14	0.00010	0.00048	2.68	99298	47	496381	7109677	71.60
2006	15-19	0.00028	0.00139	2.92	99251	138	495967	6613296	66.63
2006	20-24	0.00039	0.00195	2.58	99113	193	495099	6117328	61.72
2006	25-29	0.00048	0.00241	2.54	98920	239	494013	5622230	56.84
2006	30-34	0.00058	0.00290	2.63	98681	286	492727	5128217	51.97
2006	35-39	0.00096	0.00478	2.71	98395	470	490899	4635490	47.11
2006	40-44	0.00155	0.00772	2.69	97924	756	487878	4144591	42.32
2006	45-49	0.00229	0.01137	2.66	97169	1105	483254	3656713	37.63
2006	50-54	0.00354	0.01754	2.63	96064	1685	476336	3173459	33.03
2006	55-59	0.00504	0.02491	2.69	94379	2351	466471	2697123	28.58
2006	60-64	0.00810	0.03974	2.69	92028	3657	451691	2230652	24.24
2006	65-69	0.01226	0.05961	2.66	88371	5268	429548	1778961	20.13
2006	70-74	0.02010	0.09594	2.64	83103	7973	396672	1349413	16.24
2006	75-79	0.03215	0.14938	2.64	75131	11223	349118	952740	12.68
2006	80-84	0.05682	0.25025	2.62	63907	15993	281465	603623	9.45
2006	85-89	0.10303	0.41055	2.53	47914	19671	190924	322158	6.72
2006	90-94	0.17885	0.60600	2.34	28243	17115	95696	131234	4.65
2006	95-99	0.28994	0.78621	2.09	11128	8749	30175	35537	3.19
2006	100-104	0.43215	0.90366	1.78	2379	2150	4975	5362	2.25
2006	105-109	0.58728	0.95970	1.49	229	220	375	388	1.69
2006	110+	0.70965	1.00000	1.41	9	9	13	13	1.41
2007	0	0.00572	0.00569	0.07	100000	569	99471	8125274	81.25
2007	1-4	0.00021	0.00084	1.72	99431	83	397536	8025803	80.72
2007	5-9	0.00010	0.00052	2.31	99348	51	496603	7628267	76.78
2007	10-14	0.00012	0.00060	2.51	99297	60	496335	7131664	71.82
2007	15-19	0.00026	0.00128	2.95	99237	127	495925	6635329	66.86
2007	20-24	0.00040	0.00198	2.57	99110	196	495071	6139404	61.95
2007	25-29	0.00045	0.00224	2.53	98913	221	494021	5644334	57.06
2007	30-34	0.00060	0.00300	2.63	98692	296	492760	5150313	52.19
2007	35-39	0.00097	0.00485	2.68	98397	477	490875	4657553	47.33
2007	40-44	0.00143	0.00712	2.72	97920	697	488012	4166677	42.55
2007	45-49	0.00231	0.01150	2.68	97223	1118	483516	3678666	37.84
2007	50-54	0.00337	0.01671	2.64	96105	1606	476740	3195149	33.25
2007	55-59	0.00501	0.02477	2.64	94499	2341	466973	2718409	28.77
2007	60-64	0.00774	0.03801	2.66	92158	3503	452574	2251436	24.43
2007	65-69	0.01206	0.05865	2.68	88655	5199	431195	1798862	20.29
2007	70-74	0.01930	0.09233	2.65	83455	7705	399183	1367667	16.39
2007	75-79	0.03164	0.14720	2.63	75750	11150	352356	968484	12.79
2007	80-84	0.05621	0.24785	2.62	64600	16011	284834	616128	9.54
2007	85-89	0.10092	0.40362	2.52	48589	19612	194326	331293	6.82
2007	90-94	0.17487	0.59829	2.36	28977	17337	99143	136967	4.73
2007	95-99	0.28406	0.77895	2.1	11640	9067	31921	37824	3.25
2007	100-104	0.42394	0.89898	1.8	2573	2313	5456	5903	2.29
2007	105-109	0.57783	0.95745	1.51	260	249	431	446	1.72
2007	110+	0.70022	1.00000	1.43	11	11	16	16	1.43
2008	0	0.00557	0.00554	0.07	100000	554	99484	8132205	81.32
2008	1-4	0.00021	0.00084	1.6	99446	83	397584	8032721	80.77
2008	5-9	0.00009	0.00046	2.38	99363	45	496695	7635137	76.84
2008	10-14	0.00011	0.00057	2.72	99317	56	496459	7138442	71.87
2008	15-19	0.00024	0.00120	2.75	99261	120	496037	6641983	66.91
2008	20-24	0.00038	0.00192	2.54	99142	190	495240	6145946	61.99
2008	25-29	0.00048	0.00238	2.64	98951	235	494203	5650706	57.11
2008	30-34	0.00060	0.00297	2.52	98716	294	492854	5156503	52.24
2008	35-39	0.00086	0.00430	2.62	98423	424	491104	4663648	47.38
2008	40-44	0.00143	0.00711	2.68	97999	697	488378	4172545	42.58
2008	45-49	0.00225	0.01121	2.7	97302	1091	483997	3684166	37.86
2008	50-54	0.00333	0.01650	2.63	96211	1587	477290	3200169	33.26
2008	55-59	0.00488	0.02412	2.64	94624	2282	467728	2722879	28.78
2008	60-64	0.00776	0.03811	2.65	92342	3520	453455	2255151	24.42
2008	65-69	0.01209	0.05878	2.64	88823	5221	431775	1801696	20.28
2008	70-74	0.01934	0.09245	2.63	83601	7729	399670	1369921	16.39
2008	75-79	0.03159	0.14694	2.63	75872	11149	352894	970251	12.79
2008	80-84	0.05567	0.24577	2.62	64724	15907	285760	617357	9.54
2008	85-89	0.10101	0.40477	2.55	48817	19759	195620	331598	6.79
2008	90-94	0.17692	0.60257	2.35	29057	17509	98968	135978	4.68
2008	95-99	0.28856	0.78476	2.09	11548	9062	31406	37010	3.20
2008	100-104	0.43196	0.90370	1.78	2486	2246	5200	5604	2.25
2008	105-109	0.58855	0.96006	1.49	239	230	390	404	1.69
2008	110+	0.71193	1.00000	1.4	10	10	13	13	1.40
2009	0	0.00551	0.00549	0.07	100000	549	99489	8166115	81.66
2009	1-4	0.00020	0.00080	1.76	99451	79	397628	8066626	81.11
2009	5-9	0.00009	0.00047	2.74	99372	46	496756	7668998	77.17
2009	10-14	0.00010	0.00050	2.73	99326	50	496517	7172242	72.21
2009	15-19	0.00025	0.00125	2.91	99276	124	496122	6675726	67.24
2009	20-24	0.00038	0.00189	2.68	99152	187	495328	6179603	62.32
2009	25-29	0.00048	0.00237	2.53	98965	235	494245	5684276	57.44
2009	30-34	0.00059	0.00295	2.64	98730	291	492962	5190030	52.57
2009	35-39	0.00087	0.00432	2.68	98439	425	491207	4697068	47.72
2009	40-44	0.00142	0.00706	2.7	98014	692	488476	4205861	42.91
2009	45-49	0.00234	0.01163	2.65	97322	1132	483950	3717385	38.20
2009	50-54	0.00335	0.01663	2.61	96190	1599	477132	3233436	33.62
2009	55-59	0.00474	0.02345	2.61	94591	2218	467642	2756304	29.14
2009	60-64	0.00750	0.03685	2.65	92373	3404	453866	2288662	24.78
2009	65-69	0.01186	0.05767	2.65	88969	5131	432803	1834796	20.62
2009	70-74	0.01838	0.08809	2.64	83837	7385	401725	1401993	16.72
2009	75-79	0.02994	0.13974	2.62	76452	10684	356820	1000268	13.08
2009	80-84	0.05328	0.23650	2.63	65769	15554	291924	643449	9.78
2009	85-89	0.09644	0.39026	2.56	50214	19597	203200	351525	7.00
2009	90-94	0.16930	0.58720	2.39	30618	17979	106195	148325	4.84
2009	95-99	0.27530	0.76806	2.12	12639	9708	35263	42130	3.33
2009	100-104	0.41425	0.89341	1.82	2931	2619	6322	6867	2.34
2009	105-109	0.56886	0.95530	1.52	312	298	525	545	1.74
2009	110+	0.69278	1.00000	1.44	14	14	20	20	1.44
2010	0	0.00537	0.00534	0.07	100000	534	99502	8187733	81.88
2010	1-4	0.00017	0.00069	1.49	99466	69	397691	8088231	81.32
2010	5-9	0.00008	0.00039	2.42	99397	39	496885	7690540	77.37
2010	10-14	0.00011	0.00053	2.6	99358	53	496665	7193655	72.40
2010	15-19	0.00021	0.00105	2.81	99306	104	496300	6696990	67.44
2010	20-24	0.00041	0.00203	2.53	99201	201	495510	6200690	62.51
2010	25-29	0.00045	0.00224	2.57	99000	222	494461	5705180	57.63
2010	30-34	0.00057	0.00284	2.59	98778	280	493214	5210719	52.75
2010	35-39	0.00085	0.00424	2.59	98498	417	491482	4717506	47.89
2010	40-44	0.00133	0.00664	2.67	98080	651	488885	4226024	43.09
2010	45-49	0.00216	0.01076	2.7	97429	1048	484733	3737139	38.36
2010	50-54	0.00321	0.01594	2.65	96381	1537	478297	3252406	33.75
2010	55-59	0.00474	0.02342	2.64	94844	2221	468975	2774109	29.25
2010	60-64	0.00728	0.03580	2.68	92623	3316	455408	2305134	24.89
2010	65-69	0.01172	0.05705	2.66	89307	5095	434595	1849726	20.71
2010	70-74	0.01824	0.08748	2.66	84212	7367	403847	1415131	16.80
2010	75-79	0.02962	0.13838	2.63	76845	10634	359058	1011283	13.16
2010	80-84	0.05192	0.23122	2.63	66211	15310	294848	652226	9.85
2010	85-89	0.09505	0.38536	2.55	50902	19615	206367	357378	7.02
2010	90-94	0.16986	0.58744	2.38	31286	18379	108201	151012	4.83
2010	95-99	0.27672	0.77020	2.12	12907	9941	35926	42810	3.32
2010	100-104	0.41837	0.89611	1.81	2966	2658	6353	6884	2.32
2010	105-109	0.57552	0.95708	1.51	308	295	512	531	1.72
2010	110+	0.70077	1.00000	1.43	13	13	19	19	1.43
2011	0	0.00490	0.00488	0.07	100000	488	99544	8184900	81.85
2011	1-4	0.00019	0.00074	1.52	99512	74	397865	8085356	81.25
2011	5-9	0.00009	0.00047	2.44	99438	47	497070	7687491	77.31
2011	10-14	0.00009	0.00047	2.66	99391	46	496848	7190421	72.34
2011	15-19	0.00021	0.00104	2.82	99345	103	496499	6693573	67.38
2011	20-24	0.00040	0.00201	2.61	99241	199	495731	6197073	62.44
2011	25-29	0.00050	0.00252	2.62	99042	249	494618	5701342	57.56
2011	30-34	0.00067	0.00333	2.64	98793	329	493187	5206724	52.70
2011	35-39	0.00079	0.00395	2.7	98464	389	491426	4713537	47.87
2011	40-44	0.00137	0.00681	2.7	98075	668	488841	4222111	43.05
2011	45-49	0.00213	0.01060	2.68	97407	1033	484637	3733269	38.33
2011	50-54	0.00333	0.01650	2.62	96374	1590	478090	3248633	33.71
2011	55-59	0.00483	0.02388	2.65	94784	2263	468608	2770542	29.23
2011	60-64	0.00735	0.03615	2.74	92521	3344	455035	2301934	24.88
2011	65-69	0.01139	0.05548	2.68	89176	4947	434417	1846899	20.71
2011	70-74	0.01814	0.08702	2.65	84229	7330	403957	1412481	16.77
2011	75-79	0.02974	0.13900	2.66	76899	10689	359449	1008524	13.11
2011	80-84	0.05263	0.23394	2.63	66211	15490	294291	649075	9.80
2011	85-89	0.09514	0.38595	2.56	50721	19576	205752	354785	6.99
2011	90-94	0.17147	0.59102	2.37	31145	18408	107355	149032	4.79
2011	95-99	0.28119	0.77603	2.11	12738	9885	35153	41678	3.27
2011	100-104	0.42515	0.90015	1.8	2853	2568	6040	6525	2.29
2011	105-109	0.58376	0.95909	1.5	285	273	468	484	1.70
2011	110+	0.70927	1.00000	1.41	12	12	16	16	1.41
2012	0	0.00514	0.00511	0.07	100000	511	99523	8207699	82.08
2012	1-4	0.00018	0.00072	1.65	99489	72	397785	8108176	81.50
2012	5-9	0.00009	0.00043	2.29	99416	43	496966	7710391	77.56
2012	10-14	0.00010	0.00050	2.94	99373	50	496765	7213425	72.59
2012	15-19	0.00021	0.00103	2.82	99324	102	496396	6716660	67.62
2012	20-24	0.00042	0.00210	2.68	99222	208	495627	6220264	62.69
2012	25-29	0.00049	0.00243	2.66	99014	241	494504	5724637	57.82
2012	30-34	0.00059	0.00295	2.57	98773	292	493155	5230133	52.95
2012	35-39	0.00085	0.00424	2.73	98481	418	491457	4736979	48.10
2012	40-44	0.00129	0.00642	2.7	98063	629	488869	4245521	43.29
2012	45-49	0.00215	0.01071	2.68	97434	1043	484747	3756652	38.56
2012	50-54	0.00316	0.01571	2.66	96391	1514	478410	3271905	33.94
2012	55-59	0.00478	0.02365	2.62	94877	2244	469040	2793496	29.44
2012	60-64	0.00695	0.03417	2.65	92632	3165	455723	2324456	25.09
2012	65-69	0.01121	0.05462	2.67	89467	4887	435960	1868733	20.89
2012	70-74	0.01777	0.08525	2.64	84580	7211	405882	1432773	16.94
2012	75-79	0.02910	0.13618	2.65	77370	10536	362065	1026891	13.27
2012	80-84	0.05061	0.22601	2.64	66834	15105	298473	664825	9.95
2012	85-89	0.09345	0.38048	2.56	51728	19682	210610	366352	7.08
2012	90-94	0.16819	0.58410	2.39	32047	18719	111298	155741	4.86
2012	95-99	0.27479	0.76788	2.13	13328	10234	37244	44443	3.33
2012	100-104	0.41715	0.89552	1.81	3094	2770	6641	7199	2.33
2012	105-109	0.57542	0.95712	1.51	323	309	538	557	1.72
2012	110+	0.70159	1.00000	1.43	14	14	20	20	1.43
2013	0	0.00475	0.00473	0.07	100000	473	99558	8213600	82.14
2013	1-4	0.00018	0.00073	1.67	99527	73	397938	8114042	81.53
2013	5-9	0.00009	0.00046	2.42	99454	46	497154	7716103	77.58
2013	10-14	0.00009	0.00045	2.59	99409	45	496935	7218950	72.62
2013	15-19	0.00021	0.00107	3.11	99364	106	496619	6722014	67.65
2013	20-24	0.00039	0.00193	2.62	99258	191	495833	6225395	62.72
2013	25-29	0.00050	0.00252	2.6	99066	250	494732	5729563	57.84
2013	30-34	0.00066	0.00331	2.51	98817	327	493269	5234831	52.98
2013	35-39	0.00087	0.00436	2.57	98489	429	491403	4741562	48.14
2013	40-44	0.00134	0.00670	2.72	98060	657	488806	4250159	43.34
2013	45-49	0.00207	0.01030	2.67	97403	1003	484675	3761353	38.62
2013	50-54	0.00330	0.01635	2.63	96400	1576	478265	3276678	33.99
2013	55-59	0.00474	0.02342	2.61	94824	2221	468807	2798413	29.51
2013	60-64	0.00695	0.03419	2.62	92603	3166	455488	2329605	25.16
2013	65-69	0.01100	0.05364	2.67	89436	4797	436013	1874117	20.95
2013	70-74	0.01767	0.08479	2.62	84640	7176	406083	1438104	16.99
2013	75-79	0.02880	0.13490	2.66	77463	10450	362853	1032021	13.32
2013	80-84	0.04994	0.22346	2.65	67014	14975	299872	669168	9.99
2013	85-89	0.09234	0.37717	2.57	52039	19628	212567	369297	7.10
2013	90-94	0.16853	0.58443	2.38	32411	18942	112396	156730	4.84
2013	95-99	0.27886	0.77350	2.12	13469	10418	37360	44333	3.29
2013	100-104	0.42531	0.90055	1.8	3051	2747	6460	6973	2.29
2013	105-109	0.58695	0.95997	1.5	303	291	496	513	1.69
2013	110+	0.71447	1.00000	1.4	12	12	17	17	1.40
2014	0	0.00457	0.00455	0.07	100000	455	99575	8234834	82.35
2014	1-4	0.00018	0.00074	1.68	99545	73	398010	8135259	81.72
2014	5-9	0.00009	0.00043	2.56	99472	43	497253	7737249	77.78
2014	10-14	0.00009	0.00046	2.85	99429	45	497046	7239995	72.82
2014	15-19	0.00020	0.00101	2.98	99383	100	496715	6742950	67.85
2014	20-24	0.00037	0.00187	2.55	99283	186	495962	6246235	62.91
2014	25-29	0.00051	0.00255	2.56	99098	252	494872	5750273	58.03
2014	30-34	0.00063	0.00317	2.59	98845	313	493470	5255402	53.17
2014	35-39	0.00088	0.00438	2.56	98532	432	491608	4761931	48.33
2014	40-44	0.00135	0.00675	2.7	98101	662	488983	4270324	43.53
2014	45-49	0.00209	0.01039	2.71	97439	1012	484877	3781341	38.81
2014	50-54	0.00321	0.01591	2.64	96426	1534	478510	3296463	34.19
2014	55-59	0.00475	0.02349	2.63	94892	2229	469183	2817953	29.70
2014	60-64	0.00707	0.03478	2.64	92663	3223	455708	2348770	25.35
2014	65-69	0.01085	0.05288	2.63	89440	4729	436007	1893062	21.17
2014	70-74	0.01727	0.08294	2.62	84711	7026	406864	1457055	17.20
2014	75-79	0.02821	0.13228	2.65	77685	10276	364278	1050191	13.52
2014	80-84	0.04853	0.21789	2.66	67408	14688	302650	685913	10.18
2014	85-89	0.08878	0.36502	2.57	52721	19244	216772	383262	7.27
2014	90-94	0.16253	0.57202	2.41	33476	19149	117820	166491	4.97
2014	95-99	0.26841	0.75972	2.14	14327	10885	40552	48671	3.40
2014	100-104	0.41093	0.89196	1.83	3443	3071	7472	8119	2.36
2014	105-109	0.57068	0.95605	1.52	372	356	623	647	1.74
2014	110+	0.69858	1.00000	1.43	16	16	23	23	1.43
2015	0	0.00468	0.00466	0.07	100000	466	99565	8224714	82.25
2015	1-4	0.00020	0.00081	1.57	99534	81	397942	8125149	81.63
2015	5-9	0.00009	0.00044	2.43	99454	43	497158	7727207	77.70
2015	10-14	0.00011	0.00056	2.93	99410	56	496937	7230049	72.73
2015	15-19	0.00022	0.00109	2.83	99355	109	496539	6733112	67.77
2015	20-24	0.00042	0.00209	2.67	99246	207	495749	6236573	62.84
2015	25-29	0.00053	0.00264	2.62	99039	261	494574	5740825	57.97
2015	30-34	0.00068	0.00341	2.63	98778	337	493089	5246251	53.11
2015	35-39	0.00094	0.00469	2.55	98441	462	491074	4753162	48.28
2015	40-44	0.00132	0.00660	2.7	97979	647	488405	4262088	43.50
2015	45-49	0.00211	0.01047	2.67	97332	1020	484285	3773684	38.77
2015	50-54	0.00329	0.01631	2.65	96313	1571	477879	3289398	34.15
2015	55-59	0.00475	0.02348	2.65	94742	2224	468490	2811519	29.68
2015	60-64	0.00695	0.03421	2.65	92518	3165	455153	2343030	25.33
2015	65-69	0.01070	0.05219	2.65	89353	4664	435785	1887877	21.13
2015	70-74	0.01753	0.08418	2.64	84689	7129	406655	1452092	17.15
2015	75-79	0.02828	0.13259	2.65	77560	10283	363587	1045437	13.48
2015	80-84	0.04829	0.21670	2.64	67276	14579	301918	681850	10.14
2015	85-89	0.08967	0.36835	2.58	52698	19411	216469	379931	7.21
2015	90-94	0.16467	0.57585	2.39	33286	19168	116404	163462	4.91
2015	95-99	0.27450	0.76805	2.13	14118	10844	39503	47058	3.33
2015	100-104	0.42094	0.89816	1.81	3275	2941	6987	7555	2.31
2015	105-109	0.58348	0.95923	1.5	333	320	548	567	1.70
2015	110+	0.71212	1.00000	1.4	14	14	19	19	1.40
2016	0	0.00456	0.00454	0.07	100000	454	99576	8225799	82.26
2016	1-4	0.00018	0.00073	1.74	99546	72	398020	8126223	81.63
2016	5-9	0.00009	0.00046	2.39	99473	45	497249	7728204	77.69
2016	10-14	0.00008	0.00042	2.78	99428	42	497048	7230954	72.73
2016	15-19	0.00022	0.00112	3.05	99386	111	496715	6733906	67.75
2016	20-24	0.00048	0.00242	2.68	99275	240	495817	6237191	62.83
2016	25-29	0.00063	0.00314	2.55	99035	311	494413	5741375	57.97
2016	30-34	0.00089	0.00442	2.55	98724	436	492550	5246962	53.15
2016	35-39	0.00110	0.00548	2.67	98287	538	490183	4754412	48.37
2016	40-44	0.00132	0.00657	2.57	97749	642	487188	4264229	43.62
2016	45-49	0.00213	0.01062	2.67	97107	1031	483129	3777041	38.90
2016	50-54	0.00334	0.01656	2.62	96076	1591	476589	3293912	34.28
2016	55-59	0.00485	0.02400	2.66	94485	2268	467124	2817323	29.82
2016	60-64	0.00703	0.03456	2.65	92217	3187	453610	2350199	25.49
2016	65-69	0.01088	0.05308	2.7	89030	4725	434270	1896590	21.30
2016	70-74	0.01732	0.08328	2.69	84305	7021	405276	1462320	17.35
2016	75-79	0.02784	0.13066	2.65	77284	10098	362640	1057044	13.68
2016	80-84	0.04724	0.21238	2.63	67186	14269	302072	694403	10.34
2016	85-89	0.08580	0.35523	2.58	52917	18798	219085	392332	7.41
2016	90-94	0.15744	0.55886	2.4	34119	19068	121114	173247	5.08
2016	95-99	0.26206	0.75107	2.16	15052	11305	43138	52133	3.46
2016	100-104	0.40291	0.88694	1.84	3747	3323	8248	8995	2.40
2016	105-109	0.56224	0.95391	1.54	424	404	719	747	1.76
2016	110+	0.69073	1.00000	1.45	20	20	28	28	1.45
2017	0	0.00441	0.00439	0.07	100000	439	99590	8232707	82.33
2017	1-4	0.00015	0.00062	1.63	99561	61	398098	8133117	81.69
2017	5-9	0.00008	0.00042	2.55	99500	42	497396	7735019	77.74
2017	10-14	0.00011	0.00053	2.85	99458	52	497177	7237623	72.77
2017	15-19	0.00022	0.00111	2.93	99406	111	496800	6740446	67.81
2017	20-24	0.00047	0.00235	2.62	99295	233	495921	6243646	62.88
2017	25-29	0.00067	0.00337	2.55	99062	333	494495	5747725	58.02
2017	30-34	0.00085	0.00422	2.62	98729	417	492649	5253230	53.21
2017	35-39	0.00105	0.00523	2.57	98312	514	490310	4760581	48.42
2017	40-44	0.00138	0.00685	2.55	97797	670	487345	4270271	43.66
2017	45-49	0.00206	0.01026	2.64	97127	997	483279	3782926	38.95
2017	50-54	0.00329	0.01633	2.64	96130	1570	476940	3299647	34.32
2017	55-59	0.00487	0.02410	2.64	94560	2278	467417	2822707	29.85
2017	60-64	0.00703	0.03458	2.61	92282	3191	453788	2355290	25.52
2017	65-69	0.01046	0.05104	2.66	89091	4547	434814	1901502	21.34
2017	70-74	0.01733	0.08329	2.67	84544	7041	406304	1466688	17.35
2017	75-79	0.02777	0.13036	2.65	77502	10103	363797	1060384	13.68
2017	80-84	0.04705	0.21157	2.62	67399	14259	303057	696586	10.34
2017	85-89	0.08555	0.35443	2.58	53140	18834	220160	393529	7.41
2017	90-94	0.15845	0.56181	2.41	34305	19273	121638	173370	5.05
2017	95-99	0.26404	0.75394	2.16	15032	11334	42924	51732	3.44
2017	100-104	0.40652	0.88935	1.84	3699	3290	8092	8808	2.38
2017	105-109	0.56717	0.95523	1.53	409	391	689	716	1.75
2017	110+	0.69619	1.00000	1.44	18	18	26	26	1.44
2018	0	0.00417	0.00416	0.06	100000	416	99611	8247514	82.48
2018	1-4	0.00017	0.00069	1.53	99584	69	398168	8147903	81.82
2018	5-9	0.00011	0.00054	2.56	99516	54	497447	7749735	77.87
2018	10-14	0.00012	0.00058	2.59	99462	57	497171	7252288	72.92
2018	15-19	0.00020	0.00101	2.73	99405	100	496796	6755117	67.96
2018	20-24	0.00044	0.00221	2.58	99304	219	495991	6258321	63.02
2018	25-29	0.00063	0.00312	2.69	99085	309	494712	5762330	58.16
2018	30-34	0.00083	0.00414	2.57	98776	409	492883	5267618	53.33
2018	35-39	0.00104	0.00520	2.56	98367	511	490586	4774735	48.54
2018	40-44	0.00137	0.00684	2.61	97856	669	487680	4284149	43.78
2018	45-49	0.00203	0.01010	2.6	97186	982	483575	3796469	39.06
2018	50-54	0.00315	0.01565	2.65	96204	1506	477478	3312894	34.44
2018	55-59	0.00486	0.02401	2.64	94699	2273	468138	2835416	29.94
2018	60-64	0.00701	0.03445	2.61	92425	3184	454520	2367278	25.61
2018	65-69	0.01036	0.05058	2.65	89241	4514	435590	1912758	21.43
2018	70-74	0.01688	0.08119	2.66	84727	6879	407556	1477168	17.43
2018	75-79	0.02779	0.13034	2.63	77849	10147	365164	1069611	13.74
2018	80-84	0.04672	0.21026	2.62	67702	14235	304669	704447	10.41
2018	85-89	0.08462	0.35153	2.59	53467	18795	222123	399779	7.48
2018	90-94	0.15531	0.55422	2.42	34671	19216	123722	177655	5.12
2018	95-99	0.25963	0.74770	2.16	15456	11556	44510	53934	3.49
2018	100-104	0.39996	0.88505	1.85	3899	3451	8629	9423	2.42
2018	105-109	0.55923	0.95313	1.54	448	427	764	795	1.77
2018	110+	0.68803	1.00000	1.45	21	21	31	31	1.45
2019	0	0.00404	0.00403	0.06	100000	403	99623	8271730	82.72
2019	1-4	0.00016	0.00065	1.71	99597	64	398241	8172106	82.05
2019	5-9	0.00010	0.00050	2.37	99533	50	497533	7773865	78.10
2019	10-14	0.00011	0.00054	2.72	99483	54	497292	7276332	73.14
2019	15-19	0.00022	0.00108	3.01	99429	107	496933	6779040	68.18
2019	20-24	0.00043	0.00213	2.7	99322	211	496124	6282107	63.25
2019	25-29	0.00061	0.00302	2.62	99111	300	494841	5785983	58.38
2019	30-34	0.00083	0.00412	2.61	98811	407	493080	5291142	53.55
2019	35-39	0.00109	0.00545	2.61	98404	537	490737	4798062	48.76
2019	40-44	0.00131	0.00651	2.52	97867	637	487755	4307326	44.01
2019	45-49	0.00200	0.00994	2.66	97230	967	483893	3819571	39.28
2019	50-54	0.00317	0.01573	2.67	96263	1514	477796	3335678	34.65
2019	55-59	0.00470	0.02325	2.63	94749	2203	468534	2857882	30.16
2019	60-64	0.00698	0.03433	2.64	92546	3177	455226	2389348	25.82
2019	65-69	0.01019	0.04974	2.65	89369	4445	436411	1934123	21.64
2019	70-74	0.01644	0.07918	2.67	84924	6724	408921	1497712	17.64
2019	75-79	0.02703	0.12698	2.62	78200	9930	367330	1088790	13.92
2019	80-84	0.04623	0.20822	2.62	68270	14215	307488	721461	10.57
2019	85-89	0.08163	0.34155	2.61	54054	18462	226167	413973	7.66
2019	90-94	0.14954	0.54010	2.43	35592	19223	128549	187806	5.28
2019	95-99	0.24836	0.73103	2.19	16369	11966	48181	59256	3.62
2019	100-104	0.38259	0.87283	1.89	4403	3843	10044	11075	2.52
2019	105-109	0.53755	0.94683	1.58	560	530	986	1031	1.84
2019	110+	0.66501	1.00000	1.5	30	30	45	45	1.50
