Div2: Mid-Atlantic, Lifetables (period 1x5), Males Last modified: 20 Dec 2020, MPv5 (May07) 

Year     	Age	mx	qx	ax	lx	dx	Lx	Tx	ex
1960-1964	0	0.02752	0.02687	0.12	100000	2687	97632	6675497	66.75
1960-1964	1	0.00140	0.00139	0.5	97313	136	97245	6577864	67.59
1960-1964	2	0.00092	0.00092	0.5	97177	89	97133	6480619	66.69
1960-1964	3	0.00079	0.00078	0.5	97088	76	97050	6383487	65.75
1960-1964	4	0.00065	0.00065	0.5	97012	63	96980	6286437	64.80
1960-1964	5	0.00057	0.00057	0.5	96948	55	96921	6189457	63.84
1960-1964	6	0.00054	0.00054	0.5	96893	52	96867	6092536	62.88
1960-1964	7	0.00048	0.00048	0.5	96841	47	96817	5995669	61.91
1960-1964	8	0.00044	0.00044	0.5	96794	42	96773	5898851	60.94
1960-1964	9	0.00040	0.00040	0.5	96752	38	96732	5802079	59.97
1960-1964	10	0.00040	0.00040	0.5	96713	39	96694	5705346	58.99
1960-1964	11	0.00041	0.00041	0.5	96674	40	96655	5608653	58.02
1960-1964	12	0.00040	0.00040	0.5	96635	39	96616	5511998	57.04
1960-1964	13	0.00051	0.00051	0.5	96596	49	96572	5415382	56.06
1960-1964	14	0.00055	0.00055	0.5	96547	53	96520	5318811	55.09
1960-1964	15	0.00065	0.00065	0.5	96494	62	96462	5222291	54.12
1960-1964	16	0.00080	0.00080	0.5	96431	77	96393	5125828	53.16
1960-1964	17	0.00104	0.00104	0.5	96354	100	96304	5029435	52.20
1960-1964	18	0.00128	0.00128	0.5	96254	123	96193	4933131	51.25
1960-1964	19	0.00146	0.00146	0.5	96131	141	96061	4836939	50.32
1960-1964	20	0.00150	0.00150	0.5	95991	144	95918	4740878	49.39
1960-1964	21	0.00155	0.00155	0.5	95846	148	95772	4644959	48.46
1960-1964	22	0.00164	0.00164	0.5	95698	157	95619	4549187	47.54
1960-1964	23	0.00155	0.00154	0.5	95541	148	95467	4453568	46.61
1960-1964	24	0.00154	0.00154	0.5	95393	147	95320	4358101	45.69
1960-1964	25	0.00160	0.00160	0.5	95246	153	95170	4262781	44.76
1960-1964	26	0.00151	0.00151	0.5	95094	143	95022	4167611	43.83
1960-1964	27	0.00151	0.00151	0.5	94951	144	94879	4072589	42.89
1960-1964	28	0.00153	0.00153	0.5	94807	145	94734	3977710	41.96
1960-1964	29	0.00164	0.00164	0.5	94662	155	94584	3882976	41.02
1960-1964	30	0.00167	0.00166	0.5	94506	157	94428	3788392	40.09
1960-1964	31	0.00167	0.00166	0.5	94349	157	94270	3693964	39.15
1960-1964	32	0.00184	0.00184	0.5	94192	174	94105	3599694	38.22
1960-1964	33	0.00196	0.00195	0.5	94018	184	93926	3505588	37.29
1960-1964	34	0.00211	0.00211	0.5	93835	198	93736	3411662	36.36
1960-1964	35	0.00229	0.00229	0.5	93637	214	93529	3317926	35.43
1960-1964	36	0.00249	0.00249	0.5	93422	233	93306	3224397	34.51
1960-1964	37	0.00275	0.00275	0.5	93190	256	93062	3131091	33.60
1960-1964	38	0.00306	0.00306	0.5	92934	284	92792	3038029	32.69
1960-1964	39	0.00332	0.00331	0.5	92650	307	92496	2945238	31.79
1960-1964	40	0.00375	0.00374	0.5	92342	345	92170	2852742	30.89
1960-1964	41	0.00382	0.00381	0.5	91997	351	91822	2760572	30.01
1960-1964	42	0.00445	0.00444	0.5	91646	407	91443	2668750	29.12
1960-1964	43	0.00476	0.00475	0.5	91239	433	91023	2577307	28.25
1960-1964	44	0.00537	0.00536	0.5	90807	487	90563	2486284	27.38
1960-1964	45	0.00610	0.00608	0.5	90320	549	90045	2395721	26.52
1960-1964	46	0.00663	0.00661	0.5	89770	594	89474	2305676	25.68
1960-1964	47	0.00752	0.00749	0.5	89177	668	88843	2216202	24.85
1960-1964	48	0.00832	0.00829	0.5	88509	734	88142	2127359	24.04
1960-1964	49	0.00904	0.00900	0.5	87775	790	87380	2039217	23.23
1960-1964	50	0.01041	0.01036	0.5	86985	901	86535	1951836	22.44
1960-1964	51	0.01104	0.01098	0.5	86084	945	85612	1865302	21.67
1960-1964	52	0.01260	0.01252	0.5	85139	1066	84606	1779690	20.90
1960-1964	53	0.01382	0.01372	0.5	84073	1154	83496	1695083	20.16
1960-1964	54	0.01483	0.01472	0.5	82920	1220	82309	1611587	19.44
1960-1964	55	0.01633	0.01620	0.5	81699	1324	81037	1529277	18.72
1960-1964	56	0.01779	0.01764	0.5	80376	1418	79667	1448240	18.02
1960-1964	57	0.01943	0.01924	0.5	78958	1519	78198	1368573	17.33
1960-1964	58	0.02106	0.02084	0.5	77439	1614	76632	1290375	16.66
1960-1964	59	0.02288	0.02262	0.5	75825	1715	74967	1213743	16.01
1960-1964	60	0.02488	0.02457	0.5	74109	1821	73199	1138776	15.37
1960-1964	61	0.02662	0.02627	0.5	72288	1899	71339	1065577	14.74
1960-1964	62	0.03042	0.02996	0.5	70389	2109	69335	994238	14.12
1960-1964	63	0.03179	0.03130	0.5	68281	2137	67212	924903	13.55
1960-1964	64	0.03466	0.03407	0.5	66144	2254	65017	857691	12.97
1960-1964	65	0.03938	0.03862	0.5	63890	2467	62656	792675	12.41
1960-1964	66	0.04016	0.03937	0.5	61422	2418	60213	730019	11.89
1960-1964	67	0.04526	0.04426	0.5	59004	2612	57698	669805	11.35
1960-1964	68	0.04778	0.04666	0.5	56393	2631	55077	612107	10.85
1960-1964	69	0.05033	0.04909	0.5	53761	2639	52442	557030	10.36
1960-1964	70	0.05633	0.05479	0.5	51122	2801	49722	504589	9.87
1960-1964	71	0.05772	0.05610	0.5	48321	2711	46966	454867	9.41
1960-1964	72	0.06668	0.06453	0.5	45610	2943	44138	407902	8.94
1960-1964	73	0.06942	0.06709	0.5	42667	2862	41236	363763	8.53
1960-1964	74	0.07474	0.07205	0.5	39805	2868	38371	322527	8.10
1960-1964	75	0.08228	0.07903	0.5	36937	2919	35477	284157	7.69
1960-1964	76	0.08538	0.08189	0.5	34018	2786	32625	248680	7.31
1960-1964	77	0.08988	0.08602	0.5	31232	2686	29889	216055	6.92
1960-1964	78	0.10066	0.09584	0.5	28546	2736	27178	186166	6.52
1960-1964	79	0.10516	0.09991	0.5	25810	2579	24521	158988	6.16
1960-1964	80	0.12307	0.11594	0.5	23231	2693	21885	134468	5.79
1960-1964	81	0.12450	0.11721	0.5	20538	2407	19334	112583	5.48
1960-1964	82	0.14241	0.13294	0.5	18131	2410	16926	93249	5.14
1960-1964	83	0.15326	0.14235	0.5	15720	2238	14601	76323	4.86
1960-1964	84	0.16836	0.15529	0.5	13483	2094	12436	61722	4.58
1960-1964	85	0.18274	0.16744	0.5	11389	1907	10435	49286	4.33
1960-1964	86	0.19244	0.17555	0.5	9482	1665	8650	38851	4.10
1960-1964	87	0.20913	0.18933	0.5	7817	1480	7077	30201	3.86
1960-1964	88	0.22416	0.20157	0.5	6337	1277	5699	23124	3.65
1960-1964	89	0.24236	0.21616	0.5	5060	1094	4513	17425	3.44
1960-1964	90	0.26778	0.23616	0.5	3966	937	3498	12912	3.26
1960-1964	91	0.26759	0.23601	0.5	3029	715	2672	9414	3.11
1960-1964	92	0.30317	0.26326	0.5	2314	609	2010	6742	2.91
1960-1964	93	0.31652	0.27327	0.5	1705	466	1472	4732	2.78
1960-1964	94	0.34086	0.29123	0.5	1239	361	1059	3260	2.63
1960-1964	95	0.35915	0.30447	0.5	878	267	745	2201	2.51
1960-1964	96	0.38106	0.32008	0.5	611	196	513	1457	2.38
1960-1964	97	0.40348	0.33574	0.5	415	139	346	944	2.27
1960-1964	98	0.42630	0.35140	0.5	276	97	227	598	2.17
1960-1964	99	0.44943	0.36697	0.5	179	66	146	371	2.07
1960-1964	100	0.47279	0.38240	0.5	113	43	92	225	1.98
1960-1964	101	0.49627	0.39761	0.5	70	28	56	133	1.90
1960-1964	102	0.51977	0.41255	0.5	42	17	33	77	1.82
1960-1964	103	0.54318	0.42716	0.5	25	11	19	43	1.76
1960-1964	104	0.56640	0.44139	0.5	14	6	11	24	1.69
1960-1964	105	0.58933	0.45520	0.5	8	4	6	13	1.63
1960-1964	106	0.61188	0.46854	0.5	4	2	3	7	1.58
1960-1964	107	0.63396	0.48137	0.5	2	1	2	4	1.53
1960-1964	108	0.65549	0.49369	0.5	1	1	1	2	1.49
1960-1964	109	0.67640	0.50546	0.5	1	0	0	1	1.46
1960-1964	110+	0.69663	1.00000	1.44	0	0	0	0	1.44
1965-1969	0	0.02487	0.02433	0.11	100000	2433	97839	6675661	66.76
1965-1969	1	0.00131	0.00131	0.5	97567	127	97503	6577822	67.42
1965-1969	2	0.00088	0.00088	0.5	97440	86	97397	6480319	66.51
1965-1969	3	0.00068	0.00068	0.5	97354	66	97321	6382922	65.56
1965-1969	4	0.00062	0.00062	0.5	97287	61	97257	6285602	64.61
1965-1969	5	0.00058	0.00058	0.5	97227	56	97199	6188345	63.65
1965-1969	6	0.00053	0.00053	0.5	97171	51	97145	6091146	62.68
1965-1969	7	0.00046	0.00046	0.5	97120	45	97097	5994000	61.72
1965-1969	8	0.00042	0.00042	0.5	97075	41	97054	5896903	60.75
1965-1969	9	0.00040	0.00040	0.5	97034	39	97014	5799849	59.77
1965-1969	10	0.00036	0.00036	0.5	96995	35	96977	5702835	58.80
1965-1969	11	0.00037	0.00037	0.5	96960	36	96942	5605857	57.82
1965-1969	12	0.00041	0.00041	0.5	96924	40	96904	5508915	56.84
1965-1969	13	0.00050	0.00050	0.5	96884	48	96860	5412012	55.86
1965-1969	14	0.00056	0.00056	0.5	96836	54	96809	5315152	54.89
1965-1969	15	0.00074	0.00074	0.5	96782	71	96746	5218343	53.92
1965-1969	16	0.00096	0.00096	0.5	96710	92	96664	5121597	52.96
1965-1969	17	0.00135	0.00135	0.5	96618	131	96552	5024933	52.01
1965-1969	18	0.00173	0.00173	0.5	96487	167	96404	4928381	51.08
1965-1969	19	0.00186	0.00186	0.5	96321	179	96231	4831977	50.17
1965-1969	20	0.00175	0.00175	0.5	96141	168	96057	4735746	49.26
1965-1969	21	0.00189	0.00188	0.5	95973	181	95883	4639688	48.34
1965-1969	22	0.00183	0.00182	0.5	95792	175	95705	4543806	47.43
1965-1969	23	0.00173	0.00173	0.5	95618	165	95535	4448101	46.52
1965-1969	24	0.00170	0.00170	0.5	95453	162	95371	4352565	45.60
1965-1969	25	0.00172	0.00172	0.5	95290	164	95208	4257194	44.68
1965-1969	26	0.00172	0.00172	0.5	95126	164	95044	4161986	43.75
1965-1969	27	0.00186	0.00186	0.5	94963	177	94874	4066941	42.83
1965-1969	28	0.00182	0.00182	0.5	94786	172	94700	3972067	41.91
1965-1969	29	0.00179	0.00179	0.5	94614	170	94529	3877367	40.98
1965-1969	30	0.00193	0.00193	0.5	94444	182	94353	3782838	40.05
1965-1969	31	0.00201	0.00200	0.5	94262	189	94168	3688485	39.13
1965-1969	32	0.00198	0.00198	0.5	94073	186	93980	3594317	38.21
1965-1969	33	0.00217	0.00217	0.5	93887	203	93785	3500337	37.28
1965-1969	34	0.00227	0.00227	0.5	93684	212	93577	3406552	36.36
1965-1969	35	0.00265	0.00265	0.5	93471	247	93348	3312974	35.44
1965-1969	36	0.00260	0.00260	0.5	93224	242	93103	3219627	34.54
1965-1969	37	0.00292	0.00291	0.5	92981	271	92846	3126524	33.63
1965-1969	38	0.00322	0.00322	0.5	92711	298	92562	3033678	32.72
1965-1969	39	0.00346	0.00346	0.5	92412	319	92253	2941117	31.83
1965-1969	40	0.00401	0.00400	0.5	92093	368	91909	2848864	30.93
1965-1969	41	0.00415	0.00414	0.5	91725	380	91535	2756955	30.06
1965-1969	42	0.00471	0.00470	0.5	91345	429	91130	2665420	29.18
1965-1969	43	0.00507	0.00506	0.5	90916	460	90686	2574290	28.32
1965-1969	44	0.00546	0.00545	0.5	90456	493	90210	2483605	27.46
1965-1969	45	0.00618	0.00617	0.5	89963	555	89686	2393395	26.60
1965-1969	46	0.00652	0.00650	0.5	89408	581	89118	2303709	25.77
1965-1969	47	0.00730	0.00727	0.5	88827	646	88504	2214592	24.93
1965-1969	48	0.00793	0.00790	0.5	88181	697	87833	2126087	24.11
1965-1969	49	0.00889	0.00885	0.5	87485	774	87097	2038254	23.30
1965-1969	50	0.01007	0.01002	0.5	86710	869	86276	1951157	22.50
1965-1969	51	0.01073	0.01067	0.5	85841	916	85383	1864881	21.72
1965-1969	52	0.01220	0.01212	0.5	84926	1029	84411	1779497	20.95
1965-1969	53	0.01326	0.01317	0.5	83896	1105	83344	1695087	20.20
1965-1969	54	0.01472	0.01461	0.5	82791	1210	82186	1611743	19.47
1965-1969	55	0.01592	0.01580	0.5	81581	1289	80937	1529557	18.75
1965-1969	56	0.01726	0.01711	0.5	80292	1374	79605	1448620	18.04
1965-1969	57	0.01915	0.01897	0.5	78918	1497	78170	1369015	17.35
1965-1969	58	0.02095	0.02073	0.5	77422	1605	76619	1290845	16.67
1965-1969	59	0.02294	0.02268	0.5	75816	1720	74956	1214226	16.02
1965-1969	60	0.02561	0.02529	0.5	74096	1874	73160	1139270	15.38
1965-1969	61	0.02704	0.02668	0.5	72223	1927	71260	1066110	14.76
1965-1969	62	0.03054	0.03008	0.5	70296	2115	69239	994850	14.15
1965-1969	63	0.03241	0.03190	0.5	68182	2175	67094	925612	13.58
1965-1969	64	0.03440	0.03382	0.5	66007	2232	64891	858517	13.01
1965-1969	65	0.03865	0.03791	0.5	63775	2418	62566	793627	12.44
1965-1969	66	0.03929	0.03853	0.5	61357	2364	60175	731061	11.91
1965-1969	67	0.04434	0.04338	0.5	58992	2559	57713	670886	11.37
1965-1969	68	0.04728	0.04619	0.5	56433	2607	55130	613173	10.87
1965-1969	69	0.05075	0.04949	0.5	53827	2664	52495	558043	10.37
1965-1969	70	0.05596	0.05444	0.5	51163	2785	49770	505549	9.88
1965-1969	71	0.05713	0.05554	0.5	48378	2687	47034	455778	9.42
1965-1969	72	0.06597	0.06387	0.5	45691	2918	44232	408744	8.95
1965-1969	73	0.06997	0.06760	0.5	42772	2891	41327	364513	8.52
1965-1969	74	0.07593	0.07315	0.5	39881	2917	38422	323186	8.10
1965-1969	75	0.08267	0.07939	0.5	36964	2935	35496	284764	7.70
1965-1969	76	0.08745	0.08379	0.5	34029	2851	32603	249267	7.33
1965-1969	77	0.09268	0.08857	0.5	31178	2761	29797	216664	6.95
1965-1969	78	0.10073	0.09590	0.5	28416	2725	27054	186867	6.58
1965-1969	79	0.10507	0.09982	0.5	25691	2565	24409	159813	6.22
1965-1969	80	0.12288	0.11577	0.5	23127	2677	21788	135404	5.85
1965-1969	81	0.12422	0.11695	0.5	20449	2392	19253	113616	5.56
1965-1969	82	0.13678	0.12803	0.5	18058	2312	16902	94363	5.23
1965-1969	83	0.15050	0.13997	0.5	15746	2204	14644	77461	4.92
1965-1969	84	0.16830	0.15524	0.5	13542	2102	12491	62817	4.64
1965-1969	85	0.17814	0.16357	0.5	11440	1871	10504	50326	4.40
1965-1969	86	0.19137	0.17466	0.5	9568	1671	8733	39822	4.16
1965-1969	87	0.20438	0.18543	0.5	7897	1464	7165	31090	3.94
1965-1969	88	0.21708	0.19582	0.5	6433	1260	5803	23925	3.72
1965-1969	89	0.23451	0.20990	0.5	5173	1086	4630	18122	3.50
1965-1969	90	0.26210	0.23173	0.5	4087	947	3614	13492	3.30
1965-1969	91	0.27113	0.23876	0.5	3140	750	2765	9878	3.15
1965-1969	92	0.29397	0.25630	0.5	2390	613	2084	7113	2.98
1965-1969	93	0.31304	0.27068	0.5	1778	481	1537	5029	2.83
1965-1969	94	0.33064	0.28373	0.5	1297	368	1113	3491	2.69
1965-1969	95	0.35057	0.29828	0.5	929	277	790	2379	2.56
1965-1969	96	0.37187	0.31356	0.5	652	204	549	1589	2.44
1965-1969	97	0.39367	0.32893	0.5	447	147	374	1039	2.32
1965-1969	98	0.41591	0.34431	0.5	300	103	249	665	2.22
1965-1969	99	0.43850	0.35965	0.5	197	71	161	417	2.12
1965-1969	100	0.46134	0.37487	0.5	126	47	102	256	2.03
1965-1969	101	0.48435	0.38992	0.5	79	31	63	153	1.94
1965-1969	102	0.50742	0.40474	0.5	48	19	38	90	1.87
1965-1969	103	0.53047	0.41926	0.5	29	12	23	51	1.79
1965-1969	104	0.55338	0.43345	0.5	17	7	13	29	1.73
1965-1969	105	0.57607	0.44725	0.5	9	4	7	16	1.67
1965-1969	106	0.59844	0.46062	0.5	5	2	4	8	1.61
1965-1969	107	0.62041	0.47352	0.5	3	1	2	4	1.56
1965-1969	108	0.64190	0.48594	0.5	1	1	1	2	1.52
1965-1969	109	0.66283	0.49784	0.5	1	0	1	1	1.49
1965-1969	110+	0.68314	1.00000	1.46	0	0	1	1	1.46
1970-1974	0	0.02004	0.01968	0.1	100000	1968	98226	6756605	67.57
1970-1974	1	0.00111	0.00111	0.5	98032	109	97977	6658378	67.92
1970-1974	2	0.00079	0.00078	0.5	97923	77	97884	6560401	67.00
1970-1974	3	0.00069	0.00069	0.5	97846	68	97812	6462517	66.05
1970-1974	4	0.00058	0.00058	0.5	97778	56	97750	6364704	65.09
1970-1974	5	0.00050	0.00050	0.5	97722	49	97697	6266954	64.13
1970-1974	6	0.00046	0.00046	0.5	97673	45	97651	6169257	63.16
1970-1974	7	0.00044	0.00044	0.5	97628	43	97606	6071606	62.19
1970-1974	8	0.00039	0.00039	0.5	97585	38	97566	5974000	61.22
1970-1974	9	0.00034	0.00034	0.5	97547	34	97530	5876434	60.24
1970-1974	10	0.00035	0.00035	0.5	97513	34	97496	5778904	59.26
1970-1974	11	0.00033	0.00033	0.5	97479	32	97463	5681408	58.28
1970-1974	12	0.00039	0.00039	0.5	97447	38	97429	5583944	57.30
1970-1974	13	0.00045	0.00045	0.5	97410	44	97387	5486516	56.32
1970-1974	14	0.00058	0.00058	0.5	97365	57	97337	5389128	55.35
1970-1974	15	0.00077	0.00077	0.5	97309	75	97271	5291791	54.38
1970-1974	16	0.00105	0.00105	0.5	97234	102	97183	5194520	53.42
1970-1974	17	0.00140	0.00140	0.5	97132	136	97064	5097337	52.48
1970-1974	18	0.00175	0.00175	0.5	96996	169	96911	5000273	51.55
1970-1974	19	0.00186	0.00186	0.5	96827	180	96737	4903362	50.64
1970-1974	20	0.00207	0.00206	0.5	96646	199	96547	4806625	49.73
1970-1974	21	0.00230	0.00230	0.5	96447	221	96336	4710079	48.84
1970-1974	22	0.00218	0.00218	0.5	96226	210	96121	4613742	47.95
1970-1974	23	0.00217	0.00217	0.5	96016	208	95912	4517622	47.05
1970-1974	24	0.00211	0.00211	0.5	95808	202	95707	4421710	46.15
1970-1974	25	0.00203	0.00203	0.5	95605	194	95509	4326003	45.25
1970-1974	26	0.00189	0.00189	0.5	95412	180	95322	4230495	44.34
1970-1974	27	0.00197	0.00196	0.5	95232	187	95138	4135173	43.42
1970-1974	28	0.00189	0.00189	0.5	95045	180	94955	4040035	42.51
1970-1974	29	0.00191	0.00191	0.5	94865	181	94775	3945080	41.59
1970-1974	30	0.00206	0.00206	0.5	94684	195	94587	3850305	40.66
1970-1974	31	0.00200	0.00200	0.5	94489	189	94395	3755719	39.75
1970-1974	32	0.00222	0.00222	0.5	94301	209	94196	3661324	38.83
1970-1974	33	0.00233	0.00233	0.5	94091	219	93982	3567128	37.91
1970-1974	34	0.00240	0.00240	0.5	93872	225	93760	3473146	37.00
1970-1974	35	0.00262	0.00262	0.5	93647	245	93524	3379386	36.09
1970-1974	36	0.00279	0.00279	0.5	93402	261	93272	3285862	35.18
1970-1974	37	0.00293	0.00293	0.5	93141	273	93005	3192590	34.28
1970-1974	38	0.00321	0.00320	0.5	92869	298	92720	3099585	33.38
1970-1974	39	0.00347	0.00346	0.5	92571	321	92411	3006866	32.48
1970-1974	40	0.00379	0.00379	0.5	92250	349	92076	2914455	31.59
1970-1974	41	0.00402	0.00401	0.5	91901	369	91717	2822379	30.71
1970-1974	42	0.00452	0.00451	0.5	91532	413	91326	2730663	29.83
1970-1974	43	0.00479	0.00477	0.5	91120	435	90902	2639336	28.97
1970-1974	44	0.00516	0.00515	0.5	90685	467	90451	2548434	28.10
1970-1974	45	0.00615	0.00613	0.5	90218	553	89941	2457983	27.24
1970-1974	46	0.00664	0.00662	0.5	89665	594	89368	2368041	26.41
1970-1974	47	0.00717	0.00714	0.5	89071	636	88753	2278673	25.58
1970-1974	48	0.00757	0.00754	0.5	88435	667	88102	2189920	24.76
1970-1974	49	0.00852	0.00849	0.5	87768	745	87396	2101818	23.95
1970-1974	50	0.00944	0.00939	0.5	87023	817	86615	2014423	23.15
1970-1974	51	0.00990	0.00985	0.5	86206	849	85782	1927808	22.36
1970-1974	52	0.01095	0.01089	0.5	85357	930	84892	1842026	21.58
1970-1974	53	0.01203	0.01196	0.5	84427	1010	83922	1757134	20.81
1970-1974	54	0.01309	0.01300	0.5	83418	1084	82875	1673212	20.06
1970-1974	55	0.01457	0.01447	0.5	82333	1191	81737	1590336	19.32
1970-1974	56	0.01607	0.01594	0.5	81142	1293	80495	1508599	18.59
1970-1974	57	0.01754	0.01739	0.5	79848	1388	79154	1428104	17.89
1970-1974	58	0.01930	0.01911	0.5	78460	1500	77710	1348949	17.19
1970-1974	59	0.02092	0.02071	0.5	76961	1594	76164	1271239	16.52
1970-1974	60	0.02338	0.02311	0.5	75367	1742	74496	1195075	15.86
1970-1974	61	0.02475	0.02445	0.5	73625	1800	72725	1120579	15.22
1970-1974	62	0.02732	0.02695	0.5	71825	1936	70857	1047854	14.59
1970-1974	63	0.02983	0.02939	0.5	69890	2054	68862	976997	13.98
1970-1974	64	0.03221	0.03170	0.5	67835	2151	66760	908134	13.39
1970-1974	65	0.03611	0.03547	0.5	65685	2330	64520	841374	12.81
1970-1974	66	0.03749	0.03680	0.5	63355	2331	62189	776854	12.26
1970-1974	67	0.04156	0.04071	0.5	61023	2485	59781	714665	11.71
1970-1974	68	0.04424	0.04328	0.5	58539	2534	57272	654884	11.19
1970-1974	69	0.04778	0.04667	0.5	56005	2614	54698	597612	10.67
1970-1974	70	0.05292	0.05156	0.5	53392	2753	52015	542914	10.17
1970-1974	71	0.05606	0.05453	0.5	50639	2762	49258	490899	9.69
1970-1974	72	0.06224	0.06036	0.5	47877	2890	46432	441641	9.22
1970-1974	73	0.06572	0.06363	0.5	44987	2863	43556	395208	8.78
1970-1974	74	0.07100	0.06857	0.5	42125	2888	40680	351652	8.35
1970-1974	75	0.07916	0.07615	0.5	39236	2988	37742	310972	7.93
1970-1974	76	0.08349	0.08014	0.5	36249	2905	34796	273230	7.54
1970-1974	77	0.08934	0.08552	0.5	33344	2852	31918	238433	7.15
1970-1974	78	0.09895	0.09428	0.5	30492	2875	29054	206516	6.77
1970-1974	79	0.10640	0.10103	0.5	27617	2790	26222	177461	6.43
1970-1974	80	0.11457	0.10836	0.5	24827	2690	23482	151239	6.09
1970-1974	81	0.11949	0.11275	0.5	22137	2496	20889	127758	5.77
1970-1974	82	0.13190	0.12374	0.5	19641	2430	18425	106869	5.44
1970-1974	83	0.14342	0.13383	0.5	17210	2303	16059	88443	5.14
1970-1974	84	0.15609	0.14479	0.5	14907	2158	13828	72385	4.86
1970-1974	85	0.16934	0.15612	0.5	12749	1990	11754	58557	4.59
1970-1974	86	0.18183	0.16668	0.5	10758	1793	9862	46803	4.35
1970-1974	87	0.19149	0.17476	0.5	8965	1567	8182	36942	4.12
1970-1974	88	0.20728	0.18782	0.5	7398	1390	6704	28760	3.89
1970-1974	89	0.22434	0.20171	0.5	6009	1212	5403	22056	3.67
1970-1974	90	0.24137	0.21537	0.5	4797	1033	4280	16653	3.47
1970-1974	91	0.25734	0.22800	0.5	3764	858	3335	12373	3.29
1970-1974	92	0.27504	0.24179	0.5	2906	703	2554	9038	3.11
1970-1974	93	0.29938	0.26040	0.5	2203	574	1916	6484	2.94
1970-1974	94	0.31463	0.27186	0.5	1629	443	1408	4568	2.80
1970-1974	95	0.33477	0.28677	0.5	1186	340	1016	3160	2.66
1970-1974	96	0.35550	0.30185	0.5	846	255	718	2144	2.53
1970-1974	97	0.37679	0.31706	0.5	591	187	497	1425	2.41
1970-1974	98	0.39857	0.33234	0.5	403	134	336	928	2.30
1970-1974	99	0.42076	0.34762	0.5	269	94	223	592	2.20
1970-1974	100	0.44327	0.36285	0.5	176	64	144	369	2.10
1970-1974	101	0.46602	0.37795	0.5	112	42	91	225	2.01
1970-1974	102	0.48891	0.39287	0.5	70	27	56	134	1.93
1970-1974	103	0.51184	0.40754	0.5	42	17	34	78	1.85
1970-1974	104	0.53473	0.42192	0.5	25	11	20	45	1.78
1970-1974	105	0.55747	0.43595	0.5	14	6	11	25	1.72
1970-1974	106	0.57997	0.44959	0.5	8	4	6	14	1.66
1970-1974	107	0.60215	0.46281	0.5	4	2	3	7	1.61
1970-1974	108	0.62391	0.47556	0.5	2	1	2	4	1.56
1970-1974	109	0.64518	0.48782	0.5	1	1	1	2	1.53
1970-1974	110+	0.66590	1.00000	1.5	1	1	1	1	1.50
1975-1979	0	0.01630	0.01606	0.09	100000	1606	98536	6939890	69.40
1975-1979	1	0.00085	0.00085	0.5	98394	84	98352	6841354	69.53
1975-1979	2	0.00066	0.00066	0.5	98310	64	98278	6743002	68.59
1975-1979	3	0.00057	0.00057	0.5	98246	56	98218	6644724	67.63
1975-1979	4	0.00045	0.00045	0.5	98190	44	98168	6546507	66.67
1975-1979	5	0.00045	0.00045	0.5	98146	45	98124	6448339	65.70
1975-1979	6	0.00039	0.00039	0.5	98101	38	98082	6350215	64.73
1975-1979	7	0.00033	0.00033	0.5	98063	32	98047	6252133	63.76
1975-1979	8	0.00032	0.00032	0.5	98031	32	98015	6154086	62.78
1975-1979	9	0.00030	0.00030	0.5	97999	30	97984	6056070	61.80
1975-1979	10	0.00029	0.00029	0.5	97970	28	97955	5958086	60.82
1975-1979	11	0.00030	0.00030	0.5	97941	29	97927	5860131	59.83
1975-1979	12	0.00033	0.00033	0.5	97912	32	97896	5762204	58.85
1975-1979	13	0.00039	0.00039	0.5	97880	38	97861	5664307	57.87
1975-1979	14	0.00048	0.00048	0.5	97842	47	97819	5566446	56.89
1975-1979	15	0.00062	0.00062	0.5	97795	61	97765	5468627	55.92
1975-1979	16	0.00086	0.00086	0.5	97735	84	97692	5370862	54.95
1975-1979	17	0.00122	0.00122	0.5	97650	119	97591	5273170	54.00
1975-1979	18	0.00152	0.00152	0.5	97531	148	97457	5175579	53.07
1975-1979	19	0.00165	0.00165	0.5	97383	161	97303	5078122	52.15
1975-1979	20	0.00179	0.00179	0.5	97223	174	97136	4980819	51.23
1975-1979	21	0.00186	0.00185	0.5	97048	180	96959	4883683	50.32
1975-1979	22	0.00184	0.00183	0.5	96869	178	96780	4786725	49.41
1975-1979	23	0.00179	0.00179	0.5	96691	173	96604	4689945	48.50
1975-1979	24	0.00185	0.00185	0.5	96518	178	96429	4593341	47.59
1975-1979	25	0.00181	0.00181	0.5	96339	174	96253	4496912	46.68
1975-1979	26	0.00180	0.00180	0.5	96166	173	96079	4400659	45.76
1975-1979	27	0.00179	0.00179	0.5	95992	172	95906	4304580	44.84
1975-1979	28	0.00175	0.00174	0.5	95820	167	95737	4208674	43.92
1975-1979	29	0.00179	0.00179	0.5	95653	171	95568	4112937	43.00
1975-1979	30	0.00184	0.00184	0.5	95482	176	95394	4017369	42.07
1975-1979	31	0.00177	0.00177	0.5	95306	169	95222	3921975	41.15
1975-1979	32	0.00187	0.00187	0.5	95138	178	95049	3826753	40.22
1975-1979	33	0.00195	0.00195	0.5	94960	185	94867	3731704	39.30
1975-1979	34	0.00207	0.00207	0.5	94775	196	94677	3636837	38.37
1975-1979	35	0.00234	0.00234	0.5	94578	221	94468	3542160	37.45
1975-1979	36	0.00224	0.00224	0.5	94357	211	94251	3447693	36.54
1975-1979	37	0.00248	0.00247	0.5	94146	233	94029	3353441	35.62
1975-1979	38	0.00269	0.00268	0.5	93913	252	93787	3259412	34.71
1975-1979	39	0.00291	0.00291	0.5	93661	272	93524	3165625	33.80
1975-1979	40	0.00309	0.00309	0.5	93388	288	93244	3072101	32.90
1975-1979	41	0.00339	0.00338	0.5	93100	315	92942	2978857	32.00
1975-1979	42	0.00380	0.00379	0.5	92785	351	92609	2885914	31.10
1975-1979	43	0.00423	0.00422	0.5	92434	390	92239	2793305	30.22
1975-1979	44	0.00453	0.00452	0.5	92044	416	91836	2701066	29.35
1975-1979	45	0.00528	0.00526	0.5	91628	482	91387	2609231	28.48
1975-1979	46	0.00560	0.00559	0.5	91146	509	90891	2517844	27.62
1975-1979	47	0.00609	0.00607	0.5	90636	551	90361	2426953	26.78
1975-1979	48	0.00677	0.00675	0.5	90086	608	89782	2336592	25.94
1975-1979	49	0.00754	0.00751	0.5	89478	672	89142	2246810	25.11
1975-1979	50	0.00824	0.00820	0.5	88806	728	88442	2157668	24.30
1975-1979	51	0.00895	0.00891	0.5	88078	785	87685	2069226	23.49
1975-1979	52	0.00981	0.00976	0.5	87293	852	86867	1981541	22.70
1975-1979	53	0.01064	0.01058	0.5	86441	915	85983	1894675	21.92
1975-1979	54	0.01164	0.01158	0.5	85526	990	85031	1808691	21.15
1975-1979	55	0.01281	0.01273	0.5	84536	1076	83998	1723660	20.39
1975-1979	56	0.01368	0.01358	0.5	83460	1134	82893	1639662	19.65
1975-1979	57	0.01517	0.01505	0.5	82326	1239	81707	1556769	18.91
1975-1979	58	0.01653	0.01640	0.5	81087	1329	80422	1475063	18.19
1975-1979	59	0.01811	0.01795	0.5	79757	1432	79042	1394641	17.49
1975-1979	60	0.01995	0.01976	0.5	78326	1548	77552	1315599	16.80
1975-1979	61	0.02155	0.02132	0.5	76778	1637	75960	1238047	16.12
1975-1979	62	0.02460	0.02430	0.5	75141	1826	74228	1162087	15.47
1975-1979	63	0.02633	0.02598	0.5	73316	1905	72363	1087859	14.84
1975-1979	64	0.02853	0.02813	0.5	71410	2009	70406	1015496	14.22
1975-1979	65	0.03148	0.03099	0.5	69402	2151	68326	945090	13.62
1975-1979	66	0.03317	0.03263	0.5	67251	2194	66154	876763	13.04
1975-1979	67	0.03642	0.03577	0.5	65057	2327	63893	810610	12.46
1975-1979	68	0.03951	0.03874	0.5	62729	2430	61514	746717	11.90
1975-1979	69	0.04332	0.04240	0.5	60299	2557	59021	685202	11.36
1975-1979	70	0.04664	0.04558	0.5	57743	2632	56427	626182	10.84
1975-1979	71	0.05018	0.04895	0.5	55111	2698	53762	569755	10.34
1975-1979	72	0.05493	0.05346	0.5	52413	2802	51012	515993	9.84
1975-1979	73	0.05949	0.05777	0.5	49611	2866	48178	464981	9.37
1975-1979	74	0.06357	0.06161	0.5	46745	2880	45305	416804	8.92
1975-1979	75	0.07108	0.06864	0.5	43865	3011	42359	371499	8.47
1975-1979	76	0.07423	0.07157	0.5	40854	2924	39392	329140	8.06
1975-1979	77	0.07990	0.07683	0.5	37930	2914	36473	289748	7.64
1975-1979	78	0.08734	0.08369	0.5	35016	2930	33551	253275	7.23
1975-1979	79	0.09509	0.09077	0.5	32086	2913	30629	219724	6.85
1975-1979	80	0.10503	0.09979	0.5	29173	2911	27718	189095	6.48
1975-1979	81	0.11124	0.10538	0.5	26262	2767	24878	161377	6.14
1975-1979	82	0.12173	0.11475	0.5	23495	2696	22147	136499	5.81
1975-1979	83	0.13186	0.12370	0.5	20799	2573	19512	114352	5.50
1975-1979	84	0.14211	0.13268	0.5	18226	2418	17017	94840	5.20
1975-1979	85	0.15107	0.14046	0.5	15808	2220	14697	77824	4.92
1975-1979	86	0.16391	0.15149	0.5	13587	2058	12558	63126	4.65
1975-1979	87	0.17958	0.16479	0.5	11529	1900	10579	50568	4.39
1975-1979	88	0.19039	0.17384	0.5	9629	1674	8792	39989	4.15
1975-1979	89	0.20293	0.18424	0.5	7955	1466	7222	31197	3.92
1975-1979	90	0.22486	0.20214	0.5	6490	1312	5834	23975	3.69
1975-1979	91	0.23033	0.20654	0.5	5178	1069	4643	18141	3.50
1975-1979	92	0.26031	0.23033	0.5	4108	946	3635	13498	3.29
1975-1979	93	0.27974	0.24542	0.5	3162	776	2774	9863	3.12
1975-1979	94	0.30164	0.26211	0.5	2386	625	2073	7089	2.97
1975-1979	95	0.30914	0.26775	0.5	1761	471	1525	5016	2.85
1975-1979	96	0.32876	0.28235	0.5	1289	364	1107	3491	2.71
1975-1979	97	0.34899	0.29714	0.5	925	275	788	2383	2.58
1975-1979	98	0.36978	0.31208	0.5	650	203	549	1596	2.45
1975-1979	99	0.39107	0.32711	0.5	447	146	374	1047	2.34
1975-1979	100	0.41278	0.34216	0.5	301	103	250	673	2.23
1975-1979	101	0.43483	0.35718	0.5	198	71	163	423	2.14
1975-1979	102	0.45715	0.37210	0.5	127	47	104	260	2.05
1975-1979	103	0.47964	0.38686	0.5	80	31	64	157	1.96
1975-1979	104	0.50221	0.40141	0.5	49	20	39	92	1.89
1975-1979	105	0.52477	0.41570	0.5	29	12	23	53	1.82
1975-1979	106	0.54723	0.42967	0.5	17	7	13	30	1.75
1975-1979	107	0.56950	0.44328	0.5	10	4	8	17	1.69
1975-1979	108	0.59150	0.45649	0.5	5	2	4	9	1.64
1975-1979	109	0.61313	0.46927	0.5	3	1	2	5	1.60
1975-1979	110+	0.63432	1.00000	1.58	2	2	2	2	1.58
1980-1984	0	0.01302	0.01287	0.08	100000	1287	98816	7046381	70.46
1980-1984	1	0.00083	0.00083	0.5	98713	82	98672	6947565	70.38
1980-1984	2	0.00056	0.00056	0.5	98631	55	98603	6848893	69.44
1980-1984	3	0.00049	0.00049	0.5	98576	48	98551	6750290	68.48
1980-1984	4	0.00038	0.00038	0.5	98527	38	98509	6651739	67.51
1980-1984	5	0.00032	0.00032	0.5	98490	31	98474	6553230	66.54
1980-1984	6	0.00030	0.00030	0.5	98458	30	98443	6454756	65.56
1980-1984	7	0.00032	0.00032	0.5	98428	32	98412	6356313	64.58
1980-1984	8	0.00024	0.00024	0.5	98397	24	98385	6257900	63.60
1980-1984	9	0.00026	0.00026	0.5	98373	25	98360	6159516	62.61
1980-1984	10	0.00025	0.00025	0.5	98348	25	98335	6061155	61.63
1980-1984	11	0.00026	0.00025	0.5	98323	25	98310	5962820	60.65
1980-1984	12	0.00029	0.00029	0.5	98298	29	98283	5864510	59.66
1980-1984	13	0.00033	0.00033	0.5	98269	33	98253	5766226	58.68
1980-1984	14	0.00039	0.00039	0.5	98236	38	98217	5667974	57.70
1980-1984	15	0.00056	0.00056	0.5	98198	55	98171	5569756	56.72
1980-1984	16	0.00076	0.00076	0.5	98143	75	98106	5471586	55.75
1980-1984	17	0.00108	0.00108	0.5	98068	105	98015	5373480	54.79
1980-1984	18	0.00138	0.00138	0.5	97963	135	97895	5275464	53.85
1980-1984	19	0.00145	0.00145	0.5	97828	142	97757	5177569	52.93
1980-1984	20	0.00154	0.00154	0.5	97686	150	97611	5079812	52.00
1980-1984	21	0.00158	0.00158	0.5	97535	154	97458	4982202	51.08
1980-1984	22	0.00163	0.00163	0.5	97381	159	97302	4884743	50.16
1980-1984	23	0.00167	0.00167	0.5	97223	162	97142	4787441	49.24
1980-1984	24	0.00166	0.00166	0.5	97061	161	96980	4690299	48.32
1980-1984	25	0.00171	0.00171	0.5	96900	165	96817	4593319	47.40
1980-1984	26	0.00172	0.00172	0.5	96734	166	96651	4496502	46.48
1980-1984	27	0.00173	0.00173	0.5	96568	167	96484	4399851	45.56
1980-1984	28	0.00188	0.00188	0.5	96401	181	96311	4303366	44.64
1980-1984	29	0.00181	0.00181	0.5	96220	174	96133	4207056	43.72
1980-1984	30	0.00191	0.00190	0.5	96046	183	95954	4110923	42.80
1980-1984	31	0.00188	0.00188	0.5	95863	180	95773	4014968	41.88
1980-1984	32	0.00198	0.00197	0.5	95683	189	95589	3919195	40.96
1980-1984	33	0.00208	0.00207	0.5	95494	198	95395	3823607	40.04
1980-1984	34	0.00205	0.00205	0.5	95296	196	95198	3728212	39.12
1980-1984	35	0.00216	0.00216	0.5	95101	205	94998	3633013	38.20
1980-1984	36	0.00227	0.00227	0.5	94895	215	94788	3538015	37.28
1980-1984	37	0.00240	0.00239	0.5	94680	227	94567	3443227	36.37
1980-1984	38	0.00259	0.00259	0.5	94454	245	94331	3348660	35.45
1980-1984	39	0.00265	0.00264	0.5	94209	249	94085	3254329	34.54
1980-1984	40	0.00299	0.00298	0.5	93960	280	93820	3160244	33.63
1980-1984	41	0.00327	0.00327	0.5	93680	306	93527	3066424	32.73
1980-1984	42	0.00352	0.00351	0.5	93374	328	93210	2972897	31.84
1980-1984	43	0.00389	0.00388	0.5	93046	361	92865	2879688	30.95
1980-1984	44	0.00407	0.00406	0.5	92685	376	92496	2786823	30.07
1980-1984	45	0.00457	0.00456	0.5	92308	421	92098	2694326	29.19
1980-1984	46	0.00494	0.00493	0.5	91888	453	91661	2602228	28.32
1980-1984	47	0.00560	0.00558	0.5	91435	510	91180	2510567	27.46
1980-1984	48	0.00636	0.00634	0.5	90924	576	90636	2419387	26.61
1980-1984	49	0.00671	0.00668	0.5	90348	604	90046	2328751	25.78
1980-1984	50	0.00749	0.00746	0.5	89744	670	89409	2238705	24.95
1980-1984	51	0.00815	0.00812	0.5	89074	723	88713	2149295	24.13
1980-1984	52	0.00896	0.00892	0.5	88351	788	87957	2060582	23.32
1980-1984	53	0.00963	0.00958	0.5	87564	839	87144	1972625	22.53
1980-1984	54	0.01050	0.01045	0.5	86724	906	86271	1885481	21.74
1980-1984	55	0.01190	0.01183	0.5	85818	1015	85310	1799210	20.97
1980-1984	56	0.01284	0.01275	0.5	84803	1082	84262	1713899	20.21
1980-1984	57	0.01392	0.01383	0.5	83721	1158	83143	1629637	19.47
1980-1984	58	0.01545	0.01533	0.5	82564	1266	81931	1546495	18.73
1980-1984	59	0.01630	0.01617	0.5	81298	1314	80641	1464564	18.01
1980-1984	60	0.01833	0.01816	0.5	79984	1453	79258	1383923	17.30
1980-1984	61	0.01959	0.01940	0.5	78531	1523	77770	1304665	16.61
1980-1984	62	0.02269	0.02243	0.5	77008	1727	76144	1226896	15.93
1980-1984	63	0.02365	0.02337	0.5	75281	1759	74401	1150751	15.29
1980-1984	64	0.02535	0.02503	0.5	73521	1840	72601	1076350	14.64
1980-1984	65	0.02808	0.02769	0.5	71681	1985	70688	1003750	14.00
1980-1984	66	0.03094	0.03047	0.5	69696	2123	68634	933061	13.39
1980-1984	67	0.03400	0.03343	0.5	67572	2259	66443	864427	12.79
1980-1984	68	0.03678	0.03611	0.5	65313	2359	64134	797984	12.22
1980-1984	69	0.03980	0.03902	0.5	62955	2457	61726	733851	11.66
1980-1984	70	0.04391	0.04297	0.5	60498	2600	59198	672124	11.11
1980-1984	71	0.04702	0.04594	0.5	57898	2660	56568	612926	10.59
1980-1984	72	0.05184	0.05053	0.5	55238	2791	53843	556358	10.07
1980-1984	73	0.05724	0.05565	0.5	52447	2919	50988	502515	9.58
1980-1984	74	0.06052	0.05874	0.5	49529	2909	48074	451527	9.12
1980-1984	75	0.06557	0.06349	0.5	46619	2960	45139	403453	8.65
1980-1984	76	0.07214	0.06963	0.5	43660	3040	42140	358313	8.21
1980-1984	77	0.07652	0.07370	0.5	40620	2994	39123	316174	7.78
1980-1984	78	0.08353	0.08018	0.5	37626	3017	36118	277051	7.36
1980-1984	79	0.08928	0.08546	0.5	34609	2958	33130	240933	6.96
1980-1984	80	0.10097	0.09612	0.5	31651	3042	30130	207803	6.57
1980-1984	81	0.10842	0.10284	0.5	28609	2942	27138	177672	6.21
1980-1984	82	0.11923	0.11252	0.5	25667	2888	24223	150534	5.86
1980-1984	83	0.12921	0.12137	0.5	22779	2765	21397	126311	5.55
1980-1984	84	0.13962	0.13051	0.5	20014	2612	18708	104915	5.24
1980-1984	85	0.14882	0.13851	0.5	17402	2410	16197	86207	4.95
1980-1984	86	0.16178	0.14967	0.5	14992	2244	13870	70009	4.67
1980-1984	87	0.17811	0.16354	0.5	12748	2085	11706	56139	4.40
1980-1984	88	0.18861	0.17235	0.5	10663	1838	9744	44434	4.17
1980-1984	89	0.20468	0.18568	0.5	8825	1639	8006	34690	3.93
1980-1984	90	0.21760	0.19625	0.5	7187	1410	6481	26683	3.71
1980-1984	91	0.23710	0.21197	0.5	5776	1224	5164	20202	3.50
1980-1984	92	0.25398	0.22536	0.5	4552	1026	4039	15038	3.30
1980-1984	93	0.27624	0.24271	0.5	3526	856	3098	10999	3.12
1980-1984	94	0.29895	0.26007	0.5	2670	694	2323	7901	2.96
1980-1984	95	0.31135	0.26941	0.5	1976	532	1710	5578	2.82
1980-1984	96	0.33170	0.28451	0.5	1444	411	1238	3868	2.68
1980-1984	97	0.35271	0.29983	0.5	1033	310	878	2630	2.55
1980-1984	98	0.37429	0.31529	0.5	723	228	609	1752	2.42
1980-1984	99	0.39640	0.33083	0.5	495	164	413	1143	2.31
1980-1984	100	0.41893	0.34638	0.5	331	115	274	730	2.20
1980-1984	101	0.44181	0.36187	0.5	217	78	177	456	2.10
1980-1984	102	0.46493	0.37724	0.5	138	52	112	278	2.01
1980-1984	103	0.48821	0.39242	0.5	86	34	69	166	1.93
1980-1984	104	0.51154	0.40735	0.5	52	21	42	97	1.85
1980-1984	105	0.53482	0.42198	0.5	31	13	24	55	1.78
1980-1984	106	0.55795	0.43625	0.5	18	8	14	31	1.72
1980-1984	107	0.58083	0.45011	0.5	10	5	8	17	1.66
1980-1984	108	0.60336	0.46353	0.5	6	3	4	9	1.61
1980-1984	109	0.62547	0.47646	0.5	3	1	2	5	1.57
1980-1984	110+	0.64706	1.00000	1.55	2	2	2	2	1.55
1985-1989	0	0.01190	0.01177	0.08	100000	1177	98914	7072951	70.73
1985-1989	1	0.00073	0.00073	0.5	98823	73	98787	6974037	70.57
1985-1989	2	0.00054	0.00054	0.5	98751	54	98724	6875250	69.62
1985-1989	3	0.00045	0.00045	0.5	98697	44	98675	6776526	68.66
1985-1989	4	0.00034	0.00034	0.5	98653	34	98636	6677851	67.69
1985-1989	5	0.00028	0.00028	0.5	98619	28	98605	6579215	66.71
1985-1989	6	0.00027	0.00027	0.5	98591	27	98578	6480610	65.73
1985-1989	7	0.00026	0.00026	0.5	98564	26	98552	6382032	64.75
1985-1989	8	0.00025	0.00025	0.5	98539	25	98526	6283480	63.77
1985-1989	9	0.00024	0.00024	0.5	98514	24	98502	6184954	62.78
1985-1989	10	0.00023	0.00023	0.5	98490	22	98479	6086452	61.80
1985-1989	11	0.00024	0.00024	0.5	98468	23	98456	5987973	60.81
1985-1989	12	0.00028	0.00028	0.5	98445	27	98431	5889516	59.83
1985-1989	13	0.00032	0.00032	0.5	98418	32	98402	5791085	58.84
1985-1989	14	0.00042	0.00042	0.5	98386	41	98365	5692683	57.86
1985-1989	15	0.00052	0.00052	0.5	98344	51	98319	5594318	56.88
1985-1989	16	0.00074	0.00074	0.5	98293	73	98257	5495999	55.91
1985-1989	17	0.00100	0.00100	0.5	98220	98	98171	5397743	54.96
1985-1989	18	0.00123	0.00123	0.5	98122	120	98062	5299572	54.01
1985-1989	19	0.00131	0.00131	0.5	98002	129	97937	5201510	53.08
1985-1989	20	0.00145	0.00144	0.5	97873	141	97802	5103573	52.14
1985-1989	21	0.00150	0.00150	0.5	97732	147	97658	5005770	51.22
1985-1989	22	0.00158	0.00158	0.5	97585	154	97508	4908112	50.30
1985-1989	23	0.00163	0.00163	0.5	97431	159	97351	4810604	49.37
1985-1989	24	0.00170	0.00170	0.5	97272	165	97189	4713253	48.45
1985-1989	25	0.00177	0.00177	0.5	97107	172	97021	4616064	47.54
1985-1989	26	0.00185	0.00185	0.5	96935	179	96845	4519043	46.62
1985-1989	27	0.00198	0.00198	0.5	96756	192	96660	4422198	45.70
1985-1989	28	0.00205	0.00204	0.5	96564	197	96465	4325538	44.79
1985-1989	29	0.00207	0.00207	0.5	96366	199	96267	4229073	43.89
1985-1989	30	0.00243	0.00242	0.5	96167	233	96050	4132806	42.98
1985-1989	31	0.00251	0.00251	0.5	95934	241	95813	4036756	42.08
1985-1989	32	0.00268	0.00268	0.5	95693	256	95565	3940942	41.18
1985-1989	33	0.00286	0.00286	0.5	95437	273	95300	3845377	40.29
1985-1989	34	0.00283	0.00282	0.5	95164	269	95030	3750077	39.41
1985-1989	35	0.00317	0.00317	0.5	94895	301	94745	3655047	38.52
1985-1989	36	0.00327	0.00327	0.5	94595	309	94440	3560303	37.64
1985-1989	37	0.00327	0.00327	0.5	94286	308	94131	3465862	36.76
1985-1989	38	0.00361	0.00360	0.5	93977	338	93808	3371731	35.88
1985-1989	39	0.00335	0.00334	0.5	93639	313	93483	3277923	35.01
1985-1989	40	0.00364	0.00363	0.5	93326	339	93157	3184440	34.12
1985-1989	41	0.00369	0.00369	0.5	92987	343	92816	3091284	33.24
1985-1989	42	0.00399	0.00398	0.5	92644	369	92460	2998468	32.37
1985-1989	43	0.00422	0.00421	0.5	92276	389	92081	2906008	31.49
1985-1989	44	0.00429	0.00428	0.5	91887	394	91690	2813927	30.62
1985-1989	45	0.00484	0.00483	0.5	91493	442	91273	2722237	29.75
1985-1989	46	0.00518	0.00517	0.5	91052	471	90816	2630964	28.90
1985-1989	47	0.00563	0.00561	0.5	90581	508	90327	2540148	28.04
1985-1989	48	0.00614	0.00612	0.5	90073	551	89797	2449821	27.20
1985-1989	49	0.00609	0.00607	0.5	89522	544	89250	2360023	26.36
1985-1989	50	0.00704	0.00702	0.5	88978	624	88666	2270773	25.52
1985-1989	51	0.00775	0.00772	0.5	88354	682	88013	2182107	24.70
1985-1989	52	0.00840	0.00837	0.5	87672	734	87305	2094095	23.89
1985-1989	53	0.00923	0.00919	0.5	86938	799	86539	2006790	23.08
1985-1989	54	0.00968	0.00963	0.5	86139	830	85725	1920251	22.29
1985-1989	55	0.01111	0.01105	0.5	85310	943	84838	1834526	21.50
1985-1989	56	0.01174	0.01167	0.5	84367	984	83875	1749688	20.74
1985-1989	57	0.01259	0.01251	0.5	83383	1043	82861	1665813	19.98
1985-1989	58	0.01472	0.01461	0.5	82339	1203	81738	1582952	19.22
1985-1989	59	0.01515	0.01504	0.5	81136	1220	80526	1501214	18.50
1985-1989	60	0.01730	0.01715	0.5	79916	1371	79231	1420688	17.78
1985-1989	61	0.01899	0.01881	0.5	78545	1478	77807	1341457	17.08
1985-1989	62	0.02095	0.02073	0.5	77068	1598	76269	1263650	16.40
1985-1989	63	0.02247	0.02222	0.5	75470	1677	74631	1187381	15.73
1985-1989	64	0.02323	0.02296	0.5	73793	1694	72946	1112750	15.08
1985-1989	65	0.02678	0.02642	0.5	72098	1905	71146	1039804	14.42
1985-1989	66	0.02778	0.02740	0.5	70193	1923	69231	968659	13.80
1985-1989	67	0.03029	0.02984	0.5	68270	2037	67251	899427	13.17
1985-1989	68	0.03436	0.03378	0.5	66233	2237	65114	832176	12.56
1985-1989	69	0.03600	0.03536	0.5	63996	2263	62864	767062	11.99
1985-1989	70	0.04041	0.03961	0.5	61732	2445	60510	704198	11.41
1985-1989	71	0.04416	0.04321	0.5	59287	2562	58006	643688	10.86
1985-1989	72	0.04993	0.04872	0.5	56726	2764	55344	585681	10.32
1985-1989	73	0.05323	0.05185	0.5	53962	2798	52563	530338	9.83
1985-1989	74	0.05637	0.05482	0.5	51164	2805	49762	477775	9.34
1985-1989	75	0.06038	0.05861	0.5	48359	2834	46942	428013	8.85
1985-1989	76	0.06709	0.06491	0.5	45525	2955	44047	381071	8.37
1985-1989	77	0.07209	0.06958	0.5	42570	2962	41089	337024	7.92
1985-1989	78	0.07810	0.07516	0.5	39608	2977	38119	295935	7.47
1985-1989	79	0.08494	0.08148	0.5	36630	2985	35138	257816	7.04
1985-1989	80	0.09906	0.09438	0.5	33646	3176	32058	222678	6.62
1985-1989	81	0.10682	0.10140	0.5	30470	3090	28925	190620	6.26
1985-1989	82	0.11559	0.10927	0.5	27381	2992	25885	161694	5.91
1985-1989	83	0.12633	0.11882	0.5	24389	2898	22940	135810	5.57
1985-1989	84	0.13761	0.12875	0.5	21491	2767	20107	112870	5.25
1985-1989	85	0.14931	0.13894	0.5	18724	2601	17423	92763	4.95
1985-1989	86	0.16004	0.14818	0.5	16122	2389	14928	75340	4.67
1985-1989	87	0.17627	0.16199	0.5	13733	2225	12621	60412	4.40
1985-1989	88	0.18956	0.17315	0.5	11509	1993	10512	47791	4.15
1985-1989	89	0.20222	0.18365	0.5	9516	1748	8642	37279	3.92
1985-1989	90	0.21964	0.19791	0.5	7768	1537	7000	28637	3.69
1985-1989	91	0.23558	0.21076	0.5	6231	1313	5574	21638	3.47
1985-1989	92	0.25862	0.22901	0.5	4918	1126	4355	16063	3.27
1985-1989	93	0.27989	0.24553	0.5	3791	931	3326	11709	3.09
1985-1989	94	0.29719	0.25874	0.5	2861	740	2490	8383	2.93
1985-1989	95	0.31604	0.27292	0.5	2120	579	1831	5892	2.78
1985-1989	96	0.33730	0.28862	0.5	1542	445	1319	4061	2.63
1985-1989	97	0.35924	0.30454	0.5	1097	334	930	2742	2.50
1985-1989	98	0.38178	0.32059	0.5	763	245	640	1812	2.38
1985-1989	99	0.40485	0.33669	0.5	518	174	431	1172	2.26
1985-1989	100	0.42834	0.35279	0.5	344	121	283	741	2.16
1985-1989	101	0.45216	0.36879	0.5	222	82	181	458	2.06
1985-1989	102	0.47620	0.38462	0.5	140	54	113	276	1.97
1985-1989	103	0.50036	0.40023	0.5	86	35	69	163	1.88
1985-1989	104	0.52451	0.41553	0.5	52	22	41	94	1.81
1985-1989	105	0.54854	0.43048	0.5	30	13	24	53	1.74
1985-1989	106	0.57236	0.44500	0.5	17	8	13	29	1.68
1985-1989	107	0.59584	0.45907	0.5	10	4	7	16	1.62
1985-1989	108	0.61889	0.47263	0.5	5	2	4	8	1.57
1985-1989	109	0.64141	0.48566	0.5	3	1	2	4	1.53
1985-1989	110+	0.66333	1.00000	1.51	1	1	2	2	1.51
1990-1994	0	0.01008	0.00999	0.07	100000	999	99073	7178289	71.78
1990-1994	1	0.00068	0.00068	0.5	99001	67	98968	7079216	71.51
1990-1994	2	0.00048	0.00048	0.5	98934	47	98910	6980248	70.55
1990-1994	3	0.00038	0.00038	0.5	98887	37	98868	6881338	69.59
1990-1994	4	0.00030	0.00030	0.5	98849	29	98835	6782469	68.61
1990-1994	5	0.00022	0.00022	0.5	98820	22	98809	6683635	67.63
1990-1994	6	0.00025	0.00025	0.5	98798	24	98786	6584826	66.65
1990-1994	7	0.00021	0.00021	0.5	98774	21	98763	6486040	65.67
1990-1994	8	0.00023	0.00023	0.5	98753	23	98741	6387276	64.68
1990-1994	9	0.00019	0.00019	0.5	98730	19	98721	6288535	63.69
1990-1994	10	0.00020	0.00020	0.5	98711	19	98701	6189814	62.71
1990-1994	11	0.00024	0.00024	0.5	98692	24	98680	6091113	61.72
1990-1994	12	0.00024	0.00024	0.5	98668	24	98656	5992433	60.73
1990-1994	13	0.00025	0.00025	0.5	98644	25	98632	5893777	59.75
1990-1994	14	0.00041	0.00041	0.5	98619	40	98599	5795146	58.76
1990-1994	15	0.00052	0.00052	0.5	98579	52	98553	5696547	57.79
1990-1994	16	0.00082	0.00081	0.5	98527	80	98487	5597994	56.82
1990-1994	17	0.00101	0.00101	0.5	98447	100	98397	5499507	55.86
1990-1994	18	0.00130	0.00130	0.5	98347	128	98283	5401110	54.92
1990-1994	19	0.00132	0.00132	0.5	98219	130	98155	5302827	53.99
1990-1994	20	0.00144	0.00144	0.5	98090	141	98019	5204673	53.06
1990-1994	21	0.00158	0.00158	0.5	97948	155	97871	5106653	52.14
1990-1994	22	0.00148	0.00148	0.5	97794	145	97721	5008782	51.22
1990-1994	23	0.00158	0.00158	0.5	97649	154	97572	4911061	50.29
1990-1994	24	0.00147	0.00147	0.5	97495	143	97423	4813490	49.37
1990-1994	25	0.00168	0.00168	0.5	97351	163	97270	4716066	48.44
1990-1994	26	0.00174	0.00174	0.5	97188	169	97104	4618797	47.52
1990-1994	27	0.00185	0.00185	0.5	97019	180	96930	4521693	46.61
1990-1994	28	0.00202	0.00202	0.5	96840	196	96742	4424763	45.69
1990-1994	29	0.00198	0.00198	0.5	96644	191	96549	4328021	44.78
1990-1994	30	0.00236	0.00236	0.5	96453	228	96339	4231472	43.87
1990-1994	31	0.00240	0.00239	0.5	96226	230	96110	4135133	42.97
1990-1994	32	0.00249	0.00248	0.5	95995	238	95876	4039023	42.08
1990-1994	33	0.00276	0.00275	0.5	95757	264	95625	3943147	41.18
1990-1994	34	0.00284	0.00284	0.5	95493	271	95358	3847522	40.29
1990-1994	35	0.00303	0.00303	0.5	95222	289	95078	3752164	39.40
1990-1994	36	0.00330	0.00330	0.5	94934	313	94777	3657086	38.52
1990-1994	37	0.00348	0.00347	0.5	94621	328	94457	3562309	37.65
1990-1994	38	0.00388	0.00388	0.5	94293	366	94110	3467852	36.78
1990-1994	39	0.00372	0.00372	0.5	93927	349	93752	3373742	35.92
1990-1994	40	0.00412	0.00411	0.5	93578	385	93386	3279990	35.05
1990-1994	41	0.00421	0.00420	0.5	93193	392	92997	3186604	34.19
1990-1994	42	0.00439	0.00438	0.5	92801	407	92598	3093607	33.34
1990-1994	43	0.00451	0.00450	0.5	92395	415	92187	3001009	32.48
1990-1994	44	0.00457	0.00456	0.5	91979	419	91770	2908822	31.62
1990-1994	45	0.00474	0.00473	0.5	91560	433	91344	2817052	30.77
1990-1994	46	0.00519	0.00518	0.5	91128	472	90892	2725708	29.91
1990-1994	47	0.00547	0.00546	0.5	90656	495	90409	2634816	29.06
1990-1994	48	0.00591	0.00589	0.5	90161	531	89896	2544408	28.22
1990-1994	49	0.00582	0.00580	0.5	89630	520	89370	2454512	27.38
1990-1994	50	0.00661	0.00659	0.5	89110	587	88816	2365142	26.54
1990-1994	51	0.00717	0.00714	0.5	88523	632	88207	2276326	25.71
1990-1994	52	0.00762	0.00759	0.5	87891	667	87557	2188119	24.90
1990-1994	53	0.00816	0.00813	0.5	87223	709	86869	2100562	24.08
1990-1994	54	0.00875	0.00871	0.5	86514	754	86138	2013693	23.28
1990-1994	55	0.00986	0.00981	0.5	85761	841	85340	1927556	22.48
1990-1994	56	0.01045	0.01040	0.5	84919	883	84478	1842215	21.69
1990-1994	57	0.01119	0.01113	0.5	84036	935	83569	1757738	20.92
1990-1994	58	0.01315	0.01307	0.5	83101	1086	82558	1674169	20.15
1990-1994	59	0.01357	0.01348	0.5	82015	1106	81462	1591611	19.41
1990-1994	60	0.01529	0.01518	0.5	80910	1228	80296	1510149	18.66
1990-1994	61	0.01636	0.01623	0.5	79682	1293	79035	1429853	17.94
1990-1994	62	0.01816	0.01800	0.5	78388	1411	77683	1350818	17.23
1990-1994	63	0.01939	0.01921	0.5	76978	1478	76238	1273135	16.54
1990-1994	64	0.02100	0.02078	0.5	75499	1569	74715	1196897	15.85
1990-1994	65	0.02405	0.02377	0.5	73930	1757	73052	1122182	15.18
1990-1994	66	0.02555	0.02523	0.5	72173	1821	71263	1049130	14.54
1990-1994	67	0.02815	0.02776	0.5	70352	1953	69376	977867	13.90
1990-1994	68	0.03093	0.03046	0.5	68399	2083	67358	908492	13.28
1990-1994	69	0.03222	0.03171	0.5	66316	2103	65265	841134	12.68
1990-1994	70	0.03608	0.03544	0.5	64213	2276	63075	775869	12.08
1990-1994	71	0.03892	0.03818	0.5	61938	2365	60755	712794	11.51
1990-1994	72	0.04153	0.04069	0.5	59573	2424	58361	652038	10.95
1990-1994	73	0.04631	0.04526	0.5	57149	2586	55856	593677	10.39
1990-1994	74	0.04999	0.04877	0.5	54563	2661	53232	537821	9.86
1990-1994	75	0.05422	0.05279	0.5	51902	2740	50532	484589	9.34
1990-1994	76	0.06098	0.05917	0.5	49162	2909	47708	434057	8.83
1990-1994	77	0.06526	0.06319	0.5	46253	2923	44792	386350	8.35
1990-1994	78	0.07051	0.06811	0.5	43330	2951	41855	341558	7.88
1990-1994	79	0.07565	0.07290	0.5	40379	2943	38907	299703	7.42
1990-1994	80	0.08943	0.08560	0.5	37436	3205	35833	260796	6.97
1990-1994	81	0.09675	0.09229	0.5	34231	3159	32652	224963	6.57
1990-1994	82	0.10638	0.10101	0.5	31072	3139	29503	192311	6.19
1990-1994	83	0.11593	0.10958	0.5	27934	3061	26403	162808	5.83
1990-1994	84	0.12581	0.11836	0.5	24873	2944	23401	136405	5.48
1990-1994	85	0.13737	0.12855	0.5	21929	2819	20519	113004	5.15
1990-1994	86	0.15184	0.14113	0.5	19110	2697	17761	92485	4.84
1990-1994	87	0.16059	0.14865	0.5	16413	2440	15193	74724	4.55
1990-1994	88	0.18105	0.16602	0.5	13973	2320	12813	59531	4.26
1990-1994	89	0.19343	0.17637	0.5	11653	2055	10626	46717	4.01
1990-1994	90	0.21229	0.19191	0.5	9598	1842	8677	36092	3.76
1990-1994	91	0.22716	0.20399	0.5	7756	1582	6965	27415	3.53
1990-1994	92	0.25050	0.22261	0.5	6174	1374	5487	20450	3.31
1990-1994	93	0.26954	0.23753	0.5	4799	1140	4229	14963	3.12
1990-1994	94	0.30022	0.26104	0.5	3659	955	3182	10734	2.93
1990-1994	95	0.31157	0.26957	0.5	2704	729	2340	7552	2.79
1990-1994	96	0.33411	0.28628	0.5	1975	565	1692	5212	2.64
1990-1994	97	0.35743	0.30324	0.5	1410	427	1196	3520	2.50
1990-1994	98	0.38145	0.32035	0.5	982	315	825	2324	2.37
1990-1994	99	0.40607	0.33754	0.5	668	225	555	1499	2.25
1990-1994	100	0.43117	0.35470	0.5	442	157	364	944	2.13
1990-1994	101	0.45662	0.37175	0.5	285	106	232	580	2.03
1990-1994	102	0.48230	0.38859	0.5	179	70	144	348	1.94
1990-1994	103	0.50808	0.40515	0.5	110	44	87	203	1.85
1990-1994	104	0.53381	0.42135	0.5	65	27	51	116	1.78
1990-1994	105	0.55937	0.43712	0.5	38	16	29	64	1.71
1990-1994	106	0.58462	0.45238	0.5	21	10	16	35	1.64
1990-1994	107	0.60942	0.46709	0.5	12	5	9	18	1.58
1990-1994	108	0.63368	0.48121	0.5	6	3	5	10	1.54
1990-1994	109	0.65727	0.49470	0.5	3	2	2	5	1.50
1990-1994	110+	0.68012	1.00000	1.47	2	2	2	2	1.47
1995-1999	0	0.00793	0.00788	0.07	100000	788	99265	7356973	73.57
1995-1999	1	0.00054	0.00054	0.5	99212	53	99186	7257708	73.15
1995-1999	2	0.00037	0.00037	0.5	99159	37	99141	7158522	72.19
1995-1999	3	0.00027	0.00027	0.5	99122	27	99109	7059382	71.22
1995-1999	4	0.00023	0.00023	0.5	99095	23	99083	6960273	70.24
1995-1999	5	0.00021	0.00021	0.5	99072	21	99062	6861190	69.25
1995-1999	6	0.00017	0.00017	0.5	99051	17	99043	6762128	68.27
1995-1999	7	0.00018	0.00018	0.5	99034	18	99025	6663085	67.28
1995-1999	8	0.00016	0.00016	0.5	99016	16	99008	6564060	66.29
1995-1999	9	0.00015	0.00015	0.5	99000	15	98993	6465052	65.30
1995-1999	10	0.00017	0.00017	0.5	98986	17	98977	6366059	64.31
1995-1999	11	0.00018	0.00018	0.5	98968	18	98960	6267082	63.32
1995-1999	12	0.00020	0.00020	0.5	98951	20	98941	6168122	62.34
1995-1999	13	0.00026	0.00026	0.5	98931	26	98918	6069182	61.35
1995-1999	14	0.00031	0.00031	0.5	98905	31	98890	5970263	60.36
1995-1999	15	0.00039	0.00039	0.5	98875	38	98855	5871374	59.38
1995-1999	16	0.00060	0.00060	0.5	98836	59	98806	5772518	58.40
1995-1999	17	0.00083	0.00083	0.5	98777	82	98736	5673712	57.44
1995-1999	18	0.00103	0.00103	0.5	98695	101	98644	5574976	56.49
1995-1999	19	0.00116	0.00116	0.5	98594	115	98536	5476332	55.54
1995-1999	20	0.00123	0.00123	0.5	98479	121	98418	5377796	54.61
1995-1999	21	0.00134	0.00134	0.5	98357	132	98291	5279377	53.68
1995-1999	22	0.00129	0.00129	0.5	98225	127	98162	5181086	52.75
1995-1999	23	0.00129	0.00129	0.5	98098	127	98035	5082924	51.81
1995-1999	24	0.00125	0.00125	0.5	97972	122	97911	4984889	50.88
1995-1999	25	0.00124	0.00124	0.5	97849	121	97789	4886979	49.94
1995-1999	26	0.00128	0.00128	0.5	97728	125	97665	4789190	49.01
1995-1999	27	0.00134	0.00134	0.5	97603	130	97538	4691524	48.07
1995-1999	28	0.00137	0.00137	0.5	97472	133	97406	4593987	47.13
1995-1999	29	0.00146	0.00146	0.5	97339	142	97268	4496581	46.20
1995-1999	30	0.00156	0.00156	0.5	97197	152	97121	4399313	45.26
1995-1999	31	0.00174	0.00173	0.5	97045	168	96961	4302192	44.33
1995-1999	32	0.00183	0.00183	0.5	96877	177	96788	4205231	43.41
1995-1999	33	0.00194	0.00194	0.5	96700	187	96606	4108443	42.49
1995-1999	34	0.00201	0.00200	0.5	96512	193	96416	4011837	41.57
1995-1999	35	0.00209	0.00209	0.5	96319	201	96218	3915421	40.65
1995-1999	36	0.00228	0.00228	0.5	96118	219	96008	3819203	39.73
1995-1999	37	0.00243	0.00243	0.5	95899	233	95782	3723194	38.82
1995-1999	38	0.00266	0.00266	0.5	95666	254	95539	3627412	37.92
1995-1999	39	0.00270	0.00270	0.5	95412	257	95283	3531873	37.02
1995-1999	40	0.00298	0.00298	0.5	95155	284	95013	3436589	36.12
1995-1999	41	0.00340	0.00340	0.5	94871	322	94710	3341576	35.22
1995-1999	42	0.00338	0.00337	0.5	94549	319	94389	3246867	34.34
1995-1999	43	0.00377	0.00376	0.5	94230	354	94053	3152477	33.46
1995-1999	44	0.00400	0.00399	0.5	93876	374	93688	3058424	32.58
1995-1999	45	0.00423	0.00422	0.5	93501	394	93304	2964736	31.71
1995-1999	46	0.00452	0.00451	0.5	93107	420	92897	2871432	30.84
1995-1999	47	0.00473	0.00472	0.5	92687	438	92468	2778535	29.98
1995-1999	48	0.00531	0.00530	0.5	92249	489	92005	2686067	29.12
1995-1999	49	0.00530	0.00529	0.5	91760	485	91518	2594062	28.27
1995-1999	50	0.00555	0.00554	0.5	91275	505	91022	2502545	27.42
1995-1999	51	0.00619	0.00617	0.5	90770	560	90490	2411522	26.57
1995-1999	52	0.00644	0.00642	0.5	90209	579	89920	2321033	25.73
1995-1999	53	0.00739	0.00736	0.5	89630	660	89300	2231113	24.89
1995-1999	54	0.00767	0.00764	0.5	88970	680	88631	2141813	24.07
1995-1999	55	0.00854	0.00851	0.5	88291	751	87915	2053182	23.25
1995-1999	56	0.00940	0.00935	0.5	87540	819	87130	1965267	22.45
1995-1999	57	0.00994	0.00989	0.5	86721	858	86292	1878136	21.66
1995-1999	58	0.01115	0.01109	0.5	85863	952	85387	1791844	20.87
1995-1999	59	0.01204	0.01197	0.5	84911	1016	84403	1706457	20.10
1995-1999	60	0.01298	0.01289	0.5	83895	1082	83354	1622054	19.33
1995-1999	61	0.01450	0.01440	0.5	82813	1193	82217	1538699	18.58
1995-1999	62	0.01606	0.01594	0.5	81621	1301	80971	1456482	17.84
1995-1999	63	0.01739	0.01724	0.5	80320	1385	79628	1375512	17.13
1995-1999	64	0.01913	0.01895	0.5	78935	1496	78187	1295884	16.42
1995-1999	65	0.02124	0.02102	0.5	77439	1628	76625	1217697	15.72
1995-1999	66	0.02272	0.02247	0.5	75811	1703	74960	1141072	15.05
1995-1999	67	0.02452	0.02423	0.5	74108	1795	73210	1066112	14.39
1995-1999	68	0.02748	0.02711	0.5	72312	1960	71332	992902	13.73
1995-1999	69	0.02978	0.02935	0.5	70352	2065	69320	921570	13.10
1995-1999	70	0.03288	0.03234	0.5	68288	2209	67183	852250	12.48
1995-1999	71	0.03668	0.03602	0.5	66079	2380	64889	785067	11.88
1995-1999	72	0.03924	0.03848	0.5	63699	2451	62473	720178	11.31
1995-1999	73	0.04152	0.04068	0.5	61247	2491	60002	657705	10.74
1995-1999	74	0.04515	0.04415	0.5	58756	2594	57459	597703	10.17
1995-1999	75	0.04907	0.04789	0.5	56162	2690	54817	540244	9.62
1995-1999	76	0.05436	0.05293	0.5	53472	2830	52057	485427	9.08
1995-1999	77	0.05973	0.05799	0.5	50642	2937	49174	433370	8.56
1995-1999	78	0.06600	0.06389	0.5	47705	3048	46181	384196	8.05
1995-1999	79	0.07130	0.06884	0.5	44657	3074	43120	338015	7.57
1995-1999	80	0.08396	0.08057	0.5	41583	3350	39908	294895	7.09
1995-1999	81	0.09144	0.08745	0.5	38232	3343	36561	254987	6.67
1995-1999	82	0.10123	0.09636	0.5	34889	3362	33208	218426	6.26
1995-1999	83	0.11183	0.10590	0.5	31527	3339	29858	185218	5.87
1995-1999	84	0.12145	0.11450	0.5	28188	3227	26575	155360	5.51
1995-1999	85	0.13343	0.12509	0.5	24961	3122	23400	128785	5.16
1995-1999	86	0.14824	0.13801	0.5	21839	3014	20332	105386	4.83
1995-1999	87	0.16199	0.14985	0.5	18825	2821	17414	85054	4.52
1995-1999	88	0.17672	0.16237	0.5	16004	2599	14705	67640	4.23
1995-1999	89	0.19614	0.17862	0.5	13405	2395	12208	52935	3.95
1995-1999	90	0.21371	0.19307	0.5	11011	2126	9948	40727	3.70
1995-1999	91	0.23331	0.20894	0.5	8885	1856	7957	30779	3.46
1995-1999	92	0.25401	0.22538	0.5	7028	1584	6236	22822	3.25
1995-1999	93	0.27999	0.24561	0.5	5444	1337	4776	16586	3.05
1995-1999	94	0.29704	0.25863	0.5	4107	1062	3576	11810	2.88
1995-1999	95	0.32130	0.27683	0.5	3045	843	2624	8234	2.70
1995-1999	96	0.34590	0.29490	0.5	2202	649	1877	5611	2.55
1995-1999	97	0.37135	0.31320	0.5	1553	486	1310	3733	2.40
1995-1999	98	0.39754	0.33163	0.5	1066	354	890	2424	2.27
1995-1999	99	0.42433	0.35006	0.5	713	250	588	1534	2.15
1995-1999	100	0.45157	0.36840	0.5	463	171	378	946	2.04
1995-1999	101	0.47911	0.38652	0.5	293	113	236	568	1.94
1995-1999	102	0.50677	0.40432	0.5	179	73	143	332	1.85
1995-1999	103	0.53439	0.42171	0.5	107	45	84	189	1.77
1995-1999	104	0.56180	0.43860	0.5	62	27	48	105	1.69
1995-1999	105	0.58884	0.45491	0.5	35	16	27	56	1.63
1995-1999	106	0.61536	0.47057	0.5	19	9	14	30	1.56
1995-1999	107	0.64120	0.48554	0.5	10	5	8	15	1.51
1995-1999	108	0.66625	0.49977	0.5	5	3	4	8	1.46
1995-1999	109	0.69040	0.51323	0.5	3	1	2	4	1.43
1995-1999	110+	0.71355	1.00000	1.4	1	1	2	2	1.40
2000-2004	0	0.00723	0.00718	0.06	100000	718	99328	7496742	74.97
2000-2004	1	0.00043	0.00043	0.5	99282	43	99260	7397414	74.51
2000-2004	2	0.00032	0.00032	0.5	99239	31	99224	7298153	73.54
2000-2004	3	0.00020	0.00020	0.5	99208	20	99198	7198930	72.56
2000-2004	4	0.00019	0.00019	0.5	99188	19	99179	7099732	71.58
2000-2004	5	0.00017	0.00017	0.5	99169	17	99161	7000553	70.59
2000-2004	6	0.00013	0.00013	0.5	99153	13	99146	6901392	69.60
2000-2004	7	0.00014	0.00014	0.5	99139	13	99133	6802246	68.61
2000-2004	8	0.00014	0.00014	0.5	99126	14	99119	6703113	67.62
2000-2004	9	0.00013	0.00013	0.5	99112	13	99105	6603995	66.63
2000-2004	10	0.00014	0.00014	0.5	99099	14	99092	6504889	65.64
2000-2004	11	0.00015	0.00015	0.5	99085	14	99078	6405797	64.65
2000-2004	12	0.00016	0.00016	0.5	99071	15	99063	6306719	63.66
2000-2004	13	0.00021	0.00021	0.5	99056	21	99045	6207656	62.67
2000-2004	14	0.00025	0.00025	0.5	99034	25	99022	6108610	61.68
2000-2004	15	0.00031	0.00031	0.5	99010	31	98994	6009588	60.70
2000-2004	16	0.00053	0.00053	0.5	98979	53	98952	5910594	59.72
2000-2004	17	0.00076	0.00076	0.5	98926	75	98889	5811642	58.75
2000-2004	18	0.00097	0.00097	0.5	98851	96	98803	5712753	57.79
2000-2004	19	0.00114	0.00114	0.5	98755	112	98699	5613950	56.85
2000-2004	20	0.00122	0.00122	0.5	98643	120	98583	5515251	55.91
2000-2004	21	0.00127	0.00127	0.5	98523	125	98460	5416668	54.98
2000-2004	22	0.00132	0.00132	0.5	98398	130	98333	5318208	54.05
2000-2004	23	0.00132	0.00132	0.5	98268	130	98203	5219875	53.12
2000-2004	24	0.00132	0.00132	0.5	98138	129	98073	5121672	52.19
2000-2004	25	0.00120	0.00120	0.5	98009	118	97950	5023599	51.26
2000-2004	26	0.00125	0.00125	0.5	97891	122	97830	4925649	50.32
2000-2004	27	0.00125	0.00125	0.5	97769	123	97708	4827819	49.38
2000-2004	28	0.00121	0.00121	0.5	97646	119	97587	4730111	48.44
2000-2004	29	0.00132	0.00132	0.5	97528	128	97464	4632524	47.50
2000-2004	30	0.00129	0.00129	0.5	97399	126	97337	4535061	46.56
2000-2004	31	0.00129	0.00129	0.5	97274	126	97211	4437724	45.62
2000-2004	32	0.00136	0.00136	0.5	97148	132	97082	4340513	44.68
2000-2004	33	0.00145	0.00145	0.5	97016	141	96946	4243431	43.74
2000-2004	34	0.00158	0.00158	0.5	96875	153	96799	4146485	42.80
2000-2004	35	0.00168	0.00168	0.5	96722	162	96641	4049687	41.87
2000-2004	36	0.00182	0.00182	0.5	96560	176	96472	3953045	40.94
2000-2004	37	0.00192	0.00192	0.5	96385	185	96292	3856573	40.01
2000-2004	38	0.00208	0.00208	0.5	96200	200	96100	3760281	39.09
2000-2004	39	0.00215	0.00215	0.5	96000	206	95897	3664181	38.17
2000-2004	40	0.00239	0.00238	0.5	95794	228	95679	3568284	37.25
2000-2004	41	0.00260	0.00260	0.5	95565	248	95441	3472605	36.34
2000-2004	42	0.00279	0.00279	0.5	95317	266	95184	3377164	35.43
2000-2004	43	0.00306	0.00305	0.5	95051	290	94906	3281980	34.53
2000-2004	44	0.00331	0.00331	0.5	94761	313	94604	3187074	33.63
2000-2004	45	0.00356	0.00355	0.5	94447	336	94280	3092470	32.74
2000-2004	46	0.00397	0.00396	0.5	94112	373	93925	2998191	31.86
2000-2004	47	0.00425	0.00424	0.5	93739	397	93541	2904265	30.98
2000-2004	48	0.00471	0.00470	0.5	93342	438	93123	2810725	30.11
2000-2004	49	0.00497	0.00496	0.5	92903	461	92673	2717602	29.25
2000-2004	50	0.00549	0.00548	0.5	92443	506	92190	2624929	28.40
2000-2004	51	0.00576	0.00574	0.5	91937	528	91673	2532739	27.55
2000-2004	52	0.00618	0.00616	0.5	91409	563	91128	2441066	26.70
2000-2004	53	0.00667	0.00665	0.5	90846	604	90544	2349938	25.87
2000-2004	54	0.00713	0.00711	0.5	90242	641	89921	2259394	25.04
2000-2004	55	0.00776	0.00773	0.5	89601	692	89255	2169473	24.21
2000-2004	56	0.00825	0.00822	0.5	88908	731	88543	2080218	23.40
2000-2004	57	0.00910	0.00905	0.5	88178	798	87779	1991675	22.59
2000-2004	58	0.00985	0.00980	0.5	87379	856	86951	1903897	21.79
2000-2004	59	0.01072	0.01067	0.5	86523	923	86062	1816945	21.00
2000-2004	60	0.01180	0.01173	0.5	85600	1004	85098	1730883	20.22
2000-2004	61	0.01283	0.01275	0.5	84596	1079	84057	1645785	19.45
2000-2004	62	0.01402	0.01392	0.5	83518	1163	82936	1561728	18.70
2000-2004	63	0.01514	0.01502	0.5	82355	1237	81736	1478792	17.96
2000-2004	64	0.01659	0.01645	0.5	81118	1334	80451	1397056	17.22
2000-2004	65	0.01794	0.01778	0.5	79783	1419	79074	1316605	16.50
2000-2004	66	0.01938	0.01919	0.5	78365	1504	77613	1237531	15.79
2000-2004	67	0.02168	0.02145	0.5	76861	1649	76036	1159918	15.09
2000-2004	68	0.02352	0.02325	0.5	75212	1748	74338	1083882	14.41
2000-2004	69	0.02571	0.02538	0.5	73464	1865	72531	1009544	13.74
2000-2004	70	0.02810	0.02771	0.5	71599	1984	70607	937012	13.09
2000-2004	71	0.03114	0.03066	0.5	69615	2134	68548	866405	12.45
2000-2004	72	0.03326	0.03272	0.5	67480	2208	66377	797858	11.82
2000-2004	73	0.03703	0.03636	0.5	65273	2373	64086	731481	11.21
2000-2004	74	0.04067	0.03986	0.5	62899	2507	61646	667395	10.61
2000-2004	75	0.04523	0.04423	0.5	60393	2671	59057	605749	10.03
2000-2004	76	0.04951	0.04832	0.5	57722	2789	56327	546692	9.47
2000-2004	77	0.05340	0.05201	0.5	54933	2857	53504	490365	8.93
2000-2004	78	0.05880	0.05712	0.5	52075	2975	50588	436861	8.39
2000-2004	79	0.06520	0.06314	0.5	49101	3100	47550	386273	7.87
2000-2004	80	0.07574	0.07298	0.5	46000	3357	44322	338723	7.36
2000-2004	81	0.08338	0.08004	0.5	42643	3413	40937	294401	6.90
2000-2004	82	0.09337	0.08920	0.5	39230	3499	37480	253464	6.46
2000-2004	83	0.10222	0.09725	0.5	35731	3475	33993	215984	6.04
2000-2004	84	0.11408	0.10793	0.5	32256	3481	30515	181991	5.64
2000-2004	85	0.12568	0.11825	0.5	28775	3403	27073	151476	5.26
2000-2004	86	0.14184	0.13245	0.5	25372	3360	23692	124402	4.90
2000-2004	87	0.15454	0.14346	0.5	22012	3158	20433	100710	4.58
2000-2004	88	0.17123	0.15773	0.5	18854	2974	17367	80278	4.26
2000-2004	89	0.19295	0.17597	0.5	15880	2794	14483	62911	3.96
2000-2004	90	0.20881	0.18907	0.5	13086	2474	11849	48428	3.70
2000-2004	91	0.22881	0.20532	0.5	10612	2179	9522	36579	3.45
2000-2004	92	0.25619	0.22710	0.5	8433	1915	7475	27057	3.21
2000-2004	93	0.27591	0.24246	0.5	6518	1580	5727	19582	3.00
2000-2004	94	0.30846	0.26724	0.5	4937	1319	4278	13855	2.81
2000-2004	95	0.32652	0.28070	0.5	3618	1016	3110	9577	2.65
2000-2004	96	0.35340	0.30033	0.5	2602	782	2212	6467	2.48
2000-2004	97	0.38123	0.32020	0.5	1821	583	1529	4255	2.34
2000-2004	98	0.40987	0.34016	0.5	1238	421	1027	2726	2.20
2000-2004	99	0.43914	0.36007	0.5	817	294	670	1699	2.08
2000-2004	100	0.46883	0.37980	0.5	523	199	423	1029	1.97
2000-2004	101	0.49874	0.39919	0.5	324	129	259	606	1.87
2000-2004	102	0.52867	0.41814	0.5	195	81	154	346	1.78
2000-2004	103	0.55838	0.43651	0.5	113	49	89	192	1.70
2000-2004	104	0.58769	0.45422	0.5	64	29	49	104	1.62
2000-2004	105	0.61639	0.47118	0.5	35	16	27	54	1.56
2000-2004	106	0.64430	0.48731	0.5	18	9	14	28	1.50
2000-2004	107	0.67126	0.50258	0.5	9	5	7	14	1.45
2000-2004	108	0.69714	0.51695	0.5	5	2	3	7	1.40
2000-2004	109	0.72182	0.53040	0.5	2	1	2	3	1.36
2000-2004	110+	0.74523	1.00000	1.34	1	1	1	1	1.34
2005-2009	0	0.00691	0.00687	0.06	100000	687	99357	7628531	76.29
2005-2009	1	0.00041	0.00041	0.5	99313	41	99293	7529174	75.81
2005-2009	2	0.00026	0.00026	0.5	99273	26	99260	7429881	74.84
2005-2009	3	0.00021	0.00021	0.5	99247	21	99236	7330622	73.86
2005-2009	4	0.00017	0.00017	0.5	99226	17	99217	7231385	72.88
2005-2009	5	0.00016	0.00016	0.5	99209	16	99201	7132168	71.89
2005-2009	6	0.00014	0.00014	0.5	99193	13	99186	7032967	70.90
2005-2009	7	0.00012	0.00012	0.5	99180	12	99174	6933780	69.91
2005-2009	8	0.00011	0.00011	0.5	99168	11	99162	6834607	68.92
2005-2009	9	0.00011	0.00011	0.5	99157	11	99151	6735444	67.93
2005-2009	10	0.00012	0.00012	0.5	99146	12	99140	6636293	66.93
2005-2009	11	0.00013	0.00013	0.5	99133	13	99127	6537153	65.94
2005-2009	12	0.00012	0.00012	0.5	99120	12	99114	6438026	64.95
2005-2009	13	0.00017	0.00017	0.5	99108	17	99099	6338912	63.96
2005-2009	14	0.00023	0.00023	0.5	99091	22	99080	6239813	62.97
2005-2009	15	0.00031	0.00031	0.5	99069	31	99053	6140733	61.98
2005-2009	16	0.00043	0.00043	0.5	99038	43	99016	6041680	61.00
2005-2009	17	0.00061	0.00061	0.5	98995	61	98965	5942664	60.03
2005-2009	18	0.00084	0.00084	0.5	98934	83	98893	5843699	59.07
2005-2009	19	0.00105	0.00105	0.5	98851	104	98799	5744806	58.12
2005-2009	20	0.00106	0.00106	0.5	98747	105	98695	5646007	57.18
2005-2009	21	0.00129	0.00129	0.5	98642	127	98579	5547312	56.24
2005-2009	22	0.00127	0.00127	0.5	98515	125	98453	5448733	55.31
2005-2009	23	0.00130	0.00130	0.5	98390	127	98326	5350281	54.38
2005-2009	24	0.00131	0.00131	0.5	98263	129	98198	5251954	53.45
2005-2009	25	0.00126	0.00126	0.5	98134	123	98072	5153756	52.52
2005-2009	26	0.00126	0.00125	0.5	98010	123	97949	5055684	51.58
2005-2009	27	0.00127	0.00127	0.5	97887	124	97825	4957735	50.65
2005-2009	28	0.00128	0.00128	0.5	97763	125	97701	4859910	49.71
2005-2009	29	0.00128	0.00128	0.5	97638	125	97576	4762210	48.77
2005-2009	30	0.00125	0.00125	0.5	97513	122	97452	4664634	47.84
2005-2009	31	0.00124	0.00124	0.5	97391	121	97331	4567182	46.90
2005-2009	32	0.00129	0.00129	0.5	97271	126	97208	4469851	45.95
2005-2009	33	0.00138	0.00137	0.5	97145	134	97078	4372643	45.01
2005-2009	34	0.00136	0.00136	0.5	97012	132	96946	4275564	44.07
2005-2009	35	0.00139	0.00139	0.5	96880	135	96812	4178619	43.13
2005-2009	36	0.00146	0.00146	0.5	96745	141	96674	4081807	42.19
2005-2009	37	0.00166	0.00166	0.5	96604	161	96524	3985132	41.25
2005-2009	38	0.00178	0.00178	0.5	96443	171	96358	3888609	40.32
2005-2009	39	0.00184	0.00184	0.5	96272	177	96184	3792251	39.39
2005-2009	40	0.00213	0.00213	0.5	96095	204	95993	3696067	38.46
2005-2009	41	0.00226	0.00225	0.5	95891	216	95783	3600074	37.54
2005-2009	42	0.00255	0.00254	0.5	95675	243	95553	3504291	36.63
2005-2009	43	0.00269	0.00269	0.5	95431	256	95303	3408738	35.72
2005-2009	44	0.00291	0.00291	0.5	95175	277	95037	3313435	34.81
2005-2009	45	0.00318	0.00318	0.5	94898	301	94748	3218398	33.91
2005-2009	46	0.00352	0.00352	0.5	94597	333	94431	3123651	33.02
2005-2009	47	0.00371	0.00370	0.5	94264	349	94090	3029220	32.14
2005-2009	48	0.00406	0.00406	0.5	93915	381	93725	2935131	31.25
2005-2009	49	0.00445	0.00444	0.5	93534	415	93327	2841406	30.38
2005-2009	50	0.00496	0.00495	0.5	93119	461	92889	2748079	29.51
2005-2009	51	0.00536	0.00534	0.5	92658	495	92411	2655190	28.66
2005-2009	52	0.00583	0.00581	0.5	92164	536	91896	2562779	27.81
2005-2009	53	0.00629	0.00627	0.5	91628	575	91341	2470884	26.97
2005-2009	54	0.00669	0.00667	0.5	91053	607	90750	2379543	26.13
2005-2009	55	0.00735	0.00732	0.5	90446	662	90115	2288793	25.31
2005-2009	56	0.00766	0.00763	0.5	89784	685	89442	2198678	24.49
2005-2009	57	0.00838	0.00834	0.5	89099	743	88728	2109237	23.67
2005-2009	58	0.00925	0.00921	0.5	88356	813	87949	2020509	22.87
2005-2009	59	0.00966	0.00962	0.5	87543	842	87122	1932560	22.08
2005-2009	60	0.01067	0.01061	0.5	86701	920	86241	1845438	21.29
2005-2009	61	0.01109	0.01103	0.5	85781	946	85308	1759198	20.51
2005-2009	62	0.01236	0.01229	0.5	84835	1042	84314	1673890	19.73
2005-2009	63	0.01384	0.01375	0.5	83792	1152	83216	1589577	18.97
2005-2009	64	0.01500	0.01489	0.5	82640	1230	82025	1506360	18.23
2005-2009	65	0.01611	0.01598	0.5	81410	1301	80759	1424335	17.50
2005-2009	66	0.01711	0.01696	0.5	80109	1359	79429	1343576	16.77
2005-2009	67	0.01852	0.01835	0.5	78750	1445	78027	1264147	16.05
2005-2009	68	0.02030	0.02010	0.5	77304	1554	76527	1186120	15.34
2005-2009	69	0.02220	0.02195	0.5	75750	1663	74919	1109593	14.65
2005-2009	70	0.02463	0.02433	0.5	74088	1802	73186	1034674	13.97
2005-2009	71	0.02612	0.02579	0.5	72285	1864	71353	961487	13.30
2005-2009	72	0.02899	0.02857	0.5	70421	2012	69415	890134	12.64
2005-2009	73	0.03197	0.03146	0.5	68409	2152	67333	820719	12.00
2005-2009	74	0.03432	0.03374	0.5	66257	2236	65139	753386	11.37
2005-2009	75	0.03869	0.03796	0.5	64021	2430	62806	688248	10.75
2005-2009	76	0.04207	0.04120	0.5	61591	2538	60322	625442	10.15
2005-2009	77	0.04633	0.04528	0.5	59053	2674	57716	565120	9.57
2005-2009	78	0.05173	0.05043	0.5	56379	2843	54958	507404	9.00
2005-2009	79	0.05717	0.05558	0.5	53536	2976	52048	452446	8.45
2005-2009	80	0.06541	0.06334	0.5	50561	3202	48960	400398	7.92
2005-2009	81	0.07270	0.07015	0.5	47358	3322	45697	351438	7.42
2005-2009	82	0.08108	0.07792	0.5	44036	3431	42321	305741	6.94
2005-2009	83	0.08930	0.08548	0.5	40605	3471	38870	263420	6.49
2005-2009	84	0.09957	0.09485	0.5	37134	3522	35373	224550	6.05
2005-2009	85	0.11105	0.10521	0.5	33612	3536	31844	189178	5.63
2005-2009	86	0.12408	0.11683	0.5	30076	3514	28319	157334	5.23
2005-2009	87	0.13969	0.13057	0.5	26562	3468	24828	129015	4.86
2005-2009	88	0.15540	0.14420	0.5	23094	3330	21428	104188	4.51
2005-2009	89	0.17415	0.16020	0.5	19763	3166	18180	82759	4.19
2005-2009	90	0.19288	0.17592	0.5	16597	2920	15137	64579	3.89
2005-2009	91	0.21231	0.19194	0.5	13678	2625	12365	49441	3.61
2005-2009	92	0.23759	0.21236	0.5	11052	2347	9879	37076	3.35
2005-2009	93	0.26208	0.23172	0.5	8705	2017	7697	27198	3.12
2005-2009	94	0.29429	0.25654	0.5	6688	1716	5830	19501	2.92
2005-2009	95	0.30910	0.26772	0.5	4972	1331	4307	13671	2.75
2005-2009	96	0.33652	0.28805	0.5	3641	1049	3117	9364	2.57
2005-2009	97	0.36509	0.30873	0.5	2592	800	2192	6247	2.41
2005-2009	98	0.39465	0.32961	0.5	1792	591	1497	4055	2.26
2005-2009	99	0.42499	0.35051	0.5	1201	421	991	2559	2.13
2005-2009	100	0.45592	0.37128	0.5	780	290	635	1568	2.01
2005-2009	101	0.48718	0.39175	0.5	491	192	394	932	1.90
2005-2009	102	0.51855	0.41178	0.5	298	123	237	538	1.80
2005-2009	103	0.54977	0.43123	0.5	176	76	138	301	1.72
2005-2009	104	0.58060	0.44998	0.5	100	45	77	163	1.64
2005-2009	105	0.61082	0.46791	0.5	55	26	42	86	1.57
2005-2009	106	0.64021	0.48497	0.5	29	14	22	44	1.50
2005-2009	107	0.66858	0.50108	0.5	15	8	11	22	1.45
2005-2009	108	0.69578	0.51620	0.5	8	4	6	11	1.40
2005-2009	109	0.72168	0.53032	0.5	4	2	3	5	1.36
2005-2009	110+	0.74618	1.00000	1.34	2	2	2	2	1.34
2010-2014	0	0.00583	0.00579	0.06	100000	579	99456	7728093	77.28
2010-2014	1	0.00034	0.00034	0.5	99421	34	99404	7628637	76.73
2010-2014	2	0.00023	0.00023	0.5	99387	23	99375	7529234	75.76
2010-2014	3	0.00018	0.00018	0.5	99364	18	99355	7429859	74.77
2010-2014	4	0.00016	0.00016	0.5	99346	16	99338	7330504	73.79
2010-2014	5	0.00011	0.00011	0.5	99330	11	99325	7231166	72.80
2010-2014	6	0.00012	0.00012	0.5	99319	12	99313	7131841	71.81
2010-2014	7	0.00011	0.00011	0.5	99307	11	99301	7032528	70.82
2010-2014	8	0.00011	0.00011	0.5	99296	10	99290	6933227	69.82
2010-2014	9	0.00012	0.00012	0.5	99285	12	99279	6833937	68.83
2010-2014	10	0.00010	0.00010	0.5	99273	10	99268	6734658	67.84
2010-2014	11	0.00011	0.00011	0.5	99263	11	99257	6635390	66.85
2010-2014	12	0.00013	0.00013	0.5	99252	13	99246	6536133	65.85
2010-2014	13	0.00014	0.00014	0.5	99239	14	99232	6436887	64.86
2010-2014	14	0.00020	0.00020	0.5	99225	20	99215	6337655	63.87
2010-2014	15	0.00024	0.00024	0.5	99205	24	99193	6238440	62.88
2010-2014	16	0.00035	0.00035	0.5	99181	35	99164	6139247	61.90
2010-2014	17	0.00054	0.00054	0.5	99146	53	99120	6040083	60.92
2010-2014	18	0.00074	0.00074	0.5	99093	73	99056	5940963	59.95
2010-2014	19	0.00086	0.00086	0.5	99020	85	98977	5841907	59.00
2010-2014	20	0.00099	0.00099	0.5	98934	98	98885	5742929	58.05
2010-2014	21	0.00117	0.00117	0.5	98836	116	98778	5644044	57.11
2010-2014	22	0.00126	0.00126	0.5	98721	124	98658	5545266	56.17
2010-2014	23	0.00126	0.00126	0.5	98596	124	98534	5446607	55.24
2010-2014	24	0.00130	0.00130	0.5	98472	128	98408	5348073	54.31
2010-2014	25	0.00122	0.00122	0.5	98344	120	98284	5249665	53.38
2010-2014	26	0.00128	0.00127	0.5	98224	125	98162	5151381	52.45
2010-2014	27	0.00126	0.00126	0.5	98099	124	98037	5053219	51.51
2010-2014	28	0.00128	0.00127	0.5	97975	125	97913	4955182	50.58
2010-2014	29	0.00128	0.00128	0.5	97851	125	97788	4857269	49.64
2010-2014	30	0.00126	0.00126	0.5	97726	123	97664	4759481	48.70
2010-2014	31	0.00132	0.00132	0.5	97603	129	97538	4661817	47.76
2010-2014	32	0.00142	0.00142	0.5	97473	138	97404	4564279	46.83
2010-2014	33	0.00141	0.00141	0.5	97335	137	97267	4466874	45.89
2010-2014	34	0.00139	0.00139	0.5	97198	135	97131	4369607	44.96
2010-2014	35	0.00142	0.00142	0.5	97064	138	96995	4272476	44.02
2010-2014	36	0.00154	0.00154	0.5	96926	150	96851	4175482	43.08
2010-2014	37	0.00153	0.00153	0.5	96776	148	96702	4078631	42.15
2010-2014	38	0.00160	0.00160	0.5	96628	154	96551	3981929	41.21
2010-2014	39	0.00171	0.00171	0.5	96474	165	96391	3885378	40.27
2010-2014	40	0.00185	0.00185	0.5	96309	178	96220	3788986	39.34
2010-2014	41	0.00202	0.00202	0.5	96131	194	96034	3692766	38.41
2010-2014	42	0.00219	0.00219	0.5	95938	210	95832	3596732	37.49
2010-2014	43	0.00239	0.00239	0.5	95727	229	95613	3500899	36.57
2010-2014	44	0.00252	0.00251	0.5	95499	240	95379	3405286	35.66
2010-2014	45	0.00282	0.00282	0.5	95259	269	95124	3309908	34.75
2010-2014	46	0.00313	0.00312	0.5	94990	296	94842	3214783	33.84
2010-2014	47	0.00350	0.00349	0.5	94694	331	94528	3119942	32.95
2010-2014	48	0.00377	0.00376	0.5	94363	355	94185	3025413	32.06
2010-2014	49	0.00410	0.00409	0.5	94008	384	93815	2931228	31.18
2010-2014	50	0.00456	0.00455	0.5	93623	426	93410	2837413	30.31
2010-2014	51	0.00495	0.00494	0.5	93197	460	92967	2744003	29.44
2010-2014	52	0.00538	0.00536	0.5	92737	497	92488	2651036	28.59
2010-2014	53	0.00592	0.00590	0.5	92240	544	91968	2558547	27.74
2010-2014	54	0.00631	0.00629	0.5	91695	576	91407	2466580	26.90
2010-2014	55	0.00684	0.00681	0.5	91119	621	90809	2375172	26.07
2010-2014	56	0.00749	0.00747	0.5	90498	676	90160	2284364	25.24
2010-2014	57	0.00793	0.00790	0.5	89823	710	89468	2194203	24.43
2010-2014	58	0.00888	0.00884	0.5	89113	788	88719	2104736	23.62
2010-2014	59	0.00922	0.00918	0.5	88325	810	87920	2016017	22.83
2010-2014	60	0.01024	0.01019	0.5	87514	892	87068	1928097	22.03
2010-2014	61	0.01088	0.01082	0.5	86622	937	86154	1841029	21.25
2010-2014	62	0.01161	0.01155	0.5	85685	989	85190	1754875	20.48
2010-2014	63	0.01277	0.01269	0.5	84696	1074	84158	1669684	19.71
2010-2014	64	0.01361	0.01352	0.5	83621	1130	83056	1585526	18.96
2010-2014	65	0.01445	0.01435	0.5	82491	1184	81899	1502470	18.21
2010-2014	66	0.01562	0.01550	0.5	81307	1260	80677	1420571	17.47
2010-2014	67	0.01721	0.01706	0.5	80047	1365	79364	1339894	16.74
2010-2014	68	0.01883	0.01866	0.5	78682	1468	77948	1260530	16.02
2010-2014	69	0.02037	0.02016	0.5	77214	1557	76435	1182582	15.32
2010-2014	70	0.02211	0.02187	0.5	75657	1655	74830	1106146	14.62
2010-2014	71	0.02469	0.02439	0.5	74002	1805	73100	1031317	13.94
2010-2014	72	0.02627	0.02593	0.5	72198	1872	71262	958217	13.27
2010-2014	73	0.02879	0.02839	0.5	70326	1996	69328	886955	12.61
2010-2014	74	0.03151	0.03102	0.5	68330	2120	67270	817627	11.97
2010-2014	75	0.03455	0.03396	0.5	66210	2248	65086	750358	11.33
2010-2014	76	0.03809	0.03738	0.5	63961	2391	62766	685272	10.71
2010-2014	77	0.04273	0.04183	0.5	61571	2576	60283	622506	10.11
2010-2014	78	0.04626	0.04522	0.5	58995	2668	57661	562223	9.53
2010-2014	79	0.05090	0.04964	0.5	56327	2796	54929	504562	8.96
2010-2014	80	0.05645	0.05490	0.5	53531	2939	52062	449632	8.40
2010-2014	81	0.06421	0.06222	0.5	50592	3148	49019	397570	7.86
2010-2014	82	0.07216	0.06965	0.5	47445	3305	45792	348552	7.35
2010-2014	83	0.08111	0.07795	0.5	44140	3441	42420	302760	6.86
2010-2014	84	0.09003	0.08615	0.5	40699	3506	38946	260340	6.40
2010-2014	85	0.10060	0.09578	0.5	37193	3562	35412	221394	5.95
2010-2014	86	0.11175	0.10583	0.5	33631	3559	31851	185982	5.53
2010-2014	87	0.12618	0.11869	0.5	30071	3569	28287	154131	5.13
2010-2014	88	0.14187	0.13247	0.5	26502	3511	24747	125844	4.75
2010-2014	89	0.15875	0.14708	0.5	22991	3382	21301	101097	4.40
2010-2014	90	0.18006	0.16519	0.5	19610	3239	17990	79796	4.07
2010-2014	91	0.19885	0.18087	0.5	16371	2961	14890	61806	3.78
2010-2014	92	0.22065	0.19873	0.5	13410	2665	12077	46916	3.50
2010-2014	93	0.25110	0.22309	0.5	10745	2397	9546	34839	3.24
2010-2014	94	0.27459	0.24144	0.5	8348	2016	7340	25292	3.03
2010-2014	95	0.29522	0.25725	0.5	6332	1629	5518	17952	2.84
2010-2014	96	0.32309	0.27816	0.5	4703	1308	4049	12435	2.64
2010-2014	97	0.35228	0.29952	0.5	3395	1017	2887	8386	2.47
2010-2014	98	0.38261	0.32117	0.5	2378	764	1996	5499	2.31
2010-2014	99	0.41389	0.34293	0.5	1614	554	1338	3503	2.17
2010-2014	100	0.44588	0.36460	0.5	1061	387	867	2165	2.04
2010-2014	101	0.47832	0.38600	0.5	674	260	544	1298	1.93
2010-2014	102	0.51095	0.40698	0.5	414	168	330	754	1.82
2010-2014	103	0.54348	0.42735	0.5	245	105	193	424	1.73
2010-2014	104	0.57565	0.44699	0.5	141	63	109	231	1.65
2010-2014	105	0.60718	0.46578	0.5	78	36	60	122	1.57
2010-2014	106	0.63785	0.48361	0.5	42	20	31	63	1.51
2010-2014	107	0.66744	0.50043	0.5	21	11	16	31	1.45
2010-2014	108	0.69576	0.51619	0.5	11	6	8	15	1.40
2010-2014	109	0.72267	0.53085	0.5	5	3	4	7	1.36
2010-2014	110+	0.74806	1.00000	1.34	2	2	3	3	1.34
2015-2019	0	0.00528	0.00525	0.06	100000	525	99506	7739171	77.39
2015-2019	1	0.00030	0.00030	0.5	99475	30	99460	7639666	76.80
2015-2019	2	0.00021	0.00021	0.5	99445	21	99434	7540206	75.82
2015-2019	3	0.00016	0.00016	0.5	99424	16	99416	7440772	74.84
2015-2019	4	0.00014	0.00014	0.5	99408	14	99401	7341356	73.85
2015-2019	5	0.00012	0.00012	0.5	99394	12	99388	7241955	72.86
2015-2019	6	0.00010	0.00010	0.5	99382	10	99377	7142567	71.87
2015-2019	7	0.00012	0.00012	0.5	99372	11	99366	7043190	70.88
2015-2019	8	0.00012	0.00012	0.5	99361	12	99355	6943824	69.89
2015-2019	9	0.00010	0.00010	0.5	99349	10	99344	6844469	68.89
2015-2019	10	0.00011	0.00011	0.5	99339	11	99333	6745125	67.90
2015-2019	11	0.00012	0.00012	0.5	99328	12	99322	6645792	66.91
2015-2019	12	0.00014	0.00014	0.5	99316	14	99309	6546470	65.92
2015-2019	13	0.00017	0.00017	0.5	99302	17	99294	6447161	64.92
2015-2019	14	0.00019	0.00019	0.5	99286	19	99276	6347867	63.94
2015-2019	15	0.00026	0.00026	0.5	99267	25	99254	6248591	62.95
2015-2019	16	0.00035	0.00035	0.5	99241	35	99224	6149337	61.96
2015-2019	17	0.00042	0.00042	0.5	99206	41	99186	6050113	60.99
2015-2019	18	0.00064	0.00064	0.5	99165	63	99134	5950927	60.01
2015-2019	19	0.00078	0.00078	0.5	99102	78	99063	5851794	59.05
2015-2019	20	0.00098	0.00098	0.5	99024	97	98976	5752731	58.09
2015-2019	21	0.00112	0.00112	0.5	98927	111	98871	5653755	57.15
2015-2019	22	0.00126	0.00126	0.5	98816	125	98754	5554884	56.21
2015-2019	23	0.00133	0.00133	0.5	98691	131	98626	5456130	55.28
2015-2019	24	0.00143	0.00143	0.5	98560	141	98490	5357505	54.36
2015-2019	25	0.00152	0.00151	0.5	98419	149	98345	5259015	53.43
2015-2019	26	0.00158	0.00158	0.5	98270	155	98192	5160670	52.52
2015-2019	27	0.00163	0.00163	0.5	98115	160	98035	5062478	51.60
2015-2019	28	0.00168	0.00167	0.5	97955	164	97873	4964443	50.68
2015-2019	29	0.00166	0.00166	0.5	97791	162	97710	4866570	49.77
2015-2019	30	0.00174	0.00174	0.5	97629	170	97544	4768860	48.85
2015-2019	31	0.00180	0.00180	0.5	97459	175	97371	4671316	47.93
2015-2019	32	0.00181	0.00181	0.5	97284	176	97196	4573944	47.02
2015-2019	33	0.00188	0.00187	0.5	97108	182	97017	4476749	46.10
2015-2019	34	0.00194	0.00193	0.5	96925	187	96832	4379732	45.19
2015-2019	35	0.00197	0.00196	0.5	96738	190	96643	4282901	44.27
2015-2019	36	0.00199	0.00199	0.5	96548	192	96452	4186257	43.36
2015-2019	37	0.00208	0.00208	0.5	96356	201	96255	4089806	42.44
2015-2019	38	0.00217	0.00217	0.5	96155	208	96051	3993550	41.53
2015-2019	39	0.00230	0.00229	0.5	95947	220	95837	3897499	40.62
2015-2019	40	0.00229	0.00229	0.5	95727	219	95617	3801662	39.71
2015-2019	41	0.00239	0.00239	0.5	95508	228	95394	3706045	38.80
2015-2019	42	0.00240	0.00239	0.5	95280	228	95166	3610652	37.90
2015-2019	43	0.00250	0.00249	0.5	95051	237	94933	3515486	36.99
2015-2019	44	0.00271	0.00271	0.5	94815	257	94686	3420553	36.08
2015-2019	45	0.00294	0.00294	0.5	94558	278	94419	3325867	35.17
2015-2019	46	0.00320	0.00320	0.5	94280	302	94129	3231448	34.28
2015-2019	47	0.00339	0.00338	0.5	93978	318	93819	3137319	33.38
2015-2019	48	0.00362	0.00362	0.5	93660	339	93491	3043500	32.50
2015-2019	49	0.00407	0.00406	0.5	93322	379	93132	2950009	31.61
2015-2019	50	0.00447	0.00446	0.5	92943	414	92736	2856876	30.74
2015-2019	51	0.00489	0.00488	0.5	92528	452	92302	2764141	29.87
2015-2019	52	0.00538	0.00536	0.5	92077	494	91830	2671838	29.02
2015-2019	53	0.00575	0.00573	0.5	91583	525	91320	2580009	28.17
2015-2019	54	0.00642	0.00640	0.5	91058	583	90766	2488688	27.33
2015-2019	55	0.00696	0.00694	0.5	90475	628	90161	2397922	26.50
2015-2019	56	0.00733	0.00731	0.5	89847	657	89519	2307760	25.69
2015-2019	57	0.00806	0.00803	0.5	89191	716	88833	2218241	24.87
2015-2019	58	0.00853	0.00849	0.5	88475	751	88099	2129409	24.07
2015-2019	59	0.00935	0.00930	0.5	87723	816	87315	2041310	23.27
2015-2019	60	0.00994	0.00989	0.5	86907	859	86478	1953994	22.48
2015-2019	61	0.01072	0.01066	0.5	86048	917	85589	1867517	21.70
2015-2019	62	0.01171	0.01164	0.5	85131	991	84635	1781927	20.93
2015-2019	63	0.01272	0.01264	0.5	84140	1063	83608	1697292	20.17
2015-2019	64	0.01344	0.01335	0.5	83076	1109	82522	1613684	19.42
2015-2019	65	0.01472	0.01461	0.5	81967	1198	81368	1531162	18.68
2015-2019	66	0.01551	0.01539	0.5	80769	1243	80147	1449794	17.95
2015-2019	67	0.01653	0.01640	0.5	79526	1304	78874	1369646	17.22
2015-2019	68	0.01772	0.01757	0.5	78222	1374	77535	1290773	16.50
2015-2019	69	0.01935	0.01916	0.5	76848	1473	76111	1213238	15.79
2015-2019	70	0.02093	0.02072	0.5	75375	1561	74594	1137127	15.09
2015-2019	71	0.02300	0.02274	0.5	73813	1678	72974	1062533	14.39
2015-2019	72	0.02535	0.02503	0.5	72135	1806	71232	989558	13.72
2015-2019	73	0.02723	0.02687	0.5	70329	1889	69385	918326	13.06
2015-2019	74	0.03036	0.02991	0.5	68440	2047	67416	848942	12.40
2015-2019	75	0.03313	0.03259	0.5	66393	2164	65311	781525	11.77
2015-2019	76	0.03665	0.03599	0.5	64229	2312	63073	716214	11.15
2015-2019	77	0.04012	0.03933	0.5	61917	2435	60700	653141	10.55
2015-2019	78	0.04347	0.04254	0.5	59482	2531	58217	592441	9.96
2015-2019	79	0.04865	0.04749	0.5	56952	2705	55599	534224	9.38
2015-2019	80	0.05405	0.05263	0.5	54247	2855	52820	478625	8.82
2015-2019	81	0.05914	0.05744	0.5	51392	2952	49916	425805	8.29
2015-2019	82	0.06614	0.06402	0.5	48440	3101	46890	375889	7.76
2015-2019	83	0.07295	0.07038	0.5	45339	3191	43744	328999	7.26
2015-2019	84	0.08094	0.07780	0.5	42148	3279	40509	285255	6.77
2015-2019	85	0.09020	0.08631	0.5	38869	3355	37192	244746	6.30
2015-2019	86	0.10279	0.09776	0.5	35515	3472	33779	207554	5.84
2015-2019	87	0.11600	0.10964	0.5	32042	3513	30286	173776	5.42
2015-2019	88	0.13066	0.12265	0.5	28529	3499	26780	143490	5.03
2015-2019	89	0.14568	0.13579	0.5	25030	3399	23331	116710	4.66
2015-2019	90	0.16421	0.15175	0.5	21631	3283	19990	93379	4.32
2015-2019	91	0.18241	0.16716	0.5	18349	3067	16815	73389	4.00
2015-2019	92	0.20721	0.18776	0.5	15282	2869	13847	56574	3.70
2015-2019	93	0.22840	0.20499	0.5	12412	2544	11140	42727	3.44
2015-2019	94	0.25425	0.22557	0.5	9868	2226	8755	31587	3.20
2015-2019	95	0.27561	0.24223	0.5	7642	1851	6716	22832	2.99
2015-2019	96	0.30242	0.26270	0.5	5791	1521	5030	16116	2.78
2015-2019	97	0.33066	0.28375	0.5	4270	1211	3664	11086	2.60
2015-2019	98	0.36017	0.30521	0.5	3058	933	2591	7422	2.43
2015-2019	99	0.39078	0.32690	0.5	2125	695	1777	4830	2.27
2015-2019	100	0.42227	0.34865	0.5	1430	499	1181	3053	2.13
2015-2019	101	0.45440	0.37027	0.5	932	345	759	1872	2.01
2015-2019	102	0.48692	0.39159	0.5	587	230	472	1113	1.90
2015-2019	103	0.51955	0.41242	0.5	357	147	283	641	1.80
2015-2019	104	0.55202	0.43261	0.5	210	91	164	358	1.71
2015-2019	105	0.58404	0.45204	0.5	119	54	92	193	1.63
2015-2019	106	0.61538	0.47058	0.5	65	31	50	101	1.56
2015-2019	107	0.64578	0.48816	0.5	35	17	26	52	1.49
2015-2019	108	0.67505	0.50470	0.5	18	9	13	25	1.44
2015-2019	109	0.70301	0.52017	0.5	9	5	6	12	1.40
2015-2019	110+	0.72954	1.00000	1.37	4	4	6	6	1.37
