Div2: Mid-Atlantic, Lifetables (period 1x5), Females Last modified: 20 Dec 2020, MPv5 (May07) 

Year     	Age	mx	qx	ax	lx	dx	Lx	Tx	ex
1960-1964	0	0.02109	0.02070	0.11	100000	2070	98162	7299732	73.00
1960-1964	1	0.00125	0.00125	0.5	97930	122	97869	7201570	73.54
1960-1964	2	0.00076	0.00076	0.5	97808	75	97771	7103701	72.63
1960-1964	3	0.00063	0.00063	0.5	97733	61	97703	7005930	71.68
1960-1964	4	0.00051	0.00051	0.5	97672	49	97647	6908228	70.73
1960-1964	5	0.00046	0.00046	0.5	97623	45	97600	6810580	69.76
1960-1964	6	0.00038	0.00038	0.5	97577	37	97559	6712980	68.80
1960-1964	7	0.00033	0.00033	0.5	97540	33	97524	6615422	67.82
1960-1964	8	0.00031	0.00031	0.5	97508	30	97493	6517898	66.84
1960-1964	9	0.00031	0.00031	0.5	97478	30	97462	6420405	65.87
1960-1964	10	0.00025	0.00025	0.5	97447	24	97435	6322943	64.89
1960-1964	11	0.00026	0.00026	0.5	97423	26	97410	6225508	63.90
1960-1964	12	0.00026	0.00026	0.5	97397	25	97384	6128098	62.92
1960-1964	13	0.00028	0.00028	0.5	97372	27	97358	6030714	61.93
1960-1964	14	0.00032	0.00032	0.5	97345	31	97329	5933355	60.95
1960-1964	15	0.00037	0.00037	0.5	97314	36	97295	5836026	59.97
1960-1964	16	0.00040	0.00040	0.5	97277	39	97258	5738731	58.99
1960-1964	17	0.00044	0.00044	0.5	97238	43	97217	5641473	58.02
1960-1964	18	0.00053	0.00053	0.5	97196	51	97170	5544256	57.04
1960-1964	19	0.00050	0.00050	0.5	97145	49	97120	5447086	56.07
1960-1964	20	0.00057	0.00057	0.5	97096	56	97068	5349965	55.10
1960-1964	21	0.00064	0.00064	0.5	97040	62	97009	5252898	54.13
1960-1964	22	0.00061	0.00061	0.5	96978	59	96949	5155889	53.17
1960-1964	23	0.00063	0.00063	0.5	96919	61	96889	5058940	52.20
1960-1964	24	0.00071	0.00071	0.5	96858	69	96824	4962052	51.23
1960-1964	25	0.00074	0.00074	0.5	96790	71	96754	4865228	50.27
1960-1964	26	0.00079	0.00079	0.5	96718	76	96680	4768474	49.30
1960-1964	27	0.00083	0.00082	0.5	96642	80	96602	4671793	48.34
1960-1964	28	0.00092	0.00092	0.5	96563	89	96518	4575191	47.38
1960-1964	29	0.00096	0.00096	0.5	96474	93	96428	4478673	46.42
1960-1964	30	0.00106	0.00105	0.5	96381	102	96330	4382245	45.47
1960-1964	31	0.00109	0.00109	0.5	96279	105	96227	4285915	44.52
1960-1964	32	0.00120	0.00120	0.5	96175	115	96117	4189688	43.56
1960-1964	33	0.00127	0.00127	0.5	96060	122	95999	4093570	42.61
1960-1964	34	0.00136	0.00136	0.5	95938	130	95873	3997571	41.67
1960-1964	35	0.00148	0.00148	0.5	95808	142	95737	3901698	40.72
1960-1964	36	0.00160	0.00160	0.5	95666	153	95590	3805961	39.78
1960-1964	37	0.00176	0.00176	0.5	95513	168	95429	3710371	38.85
1960-1964	38	0.00195	0.00194	0.5	95345	185	95252	3614942	37.91
1960-1964	39	0.00209	0.00209	0.5	95160	199	95060	3519690	36.99
1960-1964	40	0.00229	0.00228	0.5	94961	217	94853	3424629	36.06
1960-1964	41	0.00247	0.00246	0.5	94744	233	94627	3329777	35.14
1960-1964	42	0.00286	0.00285	0.5	94511	270	94376	3235149	34.23
1960-1964	43	0.00295	0.00294	0.5	94241	277	94102	3140773	33.33
1960-1964	44	0.00314	0.00313	0.5	93964	295	93816	3046671	32.42
1960-1964	45	0.00368	0.00367	0.5	93669	344	93497	2952855	31.52
1960-1964	46	0.00391	0.00391	0.5	93325	365	93143	2859358	30.64
1960-1964	47	0.00438	0.00437	0.5	92960	406	92757	2766215	29.76
1960-1964	48	0.00461	0.00460	0.5	92555	426	92342	2673458	28.89
1960-1964	49	0.00512	0.00511	0.5	92128	471	91893	2581116	28.02
1960-1964	50	0.00576	0.00574	0.5	91658	526	91395	2489223	27.16
1960-1964	51	0.00601	0.00600	0.5	91132	546	90859	2397828	26.31
1960-1964	52	0.00684	0.00681	0.5	90585	617	90277	2306970	25.47
1960-1964	53	0.00711	0.00709	0.5	89968	638	89649	2216693	24.64
1960-1964	54	0.00756	0.00754	0.5	89331	673	88994	2127044	23.81
1960-1964	55	0.00836	0.00832	0.5	88657	738	88289	2038050	22.99
1960-1964	56	0.00922	0.00917	0.5	87920	807	87516	1949761	22.18
1960-1964	57	0.00975	0.00970	0.5	87113	845	86691	1862245	21.38
1960-1964	58	0.01090	0.01084	0.5	86268	935	85800	1775554	20.58
1960-1964	59	0.01169	0.01162	0.5	85333	991	84837	1689754	19.80
1960-1964	60	0.01307	0.01298	0.5	84341	1095	83794	1604917	19.03
1960-1964	61	0.01350	0.01341	0.5	83246	1116	82688	1521123	18.27
1960-1964	62	0.01625	0.01612	0.5	82130	1324	81468	1438435	17.51
1960-1964	63	0.01719	0.01704	0.5	80806	1377	80117	1356967	16.79
1960-1964	64	0.01825	0.01808	0.5	79428	1436	78710	1276850	16.08
1960-1964	65	0.02141	0.02118	0.5	77992	1652	77166	1198140	15.36
1960-1964	66	0.02173	0.02150	0.5	76340	1641	75519	1120974	14.68
1960-1964	67	0.02508	0.02477	0.5	74699	1850	73774	1045455	14.00
1960-1964	68	0.02775	0.02737	0.5	72849	1994	71852	971681	13.34
1960-1964	69	0.02956	0.02913	0.5	70855	2064	69823	899829	12.70
1960-1964	70	0.03498	0.03438	0.5	68791	2365	67608	830007	12.07
1960-1964	71	0.03468	0.03408	0.5	66426	2264	65294	762398	11.48
1960-1964	72	0.04201	0.04115	0.5	64162	2640	62842	697105	10.86
1960-1964	73	0.04479	0.04381	0.5	61522	2695	60174	634263	10.31
1960-1964	74	0.04907	0.04790	0.5	58826	2818	57418	574089	9.76
1960-1964	75	0.05657	0.05502	0.5	56009	3081	54468	516672	9.22
1960-1964	76	0.05849	0.05682	0.5	52927	3008	51424	462203	8.73
1960-1964	77	0.06278	0.06087	0.5	49920	3039	48400	410780	8.23
1960-1964	78	0.07263	0.07008	0.5	46881	3286	45238	362380	7.73
1960-1964	79	0.07871	0.07573	0.5	43595	3302	41944	317141	7.27
1960-1964	80	0.09358	0.08939	0.5	40294	3602	38493	275197	6.83
1960-1964	81	0.09252	0.08843	0.5	36692	3245	35069	236704	6.45
1960-1964	82	0.10799	0.10246	0.5	33447	3427	31733	201635	6.03
1960-1964	83	0.11867	0.11202	0.5	30020	3363	28339	169902	5.66
1960-1964	84	0.13141	0.12331	0.5	26657	3287	25014	141563	5.31
1960-1964	85	0.14671	0.13669	0.5	23370	3194	21773	116549	4.99
1960-1964	86	0.15892	0.14722	0.5	20176	2970	18691	94777	4.70
1960-1964	87	0.17161	0.15804	0.5	17205	2719	15846	76086	4.42
1960-1964	88	0.18564	0.16987	0.5	14486	2461	13256	60240	4.16
1960-1964	89	0.20167	0.18320	0.5	12025	2203	10924	46984	3.91
1960-1964	90	0.22790	0.20459	0.5	9822	2010	8818	36061	3.67
1960-1964	91	0.22636	0.20334	0.5	7813	1589	7018	27243	3.49
1960-1964	92	0.25601	0.22695	0.5	6224	1413	5518	20225	3.25
1960-1964	93	0.28200	0.24715	0.5	4812	1189	4217	14707	3.06
1960-1964	94	0.29685	0.25849	0.5	3622	936	3154	10490	2.90
1960-1964	95	0.32003	0.27588	0.5	2686	741	2316	7336	2.73
1960-1964	96	0.34302	0.29281	0.5	1945	570	1660	5020	2.58
1960-1964	97	0.36678	0.30994	0.5	1375	426	1162	3360	2.44
1960-1964	98	0.39121	0.32721	0.5	949	311	794	2197	2.32
1960-1964	99	0.41619	0.34450	0.5	639	220	529	1404	2.20
1960-1964	100	0.44161	0.36174	0.5	419	151	343	875	2.09
1960-1964	101	0.46734	0.37882	0.5	267	101	217	532	1.99
1960-1964	102	0.49324	0.39567	0.5	166	66	133	316	1.90
1960-1964	103	0.51919	0.41219	0.5	100	41	80	182	1.82
1960-1964	104	0.54502	0.42831	0.5	59	25	46	103	1.74
1960-1964	105	0.57062	0.44396	0.5	34	15	26	56	1.68
1960-1964	106	0.59585	0.45908	0.5	19	9	14	30	1.61
1960-1964	107	0.62058	0.47362	0.5	10	5	8	16	1.56
1960-1964	108	0.64469	0.48754	0.5	5	3	4	8	1.51
1960-1964	109	0.66810	0.50081	0.5	3	1	2	4	1.47
1960-1964	110+	0.69070	1.00000	1.45	1	1	2	2	1.45
1965-1969	0	0.01935	0.01902	0.11	100000	1902	98302	7355415	73.55
1965-1969	1	0.00109	0.00109	0.5	98098	107	98044	7257114	73.98
1965-1969	2	0.00074	0.00074	0.5	97991	72	97955	7159070	73.06
1965-1969	3	0.00056	0.00056	0.5	97919	55	97891	7061115	72.11
1965-1969	4	0.00049	0.00049	0.5	97863	48	97840	6963224	71.15
1965-1969	5	0.00042	0.00042	0.5	97816	41	97796	6865384	70.19
1965-1969	6	0.00035	0.00035	0.5	97775	34	97758	6767589	69.22
1965-1969	7	0.00033	0.00033	0.5	97741	32	97725	6669831	68.24
1965-1969	8	0.00028	0.00028	0.5	97709	28	97695	6572106	67.26
1965-1969	9	0.00027	0.00027	0.5	97681	26	97668	6474410	66.28
1965-1969	10	0.00025	0.00025	0.5	97655	25	97643	6376742	65.30
1965-1969	11	0.00024	0.00024	0.5	97630	24	97619	6279099	64.31
1965-1969	12	0.00026	0.00026	0.5	97607	26	97594	6181481	63.33
1965-1969	13	0.00027	0.00027	0.5	97581	27	97568	6083887	62.35
1965-1969	14	0.00030	0.00030	0.5	97555	29	97540	5986319	61.36
1965-1969	15	0.00039	0.00039	0.5	97525	38	97506	5888779	60.38
1965-1969	16	0.00042	0.00042	0.5	97487	41	97467	5791272	59.41
1965-1969	17	0.00048	0.00048	0.5	97446	46	97423	5693806	58.43
1965-1969	18	0.00056	0.00056	0.5	97400	55	97373	5596383	57.46
1965-1969	19	0.00060	0.00060	0.5	97345	58	97316	5499010	56.49
1965-1969	20	0.00062	0.00062	0.5	97287	60	97257	5401694	55.52
1965-1969	21	0.00064	0.00064	0.5	97227	63	97196	5304437	54.56
1965-1969	22	0.00066	0.00066	0.5	97165	65	97132	5207241	53.59
1965-1969	23	0.00067	0.00067	0.5	97100	65	97067	5110109	52.63
1965-1969	24	0.00072	0.00072	0.5	97035	70	97000	5013041	51.66
1965-1969	25	0.00075	0.00075	0.5	96965	73	96928	4916042	50.70
1965-1969	26	0.00075	0.00075	0.5	96892	73	96855	4819113	49.74
1965-1969	27	0.00081	0.00081	0.5	96819	79	96780	4722258	48.77
1965-1969	28	0.00088	0.00088	0.5	96740	85	96698	4625478	47.81
1965-1969	29	0.00092	0.00092	0.5	96655	88	96611	4528780	46.86
1965-1969	30	0.00103	0.00103	0.5	96567	100	96517	4432169	45.90
1965-1969	31	0.00109	0.00109	0.5	96467	106	96414	4335653	44.94
1965-1969	32	0.00121	0.00121	0.5	96361	116	96303	4239238	43.99
1965-1969	33	0.00125	0.00125	0.5	96245	120	96185	4142935	43.05
1965-1969	34	0.00145	0.00144	0.5	96124	139	96055	4046751	42.10
1965-1969	35	0.00160	0.00160	0.5	95986	153	95909	3950695	41.16
1965-1969	36	0.00163	0.00163	0.5	95832	156	95754	3854787	40.22
1965-1969	37	0.00179	0.00179	0.5	95676	171	95591	3759032	39.29
1965-1969	38	0.00193	0.00192	0.5	95505	184	95413	3663442	38.36
1965-1969	39	0.00217	0.00217	0.5	95322	206	95218	3568028	37.43
1965-1969	40	0.00236	0.00235	0.5	95115	224	95003	3472810	36.51
1965-1969	41	0.00248	0.00248	0.5	94891	235	94774	3377807	35.60
1965-1969	42	0.00286	0.00285	0.5	94656	270	94521	3283033	34.68
1965-1969	43	0.00302	0.00301	0.5	94386	284	94244	3188512	33.78
1965-1969	44	0.00318	0.00317	0.5	94102	299	93953	3094268	32.88
1965-1969	45	0.00360	0.00359	0.5	93803	337	93635	3000315	31.99
1965-1969	46	0.00390	0.00389	0.5	93466	364	93284	2906680	31.10
1965-1969	47	0.00423	0.00422	0.5	93103	393	92906	2813396	30.22
1965-1969	48	0.00473	0.00472	0.5	92709	437	92491	2720490	29.34
1965-1969	49	0.00510	0.00509	0.5	92272	470	92037	2627999	28.48
1965-1969	50	0.00566	0.00565	0.5	91802	518	91543	2535962	27.62
1965-1969	51	0.00594	0.00593	0.5	91284	541	91013	2444419	26.78
1965-1969	52	0.00646	0.00643	0.5	90743	584	90451	2353405	25.93
1965-1969	53	0.00702	0.00699	0.5	90159	630	89844	2262954	25.10
1965-1969	54	0.00770	0.00767	0.5	89529	686	89186	2173110	24.27
1965-1969	55	0.00828	0.00825	0.5	88842	733	88476	2083924	23.46
1965-1969	56	0.00869	0.00865	0.5	88110	762	87728	1995448	22.65
1965-1969	57	0.00961	0.00957	0.5	87347	836	86929	1907720	21.84
1965-1969	58	0.01051	0.01045	0.5	86512	904	86059	1820791	21.05
1965-1969	59	0.01133	0.01126	0.5	85607	964	85125	1734731	20.26
1965-1969	60	0.01244	0.01237	0.5	84643	1047	84120	1649606	19.49
1965-1969	61	0.01310	0.01301	0.5	83596	1088	83052	1565486	18.73
1965-1969	62	0.01529	0.01518	0.5	82509	1252	81882	1482434	17.97
1965-1969	63	0.01556	0.01544	0.5	81256	1254	80629	1400551	17.24
1965-1969	64	0.01692	0.01678	0.5	80002	1343	79331	1319922	16.50
1965-1969	65	0.01997	0.01977	0.5	78659	1555	77882	1240592	15.77
1965-1969	66	0.02069	0.02048	0.5	77104	1579	76315	1162710	15.08
1965-1969	67	0.02336	0.02309	0.5	75526	1744	74654	1086395	14.38
1965-1969	68	0.02587	0.02554	0.5	73782	1884	72840	1011741	13.71
1965-1969	69	0.02774	0.02736	0.5	71897	1967	70914	938902	13.06
1965-1969	70	0.03176	0.03126	0.5	69931	2186	68838	867988	12.41
1965-1969	71	0.03227	0.03176	0.5	67745	2152	66669	799150	11.80
1965-1969	72	0.03957	0.03881	0.5	65593	2545	64320	732481	11.17
1965-1969	73	0.04215	0.04128	0.5	63048	2603	61746	668161	10.60
1965-1969	74	0.04608	0.04504	0.5	60445	2723	59084	606415	10.03
1965-1969	75	0.05361	0.05221	0.5	57722	3014	56216	547331	9.48
1965-1969	76	0.05601	0.05449	0.5	54709	2981	53218	491115	8.98
1965-1969	77	0.06066	0.05887	0.5	51728	3045	50205	437897	8.47
1965-1969	78	0.06939	0.06707	0.5	48682	3265	47050	387692	7.96
1965-1969	79	0.07476	0.07206	0.5	45417	3273	43781	340642	7.50
1965-1969	80	0.08826	0.08453	0.5	42144	3562	40363	296861	7.04
1965-1969	81	0.08875	0.08498	0.5	38582	3279	36943	256498	6.65
1965-1969	82	0.10212	0.09716	0.5	35303	3430	33588	219555	6.22
1965-1969	83	0.11430	0.10812	0.5	31873	3446	30150	185967	5.83
1965-1969	84	0.12465	0.11734	0.5	28427	3336	26759	155817	5.48
1965-1969	85	0.14085	0.13158	0.5	25091	3302	23441	129058	5.14
1965-1969	86	0.15023	0.13974	0.5	21790	3045	20267	105617	4.85
1965-1969	87	0.16464	0.15212	0.5	18745	2852	17319	85350	4.55
1965-1969	88	0.17743	0.16297	0.5	15894	2590	14598	68030	4.28
1965-1969	89	0.19424	0.17704	0.5	13303	2355	12126	53432	4.02
1965-1969	90	0.21871	0.19715	0.5	10948	2158	9869	41306	3.77
1965-1969	91	0.21942	0.19773	0.5	8790	1738	7921	31437	3.58
1965-1969	92	0.25148	0.22339	0.5	7052	1575	6264	23517	3.33
1965-1969	93	0.26382	0.23308	0.5	5476	1276	4838	17253	3.15
1965-1969	94	0.29314	0.25567	0.5	4200	1074	3663	12414	2.96
1965-1969	95	0.31009	0.26846	0.5	3126	839	2707	8751	2.80
1965-1969	96	0.33289	0.28539	0.5	2287	653	1961	6045	2.64
1965-1969	97	0.35649	0.30256	0.5	1634	494	1387	4084	2.50
1965-1969	98	0.38082	0.31991	0.5	1140	365	957	2697	2.37
1965-1969	99	0.40576	0.33732	0.5	775	261	644	1740	2.24
1965-1969	100	0.43119	0.35472	0.5	514	182	423	1095	2.13
1965-1969	101	0.45700	0.37200	0.5	331	123	270	673	2.03
1965-1969	102	0.48303	0.38907	0.5	208	81	168	403	1.94
1965-1969	103	0.50916	0.40584	0.5	127	52	101	235	1.85
1965-1969	104	0.53524	0.42224	0.5	76	32	60	134	1.77
1965-1969	105	0.56113	0.43819	0.5	44	19	34	74	1.70
1965-1969	106	0.58669	0.45362	0.5	25	11	19	40	1.64
1965-1969	107	0.61179	0.46848	0.5	13	6	10	21	1.58
1965-1969	108	0.63631	0.48273	0.5	7	3	5	11	1.53
1965-1969	109	0.66014	0.49632	0.5	4	2	3	5	1.49
1965-1969	110+	0.68319	1.00000	1.46	2	2	3	3	1.46
1970-1974	0	0.01576	0.01553	0.1	100000	1553	98597	7475634	74.76
1970-1974	1	0.00094	0.00094	0.5	98447	92	98400	7377036	74.93
1970-1974	2	0.00064	0.00064	0.5	98354	63	98323	7278636	74.00
1970-1974	3	0.00052	0.00052	0.5	98291	51	98266	7180313	73.05
1970-1974	4	0.00040	0.00040	0.5	98240	39	98220	7082048	72.09
1970-1974	5	0.00040	0.00040	0.5	98201	39	98181	6983827	71.12
1970-1974	6	0.00035	0.00035	0.5	98162	34	98145	6885646	70.15
1970-1974	7	0.00031	0.00031	0.5	98128	30	98113	6787501	69.17
1970-1974	8	0.00027	0.00027	0.5	98097	26	98084	6689389	68.19
1970-1974	9	0.00027	0.00027	0.5	98071	26	98058	6591304	67.21
1970-1974	10	0.00022	0.00022	0.5	98045	21	98035	6493246	66.23
1970-1974	11	0.00023	0.00023	0.5	98024	22	98013	6395211	65.24
1970-1974	12	0.00026	0.00026	0.5	98002	25	97989	6297198	64.26
1970-1974	13	0.00031	0.00031	0.5	97976	30	97961	6199210	63.27
1970-1974	14	0.00033	0.00033	0.5	97946	32	97930	6101248	62.29
1970-1974	15	0.00036	0.00036	0.5	97914	36	97897	6003318	61.31
1970-1974	16	0.00047	0.00047	0.5	97879	46	97856	5905421	60.33
1970-1974	17	0.00054	0.00054	0.5	97833	53	97806	5807566	59.36
1970-1974	18	0.00060	0.00060	0.5	97780	58	97751	5709759	58.39
1970-1974	19	0.00064	0.00064	0.5	97721	62	97690	5612009	57.43
1970-1974	20	0.00066	0.00066	0.5	97659	65	97627	5514319	56.47
1970-1974	21	0.00068	0.00068	0.5	97594	66	97561	5416692	55.50
1970-1974	22	0.00072	0.00072	0.5	97528	70	97493	5319131	54.54
1970-1974	23	0.00066	0.00066	0.5	97458	64	97426	5221638	53.58
1970-1974	24	0.00070	0.00070	0.5	97394	68	97359	5124212	52.61
1970-1974	25	0.00075	0.00075	0.5	97325	73	97289	5026853	51.65
1970-1974	26	0.00075	0.00075	0.5	97252	73	97216	4929564	50.69
1970-1974	27	0.00079	0.00079	0.5	97180	76	97141	4832348	49.73
1970-1974	28	0.00084	0.00084	0.5	97103	81	97063	4735207	48.76
1970-1974	29	0.00088	0.00088	0.5	97022	85	96979	4638144	47.81
1970-1974	30	0.00092	0.00092	0.5	96937	89	96892	4541165	46.85
1970-1974	31	0.00106	0.00106	0.5	96848	102	96797	4444273	45.89
1970-1974	32	0.00105	0.00105	0.5	96746	102	96695	4347476	44.94
1970-1974	33	0.00120	0.00120	0.5	96644	116	96586	4250781	43.98
1970-1974	34	0.00127	0.00127	0.5	96528	122	96467	4154196	43.04
1970-1974	35	0.00142	0.00142	0.5	96406	137	96337	4057729	42.09
1970-1974	36	0.00146	0.00146	0.5	96269	141	96199	3961392	41.15
1970-1974	37	0.00168	0.00168	0.5	96128	161	96048	3865193	40.21
1970-1974	38	0.00181	0.00181	0.5	95967	174	95880	3769145	39.28
1970-1974	39	0.00194	0.00194	0.5	95793	186	95700	3673265	38.35
1970-1974	40	0.00217	0.00217	0.5	95607	207	95504	3577565	37.42
1970-1974	41	0.00229	0.00229	0.5	95400	218	95291	3482061	36.50
1970-1974	42	0.00265	0.00265	0.5	95182	252	95056	3386770	35.58
1970-1974	43	0.00298	0.00298	0.5	94930	283	94789	3291714	34.68
1970-1974	44	0.00299	0.00298	0.5	94647	282	94506	3196925	33.78
1970-1974	45	0.00328	0.00328	0.5	94365	309	94211	3102419	32.88
1970-1974	46	0.00381	0.00380	0.5	94056	358	93877	3008208	31.98
1970-1974	47	0.00397	0.00396	0.5	93698	371	93513	2914331	31.10
1970-1974	48	0.00431	0.00430	0.5	93327	402	93126	2820819	30.23
1970-1974	49	0.00478	0.00477	0.5	92925	443	92704	2727692	29.35
1970-1974	50	0.00500	0.00498	0.5	92482	461	92252	2634989	28.49
1970-1974	51	0.00529	0.00528	0.5	92021	485	91779	2542737	27.63
1970-1974	52	0.00604	0.00603	0.5	91536	552	91260	2450958	26.78
1970-1974	53	0.00646	0.00644	0.5	90984	586	90691	2359698	25.94
1970-1974	54	0.00699	0.00696	0.5	90398	630	90083	2269007	25.10
1970-1974	55	0.00757	0.00754	0.5	89769	677	89430	2178924	24.27
1970-1974	56	0.00828	0.00824	0.5	89091	734	88724	2089494	23.45
1970-1974	57	0.00890	0.00886	0.5	88357	783	87966	2000769	22.64
1970-1974	58	0.00968	0.00963	0.5	87574	843	87153	1912804	21.84
1970-1974	59	0.01048	0.01043	0.5	86731	904	86279	1825651	21.05
1970-1974	60	0.01178	0.01172	0.5	85826	1005	85324	1739372	20.27
1970-1974	61	0.01235	0.01228	0.5	84821	1041	84300	1654049	19.50
1970-1974	62	0.01386	0.01376	0.5	83780	1153	83203	1569748	18.74
1970-1974	63	0.01434	0.01424	0.5	82627	1177	82039	1486545	17.99
1970-1974	64	0.01574	0.01562	0.5	81450	1272	80814	1404506	17.24
1970-1974	65	0.01808	0.01792	0.5	80178	1436	79460	1323692	16.51
1970-1974	66	0.01890	0.01873	0.5	78742	1474	78005	1244232	15.80
1970-1974	67	0.02123	0.02101	0.5	77267	1623	76456	1166228	15.09
1970-1974	68	0.02235	0.02210	0.5	75644	1672	74808	1089772	14.41
1970-1974	69	0.02507	0.02476	0.5	73972	1832	73056	1014964	13.72
1970-1974	70	0.02868	0.02827	0.5	72140	2039	71121	941907	13.06
1970-1974	71	0.02998	0.02953	0.5	70101	2070	69066	870787	12.42
1970-1974	72	0.03476	0.03416	0.5	68031	2324	66869	801721	11.78
1970-1974	73	0.03798	0.03727	0.5	65707	2449	64482	734852	11.18
1970-1974	74	0.04221	0.04134	0.5	63257	2615	61950	670370	10.60
1970-1974	75	0.04745	0.04635	0.5	60643	2811	59237	608420	10.03
1970-1974	76	0.05087	0.04960	0.5	57832	2869	56397	549183	9.50
1970-1974	77	0.05510	0.05362	0.5	54963	2947	53489	492786	8.97
1970-1974	78	0.06380	0.06183	0.5	52016	3216	50408	439296	8.45
1970-1974	79	0.06897	0.06668	0.5	48800	3254	47173	388888	7.97
1970-1974	80	0.07845	0.07549	0.5	45546	3438	43827	341715	7.50
1970-1974	81	0.08139	0.07821	0.5	42108	3293	40462	297888	7.07
1970-1974	82	0.09237	0.08829	0.5	38815	3427	37102	257426	6.63
1970-1974	83	0.10323	0.09816	0.5	35388	3474	33651	220325	6.23
1970-1974	84	0.11332	0.10724	0.5	31914	3423	30203	186674	5.85
1970-1974	85	0.12554	0.11812	0.5	28492	3366	26809	156470	5.49
1970-1974	86	0.13878	0.12977	0.5	25126	3261	23496	129661	5.16
1970-1974	87	0.14848	0.13822	0.5	21866	3022	20354	106165	4.86
1970-1974	88	0.16337	0.15103	0.5	18843	2846	17420	85811	4.55
1970-1974	89	0.17693	0.16255	0.5	15997	2600	14697	68391	4.28
1970-1974	90	0.19984	0.18168	0.5	13397	2434	12180	53693	4.01
1970-1974	91	0.20227	0.18370	0.5	10963	2014	9956	41513	3.79
1970-1974	92	0.23309	0.20876	0.5	8949	1868	8015	31557	3.53
1970-1974	93	0.24956	0.22187	0.5	7081	1571	6295	23542	3.32
1970-1974	94	0.27173	0.23922	0.5	5510	1318	4851	17247	3.13
1970-1974	95	0.28912	0.25260	0.5	4192	1059	3662	12396	2.96
1970-1974	96	0.31129	0.26937	0.5	3133	844	2711	8734	2.79
1970-1974	97	0.33437	0.28647	0.5	2289	656	1961	6023	2.63
1970-1974	98	0.35827	0.30384	0.5	1633	496	1385	4062	2.49
1970-1974	99	0.38289	0.32137	0.5	1137	365	954	2676	2.35
1970-1974	100	0.40813	0.33896	0.5	772	262	641	1722	2.23
1970-1974	101	0.43386	0.35652	0.5	510	182	419	1081	2.12
1970-1974	102	0.45996	0.37395	0.5	328	123	267	662	2.02
1970-1974	103	0.48627	0.39117	0.5	205	80	165	395	1.92
1970-1974	104	0.51266	0.40806	0.5	125	51	100	230	1.84
1970-1974	105	0.53899	0.42457	0.5	74	31	58	130	1.76
1970-1974	106	0.56509	0.44060	0.5	43	19	33	72	1.69
1970-1974	107	0.59084	0.45610	0.5	24	11	18	39	1.63
1970-1974	108	0.61611	0.47101	0.5	13	6	10	20	1.57
1970-1974	109	0.64076	0.48528	0.5	7	3	5	11	1.53
1970-1974	110+	0.66468	1.00000	1.5	4	4	5	5	1.50
1975-1979	0	0.01314	0.01298	0.09	100000	1298	98818	7659215	76.59
1975-1979	1	0.00078	0.00078	0.5	98702	77	98663	7560397	76.60
1975-1979	2	0.00051	0.00051	0.5	98624	51	98599	7461733	75.66
1975-1979	3	0.00037	0.00037	0.5	98574	36	98556	7363134	74.70
1975-1979	4	0.00037	0.00037	0.5	98537	36	98519	7264579	73.72
1975-1979	5	0.00033	0.00033	0.5	98501	32	98485	7166060	72.75
1975-1979	6	0.00027	0.00027	0.5	98469	27	98456	7067574	71.77
1975-1979	7	0.00025	0.00025	0.5	98442	24	98430	6969119	70.79
1975-1979	8	0.00024	0.00024	0.5	98418	24	98406	6870688	69.81
1975-1979	9	0.00021	0.00021	0.5	98394	21	98384	6772282	68.83
1975-1979	10	0.00020	0.00020	0.5	98373	20	98363	6673898	67.84
1975-1979	11	0.00021	0.00021	0.5	98353	21	98343	6575535	66.86
1975-1979	12	0.00020	0.00020	0.5	98333	20	98323	6477192	65.87
1975-1979	13	0.00023	0.00023	0.5	98313	22	98302	6378869	64.88
1975-1979	14	0.00027	0.00027	0.5	98291	27	98277	6280567	63.90
1975-1979	15	0.00033	0.00033	0.5	98264	33	98247	6182290	62.92
1975-1979	16	0.00038	0.00038	0.5	98231	38	98212	6084043	61.94
1975-1979	17	0.00048	0.00048	0.5	98193	48	98170	5985831	60.96
1975-1979	18	0.00053	0.00053	0.5	98146	52	98120	5887661	59.99
1975-1979	19	0.00051	0.00051	0.5	98094	50	98069	5789541	59.02
1975-1979	20	0.00054	0.00054	0.5	98044	53	98017	5691473	58.05
1975-1979	21	0.00056	0.00056	0.5	97990	55	97963	5593456	57.08
1975-1979	22	0.00055	0.00055	0.5	97936	54	97909	5495493	56.11
1975-1979	23	0.00059	0.00059	0.5	97882	57	97853	5397584	55.14
1975-1979	24	0.00060	0.00060	0.5	97824	59	97795	5299731	54.18
1975-1979	25	0.00061	0.00061	0.5	97766	60	97736	5201935	53.21
1975-1979	26	0.00070	0.00070	0.5	97706	68	97672	5104200	52.24
1975-1979	27	0.00064	0.00064	0.5	97638	63	97606	5006528	51.28
1975-1979	28	0.00069	0.00069	0.5	97575	67	97542	4908921	50.31
1975-1979	29	0.00073	0.00073	0.5	97508	71	97472	4811380	49.34
1975-1979	30	0.00073	0.00073	0.5	97437	71	97401	4713908	48.38
1975-1979	31	0.00078	0.00078	0.5	97366	76	97328	4616506	47.41
1975-1979	32	0.00089	0.00089	0.5	97289	87	97246	4519179	46.45
1975-1979	33	0.00090	0.00090	0.5	97203	87	97159	4421933	45.49
1975-1979	34	0.00098	0.00098	0.5	97115	95	97068	4324774	44.53
1975-1979	35	0.00112	0.00112	0.5	97020	109	96966	4227706	43.58
1975-1979	36	0.00121	0.00121	0.5	96911	118	96853	4130740	42.62
1975-1979	37	0.00132	0.00132	0.5	96794	128	96730	4033888	41.67
1975-1979	38	0.00142	0.00142	0.5	96666	137	96597	3937158	40.73
1975-1979	39	0.00153	0.00153	0.5	96529	148	96455	3840560	39.79
1975-1979	40	0.00175	0.00174	0.5	96381	168	96297	3744105	38.85
1975-1979	41	0.00191	0.00191	0.5	96213	184	96121	3647808	37.91
1975-1979	42	0.00227	0.00227	0.5	96029	218	95920	3551687	36.99
1975-1979	43	0.00233	0.00233	0.5	95811	223	95699	3455768	36.07
1975-1979	44	0.00253	0.00253	0.5	95587	242	95466	3360068	35.15
1975-1979	45	0.00289	0.00288	0.5	95346	275	95208	3264602	34.24
1975-1979	46	0.00312	0.00312	0.5	95071	296	94922	3169394	33.34
1975-1979	47	0.00345	0.00344	0.5	94774	326	94611	3074472	32.44
1975-1979	48	0.00378	0.00377	0.5	94448	356	94270	2979861	31.55
1975-1979	49	0.00410	0.00409	0.5	94092	385	93899	2885591	30.67
1975-1979	50	0.00453	0.00452	0.5	93707	424	93495	2791692	29.79
1975-1979	51	0.00470	0.00469	0.5	93283	438	93064	2698197	28.92
1975-1979	52	0.00523	0.00522	0.5	92845	485	92603	2605132	28.06
1975-1979	53	0.00572	0.00570	0.5	92361	527	92097	2512529	27.20
1975-1979	54	0.00616	0.00614	0.5	91834	564	91552	2420432	26.36
1975-1979	55	0.00672	0.00670	0.5	91270	611	90965	2328880	25.52
1975-1979	56	0.00730	0.00728	0.5	90659	660	90329	2237915	24.69
1975-1979	57	0.00787	0.00784	0.5	89999	706	89646	2147587	23.86
1975-1979	58	0.00880	0.00876	0.5	89293	782	88902	2057940	23.05
1975-1979	59	0.00936	0.00932	0.5	88511	825	88099	1969038	22.25
1975-1979	60	0.01039	0.01033	0.5	87687	906	87234	1880939	21.45
1975-1979	61	0.01112	0.01106	0.5	86781	960	86301	1793705	20.67
1975-1979	62	0.01246	0.01238	0.5	85821	1063	85289	1707404	19.89
1975-1979	63	0.01350	0.01340	0.5	84758	1136	84190	1622115	19.14
1975-1979	64	0.01475	0.01464	0.5	83622	1224	83010	1537925	18.39
1975-1979	65	0.01598	0.01585	0.5	82398	1306	81745	1454915	17.66
1975-1979	66	0.01651	0.01637	0.5	81092	1328	80428	1373170	16.93
1975-1979	67	0.01837	0.01820	0.5	79764	1452	79038	1292742	16.21
1975-1979	68	0.02009	0.01989	0.5	78312	1558	77533	1213704	15.50
1975-1979	69	0.02176	0.02152	0.5	76754	1652	75928	1136170	14.80
1975-1979	70	0.02440	0.02410	0.5	75102	1810	74197	1060242	14.12
1975-1979	71	0.02606	0.02573	0.5	73292	1885	72349	986045	13.45
1975-1979	72	0.02899	0.02858	0.5	71407	2040	70386	913695	12.80
1975-1979	73	0.03147	0.03098	0.5	69366	2149	68292	843309	12.16
1975-1979	74	0.03488	0.03428	0.5	67217	2304	66065	775017	11.53
1975-1979	75	0.03996	0.03918	0.5	64913	2543	63641	708952	10.92
1975-1979	76	0.04265	0.04176	0.5	62370	2605	61067	645311	10.35
1975-1979	77	0.04742	0.04632	0.5	59765	2768	58381	584243	9.78
1975-1979	78	0.05256	0.05122	0.5	56997	2919	55537	525862	9.23
1975-1979	79	0.05707	0.05548	0.5	54077	3000	52577	470325	8.70
1975-1979	80	0.06716	0.06498	0.5	51077	3319	49417	417748	8.18
1975-1979	81	0.07119	0.06874	0.5	47758	3283	46116	368331	7.71
1975-1979	82	0.08059	0.07747	0.5	44475	3445	42752	322214	7.24
1975-1979	83	0.08993	0.08606	0.5	41030	3531	39264	279462	6.81
1975-1979	84	0.09947	0.09476	0.5	37498	3553	35722	240198	6.41
1975-1979	85	0.11063	0.10483	0.5	33945	3559	32166	204476	6.02
1975-1979	86	0.12015	0.11334	0.5	30387	3444	28665	172310	5.67
1975-1979	87	0.13010	0.12215	0.5	26943	3291	25297	143646	5.33
1975-1979	88	0.14045	0.13123	0.5	23652	3104	22100	118349	5.00
1975-1979	89	0.15583	0.14456	0.5	20548	2970	19062	96249	4.68
1975-1979	90	0.17639	0.16210	0.5	17577	2849	16153	77187	4.39
1975-1979	91	0.18251	0.16724	0.5	14728	2463	13496	61034	4.14
1975-1979	92	0.20276	0.18409	0.5	12265	2258	11136	47538	3.88
1975-1979	93	0.22240	0.20015	0.5	10007	2003	9006	36402	3.64
1975-1979	94	0.24235	0.21616	0.5	8004	1730	7139	27396	3.42
1975-1979	95	0.25857	0.22897	0.5	6274	1437	5556	20257	3.23
1975-1979	96	0.27932	0.24509	0.5	4837	1186	4245	14702	3.04
1975-1979	97	0.30106	0.26167	0.5	3652	956	3174	10457	2.86
1975-1979	98	0.32373	0.27863	0.5	2696	751	2321	7283	2.70
1975-1979	99	0.34726	0.29589	0.5	1945	575	1657	4962	2.55
1975-1979	100	0.37157	0.31335	0.5	1369	429	1155	3305	2.41
1975-1979	101	0.39654	0.33092	0.5	940	311	785	2150	2.29
1975-1979	102	0.42206	0.34851	0.5	629	219	520	1365	2.17
1975-1979	103	0.44800	0.36601	0.5	410	150	335	846	2.06
1975-1979	104	0.47423	0.38333	0.5	260	100	210	511	1.97
1975-1979	105	0.50060	0.40038	0.5	160	64	128	301	1.88
1975-1979	106	0.52697	0.41708	0.5	96	40	76	173	1.80
1975-1979	107	0.55319	0.43333	0.5	56	24	44	97	1.73
1975-1979	108	0.57911	0.44908	0.5	32	14	25	53	1.67
1975-1979	109	0.60461	0.46426	0.5	17	8	13	28	1.62
1975-1979	110+	0.62955	1.00000	1.59	9	9	15	15	1.59
1980-1984	0	0.01068	0.01058	0.08	100000	1058	99030	7739207	77.39
1980-1984	1	0.00072	0.00072	0.5	98942	71	98907	7640178	77.22
1980-1984	2	0.00048	0.00048	0.5	98871	47	98848	7541271	76.27
1980-1984	3	0.00037	0.00037	0.5	98824	37	98806	7442423	75.31
1980-1984	4	0.00027	0.00027	0.5	98787	27	98774	7343617	74.34
1980-1984	5	0.00027	0.00027	0.5	98760	27	98747	7244844	73.36
1980-1984	6	0.00021	0.00021	0.5	98733	21	98723	7146097	72.38
1980-1984	7	0.00020	0.00020	0.5	98712	20	98702	7047374	71.39
1980-1984	8	0.00018	0.00018	0.5	98692	18	98683	6948672	70.41
1980-1984	9	0.00016	0.00016	0.5	98674	16	98666	6849989	69.42
1980-1984	10	0.00018	0.00018	0.5	98658	18	98649	6751323	68.43
1980-1984	11	0.00017	0.00017	0.5	98640	16	98632	6652674	67.44
1980-1984	12	0.00021	0.00021	0.5	98624	20	98614	6554041	66.45
1980-1984	13	0.00022	0.00022	0.5	98604	22	98593	6455427	65.47
1980-1984	14	0.00024	0.00024	0.5	98582	24	98570	6356835	64.48
1980-1984	15	0.00031	0.00031	0.5	98558	30	98543	6258264	63.50
1980-1984	16	0.00033	0.00033	0.5	98528	33	98511	6159721	62.52
1980-1984	17	0.00039	0.00039	0.5	98495	38	98476	6061210	61.54
1980-1984	18	0.00043	0.00043	0.5	98456	42	98435	5962734	60.56
1980-1984	19	0.00049	0.00049	0.5	98414	48	98390	5864299	59.59
1980-1984	20	0.00049	0.00049	0.5	98366	48	98342	5765909	58.62
1980-1984	21	0.00052	0.00052	0.5	98318	51	98293	5667567	57.65
1980-1984	22	0.00049	0.00049	0.5	98267	48	98243	5569274	56.67
1980-1984	23	0.00053	0.00052	0.5	98219	52	98194	5471031	55.70
1980-1984	24	0.00056	0.00056	0.5	98168	55	98140	5372837	54.73
1980-1984	25	0.00058	0.00058	0.5	98113	57	98084	5274697	53.76
1980-1984	26	0.00063	0.00063	0.5	98056	62	98025	5176613	52.79
1980-1984	27	0.00063	0.00063	0.5	97994	62	97963	5078588	51.83
1980-1984	28	0.00068	0.00068	0.5	97932	66	97899	4980625	50.86
1980-1984	29	0.00068	0.00068	0.5	97866	67	97833	4882726	49.89
1980-1984	30	0.00073	0.00073	0.5	97799	71	97764	4784893	48.93
1980-1984	31	0.00075	0.00075	0.5	97728	73	97691	4687130	47.96
1980-1984	32	0.00078	0.00078	0.5	97654	76	97616	4589438	47.00
1980-1984	33	0.00085	0.00085	0.5	97578	83	97537	4491822	46.03
1980-1984	34	0.00097	0.00096	0.5	97495	94	97448	4394285	45.07
1980-1984	35	0.00096	0.00096	0.5	97401	93	97355	4296837	44.11
1980-1984	36	0.00105	0.00105	0.5	97308	102	97257	4199482	43.16
1980-1984	37	0.00115	0.00115	0.5	97206	112	97150	4102225	42.20
1980-1984	38	0.00136	0.00136	0.5	97094	132	97028	4005075	41.25
1980-1984	39	0.00131	0.00131	0.5	96963	127	96899	3908047	40.30
1980-1984	40	0.00153	0.00153	0.5	96836	148	96762	3811147	39.36
1980-1984	41	0.00171	0.00171	0.5	96688	165	96605	3714386	38.42
1980-1984	42	0.00193	0.00193	0.5	96522	186	96429	3617781	37.48
1980-1984	43	0.00209	0.00208	0.5	96336	201	96236	3521351	36.55
1980-1984	44	0.00220	0.00219	0.5	96136	211	96030	3425115	35.63
1980-1984	45	0.00264	0.00264	0.5	95925	253	95798	3329085	34.71
1980-1984	46	0.00274	0.00273	0.5	95671	261	95541	3233287	33.80
1980-1984	47	0.00308	0.00307	0.5	95410	293	95263	3137746	32.89
1980-1984	48	0.00342	0.00341	0.5	95117	324	94955	3042483	31.99
1980-1984	49	0.00372	0.00371	0.5	94792	352	94616	2947529	31.09
1980-1984	50	0.00413	0.00412	0.5	94440	389	94246	2852912	30.21
1980-1984	51	0.00467	0.00466	0.5	94051	438	93832	2758667	29.33
1980-1984	52	0.00481	0.00480	0.5	93613	449	93388	2664835	28.47
1980-1984	53	0.00536	0.00534	0.5	93164	498	92915	2571447	27.60
1980-1984	54	0.00572	0.00571	0.5	92666	529	92401	2478532	26.75
1980-1984	55	0.00635	0.00633	0.5	92137	583	91846	2386130	25.90
1980-1984	56	0.00703	0.00701	0.5	91554	642	91233	2294285	25.06
1980-1984	57	0.00749	0.00746	0.5	90912	678	90573	2203052	24.23
1980-1984	58	0.00837	0.00833	0.5	90234	752	89858	2112478	23.41
1980-1984	59	0.00905	0.00901	0.5	89483	806	89079	2022620	22.60
1980-1984	60	0.00968	0.00964	0.5	88676	855	88249	1933541	21.80
1980-1984	61	0.01047	0.01041	0.5	87822	914	87364	1845292	21.01
1980-1984	62	0.01248	0.01240	0.5	86907	1078	86368	1757928	20.23
1980-1984	63	0.01324	0.01315	0.5	85830	1129	85265	1671559	19.48
1980-1984	64	0.01374	0.01365	0.5	84701	1156	84123	1586294	18.73
1980-1984	65	0.01513	0.01502	0.5	83545	1255	82917	1502171	17.98
1980-1984	66	0.01670	0.01656	0.5	82290	1363	81608	1419254	17.25
1980-1984	67	0.01820	0.01804	0.5	80927	1460	80197	1337646	16.53
1980-1984	68	0.01955	0.01936	0.5	79467	1539	78698	1257449	15.82
1980-1984	69	0.02090	0.02069	0.5	77929	1612	77123	1178751	15.13
1980-1984	70	0.02338	0.02311	0.5	76317	1764	75435	1101628	14.43
1980-1984	71	0.02536	0.02505	0.5	74553	1867	73619	1026193	13.76
1980-1984	72	0.02836	0.02796	0.5	72686	2032	71670	952574	13.11
1980-1984	73	0.03173	0.03123	0.5	70653	2206	69550	880904	12.47
1980-1984	74	0.03290	0.03236	0.5	68447	2215	67339	811354	11.85
1980-1984	75	0.03638	0.03573	0.5	66232	2366	65048	744014	11.23
1980-1984	76	0.04052	0.03971	0.5	63865	2536	62597	678966	10.63
1980-1984	77	0.04418	0.04323	0.5	61329	2651	60003	616369	10.05
1980-1984	78	0.04794	0.04682	0.5	58678	2747	57304	556366	9.48
1980-1984	79	0.05216	0.05083	0.5	55930	2843	54509	499061	8.92
1980-1984	80	0.06343	0.06148	0.5	53087	3264	51456	444552	8.37
1980-1984	81	0.06825	0.06599	0.5	49824	3288	48180	393097	7.89
1980-1984	82	0.07750	0.07460	0.5	46536	3472	44800	344917	7.41
1980-1984	83	0.08634	0.08277	0.5	43064	3564	41282	300117	6.97
1980-1984	84	0.09498	0.09068	0.5	39500	3582	37709	258835	6.55
1980-1984	85	0.10413	0.09898	0.5	35918	3555	34140	221126	6.16
1980-1984	86	0.11562	0.10930	0.5	32363	3537	30594	186986	5.78
1980-1984	87	0.12681	0.11925	0.5	28826	3437	27107	156392	5.43
1980-1984	88	0.13734	0.12851	0.5	25388	3263	23757	129285	5.09
1980-1984	89	0.15058	0.14004	0.5	22125	3098	20576	105528	4.77
1980-1984	90	0.16826	0.15521	0.5	19027	2953	17550	84952	4.46
1980-1984	91	0.18101	0.16599	0.5	16074	2668	14740	67402	4.19
1980-1984	92	0.19933	0.18126	0.5	13406	2430	12191	52662	3.93
1980-1984	93	0.21798	0.19656	0.5	10976	2157	9897	40471	3.69
1980-1984	94	0.23609	0.21116	0.5	8818	1862	7887	30574	3.47
1980-1984	95	0.25435	0.22565	0.5	6956	1570	6171	22687	3.26
1980-1984	96	0.27533	0.24201	0.5	5387	1304	4735	16515	3.07
1980-1984	97	0.29735	0.25886	0.5	4083	1057	3554	11781	2.89
1980-1984	98	0.32035	0.27612	0.5	3026	836	2608	8226	2.72
1980-1984	99	0.34425	0.29370	0.5	2190	643	1869	5618	2.56
1980-1984	100	0.36898	0.31151	0.5	1547	482	1306	3749	2.42
1980-1984	101	0.39441	0.32944	0.5	1065	351	890	2443	2.29
1980-1984	102	0.42042	0.34740	0.5	714	248	590	1553	2.17
1980-1984	103	0.44689	0.36527	0.5	466	170	381	963	2.07
1980-1984	104	0.47366	0.38296	0.5	296	113	239	582	1.97
1980-1984	105	0.50058	0.40037	0.5	183	73	146	343	1.88
1980-1984	106	0.52750	0.41741	0.5	109	46	87	197	1.80
1980-1984	107	0.55426	0.43399	0.5	64	28	50	110	1.72
1980-1984	108	0.58070	0.45004	0.5	36	16	28	60	1.66
1980-1984	109	0.60670	0.46549	0.5	20	9	15	32	1.61
1980-1984	110+	0.63210	1.00000	1.58	11	11	17	17	1.58
1985-1989	0	0.00975	0.00966	0.08	100000	966	99112	7780031	77.80
1985-1989	1	0.00065	0.00065	0.5	99034	65	99002	7680920	77.56
1985-1989	2	0.00044	0.00044	0.5	98969	44	98948	7581918	76.61
1985-1989	3	0.00032	0.00032	0.5	98926	32	98910	7482971	75.64
1985-1989	4	0.00028	0.00028	0.5	98894	28	98880	7384060	74.67
1985-1989	5	0.00024	0.00024	0.5	98866	23	98854	7285180	73.69
1985-1989	6	0.00020	0.00020	0.5	98843	20	98833	7186326	72.70
1985-1989	7	0.00020	0.00020	0.5	98823	20	98813	7087493	71.72
1985-1989	8	0.00017	0.00017	0.5	98803	17	98794	6988680	70.73
1985-1989	9	0.00017	0.00017	0.5	98786	17	98778	6889886	69.75
1985-1989	10	0.00015	0.00015	0.5	98769	15	98762	6791108	68.76
1985-1989	11	0.00016	0.00016	0.5	98754	15	98746	6692347	67.77
1985-1989	12	0.00018	0.00018	0.5	98739	17	98730	6593600	66.78
1985-1989	13	0.00017	0.00017	0.5	98721	17	98713	6494870	65.79
1985-1989	14	0.00026	0.00026	0.5	98704	25	98691	6396158	64.80
1985-1989	15	0.00028	0.00028	0.5	98679	28	98665	6297466	63.82
1985-1989	16	0.00033	0.00033	0.5	98651	33	98635	6198802	62.84
1985-1989	17	0.00041	0.00041	0.5	98618	40	98598	6100167	61.86
1985-1989	18	0.00046	0.00046	0.5	98578	46	98555	6001569	60.88
1985-1989	19	0.00045	0.00045	0.5	98532	44	98510	5903014	59.91
1985-1989	20	0.00043	0.00043	0.5	98488	43	98467	5804504	58.94
1985-1989	21	0.00046	0.00046	0.5	98445	45	98423	5706037	57.96
1985-1989	22	0.00052	0.00052	0.5	98400	51	98374	5607614	56.99
1985-1989	23	0.00056	0.00056	0.5	98349	55	98321	5509240	56.02
1985-1989	24	0.00054	0.00054	0.5	98293	53	98267	5410919	55.05
1985-1989	25	0.00063	0.00063	0.5	98240	62	98209	5312652	54.08
1985-1989	26	0.00061	0.00061	0.5	98178	60	98148	5214443	53.11
1985-1989	27	0.00068	0.00068	0.5	98118	67	98085	5116295	52.14
1985-1989	28	0.00078	0.00078	0.5	98052	76	98013	5018210	51.18
1985-1989	29	0.00077	0.00077	0.5	97975	75	97938	4920196	50.22
1985-1989	30	0.00088	0.00088	0.5	97900	86	97858	4822258	49.26
1985-1989	31	0.00097	0.00097	0.5	97815	95	97767	4724401	48.30
1985-1989	32	0.00101	0.00101	0.5	97720	99	97671	4626633	47.35
1985-1989	33	0.00114	0.00114	0.5	97621	111	97566	4528963	46.39
1985-1989	34	0.00109	0.00109	0.5	97510	106	97457	4431397	45.45
1985-1989	35	0.00116	0.00116	0.5	97404	113	97347	4333941	44.49
1985-1989	36	0.00127	0.00127	0.5	97290	124	97229	4236594	43.55
1985-1989	37	0.00129	0.00129	0.5	97167	126	97104	4139365	42.60
1985-1989	38	0.00141	0.00141	0.5	97041	137	96973	4042261	41.66
1985-1989	39	0.00139	0.00139	0.5	96905	135	96837	3945288	40.71
1985-1989	40	0.00152	0.00152	0.5	96770	147	96696	3848451	39.77
1985-1989	41	0.00162	0.00162	0.5	96623	156	96545	3751754	38.83
1985-1989	42	0.00181	0.00181	0.5	96467	175	96379	3655209	37.89
1985-1989	43	0.00194	0.00193	0.5	96292	186	96199	3558830	36.96
1985-1989	44	0.00208	0.00208	0.5	96106	200	96006	3462631	36.03
1985-1989	45	0.00238	0.00237	0.5	95906	228	95792	3366625	35.10
1985-1989	46	0.00258	0.00258	0.5	95679	247	95555	3270832	34.19
1985-1989	47	0.00295	0.00295	0.5	95432	281	95291	3175277	33.27
1985-1989	48	0.00327	0.00327	0.5	95151	311	94995	3079986	32.37
1985-1989	49	0.00326	0.00325	0.5	94840	308	94686	2984990	31.47
1985-1989	50	0.00380	0.00379	0.5	94532	358	94352	2890305	30.58
1985-1989	51	0.00434	0.00433	0.5	94173	408	93969	2795952	29.69
1985-1989	52	0.00494	0.00493	0.5	93766	462	93535	2701983	28.82
1985-1989	53	0.00525	0.00524	0.5	93304	489	93059	2608448	27.96
1985-1989	54	0.00547	0.00545	0.5	92815	506	92562	2515389	27.10
1985-1989	55	0.00595	0.00594	0.5	92309	548	92035	2422828	26.25
1985-1989	56	0.00660	0.00658	0.5	91761	603	91459	2330793	25.40
1985-1989	57	0.00700	0.00698	0.5	91157	636	90839	2239334	24.57
1985-1989	58	0.00815	0.00812	0.5	90521	735	90154	2148495	23.73
1985-1989	59	0.00839	0.00836	0.5	89787	750	89411	2058341	22.92
1985-1989	60	0.00944	0.00940	0.5	89036	837	88618	1968930	22.11
1985-1989	61	0.01040	0.01034	0.5	88200	912	87743	1880312	21.32
1985-1989	62	0.01173	0.01166	0.5	87287	1018	86778	1792568	20.54
1985-1989	63	0.01246	0.01238	0.5	86269	1068	85735	1705790	19.77
1985-1989	64	0.01316	0.01308	0.5	85201	1114	84644	1620055	19.01
1985-1989	65	0.01471	0.01461	0.5	84087	1228	83473	1535410	18.26
1985-1989	66	0.01608	0.01595	0.5	82859	1322	82198	1451938	17.52
1985-1989	67	0.01714	0.01699	0.5	81537	1385	80844	1369739	16.80
1985-1989	68	0.01929	0.01911	0.5	80152	1531	79386	1288895	16.08
1985-1989	69	0.02028	0.02008	0.5	78620	1578	77831	1209509	15.38
1985-1989	70	0.02253	0.02228	0.5	77042	1716	76184	1131678	14.69
1985-1989	71	0.02487	0.02456	0.5	75326	1850	74401	1055494	14.01
1985-1989	72	0.02784	0.02746	0.5	73476	2018	72467	981093	13.35
1985-1989	73	0.02990	0.02946	0.5	71458	2105	70405	908627	12.72
1985-1989	74	0.03161	0.03112	0.5	69352	2158	68273	838222	12.09
1985-1989	75	0.03480	0.03421	0.5	67194	2299	66045	769948	11.46
1985-1989	76	0.03884	0.03810	0.5	64895	2473	63659	703904	10.85
1985-1989	77	0.04178	0.04092	0.5	62423	2555	61145	640245	10.26
1985-1989	78	0.04655	0.04549	0.5	59868	2723	58506	579099	9.67
1985-1989	79	0.05035	0.04911	0.5	57145	2807	55741	520593	9.11
1985-1989	80	0.05942	0.05770	0.5	54338	3135	52770	464851	8.55
1985-1989	81	0.06548	0.06341	0.5	51203	3247	49579	412081	8.05
1985-1989	82	0.07264	0.07009	0.5	47956	3361	46275	362501	7.56
1985-1989	83	0.07980	0.07674	0.5	44595	3422	42884	316226	7.09
1985-1989	84	0.09089	0.08694	0.5	41173	3579	39383	273342	6.64
1985-1989	85	0.09964	0.09491	0.5	37593	3568	35809	233959	6.22
1985-1989	86	0.11042	0.10464	0.5	34025	3560	32245	198150	5.82
1985-1989	87	0.12335	0.11618	0.5	30465	3540	28695	165905	5.45
1985-1989	88	0.13417	0.12573	0.5	26925	3385	25233	137210	5.10
1985-1989	89	0.14985	0.13940	0.5	23540	3282	21899	111977	4.76
1985-1989	90	0.16447	0.15197	0.5	20258	3079	18719	90078	4.45
1985-1989	91	0.17958	0.16478	0.5	17180	2831	15764	71359	4.15
1985-1989	92	0.19970	0.18157	0.5	14349	2605	13046	55595	3.87
1985-1989	93	0.21818	0.19672	0.5	11744	2310	10588	42549	3.62
1985-1989	94	0.24224	0.21607	0.5	9433	2038	8414	31960	3.39
1985-1989	95	0.25943	0.22964	0.5	7395	1698	6546	23546	3.18
1985-1989	96	0.28212	0.24724	0.5	5697	1408	4993	17000	2.98
1985-1989	97	0.30596	0.26537	0.5	4288	1138	3719	12008	2.80
1985-1989	98	0.33090	0.28392	0.5	3150	894	2703	8288	2.63
1985-1989	99	0.35682	0.30280	0.5	2256	683	1914	5585	2.48
1985-1989	100	0.38361	0.32187	0.5	1573	506	1320	3671	2.33
1985-1989	101	0.41112	0.34102	0.5	1067	364	885	2351	2.20
1985-1989	102	0.43920	0.36012	0.5	703	253	576	1466	2.09
1985-1989	103	0.46768	0.37904	0.5	450	170	365	890	1.98
1985-1989	104	0.49636	0.39767	0.5	279	111	224	526	1.88
1985-1989	105	0.52507	0.41589	0.5	168	70	133	302	1.79
1985-1989	106	0.55362	0.43360	0.5	98	43	77	169	1.72
1985-1989	107	0.58182	0.45070	0.5	56	25	43	92	1.65
1985-1989	108	0.60949	0.46713	0.5	31	14	23	49	1.59
1985-1989	109	0.63648	0.48282	0.5	16	8	12	25	1.54
1985-1989	110+	0.66263	1.00000	1.51	8	8	13	13	1.51
1990-1994	0	0.00835	0.00829	0.08	100000	829	99234	7862281	78.62
1990-1994	1	0.00061	0.00061	0.5	99171	60	99141	7763047	78.28
1990-1994	2	0.00038	0.00038	0.5	99111	38	99092	7663906	77.33
1990-1994	3	0.00028	0.00028	0.5	99073	28	99059	7564814	76.36
1990-1994	4	0.00023	0.00023	0.5	99045	22	99034	7465755	75.38
1990-1994	5	0.00019	0.00019	0.5	99023	19	99013	7366721	74.39
1990-1994	6	0.00018	0.00018	0.5	99004	17	98995	7267707	73.41
1990-1994	7	0.00017	0.00017	0.5	98986	17	98978	7168712	72.42
1990-1994	8	0.00017	0.00017	0.5	98969	17	98961	7069735	71.43
1990-1994	9	0.00015	0.00015	0.5	98952	14	98945	6970774	70.45
1990-1994	10	0.00012	0.00012	0.5	98938	12	98932	6871829	69.46
1990-1994	11	0.00015	0.00015	0.5	98926	15	98918	6772898	68.46
1990-1994	12	0.00015	0.00015	0.5	98911	15	98903	6673979	67.47
1990-1994	13	0.00017	0.00017	0.5	98896	17	98887	6575076	66.48
1990-1994	14	0.00021	0.00021	0.5	98879	20	98869	6476189	65.50
1990-1994	15	0.00028	0.00028	0.5	98859	28	98845	6377320	64.51
1990-1994	16	0.00031	0.00031	0.5	98831	31	98816	6278475	63.53
1990-1994	17	0.00036	0.00036	0.5	98800	35	98782	6179659	62.55
1990-1994	18	0.00042	0.00042	0.5	98765	41	98744	6080877	61.57
1990-1994	19	0.00035	0.00035	0.5	98723	35	98706	5982133	60.59
1990-1994	20	0.00040	0.00040	0.5	98689	40	98669	5883426	59.62
1990-1994	21	0.00047	0.00047	0.5	98649	46	98626	5784758	58.64
1990-1994	22	0.00047	0.00047	0.5	98603	46	98580	5686132	57.67
1990-1994	23	0.00052	0.00052	0.5	98556	51	98531	5587552	56.69
1990-1994	24	0.00054	0.00054	0.5	98505	53	98479	5489021	55.72
1990-1994	25	0.00058	0.00058	0.5	98452	57	98424	5390542	54.75
1990-1994	26	0.00067	0.00067	0.5	98395	66	98363	5292118	53.78
1990-1994	27	0.00071	0.00071	0.5	98330	70	98295	5193756	52.82
1990-1994	28	0.00076	0.00076	0.5	98260	74	98222	5095461	51.86
1990-1994	29	0.00078	0.00077	0.5	98185	76	98147	4997239	50.90
1990-1994	30	0.00086	0.00086	0.5	98109	84	98067	4899092	49.94
1990-1994	31	0.00097	0.00097	0.5	98025	95	97977	4801025	48.98
1990-1994	32	0.00101	0.00101	0.5	97930	99	97880	4703048	48.02
1990-1994	33	0.00114	0.00114	0.5	97830	111	97775	4605168	47.07
1990-1994	34	0.00120	0.00120	0.5	97719	117	97661	4507393	46.13
1990-1994	35	0.00125	0.00125	0.5	97602	122	97541	4409732	45.18
1990-1994	36	0.00135	0.00135	0.5	97481	132	97415	4312191	44.24
1990-1994	37	0.00145	0.00145	0.5	97349	141	97278	4214777	43.30
1990-1994	38	0.00162	0.00162	0.5	97208	158	97129	4117498	42.36
1990-1994	39	0.00153	0.00153	0.5	97050	148	96976	4020369	41.43
1990-1994	40	0.00168	0.00168	0.5	96902	163	96820	3923394	40.49
1990-1994	41	0.00176	0.00176	0.5	96739	170	96653	3826574	39.56
1990-1994	42	0.00193	0.00193	0.5	96568	186	96475	3729920	38.62
1990-1994	43	0.00196	0.00196	0.5	96382	188	96288	3633445	37.70
1990-1994	44	0.00207	0.00207	0.5	96193	199	96094	3537157	36.77
1990-1994	45	0.00227	0.00227	0.5	95995	218	95886	3441063	35.85
1990-1994	46	0.00253	0.00252	0.5	95777	242	95656	3345178	34.93
1990-1994	47	0.00267	0.00267	0.5	95535	255	95407	3249522	34.01
1990-1994	48	0.00307	0.00307	0.5	95280	292	95134	3154115	33.10
1990-1994	49	0.00324	0.00324	0.5	94988	307	94834	3058981	32.20
1990-1994	50	0.00343	0.00343	0.5	94680	325	94518	2964147	31.31
1990-1994	51	0.00405	0.00404	0.5	94356	381	94165	2869629	30.41
1990-1994	52	0.00424	0.00423	0.5	93975	397	93776	2775464	29.53
1990-1994	53	0.00466	0.00465	0.5	93577	435	93359	2681688	28.66
1990-1994	54	0.00491	0.00490	0.5	93142	456	92914	2588329	27.79
1990-1994	55	0.00565	0.00563	0.5	92685	522	92424	2495415	26.92
1990-1994	56	0.00596	0.00595	0.5	92164	548	91890	2402991	26.07
1990-1994	57	0.00653	0.00651	0.5	91616	597	91317	2311101	25.23
1990-1994	58	0.00773	0.00770	0.5	91019	701	90668	2219784	24.39
1990-1994	59	0.00798	0.00795	0.5	90318	718	89959	2129116	23.57
1990-1994	60	0.00868	0.00865	0.5	89600	775	89212	2039157	22.76
1990-1994	61	0.00982	0.00977	0.5	88825	868	88391	1949945	21.95
1990-1994	62	0.01056	0.01050	0.5	87957	924	87495	1861554	21.16
1990-1994	63	0.01134	0.01127	0.5	87033	981	86543	1774058	20.38
1990-1994	64	0.01208	0.01201	0.5	86052	1033	85536	1687516	19.61
1990-1994	65	0.01378	0.01368	0.5	85019	1163	84437	1601980	18.84
1990-1994	66	0.01495	0.01484	0.5	83855	1244	83233	1517543	18.10
1990-1994	67	0.01635	0.01622	0.5	82611	1340	81941	1434309	17.36
1990-1994	68	0.01791	0.01775	0.5	81271	1443	80550	1352368	16.64
1990-1994	69	0.01864	0.01847	0.5	79828	1475	79091	1271818	15.93
1990-1994	70	0.02103	0.02081	0.5	78354	1630	77538	1192728	15.22
1990-1994	71	0.02257	0.02232	0.5	76723	1713	75867	1115189	14.54
1990-1994	72	0.02550	0.02518	0.5	75011	1889	74066	1039322	13.86
1990-1994	73	0.02757	0.02719	0.5	73122	1988	72128	965256	13.20
1990-1994	74	0.02988	0.02944	0.5	71133	2094	70086	893128	12.56
1990-1994	75	0.03235	0.03184	0.5	69039	2198	67940	823042	11.92
1990-1994	76	0.03651	0.03585	0.5	66841	2397	65643	755102	11.30
1990-1994	77	0.03930	0.03854	0.5	64445	2484	63203	689459	10.70
1990-1994	78	0.04271	0.04182	0.5	61961	2591	60665	626257	10.11
1990-1994	79	0.04623	0.04518	0.5	59369	2683	58028	565592	9.53
1990-1994	80	0.05474	0.05328	0.5	56687	3020	55177	507563	8.95
1990-1994	81	0.06112	0.05931	0.5	53666	3183	52075	452387	8.43
1990-1994	82	0.06668	0.06453	0.5	50483	3258	48854	400312	7.93
1990-1994	83	0.07446	0.07179	0.5	47226	3390	45530	351457	7.44
1990-1994	84	0.08201	0.07878	0.5	43835	3453	42109	305927	6.98
1990-1994	85	0.09165	0.08763	0.5	40382	3539	38613	263818	6.53
1990-1994	86	0.10050	0.09569	0.5	36843	3525	35080	225206	6.11
1990-1994	87	0.11192	0.10599	0.5	33318	3531	31552	190125	5.71
1990-1994	88	0.12356	0.11637	0.5	29787	3466	28053	158573	5.32
1990-1994	89	0.13951	0.13041	0.5	26320	3432	24604	130520	4.96
1990-1994	90	0.15441	0.14335	0.5	22888	3281	21247	105915	4.63
1990-1994	91	0.16851	0.15541	0.5	19607	3047	18083	84668	4.32
1990-1994	92	0.18892	0.17261	0.5	16560	2858	15131	66584	4.02
1990-1994	93	0.20959	0.18971	0.5	13701	2599	12402	51454	3.76
1990-1994	94	0.23133	0.20734	0.5	11102	2302	9951	39052	3.52
1990-1994	95	0.24616	0.21919	0.5	8800	1929	7836	29101	3.31
1990-1994	96	0.26846	0.23669	0.5	6871	1626	6058	21265	3.09
1990-1994	97	0.29200	0.25480	0.5	5245	1336	4577	15207	2.90
1990-1994	98	0.31671	0.27341	0.5	3909	1069	3374	10630	2.72
1990-1994	99	0.34250	0.29242	0.5	2840	830	2425	7256	2.56
1990-1994	100	0.36925	0.31170	0.5	2009	626	1696	4832	2.40
1990-1994	101	0.39683	0.33113	0.5	1383	458	1154	3135	2.27
1990-1994	102	0.42509	0.35057	0.5	925	324	763	1981	2.14
1990-1994	103	0.45384	0.36990	0.5	601	222	490	1218	2.03
1990-1994	104	0.48290	0.38898	0.5	379	147	305	729	1.92
1990-1994	105	0.51208	0.40769	0.5	231	94	184	424	1.83
1990-1994	106	0.54118	0.42593	0.5	137	58	108	240	1.75
1990-1994	107	0.56999	0.44358	0.5	79	35	61	132	1.68
1990-1994	108	0.59835	0.46056	0.5	44	20	34	71	1.61
1990-1994	109	0.62606	0.47680	0.5	24	11	18	37	1.56
1990-1994	110+	0.65296	1.00000	1.53	12	12	19	19	1.53
1995-1999	0	0.00674	0.00670	0.07	100000	670	99378	7934249	79.34
1995-1999	1	0.00046	0.00046	0.5	99330	46	99307	7834871	78.88
1995-1999	2	0.00026	0.00026	0.5	99284	26	99271	7735564	77.91
1995-1999	3	0.00024	0.00024	0.5	99258	24	99246	7636293	76.93
1995-1999	4	0.00018	0.00018	0.5	99234	18	99225	7537047	75.95
1995-1999	5	0.00016	0.00016	0.5	99215	16	99207	7437822	74.97
1995-1999	6	0.00016	0.00016	0.5	99199	15	99192	7338615	73.98
1995-1999	7	0.00014	0.00014	0.5	99184	14	99177	7239423	72.99
1995-1999	8	0.00014	0.00014	0.5	99170	14	99163	7140246	72.00
1995-1999	9	0.00014	0.00014	0.5	99156	14	99149	7041083	71.01
1995-1999	10	0.00012	0.00012	0.5	99142	12	99136	6941934	70.02
1995-1999	11	0.00011	0.00011	0.5	99130	11	99125	6842798	69.03
1995-1999	12	0.00012	0.00012	0.5	99119	12	99114	6743673	68.04
1995-1999	13	0.00017	0.00017	0.5	99108	17	99099	6644559	67.04
1995-1999	14	0.00019	0.00019	0.5	99091	19	99082	6545460	66.06
1995-1999	15	0.00023	0.00023	0.5	99072	22	99061	6446378	65.07
1995-1999	16	0.00029	0.00029	0.5	99050	28	99036	6347318	64.08
1995-1999	17	0.00038	0.00038	0.5	99022	38	99003	6248282	63.10
1995-1999	18	0.00037	0.00037	0.5	98984	37	98965	6149279	62.12
1995-1999	19	0.00037	0.00037	0.5	98947	36	98929	6050314	61.15
1995-1999	20	0.00039	0.00039	0.5	98911	38	98891	5951385	60.17
1995-1999	21	0.00037	0.00037	0.5	98872	37	98854	5852494	59.19
1995-1999	22	0.00042	0.00042	0.5	98836	42	98815	5753640	58.21
1995-1999	23	0.00044	0.00044	0.5	98794	44	98772	5654825	57.24
1995-1999	24	0.00044	0.00044	0.5	98750	43	98728	5556054	56.26
1995-1999	25	0.00045	0.00045	0.5	98706	44	98684	5457325	55.29
1995-1999	26	0.00048	0.00048	0.5	98662	47	98638	5358641	54.31
1995-1999	27	0.00055	0.00055	0.5	98615	54	98588	5260003	53.34
1995-1999	28	0.00058	0.00058	0.5	98560	57	98532	5161415	52.37
1995-1999	29	0.00062	0.00062	0.5	98503	61	98473	5062883	51.40
1995-1999	30	0.00071	0.00071	0.5	98442	70	98407	4964411	50.43
1995-1999	31	0.00081	0.00081	0.5	98373	79	98333	4866003	49.46
1995-1999	32	0.00085	0.00085	0.5	98293	84	98252	4767670	48.50
1995-1999	33	0.00090	0.00090	0.5	98210	88	98166	4669418	47.55
1995-1999	34	0.00095	0.00095	0.5	98122	93	98075	4571253	46.59
1995-1999	35	0.00105	0.00105	0.5	98028	103	97977	4473178	45.63
1995-1999	36	0.00112	0.00112	0.5	97925	109	97870	4375201	44.68
1995-1999	37	0.00124	0.00124	0.5	97816	121	97755	4277331	43.73
1995-1999	38	0.00140	0.00140	0.5	97694	137	97626	4179576	42.78
1995-1999	39	0.00138	0.00137	0.5	97558	134	97491	4081950	41.84
1995-1999	40	0.00150	0.00150	0.5	97424	146	97351	3984459	40.90
1995-1999	41	0.00168	0.00168	0.5	97277	163	97196	3887109	39.96
1995-1999	42	0.00176	0.00175	0.5	97115	170	97029	3789913	39.03
1995-1999	43	0.00194	0.00194	0.5	96944	188	96850	3692883	38.09
1995-1999	44	0.00202	0.00202	0.5	96756	195	96659	3596033	37.17
1995-1999	45	0.00213	0.00213	0.5	96561	206	96458	3499375	36.24
1995-1999	46	0.00230	0.00230	0.5	96355	221	96245	3402916	35.32
1995-1999	47	0.00248	0.00248	0.5	96134	238	96015	3306672	34.40
1995-1999	48	0.00283	0.00283	0.5	95896	271	95760	3210657	33.48
1995-1999	49	0.00293	0.00293	0.5	95625	280	95485	3114897	32.57
1995-1999	50	0.00319	0.00319	0.5	95345	304	95193	3019412	31.67
1995-1999	51	0.00348	0.00347	0.5	95041	330	94876	2924219	30.77
1995-1999	52	0.00408	0.00407	0.5	94711	386	94518	2829343	29.87
1995-1999	53	0.00428	0.00427	0.5	94325	403	94124	2734825	28.99
1995-1999	54	0.00454	0.00453	0.5	93922	425	93710	2640701	28.12
1995-1999	55	0.00517	0.00515	0.5	93497	482	93256	2546991	27.24
1995-1999	56	0.00572	0.00571	0.5	93015	531	92750	2453735	26.38
1995-1999	57	0.00595	0.00594	0.5	92484	549	92210	2360985	25.53
1995-1999	58	0.00674	0.00672	0.5	91935	618	91626	2268775	24.68
1995-1999	59	0.00739	0.00736	0.5	91318	672	90982	2177149	23.84
1995-1999	60	0.00808	0.00804	0.5	90646	729	90281	2086167	23.01
1995-1999	61	0.00887	0.00883	0.5	89917	794	89520	1995886	22.20
1995-1999	62	0.00981	0.00976	0.5	89123	870	88688	1906367	21.39
1995-1999	63	0.01073	0.01067	0.5	88253	942	87782	1817679	20.60
1995-1999	64	0.01151	0.01144	0.5	87311	999	86811	1729897	19.81
1995-1999	65	0.01289	0.01281	0.5	86312	1105	85759	1643086	19.04
1995-1999	66	0.01396	0.01386	0.5	85206	1181	84616	1557327	18.28
1995-1999	67	0.01507	0.01496	0.5	84025	1257	83397	1472712	17.53
1995-1999	68	0.01706	0.01691	0.5	82769	1400	82069	1389315	16.79
1995-1999	69	0.01812	0.01795	0.5	81369	1461	80638	1307246	16.07
1995-1999	70	0.01974	0.01955	0.5	79908	1562	79127	1226607	15.35
1995-1999	71	0.02206	0.02182	0.5	78346	1710	77491	1147481	14.65
1995-1999	72	0.02409	0.02380	0.5	76636	1824	75724	1069989	13.96
1995-1999	73	0.02612	0.02578	0.5	74813	1929	73848	994265	13.29
1995-1999	74	0.02806	0.02767	0.5	72884	2017	71876	920417	12.63
1995-1999	75	0.03040	0.02994	0.5	70867	2122	69806	848541	11.97
1995-1999	76	0.03428	0.03371	0.5	68745	2317	67587	778735	11.33
1995-1999	77	0.03800	0.03729	0.5	66428	2477	65189	711148	10.71
1995-1999	78	0.04156	0.04072	0.5	63951	2604	62649	645959	10.10
1995-1999	79	0.04569	0.04466	0.5	61347	2740	59977	583310	9.51
1995-1999	80	0.05388	0.05247	0.5	58607	3075	57069	523333	8.93
1995-1999	81	0.05999	0.05824	0.5	55532	3234	53915	466264	8.40
1995-1999	82	0.06671	0.06455	0.5	52297	3376	50609	412350	7.88
1995-1999	83	0.07324	0.07066	0.5	48922	3457	47193	361740	7.39
1995-1999	84	0.08176	0.07855	0.5	45465	3571	43679	314547	6.92
1995-1999	85	0.09144	0.08744	0.5	41894	3663	40062	270868	6.47
1995-1999	86	0.10205	0.09710	0.5	38231	3712	36375	230805	6.04
1995-1999	87	0.11293	0.10690	0.5	34519	3690	32674	194431	5.63
1995-1999	88	0.12562	0.11820	0.5	30829	3644	29007	161757	5.25
1995-1999	89	0.14027	0.13108	0.5	27185	3563	25403	132751	4.88
1995-1999	90	0.15566	0.14442	0.5	23621	3411	21916	107347	4.54
1995-1999	91	0.17173	0.15815	0.5	20210	3196	18612	85432	4.23
1995-1999	92	0.19391	0.17677	0.5	17014	3008	15510	66820	3.93
1995-1999	93	0.21328	0.19273	0.5	14006	2699	12657	51310	3.66
1995-1999	94	0.23709	0.21197	0.5	11307	2397	10108	38653	3.42
1995-1999	95	0.25482	0.22602	0.5	8910	2014	7903	28545	3.20
1995-1999	96	0.27853	0.24448	0.5	6896	1686	6053	20642	2.99
1995-1999	97	0.30355	0.26355	0.5	5210	1373	4524	14588	2.80
1995-1999	98	0.32978	0.28310	0.5	3837	1086	3294	10065	2.62
1995-1999	99	0.35713	0.30302	0.5	2751	834	2334	6771	2.46
1995-1999	100	0.38543	0.32315	0.5	1917	620	1607	4437	2.31
1995-1999	101	0.41453	0.34337	0.5	1298	446	1075	2829	2.18
1995-1999	102	0.44425	0.36350	0.5	852	310	697	1754	2.06
1995-1999	103	0.47436	0.38342	0.5	542	208	438	1057	1.95
1995-1999	104	0.50466	0.40298	0.5	334	135	267	619	1.85
1995-1999	105	0.53493	0.42205	0.5	200	84	158	352	1.76
1995-1999	106	0.56495	0.44051	0.5	115	51	90	194	1.68
1995-1999	107	0.59449	0.45827	0.5	65	30	50	104	1.61
1995-1999	108	0.62337	0.47524	0.5	35	17	27	54	1.55
1995-1999	109	0.65140	0.49136	0.5	18	9	14	28	1.50
1995-1999	110+	0.67841	1.00000	1.47	9	9	14	14	1.47
2000-2004	0	0.00588	0.00585	0.07	100000	585	99456	8006861	80.07
2000-2004	1	0.00033	0.00033	0.5	99415	32	99399	7907405	79.54
2000-2004	2	0.00022	0.00022	0.5	99383	22	99372	7808006	78.56
2000-2004	3	0.00018	0.00018	0.5	99361	18	99352	7708634	77.58
2000-2004	4	0.00015	0.00015	0.5	99343	15	99335	7609283	76.60
2000-2004	5	0.00012	0.00012	0.5	99328	12	99322	7509947	75.61
2000-2004	6	0.00012	0.00012	0.5	99317	12	99311	7410625	74.62
2000-2004	7	0.00011	0.00011	0.5	99305	11	99299	7311314	73.62
2000-2004	8	0.00012	0.00012	0.5	99293	11	99288	7212015	72.63
2000-2004	9	0.00011	0.00011	0.5	99282	11	99276	7112727	71.64
2000-2004	10	0.00013	0.00013	0.5	99271	13	99264	7013451	70.65
2000-2004	11	0.00012	0.00012	0.5	99258	12	99252	6914187	69.66
2000-2004	12	0.00013	0.00013	0.5	99246	13	99240	6814935	68.67
2000-2004	13	0.00013	0.00013	0.5	99234	12	99227	6715695	67.68
2000-2004	14	0.00016	0.00016	0.5	99221	16	99213	6616468	66.68
2000-2004	15	0.00017	0.00017	0.5	99205	17	99197	6517254	65.69
2000-2004	16	0.00026	0.00026	0.5	99188	26	99175	6418058	64.71
2000-2004	17	0.00032	0.00032	0.5	99162	32	99146	6318883	63.72
2000-2004	18	0.00039	0.00038	0.5	99130	38	99111	6219737	62.74
2000-2004	19	0.00035	0.00035	0.5	99092	35	99075	6120625	61.77
2000-2004	20	0.00039	0.00039	0.5	99058	39	99038	6021550	60.79
2000-2004	21	0.00041	0.00041	0.5	99019	40	98999	5922512	59.81
2000-2004	22	0.00042	0.00042	0.5	98979	42	98958	5823513	58.84
2000-2004	23	0.00043	0.00043	0.5	98937	43	98916	5724555	57.86
2000-2004	24	0.00041	0.00041	0.5	98894	40	98874	5625640	56.89
2000-2004	25	0.00043	0.00043	0.5	98854	42	98833	5526765	55.91
2000-2004	26	0.00046	0.00046	0.5	98812	45	98789	5427932	54.93
2000-2004	27	0.00048	0.00048	0.5	98767	48	98743	5329143	53.96
2000-2004	28	0.00051	0.00051	0.5	98719	51	98693	5230400	52.98
2000-2004	29	0.00051	0.00051	0.5	98668	50	98643	5131707	52.01
2000-2004	30	0.00059	0.00059	0.5	98618	58	98589	5033064	51.04
2000-2004	31	0.00064	0.00064	0.5	98560	63	98529	4934475	50.07
2000-2004	32	0.00066	0.00066	0.5	98497	65	98465	4835946	49.10
2000-2004	33	0.00071	0.00071	0.5	98433	70	98398	4737481	48.13
2000-2004	34	0.00080	0.00080	0.5	98362	79	98323	4639083	47.16
2000-2004	35	0.00085	0.00085	0.5	98284	83	98242	4540760	46.20
2000-2004	36	0.00099	0.00099	0.5	98200	98	98151	4442519	45.24
2000-2004	37	0.00107	0.00107	0.5	98103	105	98050	4344367	44.28
2000-2004	38	0.00121	0.00121	0.5	97998	118	97939	4246317	43.33
2000-2004	39	0.00129	0.00129	0.5	97880	126	97817	4148378	42.38
2000-2004	40	0.00141	0.00141	0.5	97753	138	97685	4050561	41.44
2000-2004	41	0.00150	0.00150	0.5	97616	146	97543	3952877	40.49
2000-2004	42	0.00162	0.00162	0.5	97469	158	97390	3855334	39.55
2000-2004	43	0.00178	0.00178	0.5	97311	173	97225	3757944	38.62
2000-2004	44	0.00196	0.00196	0.5	97138	191	97043	3660719	37.69
2000-2004	45	0.00214	0.00213	0.5	96948	207	96844	3563676	36.76
2000-2004	46	0.00231	0.00231	0.5	96741	223	96629	3466831	35.84
2000-2004	47	0.00247	0.00247	0.5	96517	238	96398	3370202	34.92
2000-2004	48	0.00267	0.00267	0.5	96279	257	96151	3273804	34.00
2000-2004	49	0.00289	0.00289	0.5	96022	277	95884	3177653	33.09
2000-2004	50	0.00303	0.00303	0.5	95745	290	95600	3081770	32.19
2000-2004	51	0.00331	0.00330	0.5	95455	315	95297	2986170	31.28
2000-2004	52	0.00349	0.00349	0.5	95140	332	94974	2890873	30.39
2000-2004	53	0.00400	0.00399	0.5	94808	378	94619	2795899	29.49
2000-2004	54	0.00424	0.00423	0.5	94430	400	94230	2701280	28.61
2000-2004	55	0.00466	0.00465	0.5	94030	437	93811	2607050	27.73
2000-2004	56	0.00503	0.00502	0.5	93592	470	93358	2513239	26.85
2000-2004	57	0.00570	0.00568	0.5	93123	529	92858	2419882	25.99
2000-2004	58	0.00615	0.00613	0.5	92594	568	92310	2327023	25.13
2000-2004	59	0.00679	0.00677	0.5	92026	623	91714	2234714	24.28
2000-2004	60	0.00756	0.00754	0.5	91403	689	91058	2142999	23.45
2000-2004	61	0.00823	0.00820	0.5	90714	743	90342	2051941	22.62
2000-2004	62	0.00884	0.00880	0.5	89970	792	89575	1961599	21.80
2000-2004	63	0.00974	0.00969	0.5	89179	864	88747	1872024	20.99
2000-2004	64	0.01061	0.01055	0.5	88315	932	87849	1783278	20.19
2000-2004	65	0.01170	0.01163	0.5	87383	1016	86875	1695429	19.40
2000-2004	66	0.01263	0.01255	0.5	86367	1084	85825	1608554	18.62
2000-2004	67	0.01392	0.01382	0.5	85283	1179	84693	1522729	17.86
2000-2004	68	0.01499	0.01487	0.5	84104	1251	83479	1438035	17.10
2000-2004	69	0.01653	0.01640	0.5	82853	1359	82174	1354557	16.35
2000-2004	70	0.01805	0.01789	0.5	81494	1458	80766	1272383	15.61
2000-2004	71	0.01962	0.01943	0.5	80037	1555	79259	1191618	14.89
2000-2004	72	0.02169	0.02145	0.5	78482	1684	77640	1112358	14.17
2000-2004	73	0.02390	0.02362	0.5	76798	1814	75891	1034719	13.47
2000-2004	74	0.02631	0.02597	0.5	74984	1947	74010	958828	12.79
2000-2004	75	0.02925	0.02883	0.5	73037	2106	71984	884817	12.11
2000-2004	76	0.03189	0.03139	0.5	70931	2226	69818	812833	11.46
2000-2004	77	0.03483	0.03424	0.5	68705	2352	67529	743015	10.81
2000-2004	78	0.03913	0.03838	0.5	66353	2547	65079	675487	10.18
2000-2004	79	0.04326	0.04235	0.5	63806	2702	62455	610407	9.57
2000-2004	80	0.05171	0.05041	0.5	61104	3080	59564	547953	8.97
2000-2004	81	0.05724	0.05565	0.5	58024	3229	56409	488389	8.42
2000-2004	82	0.06382	0.06184	0.5	54794	3389	53100	431980	7.88
2000-2004	83	0.07186	0.06937	0.5	51406	3566	49623	378880	7.37
2000-2004	84	0.08032	0.07721	0.5	47840	3694	45993	329257	6.88
2000-2004	85	0.09057	0.08664	0.5	44146	3825	42233	283264	6.42
2000-2004	86	0.10145	0.09655	0.5	40321	3893	38374	241031	5.98
2000-2004	87	0.11336	0.10728	0.5	36428	3908	34474	202657	5.56
2000-2004	88	0.12574	0.11830	0.5	32520	3847	30596	168183	5.17
2000-2004	89	0.14288	0.13336	0.5	28673	3824	26761	137587	4.80
2000-2004	90	0.15639	0.14504	0.5	24849	3604	23047	110826	4.46
2000-2004	91	0.17733	0.16289	0.5	21245	3461	19515	87779	4.13
2000-2004	92	0.19644	0.17887	0.5	17784	3181	16194	68264	3.84
2000-2004	93	0.21959	0.19786	0.5	14603	2889	13158	52070	3.57
2000-2004	94	0.24097	0.21506	0.5	11714	2519	10454	38912	3.32
2000-2004	95	0.26414	0.23332	0.5	9195	2145	8122	28458	3.10
2000-2004	96	0.28969	0.25304	0.5	7049	1784	6157	20336	2.88
2000-2004	97	0.31665	0.27337	0.5	5266	1439	4546	14178	2.69
2000-2004	98	0.34490	0.29417	0.5	3826	1126	3263	9633	2.52
2000-2004	99	0.37429	0.31529	0.5	2701	851	2275	6369	2.36
2000-2004	100	0.40464	0.33655	0.5	1849	622	1538	4094	2.21
2000-2004	101	0.43574	0.35779	0.5	1227	439	1007	2557	2.08
2000-2004	102	0.46735	0.37883	0.5	788	298	639	1549	1.97
2000-2004	103	0.49923	0.39950	0.5	489	196	392	911	1.86
2000-2004	104	0.53111	0.41966	0.5	294	123	232	519	1.77
2000-2004	105	0.56274	0.43917	0.5	171	75	133	287	1.68
2000-2004	106	0.59386	0.45790	0.5	96	44	74	154	1.61
2000-2004	107	0.62426	0.47576	0.5	52	25	40	80	1.54
2000-2004	108	0.65370	0.49267	0.5	27	13	20	40	1.48
2000-2004	109	0.68201	0.50858	0.5	14	7	10	20	1.44
2000-2004	110+	0.70904	1.00000	1.41	7	7	10	10	1.41
2005-2009	0	0.00562	0.00559	0.07	100000	559	99479	8117740	81.18
2005-2009	1	0.00030	0.00030	0.5	99441	30	99426	8018261	80.63
2005-2009	2	0.00022	0.00022	0.5	99411	22	99400	7918835	79.66
2005-2009	3	0.00018	0.00018	0.5	99389	18	99380	7819435	78.68
2005-2009	4	0.00013	0.00013	0.5	99371	13	99365	7720055	77.69
2005-2009	5	0.00010	0.00010	0.5	99358	10	99353	7620690	76.70
2005-2009	6	0.00011	0.00011	0.5	99348	11	99343	7521337	75.71
2005-2009	7	0.00010	0.00010	0.5	99337	10	99332	7421994	74.72
2005-2009	8	0.00009	0.00009	0.5	99328	9	99323	7322661	73.72
2005-2009	9	0.00009	0.00009	0.5	99319	8	99314	7223338	72.73
2005-2009	10	0.00009	0.00009	0.5	99310	9	99306	7124024	71.74
2005-2009	11	0.00010	0.00010	0.5	99301	9	99296	7024718	70.74
2005-2009	12	0.00012	0.00012	0.5	99291	12	99285	6925422	69.75
2005-2009	13	0.00011	0.00011	0.5	99279	11	99274	6826137	68.76
2005-2009	14	0.00013	0.00013	0.5	99268	13	99262	6726863	67.76
2005-2009	15	0.00015	0.00015	0.5	99255	15	99248	6627601	66.77
2005-2009	16	0.00021	0.00021	0.5	99241	21	99230	6528353	65.78
2005-2009	17	0.00028	0.00028	0.5	99220	28	99206	6429123	64.80
2005-2009	18	0.00033	0.00033	0.5	99192	32	99175	6329917	63.82
2005-2009	19	0.00035	0.00035	0.5	99159	35	99142	6230742	62.84
2005-2009	20	0.00034	0.00034	0.5	99125	34	99108	6131600	61.86
2005-2009	21	0.00042	0.00042	0.5	99091	42	99070	6032492	60.88
2005-2009	22	0.00041	0.00041	0.5	99049	40	99029	5933422	59.90
2005-2009	23	0.00039	0.00039	0.5	99009	38	98989	5834394	58.93
2005-2009	24	0.00044	0.00044	0.5	98970	44	98948	5735404	57.95
2005-2009	25	0.00044	0.00044	0.5	98926	43	98905	5636456	56.98
2005-2009	26	0.00046	0.00046	0.5	98883	46	98860	5537551	56.00
2005-2009	27	0.00045	0.00045	0.5	98837	44	98815	5438690	55.03
2005-2009	28	0.00048	0.00048	0.5	98793	47	98769	5339875	54.05
2005-2009	29	0.00049	0.00049	0.5	98746	48	98722	5241106	53.08
2005-2009	30	0.00051	0.00051	0.5	98698	50	98673	5142384	52.10
2005-2009	31	0.00056	0.00056	0.5	98648	55	98620	5043711	51.13
2005-2009	32	0.00063	0.00063	0.5	98592	62	98561	4945091	50.16
2005-2009	33	0.00063	0.00063	0.5	98530	62	98499	4846530	49.19
2005-2009	34	0.00067	0.00067	0.5	98468	66	98436	4748030	48.22
2005-2009	35	0.00075	0.00075	0.5	98403	74	98366	4649595	47.25
2005-2009	36	0.00088	0.00088	0.5	98329	87	98285	4551229	46.29
2005-2009	37	0.00092	0.00092	0.5	98242	90	98197	4452944	45.33
2005-2009	38	0.00097	0.00097	0.5	98152	95	98104	4354747	44.37
2005-2009	39	0.00112	0.00112	0.5	98057	110	98002	4256643	43.41
2005-2009	40	0.00122	0.00122	0.5	97947	119	97888	4158641	42.46
2005-2009	41	0.00133	0.00133	0.5	97828	130	97763	4060753	41.51
2005-2009	42	0.00147	0.00147	0.5	97698	143	97626	3962990	40.56
2005-2009	43	0.00159	0.00159	0.5	97554	155	97477	3865364	39.62
2005-2009	44	0.00182	0.00182	0.5	97399	177	97311	3767887	38.69
2005-2009	45	0.00193	0.00193	0.5	97222	187	97129	3670577	37.75
2005-2009	46	0.00212	0.00212	0.5	97035	206	96932	3573448	36.83
2005-2009	47	0.00226	0.00226	0.5	96829	219	96719	3476516	35.90
2005-2009	48	0.00251	0.00250	0.5	96610	242	96489	3379797	34.98
2005-2009	49	0.00273	0.00273	0.5	96368	263	96236	3283308	34.07
2005-2009	50	0.00297	0.00297	0.5	96105	285	95962	3187072	33.16
2005-2009	51	0.00316	0.00316	0.5	95819	303	95668	3091110	32.26
2005-2009	52	0.00344	0.00343	0.5	95517	328	95353	2995441	31.36
2005-2009	53	0.00362	0.00361	0.5	95189	344	95017	2900088	30.47
2005-2009	54	0.00390	0.00390	0.5	94845	370	94660	2805071	29.58
2005-2009	55	0.00439	0.00439	0.5	94475	414	94268	2710411	28.69
2005-2009	56	0.00436	0.00435	0.5	94061	409	93856	2616143	27.81
2005-2009	57	0.00494	0.00493	0.5	93652	461	93421	2522287	26.93
2005-2009	58	0.00533	0.00532	0.5	93190	496	92942	2428865	26.06
2005-2009	59	0.00582	0.00581	0.5	92695	538	92425	2335923	25.20
2005-2009	60	0.00657	0.00655	0.5	92156	604	91854	2243498	24.34
2005-2009	61	0.00715	0.00712	0.5	91552	652	91226	2151643	23.50
2005-2009	62	0.00780	0.00777	0.5	90900	706	90547	2060417	22.67
2005-2009	63	0.00861	0.00858	0.5	90194	773	89807	1969870	21.84
2005-2009	64	0.00934	0.00930	0.5	89420	832	89005	1880063	21.02
2005-2009	65	0.01008	0.01003	0.5	88589	888	88145	1791058	20.22
2005-2009	66	0.01123	0.01116	0.5	87700	979	87211	1702913	19.42
2005-2009	67	0.01216	0.01208	0.5	86721	1048	86197	1615703	18.63
2005-2009	68	0.01329	0.01321	0.5	85674	1131	85108	1529505	17.85
2005-2009	69	0.01460	0.01450	0.5	84542	1226	83929	1444397	17.08
2005-2009	70	0.01641	0.01628	0.5	83316	1356	82638	1360468	16.33
2005-2009	71	0.01768	0.01753	0.5	81960	1437	81242	1277830	15.59
2005-2009	72	0.01949	0.01930	0.5	80523	1554	79746	1196588	14.86
2005-2009	73	0.02113	0.02091	0.5	78969	1651	78144	1116842	14.14
2005-2009	74	0.02339	0.02312	0.5	77318	1787	76425	1038698	13.43
2005-2009	75	0.02626	0.02592	0.5	75531	1958	74552	962273	12.74
2005-2009	76	0.02840	0.02800	0.5	73573	2060	72543	887721	12.07
2005-2009	77	0.03141	0.03093	0.5	71513	2212	70407	815178	11.40
2005-2009	78	0.03523	0.03462	0.5	69301	2399	68102	744771	10.75
2005-2009	79	0.03853	0.03780	0.5	66902	2529	65638	676669	10.11
2005-2009	80	0.04477	0.04379	0.5	64373	2819	62964	611031	9.49
2005-2009	81	0.05024	0.04901	0.5	61555	3017	60046	548067	8.90
2005-2009	82	0.05632	0.05478	0.5	58538	3207	56935	488021	8.34
2005-2009	83	0.06335	0.06141	0.5	55332	3398	53633	431086	7.79
2005-2009	84	0.07106	0.06862	0.5	51934	3564	50152	377453	7.27
2005-2009	85	0.08099	0.07784	0.5	48370	3765	46488	327301	6.77
2005-2009	86	0.09141	0.08741	0.5	44605	3899	42655	280814	6.30
2005-2009	87	0.10299	0.09794	0.5	40706	3987	38713	238158	5.85
2005-2009	88	0.11688	0.11043	0.5	36719	4055	34692	199446	5.43
2005-2009	89	0.13039	0.12241	0.5	32664	3999	30665	164754	5.04
2005-2009	90	0.14561	0.13573	0.5	28666	3891	26720	134089	4.68
2005-2009	91	0.16393	0.15151	0.5	24775	3754	22898	107368	4.33
2005-2009	92	0.18432	0.16877	0.5	21021	3548	19247	84470	4.02
2005-2009	93	0.20240	0.18380	0.5	17474	3212	15868	65223	3.73
2005-2009	94	0.22551	0.20266	0.5	14262	2890	12817	49355	3.46
2005-2009	95	0.24956	0.22188	0.5	11372	2523	10110	36538	3.21
2005-2009	96	0.27512	0.24185	0.5	8848	2140	7778	26428	2.99
2005-2009	97	0.30225	0.26257	0.5	6708	1761	5828	18650	2.78
2005-2009	98	0.33083	0.28387	0.5	4947	1404	4245	12822	2.59
2005-2009	99	0.36071	0.30560	0.5	3543	1083	3001	8577	2.42
2005-2009	100	0.39172	0.32756	0.5	2460	806	2057	5576	2.27
2005-2009	101	0.42362	0.34958	0.5	1654	578	1365	3519	2.13
2005-2009	102	0.45617	0.37145	0.5	1076	400	876	2154	2.00
2005-2009	103	0.48910	0.39300	0.5	676	266	543	1278	1.89
2005-2009	104	0.52213	0.41404	0.5	411	170	326	734	1.79
2005-2009	105	0.55496	0.43442	0.5	241	104	188	409	1.70
2005-2009	106	0.58733	0.45400	0.5	136	62	105	220	1.62
2005-2009	107	0.61895	0.47267	0.5	74	35	57	115	1.55
2005-2009	108	0.64959	0.49034	0.5	39	19	30	58	1.49
2005-2009	109	0.67905	0.50694	0.5	20	10	15	29	1.44
2005-2009	110+	0.70715	1.00000	1.41	10	10	14	14	1.41
2010-2014	0	0.00495	0.00492	0.07	100000	492	99541	8205781	82.06
2010-2014	1	0.00029	0.00029	0.5	99508	29	99493	8106240	81.46
2010-2014	2	0.00018	0.00018	0.5	99478	18	99470	8006747	80.49
2010-2014	3	0.00014	0.00014	0.5	99461	14	99454	7907277	79.50
2010-2014	4	0.00011	0.00011	0.5	99447	11	99441	7807823	78.51
2010-2014	5	0.00009	0.00009	0.5	99436	9	99431	7708382	77.52
2010-2014	6	0.00009	0.00009	0.5	99426	9	99421	7608951	76.53
2010-2014	7	0.00008	0.00008	0.5	99417	8	99413	7509530	75.54
2010-2014	8	0.00010	0.00010	0.5	99409	10	99404	7410117	74.54
2010-2014	9	0.00008	0.00008	0.5	99400	8	99396	7310712	73.55
2010-2014	10	0.00008	0.00008	0.5	99392	8	99388	7211317	72.55
2010-2014	11	0.00009	0.00009	0.5	99384	8	99380	7111928	71.56
2010-2014	12	0.00010	0.00010	0.5	99376	10	99371	7012548	70.57
2010-2014	13	0.00010	0.00010	0.5	99366	10	99362	6913177	69.57
2010-2014	14	0.00012	0.00012	0.5	99357	12	99350	6813815	68.58
2010-2014	15	0.00012	0.00012	0.5	99344	12	99338	6714465	67.59
2010-2014	16	0.00016	0.00016	0.5	99332	16	99324	6615127	66.60
2010-2014	17	0.00021	0.00021	0.5	99316	21	99306	6515803	65.61
2010-2014	18	0.00026	0.00026	0.5	99295	26	99282	6416497	64.62
2010-2014	19	0.00029	0.00029	0.5	99269	28	99255	6317215	63.64
2010-2014	20	0.00034	0.00034	0.5	99241	34	99224	6217960	62.66
2010-2014	21	0.00039	0.00039	0.5	99207	39	99188	6118735	61.68
2010-2014	22	0.00041	0.00041	0.5	99168	41	99148	6019547	60.70
2010-2014	23	0.00042	0.00042	0.5	99128	42	99107	5920399	59.72
2010-2014	24	0.00042	0.00042	0.5	99086	42	99065	5821292	58.75
2010-2014	25	0.00044	0.00044	0.5	99044	44	99022	5722227	57.77
2010-2014	26	0.00048	0.00048	0.5	99000	48	98976	5623205	56.80
2010-2014	27	0.00047	0.00047	0.5	98952	46	98929	5524229	55.83
2010-2014	28	0.00051	0.00051	0.5	98906	51	98881	5425300	54.85
2010-2014	29	0.00055	0.00055	0.5	98856	55	98828	5326419	53.88
2010-2014	30	0.00058	0.00058	0.5	98801	57	98772	5227591	52.91
2010-2014	31	0.00062	0.00062	0.5	98744	61	98713	5128818	51.94
2010-2014	32	0.00060	0.00060	0.5	98682	60	98653	5030105	50.97
2010-2014	33	0.00062	0.00062	0.5	98623	61	98592	4931453	50.00
2010-2014	34	0.00070	0.00070	0.5	98562	69	98527	4832860	49.03
2010-2014	35	0.00075	0.00075	0.5	98493	73	98456	4734333	48.07
2010-2014	36	0.00080	0.00080	0.5	98419	78	98380	4635877	47.10
2010-2014	37	0.00084	0.00084	0.5	98341	83	98300	4537497	46.14
2010-2014	38	0.00089	0.00089	0.5	98258	88	98215	4439197	45.18
2010-2014	39	0.00097	0.00097	0.5	98171	95	98123	4340983	44.22
2010-2014	40	0.00108	0.00108	0.5	98076	106	98023	4242859	43.26
2010-2014	41	0.00119	0.00119	0.5	97970	117	97912	4144837	42.31
2010-2014	42	0.00132	0.00132	0.5	97853	129	97788	4046925	41.36
2010-2014	43	0.00148	0.00148	0.5	97724	144	97651	3949137	40.41
2010-2014	44	0.00161	0.00161	0.5	97579	157	97501	3851485	39.47
2010-2014	45	0.00174	0.00174	0.5	97422	169	97337	3753984	38.53
2010-2014	46	0.00191	0.00190	0.5	97253	185	97160	3656647	37.60
2010-2014	47	0.00211	0.00211	0.5	97068	205	96965	3559487	36.67
2010-2014	48	0.00230	0.00230	0.5	96863	223	96751	3462522	35.75
2010-2014	49	0.00255	0.00255	0.5	96640	246	96517	3365770	34.83
2010-2014	50	0.00277	0.00277	0.5	96394	267	96260	3269253	33.92
2010-2014	51	0.00301	0.00300	0.5	96127	289	95982	3172993	33.01
2010-2014	52	0.00324	0.00324	0.5	95838	310	95683	3077011	32.11
2010-2014	53	0.00343	0.00343	0.5	95528	327	95364	2981328	31.21
2010-2014	54	0.00375	0.00375	0.5	95200	357	95022	2885964	30.31
2010-2014	55	0.00403	0.00402	0.5	94844	381	94653	2790942	29.43
2010-2014	56	0.00453	0.00452	0.5	94462	427	94249	2696289	28.54
2010-2014	57	0.00478	0.00477	0.5	94035	449	93811	2602040	27.67
2010-2014	58	0.00511	0.00510	0.5	93587	477	93348	2508229	26.80
2010-2014	59	0.00540	0.00538	0.5	93109	501	92859	2414882	25.94
2010-2014	60	0.00593	0.00591	0.5	92608	548	92334	2322023	25.07
2010-2014	61	0.00643	0.00641	0.5	92060	590	91766	2229689	24.22
2010-2014	62	0.00709	0.00707	0.5	91471	646	91147	2137923	23.37
2010-2014	63	0.00769	0.00766	0.5	90824	696	90476	2046776	22.54
2010-2014	64	0.00849	0.00846	0.5	90128	762	89747	1956300	21.71
2010-2014	65	0.00920	0.00916	0.5	89366	819	88956	1866553	20.89
2010-2014	66	0.01020	0.01014	0.5	88547	898	88098	1777596	20.08
2010-2014	67	0.01123	0.01116	0.5	87649	978	87160	1689498	19.28
2010-2014	68	0.01218	0.01210	0.5	86670	1049	86146	1602339	18.49
2010-2014	69	0.01343	0.01334	0.5	85622	1143	85050	1516193	17.71
2010-2014	70	0.01497	0.01486	0.5	84479	1255	83851	1431142	16.94
2010-2014	71	0.01631	0.01618	0.5	83224	1346	82551	1347291	16.19
2010-2014	72	0.01742	0.01727	0.5	81877	1414	81170	1264740	15.45
2010-2014	73	0.01936	0.01918	0.5	80463	1543	79692	1183570	14.71
2010-2014	74	0.02126	0.02103	0.5	78920	1660	78090	1103878	13.99
2010-2014	75	0.02340	0.02313	0.5	77260	1787	76366	1025788	13.28
2010-2014	76	0.02617	0.02583	0.5	75473	1949	74498	949422	12.58
2010-2014	77	0.02902	0.02861	0.5	73524	2103	72472	874924	11.90
2010-2014	78	0.03211	0.03161	0.5	71420	2257	70292	802452	11.24
2010-2014	79	0.03562	0.03500	0.5	69163	2421	67953	732160	10.59
2010-2014	80	0.03976	0.03899	0.5	66742	2602	65441	664208	9.95
2010-2014	81	0.04460	0.04363	0.5	64140	2798	62741	598766	9.34
2010-2014	82	0.05090	0.04963	0.5	61342	3045	59820	536025	8.74
2010-2014	83	0.05688	0.05531	0.5	58297	3224	56685	476206	8.17
2010-2014	84	0.06474	0.06271	0.5	55073	3453	53346	419521	7.62
2010-2014	85	0.07309	0.07051	0.5	51619	3640	49800	366174	7.09
2010-2014	86	0.08245	0.07919	0.5	47980	3799	46080	316375	6.59
2010-2014	87	0.09401	0.08979	0.5	44180	3967	42197	270295	6.12
2010-2014	88	0.10590	0.10058	0.5	40214	4045	38191	228098	5.67
2010-2014	89	0.12022	0.11341	0.5	36169	4102	34118	189906	5.25
2010-2014	90	0.13775	0.12887	0.5	32067	4133	30001	155788	4.86
2010-2014	91	0.15273	0.14189	0.5	27935	3964	25953	125787	4.50
2010-2014	92	0.17217	0.15852	0.5	23971	3800	22071	99835	4.16
2010-2014	93	0.19339	0.17634	0.5	20171	3557	18392	77764	3.86
2010-2014	94	0.21760	0.19625	0.5	16614	3261	14984	59371	3.57
2010-2014	95	0.23693	0.21183	0.5	13353	2829	11939	44388	3.32
2010-2014	96	0.26236	0.23194	0.5	10525	2441	9304	32448	3.08
2010-2014	97	0.28949	0.25289	0.5	8084	2044	7062	23144	2.86
2010-2014	98	0.31822	0.27454	0.5	6039	1658	5210	16083	2.66
2010-2014	99	0.34839	0.29671	0.5	4381	1300	3731	10872	2.48
2010-2014	100	0.37984	0.31921	0.5	3081	984	2590	7141	2.32
2010-2014	101	0.41232	0.34185	0.5	2098	717	1739	4551	2.17
2010-2014	102	0.44559	0.36441	0.5	1381	503	1129	2812	2.04
2010-2014	103	0.47936	0.38668	0.5	878	339	708	1683	1.92
2010-2014	104	0.51331	0.40847	0.5	538	220	428	975	1.81
2010-2014	105	0.54714	0.42961	0.5	318	137	250	547	1.72
2010-2014	106	0.58054	0.44994	0.5	182	82	141	297	1.63
2010-2014	107	0.61322	0.46932	0.5	100	47	76	156	1.56
2010-2014	108	0.64491	0.48766	0.5	53	26	40	79	1.50
2010-2014	109	0.67538	0.50489	0.5	27	14	20	39	1.45
2010-2014	110+	0.70443	1.00000	1.42	13	13	19	19	1.42
2015-2019	0	0.00438	0.00436	0.07	100000	436	99593	8240293	82.40
2015-2019	1	0.00026	0.00026	0.5	99564	26	99551	8140701	81.76
2015-2019	2	0.00019	0.00019	0.5	99538	19	99529	8041150	80.78
2015-2019	3	0.00014	0.00014	0.5	99519	14	99512	7941621	79.80
2015-2019	4	0.00011	0.00011	0.5	99505	11	99500	7842109	78.81
2015-2019	5	0.00009	0.00009	0.5	99495	9	99490	7742609	77.82
2015-2019	6	0.00010	0.00010	0.5	99486	10	99480	7643118	76.83
2015-2019	7	0.00009	0.00009	0.5	99475	9	99471	7543638	75.83
2015-2019	8	0.00010	0.00010	0.5	99466	10	99461	7444168	74.84
2015-2019	9	0.00009	0.00009	0.5	99456	9	99452	7344706	73.85
2015-2019	10	0.00008	0.00008	0.5	99448	8	99444	7245254	72.85
2015-2019	11	0.00009	0.00009	0.5	99439	9	99435	7145811	71.86
2015-2019	12	0.00008	0.00008	0.5	99430	8	99426	7046376	70.87
2015-2019	13	0.00012	0.00012	0.5	99422	12	99416	6946950	69.87
2015-2019	14	0.00014	0.00014	0.5	99410	14	99403	6847534	68.88
2015-2019	15	0.00013	0.00013	0.5	99396	13	99389	6748131	67.89
2015-2019	16	0.00016	0.00016	0.5	99382	16	99374	6648742	66.90
2015-2019	17	0.00021	0.00021	0.5	99366	21	99356	6549368	65.91
2015-2019	18	0.00027	0.00027	0.5	99345	27	99332	6450012	64.93
2015-2019	19	0.00031	0.00031	0.5	99319	30	99303	6350680	63.94
2015-2019	20	0.00038	0.00038	0.5	99288	38	99269	6251377	62.96
2015-2019	21	0.00041	0.00041	0.5	99250	41	99230	6152108	61.99
2015-2019	22	0.00045	0.00045	0.5	99209	44	99187	6052878	61.01
2015-2019	23	0.00049	0.00049	0.5	99165	49	99141	5953691	60.04
2015-2019	24	0.00051	0.00051	0.5	99116	50	99091	5854550	59.07
2015-2019	25	0.00052	0.00052	0.5	99066	52	99040	5755459	58.10
2015-2019	26	0.00059	0.00059	0.5	99014	59	98985	5656419	57.13
2015-2019	27	0.00063	0.00063	0.5	98955	63	98924	5557434	56.16
2015-2019	28	0.00065	0.00065	0.5	98892	64	98860	5458510	55.20
2015-2019	29	0.00066	0.00066	0.5	98828	66	98796	5359650	54.23
2015-2019	30	0.00074	0.00074	0.5	98763	73	98726	5260854	53.27
2015-2019	31	0.00077	0.00077	0.5	98690	76	98652	5162128	52.31
2015-2019	32	0.00083	0.00083	0.5	98614	82	98573	5063476	51.35
2015-2019	33	0.00085	0.00085	0.5	98532	83	98490	4964903	50.39
2015-2019	34	0.00089	0.00089	0.5	98449	88	98405	4866413	49.43
2015-2019	35	0.00093	0.00093	0.5	98361	92	98315	4768008	48.47
2015-2019	36	0.00101	0.00101	0.5	98269	99	98220	4669692	47.52
2015-2019	37	0.00103	0.00103	0.5	98170	101	98119	4571473	46.57
2015-2019	38	0.00110	0.00110	0.5	98069	108	98015	4473353	45.61
2015-2019	39	0.00115	0.00115	0.5	97961	112	97905	4375338	44.66
2015-2019	40	0.00123	0.00123	0.5	97849	120	97789	4277434	43.71
2015-2019	41	0.00124	0.00124	0.5	97729	121	97668	4179645	42.77
2015-2019	42	0.00137	0.00137	0.5	97608	134	97541	4081976	41.82
2015-2019	43	0.00141	0.00141	0.5	97474	138	97406	3984435	40.88
2015-2019	44	0.00145	0.00145	0.5	97337	141	97266	3887030	39.93
2015-2019	45	0.00173	0.00173	0.5	97195	168	97112	3789764	38.99
2015-2019	46	0.00193	0.00193	0.5	97028	187	96934	3692652	38.06
2015-2019	47	0.00210	0.00210	0.5	96841	203	96739	3595718	37.13
2015-2019	48	0.00221	0.00221	0.5	96637	213	96530	3498979	36.21
2015-2019	49	0.00237	0.00237	0.5	96424	228	96310	3402449	35.29
2015-2019	50	0.00276	0.00275	0.5	96196	265	96063	3306139	34.37
2015-2019	51	0.00300	0.00300	0.5	95931	288	95787	3210076	33.46
2015-2019	52	0.00329	0.00328	0.5	95643	314	95486	3114289	32.56
2015-2019	53	0.00344	0.00344	0.5	95329	328	95165	3018803	31.67
2015-2019	54	0.00377	0.00376	0.5	95001	357	94823	2923638	30.77
2015-2019	55	0.00404	0.00403	0.5	94644	382	94453	2828815	29.89
2015-2019	56	0.00445	0.00444	0.5	94262	419	94053	2734362	29.01
2015-2019	57	0.00483	0.00482	0.5	93844	453	93617	2640309	28.14
2015-2019	58	0.00517	0.00516	0.5	93391	482	93150	2546691	27.27
2015-2019	59	0.00556	0.00554	0.5	92910	515	92652	2453541	26.41
2015-2019	60	0.00598	0.00596	0.5	92395	551	92119	2360889	25.55
2015-2019	61	0.00650	0.00648	0.5	91844	595	91546	2268770	24.70
2015-2019	62	0.00704	0.00701	0.5	91249	640	90929	2177223	23.86
2015-2019	63	0.00742	0.00739	0.5	90609	670	90274	2086294	23.03
2015-2019	64	0.00809	0.00806	0.5	89939	725	89576	1996021	22.19
2015-2019	65	0.00876	0.00872	0.5	89214	778	88825	1906444	21.37
2015-2019	66	0.00946	0.00942	0.5	88436	833	88019	1817619	20.55
2015-2019	67	0.01043	0.01038	0.5	87603	909	87148	1729600	19.74
2015-2019	68	0.01146	0.01139	0.5	86694	988	86200	1642452	18.95
2015-2019	69	0.01258	0.01250	0.5	85706	1071	85171	1556252	18.16
2015-2019	70	0.01397	0.01388	0.5	84635	1174	84048	1471081	17.38
2015-2019	71	0.01517	0.01506	0.5	83461	1257	82832	1387033	16.62
2015-2019	72	0.01714	0.01699	0.5	82204	1397	81505	1304201	15.87
2015-2019	73	0.01870	0.01853	0.5	80807	1497	80058	1222696	15.13
2015-2019	74	0.02078	0.02057	0.5	79309	1631	78494	1142638	14.41
2015-2019	75	0.02283	0.02257	0.5	77678	1753	76802	1064144	13.70
2015-2019	76	0.02506	0.02475	0.5	75925	1879	74985	987342	13.00
2015-2019	77	0.02756	0.02719	0.5	74046	2013	73039	912357	12.32
2015-2019	78	0.03037	0.02992	0.5	72033	2155	70955	839318	11.65
2015-2019	79	0.03359	0.03303	0.5	69877	2308	68723	768363	11.00
2015-2019	80	0.03792	0.03721	0.5	67569	2514	66312	699639	10.35
2015-2019	81	0.04192	0.04106	0.5	65055	2671	63719	633327	9.74
2015-2019	82	0.04688	0.04580	0.5	62384	2857	60955	569608	9.13
2015-2019	83	0.05260	0.05125	0.5	59526	3051	58001	508653	8.54
2015-2019	84	0.05868	0.05700	0.5	56475	3219	54866	450652	7.98
2015-2019	85	0.06611	0.06400	0.5	53256	3408	51552	395786	7.43
2015-2019	86	0.07520	0.07247	0.5	49848	3613	48042	344234	6.91
2015-2019	87	0.08659	0.08300	0.5	46235	3837	44317	296192	6.41
2015-2019	88	0.09692	0.09244	0.5	42398	3919	40438	251876	5.94
2015-2019	89	0.11227	0.10630	0.5	38479	4090	36434	211437	5.49
2015-2019	90	0.12697	0.11939	0.5	34389	4106	32336	175003	5.09
2015-2019	91	0.14347	0.13387	0.5	30283	4054	28256	142668	4.71
2015-2019	92	0.16155	0.14948	0.5	26229	3921	24269	114412	4.36
2015-2019	93	0.17950	0.16471	0.5	22308	3674	20471	90143	4.04
2015-2019	94	0.20305	0.18434	0.5	18634	3435	16916	69672	3.74
2015-2019	95	0.22298	0.20061	0.5	15199	3049	13674	52756	3.47
2015-2019	96	0.24752	0.22026	0.5	12150	2676	10812	39082	3.22
2015-2019	97	0.27382	0.24084	0.5	9474	2282	8333	28270	2.98
2015-2019	98	0.30178	0.26222	0.5	7192	1886	6249	19937	2.77
2015-2019	99	0.33131	0.28422	0.5	5306	1508	4552	13688	2.58
2015-2019	100	0.36222	0.30668	0.5	3798	1165	3216	9136	2.41
2015-2019	101	0.39431	0.32937	0.5	2633	867	2200	5920	2.25
2015-2019	102	0.42734	0.35211	0.5	1766	622	1455	3720	2.11
2015-2019	103	0.46104	0.37467	0.5	1144	429	930	2265	1.98
2015-2019	104	0.49509	0.39685	0.5	715	284	573	1336	1.87
2015-2019	105	0.52919	0.41847	0.5	432	181	341	762	1.77
2015-2019	106	0.56302	0.43934	0.5	251	110	196	421	1.68
2015-2019	107	0.59627	0.45933	0.5	141	65	108	225	1.60
2015-2019	108	0.62866	0.47831	0.5	76	36	58	117	1.53
2015-2019	109	0.65994	0.49621	0.5	40	20	30	59	1.48
2015-2019	110+	0.68988	1.00000	1.45	20	20	29	29	1.45
