Div2: Mid-Atlantic, Lifetables (period 1x5), Both sexes Last modified: 20 Dec 2020, MPv5 (May07) 

Year     	Age	mx	qx	ax	lx	dx	Lx	Tx	ex
1960-1964	0	0.02437	0.02386	0.12	100000	2386	97891	6980347	69.80
1960-1964	1	0.00132	0.00132	0.5	97614	129	97550	6882456	70.51
1960-1964	2	0.00084	0.00084	0.5	97485	82	97444	6784906	69.60
1960-1964	3	0.00071	0.00071	0.5	97403	69	97369	6687462	68.66
1960-1964	4	0.00058	0.00058	0.5	97334	57	97306	6590094	67.71
1960-1964	5	0.00052	0.00052	0.5	97278	50	97253	6492788	66.74
1960-1964	6	0.00046	0.00046	0.5	97227	45	97205	6395535	65.78
1960-1964	7	0.00041	0.00041	0.5	97183	40	97163	6298330	64.81
1960-1964	8	0.00038	0.00038	0.5	97143	37	97124	6201167	63.84
1960-1964	9	0.00036	0.00036	0.5	97106	35	97089	6104043	62.86
1960-1964	10	0.00033	0.00033	0.5	97072	32	97056	6006954	61.88
1960-1964	11	0.00034	0.00034	0.5	97040	33	97024	5909898	60.90
1960-1964	12	0.00033	0.00033	0.5	97007	32	96991	5812875	59.92
1960-1964	13	0.00039	0.00039	0.5	96975	38	96956	5715883	58.94
1960-1964	14	0.00044	0.00044	0.5	96937	42	96916	5618927	57.96
1960-1964	15	0.00051	0.00051	0.5	96895	49	96870	5522011	56.99
1960-1964	16	0.00060	0.00060	0.5	96846	58	96816	5425141	56.02
1960-1964	17	0.00074	0.00074	0.5	96787	71	96752	5328325	55.05
1960-1964	18	0.00090	0.00090	0.5	96716	87	96673	5231573	54.09
1960-1964	19	0.00097	0.00097	0.5	96629	94	96582	5134900	53.14
1960-1964	20	0.00102	0.00102	0.5	96535	99	96486	5038318	52.19
1960-1964	21	0.00107	0.00107	0.5	96437	103	96385	4941832	51.24
1960-1964	22	0.00110	0.00109	0.5	96334	105	96281	4845447	50.30
1960-1964	23	0.00106	0.00106	0.5	96228	102	96177	4749166	49.35
1960-1964	24	0.00110	0.00110	0.5	96126	106	96073	4652989	48.41
1960-1964	25	0.00115	0.00115	0.5	96020	110	95965	4556915	47.46
1960-1964	26	0.00113	0.00113	0.5	95910	108	95856	4460950	46.51
1960-1964	27	0.00115	0.00115	0.5	95802	111	95747	4365094	45.56
1960-1964	28	0.00121	0.00121	0.5	95691	116	95633	4269347	44.62
1960-1964	29	0.00129	0.00129	0.5	95575	123	95514	4173714	43.67
1960-1964	30	0.00135	0.00135	0.5	95452	129	95388	4078200	42.73
1960-1964	31	0.00137	0.00137	0.5	95323	130	95258	3982813	41.78
1960-1964	32	0.00151	0.00151	0.5	95193	144	95121	3887555	40.84
1960-1964	33	0.00160	0.00160	0.5	95049	152	94973	3792433	39.90
1960-1964	34	0.00172	0.00172	0.5	94897	163	94816	3697460	38.96
1960-1964	35	0.00187	0.00187	0.5	94734	177	94646	3602644	38.03
1960-1964	36	0.00203	0.00203	0.5	94557	192	94461	3507999	37.10
1960-1964	37	0.00224	0.00223	0.5	94365	211	94260	3413537	36.17
1960-1964	38	0.00248	0.00248	0.5	94154	233	94038	3319278	35.25
1960-1964	39	0.00268	0.00268	0.5	93921	251	93795	3225240	34.34
1960-1964	40	0.00299	0.00298	0.5	93670	279	93530	3131444	33.43
1960-1964	41	0.00312	0.00311	0.5	93390	291	93245	3037914	32.53
1960-1964	42	0.00362	0.00362	0.5	93100	337	92932	2944669	31.63
1960-1964	43	0.00381	0.00381	0.5	92763	353	92587	2851738	30.74
1960-1964	44	0.00421	0.00420	0.5	92410	388	92216	2759151	29.86
1960-1964	45	0.00484	0.00483	0.5	92022	444	91800	2666935	28.98
1960-1964	46	0.00522	0.00521	0.5	91577	477	91339	2575136	28.12
1960-1964	47	0.00589	0.00587	0.5	91101	535	90833	2483796	27.26
1960-1964	48	0.00640	0.00638	0.5	90566	578	90277	2392963	26.42
1960-1964	49	0.00701	0.00699	0.5	89988	629	89673	2302687	25.59
1960-1964	50	0.00801	0.00798	0.5	89359	713	89003	2213013	24.77
1960-1964	51	0.00844	0.00841	0.5	88646	745	88273	2124011	23.96
1960-1964	52	0.00963	0.00958	0.5	87901	842	87480	2035737	23.16
1960-1964	53	0.01036	0.01030	0.5	87059	897	86610	1948258	22.38
1960-1964	54	0.01108	0.01102	0.5	86162	949	85687	1861647	21.61
1960-1964	55	0.01222	0.01214	0.5	85213	1035	84695	1775960	20.84
1960-1964	56	0.01337	0.01328	0.5	84178	1118	83619	1691265	20.09
1960-1964	57	0.01443	0.01433	0.5	83060	1190	82465	1607646	19.36
1960-1964	58	0.01581	0.01568	0.5	81870	1284	81228	1525181	18.63
1960-1964	59	0.01707	0.01693	0.5	80586	1364	79904	1443953	17.92
1960-1964	60	0.01872	0.01854	0.5	79222	1469	78487	1364049	17.22
1960-1964	61	0.01973	0.01954	0.5	77753	1519	76993	1285561	16.53
1960-1964	62	0.02292	0.02266	0.5	76234	1727	75370	1208568	15.85
1960-1964	63	0.02400	0.02372	0.5	74507	1767	73623	1133197	15.21
1960-1964	64	0.02586	0.02553	0.5	72740	1857	71811	1059574	14.57
1960-1964	65	0.02971	0.02927	0.5	70882	2075	69845	987763	13.94
1960-1964	66	0.03021	0.02976	0.5	68807	2048	67784	917918	13.34
1960-1964	67	0.03433	0.03375	0.5	66760	2253	65633	850135	12.73
1960-1964	68	0.03688	0.03621	0.5	64507	2336	63339	784502	12.16
1960-1964	69	0.03896	0.03822	0.5	62171	2376	60983	721163	11.60
1960-1964	70	0.04458	0.04361	0.5	59795	2607	58491	660180	11.04
1960-1964	71	0.04497	0.04398	0.5	57187	2515	55930	601689	10.52
1960-1964	72	0.05295	0.05159	0.5	54672	2820	53262	545760	9.98
1960-1964	73	0.05565	0.05414	0.5	51852	2807	50448	492498	9.50
1960-1964	74	0.06034	0.05857	0.5	49044	2873	47608	442050	9.01
1960-1964	75	0.06779	0.06556	0.5	46172	3027	44658	394442	8.54
1960-1964	76	0.07013	0.06776	0.5	43145	2923	41683	349783	8.11
1960-1964	77	0.07442	0.07175	0.5	40221	2886	38778	308101	7.66
1960-1964	78	0.08453	0.08111	0.5	37335	3028	35821	269322	7.21
1960-1964	79	0.08979	0.08594	0.5	34307	2948	32833	233501	6.81
1960-1964	80	0.10548	0.10019	0.5	31359	3142	29788	200668	6.40
1960-1964	81	0.10525	0.09999	0.5	28217	2821	26806	170880	6.06
1960-1964	82	0.12147	0.11452	0.5	25396	2908	23941	144074	5.67
1960-1964	83	0.13200	0.12383	0.5	22487	2785	21095	120132	5.34
1960-1964	84	0.14541	0.13555	0.5	19703	2671	18367	99037	5.03
1960-1964	85	0.16010	0.14823	0.5	17032	2525	15770	80670	4.74
1960-1964	86	0.17113	0.15765	0.5	14507	2287	13364	64900	4.47
1960-1964	87	0.18501	0.16935	0.5	12220	2069	11186	51536	4.22
1960-1964	88	0.19913	0.18110	0.5	10151	1838	9232	40350	3.98
1960-1964	89	0.21559	0.19461	0.5	8313	1618	7504	31119	3.74
1960-1964	90	0.24124	0.21527	0.5	6695	1441	5974	23615	3.53
1960-1964	91	0.23984	0.21416	0.5	5254	1125	4691	17641	3.36
1960-1964	92	0.27110	0.23874	0.5	4129	986	3636	12949	3.14
1960-1964	93	0.29277	0.25539	0.5	3143	803	2742	9314	2.96
1960-1964	94	0.31031	0.26863	0.5	2340	629	2026	6572	2.81
1960-1964	95	0.33273	0.28527	0.5	1712	488	1467	4546	2.66
1960-1964	96	0.35520	0.30163	0.5	1223	369	1039	3079	2.52
1960-1964	97	0.37835	0.31816	0.5	854	272	718	2040	2.39
1960-1964	98	0.40210	0.33479	0.5	583	195	485	1321	2.27
1960-1964	99	0.42635	0.35144	0.5	387	136	319	836	2.16
1960-1964	100	0.45099	0.36801	0.5	251	92	205	517	2.06
1960-1964	101	0.47591	0.38443	0.5	159	61	128	312	1.96
1960-1964	102	0.50097	0.40062	0.5	98	39	78	184	1.88
1960-1964	103	0.52606	0.41651	0.5	59	24	46	106	1.80
1960-1964	104	0.55104	0.43201	0.5	34	15	27	59	1.73
1960-1964	105	0.57580	0.44708	0.5	19	9	15	32	1.66
1960-1964	106	0.60020	0.46166	0.5	11	5	8	17	1.60
1960-1964	107	0.62415	0.47570	0.5	6	3	4	9	1.55
1960-1964	108	0.64752	0.48915	0.5	3	1	2	5	1.51
1960-1964	109	0.67023	0.50200	0.5	2	1	1	2	1.47
1960-1964	110+	0.69220	1.00000	1.44	1	1	1	1	1.44
1965-1969	0	0.02217	0.02174	0.11	100000	2174	98065	7010876	70.11
1965-1969	1	0.00120	0.00120	0.5	97826	118	97767	6912811	70.66
1965-1969	2	0.00081	0.00081	0.5	97709	79	97669	6815044	69.75
1965-1969	3	0.00062	0.00062	0.5	97629	61	97599	6717375	68.80
1965-1969	4	0.00056	0.00056	0.5	97569	54	97541	6619776	67.85
1965-1969	5	0.00050	0.00050	0.5	97514	49	97490	6522235	66.88
1965-1969	6	0.00044	0.00044	0.5	97466	43	97444	6424745	65.92
1965-1969	7	0.00040	0.00040	0.5	97423	39	97404	6327300	64.95
1965-1969	8	0.00035	0.00035	0.5	97384	35	97367	6229896	63.97
1965-1969	9	0.00033	0.00033	0.5	97350	33	97334	6132529	62.99
1965-1969	10	0.00031	0.00031	0.5	97317	30	97302	6035196	62.02
1965-1969	11	0.00031	0.00031	0.5	97287	30	97272	5937894	61.03
1965-1969	12	0.00034	0.00034	0.5	97257	33	97241	5840621	60.05
1965-1969	13	0.00039	0.00039	0.5	97224	38	97206	5743381	59.07
1965-1969	14	0.00043	0.00043	0.5	97187	42	97166	5646175	58.10
1965-1969	15	0.00056	0.00056	0.5	97145	55	97117	5549009	57.12
1965-1969	16	0.00068	0.00068	0.5	97090	66	97057	5451892	56.15
1965-1969	17	0.00090	0.00090	0.5	97024	87	96980	5354835	55.19
1965-1969	18	0.00112	0.00112	0.5	96936	109	96882	5257855	54.24
1965-1969	19	0.00120	0.00120	0.5	96828	116	96769	5160973	53.30
1965-1969	20	0.00116	0.00116	0.5	96711	112	96655	5064204	52.36
1965-1969	21	0.00124	0.00124	0.5	96600	120	96540	4967548	51.42
1965-1969	22	0.00122	0.00122	0.5	96480	118	96421	4871009	50.49
1965-1969	23	0.00118	0.00118	0.5	96362	114	96305	4774588	49.55
1965-1969	24	0.00119	0.00119	0.5	96248	115	96191	4678283	48.61
1965-1969	25	0.00122	0.00122	0.5	96133	117	96075	4582092	47.66
1965-1969	26	0.00122	0.00121	0.5	96017	117	95958	4486017	46.72
1965-1969	27	0.00131	0.00131	0.5	95900	126	95837	4390059	45.78
1965-1969	28	0.00133	0.00133	0.5	95774	127	95710	4294222	44.84
1965-1969	29	0.00134	0.00134	0.5	95646	128	95583	4198512	43.90
1965-1969	30	0.00146	0.00146	0.5	95519	140	95449	4102929	42.95
1965-1969	31	0.00153	0.00153	0.5	95379	146	95306	4007480	42.02
1965-1969	32	0.00158	0.00158	0.5	95233	150	95158	3912174	41.08
1965-1969	33	0.00169	0.00169	0.5	95083	161	95002	3817016	40.14
1965-1969	34	0.00184	0.00184	0.5	94922	175	94834	3722014	39.21
1965-1969	35	0.00211	0.00210	0.5	94747	199	94647	3627180	38.28
1965-1969	36	0.00210	0.00210	0.5	94548	198	94449	3532532	37.36
1965-1969	37	0.00233	0.00233	0.5	94349	220	94240	3438084	36.44
1965-1969	38	0.00255	0.00255	0.5	94130	240	94010	3343844	35.52
1965-1969	39	0.00279	0.00279	0.5	93890	262	93759	3249834	34.61
1965-1969	40	0.00315	0.00315	0.5	93628	294	93481	3156075	33.71
1965-1969	41	0.00328	0.00328	0.5	93334	306	93181	3062594	32.81
1965-1969	42	0.00374	0.00374	0.5	93028	348	92854	2969413	31.92
1965-1969	43	0.00400	0.00399	0.5	92680	370	92495	2876559	31.04
1965-1969	44	0.00427	0.00426	0.5	92311	393	92114	2784064	30.16
1965-1969	45	0.00483	0.00482	0.5	91917	443	91696	2691950	29.29
1965-1969	46	0.00515	0.00514	0.5	91474	470	91239	2600254	28.43
1965-1969	47	0.00569	0.00568	0.5	91004	517	90746	2509015	27.57
1965-1969	48	0.00626	0.00624	0.5	90487	564	90205	2418270	26.72
1965-1969	49	0.00690	0.00688	0.5	89923	619	89613	2328065	25.89
1965-1969	50	0.00776	0.00773	0.5	89304	691	88959	2238451	25.07
1965-1969	51	0.00822	0.00819	0.5	88613	726	88250	2149493	24.26
1965-1969	52	0.00919	0.00915	0.5	87888	804	87485	2061242	23.45
1965-1969	53	0.01000	0.00995	0.5	87083	866	86650	1973757	22.67
1965-1969	54	0.01105	0.01099	0.5	86217	947	85743	1887107	21.89
1965-1969	55	0.01193	0.01186	0.5	85270	1011	84764	1801363	21.13
1965-1969	56	0.01277	0.01269	0.5	84259	1069	83724	1716599	20.37
1965-1969	57	0.01415	0.01405	0.5	83189	1168	82605	1632875	19.63
1965-1969	58	0.01546	0.01534	0.5	82021	1259	81392	1550270	18.90
1965-1969	59	0.01682	0.01668	0.5	80762	1347	80089	1468879	18.19
1965-1969	60	0.01865	0.01848	0.5	79415	1468	78681	1388790	17.49
1965-1969	61	0.01964	0.01945	0.5	77947	1516	77189	1310109	16.81
1965-1969	62	0.02241	0.02217	0.5	76431	1694	75584	1232920	16.13
1965-1969	63	0.02337	0.02310	0.5	74737	1726	73874	1157336	15.49
1965-1969	64	0.02493	0.02463	0.5	73011	1798	72112	1083462	14.84
1965-1969	65	0.02843	0.02803	0.5	71213	1996	70215	1011350	14.20
1965-1969	66	0.02901	0.02859	0.5	69217	1979	68227	941135	13.60
1965-1969	67	0.03263	0.03211	0.5	67238	2159	66158	872908	12.98
1965-1969	68	0.03523	0.03462	0.5	65079	2253	63953	806750	12.40
1965-1969	69	0.03773	0.03703	0.5	62826	2326	61663	742797	11.82
1965-1969	70	0.04222	0.04135	0.5	60500	2502	59249	681134	11.26
1965-1969	71	0.04298	0.04208	0.5	57998	2440	56778	621885	10.72
1965-1969	72	0.05089	0.04963	0.5	55558	2757	54179	565108	10.17
1965-1969	73	0.05398	0.05256	0.5	52800	2775	51413	510929	9.68
1965-1969	74	0.05865	0.05698	0.5	50025	2850	48600	459516	9.19
1965-1969	75	0.06572	0.06363	0.5	47175	3002	45674	410916	8.71
1965-1969	76	0.06898	0.06668	0.5	44173	2946	42700	365242	8.27
1965-1969	77	0.07372	0.07110	0.5	41228	2931	39762	322541	7.82
1965-1969	78	0.08204	0.07881	0.5	38296	3018	36787	282779	7.38
1965-1969	79	0.08689	0.08327	0.5	35278	2938	33809	245992	6.97
1965-1969	80	0.10181	0.09687	0.5	32341	3133	30774	212182	6.56
1965-1969	81	0.10246	0.09746	0.5	29208	2847	27784	181408	6.21
1965-1969	82	0.11533	0.10904	0.5	26361	2875	24924	153624	5.83
1965-1969	83	0.12789	0.12021	0.5	23486	2823	22075	128700	5.48
1965-1969	84	0.14074	0.13149	0.5	20663	2717	19305	106626	5.16
1965-1969	85	0.15432	0.14327	0.5	17946	2571	16661	87321	4.87
1965-1969	86	0.16482	0.15227	0.5	15375	2341	14205	70660	4.60
1965-1969	87	0.17845	0.16384	0.5	13034	2135	11966	56456	4.33
1965-1969	88	0.19099	0.17434	0.5	10899	1900	9949	44489	4.08
1965-1969	89	0.20776	0.18821	0.5	8999	1694	8152	34541	3.84
1965-1969	90	0.23296	0.20865	0.5	7305	1524	6543	26389	3.61
1965-1969	91	0.23589	0.21101	0.5	5781	1220	5171	19846	3.43
1965-1969	92	0.26462	0.23370	0.5	4561	1066	4028	14675	3.22
1965-1969	93	0.27866	0.24458	0.5	3495	855	3068	10647	3.05
1965-1969	94	0.30413	0.26399	0.5	2640	697	2292	7580	2.87
1965-1969	95	0.32303	0.27811	0.5	1943	540	1673	5288	2.72
1965-1969	96	0.34517	0.29437	0.5	1403	413	1196	3615	2.58
1965-1969	97	0.36805	0.31084	0.5	990	308	836	2418	2.44
1965-1969	98	0.39156	0.32745	0.5	682	223	570	1582	2.32
1965-1969	99	0.41563	0.34412	0.5	459	158	380	1012	2.21
1965-1969	100	0.44015	0.36076	0.5	301	109	247	632	2.10
1965-1969	101	0.46500	0.37728	0.5	192	73	156	385	2.00
1965-1969	102	0.49006	0.39361	0.5	120	47	96	229	1.92
1965-1969	103	0.51520	0.40967	0.5	73	30	58	133	1.83
1965-1969	104	0.54030	0.42538	0.5	43	18	34	75	1.76
1965-1969	105	0.56523	0.44068	0.5	25	11	19	42	1.69
1965-1969	106	0.58986	0.45551	0.5	14	6	11	22	1.63
1965-1969	107	0.61407	0.46982	0.5	8	4	6	12	1.57
1965-1969	108	0.63777	0.48356	0.5	4	2	3	6	1.53
1965-1969	109	0.66083	0.49671	0.5	2	1	2	3	1.49
1965-1969	110+	0.68318	1.00000	1.46	1	1	2	2	1.46
1970-1974	0	0.01794	0.01766	0.1	100000	1766	98407	7115395	71.15
1970-1974	1	0.00103	0.00103	0.5	98234	101	98184	7016987	71.43
1970-1974	2	0.00071	0.00071	0.5	98133	70	98098	6918804	70.50
1970-1974	3	0.00061	0.00061	0.5	98063	60	98033	6820705	69.55
1970-1974	4	0.00049	0.00049	0.5	98004	48	97980	6722672	68.60
1970-1974	5	0.00045	0.00045	0.5	97956	44	97934	6624692	67.63
1970-1974	6	0.00041	0.00040	0.5	97912	40	97892	6526759	66.66
1970-1974	7	0.00038	0.00038	0.5	97872	37	97854	6428867	65.69
1970-1974	8	0.00033	0.00033	0.5	97835	32	97819	6331013	64.71
1970-1974	9	0.00031	0.00031	0.5	97803	30	97788	6233194	63.73
1970-1974	10	0.00028	0.00028	0.5	97773	28	97759	6135406	62.75
1970-1974	11	0.00028	0.00028	0.5	97745	27	97732	6037647	61.77
1970-1974	12	0.00032	0.00032	0.5	97718	32	97702	5939916	60.79
1970-1974	13	0.00038	0.00038	0.5	97686	37	97668	5842214	59.81
1970-1974	14	0.00046	0.00046	0.5	97649	44	97627	5744546	58.83
1970-1974	15	0.00057	0.00057	0.5	97604	56	97577	5646920	57.86
1970-1974	16	0.00076	0.00076	0.5	97549	74	97512	5549343	56.89
1970-1974	17	0.00097	0.00097	0.5	97475	95	97427	5451831	55.93
1970-1974	18	0.00117	0.00117	0.5	97380	114	97323	5354404	54.98
1970-1974	19	0.00125	0.00125	0.5	97266	121	97205	5257081	54.05
1970-1974	20	0.00135	0.00135	0.5	97144	131	97079	5159876	53.12
1970-1974	21	0.00146	0.00146	0.5	97013	141	96943	5062797	52.19
1970-1974	22	0.00141	0.00141	0.5	96872	136	96804	4965855	51.26
1970-1974	23	0.00137	0.00137	0.5	96736	132	96670	4869051	50.33
1970-1974	24	0.00136	0.00136	0.5	96603	132	96538	4772381	49.40
1970-1974	25	0.00136	0.00136	0.5	96472	131	96406	4675844	48.47
1970-1974	26	0.00130	0.00130	0.5	96340	125	96278	4579438	47.53
1970-1974	27	0.00136	0.00136	0.5	96215	131	96150	4483160	46.60
1970-1974	28	0.00135	0.00135	0.5	96085	130	96020	4387010	45.66
1970-1974	29	0.00138	0.00138	0.5	95955	132	95889	4290990	44.72
1970-1974	30	0.00147	0.00147	0.5	95823	140	95752	4195101	43.78
1970-1974	31	0.00151	0.00151	0.5	95682	144	95610	4099349	42.84
1970-1974	32	0.00162	0.00162	0.5	95538	154	95460	4003739	41.91
1970-1974	33	0.00174	0.00174	0.5	95383	166	95300	3908279	40.97
1970-1974	34	0.00181	0.00181	0.5	95217	173	95131	3812978	40.05
1970-1974	35	0.00200	0.00199	0.5	95044	190	94950	3717848	39.12
1970-1974	36	0.00210	0.00210	0.5	94855	199	94755	3622898	38.19
1970-1974	37	0.00228	0.00228	0.5	94656	216	94548	3528143	37.27
1970-1974	38	0.00248	0.00248	0.5	94440	234	94323	3433595	36.36
1970-1974	39	0.00268	0.00267	0.5	94206	252	94080	3339272	35.45
1970-1974	40	0.00295	0.00295	0.5	93954	277	93816	3245192	34.54
1970-1974	41	0.00312	0.00312	0.5	93677	292	93531	3151376	33.64
1970-1974	42	0.00355	0.00354	0.5	93385	331	93220	3057845	32.74
1970-1974	43	0.00385	0.00384	0.5	93054	358	92875	2964625	31.86
1970-1974	44	0.00403	0.00402	0.5	92696	373	92510	2871750	30.98
1970-1974	45	0.00465	0.00464	0.5	92323	429	92109	2779240	30.10
1970-1974	46	0.00516	0.00515	0.5	91895	473	91658	2687131	29.24
1970-1974	47	0.00549	0.00548	0.5	91422	501	91171	2595473	28.39
1970-1974	48	0.00586	0.00584	0.5	90921	531	90655	2504302	27.54
1970-1974	49	0.00656	0.00653	0.5	90390	591	90094	2413646	26.70
1970-1974	50	0.00710	0.00708	0.5	89799	636	89481	2323552	25.88
1970-1974	51	0.00747	0.00744	0.5	89163	664	88832	2234071	25.06
1970-1974	52	0.00837	0.00833	0.5	88500	737	88131	2145239	24.24
1970-1974	53	0.00909	0.00905	0.5	87762	794	87365	2057108	23.44
1970-1974	54	0.00986	0.00981	0.5	86968	853	86541	1969743	22.65
1970-1974	55	0.01088	0.01082	0.5	86114	932	85649	1883202	21.87
1970-1974	56	0.01195	0.01188	0.5	85183	1012	84677	1797554	21.10
1970-1974	57	0.01297	0.01288	0.5	84171	1084	83629	1712877	20.35
1970-1974	58	0.01419	0.01409	0.5	83087	1171	82501	1629248	19.61
1970-1974	59	0.01537	0.01525	0.5	81916	1249	81291	1546747	18.88
1970-1974	60	0.01720	0.01705	0.5	80667	1376	79979	1465455	18.17
1970-1974	61	0.01811	0.01795	0.5	79291	1423	78580	1385476	17.47
1970-1974	62	0.02008	0.01988	0.5	77868	1548	77094	1306897	16.78
1970-1974	63	0.02146	0.02123	0.5	76320	1621	75509	1229803	16.11
1970-1974	64	0.02326	0.02299	0.5	74699	1718	73840	1154294	15.45
1970-1974	65	0.02618	0.02584	0.5	72982	1886	72039	1080453	14.80
1970-1974	66	0.02717	0.02680	0.5	71096	1906	70143	1008415	14.18
1970-1974	67	0.03017	0.02972	0.5	69190	2056	68162	938272	13.56
1970-1974	68	0.03185	0.03135	0.5	67134	2105	66081	870110	12.96
1970-1974	69	0.03477	0.03418	0.5	65029	2222	63918	804029	12.36
1970-1974	70	0.03891	0.03817	0.5	62807	2397	61608	740111	11.78
1970-1974	71	0.04081	0.04000	0.5	60409	2416	59201	678503	11.23
1970-1974	72	0.04601	0.04498	0.5	57993	2608	56689	619301	10.68
1970-1974	73	0.04921	0.04803	0.5	55385	2660	54055	562612	10.16
1970-1974	74	0.05377	0.05236	0.5	52725	2761	51344	508557	9.65
1970-1974	75	0.05997	0.05822	0.5	49964	2909	48510	457213	9.15
1970-1974	76	0.06364	0.06168	0.5	47055	2902	45604	408703	8.69
1970-1974	77	0.06839	0.06613	0.5	44153	2920	42693	363099	8.22
1970-1974	78	0.07728	0.07440	0.5	41233	3068	39699	320406	7.77
1970-1974	79	0.08313	0.07982	0.5	38165	3046	36642	280707	7.36
1970-1974	80	0.09189	0.08786	0.5	35119	3085	33576	244065	6.95
1970-1974	81	0.09537	0.09103	0.5	32034	2916	30576	210489	6.57
1970-1974	82	0.10666	0.10126	0.5	29118	2949	27643	179913	6.18
1970-1974	83	0.11755	0.11102	0.5	26169	2905	24716	152270	5.82
1970-1974	84	0.12835	0.12061	0.5	23264	2806	21861	127553	5.48
1970-1974	85	0.14072	0.13147	0.5	20458	2690	19113	105693	5.17
1970-1974	86	0.15346	0.14253	0.5	17768	2532	16502	86580	4.87
1970-1974	87	0.16289	0.15062	0.5	15236	2295	14088	70078	4.60
1970-1974	88	0.17776	0.16325	0.5	12941	2113	11885	55989	4.33
1970-1974	89	0.19212	0.17528	0.5	10828	1898	9879	44105	4.07
1970-1974	90	0.21285	0.19237	0.5	8930	1718	8071	34225	3.83
1970-1974	91	0.21912	0.19748	0.5	7212	1424	6500	26154	3.63
1970-1974	92	0.24561	0.21874	0.5	5788	1266	5155	19654	3.40
1970-1974	93	0.26413	0.23332	0.5	4522	1055	3994	14499	3.21
1970-1974	94	0.28394	0.24864	0.5	3467	862	3036	10504	3.03
1970-1974	95	0.30265	0.26287	0.5	2605	685	2263	7468	2.87
1970-1974	96	0.32418	0.27896	0.5	1920	536	1652	5206	2.71
1970-1974	97	0.34652	0.29535	0.5	1384	409	1180	3554	2.57
1970-1974	98	0.36961	0.31196	0.5	976	304	823	2374	2.43
1970-1974	99	0.39336	0.32871	0.5	671	221	561	1550	2.31
1970-1974	100	0.41767	0.34551	0.5	451	156	373	989	2.20
1970-1974	101	0.44243	0.36229	0.5	295	107	241	616	2.09
1970-1974	102	0.46753	0.37894	0.5	188	71	152	375	1.99
1970-1974	103	0.49283	0.39540	0.5	117	46	94	223	1.91
1970-1974	104	0.51821	0.41157	0.5	71	29	56	129	1.82
1970-1974	105	0.54354	0.42739	0.5	42	18	33	73	1.75
1970-1974	106	0.56869	0.44278	0.5	24	11	19	40	1.68
1970-1974	107	0.59352	0.45769	0.5	13	6	10	22	1.62
1970-1974	108	0.61791	0.47207	0.5	7	3	5	11	1.57
1970-1974	109	0.64176	0.48586	0.5	4	2	3	6	1.53
1970-1974	110+	0.66495	1.00000	1.5	2	2	3	3	1.50
1975-1979	0	0.01476	0.01456	0.09	100000	1456	98674	7304650	73.05
1975-1979	1	0.00082	0.00082	0.5	98544	81	98504	7205976	73.12
1975-1979	2	0.00059	0.00059	0.5	98463	58	98434	7107472	72.18
1975-1979	3	0.00047	0.00047	0.5	98406	46	98382	7009038	71.23
1975-1979	4	0.00041	0.00041	0.5	98359	40	98339	6910656	70.26
1975-1979	5	0.00039	0.00039	0.5	98319	38	98300	6812316	69.29
1975-1979	6	0.00033	0.00033	0.5	98281	32	98264	6714016	68.31
1975-1979	7	0.00029	0.00029	0.5	98248	28	98234	6615752	67.34
1975-1979	8	0.00028	0.00028	0.5	98220	28	98206	6517518	66.36
1975-1979	9	0.00026	0.00026	0.5	98192	26	98179	6419312	65.38
1975-1979	10	0.00025	0.00025	0.5	98166	24	98154	6321133	64.39
1975-1979	11	0.00025	0.00025	0.5	98142	25	98130	6222978	63.41
1975-1979	12	0.00027	0.00027	0.5	98117	26	98104	6124849	62.42
1975-1979	13	0.00031	0.00031	0.5	98091	30	98076	6026744	61.44
1975-1979	14	0.00038	0.00038	0.5	98061	37	98042	5928668	60.46
1975-1979	15	0.00048	0.00048	0.5	98024	47	98000	5830626	59.48
1975-1979	16	0.00063	0.00063	0.5	97977	61	97946	5732625	58.51
1975-1979	17	0.00085	0.00085	0.5	97916	84	97874	5634679	57.55
1975-1979	18	0.00103	0.00103	0.5	97832	100	97782	5536806	56.60
1975-1979	19	0.00108	0.00108	0.5	97732	105	97679	5439024	55.65
1975-1979	20	0.00115	0.00115	0.5	97626	113	97570	5341345	54.71
1975-1979	21	0.00119	0.00119	0.5	97514	116	97456	5243775	53.77
1975-1979	22	0.00118	0.00118	0.5	97398	115	97340	5146319	52.84
1975-1979	23	0.00117	0.00117	0.5	97283	114	97226	5048979	51.90
1975-1979	24	0.00121	0.00120	0.5	97169	117	97110	4951753	50.96
1975-1979	25	0.00120	0.00120	0.5	97052	117	96994	4854643	50.02
1975-1979	26	0.00124	0.00124	0.5	96935	120	96875	4757649	49.08
1975-1979	27	0.00120	0.00120	0.5	96815	116	96757	4660774	48.14
1975-1979	28	0.00120	0.00120	0.5	96699	116	96641	4564016	47.20
1975-1979	29	0.00125	0.00124	0.5	96583	120	96523	4467375	46.25
1975-1979	30	0.00127	0.00127	0.5	96463	122	96402	4370852	45.31
1975-1979	31	0.00126	0.00126	0.5	96341	121	96280	4274450	44.37
1975-1979	32	0.00136	0.00136	0.5	96220	131	96154	4178170	43.42
1975-1979	33	0.00141	0.00141	0.5	96088	135	96021	4082016	42.48
1975-1979	34	0.00151	0.00151	0.5	95953	144	95881	3985995	41.54
1975-1979	35	0.00171	0.00170	0.5	95809	163	95727	3890114	40.60
1975-1979	36	0.00171	0.00170	0.5	95645	163	95564	3794387	39.67
1975-1979	37	0.00188	0.00187	0.5	95482	179	95393	3698823	38.74
1975-1979	38	0.00203	0.00203	0.5	95304	193	95207	3603430	37.81
1975-1979	39	0.00219	0.00219	0.5	95110	208	95006	3508223	36.89
1975-1979	40	0.00240	0.00239	0.5	94902	227	94789	3413217	35.97
1975-1979	41	0.00262	0.00262	0.5	94675	248	94551	3318428	35.05
1975-1979	42	0.00301	0.00300	0.5	94427	284	94285	3223877	34.14
1975-1979	43	0.00324	0.00324	0.5	94144	305	93991	3129592	33.24
1975-1979	44	0.00349	0.00349	0.5	93839	327	93675	3035601	32.35
1975-1979	45	0.00403	0.00402	0.5	93511	376	93323	2941926	31.46
1975-1979	46	0.00431	0.00430	0.5	93135	400	92935	2848603	30.59
1975-1979	47	0.00471	0.00470	0.5	92734	436	92517	2755668	29.72
1975-1979	48	0.00521	0.00519	0.5	92299	479	92059	2663152	28.85
1975-1979	49	0.00574	0.00572	0.5	91819	525	91557	2571093	28.00
1975-1979	50	0.00629	0.00627	0.5	91294	573	91008	2479536	27.16
1975-1979	51	0.00672	0.00669	0.5	90721	607	90418	2388528	26.33
1975-1979	52	0.00739	0.00737	0.5	90114	664	89782	2298111	25.50
1975-1979	53	0.00804	0.00800	0.5	89450	716	89092	2208328	24.69
1975-1979	54	0.00874	0.00870	0.5	88734	772	88348	2119236	23.88
1975-1979	55	0.00959	0.00954	0.5	87963	839	87543	2030887	23.09
1975-1979	56	0.01029	0.01024	0.5	87123	892	86677	1943344	22.31
1975-1979	57	0.01129	0.01122	0.5	86231	968	85747	1856667	21.53
1975-1979	58	0.01240	0.01233	0.5	85263	1051	84738	1770920	20.77
1975-1979	59	0.01342	0.01333	0.5	84212	1123	83651	1686182	20.02
1975-1979	60	0.01483	0.01472	0.5	83089	1223	82478	1602531	19.29
1975-1979	61	0.01594	0.01581	0.5	81866	1295	81219	1520053	18.57
1975-1979	62	0.01803	0.01787	0.5	80572	1440	79852	1438834	17.86
1975-1979	63	0.01934	0.01916	0.5	79132	1516	78374	1358983	17.17
1975-1979	64	0.02098	0.02076	0.5	77616	1611	76810	1280609	16.50
1975-1979	65	0.02285	0.02259	0.5	76005	1717	75146	1203799	15.84
1975-1979	66	0.02382	0.02354	0.5	74288	1749	73413	1128653	15.19
1975-1979	67	0.02622	0.02588	0.5	72539	1877	71600	1055239	14.55
1975-1979	68	0.02844	0.02804	0.5	70661	1981	69671	983639	13.92
1975-1979	69	0.03092	0.03045	0.5	68680	2091	67635	913968	13.31
1975-1979	70	0.03375	0.03319	0.5	66589	2210	65484	846334	12.71
1975-1979	71	0.03606	0.03543	0.5	64379	2281	63238	780850	12.13
1975-1979	72	0.03958	0.03881	0.5	62098	2410	60893	717612	11.56
1975-1979	73	0.04272	0.04182	0.5	59688	2496	58440	656719	11.00
1975-1979	74	0.04617	0.04513	0.5	57192	2581	55901	598279	10.46
1975-1979	75	0.05197	0.05066	0.5	54611	2766	53227	542378	9.93
1975-1979	76	0.05461	0.05316	0.5	51844	2756	50466	489150	9.44
1975-1979	77	0.05950	0.05778	0.5	49088	2836	47670	438684	8.94
1975-1979	78	0.06529	0.06323	0.5	46252	2925	44790	391014	8.45
1975-1979	79	0.07079	0.06837	0.5	43328	2962	41846	346224	7.99
1975-1979	80	0.08061	0.07749	0.5	40365	3128	38801	304378	7.54
1975-1979	81	0.08519	0.08171	0.5	37238	3043	35716	265576	7.13
1975-1979	82	0.09476	0.09048	0.5	34195	3094	32648	229860	6.72
1975-1979	83	0.10413	0.09898	0.5	31101	3078	29562	197212	6.34
1975-1979	84	0.11364	0.10753	0.5	28023	3013	26516	167650	5.98
1975-1979	85	0.12381	0.11659	0.5	25010	2916	23552	141134	5.64
1975-1979	86	0.13416	0.12573	0.5	22094	2778	20705	117583	5.32
1975-1979	87	0.14561	0.13573	0.5	19316	2622	18005	96878	5.02
1975-1979	88	0.15578	0.14452	0.5	16694	2413	15488	78873	4.72
1975-1979	89	0.17002	0.15670	0.5	14281	2238	13162	63385	4.44
1975-1979	90	0.19077	0.17415	0.5	12044	2097	10995	50223	4.17
1975-1979	91	0.19643	0.17886	0.5	9946	1779	9057	39228	3.94
1975-1979	92	0.21910	0.19747	0.5	8167	1613	7361	30171	3.69
1975-1979	93	0.23820	0.21285	0.5	6554	1395	5857	22811	3.48
1975-1979	94	0.25817	0.22866	0.5	5159	1180	4569	16954	3.29
1975-1979	95	0.27342	0.24054	0.5	3980	957	3501	12384	3.11
1975-1979	96	0.29361	0.25602	0.5	3022	774	2635	8883	2.94
1975-1979	97	0.31469	0.27191	0.5	2249	611	1943	6248	2.78
1975-1979	98	0.33661	0.28812	0.5	1637	472	1401	4305	2.63
1975-1979	99	0.35931	0.30459	0.5	1165	355	988	2904	2.49
1975-1979	100	0.38270	0.32124	0.5	810	260	680	1916	2.36
1975-1979	101	0.40671	0.33798	0.5	550	186	457	1236	2.25
1975-1979	102	0.43121	0.35473	0.5	364	129	300	778	2.14
1975-1979	103	0.45610	0.37140	0.5	235	87	191	479	2.04
1975-1979	104	0.48126	0.38792	0.5	148	57	119	287	1.95
1975-1979	105	0.50656	0.40419	0.5	90	37	72	168	1.86
1975-1979	106	0.53187	0.42014	0.5	54	23	43	96	1.79
1975-1979	107	0.55706	0.43570	0.5	31	14	24	54	1.72
1975-1979	108	0.58200	0.45081	0.5	18	8	14	29	1.66
1975-1979	109	0.60655	0.46541	0.5	10	5	7	16	1.62
1975-1979	110+	0.63062	1.00000	1.59	5	5	8	8	1.59
1980-1984	0	0.01188	0.01175	0.08	100000	1175	98920	7401655	74.02
1980-1984	1	0.00078	0.00078	0.5	98825	77	98787	7302735	73.90
1980-1984	2	0.00052	0.00052	0.5	98748	51	98723	7203948	72.95
1980-1984	3	0.00043	0.00043	0.5	98697	43	98676	7105226	71.99
1980-1984	4	0.00033	0.00033	0.5	98654	33	98638	7006550	71.02
1980-1984	5	0.00030	0.00030	0.5	98622	29	98607	6907912	70.04
1980-1984	6	0.00026	0.00026	0.5	98592	26	98580	6809305	69.07
1980-1984	7	0.00026	0.00026	0.5	98567	26	98554	6710726	68.08
1980-1984	8	0.00021	0.00021	0.5	98541	21	98530	6612172	67.10
1980-1984	9	0.00021	0.00021	0.5	98520	21	98510	6513641	66.11
1980-1984	10	0.00022	0.00022	0.5	98499	21	98489	6415132	65.13
1980-1984	11	0.00021	0.00021	0.5	98478	21	98468	6316643	64.14
1980-1984	12	0.00025	0.00025	0.5	98457	25	98445	6218176	63.16
1980-1984	13	0.00028	0.00028	0.5	98432	27	98419	6119731	62.17
1980-1984	14	0.00032	0.00032	0.5	98405	31	98390	6021312	61.19
1980-1984	15	0.00044	0.00044	0.5	98374	43	98352	5922923	60.21
1980-1984	16	0.00055	0.00055	0.5	98331	54	98304	5824570	59.23
1980-1984	17	0.00074	0.00074	0.5	98277	73	98240	5726267	58.27
1980-1984	18	0.00091	0.00090	0.5	98204	89	98159	5628026	57.31
1980-1984	19	0.00097	0.00097	0.5	98115	95	98068	5529867	56.36
1980-1984	20	0.00101	0.00101	0.5	98020	99	97971	5431800	55.42
1980-1984	21	0.00104	0.00104	0.5	97922	102	97871	5333829	54.47
1980-1984	22	0.00105	0.00105	0.5	97820	103	97769	5235958	53.53
1980-1984	23	0.00109	0.00108	0.5	97717	106	97664	5138189	52.58
1980-1984	24	0.00110	0.00110	0.5	97611	107	97558	5040525	51.64
1980-1984	25	0.00114	0.00113	0.5	97504	111	97449	4942967	50.70
1980-1984	26	0.00116	0.00116	0.5	97393	113	97337	4845519	49.75
1980-1984	27	0.00117	0.00117	0.5	97280	114	97223	4748182	48.81
1980-1984	28	0.00127	0.00127	0.5	97166	123	97105	4650959	47.87
1980-1984	29	0.00123	0.00123	0.5	97043	120	96983	4553854	46.93
1980-1984	30	0.00130	0.00130	0.5	96924	126	96860	4456870	45.98
1980-1984	31	0.00130	0.00130	0.5	96797	126	96734	4360010	45.04
1980-1984	32	0.00136	0.00136	0.5	96672	131	96606	4263276	44.10
1980-1984	33	0.00145	0.00144	0.5	96540	139	96471	4166670	43.16
1980-1984	34	0.00149	0.00149	0.5	96401	144	96329	4070199	42.22
1980-1984	35	0.00154	0.00154	0.5	96257	148	96183	3973870	41.28
1980-1984	36	0.00163	0.00163	0.5	96109	157	96030	3877687	40.35
1980-1984	37	0.00175	0.00175	0.5	95952	168	95868	3781657	39.41
1980-1984	38	0.00195	0.00195	0.5	95784	187	95691	3685789	38.48
1980-1984	39	0.00195	0.00195	0.5	95597	186	95504	3590098	37.55
1980-1984	40	0.00223	0.00223	0.5	95411	213	95305	3494594	36.63
1980-1984	41	0.00246	0.00246	0.5	95198	234	95081	3399289	35.71
1980-1984	42	0.00270	0.00269	0.5	94964	256	94836	3304208	34.79
1980-1984	43	0.00295	0.00295	0.5	94709	279	94569	3209372	33.89
1980-1984	44	0.00310	0.00309	0.5	94430	292	94284	3114803	32.99
1980-1984	45	0.00356	0.00356	0.5	94138	335	93970	3020519	32.09
1980-1984	46	0.00379	0.00378	0.5	93803	355	93625	2926549	31.20
1980-1984	47	0.00428	0.00427	0.5	93448	399	93248	2832924	30.32
1980-1984	48	0.00483	0.00481	0.5	93048	448	92824	2739676	29.44
1980-1984	49	0.00515	0.00514	0.5	92600	476	92363	2646851	28.58
1980-1984	50	0.00572	0.00570	0.5	92125	526	91862	2554488	27.73
1980-1984	51	0.00632	0.00630	0.5	91599	577	91311	2462626	26.88
1980-1984	52	0.00679	0.00676	0.5	91022	616	90714	2371316	26.05
1980-1984	53	0.00740	0.00737	0.5	90406	667	90073	2280601	25.23
1980-1984	54	0.00798	0.00795	0.5	89740	714	89383	2190528	24.41
1980-1984	55	0.00895	0.00891	0.5	89026	793	88630	2101145	23.60
1980-1984	56	0.00975	0.00970	0.5	88233	856	87805	2012516	22.81
1980-1984	57	0.01049	0.01044	0.5	87377	912	86921	1924711	22.03
1980-1984	58	0.01167	0.01160	0.5	86465	1003	85963	1837790	21.25
1980-1984	59	0.01242	0.01234	0.5	85462	1055	84935	1751826	20.50
1980-1984	60	0.01367	0.01358	0.5	84407	1146	83834	1666892	19.75
1980-1984	61	0.01467	0.01456	0.5	83261	1212	82655	1583058	19.01
1980-1984	62	0.01716	0.01702	0.5	82049	1396	81350	1500403	18.29
1980-1984	63	0.01802	0.01785	0.5	80652	1440	79932	1419052	17.59
1980-1984	64	0.01898	0.01881	0.5	79212	1490	78468	1339120	16.91
1980-1984	65	0.02092	0.02070	0.5	77723	1609	76918	1260653	16.22
1980-1984	66	0.02302	0.02276	0.5	76114	1732	75247	1183734	15.55
1980-1984	67	0.02510	0.02479	0.5	74381	1844	73460	1108487	14.90
1980-1984	68	0.02697	0.02661	0.5	72538	1930	71572	1035027	14.27
1980-1984	69	0.02890	0.02848	0.5	70607	2011	69602	963455	13.65
1980-1984	70	0.03199	0.03148	0.5	68596	2160	67516	893853	13.03
1980-1984	71	0.03434	0.03376	0.5	66436	2243	65315	826337	12.44
1980-1984	72	0.03794	0.03724	0.5	64194	2390	62999	761022	11.86
1980-1984	73	0.04193	0.04107	0.5	61803	2538	60534	698023	11.29
1980-1984	74	0.04376	0.04283	0.5	59265	2538	57996	637489	10.76
1980-1984	75	0.04766	0.04656	0.5	56727	2641	55407	579493	10.22
1980-1984	76	0.05254	0.05119	0.5	54086	2769	52702	524086	9.69
1980-1984	77	0.05616	0.05463	0.5	51317	2803	49915	471385	9.19
1980-1984	78	0.06089	0.05909	0.5	48514	2867	47081	421469	8.69
1980-1984	79	0.06521	0.06316	0.5	45647	2883	44206	374389	8.20
1980-1984	80	0.07641	0.07360	0.5	42764	3147	41191	330183	7.72
1980-1984	81	0.08180	0.07858	0.5	39617	3113	38060	288992	7.29
1980-1984	82	0.09122	0.08724	0.5	36504	3185	34911	250932	6.87
1980-1984	83	0.10012	0.09535	0.5	33319	3177	31731	216021	6.48
1980-1984	84	0.10904	0.10340	0.5	30142	3117	28584	184290	6.11
1980-1984	85	0.11794	0.11137	0.5	27025	3010	25521	155706	5.76
1980-1984	86	0.12961	0.12172	0.5	24016	2923	22554	130186	5.42
1980-1984	87	0.14203	0.13261	0.5	21092	2797	19694	107632	5.10
1980-1984	88	0.15217	0.14141	0.5	18295	2587	17002	87938	4.81
1980-1984	89	0.16584	0.15314	0.5	15708	2406	14505	70936	4.52
1980-1984	90	0.18182	0.16667	0.5	13303	2217	12194	56430	4.24
1980-1984	91	0.19605	0.17854	0.5	11086	1979	10096	44236	3.99
1980-1984	92	0.21362	0.19301	0.5	9106	1758	8227	34140	3.75
1980-1984	93	0.23288	0.20859	0.5	7349	1533	6582	25913	3.53
1980-1984	94	0.25174	0.22359	0.5	5816	1300	5166	19331	3.32
1980-1984	95	0.26969	0.23764	0.5	4515	1073	3979	14165	3.14
1980-1984	96	0.29020	0.25342	0.5	3442	872	3006	10186	2.96
1980-1984	97	0.31165	0.26963	0.5	2570	693	2224	7180	2.79
1980-1984	98	0.33399	0.28620	0.5	1877	537	1608	4956	2.64
1980-1984	99	0.35716	0.30305	0.5	1340	406	1137	3348	2.50
1980-1984	100	0.38108	0.32009	0.5	934	299	784	2211	2.37
1980-1984	101	0.40564	0.33724	0.5	635	214	528	1427	2.25
1980-1984	102	0.43073	0.35440	0.5	421	149	346	899	2.14
1980-1984	103	0.45624	0.37149	0.5	272	101	221	553	2.03
1980-1984	104	0.48203	0.38842	0.5	171	66	138	331	1.94
1980-1984	105	0.50797	0.40508	0.5	104	42	83	194	1.86
1980-1984	106	0.53391	0.42141	0.5	62	26	49	111	1.78
1980-1984	107	0.55971	0.43732	0.5	36	16	28	61	1.71
1980-1984	108	0.58524	0.45276	0.5	20	9	16	33	1.65
1980-1984	109	0.61036	0.46764	0.5	11	5	8	18	1.60
1980-1984	110+	0.63494	1.00000	1.57	6	6	9	9	1.57
1985-1989	0	0.01085	0.01074	0.08	100000	1074	99010	7435267	74.35
1985-1989	1	0.00069	0.00069	0.5	98926	69	98892	7336257	74.16
1985-1989	2	0.00049	0.00049	0.5	98857	49	98833	7237365	73.21
1985-1989	3	0.00039	0.00039	0.5	98809	38	98790	7138532	72.25
1985-1989	4	0.00031	0.00031	0.5	98771	31	98755	7039743	71.27
1985-1989	5	0.00026	0.00026	0.5	98740	26	98727	6940987	70.30
1985-1989	6	0.00024	0.00024	0.5	98714	24	98702	6842261	69.31
1985-1989	7	0.00023	0.00023	0.5	98690	23	98679	6743558	68.33
1985-1989	8	0.00021	0.00021	0.5	98668	21	98657	6644879	67.35
1985-1989	9	0.00021	0.00021	0.5	98647	20	98636	6546222	66.36
1985-1989	10	0.00019	0.00019	0.5	98626	19	98617	6447586	65.37
1985-1989	11	0.00020	0.00020	0.5	98608	19	98598	6348969	64.39
1985-1989	12	0.00023	0.00023	0.5	98588	22	98577	6250371	63.40
1985-1989	13	0.00025	0.00025	0.5	98566	25	98553	6151794	62.41
1985-1989	14	0.00034	0.00034	0.5	98541	34	98524	6053241	61.43
1985-1989	15	0.00040	0.00040	0.5	98507	40	98488	5954717	60.45
1985-1989	16	0.00054	0.00054	0.5	98468	53	98441	5856229	59.47
1985-1989	17	0.00071	0.00071	0.5	98414	70	98379	5757788	58.51
1985-1989	18	0.00085	0.00085	0.5	98344	84	98303	5659409	57.55
1985-1989	19	0.00088	0.00088	0.5	98261	86	98218	5561106	56.60
1985-1989	20	0.00094	0.00094	0.5	98174	92	98128	5462889	55.64
1985-1989	21	0.00098	0.00098	0.5	98082	96	98034	5364761	54.70
1985-1989	22	0.00105	0.00105	0.5	97986	103	97935	5266726	53.75
1985-1989	23	0.00109	0.00109	0.5	97883	107	97830	5168792	52.81
1985-1989	24	0.00111	0.00111	0.5	97777	109	97722	5070962	51.86
1985-1989	25	0.00120	0.00119	0.5	97668	117	97609	4973239	50.92
1985-1989	26	0.00122	0.00122	0.5	97551	119	97491	4875630	49.98
1985-1989	27	0.00132	0.00132	0.5	97432	129	97367	4778139	49.04
1985-1989	28	0.00140	0.00140	0.5	97303	137	97235	4680771	48.11
1985-1989	29	0.00141	0.00141	0.5	97166	137	97098	4583537	47.17
1985-1989	30	0.00164	0.00164	0.5	97029	159	96950	4486439	46.24
1985-1989	31	0.00173	0.00172	0.5	96870	167	96787	4389490	45.31
1985-1989	32	0.00183	0.00183	0.5	96703	177	96614	4292703	44.39
1985-1989	33	0.00198	0.00198	0.5	96526	191	96430	4196089	43.47
1985-1989	34	0.00195	0.00194	0.5	96335	187	96241	4099658	42.56
1985-1989	35	0.00215	0.00215	0.5	96147	206	96044	4003417	41.64
1985-1989	36	0.00225	0.00225	0.5	95941	215	95833	3907373	40.73
1985-1989	37	0.00226	0.00225	0.5	95726	216	95618	3811539	39.82
1985-1989	38	0.00247	0.00247	0.5	95510	236	95392	3715921	38.91
1985-1989	39	0.00234	0.00234	0.5	95274	223	95162	3620530	38.00
1985-1989	40	0.00255	0.00254	0.5	95051	242	94930	3525367	37.09
1985-1989	41	0.00262	0.00262	0.5	94809	248	94685	3430437	36.18
1985-1989	42	0.00286	0.00286	0.5	94561	270	94426	3335753	35.28
1985-1989	43	0.00303	0.00303	0.5	94290	286	94148	3241327	34.38
1985-1989	44	0.00315	0.00315	0.5	94005	296	93857	3147179	33.48
1985-1989	45	0.00356	0.00355	0.5	93709	333	93543	3053322	32.58
1985-1989	46	0.00383	0.00382	0.5	93376	357	93198	2959780	31.70
1985-1989	47	0.00423	0.00422	0.5	93019	393	92823	2866582	30.82
1985-1989	48	0.00464	0.00463	0.5	92626	429	92412	2773760	29.95
1985-1989	49	0.00462	0.00461	0.5	92197	425	91985	2681348	29.08
1985-1989	50	0.00534	0.00533	0.5	91772	489	91528	2589363	28.22
1985-1989	51	0.00597	0.00595	0.5	91283	543	91012	2497836	27.36
1985-1989	52	0.00659	0.00657	0.5	90740	596	90442	2406824	26.52
1985-1989	53	0.00715	0.00713	0.5	90144	642	89822	2316383	25.70
1985-1989	54	0.00747	0.00744	0.5	89501	666	89168	2226560	24.88
1985-1989	55	0.00839	0.00836	0.5	88835	742	88464	2137392	24.06
1985-1989	56	0.00902	0.00898	0.5	88093	791	87697	2048928	23.26
1985-1989	57	0.00964	0.00959	0.5	87301	837	86883	1961231	22.47
1985-1989	58	0.01123	0.01117	0.5	86464	966	85981	1874349	21.68
1985-1989	59	0.01155	0.01148	0.5	85498	982	85007	1788368	20.92
1985-1989	60	0.01306	0.01297	0.5	84516	1097	83968	1703360	20.15
1985-1989	61	0.01435	0.01425	0.5	83420	1189	82826	1619392	19.41
1985-1989	62	0.01596	0.01584	0.5	82231	1302	81580	1536567	18.69
1985-1989	63	0.01707	0.01693	0.5	80929	1370	80244	1454986	17.98
1985-1989	64	0.01773	0.01757	0.5	79559	1398	78860	1374743	17.28
1985-1989	65	0.02014	0.01994	0.5	78161	1558	77382	1295883	16.58
1985-1989	66	0.02132	0.02109	0.5	76603	1616	75795	1218501	15.91
1985-1989	67	0.02294	0.02268	0.5	74987	1700	74137	1142706	15.24
1985-1989	68	0.02584	0.02551	0.5	73287	1870	72352	1068569	14.58
1985-1989	69	0.02699	0.02663	0.5	71417	1902	70466	996217	13.95
1985-1989	70	0.03007	0.02962	0.5	69515	2059	68486	925751	13.32
1985-1989	71	0.03289	0.03236	0.5	67456	2183	66365	857265	12.71
1985-1989	72	0.03689	0.03622	0.5	65273	2364	64091	790900	12.12
1985-1989	73	0.03936	0.03860	0.5	62909	2428	61695	726809	11.55
1985-1989	74	0.04144	0.04060	0.5	60481	2456	59253	665114	11.00
1985-1989	75	0.04478	0.04380	0.5	58025	2541	56754	605861	10.44
1985-1989	76	0.04970	0.04850	0.5	55484	2691	54138	549107	9.90
1985-1989	77	0.05312	0.05174	0.5	52793	2732	51427	494968	9.38
1985-1989	78	0.05808	0.05644	0.5	50061	2826	48649	443541	8.86
1985-1989	79	0.06254	0.06065	0.5	47236	2865	45803	394893	8.36
1985-1989	80	0.07321	0.07062	0.5	44371	3134	42804	349089	7.87
1985-1989	81	0.07946	0.07642	0.5	41238	3151	39662	306285	7.43
1985-1989	82	0.08674	0.08313	0.5	38086	3166	36503	266623	7.00
1985-1989	83	0.09462	0.09035	0.5	34920	3155	33343	230120	6.59
1985-1989	84	0.10530	0.10003	0.5	31765	3178	30176	196777	6.19
1985-1989	85	0.11444	0.10825	0.5	28588	3095	27040	166601	5.83
1985-1989	86	0.12473	0.11740	0.5	25493	2993	23997	139560	5.47
1985-1989	87	0.13813	0.12921	0.5	22500	2907	21046	115564	5.14
1985-1989	88	0.14917	0.13882	0.5	19593	2720	18233	94517	4.82
1985-1989	89	0.16367	0.15129	0.5	16873	2553	15597	76284	4.52
1985-1989	90	0.17865	0.16400	0.5	14320	2349	13146	60688	4.24
1985-1989	91	0.19357	0.17649	0.5	11972	2113	10915	47542	3.97
1985-1989	92	0.21399	0.19330	0.5	9859	1906	8906	36626	3.72
1985-1989	93	0.23268	0.20843	0.5	7953	1658	7124	27721	3.49
1985-1989	94	0.25473	0.22595	0.5	6295	1422	5584	20596	3.27
1985-1989	95	0.27328	0.24043	0.5	4873	1172	4287	15012	3.08
1985-1989	96	0.29527	0.25729	0.5	3701	952	3225	10725	2.90
1985-1989	97	0.31834	0.27462	0.5	2749	755	2372	7500	2.73
1985-1989	98	0.34240	0.29235	0.5	1994	583	1703	5128	2.57
1985-1989	99	0.36739	0.31037	0.5	1411	438	1192	3425	2.43
1985-1989	100	0.39318	0.32858	0.5	973	320	813	2233	2.29
1985-1989	101	0.41965	0.34687	0.5	653	227	540	1420	2.17
1985-1989	102	0.44667	0.36513	0.5	427	156	349	880	2.06
1985-1989	103	0.47408	0.38324	0.5	271	104	219	531	1.96
1985-1989	104	0.50172	0.40110	0.5	167	67	134	312	1.87
1985-1989	105	0.52940	0.41860	0.5	100	42	79	179	1.78
1985-1989	106	0.55697	0.43565	0.5	58	25	46	99	1.71
1985-1989	107	0.58424	0.45216	0.5	33	15	25	54	1.64
1985-1989	108	0.61106	0.46806	0.5	18	8	14	28	1.58
1985-1989	109	0.63728	0.48328	0.5	10	5	7	15	1.54
1985-1989	110+	0.66274	1.00000	1.51	5	5	7	7	1.51
1990-1994	0	0.00924	0.00916	0.07	100000	916	99152	7529772	75.30
1990-1994	1	0.00064	0.00064	0.5	99084	64	99052	7430621	74.99
1990-1994	2	0.00043	0.00043	0.5	99020	43	98999	7331568	74.04
1990-1994	3	0.00033	0.00033	0.5	98978	33	98961	7232570	73.07
1990-1994	4	0.00026	0.00026	0.5	98945	26	98932	7133608	72.10
1990-1994	5	0.00021	0.00021	0.5	98919	21	98909	7034676	71.12
1990-1994	6	0.00021	0.00021	0.5	98898	21	98888	6935768	70.13
1990-1994	7	0.00019	0.00019	0.5	98877	19	98868	6836880	69.15
1990-1994	8	0.00020	0.00020	0.5	98858	20	98848	6738012	68.16
1990-1994	9	0.00017	0.00017	0.5	98838	17	98830	6639163	67.17
1990-1994	10	0.00016	0.00016	0.5	98822	16	98814	6540333	66.18
1990-1994	11	0.00020	0.00020	0.5	98806	19	98796	6441520	65.19
1990-1994	12	0.00020	0.00020	0.5	98786	20	98777	6342724	64.21
1990-1994	13	0.00021	0.00021	0.5	98767	21	98756	6243947	63.22
1990-1994	14	0.00031	0.00031	0.5	98746	31	98731	6145191	62.23
1990-1994	15	0.00040	0.00040	0.5	98715	40	98695	6046460	61.25
1990-1994	16	0.00057	0.00057	0.5	98675	56	98647	5947765	60.28
1990-1994	17	0.00069	0.00069	0.5	98619	68	98585	5849118	59.31
1990-1994	18	0.00087	0.00087	0.5	98550	85	98508	5750533	58.35
1990-1994	19	0.00084	0.00084	0.5	98465	83	98424	5652025	57.40
1990-1994	20	0.00093	0.00093	0.5	98382	91	98337	5553602	56.45
1990-1994	21	0.00103	0.00103	0.5	98291	101	98241	5455265	55.50
1990-1994	22	0.00098	0.00098	0.5	98190	96	98142	5357025	54.56
1990-1994	23	0.00105	0.00105	0.5	98094	103	98043	5258882	53.61
1990-1994	24	0.00100	0.00100	0.5	97991	98	97942	5160840	52.67
1990-1994	25	0.00113	0.00113	0.5	97893	110	97838	5062897	51.72
1990-1994	26	0.00120	0.00120	0.5	97783	117	97725	4965059	50.78
1990-1994	27	0.00128	0.00128	0.5	97666	125	97604	4867335	49.84
1990-1994	28	0.00138	0.00138	0.5	97541	135	97474	4769731	48.90
1990-1994	29	0.00137	0.00137	0.5	97406	134	97340	4672257	47.97
1990-1994	30	0.00160	0.00160	0.5	97273	156	97195	4574918	47.03
1990-1994	31	0.00167	0.00167	0.5	97117	162	97036	4477723	46.11
1990-1994	32	0.00174	0.00174	0.5	96954	169	96870	4380687	45.18
1990-1994	33	0.00194	0.00193	0.5	96786	187	96692	4283817	44.26
1990-1994	34	0.00201	0.00201	0.5	96599	194	96502	4187125	43.35
1990-1994	35	0.00213	0.00213	0.5	96404	205	96302	4090623	42.43
1990-1994	36	0.00231	0.00231	0.5	96199	222	96088	3994321	41.52
1990-1994	37	0.00244	0.00244	0.5	95977	234	95860	3898233	40.62
1990-1994	38	0.00273	0.00273	0.5	95742	261	95612	3802374	39.71
1990-1994	39	0.00261	0.00261	0.5	95481	249	95357	3706762	38.82
1990-1994	40	0.00288	0.00287	0.5	95233	274	95096	3611405	37.92
1990-1994	41	0.00295	0.00295	0.5	94959	280	94819	3516309	37.03
1990-1994	42	0.00312	0.00312	0.5	94679	295	94531	3421490	36.14
1990-1994	43	0.00319	0.00319	0.5	94384	301	94233	3326959	35.25
1990-1994	44	0.00329	0.00328	0.5	94083	309	93929	3232726	34.36
1990-1994	45	0.00347	0.00346	0.5	93774	325	93612	3138797	33.47
1990-1994	46	0.00381	0.00380	0.5	93450	355	93272	3045185	32.59
1990-1994	47	0.00402	0.00401	0.5	93094	373	92908	2951913	31.71
1990-1994	48	0.00443	0.00442	0.5	92721	410	92516	2859005	30.83
1990-1994	49	0.00449	0.00448	0.5	92311	413	92104	2766489	29.97
1990-1994	50	0.00496	0.00495	0.5	91898	455	91670	2674385	29.10
1990-1994	51	0.00554	0.00553	0.5	91443	505	91190	2582715	28.24
1990-1994	52	0.00586	0.00584	0.5	90938	531	90672	2491525	27.40
1990-1994	53	0.00634	0.00632	0.5	90406	571	90121	2400853	26.56
1990-1994	54	0.00674	0.00672	0.5	89835	604	89534	2310732	25.72
1990-1994	55	0.00765	0.00762	0.5	89232	680	88892	2221198	24.89
1990-1994	56	0.00809	0.00806	0.5	88552	713	88195	2132306	24.08
1990-1994	57	0.00874	0.00870	0.5	87838	764	87456	2044111	23.27
1990-1994	58	0.01029	0.01023	0.5	87074	891	86629	1956655	22.47
1990-1994	59	0.01061	0.01055	0.5	86183	909	85728	1870026	21.70
1990-1994	60	0.01176	0.01169	0.5	85274	997	84775	1784298	20.92
1990-1994	61	0.01287	0.01279	0.5	84277	1078	83738	1699523	20.17
1990-1994	62	0.01409	0.01399	0.5	83199	1164	82617	1615784	19.42
1990-1994	63	0.01509	0.01497	0.5	82035	1228	81421	1533167	18.69
1990-1994	64	0.01615	0.01602	0.5	80807	1295	80160	1451746	17.97
1990-1994	65	0.01841	0.01824	0.5	79512	1450	78787	1371586	17.25
1990-1994	66	0.01969	0.01950	0.5	78062	1522	77301	1292799	16.56
1990-1994	67	0.02158	0.02135	0.5	76540	1634	75722	1215498	15.88
1990-1994	68	0.02361	0.02334	0.5	74905	1748	74031	1139776	15.22
1990-1994	69	0.02451	0.02422	0.5	73157	1772	72271	1065744	14.57
1990-1994	70	0.02749	0.02711	0.5	71386	1935	70418	993473	13.92
1990-1994	71	0.02951	0.02908	0.5	69450	2019	68440	923055	13.29
1990-1994	72	0.03226	0.03174	0.5	67431	2141	66360	854615	12.67
1990-1994	73	0.03533	0.03471	0.5	65290	2266	64157	788255	12.07
1990-1994	74	0.03804	0.03733	0.5	63024	2353	61847	724098	11.49
1990-1994	75	0.04105	0.04023	0.5	60671	2441	59451	662250	10.92
1990-1994	76	0.04615	0.04511	0.5	58230	2627	56917	602800	10.35
1990-1994	77	0.04928	0.04810	0.5	55604	2674	54267	545882	9.82
1990-1994	78	0.05310	0.05172	0.5	52929	2738	51561	491616	9.29
1990-1994	79	0.05693	0.05536	0.5	50192	2778	48803	440055	8.77
1990-1994	80	0.06709	0.06491	0.5	47413	3078	45875	391253	8.25
1990-1994	81	0.07343	0.07083	0.5	44336	3140	42766	345378	7.79
1990-1994	82	0.07997	0.07690	0.5	41195	3168	39612	302613	7.35
1990-1994	83	0.08787	0.08418	0.5	38028	3201	36427	263001	6.92
1990-1994	84	0.09567	0.09131	0.5	34827	3180	33237	226574	6.51
1990-1994	85	0.10542	0.10014	0.5	31647	3169	30062	193337	6.11
1990-1994	86	0.11538	0.10908	0.5	28478	3106	26925	163275	5.73
1990-1994	87	0.12546	0.11806	0.5	25371	2995	23874	136350	5.37
1990-1994	88	0.13894	0.12992	0.5	22376	2907	20923	112477	5.03
1990-1994	89	0.15333	0.14242	0.5	19469	2773	18083	91554	4.70
1990-1994	90	0.16864	0.15553	0.5	16696	2597	15398	73471	4.40
1990-1994	91	0.18235	0.16711	0.5	14100	2356	12921	58073	4.12
1990-1994	92	0.20289	0.18420	0.5	11743	2163	10662	45152	3.84
1990-1994	93	0.22272	0.20040	0.5	9580	1920	8620	34490	3.60
1990-1994	94	0.24593	0.21900	0.5	7660	1678	6822	25870	3.38
1990-1994	95	0.26095	0.23083	0.5	5983	1381	5292	19048	3.18
1990-1994	96	0.28286	0.24781	0.5	4602	1140	4032	13756	2.99
1990-1994	97	0.30591	0.26532	0.5	3461	918	3002	9724	2.81
1990-1994	98	0.33004	0.28329	0.5	2543	720	2183	6722	2.64
1990-1994	99	0.35516	0.30160	0.5	1823	550	1548	4540	2.49
1990-1994	100	0.38118	0.32016	0.5	1273	408	1069	2992	2.35
1990-1994	101	0.40796	0.33884	0.5	865	293	719	1923	2.22
1990-1994	102	0.43537	0.35754	0.5	572	205	470	1204	2.10
1990-1994	103	0.46324	0.37613	0.5	368	138	298	734	2.00
1990-1994	104	0.49141	0.39449	0.5	229	90	184	436	1.90
1990-1994	105	0.51970	0.41251	0.5	139	57	110	252	1.81
1990-1994	106	0.54791	0.43009	0.5	82	35	64	141	1.73
1990-1994	107	0.57588	0.44713	0.5	46	21	36	77	1.66
1990-1994	108	0.60341	0.46356	0.5	26	12	20	41	1.60
1990-1994	109	0.63036	0.47929	0.5	14	7	10	21	1.55
1990-1994	110+	0.65655	1.00000	1.52	7	7	11	11	1.52
1995-1999	0	0.00735	0.00730	0.07	100000	730	99320	7656802	76.57
1995-1999	1	0.00050	0.00050	0.5	99270	50	99245	7557482	76.13
1995-1999	2	0.00032	0.00032	0.5	99220	32	99204	7458237	75.17
1995-1999	3	0.00026	0.00026	0.5	99188	26	99176	7359032	74.19
1995-1999	4	0.00021	0.00021	0.5	99163	21	99152	7259857	73.21
1995-1999	5	0.00019	0.00019	0.5	99142	18	99133	7160704	72.23
1995-1999	6	0.00016	0.00016	0.5	99124	16	99115	7061572	71.24
1995-1999	7	0.00016	0.00016	0.5	99107	16	99099	6962456	70.25
1995-1999	8	0.00015	0.00015	0.5	99091	15	99084	6863357	69.26
1995-1999	9	0.00015	0.00015	0.5	99076	14	99069	6764273	68.27
1995-1999	10	0.00015	0.00015	0.5	99062	15	99055	6665204	67.28
1995-1999	11	0.00014	0.00014	0.5	99047	14	99040	6566149	66.29
1995-1999	12	0.00016	0.00016	0.5	99033	16	99025	6467109	65.30
1995-1999	13	0.00022	0.00022	0.5	99017	21	99007	6368084	64.31
1995-1999	14	0.00025	0.00025	0.5	98996	25	98983	6269078	63.33
1995-1999	15	0.00031	0.00031	0.5	98971	31	98956	6170094	62.34
1995-1999	16	0.00045	0.00045	0.5	98940	44	98918	6071138	61.36
1995-1999	17	0.00061	0.00061	0.5	98896	60	98866	5972220	60.39
1995-1999	18	0.00071	0.00071	0.5	98836	70	98801	5873355	59.43
1995-1999	19	0.00077	0.00077	0.5	98766	76	98727	5774554	58.47
1995-1999	20	0.00082	0.00082	0.5	98689	81	98649	5675827	57.51
1995-1999	21	0.00086	0.00086	0.5	98609	85	98566	5577178	56.56
1995-1999	22	0.00086	0.00086	0.5	98524	85	98482	5478611	55.61
1995-1999	23	0.00087	0.00087	0.5	98439	85	98396	5380130	54.65
1995-1999	24	0.00084	0.00084	0.5	98354	83	98312	5281733	53.70
1995-1999	25	0.00084	0.00084	0.5	98271	83	98230	5183421	52.75
1995-1999	26	0.00088	0.00088	0.5	98188	86	98145	5085191	51.79
1995-1999	27	0.00094	0.00094	0.5	98102	92	98056	4987046	50.84
1995-1999	28	0.00097	0.00097	0.5	98010	95	97963	4888990	49.88
1995-1999	29	0.00104	0.00104	0.5	97915	102	97864	4791027	48.93
1995-1999	30	0.00113	0.00113	0.5	97813	110	97758	4693163	47.98
1995-1999	31	0.00126	0.00126	0.5	97703	123	97641	4595405	47.03
1995-1999	32	0.00133	0.00133	0.5	97579	130	97515	4497764	46.09
1995-1999	33	0.00141	0.00141	0.5	97450	138	97381	4400249	45.15
1995-1999	34	0.00147	0.00147	0.5	97312	143	97240	4302869	44.22
1995-1999	35	0.00157	0.00157	0.5	97169	152	97093	4205628	43.28
1995-1999	36	0.00169	0.00169	0.5	97016	164	96934	4108536	42.35
1995-1999	37	0.00183	0.00182	0.5	96853	177	96764	4011601	41.42
1995-1999	38	0.00202	0.00202	0.5	96676	195	96578	3914837	40.49
1995-1999	39	0.00203	0.00203	0.5	96481	195	96383	3818259	39.58
1995-1999	40	0.00223	0.00223	0.5	96285	215	96178	3721875	38.65
1995-1999	41	0.00252	0.00252	0.5	96071	242	95950	3625698	37.74
1995-1999	42	0.00255	0.00255	0.5	95829	244	95707	3529748	36.83
1995-1999	43	0.00283	0.00283	0.5	95585	270	95450	3434041	35.93
1995-1999	44	0.00299	0.00298	0.5	95315	284	95173	3338591	35.03
1995-1999	45	0.00316	0.00315	0.5	95030	300	94881	3243419	34.13
1995-1999	46	0.00338	0.00337	0.5	94731	320	94571	3148538	33.24
1995-1999	47	0.00357	0.00356	0.5	94411	336	94243	3053967	32.35
1995-1999	48	0.00403	0.00403	0.5	94075	379	93885	2959724	31.46
1995-1999	49	0.00408	0.00407	0.5	93696	381	93505	2865839	30.59
1995-1999	50	0.00433	0.00432	0.5	93315	403	93113	2772334	29.71
1995-1999	51	0.00478	0.00477	0.5	92911	443	92690	2679221	28.84
1995-1999	52	0.00522	0.00520	0.5	92468	481	92228	2586531	27.97
1995-1999	53	0.00577	0.00576	0.5	91987	529	91722	2494304	27.12
1995-1999	54	0.00603	0.00602	0.5	91458	550	91182	2402581	26.27
1995-1999	55	0.00678	0.00675	0.5	90907	614	90600	2311399	25.43
1995-1999	56	0.00747	0.00744	0.5	90293	672	89957	2220799	24.60
1995-1999	57	0.00784	0.00781	0.5	89622	700	89272	2130841	23.78
1995-1999	58	0.00882	0.00878	0.5	88922	781	88531	2041570	22.96
1995-1999	59	0.00958	0.00953	0.5	88141	840	87720	1953038	22.16
1995-1999	60	0.01037	0.01032	0.5	87300	901	86850	1865318	21.37
1995-1999	61	0.01152	0.01145	0.5	86399	989	85905	1778468	20.58
1995-1999	62	0.01273	0.01265	0.5	85410	1081	84870	1692563	19.82
1995-1999	63	0.01384	0.01374	0.5	84330	1159	83750	1607693	19.06
1995-1999	64	0.01502	0.01491	0.5	83171	1240	82551	1523943	18.32
1995-1999	65	0.01669	0.01655	0.5	81931	1356	81253	1441392	17.59
1995-1999	66	0.01793	0.01777	0.5	80575	1432	79859	1360139	16.88
1995-1999	67	0.01934	0.01915	0.5	79143	1516	78385	1280281	16.18
1995-1999	68	0.02172	0.02148	0.5	77627	1668	76793	1201896	15.48
1995-1999	69	0.02326	0.02300	0.5	75959	1747	75086	1125103	14.81
1995-1999	70	0.02544	0.02512	0.5	74212	1864	73280	1050017	14.15
1995-1999	71	0.02834	0.02794	0.5	72348	2022	71338	976736	13.50
1995-1999	72	0.03054	0.03008	0.5	70327	2116	69269	905399	12.87
1995-1999	73	0.03267	0.03214	0.5	68211	2193	67115	836130	12.26
1995-1999	74	0.03518	0.03457	0.5	66018	2282	64877	769015	11.65
1995-1999	75	0.03801	0.03730	0.5	63736	2378	62547	704138	11.05
1995-1999	76	0.04238	0.04150	0.5	61358	2546	60085	641591	10.46
1995-1999	77	0.04660	0.04554	0.5	58812	2678	57473	581505	9.89
1995-1999	78	0.05101	0.04974	0.5	56134	2792	54738	524032	9.34
1995-1999	79	0.05536	0.05387	0.5	53342	2874	51905	469294	8.80
1995-1999	80	0.06495	0.06291	0.5	50468	3175	48881	417389	8.27
1995-1999	81	0.07127	0.06882	0.5	47294	3255	45666	368508	7.79
1995-1999	82	0.07874	0.07575	0.5	44039	3336	42371	322842	7.33
1995-1999	83	0.08626	0.08269	0.5	40703	3366	39020	280471	6.89
1995-1999	84	0.09468	0.09040	0.5	37337	3375	35649	241451	6.47
1995-1999	85	0.10460	0.09940	0.5	33962	3376	32274	205802	6.06
1995-1999	86	0.11594	0.10959	0.5	30586	3352	28910	173528	5.67
1995-1999	87	0.12704	0.11945	0.5	27234	3253	25607	144618	5.31
1995-1999	88	0.13964	0.13053	0.5	23981	3130	22416	119010	4.96
1995-1999	89	0.15488	0.14375	0.5	20851	2997	19352	96595	4.63
1995-1999	90	0.17008	0.15675	0.5	17853	2799	16454	77243	4.33
1995-1999	91	0.18626	0.17039	0.5	15055	2565	13772	60789	4.04
1995-1999	92	0.20738	0.18790	0.5	12490	2347	11316	47016	3.76
1995-1999	93	0.22749	0.20426	0.5	10143	2072	9107	35700	3.52
1995-1999	94	0.24920	0.22159	0.5	8071	1788	7177	26593	3.29
1995-1999	95	0.26908	0.23717	0.5	6283	1490	5538	19416	3.09
1995-1999	96	0.29249	0.25517	0.5	4793	1223	4181	13879	2.90
1995-1999	97	0.31711	0.27371	0.5	3570	977	3081	9698	2.72
1995-1999	98	0.34286	0.29269	0.5	2593	759	2213	6617	2.55
1995-1999	99	0.36963	0.31197	0.5	1834	572	1548	4403	2.40
1995-1999	100	0.39728	0.33144	0.5	1262	418	1053	2856	2.26
1995-1999	101	0.42566	0.35097	0.5	844	296	695	1803	2.14
1995-1999	102	0.45460	0.37041	0.5	547	203	446	1108	2.02
1995-1999	103	0.48391	0.38964	0.5	345	134	278	662	1.92
1995-1999	104	0.51339	0.40852	0.5	210	86	167	384	1.83
1995-1999	105	0.54283	0.42695	0.5	124	53	98	217	1.74
1995-1999	106	0.57202	0.44480	0.5	71	32	55	119	1.66
1995-1999	107	0.60076	0.46199	0.5	40	18	30	63	1.60
1995-1999	108	0.62887	0.47844	0.5	21	10	16	33	1.54
1995-1999	109	0.65618	0.49408	0.5	11	5	8	17	1.49
1995-1999	110+	0.68253	1.00000	1.47	6	6	8	8	1.47
2000-2004	0	0.00657	0.00653	0.07	100000	653	99390	7762684	77.63
2000-2004	1	0.00038	0.00038	0.5	99347	38	99328	7663294	77.14
2000-2004	2	0.00027	0.00027	0.5	99309	27	99296	7563966	76.17
2000-2004	3	0.00019	0.00019	0.5	99282	19	99273	7464670	75.19
2000-2004	4	0.00017	0.00017	0.5	99264	17	99255	7365397	74.20
2000-2004	5	0.00014	0.00014	0.5	99247	14	99240	7266142	73.21
2000-2004	6	0.00013	0.00013	0.5	99233	13	99226	7166902	72.22
2000-2004	7	0.00013	0.00013	0.5	99220	12	99214	7067675	71.23
2000-2004	8	0.00013	0.00013	0.5	99208	13	99201	6968461	70.24
2000-2004	9	0.00012	0.00012	0.5	99195	12	99189	6869260	69.25
2000-2004	10	0.00013	0.00013	0.5	99183	13	99176	6770071	68.26
2000-2004	11	0.00013	0.00013	0.5	99170	13	99163	6670895	67.27
2000-2004	12	0.00014	0.00014	0.5	99157	14	99150	6571732	66.28
2000-2004	13	0.00017	0.00017	0.5	99143	17	99134	6472582	65.29
2000-2004	14	0.00021	0.00021	0.5	99126	20	99115	6373448	64.30
2000-2004	15	0.00025	0.00025	0.5	99105	24	99093	6274333	63.31
2000-2004	16	0.00040	0.00040	0.5	99081	40	99061	6175240	62.33
2000-2004	17	0.00055	0.00055	0.5	99041	54	99014	6076179	61.35
2000-2004	18	0.00069	0.00069	0.5	98987	68	98953	5977165	60.38
2000-2004	19	0.00075	0.00075	0.5	98919	74	98882	5878212	59.42
2000-2004	20	0.00081	0.00081	0.5	98845	80	98805	5779329	58.47
2000-2004	21	0.00084	0.00084	0.5	98765	83	98723	5680525	57.52
2000-2004	22	0.00088	0.00088	0.5	98682	87	98638	5581801	56.56
2000-2004	23	0.00088	0.00088	0.5	98595	87	98552	5483163	55.61
2000-2004	24	0.00086	0.00086	0.5	98508	85	98466	5384611	54.66
2000-2004	25	0.00081	0.00081	0.5	98424	80	98383	5286145	53.71
2000-2004	26	0.00085	0.00085	0.5	98343	84	98302	5187762	52.75
2000-2004	27	0.00087	0.00087	0.5	98260	85	98217	5089460	51.80
2000-2004	28	0.00086	0.00086	0.5	98175	84	98132	4991243	50.84
2000-2004	29	0.00091	0.00091	0.5	98090	89	98046	4893111	49.88
2000-2004	30	0.00094	0.00094	0.5	98001	92	97955	4795065	48.93
2000-2004	31	0.00096	0.00096	0.5	97910	94	97863	4697109	47.97
2000-2004	32	0.00100	0.00100	0.5	97816	98	97766	4599247	47.02
2000-2004	33	0.00108	0.00108	0.5	97717	105	97665	4501480	46.07
2000-2004	34	0.00119	0.00119	0.5	97612	116	97554	4403816	45.12
2000-2004	35	0.00126	0.00126	0.5	97496	123	97435	4306261	44.17
2000-2004	36	0.00140	0.00140	0.5	97374	136	97306	4208826	43.22
2000-2004	37	0.00149	0.00149	0.5	97238	144	97165	4111521	42.28
2000-2004	38	0.00164	0.00163	0.5	97093	159	97014	4014355	41.35
2000-2004	39	0.00171	0.00171	0.5	96934	166	96851	3917342	40.41
2000-2004	40	0.00189	0.00189	0.5	96768	183	96677	3820490	39.48
2000-2004	41	0.00204	0.00204	0.5	96586	197	96487	3723813	38.55
2000-2004	42	0.00220	0.00220	0.5	96389	212	96283	3627326	37.63
2000-2004	43	0.00241	0.00241	0.5	96177	231	96061	3531043	36.71
2000-2004	44	0.00262	0.00262	0.5	95946	251	95820	3434982	35.80
2000-2004	45	0.00283	0.00283	0.5	95694	271	95559	3339162	34.89
2000-2004	46	0.00312	0.00312	0.5	95423	297	95274	3243604	33.99
2000-2004	47	0.00334	0.00333	0.5	95126	317	94967	3148329	33.10
2000-2004	48	0.00366	0.00366	0.5	94809	347	94635	3053362	32.21
2000-2004	49	0.00390	0.00390	0.5	94462	368	94278	2958727	31.32
2000-2004	50	0.00423	0.00422	0.5	94094	397	93895	2864449	30.44
2000-2004	51	0.00449	0.00448	0.5	93697	420	93487	2770554	29.57
2000-2004	52	0.00479	0.00478	0.5	93277	446	93054	2677067	28.70
2000-2004	53	0.00529	0.00527	0.5	92831	489	92586	2584013	27.84
2000-2004	54	0.00563	0.00561	0.5	92342	518	92082	2491427	26.98
2000-2004	55	0.00614	0.00613	0.5	91823	562	91542	2399344	26.13
2000-2004	56	0.00657	0.00655	0.5	91261	597	90962	2307802	25.29
2000-2004	57	0.00732	0.00729	0.5	90663	661	90333	2216840	24.45
2000-2004	58	0.00790	0.00787	0.5	90003	708	89648	2126507	23.63
2000-2004	59	0.00865	0.00861	0.5	89294	769	88910	2036859	22.81
2000-2004	60	0.00956	0.00951	0.5	88525	842	88104	1947950	22.00
2000-2004	61	0.01039	0.01034	0.5	87683	907	87230	1859846	21.21
2000-2004	62	0.01126	0.01120	0.5	86776	972	86290	1772616	20.43
2000-2004	63	0.01225	0.01218	0.5	85805	1045	85282	1686326	19.65
2000-2004	64	0.01338	0.01329	0.5	84759	1127	84196	1601044	18.89
2000-2004	65	0.01458	0.01447	0.5	83633	1210	83028	1516848	18.14
2000-2004	66	0.01572	0.01560	0.5	82422	1286	81779	1433820	17.40
2000-2004	67	0.01745	0.01730	0.5	81137	1404	80435	1352041	16.66
2000-2004	68	0.01884	0.01866	0.5	79733	1488	78989	1271606	15.95
2000-2004	69	0.02064	0.02043	0.5	78245	1599	77446	1192617	15.24
2000-2004	70	0.02250	0.02225	0.5	76646	1705	75794	1115171	14.55
2000-2004	71	0.02467	0.02437	0.5	74941	1826	74028	1039377	13.87
2000-2004	72	0.02670	0.02635	0.5	73115	1927	72152	965349	13.20
2000-2004	73	0.02955	0.02912	0.5	71188	2073	70152	893197	12.55
2000-2004	74	0.03239	0.03188	0.5	69116	2203	68014	823045	11.91
2000-2004	75	0.03592	0.03529	0.5	66912	2361	65732	755031	11.28
2000-2004	76	0.03912	0.03837	0.5	64551	2477	63313	689299	10.68
2000-2004	77	0.04233	0.04145	0.5	62074	2573	60787	625987	10.08
2000-2004	78	0.04692	0.04585	0.5	59501	2728	58137	565199	9.50
2000-2004	79	0.05178	0.05048	0.5	56773	2866	55340	507062	8.93
2000-2004	80	0.06088	0.05908	0.5	53907	3185	52315	451722	8.38
2000-2004	81	0.06700	0.06483	0.5	50722	3288	49078	399407	7.87
2000-2004	82	0.07457	0.07189	0.5	47434	3410	45729	350329	7.39
2000-2004	83	0.08259	0.07932	0.5	44024	3492	42278	304599	6.92
2000-2004	84	0.09186	0.08783	0.5	40532	3560	38752	262321	6.47
2000-2004	85	0.10216	0.09720	0.5	36973	3594	35176	223568	6.05
2000-2004	86	0.11432	0.10814	0.5	33379	3609	31574	188393	5.64
2000-2004	87	0.12597	0.11851	0.5	29769	3528	28005	156819	5.27
2000-2004	88	0.13905	0.13001	0.5	26241	3412	24536	128813	4.91
2000-2004	89	0.15683	0.14542	0.5	22830	3320	21170	104278	4.57
2000-2004	90	0.17025	0.15689	0.5	19510	3061	17979	83108	4.26
2000-2004	91	0.19020	0.17368	0.5	16449	2857	15020	65129	3.96
2000-2004	92	0.21052	0.19047	0.5	13592	2589	12297	50108	3.69
2000-2004	93	0.23209	0.20796	0.5	11003	2288	9859	37811	3.44
2000-2004	94	0.25501	0.22617	0.5	8715	1971	7729	27952	3.21
2000-2004	95	0.27699	0.24330	0.5	6744	1641	5923	20223	3.00
2000-2004	96	0.30233	0.26263	0.5	5103	1340	4433	14299	2.80
2000-2004	97	0.32898	0.28251	0.5	3763	1063	3231	9866	2.62
2000-2004	98	0.35682	0.30280	0.5	2700	817	2291	6635	2.46
2000-2004	99	0.38571	0.32335	0.5	1882	609	1578	4344	2.31
2000-2004	100	0.41548	0.34401	0.5	1274	438	1055	2766	2.17
2000-2004	101	0.44593	0.36463	0.5	836	305	683	1711	2.05
2000-2004	102	0.47684	0.38504	0.5	531	204	429	1028	1.94
2000-2004	103	0.50798	0.40509	0.5	326	132	260	599	1.84
2000-2004	104	0.53911	0.42464	0.5	194	82	153	339	1.75
2000-2004	105	0.56997	0.44356	0.5	112	50	87	186	1.66
2000-2004	106	0.60035	0.46175	0.5	62	29	48	99	1.59
2000-2004	107	0.63001	0.47909	0.5	33	16	25	51	1.53
2000-2004	108	0.65876	0.49554	0.5	17	9	13	26	1.47
2000-2004	109	0.68642	0.51103	0.5	9	4	7	13	1.43
2000-2004	110+	0.71284	1.00000	1.4	4	4	6	6	1.40
2005-2009	0	0.00628	0.00624	0.07	100000	624	99417	7882990	78.83
2005-2009	1	0.00036	0.00036	0.5	99376	35	99358	7783573	78.32
2005-2009	2	0.00024	0.00024	0.5	99340	24	99328	7684215	77.35
2005-2009	3	0.00020	0.00020	0.5	99316	19	99306	7584887	76.37
2005-2009	4	0.00015	0.00015	0.5	99297	15	99289	7485580	75.39
2005-2009	5	0.00013	0.00013	0.5	99282	13	99275	7386291	74.40
2005-2009	6	0.00012	0.00012	0.5	99269	12	99263	7287016	73.41
2005-2009	7	0.00011	0.00011	0.5	99257	11	99251	7187753	72.42
2005-2009	8	0.00010	0.00010	0.5	99246	10	99241	7088501	71.42
2005-2009	9	0.00010	0.00010	0.5	99236	10	99231	6989260	70.43
2005-2009	10	0.00011	0.00011	0.5	99226	11	99221	6890029	69.44
2005-2009	11	0.00012	0.00012	0.5	99215	11	99209	6790809	68.45
2005-2009	12	0.00012	0.00012	0.5	99204	12	99198	6691599	67.45
2005-2009	13	0.00014	0.00014	0.5	99192	14	99185	6592402	66.46
2005-2009	14	0.00018	0.00018	0.5	99178	18	99169	6493217	65.47
2005-2009	15	0.00023	0.00023	0.5	99160	23	99148	6394048	64.48
2005-2009	16	0.00033	0.00033	0.5	99137	32	99121	6294900	63.50
2005-2009	17	0.00045	0.00045	0.5	99105	45	99082	6195779	62.52
2005-2009	18	0.00059	0.00059	0.5	99060	58	99031	6096697	61.55
2005-2009	19	0.00071	0.00071	0.5	99001	70	98966	5997666	60.58
2005-2009	20	0.00071	0.00071	0.5	98931	70	98896	5898700	59.62
2005-2009	21	0.00086	0.00086	0.5	98861	85	98818	5799804	58.67
2005-2009	22	0.00085	0.00085	0.5	98776	84	98734	5700986	57.72
2005-2009	23	0.00085	0.00085	0.5	98692	84	98650	5602252	56.76
2005-2009	24	0.00088	0.00088	0.5	98609	87	98565	5503601	55.81
2005-2009	25	0.00085	0.00085	0.5	98521	83	98480	5405036	54.86
2005-2009	26	0.00086	0.00086	0.5	98438	85	98396	5306557	53.91
2005-2009	27	0.00086	0.00086	0.5	98353	84	98311	5208161	52.95
2005-2009	28	0.00087	0.00087	0.5	98269	86	98226	5109849	52.00
2005-2009	29	0.00088	0.00088	0.5	98184	87	98140	5011623	51.04
2005-2009	30	0.00088	0.00088	0.5	98097	86	98054	4913483	50.09
2005-2009	31	0.00090	0.00090	0.5	98011	88	97967	4815429	49.13
2005-2009	32	0.00096	0.00096	0.5	97923	94	97876	4717461	48.18
2005-2009	33	0.00099	0.00099	0.5	97830	97	97781	4619585	47.22
2005-2009	34	0.00101	0.00101	0.5	97732	99	97683	4521804	46.27
2005-2009	35	0.00107	0.00107	0.5	97634	104	97581	4424121	45.31
2005-2009	36	0.00117	0.00116	0.5	97529	114	97472	4326540	44.36
2005-2009	37	0.00128	0.00128	0.5	97416	125	97353	4229068	43.41
2005-2009	38	0.00137	0.00137	0.5	97291	133	97224	4131715	42.47
2005-2009	39	0.00147	0.00147	0.5	97158	143	97086	4034490	41.53
2005-2009	40	0.00167	0.00166	0.5	97015	161	96934	3937404	40.59
2005-2009	41	0.00179	0.00178	0.5	96853	173	96767	3840470	39.65
2005-2009	42	0.00200	0.00200	0.5	96681	193	96584	3743703	38.72
2005-2009	43	0.00213	0.00213	0.5	96488	205	96385	3647119	37.80
2005-2009	44	0.00235	0.00235	0.5	96282	226	96169	3550734	36.88
2005-2009	45	0.00254	0.00254	0.5	96056	244	95934	3454565	35.96
2005-2009	46	0.00281	0.00281	0.5	95812	269	95678	3358632	35.05
2005-2009	47	0.00297	0.00297	0.5	95543	284	95401	3262954	34.15
2005-2009	48	0.00327	0.00326	0.5	95260	311	95104	3167553	33.25
2005-2009	49	0.00357	0.00357	0.5	94949	338	94779	3072449	32.36
2005-2009	50	0.00394	0.00393	0.5	94610	372	94424	2977669	31.47
2005-2009	51	0.00423	0.00423	0.5	94238	398	94039	2883245	30.60
2005-2009	52	0.00460	0.00459	0.5	93840	431	93624	2789206	29.72
2005-2009	53	0.00492	0.00491	0.5	93409	458	93180	2695582	28.86
2005-2009	54	0.00526	0.00524	0.5	92951	487	92707	2602402	28.00
2005-2009	55	0.00582	0.00580	0.5	92464	536	92195	2509694	27.14
2005-2009	56	0.00595	0.00593	0.5	91927	545	91655	2417499	26.30
2005-2009	57	0.00659	0.00657	0.5	91382	600	91082	2325844	25.45
2005-2009	58	0.00721	0.00718	0.5	90782	652	90456	2234762	24.62
2005-2009	59	0.00766	0.00763	0.5	90130	687	89786	2144306	23.79
2005-2009	60	0.00852	0.00848	0.5	89443	759	89063	2054520	22.97
2005-2009	61	0.00901	0.00897	0.5	88684	796	88286	1965456	22.16
2005-2009	62	0.00995	0.00990	0.5	87888	870	87453	1877170	21.36
2005-2009	63	0.01106	0.01100	0.5	87018	957	86539	1789717	20.57
2005-2009	64	0.01198	0.01191	0.5	86061	1025	85548	1703178	19.79
2005-2009	65	0.01288	0.01279	0.5	85035	1088	84491	1617630	19.02
2005-2009	66	0.01394	0.01385	0.5	83947	1162	83366	1533139	18.26
2005-2009	67	0.01508	0.01497	0.5	82785	1239	82166	1449772	17.51
2005-2009	68	0.01649	0.01636	0.5	81546	1334	80879	1367607	16.77
2005-2009	69	0.01805	0.01789	0.5	80212	1435	79495	1286728	16.04
2005-2009	70	0.02010	0.01990	0.5	78778	1567	77994	1207233	15.32
2005-2009	71	0.02144	0.02121	0.5	77210	1638	76391	1129239	14.63
2005-2009	72	0.02367	0.02340	0.5	75572	1768	74688	1052847	13.93
2005-2009	73	0.02587	0.02554	0.5	73804	1885	72861	978159	13.25
2005-2009	74	0.02811	0.02772	0.5	71919	1993	70922	905298	12.59
2005-2009	75	0.03157	0.03108	0.5	69925	2173	68839	834375	11.93
2005-2009	76	0.03417	0.03360	0.5	67752	2276	66614	765537	11.30
2005-2009	77	0.03764	0.03694	0.5	65476	2419	64267	698922	10.67
2005-2009	78	0.04199	0.04113	0.5	63057	2594	61760	634656	10.06
2005-2009	79	0.04604	0.04500	0.5	60464	2721	59103	572896	9.48
2005-2009	80	0.05292	0.05156	0.5	57743	2977	56254	513792	8.90
2005-2009	81	0.05893	0.05724	0.5	54766	3135	53198	457538	8.35
2005-2009	82	0.06568	0.06359	0.5	51631	3283	49989	404340	7.83
2005-2009	83	0.07291	0.07034	0.5	48348	3401	46647	354351	7.33
2005-2009	84	0.08130	0.07812	0.5	44947	3511	43191	307704	6.85
2005-2009	85	0.09153	0.08752	0.5	41435	3626	39622	264513	6.38
2005-2009	86	0.10252	0.09752	0.5	37809	3687	35965	224891	5.95
2005-2009	87	0.11503	0.10878	0.5	34122	3712	32266	188925	5.54
2005-2009	88	0.12904	0.12122	0.5	30410	3686	28567	156659	5.15
2005-2009	89	0.14359	0.13397	0.5	26724	3580	24934	128092	4.79
2005-2009	90	0.15916	0.14743	0.5	23144	3412	21438	103158	4.46
2005-2009	91	0.17713	0.16272	0.5	19732	3211	18126	81721	4.14
2005-2009	92	0.19808	0.18023	0.5	16521	2978	15032	63595	3.85
2005-2009	93	0.21691	0.19569	0.5	13543	2650	12218	48562	3.59
2005-2009	94	0.24110	0.21516	0.5	10893	2344	9721	36344	3.34
2005-2009	95	0.26182	0.23151	0.5	8549	1979	7560	26623	3.11
2005-2009	96	0.28727	0.25119	0.5	6570	1650	5745	19063	2.90
2005-2009	97	0.31418	0.27153	0.5	4920	1336	4252	13318	2.71
2005-2009	98	0.34245	0.29239	0.5	3584	1048	3060	9066	2.53
2005-2009	99	0.37193	0.31361	0.5	2536	795	2138	6006	2.37
2005-2009	100	0.40244	0.33502	0.5	1741	583	1449	3868	2.22
2005-2009	101	0.43377	0.35646	0.5	1158	413	951	2419	2.09
2005-2009	102	0.46568	0.37773	0.5	745	281	604	1468	1.97
2005-2009	103	0.49793	0.39867	0.5	464	185	371	864	1.86
2005-2009	104	0.53023	0.41912	0.5	279	117	220	492	1.77
2005-2009	105	0.56233	0.43892	0.5	162	71	126	272	1.68
2005-2009	106	0.59396	0.45796	0.5	91	42	70	146	1.60
2005-2009	107	0.62486	0.47611	0.5	49	23	38	76	1.54
2005-2009	108	0.65482	0.49331	0.5	26	13	19	38	1.48
2005-2009	109	0.68362	0.50948	0.5	13	7	10	19	1.44
2005-2009	110+	0.71111	1.00000	1.41	6	6	9	9	1.41
2010-2014	0	0.00540	0.00537	0.06	100000	537	99497	7975271	79.75
2010-2014	1	0.00032	0.00032	0.5	99463	32	99447	7875774	79.18
2010-2014	2	0.00020	0.00020	0.5	99431	20	99421	7776327	78.21
2010-2014	3	0.00016	0.00016	0.5	99411	16	99403	7676906	77.22
2010-2014	4	0.00014	0.00014	0.5	99395	14	99388	7577502	76.24
2010-2014	5	0.00010	0.00010	0.5	99382	10	99376	7478114	75.25
2010-2014	6	0.00011	0.00011	0.5	99371	11	99366	7378737	74.25
2010-2014	7	0.00009	0.00009	0.5	99361	9	99356	7279372	73.26
2010-2014	8	0.00010	0.00010	0.5	99351	10	99346	7180016	72.27
2010-2014	9	0.00010	0.00010	0.5	99341	10	99336	7080670	71.28
2010-2014	10	0.00009	0.00009	0.5	99331	9	99327	6981334	70.28
2010-2014	11	0.00010	0.00010	0.5	99322	10	99317	6882007	69.29
2010-2014	12	0.00011	0.00011	0.5	99313	11	99307	6782689	68.30
2010-2014	13	0.00012	0.00012	0.5	99301	12	99295	6683383	67.30
2010-2014	14	0.00016	0.00016	0.5	99289	16	99281	6584087	66.31
2010-2014	15	0.00018	0.00018	0.5	99273	18	99264	6484806	65.32
2010-2014	16	0.00026	0.00026	0.5	99255	26	99242	6385542	64.33
2010-2014	17	0.00038	0.00038	0.5	99229	37	99210	6286300	63.35
2010-2014	18	0.00051	0.00051	0.5	99192	50	99167	6187089	62.38
2010-2014	19	0.00058	0.00058	0.5	99142	58	99113	6087923	61.41
2010-2014	20	0.00067	0.00067	0.5	99084	67	99051	5988810	60.44
2010-2014	21	0.00079	0.00079	0.5	99018	78	98979	5889759	59.48
2010-2014	22	0.00084	0.00084	0.5	98940	83	98898	5790780	58.53
2010-2014	23	0.00085	0.00085	0.5	98856	84	98814	5691882	57.58
2010-2014	24	0.00087	0.00087	0.5	98773	85	98730	5593068	56.63
2010-2014	25	0.00083	0.00083	0.5	98687	82	98646	5494338	55.67
2010-2014	26	0.00088	0.00088	0.5	98605	87	98561	5395692	54.72
2010-2014	27	0.00087	0.00086	0.5	98518	85	98475	5297131	53.77
2010-2014	28	0.00089	0.00089	0.5	98433	88	98389	5198656	52.81
2010-2014	29	0.00091	0.00091	0.5	98345	90	98300	5100267	51.86
2010-2014	30	0.00092	0.00092	0.5	98255	90	98210	5001967	50.91
2010-2014	31	0.00097	0.00097	0.5	98165	95	98117	4903757	49.95
2010-2014	32	0.00101	0.00101	0.5	98070	99	98020	4805640	49.00
2010-2014	33	0.00101	0.00101	0.5	97971	99	97921	4707620	48.05
2010-2014	34	0.00104	0.00104	0.5	97872	102	97821	4609698	47.10
2010-2014	35	0.00108	0.00108	0.5	97770	106	97717	4511877	46.15
2010-2014	36	0.00117	0.00116	0.5	97664	114	97608	4414160	45.20
2010-2014	37	0.00118	0.00118	0.5	97551	115	97493	4316553	44.25
2010-2014	38	0.00124	0.00124	0.5	97435	121	97375	4219060	43.30
2010-2014	39	0.00133	0.00133	0.5	97315	130	97250	4121684	42.35
2010-2014	40	0.00146	0.00146	0.5	97185	141	97114	4024435	41.41
2010-2014	41	0.00160	0.00160	0.5	97044	155	96966	3927320	40.47
2010-2014	42	0.00175	0.00175	0.5	96889	170	96804	3830354	39.53
2010-2014	43	0.00193	0.00192	0.5	96719	186	96626	3733551	38.60
2010-2014	44	0.00206	0.00205	0.5	96533	198	96434	3636925	37.68
2010-2014	45	0.00227	0.00227	0.5	96335	218	96225	3540491	36.75
2010-2014	46	0.00250	0.00250	0.5	96116	240	95996	3444266	35.83
2010-2014	47	0.00279	0.00279	0.5	95876	267	95742	3348270	34.92
2010-2014	48	0.00302	0.00301	0.5	95609	288	95465	3252527	34.02
2010-2014	49	0.00331	0.00330	0.5	95320	315	95163	3157063	33.12
2010-2014	50	0.00365	0.00364	0.5	95006	346	94833	3061900	32.23
2010-2014	51	0.00396	0.00395	0.5	94660	374	94473	2967067	31.34
2010-2014	52	0.00428	0.00427	0.5	94286	403	94085	2872594	30.47
2010-2014	53	0.00464	0.00463	0.5	93883	435	93666	2778509	29.60
2010-2014	54	0.00499	0.00498	0.5	93448	466	93216	2684843	28.73
2010-2014	55	0.00539	0.00538	0.5	92983	500	92733	2591628	27.87
2010-2014	56	0.00596	0.00595	0.5	92483	550	92208	2498895	27.02
2010-2014	57	0.00631	0.00629	0.5	91933	578	91644	2406686	26.18
2010-2014	58	0.00693	0.00691	0.5	91355	631	91040	2315042	25.34
2010-2014	59	0.00723	0.00721	0.5	90724	654	90397	2224003	24.51
2010-2014	60	0.00800	0.00797	0.5	90070	717	89711	2133606	23.69
2010-2014	61	0.00855	0.00852	0.5	89353	761	88972	2043894	22.87
2010-2014	62	0.00924	0.00920	0.5	88592	815	88184	1954922	22.07
2010-2014	63	0.01010	0.01005	0.5	87777	882	87336	1866738	21.27
2010-2014	64	0.01091	0.01085	0.5	86895	943	86424	1779402	20.48
2010-2014	65	0.01167	0.01160	0.5	85952	997	85454	1692978	19.70
2010-2014	66	0.01273	0.01265	0.5	84955	1074	84418	1607525	18.92
2010-2014	67	0.01400	0.01390	0.5	83881	1166	83298	1523107	18.16
2010-2014	68	0.01524	0.01512	0.5	82715	1251	82090	1439809	17.41
2010-2014	69	0.01660	0.01646	0.5	81464	1341	80794	1357719	16.67
2010-2014	70	0.01821	0.01804	0.5	80123	1446	79400	1276926	15.94
2010-2014	71	0.02008	0.01988	0.5	78677	1564	77895	1197525	15.22
2010-2014	72	0.02137	0.02115	0.5	77113	1631	76298	1119630	14.52
2010-2014	73	0.02354	0.02327	0.5	75482	1756	74604	1043333	13.82
2010-2014	74	0.02576	0.02543	0.5	73726	1875	72789	968729	13.14
2010-2014	75	0.02825	0.02785	0.5	71851	2001	70850	895940	12.47
2010-2014	76	0.03130	0.03082	0.5	69850	2153	68773	825090	11.81
2010-2014	77	0.03486	0.03426	0.5	67697	2319	66538	756316	11.17
2010-2014	78	0.03806	0.03735	0.5	65378	2442	64157	689779	10.55
2010-2014	79	0.04195	0.04109	0.5	62936	2586	61643	625622	9.94
2010-2014	80	0.04656	0.04550	0.5	60350	2746	58977	563978	9.35
2010-2014	81	0.05247	0.05113	0.5	57604	2945	56132	505001	8.77
2010-2014	82	0.05928	0.05757	0.5	54659	3147	53086	448870	8.21
2010-2014	83	0.06624	0.06411	0.5	51512	3303	49861	395784	7.68
2010-2014	84	0.07428	0.07162	0.5	48210	3453	46483	345923	7.18
2010-2014	85	0.08318	0.07986	0.5	44757	3574	42970	299440	6.69
2010-2014	86	0.09290	0.08877	0.5	41183	3656	39355	256470	6.23
2010-2014	87	0.10513	0.09988	0.5	37527	3748	35653	217115	5.79
2010-2014	88	0.11791	0.11135	0.5	33778	3761	31898	181463	5.37
2010-2014	89	0.13264	0.12439	0.5	30017	3734	28150	149565	4.98
2010-2014	90	0.15090	0.14031	0.5	26283	3688	24439	121414	4.62
2010-2014	91	0.16644	0.15365	0.5	22595	3472	20860	96975	4.29
2010-2014	92	0.18589	0.17008	0.5	19124	3253	17497	76115	3.98
2010-2014	93	0.20882	0.18908	0.5	15871	3001	14371	58618	3.69
2010-2014	94	0.23188	0.20779	0.5	12870	2674	11533	44248	3.44
2010-2014	95	0.25011	0.22231	0.5	10196	2267	9063	32715	3.21
2010-2014	96	0.27562	0.24223	0.5	7929	1921	6969	23652	2.98
2010-2014	97	0.30271	0.26291	0.5	6008	1580	5219	16683	2.78
2010-2014	98	0.33128	0.28420	0.5	4429	1259	3799	11465	2.59
2010-2014	99	0.36118	0.30593	0.5	3170	970	2685	7665	2.42
2010-2014	100	0.39224	0.32792	0.5	2200	722	1840	4980	2.26
2010-2014	101	0.42423	0.34999	0.5	1479	518	1220	3141	2.12
2010-2014	102	0.45691	0.37194	0.5	961	358	782	1921	2.00
2010-2014	103	0.49000	0.39358	0.5	604	238	485	1138	1.89
2010-2014	104	0.52323	0.41473	0.5	366	152	290	653	1.78
2010-2014	105	0.55628	0.43523	0.5	214	93	168	363	1.69
2010-2014	106	0.58889	0.45493	0.5	121	55	93	195	1.61
2010-2014	107	0.62076	0.47373	0.5	66	31	50	102	1.55
2010-2014	108	0.65166	0.49151	0.5	35	17	26	52	1.49
2010-2014	109	0.68136	0.50822	0.5	18	9	13	25	1.44
2010-2014	110+	0.70969	1.00000	1.41	9	9	12	12	1.41
2015-2019	0	0.00484	0.00482	0.06	100000	482	99548	7995665	79.96
2015-2019	1	0.00028	0.00028	0.5	99518	28	99504	7896117	79.34
2015-2019	2	0.00020	0.00020	0.5	99490	20	99480	7796613	78.37
2015-2019	3	0.00015	0.00015	0.5	99470	15	99463	7697132	77.38
2015-2019	4	0.00012	0.00012	0.5	99455	12	99449	7597670	76.39
2015-2019	5	0.00011	0.00011	0.5	99443	11	99438	7498220	75.40
2015-2019	6	0.00010	0.00010	0.5	99432	10	99427	7398783	74.41
2015-2019	7	0.00010	0.00010	0.5	99422	10	99417	7299355	73.42
2015-2019	8	0.00011	0.00011	0.5	99412	11	99407	7199938	72.43
2015-2019	9	0.00010	0.00010	0.5	99401	9	99397	7100531	71.43
2015-2019	10	0.00010	0.00010	0.5	99392	10	99387	7001135	70.44
2015-2019	11	0.00011	0.00011	0.5	99382	11	99377	6901747	69.45
2015-2019	12	0.00011	0.00011	0.5	99372	11	99366	6802370	68.45
2015-2019	13	0.00014	0.00014	0.5	99361	14	99353	6703004	67.46
2015-2019	14	0.00017	0.00017	0.5	99346	17	99338	6603651	66.47
2015-2019	15	0.00020	0.00020	0.5	99330	20	99320	6504313	65.48
2015-2019	16	0.00026	0.00026	0.5	99310	26	99297	6404993	64.49
2015-2019	17	0.00032	0.00032	0.5	99284	31	99269	6305696	63.51
2015-2019	18	0.00046	0.00046	0.5	99253	45	99230	6206427	62.53
2015-2019	19	0.00055	0.00055	0.5	99208	54	99181	6107196	61.56
2015-2019	20	0.00069	0.00069	0.5	99153	68	99119	6008016	60.59
2015-2019	21	0.00077	0.00077	0.5	99085	76	99047	5908896	59.63
2015-2019	22	0.00086	0.00086	0.5	99009	85	98967	5809849	58.68
2015-2019	23	0.00091	0.00091	0.5	98924	90	98879	5710883	57.73
2015-2019	24	0.00098	0.00097	0.5	98834	96	98785	5612004	56.78
2015-2019	25	0.00103	0.00102	0.5	98737	101	98687	5513218	55.84
2015-2019	26	0.00109	0.00109	0.5	98636	108	98582	5414532	54.89
2015-2019	27	0.00114	0.00114	0.5	98528	112	98472	5315949	53.95
2015-2019	28	0.00117	0.00117	0.5	98416	115	98359	5217477	53.01
2015-2019	29	0.00117	0.00117	0.5	98301	115	98244	5119119	52.08
2015-2019	30	0.00124	0.00124	0.5	98187	122	98126	5020875	51.14
2015-2019	31	0.00129	0.00129	0.5	98065	126	98001	4922749	50.20
2015-2019	32	0.00132	0.00132	0.5	97938	130	97874	4824747	49.26
2015-2019	33	0.00136	0.00136	0.5	97809	133	97742	4726874	48.33
2015-2019	34	0.00141	0.00141	0.5	97676	138	97607	4629132	47.39
2015-2019	35	0.00145	0.00145	0.5	97538	141	97467	4531525	46.46
2015-2019	36	0.00150	0.00150	0.5	97397	146	97324	4434058	45.53
2015-2019	37	0.00155	0.00155	0.5	97251	151	97175	4336734	44.59
2015-2019	38	0.00163	0.00163	0.5	97100	158	97021	4239559	43.66
2015-2019	39	0.00172	0.00171	0.5	96942	166	96859	4142538	42.73
2015-2019	40	0.00175	0.00175	0.5	96775	170	96691	4045679	41.80
2015-2019	41	0.00181	0.00180	0.5	96606	174	96519	3948989	40.88
2015-2019	42	0.00188	0.00188	0.5	96432	181	96341	3852470	39.95
2015-2019	43	0.00195	0.00194	0.5	96251	187	96157	3756129	39.02
2015-2019	44	0.00207	0.00207	0.5	96064	199	95964	3659972	38.10
2015-2019	45	0.00232	0.00232	0.5	95865	223	95753	3564008	37.18
2015-2019	46	0.00256	0.00255	0.5	95642	244	95520	3468254	36.26
2015-2019	47	0.00273	0.00273	0.5	95398	260	95268	3372734	35.35
2015-2019	48	0.00290	0.00290	0.5	95138	276	95000	3277466	34.45
2015-2019	49	0.00320	0.00320	0.5	94862	303	94710	3182466	33.55
2015-2019	50	0.00359	0.00359	0.5	94559	339	94389	3087756	32.65
2015-2019	51	0.00393	0.00392	0.5	94220	369	94035	2993367	31.77
2015-2019	52	0.00430	0.00429	0.5	93851	403	93649	2899331	30.89
2015-2019	53	0.00456	0.00455	0.5	93448	426	93235	2805682	30.02
2015-2019	54	0.00506	0.00505	0.5	93022	469	92787	2712448	29.16
2015-2019	55	0.00546	0.00544	0.5	92553	504	92301	2619661	28.30
2015-2019	56	0.00585	0.00583	0.5	92049	537	91780	2527360	27.46
2015-2019	57	0.00640	0.00638	0.5	91512	583	91220	2435580	26.61
2015-2019	58	0.00679	0.00677	0.5	90928	616	90620	2344360	25.78
2015-2019	59	0.00739	0.00736	0.5	90313	665	89980	2253739	24.95
2015-2019	60	0.00788	0.00785	0.5	89648	704	89296	2163759	24.14
2015-2019	61	0.00852	0.00849	0.5	88944	755	88567	2074463	23.32
2015-2019	62	0.00927	0.00923	0.5	88189	814	87782	1985896	22.52
2015-2019	63	0.00995	0.00990	0.5	87375	865	86943	1898114	21.72
2015-2019	64	0.01063	0.01058	0.5	86510	915	86053	1811171	20.94
2015-2019	65	0.01158	0.01151	0.5	85595	986	85102	1725119	20.15
2015-2019	66	0.01231	0.01224	0.5	84610	1035	84092	1640017	19.38
2015-2019	67	0.01329	0.01320	0.5	83574	1103	83023	1555925	18.62
2015-2019	68	0.01437	0.01427	0.5	82471	1177	81883	1472902	17.86
2015-2019	69	0.01571	0.01559	0.5	81294	1267	80660	1391019	17.11
2015-2019	70	0.01717	0.01703	0.5	80027	1363	79345	1310359	16.37
2015-2019	71	0.01875	0.01857	0.5	78664	1461	77934	1231014	15.65
2015-2019	72	0.02086	0.02064	0.5	77203	1593	76406	1153080	14.94
2015-2019	73	0.02253	0.02228	0.5	75610	1684	74767	1076674	14.24
2015-2019	74	0.02504	0.02473	0.5	73925	1828	73011	1001906	13.55
2015-2019	75	0.02736	0.02699	0.5	72097	1946	71124	928895	12.88
2015-2019	76	0.03011	0.02967	0.5	70151	2081	69110	857771	12.23
2015-2019	77	0.03298	0.03245	0.5	68070	2209	66965	788661	11.59
2015-2019	78	0.03596	0.03533	0.5	65861	2327	64698	721696	10.96
2015-2019	79	0.03994	0.03916	0.5	63534	2488	62290	656998	10.34
2015-2019	80	0.04463	0.04365	0.5	61046	2665	59714	594708	9.74
2015-2019	81	0.04897	0.04780	0.5	58382	2791	56986	534994	9.16
2015-2019	82	0.05464	0.05319	0.5	55591	2957	54112	478008	8.60
2015-2019	83	0.06068	0.05889	0.5	52634	3100	51084	423895	8.05
2015-2019	84	0.06736	0.06517	0.5	49534	3228	47920	372811	7.53
2015-2019	85	0.07532	0.07259	0.5	46307	3361	44626	324890	7.02
2015-2019	86	0.08552	0.08201	0.5	42945	3522	41184	280264	6.53
2015-2019	87	0.09731	0.09279	0.5	39423	3658	37594	239080	6.06
2015-2019	88	0.10886	0.10324	0.5	35765	3692	33919	201486	5.63
2015-2019	89	0.12372	0.11651	0.5	32073	3737	30204	167567	5.22
2015-2019	90	0.13926	0.13020	0.5	28336	3689	26491	137363	4.85
2015-2019	91	0.15583	0.14456	0.5	24647	3563	22865	110871	4.50
2015-2019	92	0.17542	0.16127	0.5	21084	3400	19384	88006	4.17
2015-2019	93	0.19362	0.17653	0.5	17684	3122	16123	68622	3.88
2015-2019	94	0.21710	0.19584	0.5	14562	2852	13136	52500	3.61
2015-2019	95	0.23458	0.20995	0.5	11710	2459	10481	39364	3.36
2015-2019	96	0.25916	0.22943	0.5	9252	2123	8190	28883	3.12
2015-2019	97	0.28540	0.24976	0.5	7129	1781	6239	20693	2.90
2015-2019	98	0.31321	0.27080	0.5	5348	1448	4624	14454	2.70
2015-2019	99	0.34247	0.29240	0.5	3900	1140	3330	9830	2.52
2015-2019	100	0.37302	0.31438	0.5	2760	868	2326	6500	2.36
2015-2019	101	0.40466	0.33656	0.5	1892	637	1574	4174	2.21
2015-2019	102	0.43715	0.35874	0.5	1255	450	1030	2600	2.07
2015-2019	103	0.47024	0.38072	0.5	805	306	652	1570	1.95
2015-2019	104	0.50363	0.40232	0.5	498	201	398	918	1.84
2015-2019	105	0.53703	0.42335	0.5	298	126	235	520	1.75
2015-2019	106	0.57014	0.44367	0.5	172	76	134	285	1.66
2015-2019	107	0.60268	0.46312	0.5	96	44	73	152	1.59
2015-2019	108	0.63436	0.48161	0.5	51	25	39	78	1.52
2015-2019	109	0.66496	0.49904	0.5	27	13	20	39	1.47
2015-2019	110+	0.69426	1.00000	1.44	13	13	19	19	1.44
