Div7: West South Central, Lifetables (period 1x5), Males Last modified: 20 Dec 2020, MPv5 (May07) 

Year     	Age	mx	qx	ax	lx	dx	Lx	Tx	ex
1960-1964	0	0.03194	0.03107	0.13	100000	3107	97299	6657836	66.58
1960-1964	1	0.00231	0.00230	0.5	96893	223	96781	6560537	67.71
1960-1964	2	0.00132	0.00132	0.5	96669	128	96605	6463756	66.86
1960-1964	3	0.00092	0.00092	0.5	96542	89	96497	6367151	65.95
1960-1964	4	0.00076	0.00076	0.5	96453	73	96416	6270654	65.01
1960-1964	5	0.00062	0.00062	0.5	96380	60	96350	6174237	64.06
1960-1964	6	0.00062	0.00062	0.5	96319	59	96290	6077888	63.10
1960-1964	7	0.00051	0.00051	0.5	96260	49	96236	5981598	62.14
1960-1964	8	0.00053	0.00053	0.5	96211	51	96186	5885363	61.17
1960-1964	9	0.00048	0.00048	0.5	96161	46	96137	5789177	60.20
1960-1964	10	0.00051	0.00051	0.5	96114	49	96090	5693039	59.23
1960-1964	11	0.00050	0.00050	0.5	96065	48	96041	5596950	58.26
1960-1964	12	0.00054	0.00054	0.5	96017	52	95991	5500909	57.29
1960-1964	13	0.00067	0.00067	0.5	95965	64	95933	5404918	56.32
1960-1964	14	0.00083	0.00083	0.5	95901	79	95861	5308986	55.36
1960-1964	15	0.00101	0.00101	0.5	95822	97	95773	5213124	54.40
1960-1964	16	0.00126	0.00126	0.5	95725	120	95664	5117351	53.46
1960-1964	17	0.00142	0.00142	0.5	95604	135	95537	5021687	52.53
1960-1964	18	0.00159	0.00159	0.5	95469	152	95393	4926150	51.60
1960-1964	19	0.00195	0.00195	0.5	95317	186	95224	4830757	50.68
1960-1964	20	0.00187	0.00187	0.5	95131	178	95042	4735534	49.78
1960-1964	21	0.00209	0.00209	0.5	94953	198	94854	4640492	48.87
1960-1964	22	0.00205	0.00205	0.5	94755	194	94658	4545638	47.97
1960-1964	23	0.00206	0.00206	0.5	94561	194	94463	4450980	47.07
1960-1964	24	0.00200	0.00200	0.5	94366	189	94272	4356517	46.17
1960-1964	25	0.00194	0.00194	0.5	94177	182	94086	4262245	45.26
1960-1964	26	0.00199	0.00199	0.5	93995	187	93902	4168159	44.34
1960-1964	27	0.00199	0.00199	0.5	93808	186	93715	4074257	43.43
1960-1964	28	0.00194	0.00194	0.5	93622	182	93531	3980542	42.52
1960-1964	29	0.00198	0.00198	0.5	93440	185	93348	3887011	41.60
1960-1964	30	0.00222	0.00222	0.5	93255	207	93152	3793664	40.68
1960-1964	31	0.00202	0.00201	0.5	93048	187	92954	3700512	39.77
1960-1964	32	0.00229	0.00229	0.5	92861	213	92754	3607557	38.85
1960-1964	33	0.00239	0.00238	0.5	92648	221	92538	3514803	37.94
1960-1964	34	0.00266	0.00266	0.5	92427	246	92304	3422265	37.03
1960-1964	35	0.00277	0.00276	0.5	92181	255	92054	3329961	36.12
1960-1964	36	0.00289	0.00288	0.5	91927	265	91794	3237907	35.22
1960-1964	37	0.00312	0.00311	0.5	91662	285	91519	3146113	34.32
1960-1964	38	0.00348	0.00347	0.5	91377	317	91218	3054594	33.43
1960-1964	39	0.00374	0.00374	0.5	91059	340	90889	2963376	32.54
1960-1964	40	0.00412	0.00411	0.5	90719	373	90533	2872486	31.66
1960-1964	41	0.00421	0.00420	0.5	90347	380	90157	2781954	30.79
1960-1964	42	0.00473	0.00472	0.5	89967	424	89754	2691797	29.92
1960-1964	43	0.00515	0.00513	0.5	89542	460	89312	2602043	29.06
1960-1964	44	0.00573	0.00571	0.5	89083	509	88828	2512730	28.21
1960-1964	45	0.00621	0.00619	0.5	88574	549	88299	2423902	27.37
1960-1964	46	0.00665	0.00663	0.5	88025	583	87733	2335603	26.53
1960-1964	47	0.00750	0.00747	0.5	87442	653	87115	2247870	25.71
1960-1964	48	0.00829	0.00826	0.5	86789	716	86430	2160754	24.90
1960-1964	49	0.00923	0.00918	0.5	86072	790	85677	2074324	24.10
1960-1964	50	0.01012	0.01007	0.5	85282	859	84852	1988647	23.32
1960-1964	51	0.01078	0.01072	0.5	84423	905	83970	1903795	22.55
1960-1964	52	0.01214	0.01207	0.5	83517	1008	83014	1819825	21.79
1960-1964	53	0.01328	0.01319	0.5	82510	1088	81965	1736812	21.05
1960-1964	54	0.01429	0.01419	0.5	81421	1156	80843	1654846	20.32
1960-1964	55	0.01549	0.01537	0.5	80266	1234	79649	1574003	19.61
1960-1964	56	0.01669	0.01655	0.5	79032	1308	78378	1494354	18.91
1960-1964	57	0.01784	0.01768	0.5	77724	1375	77037	1415976	18.22
1960-1964	58	0.01917	0.01899	0.5	76349	1450	75624	1338940	17.54
1960-1964	59	0.02081	0.02060	0.5	74900	1543	74128	1263315	16.87
1960-1964	60	0.02322	0.02295	0.5	73357	1684	72515	1189187	16.21
1960-1964	61	0.02429	0.02399	0.5	71673	1720	70813	1116672	15.58
1960-1964	62	0.02748	0.02711	0.5	69953	1896	69005	1045859	14.95
1960-1964	63	0.02929	0.02886	0.5	68057	1964	67075	976854	14.35
1960-1964	64	0.03235	0.03184	0.5	66093	2104	65040	909779	13.77
1960-1964	65	0.03627	0.03562	0.5	63988	2279	62849	844739	13.20
1960-1964	66	0.03771	0.03701	0.5	61709	2284	60567	781890	12.67
1960-1964	67	0.04098	0.04015	0.5	59425	2386	58232	721323	12.14
1960-1964	68	0.04340	0.04248	0.5	57039	2423	55827	663091	11.63
1960-1964	69	0.04563	0.04461	0.5	54616	2436	53397	607264	11.12
1960-1964	70	0.04955	0.04835	0.5	52179	2523	50918	553866	10.61
1960-1964	71	0.05246	0.05112	0.5	49656	2538	48387	502948	10.13
1960-1964	72	0.05955	0.05783	0.5	47118	2725	45755	454561	9.65
1960-1964	73	0.06211	0.06024	0.5	44393	2674	43056	408806	9.21
1960-1964	74	0.06623	0.06411	0.5	41719	2674	40382	365750	8.77
1960-1964	75	0.07070	0.06829	0.5	39044	2666	37711	325369	8.33
1960-1964	76	0.07370	0.07108	0.5	36378	2586	35085	287657	7.91
1960-1964	77	0.07784	0.07492	0.5	33792	2532	32526	252572	7.47
1960-1964	78	0.08579	0.08226	0.5	31260	2572	29975	220046	7.04
1960-1964	79	0.09106	0.08710	0.5	28689	2499	27440	190071	6.63
1960-1964	80	0.10962	0.10392	0.5	26190	2722	24829	162632	6.21
1960-1964	81	0.11392	0.10778	0.5	23468	2529	22204	137802	5.87
1960-1964	82	0.12840	0.12065	0.5	20939	2526	19676	115599	5.52
1960-1964	83	0.13874	0.12974	0.5	18413	2389	17218	95923	5.21
1960-1964	84	0.15170	0.14100	0.5	16024	2259	14894	78704	4.91
1960-1964	85	0.16422	0.15175	0.5	13765	2089	12720	63810	4.64
1960-1964	86	0.17925	0.16450	0.5	11676	1921	10715	51090	4.38
1960-1964	87	0.19615	0.17863	0.5	9755	1743	8884	40375	4.14
1960-1964	88	0.20640	0.18709	0.5	8013	1499	7263	31491	3.93
1960-1964	89	0.23008	0.20634	0.5	6513	1344	5841	24228	3.72
1960-1964	90	0.23802	0.21271	0.5	5169	1100	4620	18386	3.56
1960-1964	91	0.24350	0.21707	0.5	4070	883	3628	13767	3.38
1960-1964	92	0.26714	0.23566	0.5	3186	751	2811	10139	3.18
1960-1964	93	0.29777	0.25918	0.5	2436	631	2120	7328	3.01
1960-1964	94	0.30767	0.26665	0.5	1804	481	1564	5208	2.89
1960-1964	95	0.32230	0.27757	0.5	1323	367	1140	3644	2.75
1960-1964	96	0.34221	0.29221	0.5	956	279	816	2504	2.62
1960-1964	97	0.36270	0.30702	0.5	677	208	573	1688	2.50
1960-1964	98	0.38369	0.32193	0.5	469	151	393	1116	2.38
1960-1964	99	0.40512	0.33688	0.5	318	107	264	722	2.27
1960-1964	100	0.42693	0.35182	0.5	211	74	174	458	2.17
1960-1964	101	0.44902	0.36669	0.5	137	50	112	284	2.08
1960-1964	102	0.47131	0.38143	0.5	87	33	70	172	1.99
1960-1964	103	0.49372	0.39597	0.5	54	21	43	102	1.91
1960-1964	104	0.51615	0.41027	0.5	32	13	26	60	1.84
1960-1964	105	0.53852	0.42428	0.5	19	8	15	34	1.77
1960-1964	106	0.56074	0.43795	0.5	11	5	9	19	1.71
1960-1964	107	0.58271	0.45124	0.5	6	3	5	10	1.66
1960-1964	108	0.60436	0.46412	0.5	3	2	3	5	1.61
1960-1964	109	0.62561	0.47655	0.5	2	1	1	3	1.57
1960-1964	110+	0.64639	1.00000	1.55	1	1	1	1	1.55
1965-1969	0	0.02756	0.02691	0.12	100000	2691	97629	6644466	66.44
1965-1969	1	0.00186	0.00186	0.5	97309	181	97219	6546837	67.28
1965-1969	2	0.00113	0.00113	0.5	97129	110	97074	6449618	66.40
1965-1969	3	0.00091	0.00091	0.5	97018	88	96974	6352544	65.48
1965-1969	4	0.00083	0.00083	0.5	96930	80	96890	6255570	64.54
1965-1969	5	0.00066	0.00066	0.5	96850	64	96818	6158680	63.59
1965-1969	6	0.00061	0.00061	0.5	96786	59	96756	6061862	62.63
1965-1969	7	0.00052	0.00052	0.5	96727	50	96702	5965105	61.67
1965-1969	8	0.00048	0.00048	0.5	96677	46	96653	5868403	60.70
1965-1969	9	0.00046	0.00046	0.5	96630	45	96608	5771750	59.73
1965-1969	10	0.00048	0.00048	0.5	96586	47	96562	5675142	58.76
1965-1969	11	0.00046	0.00046	0.5	96539	45	96516	5578580	57.79
1965-1969	12	0.00052	0.00052	0.5	96494	50	96469	5482063	56.81
1965-1969	13	0.00068	0.00068	0.5	96444	66	96411	5385595	55.84
1965-1969	14	0.00083	0.00083	0.5	96378	80	96338	5289184	54.88
1965-1969	15	0.00112	0.00112	0.5	96298	108	96244	5192846	53.92
1965-1969	16	0.00142	0.00142	0.5	96189	136	96121	5096602	52.99
1965-1969	17	0.00177	0.00177	0.5	96053	170	95968	5000481	52.06
1965-1969	18	0.00215	0.00215	0.5	95883	206	95780	4904513	51.15
1965-1969	19	0.00223	0.00223	0.5	95677	213	95571	4808733	50.26
1965-1969	20	0.00226	0.00226	0.5	95464	216	95356	4713162	49.37
1965-1969	21	0.00228	0.00228	0.5	95249	217	95140	4617805	48.48
1965-1969	22	0.00228	0.00228	0.5	95031	217	94923	4522665	47.59
1965-1969	23	0.00225	0.00225	0.5	94815	213	94708	4427742	46.70
1965-1969	24	0.00214	0.00214	0.5	94601	203	94500	4333034	45.80
1965-1969	25	0.00224	0.00224	0.5	94399	211	94293	4238534	44.90
1965-1969	26	0.00217	0.00217	0.5	94188	204	94085	4144241	44.00
1965-1969	27	0.00215	0.00215	0.5	93983	202	93882	4050156	43.09
1965-1969	28	0.00223	0.00223	0.5	93781	209	93677	3956274	42.19
1965-1969	29	0.00227	0.00227	0.5	93572	212	93466	3862597	41.28
1965-1969	30	0.00225	0.00225	0.5	93360	210	93255	3769131	40.37
1965-1969	31	0.00240	0.00240	0.5	93150	223	93038	3675876	39.46
1965-1969	32	0.00245	0.00245	0.5	92927	227	92813	3582838	38.56
1965-1969	33	0.00257	0.00257	0.5	92699	238	92580	3490025	37.65
1965-1969	34	0.00274	0.00273	0.5	92461	253	92335	3397444	36.74
1965-1969	35	0.00285	0.00284	0.5	92208	262	92077	3305110	35.84
1965-1969	36	0.00308	0.00308	0.5	91946	283	91805	3213032	34.94
1965-1969	37	0.00335	0.00335	0.5	91663	307	91510	3121227	34.05
1965-1969	38	0.00370	0.00370	0.5	91357	338	91188	3029717	33.16
1965-1969	39	0.00398	0.00397	0.5	91019	362	90838	2938529	32.28
1965-1969	40	0.00413	0.00412	0.5	90657	373	90471	2847691	31.41
1965-1969	41	0.00473	0.00472	0.5	90284	426	90071	2757220	30.54
1965-1969	42	0.00511	0.00509	0.5	89858	458	89629	2667150	29.68
1965-1969	43	0.00544	0.00542	0.5	89400	485	89158	2577520	28.83
1965-1969	44	0.00597	0.00595	0.5	88916	529	88651	2488362	27.99
1965-1969	45	0.00657	0.00654	0.5	88387	578	88098	2399711	27.15
1965-1969	46	0.00727	0.00724	0.5	87808	636	87490	2311614	26.33
1965-1969	47	0.00783	0.00780	0.5	87173	680	86832	2224123	25.51
1965-1969	48	0.00862	0.00858	0.5	86492	742	86121	2137291	24.71
1965-1969	49	0.00917	0.00913	0.5	85750	783	85359	2051170	23.92
1965-1969	50	0.01020	0.01015	0.5	84967	862	84536	1965811	23.14
1965-1969	51	0.01087	0.01081	0.5	84105	909	83650	1881275	22.37
1965-1969	52	0.01207	0.01199	0.5	83196	998	82697	1797625	21.61
1965-1969	53	0.01341	0.01332	0.5	82198	1095	81651	1714928	20.86
1965-1969	54	0.01466	0.01455	0.5	81103	1180	80513	1633278	20.14
1965-1969	55	0.01570	0.01557	0.5	79923	1245	79301	1552764	19.43
1965-1969	56	0.01716	0.01701	0.5	78679	1338	78009	1473463	18.73
1965-1969	57	0.01840	0.01823	0.5	77340	1410	76635	1395454	18.04
1965-1969	58	0.02010	0.01990	0.5	75930	1511	75175	1318819	17.37
1965-1969	59	0.02170	0.02147	0.5	74419	1598	73620	1243644	16.71
1965-1969	60	0.02340	0.02313	0.5	72821	1685	71979	1170024	16.07
1965-1969	61	0.02477	0.02446	0.5	71137	1740	70267	1098045	15.44
1965-1969	62	0.02778	0.02740	0.5	69396	1902	68446	1027779	14.81
1965-1969	63	0.02901	0.02860	0.5	67495	1930	66530	959333	14.21
1965-1969	64	0.03191	0.03141	0.5	65565	2060	64535	892804	13.62
1965-1969	65	0.03532	0.03471	0.5	63505	2204	62403	828269	13.04
1965-1969	66	0.03702	0.03635	0.5	61301	2228	60187	765866	12.49
1965-1969	67	0.04051	0.03971	0.5	59073	2346	57900	705679	11.95
1965-1969	68	0.04451	0.04355	0.5	56727	2470	55492	647779	11.42
1965-1969	69	0.04779	0.04667	0.5	54257	2532	52991	592287	10.92
1965-1969	70	0.05138	0.05009	0.5	51725	2591	50429	539296	10.43
1965-1969	71	0.05380	0.05239	0.5	49134	2574	47847	488867	9.95
1965-1969	72	0.06041	0.05864	0.5	46560	2730	45195	441020	9.47
1965-1969	73	0.06380	0.06183	0.5	43830	2710	42474	395825	9.03
1965-1969	74	0.06905	0.06675	0.5	41119	2745	39747	353351	8.59
1965-1969	75	0.07573	0.07296	0.5	38375	2800	36975	313604	8.17
1965-1969	76	0.08044	0.07733	0.5	35575	2751	34199	276629	7.78
1965-1969	77	0.08511	0.08164	0.5	32824	2680	31484	242430	7.39
1965-1969	78	0.09015	0.08626	0.5	30144	2600	28844	210945	7.00
1965-1969	79	0.09756	0.09303	0.5	27544	2562	26263	182101	6.61
1965-1969	80	0.10896	0.10333	0.5	24982	2581	23691	155839	6.24
1965-1969	81	0.11224	0.10628	0.5	22400	2381	21210	132148	5.90
1965-1969	82	0.12791	0.12022	0.5	20020	2407	18816	110938	5.54
1965-1969	83	0.13778	0.12890	0.5	17613	2270	16478	92121	5.23
1965-1969	84	0.15448	0.14340	0.5	15343	2200	14243	75643	4.93
1965-1969	85	0.16296	0.15069	0.5	13143	1980	12152	61401	4.67
1965-1969	86	0.17787	0.16334	0.5	11162	1823	10251	49248	4.41
1965-1969	87	0.19102	0.17437	0.5	9339	1628	8525	38998	4.18
1965-1969	88	0.20436	0.18542	0.5	7711	1430	6996	30473	3.95
1965-1969	89	0.22584	0.20293	0.5	6281	1275	5644	23477	3.74
1965-1969	90	0.23885	0.21337	0.5	5006	1068	4472	17834	3.56
1965-1969	91	0.25078	0.22284	0.5	3938	878	3499	13362	3.39
1965-1969	92	0.27279	0.24005	0.5	3061	735	2693	9862	3.22
1965-1969	93	0.27838	0.24437	0.5	2326	568	2042	7169	3.08
1965-1969	94	0.30359	0.26358	0.5	1758	463	1526	5127	2.92
1965-1969	95	0.31865	0.27486	0.5	1294	356	1116	3601	2.78
1965-1969	96	0.33826	0.28932	0.5	939	272	803	2485	2.65
1965-1969	97	0.35843	0.30396	0.5	667	203	566	1682	2.52
1965-1969	98	0.37912	0.31871	0.5	464	148	390	1117	2.41
1965-1969	99	0.40026	0.33352	0.5	316	105	264	726	2.30
1965-1969	100	0.42178	0.34832	0.5	211	73	174	463	2.20
1965-1969	101	0.44360	0.36307	0.5	137	50	112	289	2.10
1965-1969	102	0.46564	0.37770	0.5	87	33	71	176	2.02
1965-1969	103	0.48781	0.39216	0.5	54	21	44	105	1.94
1965-1969	104	0.51003	0.40640	0.5	33	13	26	62	1.86
1965-1969	105	0.53221	0.42036	0.5	20	8	16	35	1.79
1965-1969	106	0.55427	0.43399	0.5	11	5	9	20	1.73
1965-1969	107	0.57611	0.44727	0.5	6	3	5	11	1.68
1965-1969	108	0.59766	0.46016	0.5	4	2	3	6	1.63
1965-1969	109	0.61884	0.47261	0.5	2	1	1	3	1.59
1965-1969	110+	0.63958	1.00000	1.56	1	1	2	2	1.56
1970-1974	0	0.02353	0.02304	0.11	100000	2304	97945	6701421	67.01
1970-1974	1	0.00160	0.00160	0.5	97696	156	97618	6603476	67.59
1970-1974	2	0.00102	0.00102	0.5	97540	99	97490	6505858	66.70
1970-1974	3	0.00083	0.00083	0.5	97440	81	97400	6408368	65.77
1970-1974	4	0.00070	0.00070	0.5	97359	68	97325	6310968	64.82
1970-1974	5	0.00061	0.00061	0.5	97291	59	97262	6213643	63.87
1970-1974	6	0.00053	0.00053	0.5	97232	52	97206	6116381	62.90
1970-1974	7	0.00045	0.00045	0.5	97180	44	97158	6019175	61.94
1970-1974	8	0.00048	0.00048	0.5	97136	47	97113	5922016	60.97
1970-1974	9	0.00052	0.00052	0.5	97089	50	97064	5824904	60.00
1970-1974	10	0.00047	0.00047	0.5	97039	46	97016	5727839	59.03
1970-1974	11	0.00044	0.00044	0.5	96994	43	96972	5630823	58.05
1970-1974	12	0.00052	0.00052	0.5	96951	50	96925	5533851	57.08
1970-1974	13	0.00067	0.00066	0.5	96900	64	96868	5436925	56.11
1970-1974	14	0.00081	0.00081	0.5	96836	79	96796	5340057	55.15
1970-1974	15	0.00107	0.00107	0.5	96757	104	96705	5243261	54.19
1970-1974	16	0.00142	0.00141	0.5	96653	137	96585	5146556	53.25
1970-1974	17	0.00175	0.00175	0.5	96517	169	96433	5049970	52.32
1970-1974	18	0.00212	0.00212	0.5	96348	204	96246	4953538	51.41
1970-1974	19	0.00226	0.00226	0.5	96144	217	96036	4857292	50.52
1970-1974	20	0.00215	0.00215	0.5	95927	206	95824	4761256	49.63
1970-1974	21	0.00230	0.00230	0.5	95721	220	95611	4665432	48.74
1970-1974	22	0.00225	0.00225	0.5	95501	215	95393	4569821	47.85
1970-1974	23	0.00234	0.00234	0.5	95286	222	95174	4474428	46.96
1970-1974	24	0.00217	0.00217	0.5	95063	206	94960	4379254	46.07
1970-1974	25	0.00227	0.00226	0.5	94857	215	94750	4284293	45.17
1970-1974	26	0.00221	0.00220	0.5	94642	209	94538	4189544	44.27
1970-1974	27	0.00216	0.00216	0.5	94434	204	94332	4095006	43.36
1970-1974	28	0.00225	0.00225	0.5	94230	212	94124	4000674	42.46
1970-1974	29	0.00231	0.00231	0.5	94018	217	93910	3906550	41.55
1970-1974	30	0.00231	0.00230	0.5	93801	216	93693	3812640	40.65
1970-1974	31	0.00230	0.00230	0.5	93585	215	93478	3718947	39.74
1970-1974	32	0.00238	0.00238	0.5	93370	222	93259	3625469	38.83
1970-1974	33	0.00253	0.00253	0.5	93148	236	93030	3532210	37.92
1970-1974	34	0.00262	0.00262	0.5	92913	243	92791	3439180	37.02
1970-1974	35	0.00301	0.00300	0.5	92669	278	92530	3346389	36.11
1970-1974	36	0.00302	0.00302	0.5	92391	279	92252	3253858	35.22
1970-1974	37	0.00314	0.00313	0.5	92113	289	91968	3161606	34.32
1970-1974	38	0.00350	0.00349	0.5	91824	321	91663	3069638	33.43
1970-1974	39	0.00372	0.00372	0.5	91503	340	91333	2977975	32.55
1970-1974	40	0.00409	0.00408	0.5	91163	372	90977	2886642	31.66
1970-1974	41	0.00432	0.00432	0.5	90791	392	90595	2795665	30.79
1970-1974	42	0.00495	0.00494	0.5	90399	447	90176	2705069	29.92
1970-1974	43	0.00518	0.00516	0.5	89953	465	89720	2614893	29.07
1970-1974	44	0.00599	0.00597	0.5	89488	535	89221	2525173	28.22
1970-1974	45	0.00647	0.00645	0.5	88954	573	88667	2435952	27.38
1970-1974	46	0.00703	0.00700	0.5	88380	619	88071	2347285	26.56
1970-1974	47	0.00771	0.00768	0.5	87761	674	87424	2259214	25.74
1970-1974	48	0.00846	0.00843	0.5	87087	734	86721	2171790	24.94
1970-1974	49	0.00937	0.00933	0.5	86354	806	85951	2085069	24.15
1970-1974	50	0.01022	0.01017	0.5	85548	870	85113	1999119	23.37
1970-1974	51	0.01076	0.01071	0.5	84678	907	84225	1914006	22.60
1970-1974	52	0.01199	0.01192	0.5	83771	999	83272	1829781	21.84
1970-1974	53	0.01291	0.01283	0.5	82773	1062	82242	1746509	21.10
1970-1974	54	0.01391	0.01381	0.5	81711	1129	81147	1664267	20.37
1970-1974	55	0.01529	0.01518	0.5	80583	1223	79971	1583120	19.65
1970-1974	56	0.01657	0.01643	0.5	79359	1304	78707	1503149	18.94
1970-1974	57	0.01775	0.01759	0.5	78055	1373	77369	1424442	18.25
1970-1974	58	0.01951	0.01933	0.5	76682	1482	75941	1347073	17.57
1970-1974	59	0.02104	0.02082	0.5	75200	1566	74417	1271132	16.90
1970-1974	60	0.02302	0.02276	0.5	73634	1676	72796	1196715	16.25
1970-1974	61	0.02477	0.02447	0.5	71959	1761	71078	1123918	15.62
1970-1974	62	0.02812	0.02773	0.5	70198	1947	69224	1052840	15.00
1970-1974	63	0.02972	0.02929	0.5	68251	1999	67252	983616	14.41
1970-1974	64	0.03216	0.03165	0.5	66252	2097	65204	916364	13.83
1970-1974	65	0.03417	0.03359	0.5	64156	2155	63078	851160	13.27
1970-1974	66	0.03590	0.03527	0.5	62000	2186	60907	788082	12.71
1970-1974	67	0.03887	0.03813	0.5	59814	2281	58674	727175	12.16
1970-1974	68	0.04181	0.04096	0.5	57533	2356	56355	668502	11.62
1970-1974	69	0.04521	0.04421	0.5	55177	2439	53957	612147	11.09
1970-1974	70	0.04983	0.04862	0.5	52738	2564	51456	558189	10.58
1970-1974	71	0.05276	0.05141	0.5	50174	2579	48884	506733	10.10
1970-1974	72	0.05767	0.05605	0.5	47594	2668	46261	457849	9.62
1970-1974	73	0.06149	0.05966	0.5	44927	2680	43586	411589	9.16
1970-1974	74	0.06776	0.06554	0.5	42246	2769	40862	368002	8.71
1970-1974	75	0.07369	0.07107	0.5	39477	2806	38075	327140	8.29
1970-1974	76	0.07783	0.07492	0.5	36672	2747	35298	289066	7.88
1970-1974	77	0.08407	0.08068	0.5	33925	2737	32556	253768	7.48
1970-1974	78	0.09021	0.08631	0.5	31187	2692	29842	221212	7.09
1970-1974	79	0.09877	0.09412	0.5	28496	2682	27155	191370	6.72
1970-1974	80	0.10651	0.10113	0.5	25814	2610	24508	164215	6.36
1970-1974	81	0.11352	0.10742	0.5	23203	2492	21957	139707	6.02
1970-1974	82	0.12589	0.11843	0.5	20711	2453	19484	117750	5.69
1970-1974	83	0.13300	0.12471	0.5	18258	2277	17119	98266	5.38
1970-1974	84	0.14873	0.13843	0.5	15981	2212	14875	81147	5.08
1970-1974	85	0.15806	0.14648	0.5	13769	2017	12760	66272	4.81
1970-1974	86	0.17393	0.16001	0.5	11752	1880	10811	53512	4.55
1970-1974	87	0.18352	0.16810	0.5	9871	1659	9042	42700	4.33
1970-1974	88	0.19608	0.17857	0.5	8212	1466	7479	33659	4.10
1970-1974	89	0.21148	0.19125	0.5	6746	1290	6100	26180	3.88
1970-1974	90	0.22426	0.20165	0.5	5455	1100	4905	20080	3.68
1970-1974	91	0.23841	0.21302	0.5	4355	928	3891	15174	3.48
1970-1974	92	0.26572	0.23456	0.5	3428	804	3026	11283	3.29
1970-1974	93	0.27135	0.23893	0.5	2624	627	2310	8257	3.15
1970-1974	94	0.30862	0.26737	0.5	1997	534	1730	5947	2.98
1970-1974	95	0.30633	0.26565	0.5	1463	389	1269	4217	2.88
1970-1974	96	0.32499	0.27956	0.5	1074	300	924	2949	2.74
1970-1974	97	0.34422	0.29367	0.5	774	227	660	2025	2.62
1970-1974	98	0.36397	0.30793	0.5	547	168	462	1364	2.50
1970-1974	99	0.38419	0.32228	0.5	378	122	317	902	2.38
1970-1974	100	0.40482	0.33667	0.5	256	86	213	584	2.28
1970-1974	101	0.42579	0.35105	0.5	170	60	140	371	2.18
1970-1974	102	0.44704	0.36537	0.5	110	40	90	231	2.09
1970-1974	103	0.46847	0.37957	0.5	70	27	57	141	2.01
1970-1974	104	0.49003	0.39359	0.5	43	17	35	84	1.93
1970-1974	105	0.51162	0.40740	0.5	26	11	21	49	1.86
1970-1974	106	0.53317	0.42095	0.5	16	7	12	28	1.80
1970-1974	107	0.55459	0.43419	0.5	9	4	7	16	1.74
1970-1974	108	0.57582	0.44710	0.5	5	2	4	9	1.69
1970-1974	109	0.59677	0.45962	0.5	3	1	2	5	1.65
1970-1974	110+	0.61737	1.00000	1.62	2	2	2	2	1.62
1975-1979	0	0.01805	0.01776	0.09	100000	1776	98390	6860704	68.61
1975-1979	1	0.00134	0.00134	0.5	98224	131	98158	6762314	68.85
1975-1979	2	0.00089	0.00089	0.5	98093	87	98049	6664155	67.94
1975-1979	3	0.00067	0.00067	0.5	98006	65	97973	6566106	67.00
1975-1979	4	0.00054	0.00054	0.5	97941	53	97914	6468133	66.04
1975-1979	5	0.00052	0.00052	0.5	97888	51	97862	6370218	65.08
1975-1979	6	0.00049	0.00049	0.5	97837	48	97813	6272356	64.11
1975-1979	7	0.00043	0.00043	0.5	97789	42	97768	6174543	63.14
1975-1979	8	0.00037	0.00037	0.5	97746	36	97728	6076775	62.17
1975-1979	9	0.00043	0.00043	0.5	97710	42	97689	5979047	61.19
1975-1979	10	0.00037	0.00037	0.5	97668	36	97651	5881358	60.22
1975-1979	11	0.00041	0.00041	0.5	97633	40	97613	5783707	59.24
1975-1979	12	0.00048	0.00048	0.5	97593	46	97570	5686094	58.26
1975-1979	13	0.00054	0.00054	0.5	97547	53	97520	5588524	57.29
1975-1979	14	0.00075	0.00075	0.5	97494	73	97457	5491004	56.32
1975-1979	15	0.00097	0.00097	0.5	97420	94	97373	5393547	55.36
1975-1979	16	0.00130	0.00130	0.5	97326	126	97263	5296174	54.42
1975-1979	17	0.00167	0.00167	0.5	97200	162	97119	5198911	53.49
1975-1979	18	0.00209	0.00208	0.5	97038	202	96937	5101792	52.58
1975-1979	19	0.00229	0.00229	0.5	96836	222	96725	5004856	51.68
1975-1979	20	0.00217	0.00217	0.5	96614	210	96509	4908131	50.80
1975-1979	21	0.00221	0.00221	0.5	96404	213	96298	4811622	49.91
1975-1979	22	0.00221	0.00220	0.5	96191	212	96085	4715324	49.02
1975-1979	23	0.00220	0.00220	0.5	95980	211	95874	4619238	48.13
1975-1979	24	0.00224	0.00224	0.5	95769	214	95661	4523364	47.23
1975-1979	25	0.00225	0.00225	0.5	95554	215	95447	4427703	46.34
1975-1979	26	0.00212	0.00212	0.5	95340	202	95239	4332256	45.44
1975-1979	27	0.00221	0.00220	0.5	95138	210	95033	4237017	44.54
1975-1979	28	0.00206	0.00206	0.5	94928	195	94830	4141984	43.63
1975-1979	29	0.00206	0.00206	0.5	94733	195	94635	4047154	42.72
1975-1979	30	0.00206	0.00206	0.5	94538	195	94440	3952519	41.81
1975-1979	31	0.00205	0.00205	0.5	94343	193	94246	3858078	40.89
1975-1979	32	0.00225	0.00225	0.5	94150	212	94044	3763832	39.98
1975-1979	33	0.00224	0.00224	0.5	93938	210	93833	3669788	39.07
1975-1979	34	0.00245	0.00244	0.5	93728	229	93613	3575955	38.15
1975-1979	35	0.00246	0.00246	0.5	93499	230	93384	3482342	37.24
1975-1979	36	0.00270	0.00270	0.5	93269	251	93143	3388958	36.34
1975-1979	37	0.00285	0.00285	0.5	93018	265	92885	3295815	35.43
1975-1979	38	0.00309	0.00308	0.5	92753	286	92610	3202929	34.53
1975-1979	39	0.00336	0.00335	0.5	92467	310	92312	3110319	33.64
1975-1979	40	0.00372	0.00371	0.5	92157	342	91986	3018007	32.75
1975-1979	41	0.00377	0.00376	0.5	91815	346	91642	2926021	31.87
1975-1979	42	0.00441	0.00440	0.5	91469	402	91268	2834379	30.99
1975-1979	43	0.00461	0.00460	0.5	91067	419	90857	2743111	30.12
1975-1979	44	0.00499	0.00498	0.5	90648	451	90422	2652253	29.26
1975-1979	45	0.00544	0.00542	0.5	90197	489	89952	2561831	28.40
1975-1979	46	0.00634	0.00632	0.5	89708	567	89424	2471879	27.55
1975-1979	47	0.00667	0.00665	0.5	89141	592	88845	2382454	26.73
1975-1979	48	0.00751	0.00749	0.5	88549	663	88217	2293610	25.90
1975-1979	49	0.00832	0.00828	0.5	87886	728	87522	2205393	25.09
1975-1979	50	0.00919	0.00915	0.5	87158	797	86759	2117871	24.30
1975-1979	51	0.00989	0.00984	0.5	86361	850	85936	2031112	23.52
1975-1979	52	0.01066	0.01060	0.5	85511	907	85057	1945176	22.75
1975-1979	53	0.01150	0.01143	0.5	84604	967	84120	1860119	21.99
1975-1979	54	0.01272	0.01264	0.5	83637	1057	83108	1775999	21.23
1975-1979	55	0.01388	0.01378	0.5	82579	1138	82010	1692891	20.50
1975-1979	56	0.01460	0.01449	0.5	81441	1180	80851	1610881	19.78
1975-1979	57	0.01627	0.01614	0.5	80261	1295	79613	1530029	19.06
1975-1979	58	0.01749	0.01734	0.5	78966	1369	78281	1450416	18.37
1975-1979	59	0.01896	0.01878	0.5	77597	1458	76868	1372135	17.68
1975-1979	60	0.02058	0.02037	0.5	76139	1551	75363	1295267	17.01
1975-1979	61	0.02219	0.02194	0.5	74588	1637	73770	1219904	16.36
1975-1979	62	0.02437	0.02408	0.5	72951	1756	72073	1146134	15.71
1975-1979	63	0.02702	0.02666	0.5	71195	1898	70246	1074061	15.09
1975-1979	64	0.02859	0.02818	0.5	69297	1953	68320	1003815	14.49
1975-1979	65	0.03079	0.03032	0.5	67344	2042	66323	935495	13.89
1975-1979	66	0.03303	0.03249	0.5	65302	2122	64241	869172	13.31
1975-1979	67	0.03565	0.03503	0.5	63180	2213	62074	804931	12.74
1975-1979	68	0.03926	0.03850	0.5	60967	2347	59793	742857	12.18
1975-1979	69	0.04184	0.04098	0.5	58620	2402	57418	683064	11.65
1975-1979	70	0.04559	0.04457	0.5	56217	2506	54964	625646	11.13
1975-1979	71	0.04766	0.04655	0.5	53712	2500	52461	570681	10.62
1975-1979	72	0.05324	0.05186	0.5	51211	2656	49883	518220	10.12
1975-1979	73	0.05524	0.05375	0.5	48555	2610	47250	468336	9.65
1975-1979	74	0.06083	0.05903	0.5	45945	2712	44589	421086	9.16
1975-1979	75	0.06677	0.06461	0.5	43233	2793	41836	376497	8.71
1975-1979	76	0.07014	0.06777	0.5	40440	2740	39069	334661	8.28
1975-1979	77	0.07655	0.07373	0.5	37699	2780	36309	295591	7.84
1975-1979	78	0.08373	0.08036	0.5	34920	2806	33516	259282	7.43
1975-1979	79	0.08896	0.08517	0.5	32113	2735	30746	225765	7.03
1975-1979	80	0.10031	0.09552	0.5	29378	2806	27975	195020	6.64
1975-1979	81	0.10859	0.10300	0.5	26572	2737	25204	167044	6.29
1975-1979	82	0.11609	0.10972	0.5	23835	2615	22528	141841	5.95
1975-1979	83	0.13091	0.12286	0.5	21220	2607	19916	119313	5.62
1975-1979	84	0.13898	0.12995	0.5	18613	2419	17404	99397	5.34
1975-1979	85	0.14765	0.13750	0.5	16194	2227	15081	81993	5.06
1975-1979	86	0.16246	0.15025	0.5	13967	2099	12918	66912	4.79
1975-1979	87	0.17223	0.15857	0.5	11869	1882	10928	53994	4.55
1975-1979	88	0.18211	0.16692	0.5	9987	1667	9153	43066	4.31
1975-1979	89	0.20008	0.18188	0.5	8320	1513	7563	33913	4.08
1975-1979	90	0.21062	0.19055	0.5	6807	1297	6158	26350	3.87
1975-1979	91	0.23004	0.20631	0.5	5510	1137	4941	20192	3.66
1975-1979	92	0.24422	0.21764	0.5	4373	952	3897	15251	3.49
1975-1979	93	0.26378	0.23304	0.5	3421	797	3023	11354	3.32
1975-1979	94	0.27160	0.23913	0.5	2624	627	2310	8331	3.18
1975-1979	95	0.29033	0.25353	0.5	1996	506	1743	6021	3.02
1975-1979	96	0.30828	0.26711	0.5	1490	398	1291	4278	2.87
1975-1979	97	0.32682	0.28092	0.5	1092	307	939	2986	2.73
1975-1979	98	0.34592	0.29491	0.5	785	232	670	2048	2.61
1975-1979	99	0.36553	0.30905	0.5	554	171	468	1378	2.49
1975-1979	100	0.38560	0.32327	0.5	383	124	321	910	2.38
1975-1979	101	0.40606	0.33753	0.5	259	87	215	589	2.27
1975-1979	102	0.42686	0.35178	0.5	172	60	141	374	2.18
1975-1979	103	0.44792	0.36596	0.5	111	41	91	232	2.09
1975-1979	104	0.46916	0.38002	0.5	71	27	57	142	2.01
1975-1979	105	0.49052	0.39391	0.5	44	17	35	84	1.93
1975-1979	106	0.51191	0.40759	0.5	26	11	21	49	1.86
1975-1979	107	0.53326	0.42101	0.5	16	7	12	28	1.80
1975-1979	108	0.55449	0.43413	0.5	9	4	7	16	1.75
1975-1979	109	0.57552	0.44692	0.5	5	2	4	9	1.70
1975-1979	110+	0.59628	1.00000	1.68	3	3	5	5	1.68
1980-1984	0	0.01322	0.01306	0.08	100000	1306	98799	6983335	69.83
1980-1984	1	0.00113	0.00113	0.5	98694	112	98638	6884536	69.76
1980-1984	2	0.00078	0.00078	0.5	98582	77	98544	6785898	68.83
1980-1984	3	0.00061	0.00061	0.5	98506	60	98476	6687354	67.89
1980-1984	4	0.00051	0.00051	0.5	98446	50	98421	6588878	66.93
1980-1984	5	0.00041	0.00041	0.5	98396	40	98376	6490457	65.96
1980-1984	6	0.00037	0.00037	0.5	98356	37	98337	6392081	64.99
1980-1984	7	0.00040	0.00040	0.5	98319	39	98299	6293744	64.01
1980-1984	8	0.00036	0.00036	0.5	98280	35	98262	6195445	63.04
1980-1984	9	0.00032	0.00032	0.5	98244	31	98229	6097183	62.06
1980-1984	10	0.00034	0.00034	0.5	98213	33	98196	5998954	61.08
1980-1984	11	0.00035	0.00035	0.5	98180	34	98162	5900758	60.10
1980-1984	12	0.00039	0.00039	0.5	98145	39	98126	5802595	59.12
1980-1984	13	0.00047	0.00047	0.5	98107	46	98084	5704469	58.15
1980-1984	14	0.00056	0.00056	0.5	98061	55	98034	5606385	57.17
1980-1984	15	0.00076	0.00076	0.5	98006	74	97969	5508352	56.20
1980-1984	16	0.00114	0.00114	0.5	97932	112	97876	5410383	55.25
1980-1984	17	0.00156	0.00156	0.5	97820	152	97744	5312507	54.31
1980-1984	18	0.00203	0.00203	0.5	97668	198	97569	5214763	53.39
1980-1984	19	0.00214	0.00214	0.5	97469	209	97365	5117195	52.50
1980-1984	20	0.00217	0.00217	0.5	97261	211	97155	5019830	51.61
1980-1984	21	0.00229	0.00229	0.5	97050	222	96939	4922675	50.72
1980-1984	22	0.00229	0.00229	0.5	96828	222	96717	4825736	49.84
1980-1984	23	0.00233	0.00233	0.5	96606	225	96494	4729019	48.95
1980-1984	24	0.00220	0.00219	0.5	96381	211	96276	4632525	48.06
1980-1984	25	0.00224	0.00224	0.5	96170	215	96062	4536250	47.17
1980-1984	26	0.00213	0.00213	0.5	95954	204	95852	4440188	46.27
1980-1984	27	0.00220	0.00220	0.5	95750	211	95645	4344335	45.37
1980-1984	28	0.00224	0.00224	0.5	95540	214	95433	4248690	44.47
1980-1984	29	0.00211	0.00211	0.5	95326	201	95225	4153258	43.57
1980-1984	30	0.00221	0.00221	0.5	95125	210	95020	4058032	42.66
1980-1984	31	0.00223	0.00222	0.5	94915	211	94809	3963013	41.75
1980-1984	32	0.00226	0.00226	0.5	94704	214	94597	3868203	40.85
1980-1984	33	0.00220	0.00220	0.5	94489	208	94386	3773607	39.94
1980-1984	34	0.00233	0.00233	0.5	94282	219	94172	3679221	39.02
1980-1984	35	0.00240	0.00240	0.5	94062	225	93950	3585049	38.11
1980-1984	36	0.00245	0.00245	0.5	93837	230	93722	3491100	37.20
1980-1984	37	0.00254	0.00254	0.5	93607	237	93488	3397378	36.29
1980-1984	38	0.00279	0.00279	0.5	93370	260	93239	3303890	35.39
1980-1984	39	0.00298	0.00298	0.5	93109	277	92971	3210650	34.48
1980-1984	40	0.00322	0.00321	0.5	92832	298	92683	3117680	33.58
1980-1984	41	0.00342	0.00342	0.5	92534	316	92376	3024997	32.69
1980-1984	42	0.00378	0.00377	0.5	92218	348	92044	2932622	31.80
1980-1984	43	0.00418	0.00417	0.5	91870	383	91678	2840578	30.92
1980-1984	44	0.00452	0.00451	0.5	91486	412	91280	2748900	30.05
1980-1984	45	0.00484	0.00482	0.5	91074	439	90854	2657620	29.18
1980-1984	46	0.00532	0.00531	0.5	90634	481	90394	2566766	28.32
1980-1984	47	0.00583	0.00581	0.5	90153	524	89891	2476372	27.47
1980-1984	48	0.00665	0.00662	0.5	89629	594	89333	2386481	26.63
1980-1984	49	0.00682	0.00680	0.5	89036	606	88733	2297148	25.80
1980-1984	50	0.00782	0.00779	0.5	88430	689	88086	2208415	24.97
1980-1984	51	0.00849	0.00845	0.5	87741	742	87370	2120330	24.17
1980-1984	52	0.00964	0.00959	0.5	87000	835	86582	2032959	23.37
1980-1984	53	0.01029	0.01024	0.5	86165	882	85724	1946377	22.59
1980-1984	54	0.01121	0.01115	0.5	85283	951	84807	1860653	21.82
1980-1984	55	0.01223	0.01216	0.5	84332	1025	83819	1775845	21.06
1980-1984	56	0.01343	0.01334	0.5	83307	1112	82751	1692026	20.31
1980-1984	57	0.01434	0.01424	0.5	82195	1170	81610	1609275	19.58
1980-1984	58	0.01658	0.01644	0.5	81025	1332	80359	1527666	18.85
1980-1984	59	0.01749	0.01734	0.5	79693	1382	79002	1447307	18.16
1980-1984	60	0.01878	0.01861	0.5	78311	1457	77582	1368305	17.47
1980-1984	61	0.01972	0.01953	0.5	76853	1501	76103	1290724	16.79
1980-1984	62	0.02238	0.02213	0.5	75352	1668	74518	1214621	16.12
1980-1984	63	0.02385	0.02357	0.5	73685	1737	72816	1140102	15.47
1980-1984	64	0.02552	0.02520	0.5	71948	1813	71041	1067286	14.83
1980-1984	65	0.02896	0.02855	0.5	70135	2002	69134	996245	14.20
1980-1984	66	0.03074	0.03028	0.5	68133	2063	67102	927111	13.61
1980-1984	67	0.03294	0.03240	0.5	66070	2141	65000	860009	13.02
1980-1984	68	0.03681	0.03615	0.5	63929	2311	62774	795009	12.44
1980-1984	69	0.03938	0.03862	0.5	61619	2380	60429	732236	11.88
1980-1984	70	0.04351	0.04258	0.5	59239	2523	57978	671807	11.34
1980-1984	71	0.04638	0.04533	0.5	56716	2571	55431	613829	10.82
1980-1984	72	0.05036	0.04912	0.5	54145	2660	52815	558398	10.31
1980-1984	73	0.05629	0.05475	0.5	51486	2819	50076	505583	9.82
1980-1984	74	0.05820	0.05656	0.5	48667	2752	47291	455507	9.36
1980-1984	75	0.06274	0.06084	0.5	45914	2793	44518	408216	8.89
1980-1984	76	0.06925	0.06693	0.5	43121	2886	41678	363699	8.43
1980-1984	77	0.07399	0.07135	0.5	40235	2871	38800	322021	8.00
1980-1984	78	0.07942	0.07639	0.5	37364	2854	35937	283221	7.58
1980-1984	79	0.08495	0.08149	0.5	34510	2812	33104	247284	7.17
1980-1984	80	0.09765	0.09311	0.5	31698	2951	30222	214180	6.76
1980-1984	81	0.10632	0.10096	0.5	28746	2902	27295	183958	6.40
1980-1984	82	0.11397	0.10782	0.5	25844	2787	24451	156662	6.06
1980-1984	83	0.12482	0.11749	0.5	23058	2709	21703	132211	5.73
1980-1984	84	0.13276	0.12449	0.5	20349	2533	19082	110508	5.43
1980-1984	85	0.14532	0.13548	0.5	17815	2414	16609	91426	5.13
1980-1984	86	0.15683	0.14543	0.5	15402	2240	14282	74817	4.86
1980-1984	87	0.17004	0.15672	0.5	13162	2063	12131	60536	4.60
1980-1984	88	0.17924	0.16450	0.5	11099	1826	10186	48405	4.36
1980-1984	89	0.19462	0.17736	0.5	9273	1645	8451	38219	4.12
1980-1984	90	0.20910	0.18931	0.5	7629	1444	6907	29768	3.90
1980-1984	91	0.22501	0.20226	0.5	6185	1251	5559	22861	3.70
1980-1984	92	0.23508	0.21035	0.5	4934	1038	4415	17302	3.51
1980-1984	93	0.26296	0.23240	0.5	3896	905	3443	12887	3.31
1980-1984	94	0.27321	0.24037	0.5	2990	719	2631	9444	3.16
1980-1984	95	0.29103	0.25406	0.5	2272	577	1983	6813	3.00
1980-1984	96	0.30964	0.26813	0.5	1695	454	1467	4830	2.85
1980-1984	97	0.32890	0.28245	0.5	1240	350	1065	3363	2.71
1980-1984	98	0.34874	0.29696	0.5	890	264	758	2298	2.58
1980-1984	99	0.36913	0.31161	0.5	626	195	528	1540	2.46
1980-1984	100	0.38999	0.32635	0.5	431	141	360	1012	2.35
1980-1984	101	0.41126	0.34112	0.5	290	99	241	651	2.24
1980-1984	102	0.43287	0.35585	0.5	191	68	157	411	2.15
1980-1984	103	0.45474	0.37050	0.5	123	46	100	253	2.06
1980-1984	104	0.47678	0.38500	0.5	78	30	63	153	1.98
1980-1984	105	0.49892	0.39931	0.5	48	19	38	91	1.90
1980-1984	106	0.52106	0.41336	0.5	29	12	23	52	1.83
1980-1984	107	0.54311	0.42712	0.5	17	7	13	30	1.77
1980-1984	108	0.56500	0.44055	0.5	10	4	8	17	1.72
1980-1984	109	0.58664	0.45359	0.5	5	2	4	9	1.67
1980-1984	110+	0.60795	1.00000	1.64	3	3	5	5	1.64
1985-1989	0	0.01127	0.01115	0.08	100000	1115	98969	7071470	70.71
1985-1989	1	0.00096	0.00096	0.5	98885	95	98837	6972502	70.51
1985-1989	2	0.00066	0.00066	0.5	98790	65	98757	6873665	69.58
1985-1989	3	0.00052	0.00052	0.5	98725	52	98699	6774907	68.62
1985-1989	4	0.00043	0.00043	0.5	98673	42	98652	6676208	67.66
1985-1989	5	0.00033	0.00033	0.5	98631	33	98614	6577557	66.69
1985-1989	6	0.00034	0.00034	0.5	98598	33	98581	6478942	65.71
1985-1989	7	0.00029	0.00029	0.5	98565	28	98550	6380361	64.73
1985-1989	8	0.00031	0.00031	0.5	98536	30	98521	6281811	63.75
1985-1989	9	0.00030	0.00030	0.5	98506	29	98491	6183290	62.77
1985-1989	10	0.00029	0.00029	0.5	98476	29	98462	6084798	61.79
1985-1989	11	0.00034	0.00034	0.5	98447	33	98431	5986337	60.81
1985-1989	12	0.00036	0.00036	0.5	98414	36	98396	5887906	59.83
1985-1989	13	0.00042	0.00042	0.5	98378	42	98358	5789510	58.85
1985-1989	14	0.00056	0.00056	0.5	98337	55	98309	5691152	57.87
1985-1989	15	0.00075	0.00075	0.5	98282	74	98245	5592843	56.91
1985-1989	16	0.00109	0.00109	0.5	98208	107	98155	5494598	55.95
1985-1989	17	0.00135	0.00135	0.5	98101	132	98035	5396443	55.01
1985-1989	18	0.00182	0.00181	0.5	97969	178	97881	5298407	54.08
1985-1989	19	0.00175	0.00175	0.5	97792	171	97706	5200527	53.18
1985-1989	20	0.00189	0.00188	0.5	97620	184	97528	5102821	52.27
1985-1989	21	0.00198	0.00198	0.5	97436	193	97340	5005292	51.37
1985-1989	22	0.00197	0.00197	0.5	97243	191	97148	4907952	50.47
1985-1989	23	0.00196	0.00195	0.5	97052	190	96957	4810805	49.57
1985-1989	24	0.00204	0.00203	0.5	96862	197	96764	4713848	48.67
1985-1989	25	0.00198	0.00197	0.5	96665	191	96570	4617084	47.76
1985-1989	26	0.00207	0.00207	0.5	96475	199	96375	4520514	46.86
1985-1989	27	0.00201	0.00201	0.5	96275	193	96179	4424139	45.95
1985-1989	28	0.00216	0.00216	0.5	96082	208	95978	4327960	45.04
1985-1989	29	0.00199	0.00199	0.5	95875	190	95779	4231982	44.14
1985-1989	30	0.00215	0.00215	0.5	95684	206	95581	4136203	43.23
1985-1989	31	0.00215	0.00214	0.5	95479	205	95376	4040621	42.32
1985-1989	32	0.00228	0.00228	0.5	95274	217	95165	3945245	41.41
1985-1989	33	0.00252	0.00252	0.5	95057	239	94937	3850080	40.50
1985-1989	34	0.00232	0.00232	0.5	94818	220	94708	3755142	39.60
1985-1989	35	0.00249	0.00248	0.5	94598	235	94480	3660434	38.69
1985-1989	36	0.00254	0.00253	0.5	94363	239	94243	3565954	37.79
1985-1989	37	0.00268	0.00268	0.5	94124	252	93998	3471711	36.88
1985-1989	38	0.00295	0.00294	0.5	93872	276	93733	3377713	35.98
1985-1989	39	0.00285	0.00284	0.5	93595	266	93462	3283980	35.09
1985-1989	40	0.00303	0.00303	0.5	93329	282	93188	3190517	34.19
1985-1989	41	0.00320	0.00319	0.5	93047	297	92898	3097330	33.29
1985-1989	42	0.00358	0.00357	0.5	92750	331	92584	3004431	32.39
1985-1989	43	0.00391	0.00390	0.5	92418	360	92238	2911847	31.51
1985-1989	44	0.00403	0.00403	0.5	92058	371	91873	2819609	30.63
1985-1989	45	0.00458	0.00457	0.5	91687	419	91478	2727736	29.75
1985-1989	46	0.00480	0.00479	0.5	91268	437	91050	2636259	28.88
1985-1989	47	0.00503	0.00502	0.5	90831	456	90603	2545209	28.02
1985-1989	48	0.00578	0.00576	0.5	90375	521	90115	2454605	27.16
1985-1989	49	0.00615	0.00613	0.5	89855	551	89579	2364490	26.31
1985-1989	50	0.00687	0.00684	0.5	89304	611	88998	2274911	25.47
1985-1989	51	0.00773	0.00770	0.5	88693	683	88351	2185913	24.65
1985-1989	52	0.00856	0.00852	0.5	88009	750	87634	2097562	23.83
1985-1989	53	0.00936	0.00931	0.5	87259	813	86853	2009927	23.03
1985-1989	54	0.00984	0.00980	0.5	86447	847	86023	1923074	22.25
1985-1989	55	0.01133	0.01127	0.5	85600	964	85118	1837051	21.46
1985-1989	56	0.01220	0.01213	0.5	84635	1026	84122	1751934	20.70
1985-1989	57	0.01321	0.01313	0.5	83609	1097	83060	1667811	19.95
1985-1989	58	0.01541	0.01530	0.5	82512	1262	81881	1584751	19.21
1985-1989	59	0.01583	0.01571	0.5	81250	1276	80611	1502870	18.50
1985-1989	60	0.01799	0.01783	0.5	79973	1426	79260	1422259	17.78
1985-1989	61	0.01951	0.01932	0.5	78547	1517	77789	1342998	17.10
1985-1989	62	0.02103	0.02081	0.5	77030	1603	76229	1265210	16.42
1985-1989	63	0.02231	0.02206	0.5	75427	1664	74595	1188981	15.76
1985-1989	64	0.02450	0.02420	0.5	73763	1785	72870	1114386	15.11
1985-1989	65	0.02761	0.02723	0.5	71978	1960	70998	1041516	14.47
1985-1989	66	0.02924	0.02882	0.5	70018	2018	69009	970518	13.86
1985-1989	67	0.03114	0.03067	0.5	68000	2085	66957	901510	13.26
1985-1989	68	0.03457	0.03398	0.5	65914	2240	64794	834553	12.66
1985-1989	69	0.03696	0.03629	0.5	63675	2311	62519	769758	12.09
1985-1989	70	0.04003	0.03924	0.5	61364	2408	60160	707239	11.53
1985-1989	71	0.04404	0.04309	0.5	58956	2540	57685	647079	10.98
1985-1989	72	0.04946	0.04826	0.5	56415	2723	55054	589394	10.45
1985-1989	73	0.05260	0.05125	0.5	53693	2752	52317	534340	9.95
1985-1989	74	0.05656	0.05500	0.5	50941	2802	49540	482024	9.46
1985-1989	75	0.06172	0.05987	0.5	48139	2882	46698	432484	8.98
1985-1989	76	0.06656	0.06442	0.5	45257	2915	43799	385786	8.52
1985-1989	77	0.07186	0.06937	0.5	42341	2937	40873	341987	8.08
1985-1989	78	0.07921	0.07619	0.5	39404	3002	37903	301114	7.64
1985-1989	79	0.08478	0.08134	0.5	36402	2961	34922	263211	7.23
1985-1989	80	0.09366	0.08947	0.5	33441	2992	31945	228290	6.83
1985-1989	81	0.10172	0.09679	0.5	30449	2947	28976	196344	6.45
1985-1989	82	0.11156	0.10566	0.5	27502	2906	26049	167369	6.09
1985-1989	83	0.12309	0.11596	0.5	24596	2852	23170	141320	5.75
1985-1989	84	0.13119	0.12312	0.5	21744	2677	20405	118150	5.43
1985-1989	85	0.14312	0.13356	0.5	19067	2547	17794	97744	5.13
1985-1989	86	0.15368	0.14271	0.5	16520	2358	15342	79950	4.84
1985-1989	87	0.16933	0.15611	0.5	14163	2211	13057	64609	4.56
1985-1989	88	0.18435	0.16879	0.5	11952	2017	10943	51552	4.31
1985-1989	89	0.19234	0.17547	0.5	9934	1743	9063	40609	4.09
1985-1989	90	0.20653	0.18720	0.5	8191	1533	7424	31546	3.85
1985-1989	91	0.22349	0.20103	0.5	6658	1338	5989	24122	3.62
1985-1989	92	0.25170	0.22357	0.5	5319	1189	4725	18133	3.41
1985-1989	93	0.26445	0.23357	0.5	4130	965	3648	13408	3.25
1985-1989	94	0.27990	0.24554	0.5	3165	777	2777	9760	3.08
1985-1989	95	0.29807	0.25941	0.5	2388	620	2078	6983	2.92
1985-1989	96	0.31804	0.27440	0.5	1769	485	1526	4905	2.77
1985-1989	97	0.33869	0.28964	0.5	1283	372	1098	3379	2.63
1985-1989	98	0.35998	0.30507	0.5	912	278	773	2281	2.50
1985-1989	99	0.38183	0.32062	0.5	634	203	532	1509	2.38
1985-1989	100	0.40417	0.33622	0.5	430	145	358	977	2.27
1985-1989	101	0.42691	0.35182	0.5	286	101	235	619	2.17
1985-1989	102	0.44997	0.36733	0.5	185	68	151	383	2.07
1985-1989	103	0.47325	0.38269	0.5	117	45	95	232	1.98
1985-1989	104	0.49664	0.39785	0.5	72	29	58	137	1.90
1985-1989	105	0.52005	0.41273	0.5	44	18	35	80	1.83
1985-1989	106	0.54336	0.42728	0.5	26	11	20	45	1.76
1985-1989	107	0.56650	0.44145	0.5	15	6	11	25	1.70
1985-1989	108	0.58934	0.45520	0.5	8	4	6	13	1.65
1985-1989	109	0.61181	0.46849	0.5	4	2	3	7	1.60
1985-1989	110+	0.63381	1.00000	1.58	2	2	4	4	1.58
1990-1994	0	0.00965	0.00957	0.07	100000	957	99111	7124405	71.24
1990-1994	1	0.00087	0.00087	0.5	99043	86	99000	7025294	70.93
1990-1994	2	0.00060	0.00060	0.5	98957	59	98928	6926294	69.99
1990-1994	3	0.00047	0.00047	0.5	98898	46	98875	6827366	69.03
1990-1994	4	0.00034	0.00034	0.5	98852	34	98835	6728491	68.07
1990-1994	5	0.00032	0.00032	0.5	98818	31	98802	6629656	67.09
1990-1994	6	0.00030	0.00030	0.5	98786	29	98772	6530854	66.11
1990-1994	7	0.00026	0.00026	0.5	98757	25	98745	6432083	65.13
1990-1994	8	0.00029	0.00029	0.5	98732	29	98718	6333338	64.15
1990-1994	9	0.00024	0.00024	0.5	98703	23	98692	6234621	63.17
1990-1994	10	0.00024	0.00024	0.5	98680	24	98668	6135929	62.18
1990-1994	11	0.00025	0.00025	0.5	98656	25	98644	6037261	61.19
1990-1994	12	0.00030	0.00030	0.5	98632	29	98617	5938617	60.21
1990-1994	13	0.00043	0.00043	0.5	98602	43	98581	5840000	59.23
1990-1994	14	0.00057	0.00057	0.5	98560	56	98532	5741419	58.25
1990-1994	15	0.00086	0.00086	0.5	98504	84	98461	5642887	57.29
1990-1994	16	0.00126	0.00126	0.5	98419	124	98357	5544426	56.33
1990-1994	17	0.00156	0.00156	0.5	98295	154	98219	5446068	55.41
1990-1994	18	0.00185	0.00184	0.5	98142	181	98051	5347850	54.49
1990-1994	19	0.00192	0.00191	0.5	97961	187	97867	5249798	53.59
1990-1994	20	0.00189	0.00189	0.5	97773	185	97681	5151931	52.69
1990-1994	21	0.00211	0.00211	0.5	97589	206	97486	5054250	51.79
1990-1994	22	0.00200	0.00200	0.5	97383	195	97286	4956765	50.90
1990-1994	23	0.00193	0.00193	0.5	97188	188	97094	4859479	50.00
1990-1994	24	0.00193	0.00193	0.5	97001	187	96907	4762385	49.10
1990-1994	25	0.00195	0.00195	0.5	96814	189	96719	4665477	48.19
1990-1994	26	0.00197	0.00197	0.5	96625	191	96530	4568758	47.28
1990-1994	27	0.00212	0.00212	0.5	96434	205	96332	4472229	46.38
1990-1994	28	0.00223	0.00223	0.5	96230	214	96122	4375897	45.47
1990-1994	29	0.00225	0.00224	0.5	96015	215	95908	4279774	44.57
1990-1994	30	0.00237	0.00237	0.5	95800	227	95687	4183867	43.67
1990-1994	31	0.00240	0.00239	0.5	95573	229	95459	4088180	42.78
1990-1994	32	0.00254	0.00253	0.5	95344	242	95224	3992721	41.88
1990-1994	33	0.00263	0.00263	0.5	95103	250	94978	3897498	40.98
1990-1994	34	0.00256	0.00255	0.5	94853	242	94732	3802520	40.09
1990-1994	35	0.00273	0.00273	0.5	94611	258	94482	3707788	39.19
1990-1994	36	0.00299	0.00299	0.5	94353	282	94212	3613306	38.30
1990-1994	37	0.00298	0.00298	0.5	94071	280	93931	3519095	37.41
1990-1994	38	0.00328	0.00327	0.5	93791	307	93637	3425164	36.52
1990-1994	39	0.00322	0.00321	0.5	93484	300	93334	3331527	35.64
1990-1994	40	0.00334	0.00334	0.5	93184	311	93028	3238193	34.75
1990-1994	41	0.00360	0.00359	0.5	92873	334	92706	3145165	33.87
1990-1994	42	0.00371	0.00370	0.5	92539	342	92368	3052459	32.99
1990-1994	43	0.00395	0.00395	0.5	92197	364	92015	2960091	32.11
1990-1994	44	0.00399	0.00398	0.5	91833	366	91650	2868076	31.23
1990-1994	45	0.00442	0.00441	0.5	91467	403	91266	2776426	30.35
1990-1994	46	0.00490	0.00489	0.5	91064	445	90842	2685160	29.49
1990-1994	47	0.00525	0.00523	0.5	90619	474	90382	2594319	28.63
1990-1994	48	0.00576	0.00574	0.5	90145	517	89886	2503937	27.78
1990-1994	49	0.00593	0.00591	0.5	89627	530	89363	2414051	26.93
1990-1994	50	0.00656	0.00654	0.5	89098	583	88806	2324688	26.09
1990-1994	51	0.00733	0.00730	0.5	88515	647	88191	2235882	25.26
1990-1994	52	0.00807	0.00803	0.5	87868	706	87515	2147690	24.44
1990-1994	53	0.00864	0.00860	0.5	87162	750	86788	2060175	23.64
1990-1994	54	0.00918	0.00914	0.5	86413	790	86018	1973387	22.84
1990-1994	55	0.01053	0.01048	0.5	85623	897	85174	1887369	22.04
1990-1994	56	0.01161	0.01155	0.5	84726	978	84237	1802195	21.27
1990-1994	57	0.01239	0.01231	0.5	83748	1031	83232	1717958	20.51
1990-1994	58	0.01437	0.01427	0.5	82717	1180	82127	1634726	19.76
1990-1994	59	0.01476	0.01465	0.5	81536	1195	80939	1552600	19.04
1990-1994	60	0.01693	0.01679	0.5	80342	1349	79667	1471661	18.32
1990-1994	61	0.01850	0.01833	0.5	78993	1448	78269	1391993	17.62
1990-1994	62	0.01981	0.01962	0.5	77545	1521	76785	1313724	16.94
1990-1994	63	0.02125	0.02102	0.5	76024	1598	75225	1236940	16.27
1990-1994	64	0.02361	0.02333	0.5	74426	1736	73557	1161715	15.61
1990-1994	65	0.02528	0.02496	0.5	72689	1815	71782	1088158	14.97
1990-1994	66	0.02742	0.02705	0.5	70875	1917	69916	1016376	14.34
1990-1994	67	0.02929	0.02887	0.5	68957	1991	67962	946460	13.73
1990-1994	68	0.03195	0.03144	0.5	66967	2106	65914	878498	13.12
1990-1994	69	0.03487	0.03427	0.5	64861	2223	63749	812584	12.53
1990-1994	70	0.03630	0.03566	0.5	62638	2233	61521	748835	11.95
1990-1994	71	0.04096	0.04014	0.5	60405	2424	59192	687313	11.38
1990-1994	72	0.04501	0.04402	0.5	57980	2552	56704	628121	10.83
1990-1994	73	0.04930	0.04811	0.5	55428	2667	54095	571417	10.31
1990-1994	74	0.05229	0.05096	0.5	52761	2689	51417	517323	9.80
1990-1994	75	0.05589	0.05437	0.5	50072	2723	48711	465906	9.30
1990-1994	76	0.05987	0.05813	0.5	47350	2752	45974	417194	8.81
1990-1994	77	0.06646	0.06432	0.5	44597	2869	43163	371221	8.32
1990-1994	78	0.07241	0.06988	0.5	41729	2916	40271	328058	7.86
1990-1994	79	0.07985	0.07679	0.5	38813	2980	37323	287787	7.41
1990-1994	80	0.09084	0.08690	0.5	35833	3114	34276	250464	6.99
1990-1994	81	0.09819	0.09360	0.5	32719	3062	31188	216188	6.61
1990-1994	82	0.10648	0.10110	0.5	29656	2998	28157	185000	6.24
1990-1994	83	0.11717	0.11068	0.5	26658	2951	25183	156843	5.88
1990-1994	84	0.12837	0.12063	0.5	23708	2860	22278	131660	5.55
1990-1994	85	0.13839	0.12944	0.5	20848	2698	19498	109382	5.25
1990-1994	86	0.14751	0.13737	0.5	18149	2493	16903	89884	4.95
1990-1994	87	0.15998	0.14813	0.5	15656	2319	14496	72981	4.66
1990-1994	88	0.17524	0.16112	0.5	13337	2149	12262	58485	4.39
1990-1994	89	0.18775	0.17164	0.5	11188	1920	10228	46222	4.13
1990-1994	90	0.20477	0.18575	0.5	9268	1721	8407	35995	3.88
1990-1994	91	0.21525	0.19433	0.5	7546	1466	6813	27588	3.66
1990-1994	92	0.24322	0.21685	0.5	6080	1318	5421	20775	3.42
1990-1994	93	0.26330	0.23267	0.5	4761	1108	4207	15354	3.22
1990-1994	94	0.29127	0.25424	0.5	3654	929	3189	11146	3.05
1990-1994	95	0.29717	0.25873	0.5	2725	705	2372	7957	2.92
1990-1994	96	0.31782	0.27424	0.5	2020	554	1743	5585	2.77
1990-1994	97	0.33921	0.29002	0.5	1466	425	1253	3842	2.62
1990-1994	98	0.36128	0.30600	0.5	1041	318	881	2589	2.49
1990-1994	99	0.38395	0.32211	0.5	722	233	606	1708	2.36
1990-1994	100	0.40714	0.33828	0.5	490	166	407	1102	2.25
1990-1994	101	0.43075	0.35441	0.5	324	115	267	695	2.14
1990-1994	102	0.45467	0.37045	0.5	209	77	170	428	2.05
1990-1994	103	0.47881	0.38632	0.5	132	51	106	258	1.96
1990-1994	104	0.50305	0.40195	0.5	81	32	65	152	1.88
1990-1994	105	0.52727	0.41727	0.5	48	20	38	87	1.80
1990-1994	106	0.55137	0.43221	0.5	28	12	22	49	1.73
1990-1994	107	0.57522	0.44674	0.5	16	7	12	27	1.67
1990-1994	108	0.59874	0.46079	0.5	9	4	7	14	1.62
1990-1994	109	0.62180	0.47433	0.5	5	2	4	8	1.58
1990-1994	110+	0.64433	1.00000	1.55	3	3	4	4	1.55
1995-1999	0	0.00817	0.00811	0.07	100000	811	99243	7244768	72.45
1995-1999	1	0.00068	0.00068	0.5	99189	67	99156	7145524	72.04
1995-1999	2	0.00049	0.00049	0.5	99122	49	99098	7046369	71.09
1995-1999	3	0.00040	0.00040	0.5	99073	39	99053	6947271	70.12
1995-1999	4	0.00029	0.00029	0.5	99034	28	99019	6848218	69.15
1995-1999	5	0.00028	0.00028	0.5	99005	28	98992	6749198	68.17
1995-1999	6	0.00023	0.00023	0.5	98978	23	98966	6650207	67.19
1995-1999	7	0.00024	0.00024	0.5	98955	24	98943	6551240	66.20
1995-1999	8	0.00022	0.00022	0.5	98931	21	98921	6452297	65.22
1995-1999	9	0.00024	0.00024	0.5	98910	24	98898	6353377	64.23
1995-1999	10	0.00020	0.00020	0.5	98886	20	98876	6254479	63.25
1995-1999	11	0.00022	0.00022	0.5	98866	22	98855	6155603	62.26
1995-1999	12	0.00028	0.00028	0.5	98844	27	98831	6056748	61.28
1995-1999	13	0.00036	0.00036	0.5	98817	36	98799	5957917	60.29
1995-1999	14	0.00052	0.00052	0.5	98781	51	98755	5859118	59.31
1995-1999	15	0.00067	0.00067	0.5	98730	66	98697	5760363	58.34
1995-1999	16	0.00093	0.00093	0.5	98664	92	98618	5661666	57.38
1995-1999	17	0.00124	0.00124	0.5	98572	122	98511	5563048	56.44
1995-1999	18	0.00157	0.00157	0.5	98450	154	98373	5464537	55.51
1995-1999	19	0.00166	0.00165	0.5	98296	163	98214	5366164	54.59
1995-1999	20	0.00164	0.00164	0.5	98133	161	98052	5267950	53.68
1995-1999	21	0.00168	0.00168	0.5	97972	164	97890	5169897	52.77
1995-1999	22	0.00163	0.00163	0.5	97808	159	97728	5072007	51.86
1995-1999	23	0.00161	0.00161	0.5	97648	157	97570	4974279	50.94
1995-1999	24	0.00147	0.00147	0.5	97491	143	97420	4876710	50.02
1995-1999	25	0.00153	0.00153	0.5	97348	149	97274	4779290	49.09
1995-1999	26	0.00157	0.00157	0.5	97200	152	97123	4682016	48.17
1995-1999	27	0.00161	0.00161	0.5	97047	156	96969	4584892	47.24
1995-1999	28	0.00164	0.00163	0.5	96891	158	96812	4487923	46.32
1995-1999	29	0.00167	0.00167	0.5	96733	162	96652	4391111	45.39
1995-1999	30	0.00174	0.00174	0.5	96571	168	96487	4294459	44.47
1995-1999	31	0.00190	0.00190	0.5	96404	183	96312	4197971	43.55
1995-1999	32	0.00190	0.00190	0.5	96221	183	96129	4101659	42.63
1995-1999	33	0.00209	0.00208	0.5	96038	200	95938	4005530	41.71
1995-1999	34	0.00218	0.00218	0.5	95838	209	95733	3909592	40.79
1995-1999	35	0.00224	0.00223	0.5	95629	214	95522	3813859	39.88
1995-1999	36	0.00242	0.00241	0.5	95415	230	95300	3718337	38.97
1995-1999	37	0.00254	0.00254	0.5	95185	242	95064	3623037	38.06
1995-1999	38	0.00279	0.00278	0.5	94943	264	94811	3527974	37.16
1995-1999	39	0.00289	0.00289	0.5	94679	273	94542	3433163	36.26
1995-1999	40	0.00296	0.00296	0.5	94405	279	94266	3338621	35.36
1995-1999	41	0.00331	0.00330	0.5	94126	311	93971	3244355	34.47
1995-1999	42	0.00351	0.00351	0.5	93816	329	93651	3150384	33.58
1995-1999	43	0.00390	0.00390	0.5	93487	364	93305	3056733	32.70
1995-1999	44	0.00402	0.00401	0.5	93122	374	92936	2963428	31.82
1995-1999	45	0.00416	0.00415	0.5	92749	385	92556	2870493	30.95
1995-1999	46	0.00473	0.00472	0.5	92364	436	92146	2777937	30.08
1995-1999	47	0.00491	0.00490	0.5	91928	450	91703	2685791	29.22
1995-1999	48	0.00555	0.00553	0.5	91477	506	91224	2594088	28.36
1995-1999	49	0.00568	0.00566	0.5	90971	515	90714	2502864	27.51
1995-1999	50	0.00609	0.00607	0.5	90456	549	90182	2412150	26.67
1995-1999	51	0.00678	0.00676	0.5	89907	608	89603	2321968	25.83
1995-1999	52	0.00730	0.00728	0.5	89299	650	88975	2232365	25.00
1995-1999	53	0.00808	0.00805	0.5	88650	714	88293	2143391	24.18
1995-1999	54	0.00875	0.00871	0.5	87936	766	87553	2055098	23.37
1995-1999	55	0.00970	0.00966	0.5	87169	842	86749	1967545	22.57
1995-1999	56	0.01051	0.01045	0.5	86328	902	85876	1880797	21.79
1995-1999	57	0.01162	0.01155	0.5	85425	987	84932	1794920	21.01
1995-1999	58	0.01271	0.01263	0.5	84439	1066	83906	1709988	20.25
1995-1999	59	0.01334	0.01325	0.5	83372	1105	82820	1626083	19.50
1995-1999	60	0.01460	0.01450	0.5	82267	1193	81671	1543263	18.76
1995-1999	61	0.01672	0.01658	0.5	81075	1345	80402	1461592	18.03
1995-1999	62	0.01853	0.01836	0.5	79730	1464	78998	1381189	17.32
1995-1999	63	0.01993	0.01973	0.5	78266	1544	77494	1302191	16.64
1995-1999	64	0.02119	0.02097	0.5	76722	1609	75918	1224697	15.96
1995-1999	65	0.02287	0.02261	0.5	75113	1698	74264	1148779	15.29
1995-1999	66	0.02497	0.02467	0.5	73415	1811	72510	1074515	14.64
1995-1999	67	0.02656	0.02621	0.5	71604	1877	70666	1002005	13.99
1995-1999	68	0.02940	0.02897	0.5	69727	2020	68717	931340	13.36
1995-1999	69	0.03219	0.03168	0.5	67707	2145	66634	862623	12.74
1995-1999	70	0.03535	0.03474	0.5	65562	2277	64423	795988	12.14
1995-1999	71	0.03895	0.03821	0.5	63284	2418	62075	731566	11.56
1995-1999	72	0.04264	0.04175	0.5	60866	2541	59596	669490	11.00
1995-1999	73	0.04570	0.04468	0.5	58325	2606	57022	609895	10.46
1995-1999	74	0.04854	0.04739	0.5	55719	2640	54399	552872	9.92
1995-1999	75	0.05415	0.05273	0.5	53079	2799	51679	498474	9.39
1995-1999	76	0.05846	0.05680	0.5	50280	2856	48852	446794	8.89
1995-1999	77	0.06261	0.06071	0.5	47424	2879	45985	397942	8.39
1995-1999	78	0.06916	0.06684	0.5	44545	2978	43057	351957	7.90
1995-1999	79	0.07572	0.07296	0.5	41568	3033	40051	308901	7.43
1995-1999	80	0.08629	0.08272	0.5	38535	3188	36941	268850	6.98
1995-1999	81	0.09357	0.08939	0.5	35347	3160	33767	231909	6.56
1995-1999	82	0.10459	0.09939	0.5	32187	3199	30588	198141	6.16
1995-1999	83	0.11485	0.10861	0.5	28988	3148	27414	167553	5.78
1995-1999	84	0.12656	0.11902	0.5	25840	3076	24302	140139	5.42
1995-1999	85	0.14207	0.13264	0.5	22764	3020	21255	115837	5.09
1995-1999	86	0.15124	0.14061	0.5	19745	2776	18357	94583	4.79
1995-1999	87	0.16592	0.15321	0.5	16968	2600	15669	76226	4.49
1995-1999	88	0.17870	0.16404	0.5	14369	2357	13190	60558	4.21
1995-1999	89	0.20028	0.18205	0.5	12012	2187	10918	47367	3.94
1995-1999	90	0.21585	0.19482	0.5	9825	1914	8868	36449	3.71
1995-1999	91	0.22963	0.20598	0.5	7911	1629	7096	27581	3.49
1995-1999	92	0.25697	0.22771	0.5	6281	1430	5566	20485	3.26
1995-1999	93	0.27316	0.24033	0.5	4851	1166	4268	14919	3.08
1995-1999	94	0.29638	0.25813	0.5	3685	951	3210	10651	2.89
1995-1999	95	0.31999	0.27586	0.5	2734	754	2357	7441	2.72
1995-1999	96	0.34378	0.29335	0.5	1980	581	1689	5085	2.57
1995-1999	97	0.36838	0.31108	0.5	1399	435	1181	3395	2.43
1995-1999	98	0.39368	0.32893	0.5	964	317	805	2214	2.30
1995-1999	99	0.41956	0.34681	0.5	647	224	535	1409	2.18
1995-1999	100	0.44590	0.36461	0.5	422	154	345	874	2.07
1995-1999	101	0.47254	0.38223	0.5	268	103	217	529	1.97
1995-1999	102	0.49934	0.39958	0.5	166	66	133	311	1.88
1995-1999	103	0.52614	0.41656	0.5	100	41	79	179	1.79
1995-1999	104	0.55279	0.43309	0.5	58	25	46	100	1.72
1995-1999	105	0.57915	0.44910	0.5	33	15	26	54	1.65
1995-1999	106	0.60506	0.46452	0.5	18	8	14	29	1.59
1995-1999	107	0.63039	0.47931	0.5	10	5	7	15	1.53
1995-1999	108	0.65502	0.49342	0.5	5	2	4	8	1.49
1995-1999	109	0.67885	0.50682	0.5	3	1	2	4	1.45
1995-1999	110+	0.70178	1.00000	1.42	1	1	2	2	1.42
2000-2004	0	0.00790	0.00785	0.07	100000	785	99267	7330281	73.30
2000-2004	1	0.00065	0.00065	0.5	99215	64	99183	7231014	72.88
2000-2004	2	0.00044	0.00044	0.5	99151	43	99130	7131831	71.93
2000-2004	3	0.00033	0.00033	0.5	99108	33	99092	7032701	70.96
2000-2004	4	0.00028	0.00028	0.5	99076	28	99062	6933609	69.98
2000-2004	5	0.00024	0.00024	0.5	99048	24	99036	6834547	69.00
2000-2004	6	0.00022	0.00022	0.5	99024	22	99013	6735511	68.02
2000-2004	7	0.00021	0.00021	0.5	99002	21	98992	6636498	67.03
2000-2004	8	0.00018	0.00018	0.5	98982	18	98973	6537506	66.05
2000-2004	9	0.00017	0.00017	0.5	98964	17	98955	6438533	65.06
2000-2004	10	0.00020	0.00020	0.5	98947	19	98937	6339578	64.07
2000-2004	11	0.00021	0.00021	0.5	98927	21	98917	6240641	63.08
2000-2004	12	0.00024	0.00024	0.5	98906	24	98894	6141724	62.10
2000-2004	13	0.00032	0.00032	0.5	98882	31	98866	6042830	61.11
2000-2004	14	0.00039	0.00039	0.5	98851	38	98832	5943964	60.13
2000-2004	15	0.00053	0.00053	0.5	98813	53	98786	5845132	59.15
2000-2004	16	0.00082	0.00082	0.5	98760	81	98719	5746346	58.18
2000-2004	17	0.00100	0.00100	0.5	98679	98	98630	5647626	57.23
2000-2004	18	0.00136	0.00136	0.5	98581	134	98513	5548996	56.29
2000-2004	19	0.00151	0.00151	0.5	98446	149	98372	5450483	55.37
2000-2004	20	0.00154	0.00154	0.5	98297	151	98222	5352111	54.45
2000-2004	21	0.00163	0.00163	0.5	98146	160	98066	5253890	53.53
2000-2004	22	0.00159	0.00159	0.5	97986	155	97909	5155823	52.62
2000-2004	23	0.00152	0.00152	0.5	97831	149	97757	5057915	51.70
2000-2004	24	0.00150	0.00150	0.5	97682	146	97609	4960158	50.78
2000-2004	25	0.00156	0.00155	0.5	97536	152	97460	4862549	49.85
2000-2004	26	0.00157	0.00157	0.5	97385	153	97308	4765088	48.93
2000-2004	27	0.00149	0.00149	0.5	97232	145	97159	4667780	48.01
2000-2004	28	0.00158	0.00158	0.5	97087	154	97010	4570621	47.08
2000-2004	29	0.00161	0.00160	0.5	96933	156	96855	4473611	46.15
2000-2004	30	0.00152	0.00152	0.5	96778	147	96704	4376756	45.22
2000-2004	31	0.00172	0.00172	0.5	96631	166	96548	4280052	44.29
2000-2004	32	0.00168	0.00168	0.5	96465	162	96384	4183504	43.37
2000-2004	33	0.00179	0.00179	0.5	96302	172	96216	4087120	42.44
2000-2004	34	0.00177	0.00177	0.5	96130	170	96045	3990904	41.52
2000-2004	35	0.00200	0.00199	0.5	95960	191	95865	3894858	40.59
2000-2004	36	0.00217	0.00216	0.5	95769	207	95665	3798994	39.67
2000-2004	37	0.00233	0.00233	0.5	95562	223	95450	3703329	38.75
2000-2004	38	0.00247	0.00247	0.5	95339	235	95221	3607878	37.84
2000-2004	39	0.00266	0.00266	0.5	95104	253	94977	3512657	36.94
2000-2004	40	0.00285	0.00285	0.5	94851	270	94715	3417680	36.03
2000-2004	41	0.00312	0.00312	0.5	94580	295	94433	3322964	35.13
2000-2004	42	0.00330	0.00330	0.5	94285	311	94130	3228532	34.24
2000-2004	43	0.00369	0.00368	0.5	93975	346	93802	3134402	33.35
2000-2004	44	0.00406	0.00405	0.5	93629	379	93439	3040600	32.48
2000-2004	45	0.00435	0.00434	0.5	93249	405	93047	2947161	31.61
2000-2004	46	0.00462	0.00461	0.5	92845	428	92631	2854114	30.74
2000-2004	47	0.00497	0.00496	0.5	92417	458	92188	2761483	29.88
2000-2004	48	0.00540	0.00539	0.5	91959	495	91711	2669296	29.03
2000-2004	49	0.00593	0.00591	0.5	91463	540	91193	2577585	28.18
2000-2004	50	0.00638	0.00636	0.5	90923	578	90634	2486392	27.35
2000-2004	51	0.00682	0.00680	0.5	90345	614	90038	2395757	26.52
2000-2004	52	0.00730	0.00727	0.5	89731	652	89405	2305719	25.70
2000-2004	53	0.00784	0.00781	0.5	89079	695	88731	2216315	24.88
2000-2004	54	0.00827	0.00824	0.5	88383	728	88019	2127584	24.07
2000-2004	55	0.00903	0.00899	0.5	87655	788	87261	2039564	23.27
2000-2004	56	0.00982	0.00978	0.5	86867	849	86443	1952303	22.47
2000-2004	57	0.01084	0.01078	0.5	86018	928	85554	1865860	21.69
2000-2004	58	0.01172	0.01165	0.5	85090	991	84595	1780306	20.92
2000-2004	59	0.01308	0.01300	0.5	84099	1093	83552	1695711	20.16
2000-2004	60	0.01414	0.01404	0.5	83006	1166	82423	1612159	19.42
2000-2004	61	0.01508	0.01497	0.5	81840	1225	81228	1529736	18.69
2000-2004	62	0.01651	0.01637	0.5	80615	1320	79955	1448508	17.97
2000-2004	63	0.01784	0.01768	0.5	79295	1402	78594	1368553	17.26
2000-2004	64	0.01902	0.01884	0.5	77893	1467	77159	1289959	16.56
2000-2004	65	0.02069	0.02048	0.5	76426	1565	75643	1212799	15.87
2000-2004	66	0.02261	0.02236	0.5	74861	1674	74024	1137156	15.19
2000-2004	67	0.02436	0.02407	0.5	73187	1762	72307	1063132	14.53
2000-2004	68	0.02656	0.02621	0.5	71426	1872	70490	990826	13.87
2000-2004	69	0.02891	0.02849	0.5	69554	1982	68563	920336	13.23
2000-2004	70	0.03169	0.03119	0.5	67572	2108	66518	851773	12.61
2000-2004	71	0.03441	0.03383	0.5	65464	2215	64357	785255	12.00
2000-2004	72	0.03797	0.03726	0.5	63250	2357	62071	720898	11.40
2000-2004	73	0.04111	0.04029	0.5	60893	2453	59666	658827	10.82
2000-2004	74	0.04396	0.04301	0.5	58440	2514	57183	599161	10.25
2000-2004	75	0.04916	0.04798	0.5	55926	2684	54584	541978	9.69
2000-2004	76	0.05312	0.05175	0.5	53242	2755	51865	487394	9.15
2000-2004	77	0.05839	0.05674	0.5	50487	2865	49055	435529	8.63
2000-2004	78	0.06430	0.06230	0.5	47623	2967	46139	386474	8.12
2000-2004	79	0.07031	0.06793	0.5	44656	3033	43139	340334	7.62
2000-2004	80	0.07972	0.07666	0.5	41623	3191	40027	297195	7.14
2000-2004	81	0.08855	0.08480	0.5	38432	3259	36802	257168	6.69
2000-2004	82	0.09750	0.09297	0.5	35173	3270	33538	220366	6.27
2000-2004	83	0.10894	0.10331	0.5	31903	3296	30255	186828	5.86
2000-2004	84	0.12046	0.11362	0.5	28607	3250	26982	156573	5.47
2000-2004	85	0.13271	0.12445	0.5	25357	3156	23779	129591	5.11
2000-2004	86	0.14676	0.13673	0.5	22201	3036	20683	105812	4.77
2000-2004	87	0.16393	0.15151	0.5	19165	2904	17713	85129	4.44
2000-2004	88	0.18028	0.16537	0.5	16262	2689	14917	67416	4.15
2000-2004	89	0.19816	0.18030	0.5	13572	2447	12349	52499	3.87
2000-2004	90	0.21562	0.19464	0.5	11125	2165	10043	40150	3.61
2000-2004	91	0.24145	0.21544	0.5	8960	1930	7995	30107	3.36
2000-2004	92	0.26282	0.23229	0.5	7030	1633	6213	22112	3.15
2000-2004	93	0.29049	0.25365	0.5	5397	1369	4712	15899	2.95
2000-2004	94	0.30875	0.26746	0.5	4028	1077	3489	11187	2.78
2000-2004	95	0.33342	0.28578	0.5	2951	843	2529	7698	2.61
2000-2004	96	0.36001	0.30509	0.5	2107	643	1786	5169	2.45
2000-2004	97	0.38748	0.32460	0.5	1464	475	1227	3383	2.31
2000-2004	98	0.41570	0.34416	0.5	989	340	819	2156	2.18
2000-2004	99	0.44447	0.36365	0.5	649	236	531	1337	2.06
2000-2004	100	0.47362	0.38294	0.5	413	158	334	807	1.95
2000-2004	101	0.50295	0.40189	0.5	255	102	204	473	1.86
2000-2004	102	0.53226	0.42039	0.5	152	64	120	270	1.77
2000-2004	103	0.56136	0.43833	0.5	88	39	69	149	1.69
2000-2004	104	0.59003	0.45562	0.5	50	23	38	80	1.62
2000-2004	105	0.61811	0.47218	0.5	27	13	21	42	1.55
2000-2004	106	0.64542	0.48795	0.5	14	7	11	21	1.50
2000-2004	107	0.67181	0.50289	0.5	7	4	5	11	1.45
2000-2004	108	0.69716	0.51696	0.5	4	2	3	5	1.40
2000-2004	109	0.72136	0.53015	0.5	2	1	1	2	1.37
2000-2004	110+	0.74434	1.00000	1.34	1	1	1	1	1.34
2005-2009	0	0.00787	0.00782	0.07	100000	782	99270	7423114	74.23
2005-2009	1	0.00060	0.00060	0.5	99218	60	99189	7323844	73.82
2005-2009	2	0.00042	0.00042	0.5	99159	42	99138	7224655	72.86
2005-2009	3	0.00030	0.00030	0.5	99117	30	99102	7125518	71.89
2005-2009	4	0.00025	0.00025	0.5	99087	25	99075	7026416	70.91
2005-2009	5	0.00019	0.00019	0.5	99062	19	99053	6927341	69.93
2005-2009	6	0.00017	0.00017	0.5	99043	17	99035	6828288	68.94
2005-2009	7	0.00018	0.00018	0.5	99026	18	99017	6729254	67.95
2005-2009	8	0.00016	0.00016	0.5	99009	16	99001	6630236	66.97
2005-2009	9	0.00016	0.00016	0.5	98993	15	98985	6531235	65.98
2005-2009	10	0.00016	0.00016	0.5	98978	16	98970	6432250	64.99
2005-2009	11	0.00017	0.00017	0.5	98962	16	98953	6333281	64.00
2005-2009	12	0.00020	0.00020	0.5	98945	20	98936	6234327	63.01
2005-2009	13	0.00027	0.00027	0.5	98926	27	98912	6135392	62.02
2005-2009	14	0.00033	0.00033	0.5	98899	33	98883	6036479	61.04
2005-2009	15	0.00045	0.00045	0.5	98867	44	98844	5937596	60.06
2005-2009	16	0.00063	0.00063	0.5	98822	62	98791	5838752	59.08
2005-2009	17	0.00093	0.00093	0.5	98760	92	98714	5739961	58.12
2005-2009	18	0.00129	0.00129	0.5	98668	127	98605	5641247	57.17
2005-2009	19	0.00148	0.00148	0.5	98541	146	98468	5542642	56.25
2005-2009	20	0.00158	0.00158	0.5	98395	155	98318	5444174	55.33
2005-2009	21	0.00159	0.00159	0.5	98240	156	98162	5345857	54.42
2005-2009	22	0.00162	0.00161	0.5	98084	158	98005	5247694	53.50
2005-2009	23	0.00162	0.00162	0.5	97926	159	97847	5149689	52.59
2005-2009	24	0.00166	0.00166	0.5	97767	163	97686	5051843	51.67
2005-2009	25	0.00162	0.00162	0.5	97605	158	97526	4954157	50.76
2005-2009	26	0.00165	0.00165	0.5	97446	161	97366	4856631	49.84
2005-2009	27	0.00165	0.00165	0.5	97286	161	97206	4759265	48.92
2005-2009	28	0.00156	0.00156	0.5	97125	152	97049	4662059	48.00
2005-2009	29	0.00168	0.00168	0.5	96974	163	96892	4565010	47.07
2005-2009	30	0.00171	0.00171	0.5	96811	165	96728	4468118	46.15
2005-2009	31	0.00170	0.00169	0.5	96645	164	96564	4371390	45.23
2005-2009	32	0.00167	0.00167	0.5	96482	161	96401	4274826	44.31
2005-2009	33	0.00173	0.00173	0.5	96321	167	96238	4178425	43.38
2005-2009	34	0.00183	0.00183	0.5	96154	176	96066	4082187	42.45
2005-2009	35	0.00197	0.00197	0.5	95979	189	95884	3986121	41.53
2005-2009	36	0.00196	0.00196	0.5	95790	188	95696	3890236	40.61
2005-2009	37	0.00213	0.00213	0.5	95602	203	95500	3794540	39.69
2005-2009	38	0.00222	0.00222	0.5	95399	212	95293	3699040	38.77
2005-2009	39	0.00242	0.00241	0.5	95187	230	95072	3603747	37.86
2005-2009	40	0.00267	0.00266	0.5	94957	253	94831	3508675	36.95
2005-2009	41	0.00291	0.00291	0.5	94705	275	94567	3413844	36.05
2005-2009	42	0.00314	0.00314	0.5	94429	296	94281	3319277	35.15
2005-2009	43	0.00340	0.00339	0.5	94133	319	93973	3224995	34.26
2005-2009	44	0.00386	0.00385	0.5	93814	361	93633	3131022	33.37
2005-2009	45	0.00408	0.00407	0.5	93452	381	93262	3037389	32.50
2005-2009	46	0.00440	0.00439	0.5	93072	409	92867	2944127	31.63
2005-2009	47	0.00479	0.00478	0.5	92663	443	92442	2851259	30.77
2005-2009	48	0.00520	0.00519	0.5	92220	479	91981	2758818	29.92
2005-2009	49	0.00575	0.00574	0.5	91742	526	91479	2666837	29.07
2005-2009	50	0.00627	0.00625	0.5	91215	570	90930	2575358	28.23
2005-2009	51	0.00672	0.00669	0.5	90645	607	90342	2484428	27.41
2005-2009	52	0.00740	0.00738	0.5	90038	664	89706	2394086	26.59
2005-2009	53	0.00797	0.00794	0.5	89374	709	89020	2304380	25.78
2005-2009	54	0.00844	0.00841	0.5	88665	745	88292	2215360	24.99
2005-2009	55	0.00913	0.00909	0.5	87919	799	87520	2127068	24.19
2005-2009	56	0.00967	0.00962	0.5	87120	838	86701	2039548	23.41
2005-2009	57	0.01031	0.01025	0.5	86282	885	85839	1952847	22.63
2005-2009	58	0.01117	0.01111	0.5	85397	949	84923	1867008	21.86
2005-2009	59	0.01179	0.01172	0.5	84448	990	83954	1782085	21.10
2005-2009	60	0.01280	0.01272	0.5	83459	1061	82928	1698132	20.35
2005-2009	61	0.01358	0.01349	0.5	82397	1112	81842	1615204	19.60
2005-2009	62	0.01532	0.01521	0.5	81286	1236	80668	1533362	18.86
2005-2009	63	0.01605	0.01593	0.5	80050	1275	79412	1452694	18.15
2005-2009	64	0.01771	0.01756	0.5	78775	1383	78083	1373282	17.43
2005-2009	65	0.01892	0.01874	0.5	77392	1450	76667	1295199	16.74
2005-2009	66	0.02027	0.02006	0.5	75941	1524	75180	1218532	16.05
2005-2009	67	0.02176	0.02152	0.5	74418	1602	73617	1143352	15.36
2005-2009	68	0.02288	0.02262	0.5	72816	1647	71992	1069736	14.69
2005-2009	69	0.02509	0.02478	0.5	71169	1763	70287	997743	14.02
2005-2009	70	0.02801	0.02762	0.5	69405	1917	68447	927456	13.36
2005-2009	71	0.03020	0.02975	0.5	67488	2008	66484	859009	12.73
2005-2009	72	0.03304	0.03250	0.5	65480	2128	64416	792525	12.10
2005-2009	73	0.03606	0.03542	0.5	63352	2244	62230	728109	11.49
2005-2009	74	0.03950	0.03873	0.5	61108	2367	59925	665878	10.90
2005-2009	75	0.04339	0.04247	0.5	58742	2494	57494	605953	10.32
2005-2009	76	0.04707	0.04599	0.5	56247	2587	54954	548459	9.75
2005-2009	77	0.05179	0.05048	0.5	53660	2709	52306	493505	9.20
2005-2009	78	0.05709	0.05550	0.5	50952	2828	49538	441199	8.66
2005-2009	79	0.06204	0.06017	0.5	48124	2896	46676	391661	8.14
2005-2009	80	0.07192	0.06942	0.5	45228	3140	43658	344985	7.63
2005-2009	81	0.07837	0.07541	0.5	42088	3174	40501	301327	7.16
2005-2009	82	0.08553	0.08202	0.5	38914	3192	37318	260826	6.70
2005-2009	83	0.09593	0.09154	0.5	35722	3270	34087	223507	6.26
2005-2009	84	0.10646	0.10108	0.5	32452	3280	30812	189420	5.84
2005-2009	85	0.11982	0.11305	0.5	29172	3298	27523	158608	5.44
2005-2009	86	0.13098	0.12293	0.5	25874	3181	24284	131085	5.07
2005-2009	87	0.14531	0.13546	0.5	22693	3074	21156	106801	4.71
2005-2009	88	0.16373	0.15134	0.5	19619	2969	18135	85645	4.37
2005-2009	89	0.17999	0.16513	0.5	16650	2749	15275	67510	4.05
2005-2009	90	0.20261	0.18397	0.5	13901	2557	12622	52234	3.76
2005-2009	91	0.22521	0.20242	0.5	11343	2296	10195	39612	3.49
2005-2009	92	0.24796	0.22061	0.5	9047	1996	8049	29417	3.25
2005-2009	93	0.27711	0.24339	0.5	7051	1716	6193	21368	3.03
2005-2009	94	0.30756	0.26657	0.5	5335	1422	4624	15174	2.84
2005-2009	95	0.31801	0.27438	0.5	3913	1074	3376	10550	2.70
2005-2009	96	0.34516	0.29436	0.5	2839	836	2421	7174	2.53
2005-2009	97	0.37335	0.31462	0.5	2004	630	1688	4753	2.37
2005-2009	98	0.40244	0.33502	0.5	1373	460	1143	3065	2.23
2005-2009	99	0.43222	0.35541	0.5	913	325	751	1921	2.10
2005-2009	100	0.46251	0.37564	0.5	589	221	478	1170	1.99
2005-2009	101	0.49307	0.39556	0.5	367	145	295	692	1.88
2005-2009	102	0.52369	0.41502	0.5	222	92	176	398	1.79
2005-2009	103	0.55413	0.43391	0.5	130	56	102	222	1.71
2005-2009	104	0.58417	0.45211	0.5	74	33	57	120	1.63
2005-2009	105	0.61359	0.46954	0.5	40	19	31	63	1.56
2005-2009	106	0.64221	0.48612	0.5	21	10	16	32	1.50
2005-2009	107	0.66985	0.50179	0.5	11	6	8	16	1.45
2005-2009	108	0.69637	0.51652	0.5	5	3	4	8	1.40
2005-2009	109	0.72164	0.53030	0.5	3	1	2	4	1.36
2005-2009	110+	0.74557	1.00000	1.34	1	1	2	2	1.34
2010-2014	0	0.00700	0.00695	0.06	100000	695	99349	7514358	75.14
2010-2014	1	0.00053	0.00053	0.5	99305	52	99279	7415009	74.67
2010-2014	2	0.00034	0.00034	0.5	99252	34	99236	7315730	73.71
2010-2014	3	0.00028	0.00028	0.5	99219	28	99205	7216495	72.73
2010-2014	4	0.00023	0.00023	0.5	99190	23	99179	7117290	71.75
2010-2014	5	0.00018	0.00018	0.5	99167	18	99158	7018111	70.77
2010-2014	6	0.00015	0.00015	0.5	99149	15	99142	6918953	69.78
2010-2014	7	0.00015	0.00015	0.5	99134	15	99127	6819811	68.79
2010-2014	8	0.00016	0.00016	0.5	99120	16	99112	6720684	67.80
2010-2014	9	0.00014	0.00014	0.5	99104	13	99097	6621573	66.81
2010-2014	10	0.00012	0.00012	0.5	99090	12	99084	6522476	65.82
2010-2014	11	0.00016	0.00016	0.5	99078	15	99070	6423391	64.83
2010-2014	12	0.00019	0.00019	0.5	99063	19	99053	6324321	63.84
2010-2014	13	0.00022	0.00022	0.5	99044	22	99033	6225268	62.85
2010-2014	14	0.00027	0.00027	0.5	99022	26	99008	6126235	61.87
2010-2014	15	0.00037	0.00037	0.5	98995	37	98977	6027227	60.88
2010-2014	16	0.00053	0.00053	0.5	98959	52	98933	5928250	59.91
2010-2014	17	0.00068	0.00068	0.5	98906	67	98873	5829318	58.94
2010-2014	18	0.00099	0.00099	0.5	98839	98	98790	5730445	57.98
2010-2014	19	0.00118	0.00118	0.5	98741	117	98683	5631654	57.03
2010-2014	20	0.00124	0.00124	0.5	98625	122	98564	5532971	56.10
2010-2014	21	0.00140	0.00140	0.5	98503	138	98434	5434408	55.17
2010-2014	22	0.00144	0.00144	0.5	98365	141	98294	5335974	54.25
2010-2014	23	0.00136	0.00136	0.5	98224	133	98157	5237680	53.32
2010-2014	24	0.00149	0.00148	0.5	98090	146	98017	5139523	52.40
2010-2014	25	0.00144	0.00144	0.5	97944	141	97874	5041505	51.47
2010-2014	26	0.00143	0.00143	0.5	97804	140	97734	4943631	50.55
2010-2014	27	0.00152	0.00152	0.5	97664	148	97590	4845897	49.62
2010-2014	28	0.00150	0.00150	0.5	97516	146	97443	4748307	48.69
2010-2014	29	0.00158	0.00158	0.5	97370	153	97293	4650864	47.76
2010-2014	30	0.00153	0.00152	0.5	97216	148	97142	4553571	46.84
2010-2014	31	0.00160	0.00160	0.5	97068	155	96991	4456428	45.91
2010-2014	32	0.00166	0.00165	0.5	96913	160	96833	4359438	44.98
2010-2014	33	0.00170	0.00169	0.5	96753	164	96671	4262605	44.06
2010-2014	34	0.00174	0.00174	0.5	96589	168	96505	4165934	43.13
2010-2014	35	0.00172	0.00172	0.5	96421	165	96338	4069429	42.20
2010-2014	36	0.00190	0.00190	0.5	96255	183	96164	3973091	41.28
2010-2014	37	0.00192	0.00192	0.5	96073	184	95981	3876927	40.35
2010-2014	38	0.00205	0.00205	0.5	95889	197	95791	3780946	39.43
2010-2014	39	0.00222	0.00222	0.5	95692	212	95586	3685156	38.51
2010-2014	40	0.00234	0.00233	0.5	95480	223	95369	3589569	37.59
2010-2014	41	0.00252	0.00252	0.5	95257	240	95137	3494201	36.68
2010-2014	42	0.00276	0.00275	0.5	95018	262	94887	3399063	35.77
2010-2014	43	0.00293	0.00292	0.5	94756	277	94617	3304177	34.87
2010-2014	44	0.00311	0.00310	0.5	94479	293	94332	3209559	33.97
2010-2014	45	0.00348	0.00348	0.5	94186	328	94022	3115227	33.08
2010-2014	46	0.00394	0.00394	0.5	93858	369	93673	3021205	32.19
2010-2014	47	0.00436	0.00435	0.5	93489	407	93285	2927532	31.31
2010-2014	48	0.00478	0.00477	0.5	93082	444	92860	2834246	30.45
2010-2014	49	0.00519	0.00518	0.5	92637	480	92398	2741387	29.59
2010-2014	50	0.00583	0.00581	0.5	92158	535	91890	2648989	28.74
2010-2014	51	0.00634	0.00632	0.5	91622	579	91333	2557099	27.91
2010-2014	52	0.00695	0.00692	0.5	91043	630	90728	2465767	27.08
2010-2014	53	0.00769	0.00766	0.5	90413	692	90067	2375038	26.27
2010-2014	54	0.00815	0.00811	0.5	89721	728	89357	2284971	25.47
2010-2014	55	0.00901	0.00897	0.5	88993	799	88593	2195615	24.67
2010-2014	56	0.00998	0.00993	0.5	88194	876	87756	2107021	23.89
2010-2014	57	0.01057	0.01051	0.5	87318	918	86859	2019265	23.13
2010-2014	58	0.01133	0.01127	0.5	86400	974	85913	1932406	22.37
2010-2014	59	0.01222	0.01215	0.5	85427	1038	84908	1846493	21.61
2010-2014	60	0.01295	0.01287	0.5	84389	1086	83846	1761585	20.87
2010-2014	61	0.01368	0.01359	0.5	83303	1132	82737	1677738	20.14
2010-2014	62	0.01458	0.01448	0.5	82171	1190	81576	1595001	19.41
2010-2014	63	0.01591	0.01579	0.5	80982	1279	80342	1513425	18.69
2010-2014	64	0.01686	0.01672	0.5	79703	1333	79037	1433083	17.98
2010-2014	65	0.01775	0.01759	0.5	78371	1379	77681	1354046	17.28
2010-2014	66	0.01891	0.01873	0.5	76992	1442	76271	1276365	16.58
2010-2014	67	0.02075	0.02054	0.5	75550	1551	74774	1200094	15.88
2010-2014	68	0.02251	0.02226	0.5	73998	1647	73175	1125320	15.21
2010-2014	69	0.02412	0.02383	0.5	72351	1724	71489	1052145	14.54
2010-2014	70	0.02651	0.02616	0.5	70627	1848	69703	980656	13.88
2010-2014	71	0.02866	0.02826	0.5	68779	1944	67808	910953	13.24
2010-2014	72	0.03093	0.03046	0.5	66836	2036	65818	843145	12.62
2010-2014	73	0.03378	0.03322	0.5	64800	2153	63724	777327	12.00
2010-2014	74	0.03642	0.03577	0.5	62647	2241	61527	713603	11.39
2010-2014	75	0.03992	0.03914	0.5	60407	2364	59224	652077	10.79
2010-2014	76	0.04374	0.04281	0.5	58042	2485	56800	592852	10.21
2010-2014	77	0.04825	0.04711	0.5	55558	2618	54249	536052	9.65
2010-2014	78	0.05263	0.05128	0.5	52940	2715	51583	481803	9.10
2010-2014	79	0.05836	0.05671	0.5	50226	2848	48802	430220	8.57
2010-2014	80	0.06244	0.06055	0.5	47377	2869	45943	381418	8.05
2010-2014	81	0.07071	0.06830	0.5	44509	3040	42989	335475	7.54
2010-2014	82	0.07842	0.07546	0.5	41469	3129	39904	292486	7.05
2010-2014	83	0.08744	0.08377	0.5	38340	3212	36734	252582	6.59
2010-2014	84	0.09808	0.09349	0.5	35128	3284	33486	215848	6.14
2010-2014	85	0.10850	0.10291	0.5	31844	3277	30205	182362	5.73
2010-2014	86	0.12166	0.11469	0.5	28566	3276	26928	152157	5.33
2010-2014	87	0.13488	0.12636	0.5	25290	3196	23692	125229	4.95
2010-2014	88	0.15099	0.14039	0.5	22095	3102	20544	101536	4.60
2010-2014	89	0.16868	0.15556	0.5	18993	2954	17515	80993	4.26
2010-2014	90	0.18776	0.17165	0.5	16038	2753	14662	63477	3.96
2010-2014	91	0.20766	0.18813	0.5	13285	2499	12036	48815	3.67
2010-2014	92	0.23277	0.20850	0.5	10786	2249	9662	36780	3.41
2010-2014	93	0.25903	0.22933	0.5	8537	1958	7558	27118	3.18
2010-2014	94	0.28262	0.24763	0.5	6579	1629	5765	19560	2.97
2010-2014	95	0.30356	0.26356	0.5	4950	1305	4298	13795	2.79
2010-2014	96	0.33085	0.28389	0.5	3645	1035	3128	9498	2.61
2010-2014	97	0.35932	0.30460	0.5	2611	795	2213	6370	2.44
2010-2014	98	0.38882	0.32553	0.5	1815	591	1520	4157	2.29
2010-2014	99	0.41915	0.34653	0.5	1224	424	1012	2637	2.15
2010-2014	100	0.45011	0.36742	0.5	800	294	653	1625	2.03
2010-2014	101	0.48146	0.38805	0.5	506	196	408	971	1.92
2010-2014	102	0.51296	0.40825	0.5	310	126	247	563	1.82
2010-2014	103	0.54436	0.42789	0.5	183	78	144	317	1.73
2010-2014	104	0.57540	0.44684	0.5	105	47	81	173	1.65
2010-2014	105	0.60586	0.46500	0.5	58	27	45	91	1.58
2010-2014	106	0.63553	0.48228	0.5	31	15	24	47	1.51
2010-2014	107	0.66419	0.49861	0.5	16	8	12	23	1.46
2010-2014	108	0.69170	0.51395	0.5	8	4	6	11	1.41
2010-2014	109	0.71791	0.52828	0.5	4	2	3	5	1.37
2010-2014	110+	0.74272	1.00000	1.35	2	2	2	2	1.35
2015-2019	0	0.00670	0.00666	0.06	100000	666	99376	7533912	75.34
2015-2019	1	0.00052	0.00052	0.5	99334	52	99308	7434536	74.84
2015-2019	2	0.00035	0.00035	0.5	99282	34	99265	7335228	73.88
2015-2019	3	0.00027	0.00027	0.5	99248	27	99235	7235962	72.91
2015-2019	4	0.00019	0.00019	0.5	99221	19	99212	7136728	71.93
2015-2019	5	0.00018	0.00018	0.5	99203	18	99194	7037516	70.94
2015-2019	6	0.00015	0.00015	0.5	99185	15	99177	6938322	69.95
2015-2019	7	0.00014	0.00014	0.5	99170	14	99162	6839145	68.96
2015-2019	8	0.00015	0.00015	0.5	99155	15	99148	6739983	67.97
2015-2019	9	0.00012	0.00012	0.5	99140	12	99135	6640835	66.98
2015-2019	10	0.00015	0.00015	0.5	99129	14	99122	6541700	65.99
2015-2019	11	0.00016	0.00016	0.5	99114	16	99106	6442579	65.00
2015-2019	12	0.00017	0.00017	0.5	99098	17	99090	6343473	64.01
2015-2019	13	0.00021	0.00021	0.5	99081	21	99071	6244383	63.02
2015-2019	14	0.00030	0.00030	0.5	99060	30	99045	6145313	62.04
2015-2019	15	0.00040	0.00040	0.5	99030	39	99011	6046267	61.05
2015-2019	16	0.00056	0.00056	0.5	98991	56	98963	5947257	60.08
2015-2019	17	0.00074	0.00074	0.5	98935	73	98898	5848294	59.11
2015-2019	18	0.00100	0.00100	0.5	98862	98	98813	5749395	58.16
2015-2019	19	0.00121	0.00121	0.5	98763	120	98704	5650583	57.21
2015-2019	20	0.00127	0.00127	0.5	98644	125	98581	5551879	56.28
2015-2019	21	0.00139	0.00139	0.5	98519	137	98450	5453298	55.35
2015-2019	22	0.00143	0.00143	0.5	98381	141	98311	5354848	54.43
2015-2019	23	0.00141	0.00141	0.5	98241	138	98172	5256537	53.51
2015-2019	24	0.00143	0.00143	0.5	98102	141	98032	5158365	52.58
2015-2019	25	0.00153	0.00153	0.5	97962	150	97887	5060333	51.66
2015-2019	26	0.00147	0.00147	0.5	97812	144	97740	4962447	50.73
2015-2019	27	0.00151	0.00151	0.5	97668	148	97594	4864707	49.81
2015-2019	28	0.00160	0.00160	0.5	97520	156	97443	4767112	48.88
2015-2019	29	0.00166	0.00166	0.5	97365	162	97284	4669670	47.96
2015-2019	30	0.00163	0.00162	0.5	97203	158	97124	4572386	47.04
2015-2019	31	0.00170	0.00170	0.5	97045	165	96963	4475261	46.12
2015-2019	32	0.00183	0.00183	0.5	96880	177	96792	4378299	45.19
2015-2019	33	0.00187	0.00187	0.5	96703	180	96613	4281507	44.27
2015-2019	34	0.00197	0.00196	0.5	96523	190	96428	4184894	43.36
2015-2019	35	0.00200	0.00200	0.5	96333	192	96237	4088467	42.44
2015-2019	36	0.00207	0.00207	0.5	96141	199	96041	3992230	41.52
2015-2019	37	0.00222	0.00222	0.5	95942	213	95836	3896188	40.61
2015-2019	38	0.00236	0.00235	0.5	95729	225	95617	3800353	39.70
2015-2019	39	0.00234	0.00234	0.5	95504	223	95392	3704736	38.79
2015-2019	40	0.00252	0.00251	0.5	95281	240	95161	3609343	37.88
2015-2019	41	0.00263	0.00263	0.5	95041	250	94916	3514183	36.98
2015-2019	42	0.00274	0.00274	0.5	94791	260	94661	3419267	36.07
2015-2019	43	0.00295	0.00294	0.5	94531	278	94392	3324605	35.17
2015-2019	44	0.00317	0.00317	0.5	94253	299	94104	3230213	34.27
2015-2019	45	0.00354	0.00353	0.5	93955	332	93789	3136109	33.38
2015-2019	46	0.00383	0.00382	0.5	93623	358	93444	3042320	32.50
2015-2019	47	0.00412	0.00411	0.5	93265	383	93074	2948876	31.62
2015-2019	48	0.00447	0.00446	0.5	92882	414	92675	2855802	30.75
2015-2019	49	0.00491	0.00489	0.5	92468	452	92242	2763127	29.88
2015-2019	50	0.00540	0.00538	0.5	92016	495	91768	2670885	29.03
2015-2019	51	0.00590	0.00588	0.5	91520	538	91251	2579117	28.18
2015-2019	52	0.00654	0.00652	0.5	90982	593	90686	2487866	27.34
2015-2019	53	0.00715	0.00713	0.5	90390	644	90067	2397180	26.52
2015-2019	54	0.00820	0.00816	0.5	89745	733	89379	2307113	25.71
2015-2019	55	0.00875	0.00871	0.5	89013	776	88625	2217734	24.91
2015-2019	56	0.00945	0.00940	0.5	88237	830	87822	2129109	24.13
2015-2019	57	0.01048	0.01042	0.5	87407	911	86952	2041287	23.35
2015-2019	58	0.01117	0.01111	0.5	86496	961	86016	1954335	22.59
2015-2019	59	0.01244	0.01236	0.5	85535	1058	85006	1868319	21.84
2015-2019	60	0.01309	0.01301	0.5	84478	1099	83928	1783313	21.11
2015-2019	61	0.01434	0.01424	0.5	83379	1187	82785	1699385	20.38
2015-2019	62	0.01537	0.01525	0.5	82192	1253	81565	1616599	19.67
2015-2019	63	0.01661	0.01647	0.5	80938	1333	80272	1535034	18.97
2015-2019	64	0.01768	0.01752	0.5	79605	1395	78908	1454763	18.27
2015-2019	65	0.01843	0.01826	0.5	78210	1428	77496	1375855	17.59
2015-2019	66	0.01951	0.01932	0.5	76782	1483	76040	1298359	16.91
2015-2019	67	0.02071	0.02050	0.5	75298	1544	74527	1222319	16.23
2015-2019	68	0.02238	0.02213	0.5	73755	1633	72939	1147792	15.56
2015-2019	69	0.02365	0.02338	0.5	72122	1686	71279	1074854	14.90
2015-2019	70	0.02552	0.02520	0.5	70436	1775	69549	1003574	14.25
2015-2019	71	0.02815	0.02776	0.5	68661	1906	67708	934025	13.60
2015-2019	72	0.03039	0.02993	0.5	66756	1998	65757	866317	12.98
2015-2019	73	0.03283	0.03230	0.5	64757	2092	63712	800560	12.36
2015-2019	74	0.03674	0.03607	0.5	62666	2261	61535	736849	11.76
2015-2019	75	0.03955	0.03878	0.5	60405	2342	59234	675313	11.18
2015-2019	76	0.04305	0.04214	0.5	58063	2447	56839	616079	10.61
2015-2019	77	0.04603	0.04500	0.5	55616	2503	54365	559240	10.06
2015-2019	78	0.05067	0.04942	0.5	53113	2625	51801	504875	9.51
2015-2019	79	0.05555	0.05405	0.5	50488	2729	49124	453074	8.97
2015-2019	80	0.06126	0.05944	0.5	47760	2839	46340	403950	8.46
2015-2019	81	0.06725	0.06506	0.5	44921	2922	43459	357610	7.96
2015-2019	82	0.07201	0.06951	0.5	41998	2919	40539	314151	7.48
2015-2019	83	0.07884	0.07585	0.5	39079	2964	37597	273612	7.00
2015-2019	84	0.08851	0.08476	0.5	36115	3061	34584	236015	6.54
2015-2019	85	0.09748	0.09295	0.5	33054	3072	31518	201431	6.09
2015-2019	86	0.10960	0.10391	0.5	29982	3115	28424	169913	5.67
2015-2019	87	0.12176	0.11477	0.5	26866	3083	25325	141490	5.27
2015-2019	88	0.13819	0.12926	0.5	23783	3074	22246	116165	4.88
2015-2019	89	0.15445	0.14338	0.5	20709	2969	19224	93919	4.54
2015-2019	90	0.17087	0.15742	0.5	17739	2793	16343	74695	4.21
2015-2019	91	0.19390	0.17676	0.5	14947	2642	13626	58352	3.90
2015-2019	92	0.21302	0.19252	0.5	12305	2369	11120	44726	3.63
2015-2019	93	0.23736	0.21218	0.5	9936	2108	8882	33606	3.38
2015-2019	94	0.26844	0.23667	0.5	7828	1853	6901	24724	3.16
2015-2019	95	0.27899	0.24484	0.5	5975	1463	5244	17823	2.98
2015-2019	96	0.30446	0.26424	0.5	4512	1192	3916	12579	2.79
2015-2019	97	0.33119	0.28414	0.5	3320	943	2848	8663	2.61
2015-2019	98	0.35906	0.30441	0.5	2377	723	2015	5815	2.45
2015-2019	99	0.38791	0.32489	0.5	1653	537	1385	3800	2.30
2015-2019	100	0.41757	0.34544	0.5	1116	386	923	2415	2.16
2015-2019	101	0.44783	0.36590	0.5	731	267	597	1492	2.04
2015-2019	102	0.47849	0.38612	0.5	463	179	374	895	1.93
2015-2019	103	0.50931	0.40594	0.5	284	115	227	521	1.83
2015-2019	104	0.54006	0.42524	0.5	169	72	133	295	1.74
2015-2019	105	0.57051	0.44389	0.5	97	43	76	162	1.66
2015-2019	106	0.60044	0.46180	0.5	54	25	42	86	1.59
2015-2019	107	0.62963	0.47887	0.5	29	14	22	44	1.53
2015-2019	108	0.65790	0.49505	0.5	15	7	11	22	1.48
2015-2019	109	0.68510	0.51030	0.5	8	4	6	11	1.43
2015-2019	110+	0.71108	1.00000	1.41	4	4	5	5	1.41
