Div7: West South Central, Lifetables (period 5x1), Males Last modified: 20 Dec 2020, MPv5 (May07) 

Year	Age	mx	qx	ax	lx	dx	Lx	Tx	ex
1959	0	0.03365	0.03270	0.14	100000	3270	97172	6674375	66.74
1959	1-4	0.00136	0.00542	1.52	96730	524	385620	6577203	68.00
1959	5-9	0.00055	0.00274	2.4	96206	264	480343	6191582	64.36
1959	10-14	0.00070	0.00350	2.79	95942	336	478967	5711240	59.53
1959	15-19	0.00149	0.00743	2.66	95606	711	476365	5232273	54.73
1959	20-24	0.00212	0.01054	2.41	94895	1000	471889	4755907	50.12
1959	25-29	0.00211	0.01047	2.46	93895	984	466979	4284018	45.63
1959	30-34	0.00230	0.01144	2.58	92912	1063	461989	3817039	41.08
1959	35-39	0.00318	0.01576	2.68	91849	1448	455885	3355050	36.53
1959	40-44	0.00469	0.02320	2.7	90401	2098	447183	2899165	32.07
1959	45-49	0.00743	0.03651	2.67	88304	3224	434010	2451982	27.77
1959	50-54	0.01203	0.05850	2.65	85080	4977	413683	2017972	23.72
1959	55-59	0.01750	0.08403	2.63	80103	6731	384557	1604289	20.03
1959	60-64	0.02598	0.12230	2.61	73371	8974	345413	1219731	16.62
1959	65-69	0.03845	0.17579	2.57	64398	11321	294453	874318	13.58
1959	70-74	0.05344	0.23603	2.53	53077	12528	234408	579866	10.92
1959	75-79	0.07815	0.32758	2.53	40549	13283	169966	345457	8.52
1959	80-84	0.12152	0.46453	2.47	27266	12666	104231	175491	6.44
1959	85-89	0.17834	0.60178	2.3	14600	8786	49266	71260	4.88
1959	90-94	0.24463	0.72140	2.16	5814	4194	17145	21994	3.78
1959	95-99	0.31880	0.81113	1.97	1620	1314	4121	4848	2.99
1959	100-104	0.41115	0.88577	1.79	306	271	659	727	2.38
1959	105-109	0.51030	0.93381	1.61	35	33	64	68	1.94
1959	110+	0.59129	1.00000	1.69	2	2	4	4	1.69
1960	0	0.03357	0.03263	0.14	100000	3263	97178	6642393	66.42
1960	1-4	0.00145	0.00577	1.54	96737	559	385576	6545215	67.66
1960	5-9	0.00060	0.00301	2.42	96179	289	480146	6159638	64.04
1960	10-14	0.00067	0.00335	2.74	95890	321	478721	5679492	59.23
1960	15-19	0.00146	0.00729	2.71	95569	697	476248	5200771	54.42
1960	20-24	0.00199	0.00991	2.51	94872	940	472023	4724523	49.80
1960	25-29	0.00195	0.00968	2.52	93932	909	467405	4252500	45.27
1960	30-34	0.00227	0.01130	2.61	93023	1051	462598	3785095	40.69
1960	35-39	0.00309	0.01534	2.66	91972	1411	456556	3322497	36.13
1960	40-44	0.00471	0.02330	2.7	90561	2110	447949	2865942	31.65
1960	45-49	0.00765	0.03757	2.69	88451	3323	434562	2417992	27.34
1960	50-54	0.01228	0.05968	2.66	85128	5081	413747	1983430	23.30
1960	55-59	0.01770	0.08497	2.66	80047	6801	384333	1569684	19.61
1960	60-64	0.02804	0.13147	2.63	73246	9629	343408	1185350	16.18
1960	65-69	0.04004	0.18231	2.55	63616	11598	289689	841942	13.23
1960	70-74	0.05693	0.24928	2.51	52018	12967	227792	552253	10.62
1960	75-79	0.08007	0.33382	2.51	39051	13036	162800	324461	8.31
1960	80-84	0.12689	0.47846	2.43	26015	12447	98092	161661	6.21
1960	85-89	0.18499	0.61513	2.28	13568	8346	45115	63569	4.69
1960	90-94	0.26485	0.75158	2.12	5222	3925	14819	18453	3.53
1960	95-99	0.34272	0.83470	1.93	1297	1083	3159	3635	2.80
1960	100-104	0.44260	0.90436	1.73	214	194	438	475	2.22
1960	105-109	0.54759	0.94648	1.54	21	19	35	37	1.81
1960	110+	0.63229	1.00000	1.58	1	1	2	2	1.58
1961	0	0.03136	0.03053	0.13	100000	3053	97341	6697072	66.97
1961	1-4	0.00125	0.00497	1.54	96947	482	386602	6599730	68.08
1961	5-9	0.00058	0.00290	2.32	96465	280	481575	6213128	64.41
1961	10-14	0.00061	0.00303	2.72	96185	291	480264	5731553	59.59
1961	15-19	0.00140	0.00695	2.83	95894	667	478023	5251289	54.76
1961	20-24	0.00193	0.00960	2.54	95227	914	473890	4773267	50.12
1961	25-29	0.00195	0.00970	2.56	94313	915	469327	4299377	45.59
1961	30-34	0.00232	0.01152	2.64	93398	1076	464450	3830050	41.01
1961	35-39	0.00308	0.01529	2.67	92322	1411	458322	3365600	36.46
1961	40-44	0.00481	0.02378	2.66	90911	2162	449489	2907278	31.98
1961	45-49	0.00724	0.03559	2.67	88749	3159	436396	2457789	27.69
1961	50-54	0.01179	0.05734	2.61	85590	4908	416233	2021393	23.62
1961	55-59	0.01726	0.08284	2.58	80682	6684	387216	1605160	19.89
1961	60-64	0.02673	0.12571	2.63	73998	9302	347958	1217944	16.46
1961	65-69	0.03880	0.17707	2.54	64696	11456	295265	869986	13.45
1961	70-74	0.05526	0.24290	2.51	53240	12932	234017	574721	10.79
1961	75-79	0.07855	0.32845	2.51	40309	13239	168550	340704	8.45
1961	80-84	0.12197	0.46404	2.42	27069	12561	102981	172154	6.36
1961	85-89	0.18358	0.61182	2.27	14508	8876	48351	69173	4.77
1961	90-94	0.25007	0.73128	2.16	5632	4118	16469	20822	3.70
1961	95-99	0.33287	0.82551	1.95	1513	1249	3753	4353	2.88
1961	100-104	0.43104	0.89800	1.75	264	237	550	600	2.27
1961	105-109	0.53514	0.94260	1.56	27	25	47	50	1.85
1961	110+	0.61954	1.00000	1.61	2	2	2	2	1.61
1962	0	0.03221	0.03133	0.13	100000	3133	97279	6657948	66.58
1962	1-4	0.00140	0.00556	1.54	96867	539	386139	6560669	67.73
1962	5-9	0.00050	0.00252	2.35	96328	242	480998	6174530	64.10
1962	10-14	0.00061	0.00304	2.74	96086	292	479768	5693532	59.25
1962	15-19	0.00136	0.00678	2.85	95793	650	477568	5213764	54.43
1962	20-24	0.00202	0.01004	2.49	95143	955	473320	4736196	49.78
1962	25-29	0.00199	0.00990	2.43	94188	932	468542	4262876	45.26
1962	30-34	0.00228	0.01136	2.49	93256	1059	463617	3794334	40.69
1962	35-39	0.00317	0.01571	2.66	92197	1449	457588	3330716	36.13
1962	40-44	0.00468	0.02314	2.65	90748	2100	448801	2873128	31.66
1962	45-49	0.00739	0.03633	2.7	88648	3220	435824	2424327	27.35
1962	50-54	0.01194	0.05808	2.64	85428	4962	415453	1988503	23.28
1962	55-59	0.01821	0.08722	2.6	80466	7018	385458	1573049	19.55
1962	60-64	0.02701	0.12695	2.63	73448	9324	345167	1187591	16.17
1962	65-69	0.04063	0.18450	2.51	64124	11831	291212	842424	13.14
1962	70-74	0.05724	0.25113	2.56	52293	13132	229424	551211	10.54
1962	75-79	0.08060	0.33581	2.52	39161	13150	163155	321788	8.22
1962	80-84	0.12816	0.48110	2.41	26010	12514	97637	158633	6.10
1962	85-89	0.19581	0.63758	2.26	13497	8605	43947	60996	4.52
1962	90-94	0.26644	0.75211	2.11	4891	3679	13807	17049	3.49
1962	95-99	0.36062	0.85062	1.89	1213	1031	2860	3242	2.67
1962	100-104	0.46687	0.91676	1.69	181	166	356	382	2.11
1962	105-109	0.57661	0.95472	1.5	15	14	25	26	1.72
1962	110+	0.66399	1.00000	1.51	1	1	1	1	1.51
1963	0	0.03153	0.03069	0.13	100000	3069	97329	6644270	66.44
1963	1-4	0.00123	0.00489	1.52	96931	474	386550	6546941	67.54
1963	5-9	0.00054	0.00267	2.38	96457	258	481610	6160391	63.87
1963	10-14	0.00055	0.00276	2.77	96199	266	480404	5678781	59.03
1963	15-19	0.00145	0.00720	2.8	95934	691	478148	5198377	54.19
1963	20-24	0.00197	0.00979	2.51	95242	932	473891	4720228	49.56
1963	25-29	0.00203	0.01010	2.52	94310	953	469190	4246337	45.03
1963	30-34	0.00227	0.01130	2.63	93358	1055	464288	3777147	40.46
1963	35-39	0.00334	0.01658	2.62	92303	1530	457872	3312859	35.89
1963	40-44	0.00468	0.02316	2.68	90773	2102	448980	2854987	31.45
1963	45-49	0.00791	0.03886	2.7	88671	3446	435441	2406007	27.13
1963	50-54	0.01226	0.05961	2.66	85225	5080	414260	1970566	23.12
1963	55-59	0.01828	0.08755	2.6	80144	7016	383901	1556307	19.42
1963	60-64	0.02716	0.12749	2.6	73128	9323	343241	1172406	16.03
1963	65-69	0.04215	0.19083	2.52	63805	12176	288858	829165	13.00
1963	70-74	0.05934	0.25882	2.53	51629	13363	225191	540307	10.47
1963	75-79	0.07817	0.32537	2.42	38267	12451	159271	315116	8.23
1963	80-84	0.12874	0.48176	2.39	25816	12437	96604	155845	6.04
1963	85-89	0.20186	0.64776	2.24	13379	8666	42932	59241	4.43
1963	90-94	0.26714	0.74771	2.06	4713	3524	13190	16308	3.46
1963	95-99	0.36823	0.85690	1.88	1189	1019	2767	3118	2.62
1963	100-104	0.47669	0.92129	1.67	170	157	329	351	2.07
1963	105-109	0.58783	0.95754	1.48	13	13	22	23	1.69
1963	110+	0.67581	1.00000	1.48	1	1	1	1	1.48
1964	0	0.03098	0.03017	0.13	100000	3017	97370	6648976	66.49
1964	1-4	0.00132	0.00528	1.47	96983	512	386641	6551606	67.55
1964	5-9	0.00054	0.00269	2.34	96472	259	481669	6164965	63.90
1964	10-14	0.00061	0.00305	2.81	96212	294	480418	5683297	59.07
1964	15-19	0.00155	0.00774	2.83	95919	742	477980	5202879	54.24
1964	20-24	0.00215	0.01070	2.54	95176	1019	473377	4724899	49.64
1964	25-29	0.00192	0.00956	2.48	94158	900	468517	4251522	45.15
1964	30-34	0.00244	0.01213	2.65	93258	1131	463629	3783005	40.57
1964	35-39	0.00331	0.01641	2.66	92127	1512	457093	3319375	36.03
1964	40-44	0.00503	0.02486	2.64	90615	2252	447764	2862283	31.59
1964	45-49	0.00763	0.03750	2.68	88363	3313	434112	2414518	27.33
1964	50-54	0.01220	0.05931	2.69	85049	5044	413588	1980406	23.29
1964	55-59	0.01826	0.08746	2.61	80005	6997	383307	1566819	19.58
1964	60-64	0.02711	0.12724	2.59	73008	9289	342645	1183511	16.21
1964	65-69	0.04143	0.18815	2.56	63718	11988	289362	840866	13.20
1964	70-74	0.05853	0.25592	2.55	51730	13239	226199	551504	10.66
1964	75-79	0.07814	0.32507	2.42	38491	12512	160124	325305	8.45
1964	80-84	0.12286	0.46647	2.42	25979	12118	98639	165181	6.36
1964	85-89	0.17974	0.60793	2.34	13860	8426	46880	66542	4.80
1964	90-94	0.25628	0.73772	2.12	5434	4009	15643	19663	3.62
1964	95-99	0.33998	0.83250	1.94	1425	1187	3490	4020	2.82
1964	100-104	0.44191	0.90421	1.73	239	216	489	530	2.22
1964	105-109	0.54923	0.94711	1.54	23	22	39	41	1.81
1964	110+	0.63578	1.00000	1.57	1	1	2	2	1.57
1965	0	0.02917	0.02845	0.12	100000	2845	97506	6666066	66.66
1965	1-4	0.00125	0.00497	1.66	97155	483	387491	6568560	67.61
1965	5-9	0.00060	0.00298	2.38	96672	288	482605	6181068	63.94
1965	10-14	0.00056	0.00280	2.81	96384	269	481327	5698464	59.12
1965	15-19	0.00156	0.00779	2.78	96114	749	478907	5217137	54.28
1965	20-24	0.00203	0.01008	2.5	95365	961	474426	4738229	49.69
1965	25-29	0.00215	0.01069	2.6	94404	1009	469599	4263803	45.17
1965	30-34	0.00234	0.01166	2.56	93394	1089	464317	3794204	40.63
1965	35-39	0.00328	0.01625	2.64	92305	1500	457985	3329887	36.07
1965	40-44	0.00480	0.02375	2.61	90805	2157	448877	2871901	31.63
1965	45-49	0.00761	0.03739	2.7	88649	3315	435631	2423024	27.33
1965	50-54	0.01206	0.05865	2.68	85334	5005	415075	1987393	23.29
1965	55-59	0.01801	0.08638	2.63	80329	6938	385230	1572318	19.57
1965	60-64	0.02704	0.12701	2.62	73391	9322	344747	1187089	16.17
1965	65-69	0.04053	0.18471	2.6	64069	11834	291953	842342	13.15
1965	70-74	0.05759	0.25221	2.54	52235	13174	228738	550389	10.54
1965	75-79	0.08267	0.34065	2.42	39061	13306	160953	321651	8.23
1965	80-84	0.12544	0.47518	2.45	25755	12238	97560	160698	6.24
1965	85-89	0.18898	0.62208	2.25	13516	8408	44492	63138	4.67
1965	90-94	0.25126	0.72388	2.07	5108	3698	14716	18646	3.65
1965	95-99	0.34475	0.83668	1.92	1410	1180	3423	3930	2.79
1965	100-104	0.44615	0.90633	1.72	230	209	468	507	2.20
1965	105-109	0.55250	0.94800	1.54	22	20	37	39	1.80
1965	110+	0.63813	1.00000	1.57	1	1	2	2	1.57
1966	0	0.02880	0.02809	0.12	100000	2809	97535	6643866	66.44
1966	1-4	0.00121	0.00483	1.61	97191	469	387641	6546331	67.36
1966	5-9	0.00051	0.00253	2.28	96722	245	482944	6158690	63.67
1966	10-14	0.00058	0.00289	2.75	96477	279	481759	5675746	58.83
1966	15-19	0.00175	0.00870	2.79	96199	837	479142	5193987	53.99
1966	20-24	0.00210	0.01045	2.48	95362	997	474292	4714845	49.44
1966	25-29	0.00219	0.01091	2.49	94365	1029	469243	4240553	44.94
1966	30-34	0.00244	0.01211	2.61	93336	1130	463975	3771310	40.41
1966	35-39	0.00335	0.01660	2.65	92206	1530	457439	3307335	35.87
1966	40-44	0.00520	0.02569	2.67	90675	2329	447941	2849897	31.43
1966	45-49	0.00783	0.03844	2.68	88346	3396	433843	2401956	27.19
1966	50-54	0.01218	0.05923	2.67	84950	5031	413040	1968113	23.17
1966	55-59	0.01870	0.08949	2.61	79919	7152	382472	1555073	19.46
1966	60-64	0.02700	0.12677	2.59	72767	9225	341618	1172601	16.11
1966	65-69	0.04066	0.18509	2.58	63542	11761	289263	830983	13.08
1966	70-74	0.05911	0.25807	2.54	51781	13363	226085	541720	10.46
1966	75-79	0.08411	0.34629	2.45	38418	13304	158179	315635	8.22
1966	80-84	0.12574	0.47484	2.42	25114	11925	94844	157456	6.27
1966	85-89	0.18329	0.61199	2.29	13189	8071	44035	62612	4.75
1966	90-94	0.25546	0.73571	2.12	5117	3765	14738	18576	3.63
1966	95-99	0.33791	0.83022	1.94	1352	1123	3323	3839	2.84
1966	100-104	0.43649	0.90100	1.74	230	207	474	516	2.25
1966	105-109	0.54056	0.94430	1.55	23	21	40	42	1.84
1966	110+	0.62475	1.00000	1.6	1	1	2	2	1.60
1967	0	0.02709	0.02646	0.12	100000	2646	97666	6667225	66.67
1967	1-4	0.00120	0.00480	1.66	97354	467	388323	6569560	67.48
1967	5-9	0.00053	0.00265	2.33	96887	257	483749	6181236	63.80
1967	10-14	0.00060	0.00300	2.85	96630	290	482526	5697487	58.96
1967	15-19	0.00168	0.00838	2.92	96340	807	480022	5214961	54.13
1967	20-24	0.00220	0.01096	2.43	95533	1047	474979	4734939	49.56
1967	25-29	0.00225	0.01118	2.49	94486	1056	469778	4259960	45.09
1967	30-34	0.00239	0.01188	2.61	93430	1110	464498	3790182	40.57
1967	35-39	0.00345	0.01709	2.65	92320	1578	457888	3325684	36.02
1967	40-44	0.00494	0.02441	2.69	90742	2215	448588	2867796	31.60
1967	45-49	0.00769	0.03779	2.66	88527	3345	434815	2419209	27.33
1967	50-54	0.01214	0.05905	2.69	85182	5030	414267	1984393	23.30
1967	55-59	0.01810	0.08678	2.64	80151	6956	384355	1570127	19.59
1967	60-64	0.02682	0.12602	2.61	73196	9224	343889	1185772	16.20
1967	65-69	0.04038	0.18384	2.56	63972	11760	291208	841882	13.16
1967	70-74	0.05784	0.25288	2.52	52211	13203	228264	550674	10.55
1967	75-79	0.08435	0.34749	2.47	39008	13555	160697	322411	8.27
1967	80-84	0.12151	0.46309	2.43	25453	11787	97008	161713	6.35
1967	85-89	0.18309	0.61196	2.29	13666	8363	45676	64706	4.73
1967	90-94	0.25782	0.73548	2.08	5303	3900	15128	19029	3.59
1967	95-99	0.34510	0.83736	1.93	1403	1175	3404	3902	2.78
1967	100-104	0.44964	0.90841	1.72	228	207	461	498	2.18
1967	105-109	0.55913	0.95007	1.53	21	20	36	37	1.78
1967	110+	0.64706	1.00000	1.55	1	1	2	2	1.55
1968	0	0.02622	0.02562	0.12	100000	2562	97733	6617865	66.18
1968	1-4	0.00111	0.00443	1.63	97438	431	388730	6520132	66.92
1968	5-9	0.00055	0.00273	2.17	97006	265	484281	6131402	63.21
1968	10-14	0.00062	0.00308	2.84	96741	298	483065	5647121	58.37
1968	15-19	0.00183	0.00913	2.8	96443	881	480281	5164057	53.54
1968	20-24	0.00246	0.01220	2.48	95563	1166	474877	4683775	49.01
1968	25-29	0.00224	0.01113	2.51	94396	1051	469366	4208898	44.59
1968	30-34	0.00262	0.01300	2.55	93346	1214	463759	3739532	40.06
1968	35-39	0.00346	0.01714	2.66	92132	1579	456965	3275772	35.56
1968	40-44	0.00515	0.02546	2.63	90553	2305	447297	2818807	31.13
1968	45-49	0.00816	0.04000	2.6	88248	3530	432777	2371510	26.87
1968	50-54	0.01262	0.06129	2.64	84718	5193	411353	1938734	22.88
1968	55-59	0.01906	0.09119	2.62	79525	7252	380397	1527380	19.21
1968	60-64	0.02778	0.13021	2.6	72273	9411	338799	1146983	15.87
1968	65-69	0.04144	0.18811	2.55	62863	11825	285336	808184	12.86
1968	70-74	0.06114	0.26534	2.51	51037	13542	221493	522849	10.24
1968	75-79	0.08649	0.35445	2.46	37495	13290	153654	301356	8.04
1968	80-84	0.12830	0.48205	2.42	24205	11668	90940	147702	6.10
1968	85-89	0.19237	0.62953	2.26	12537	7892	41026	56762	4.53
1968	90-94	0.27781	0.76404	2.06	4645	3549	12773	15735	3.39
1968	95-99	0.35645	0.84700	1.9	1096	928	2604	2962	2.70
1968	100-104	0.46084	0.91380	1.7	168	153	332	358	2.13
1968	105-109	0.56913	0.95271	1.51	14	14	24	25	1.75
1968	110+	0.65567	1.00000	1.53	1	1	1	1	1.53
1969	0	0.02634	0.02574	0.12	100000	2574	97724	6632548	66.33
1969	1-4	0.00113	0.00452	1.68	97426	441	388682	6534825	67.07
1969	5-9	0.00055	0.00276	2.36	96985	268	484219	6146142	63.37
1969	10-14	0.00062	0.00312	2.77	96717	302	482915	5661923	58.54
1969	15-19	0.00184	0.00918	2.87	96416	885	480197	5179009	53.72
1969	20-24	0.00239	0.01186	2.48	95530	1133	474795	4698812	49.19
1969	25-29	0.00222	0.01105	2.45	94398	1043	469332	4224017	44.75
1969	30-34	0.00262	0.01301	2.6	93354	1214	463862	3754685	40.22
1969	35-39	0.00344	0.01706	2.72	92140	1572	457110	3290824	35.72
1969	40-44	0.00525	0.02592	2.71	90568	2348	447477	2833714	31.29
1969	45-49	0.00811	0.03980	2.61	88221	3512	432725	2386238	27.05
1969	50-54	0.01205	0.05858	2.63	84709	4962	411783	1953512	23.06
1969	55-59	0.01888	0.09034	2.61	79747	7204	381540	1541730	19.33
1969	60-64	0.02761	0.12944	2.59	72543	9390	340071	1160189	15.99
1969	65-69	0.04075	0.18552	2.59	63153	11716	287497	820118	12.99
1969	70-74	0.06006	0.26183	2.55	51437	13468	224227	532621	10.35
1969	75-79	0.08672	0.35562	2.47	37969	13503	155710	308394	8.12
1969	80-84	0.12567	0.47392	2.41	24466	11595	92263	152684	6.24
1969	85-89	0.18571	0.61867	2.3	12871	7963	42879	60421	4.69
1969	90-94	0.26077	0.74531	2.13	4908	3658	14028	17541	3.57
1969	95-99	0.34161	0.83373	1.93	1250	1042	3051	3513	2.81
1969	100-104	0.44159	0.90384	1.73	208	188	425	462	2.22
1969	105-109	0.54677	0.94625	1.54	20	19	35	36	1.82
1969	110+	0.63165	1.00000	1.58	1	1	2	2	1.58
1970	0	0.02636	0.02576	0.12	100000	2576	97722	6652043	66.52
1970	1-4	0.00116	0.00463	1.65	97424	451	388634	6554321	67.28
1970	5-9	0.00052	0.00260	2.37	96973	253	484201	6165686	63.58
1970	10-14	0.00062	0.00309	2.82	96721	299	482951	5681485	58.74
1970	15-19	0.00175	0.00871	2.86	96422	839	480308	5198535	53.91
1970	20-24	0.00233	0.01160	2.49	95582	1109	475127	4718227	49.36
1970	25-29	0.00227	0.01129	2.49	94474	1067	469693	4243100	44.91
1970	30-34	0.00251	0.01247	2.57	93407	1165	464209	3773407	40.40
1970	35-39	0.00332	0.01647	2.61	92242	1519	457580	3309199	35.88
1970	40-44	0.00513	0.02534	2.67	90723	2299	448247	2851619	31.43
1970	45-49	0.00803	0.03940	2.68	88424	3484	434034	2403372	27.18
1970	50-54	0.01248	0.06061	2.66	84940	5148	412626	1969338	23.19
1970	55-59	0.01883	0.09010	2.6	79791	7189	381696	1556712	19.51
1970	60-64	0.02709	0.12720	2.6	72602	9235	340884	1175015	16.18
1970	65-69	0.03963	0.18073	2.57	63368	11452	288981	834132	13.16
1970	70-74	0.05904	0.25771	2.54	51915	13379	226615	545151	10.50
1970	75-79	0.08520	0.35034	2.47	38537	13501	158469	318536	8.27
1970	80-84	0.12201	0.46360	2.41	25036	11607	95131	160067	6.39
1970	85-89	0.17836	0.59923	2.26	13429	8047	45116	64936	4.84
1970	90-94	0.25140	0.72652	2.1	5382	3910	15553	19820	3.68
1970	95-99	0.33004	0.82274	1.95	1472	1211	3669	4267	2.90
1970	100-104	0.42730	0.89582	1.76	261	234	547	598	2.29
1970	105-109	0.53069	0.94113	1.57	27	26	48	51	1.87
1970	110+	0.61465	1.00000	1.63	2	2	3	3	1.63
1971	0	0.02333	0.02285	0.11	100000	2285	97961	6713366	67.13
1971	1-4	0.00101	0.00402	1.64	97715	393	389935	6615406	67.70
1971	5-9	0.00055	0.00273	2.42	97322	266	485926	6225470	63.97
1971	10-14	0.00055	0.00273	2.81	97056	265	484700	5739544	59.14
1971	15-19	0.00167	0.00830	2.87	96791	803	482247	5254845	54.29
1971	20-24	0.00226	0.01124	2.52	95988	1079	477261	4772598	49.72
1971	25-29	0.00226	0.01124	2.51	94909	1067	471894	4295337	45.26
1971	30-34	0.00236	0.01175	2.53	93843	1103	466493	3823443	40.74
1971	35-39	0.00338	0.01674	2.54	92740	1552	459878	3356949	36.20
1971	40-44	0.00501	0.02477	2.73	91188	2259	450806	2897071	31.77
1971	45-49	0.00771	0.03786	2.61	88929	3366	436610	2446265	27.51
1971	50-54	0.01176	0.05719	2.62	85562	4893	416185	2009655	23.49
1971	55-59	0.01768	0.08484	2.62	80669	6844	387047	1593470	19.75
1971	60-64	0.02746	0.12884	2.61	73825	9512	346384	1206423	16.34
1971	65-69	0.03792	0.17343	2.54	64314	11154	294177	860039	13.37
1971	70-74	0.05693	0.24948	2.52	53160	13262	232949	565862	10.64
1971	75-79	0.08443	0.34752	2.46	39897	13865	164214	332913	8.34
1971	80-84	0.11991	0.45672	2.39	26032	11889	99153	168698	6.48
1971	85-89	0.17478	0.59288	2.29	14143	8385	47976	69546	4.92
1971	90-94	0.24798	0.72852	2.17	5758	4195	16916	21570	3.75
1971	95-99	0.32053	0.81308	1.97	1563	1271	3965	4654	2.98
1971	100-104	0.41463	0.88809	1.78	292	259	626	689	2.36
1971	105-109	0.51551	0.93580	1.6	33	31	59	63	1.92
1971	110+	0.59783	1.00000	1.67	2	2	4	4	1.67
1972	0	0.02368	0.02319	0.11	100000	2319	97933	6684879	66.85
1972	1-4	0.00100	0.00399	1.65	97681	390	389809	6586946	67.43
1972	5-9	0.00052	0.00261	2.3	97291	254	485768	6197137	63.70
1972	10-14	0.00061	0.00306	2.71	97037	297	484502	5711369	58.86
1972	15-19	0.00174	0.00867	2.8	96739	839	481851	5226867	54.03
1972	20-24	0.00222	0.01106	2.5	95901	1060	476853	4745016	49.48
1972	25-29	0.00220	0.01095	2.54	94840	1039	471642	4268163	45.00
1972	30-34	0.00254	0.01265	2.63	93802	1186	466202	3796521	40.47
1972	35-39	0.00339	0.01683	2.59	92615	1559	459314	3330319	35.96
1972	40-44	0.00494	0.02439	2.63	91056	2221	450017	2871005	31.53
1972	45-49	0.00795	0.03901	2.65	88835	3466	436049	2420988	27.25
1972	50-54	0.01214	0.05901	2.62	85370	5037	414874	1984939	23.25
1972	55-59	0.01774	0.08512	2.63	80332	6838	385469	1570065	19.54
1972	60-64	0.02843	0.13312	2.61	73495	9784	344116	1184597	16.12
1972	65-69	0.03951	0.18033	2.58	63711	11489	290789	840480	13.19
1972	70-74	0.05777	0.25300	2.55	52222	13212	228715	549691	10.53
1972	75-79	0.08505	0.35073	2.5	39010	13682	160867	320977	8.23
1972	80-84	0.12319	0.46894	2.46	25328	11877	96418	160110	6.32
1972	85-89	0.18432	0.61423	2.29	13451	8262	44825	63692	4.74
1972	90-94	0.25463	0.73894	2.16	5189	3834	15058	18867	3.64
1972	95-99	0.34118	0.83355	1.93	1355	1129	3310	3809	2.81
1972	100-104	0.44293	0.90472	1.73	225	204	461	499	2.21
1972	105-109	0.54996	0.94731	1.54	21	20	37	39	1.81
1972	110+	0.63624	1.00000	1.57	1	1	2	2	1.57
1973	0	0.02244	0.02200	0.11	100000	2200	98032	6694973	66.95
1973	1-4	0.00106	0.00423	1.7	97800	414	390248	6596942	67.45
1973	5-9	0.00051	0.00252	2.44	97386	246	486302	6206693	63.73
1973	10-14	0.00056	0.00280	2.88	97140	272	485126	5720391	58.89
1973	15-19	0.00175	0.00871	2.83	96869	844	482513	5235264	54.04
1973	20-24	0.00229	0.01137	2.51	96024	1092	477407	4752752	49.50
1973	25-29	0.00228	0.01131	2.46	94932	1074	471934	4275345	45.04
1973	30-34	0.00247	0.01229	2.51	93859	1154	466424	3803411	40.52
1973	35-39	0.00327	0.01624	2.65	92705	1505	459983	3336987	36.00
1973	40-44	0.00492	0.02431	2.69	91199	2217	450868	2877004	31.55
1973	45-49	0.00791	0.03884	2.7	88983	3456	436967	2426136	27.27
1973	50-54	0.01197	0.05818	2.62	85527	4976	415770	1989168	23.26
1973	55-59	0.01793	0.08601	2.63	80551	6928	386364	1573398	19.53
1973	60-64	0.02752	0.12914	2.62	73622	9508	345508	1187034	16.12
1973	65-69	0.03972	0.18103	2.55	64114	11607	292192	841526	13.13
1973	70-74	0.05787	0.25289	2.51	52508	13279	229460	549334	10.46
1973	75-79	0.08553	0.35145	2.46	39229	13787	161191	319874	8.15
1973	80-84	0.12735	0.47851	2.4	25442	12174	95595	158683	6.24
1973	85-89	0.18305	0.61057	2.27	13268	8101	44256	63088	4.75
1973	90-94	0.25414	0.73528	2.13	5167	3799	14949	18832	3.64
1973	95-99	0.33791	0.83010	1.94	1368	1135	3360	3883	2.84
1973	100-104	0.43546	0.90034	1.74	232	209	480	523	2.25
1973	105-109	0.53846	0.94357	1.56	23	22	41	43	1.84
1973	110+	0.62184	1.00000	1.61	1	1	2	2	1.61
1974	0	0.02159	0.02118	0.1	100000	2118	98100	6762460	67.62
1974	1-4	0.00096	0.00385	1.6	97882	377	390624	6664359	68.09
1974	5-9	0.00050	0.00248	2.5	97505	241	486923	6273735	64.34
1974	10-14	0.00057	0.00286	2.84	97264	279	485719	5786812	59.50
1974	15-19	0.00171	0.00851	2.92	96985	825	483208	5301093	54.66
1974	20-24	0.00213	0.01059	2.49	96161	1018	478251	4817885	50.10
1974	25-29	0.00219	0.01090	2.54	95142	1037	473157	4339634	45.61
1974	30-34	0.00226	0.01125	2.57	94105	1059	467954	3866477	41.09
1974	35-39	0.00304	0.01508	2.67	93046	1403	461960	3398523	36.53
1974	40-44	0.00452	0.02236	2.69	91643	2049	453493	2936563	32.04
1974	45-49	0.00739	0.03633	2.7	89594	3255	440493	2483070	27.71
1974	50-54	0.01139	0.05546	2.66	86339	4788	420494	2042577	23.66
1974	55-59	0.01774	0.08514	2.64	81551	6943	391352	1622083	19.89
1974	60-64	0.02666	0.12533	2.62	74607	9351	350790	1230730	16.50
1974	65-69	0.03811	0.17440	2.57	65256	11381	298649	879940	13.48
1974	70-74	0.05549	0.24458	2.58	53876	13177	237450	581291	10.79
1974	75-79	0.07931	0.33096	2.5	40699	13470	169838	343841	8.45
1974	80-84	0.12219	0.46435	2.42	27229	12644	103478	174004	6.39
1974	85-89	0.17900	0.60101	2.27	14585	8766	48973	70525	4.84
1974	90-94	0.24977	0.72888	2.14	5819	4242	16982	21552	3.70
1974	95-99	0.33035	0.82303	1.95	1578	1299	3931	4570	2.90
1974	100-104	0.42765	0.89602	1.76	279	250	585	639	2.29
1974	105-109	0.53105	0.94124	1.57	29	27	51	54	1.87
1974	110+	0.61501	1.00000	1.63	2	2	3	3	1.63
1975	0	0.02026	0.01990	0.1	100000	1990	98208	6799152	67.99
1975	1-4	0.00089	0.00357	1.59	98010	350	391197	6700944	68.37
1975	5-9	0.00049	0.00243	2.46	97661	237	487701	6309747	64.61
1975	10-14	0.00054	0.00270	2.79	97424	263	486537	5822046	59.76
1975	15-19	0.00169	0.00840	2.89	97161	816	484083	5335510	54.91
1975	20-24	0.00222	0.01103	2.51	96345	1063	479072	4851426	50.35
1975	25-29	0.00212	0.01054	2.44	95282	1004	473834	4372355	45.89
1975	30-34	0.00225	0.01118	2.54	94278	1054	468799	3898521	41.35
1975	35-39	0.00298	0.01481	2.67	93224	1381	462906	3429722	36.79
1975	40-44	0.00445	0.02204	2.63	91843	2024	454418	2966816	32.30
1975	45-49	0.00729	0.03583	2.69	89819	3218	441671	2512398	27.97
1975	50-54	0.01115	0.05430	2.63	86600	4703	421858	2070727	23.91
1975	55-59	0.01686	0.08105	2.63	81898	6638	393759	1648869	20.13
1975	60-64	0.02596	0.12223	2.61	75260	9199	354337	1255110	16.68
1975	65-69	0.03738	0.17142	2.58	66061	11324	302930	900774	13.64
1975	70-74	0.05393	0.23813	2.55	54737	13034	241697	597844	10.92
1975	75-79	0.07931	0.33117	2.51	41702	13811	174132	356147	8.54
1975	80-84	0.12025	0.45883	2.42	27892	12798	106423	182015	6.53
1975	85-89	0.17182	0.58693	2.3	15094	8859	51560	75592	5.01
1975	90-94	0.23882	0.70954	2.14	6235	4424	18524	24032	3.85
1975	95-99	0.31317	0.80520	1.98	1811	1458	4656	5508	3.04
1975	100-104	0.40407	0.88117	1.8	353	311	769	852	2.42
1975	105-109	0.50213	0.93069	1.62	42	39	78	83	1.97
1975	110+	0.58241	1.00000	1.72	3	3	5	5	1.72
1976	0	0.01906	0.01874	0.1	100000	1874	98306	6838522	68.39
1976	1-4	0.00091	0.00361	1.65	98126	354	391670	6740216	68.69
1976	5-9	0.00044	0.00221	2.35	97772	216	488286	6348546	64.93
1976	10-14	0.00050	0.00251	2.9	97556	245	487263	5860260	60.07
1976	15-19	0.00160	0.00800	2.9	97310	778	484921	5372997	55.22
1976	20-24	0.00199	0.00990	2.49	96532	956	480257	4888076	50.64
1976	25-29	0.00203	0.01011	2.46	95576	966	475430	4407819	46.12
1976	30-34	0.00209	0.01039	2.59	94610	983	470682	3932389	41.56
1976	35-39	0.00286	0.01421	2.65	93626	1330	465009	3461706	36.97
1976	40-44	0.00445	0.02204	2.63	92296	2034	456668	2996698	32.47
1976	45-49	0.00702	0.03456	2.68	90263	3119	444064	2540030	28.14
1976	50-54	0.01116	0.05436	2.64	87143	4737	424551	2095965	24.05
1976	55-59	0.01656	0.07970	2.64	82407	6568	396513	1671415	20.28
1976	60-64	0.02524	0.11903	2.61	75839	9027	357664	1274902	16.81
1976	65-69	0.03691	0.16949	2.59	66812	11324	306797	917238	13.73
1976	70-74	0.05309	0.23472	2.54	55488	13024	245338	610441	11.00
1976	75-79	0.07777	0.32512	2.48	42464	13806	177513	365102	8.60
1976	80-84	0.11842	0.45451	2.44	28658	13025	109988	187589	6.55
1976	85-89	0.17222	0.58694	2.29	15633	9175	53278	77601	4.96
1976	90-94	0.24459	0.71856	2.13	6457	4640	18970	24323	3.77
1976	95-99	0.32402	0.81697	1.97	1817	1485	4582	5354	2.95
1976	100-104	0.42157	0.89259	1.77	333	297	704	772	2.32
1976	105-109	0.52580	0.93958	1.58	36	34	64	67	1.89
1976	110+	0.61062	1.00000	1.64	2	2	4	4	1.64
1977	0	0.01837	0.01807	0.09	100000	1807	98364	6866528	68.67
1977	1-4	0.00082	0.00328	1.62	98193	322	392006	6768164	68.93
1977	5-9	0.00045	0.00223	2.32	97871	218	488772	6376158	65.15
1977	10-14	0.00050	0.00252	2.81	97653	246	487728	5887386	60.29
1977	15-19	0.00165	0.00820	2.91	97407	799	485369	5399658	55.43
1977	20-24	0.00220	0.01094	2.48	96609	1057	480376	4914289	50.87
1977	25-29	0.00215	0.01070	2.48	95551	1023	475178	4433913	46.40
1977	30-34	0.00222	0.01102	2.6	94529	1042	470137	3958735	41.88
1977	35-39	0.00296	0.01468	2.66	93486	1372	464216	3488598	37.32
1977	40-44	0.00427	0.02115	2.69	92114	1948	456062	3024382	32.83
1977	45-49	0.00690	0.03397	2.72	90166	3063	443836	2568320	28.48
1977	50-54	0.01069	0.05211	2.62	87103	4539	424736	2124484	24.39
1977	55-59	0.01627	0.07834	2.63	82564	6468	397501	1699749	20.59
1977	60-64	0.02408	0.11392	2.65	76096	8669	360067	1302248	17.11
1977	65-69	0.03551	0.16343	2.57	67427	11020	310353	942181	13.97
1977	70-74	0.05141	0.22810	2.53	56408	12867	250261	631828	11.20
1977	75-79	0.07595	0.31916	2.5	43541	13896	182966	381567	8.76
1977	80-84	0.11537	0.44443	2.42	29645	13175	114195	198601	6.70
1977	85-89	0.16763	0.57488	2.27	16470	9468	56481	84405	5.12
1977	90-94	0.22870	0.69216	2.15	7002	4846	21190	27924	3.99
1977	95-99	0.30388	0.79513	2	2155	1714	5640	6733	3.12
1977	100-104	0.39327	0.87390	1.82	442	386	981	1094	2.48
1977	105-109	0.49044	0.92604	1.64	56	52	105	112	2.02
1977	110+	0.57027	1.00000	1.75	4	4	7	7	1.75
1978	0	0.01727	0.01700	0.09	100000	1700	98455	6877829	68.78
1978	1-4	0.00086	0.00345	1.59	98300	339	392381	6779374	68.97
1978	5-9	0.00044	0.00220	2.36	97961	216	489235	6386993	65.20
1978	10-14	0.00053	0.00265	2.94	97745	259	488191	5897758	60.34
1978	15-19	0.00169	0.00840	2.92	97486	819	485723	5409567	55.49
1978	20-24	0.00231	0.01149	2.52	96667	1111	480584	4923844	50.94
1978	25-29	0.00215	0.01069	2.44	95556	1021	475167	4443260	46.50
1978	30-34	0.00215	0.01070	2.6	94535	1012	470241	3968093	41.97
1978	35-39	0.00284	0.01412	2.66	93523	1321	464526	3497851	37.40
1978	40-44	0.00428	0.02119	2.63	92202	1954	456386	3033326	32.90
1978	45-49	0.00663	0.03264	2.67	90248	2946	444378	2576940	28.55
1978	50-54	0.01059	0.05167	2.64	87302	4511	425870	2132561	24.43
1978	55-59	0.01581	0.07617	2.62	82791	6306	398963	1706691	20.61
1978	60-64	0.02396	0.11332	2.61	76485	8667	361671	1307728	17.10
1978	65-69	0.03544	0.16322	2.58	67818	11069	312357	946058	13.95
1978	70-74	0.05167	0.22912	2.53	56749	13002	251660	633700	11.17
1978	75-79	0.07565	0.31815	2.5	43746	13918	183988	382040	8.73
1978	80-84	0.11665	0.44832	2.42	29828	13373	114638	198053	6.64
1978	85-89	0.16908	0.58254	2.33	16456	9586	56695	83415	5.07
1978	90-94	0.23384	0.70500	2.18	6870	4843	20712	26720	3.89
1978	95-99	0.32160	0.81464	1.97	2027	1651	5134	6008	2.96
1978	100-104	0.41968	0.89155	1.77	376	335	798	875	2.33
1978	105-109	0.52469	0.93926	1.58	41	38	73	77	1.89
1978	110+	0.61021	1.00000	1.64	2	2	4	4	1.64
1979	0	0.01572	0.01549	0.09	100000	1549	98586	6917501	69.18
1979	1-4	0.00081	0.00322	1.65	98451	317	393056	6818916	69.26
1979	5-9	0.00043	0.00215	2.32	98134	211	490102	6425859	65.48
1979	10-14	0.00046	0.00231	2.84	97922	226	489124	5935757	60.62
1979	15-19	0.00168	0.00838	2.92	97697	819	486781	5446633	55.75
1979	20-24	0.00229	0.01139	2.53	96878	1104	481665	4959852	51.20
1979	25-29	0.00223	0.01108	2.45	95774	1061	476165	4478187	46.76
1979	30-34	0.00233	0.01158	2.58	94713	1096	470914	4002022	42.25
1979	35-39	0.00282	0.01401	2.59	93616	1312	464919	3531108	37.72
1979	40-44	0.00405	0.02004	2.66	92304	1850	457195	3066189	33.22
1979	45-49	0.00640	0.03153	2.69	90454	2852	445678	2608994	28.84
1979	50-54	0.01030	0.05028	2.66	87602	4405	427696	2163316	24.69
1979	55-59	0.01558	0.07512	2.63	83197	6250	401144	1735620	20.86
1979	60-64	0.02309	0.10945	2.63	76947	8422	364760	1334476	17.34
1979	65-69	0.03445	0.15907	2.6	68526	10900	316432	969716	14.15
1979	70-74	0.05071	0.22560	2.56	57625	13000	256370	653284	11.34
1979	75-79	0.07353	0.31035	2.49	44625	13850	188363	396914	8.89
1979	80-84	0.11274	0.43820	2.46	30776	13486	119622	208551	6.78
1979	85-89	0.16342	0.56820	2.32	17290	9824	60115	88929	5.14
1979	90-94	0.23742	0.70796	2.15	7466	5285	22262	28814	3.86
1979	95-99	0.31657	0.80966	1.98	2180	1765	5576	6552	3.01
1979	100-104	0.41521	0.88897	1.78	415	369	889	976	2.35
1979	105-109	0.52128	0.93819	1.59	46	43	83	88	1.90
1979	110+	0.60781	1.00000	1.65	3	3	5	5	1.65
1980	0	0.01460	0.01441	0.08	100000	1441	98680	6923145	69.23
1980	1-4	0.00080	0.00320	1.68	98559	315	393503	6824464	69.24
1980	5-9	0.00040	0.00199	2.36	98244	195	490703	6430961	65.46
1980	10-14	0.00046	0.00228	2.84	98048	224	489759	5940258	60.59
1980	15-19	0.00169	0.00843	2.99	97825	825	487462	5450499	55.72
1980	20-24	0.00244	0.01214	2.48	97000	1178	482025	4963037	51.17
1980	25-29	0.00231	0.01150	2.51	95822	1102	476360	4481012	46.76
1980	30-34	0.00234	0.01165	2.55	94720	1103	470895	4004651	42.28
1980	35-39	0.00275	0.01364	2.63	93616	1277	465057	3533757	37.75
1980	40-44	0.00407	0.02015	2.66	92339	1861	457344	3068700	33.23
1980	45-49	0.00626	0.03087	2.67	90479	2793	445884	2611356	28.86
1980	50-54	0.01011	0.04937	2.66	87686	4329	428281	2165472	24.70
1980	55-59	0.01556	0.07508	2.66	83357	6259	402144	1737191	20.84
1980	60-64	0.02290	0.10855	2.61	77098	8369	365450	1335047	17.32
1980	65-69	0.03468	0.16002	2.59	68729	10998	317136	969597	14.11
1980	70-74	0.05109	0.22689	2.54	57731	13099	256409	652461	11.30
1980	75-79	0.07415	0.31263	2.49	44632	13953	188183	396052	8.87
1980	80-84	0.11364	0.44058	2.45	30679	13517	118947	207869	6.78
1980	85-89	0.16261	0.56513	2.3	17163	9699	59647	88922	5.18
1980	90-94	0.23156	0.70124	2.19	7463	5234	22602	29275	3.92
1980	95-99	0.31802	0.81120	1.98	2230	1809	5688	6673	2.99
1980	100-104	0.41722	0.89023	1.78	421	375	898	986	2.34
1980	105-109	0.52374	0.93905	1.58	46	43	83	87	1.89
1980	110+	0.61058	1.00000	1.64	3	3	5	5	1.64
1981	0	0.01342	0.01325	0.08	100000	1325	98782	6948418	69.48
1981	1-4	0.00076	0.00302	1.67	98675	298	394005	6849636	69.42
1981	5-9	0.00039	0.00193	2.47	98377	190	491405	6455631	65.62
1981	10-14	0.00041	0.00207	2.5	98187	203	490426	5964227	60.74
1981	15-19	0.00161	0.00804	2.99	97984	788	488336	5473801	55.86
1981	20-24	0.00245	0.01220	2.51	97196	1186	483027	4985465	51.29
1981	25-29	0.00237	0.01178	2.46	96011	1131	477181	4502438	46.90
1981	30-34	0.00234	0.01162	2.51	94879	1102	471652	4025257	42.43
1981	35-39	0.00279	0.01388	2.62	93777	1302	465784	3553604	37.89
1981	40-44	0.00406	0.02012	2.65	92475	1861	458001	3087820	33.39
1981	45-49	0.00621	0.03059	2.69	90615	2772	446659	2629819	29.02
1981	50-54	0.00986	0.04821	2.67	87843	4235	429340	2183160	24.85
1981	55-59	0.01493	0.07211	2.64	83608	6029	403805	1753820	20.98
1981	60-64	0.02230	0.10584	2.6	77579	8211	368224	1350015	17.40
1981	65-69	0.03361	0.15536	2.57	69368	10777	320695	981792	14.15
1981	70-74	0.05122	0.22746	2.54	58591	13327	260209	661097	11.28
1981	75-79	0.07276	0.30764	2.49	45264	13925	191374	400888	8.86
1981	80-84	0.11467	0.44258	2.42	31339	13870	120959	209514	6.69
1981	85-89	0.16954	0.58325	2.33	17469	10189	60098	88555	5.07
1981	90-94	0.23242	0.70144	2.17	7280	5107	21972	28457	3.91
1981	95-99	0.31925	0.81228	1.98	2174	1766	5530	6486	2.98
1981	100-104	0.41718	0.89006	1.78	408	363	871	956	2.34
1981	105-109	0.52224	0.93844	1.59	45	42	81	85	1.90
1981	110+	0.60789	1.00000	1.65	3	3	5	5	1.65
1982	0	0.01307	0.01291	0.08	100000	1291	98812	6988034	69.88
1982	1-4	0.00078	0.00311	1.61	98709	307	394102	6889222	69.79
1982	5-9	0.00041	0.00204	2.45	98402	201	491499	6495121	66.01
1982	10-14	0.00041	0.00206	2.84	98201	203	490569	6003622	61.14
1982	15-19	0.00156	0.00780	2.99	97999	764	488459	5513053	56.26
1982	20-24	0.00234	0.01164	2.48	97235	1132	483327	5024594	51.67
1982	25-29	0.00220	0.01096	2.48	96103	1053	477860	4541267	47.25
1982	30-34	0.00227	0.01127	2.52	95050	1071	472590	4063407	42.75
1982	35-39	0.00274	0.01359	2.58	93979	1277	466808	3590816	38.21
1982	40-44	0.00382	0.01892	2.71	92702	1754	459489	3124008	33.70
1982	45-49	0.00585	0.02887	2.69	90947	2626	448658	2664519	29.30
1982	50-54	0.00946	0.04629	2.65	88321	4088	431984	2215861	25.09
1982	55-59	0.01465	0.07083	2.67	84233	5967	407284	1783877	21.18
1982	60-64	0.02188	0.10395	2.61	78266	8136	371889	1376593	17.59
1982	65-69	0.03313	0.15345	2.6	70131	10762	324863	1004704	14.33
1982	70-74	0.04981	0.22199	2.55	59369	13179	264595	679841	11.45
1982	75-79	0.07209	0.30547	2.5	46190	14110	195735	415246	8.99
1982	80-84	0.11111	0.43137	2.41	32080	13838	124552	219511	6.84
1982	85-89	0.16198	0.56431	2.31	18242	10294	63548	94959	5.21
1982	90-94	0.23084	0.69854	2.17	7948	5552	24051	31411	3.95
1982	95-99	0.30903	0.80144	2	2396	1920	6214	7360	3.07
1982	100-104	0.40464	0.88211	1.8	476	420	1037	1146	2.41
1982	105-109	0.50817	0.93337	1.61	56	52	103	109	1.95
1982	110+	0.59298	1.00000	1.69	4	4	6	6	1.69
1983	0	0.01290	0.01275	0.08	100000	1275	98827	7014139	70.14
1983	1-4	0.00075	0.00298	1.73	98725	294	394234	6915312	70.05
1983	5-9	0.00036	0.00181	2.37	98431	178	491688	6521078	66.25
1983	10-14	0.00041	0.00203	2.8	98253	200	490827	6029390	61.37
1983	15-19	0.00138	0.00690	2.98	98053	676	488902	5538563	56.49
1983	20-24	0.00202	0.01007	2.52	97377	981	484450	5049661	51.86
1983	25-29	0.00207	0.01029	2.49	96396	992	479490	4565210	47.36
1983	30-34	0.00213	0.01060	2.49	95404	1012	474477	4085720	42.83
1983	35-39	0.00249	0.01235	2.56	94392	1166	469122	3611243	38.26
1983	40-44	0.00361	0.01788	2.67	93227	1667	462251	3142121	33.70
1983	45-49	0.00564	0.02785	2.64	91560	2550	451787	2679871	29.27
1983	50-54	0.00904	0.04427	2.66	89010	3940	435814	2228083	25.03
1983	55-59	0.01459	0.07052	2.63	85070	5999	411159	1792269	21.07
1983	60-64	0.02157	0.10261	2.63	79071	8113	376089	1381110	17.47
1983	65-69	0.03376	0.15617	2.61	70958	11082	328278	1005021	14.16
1983	70-74	0.05044	0.22463	2.57	59876	13450	266632	676743	11.30
1983	75-79	0.07443	0.31362	2.49	46426	14560	195634	410111	8.83
1983	80-84	0.11290	0.43802	2.44	31866	13958	123625	214477	6.73
1983	85-89	0.16749	0.57615	2.29	17908	10317	61599	90852	5.07
1983	90-94	0.23661	0.70373	2.12	7590	5342	22575	29253	3.85
1983	95-99	0.32079	0.81407	1.98	2249	1831	5707	6678	2.97
1983	100-104	0.42075	0.89239	1.77	418	373	887	971	2.32
1983	105-109	0.52782	0.94045	1.58	45	42	80	85	1.88
1983	110+	0.61497	1.00000	1.63	3	3	4	4	1.63
1984	0	0.01223	0.01209	0.08	100000	1209	98885	7038539	70.39
1984	1-4	0.00071	0.00284	1.63	98791	280	394499	6939654	70.25
1984	5-9	0.00031	0.00153	2.33	98510	151	492149	6545155	66.44
1984	10-14	0.00041	0.00207	2.84	98359	204	491357	6053006	61.54
1984	15-19	0.00136	0.00679	2.93	98156	667	489396	5561649	56.66
1984	20-24	0.00202	0.01007	2.54	97489	982	485034	5072253	52.03
1984	25-29	0.00200	0.00995	2.48	96507	961	480112	4587220	47.53
1984	30-34	0.00218	0.01084	2.51	95547	1035	475152	4107108	42.99
1984	35-39	0.00245	0.01217	2.65	94511	1150	469850	3631956	38.43
1984	40-44	0.00362	0.01796	2.65	93361	1677	462863	3162106	33.87
1984	45-49	0.00550	0.02717	2.66	91685	2491	452584	2699244	29.44
1984	50-54	0.00892	0.04371	2.69	89194	3898	436954	2246659	25.19
1984	55-59	0.01418	0.06865	2.67	85295	5856	412822	1809706	21.22
1984	60-64	0.02135	0.10162	2.63	79440	8073	378096	1396884	17.58
1984	65-69	0.03275	0.15175	2.59	71367	10830	330682	1018788	14.28
1984	70-74	0.05022	0.22376	2.57	60537	13546	269707	688106	11.37
1984	75-79	0.07294	0.30881	2.52	46991	14511	198957	418399	8.90
1984	80-84	0.11310	0.43716	2.4	32479	14199	125538	219443	6.76
1984	85-89	0.16431	0.56954	2.31	18281	10411	63366	93904	5.14
1984	90-94	0.23495	0.70565	2.17	7869	5553	23634	30538	3.88
1984	95-99	0.31945	0.81268	1.98	2316	1882	5892	6904	2.98
1984	100-104	0.41901	0.89133	1.78	434	387	923	1012	2.33
1984	105-109	0.52578	0.93975	1.58	47	44	84	89	1.89
1984	110+	0.61275	1.00000	1.63	3	3	5	5	1.63
1985	0	0.01203	0.01189	0.08	100000	1189	98902	7039040	70.39
1985	1-4	0.00067	0.00269	1.7	98811	266	394629	6940137	70.24
1985	5-9	0.00031	0.00157	2.41	98544	155	492320	6545508	66.42
1985	10-14	0.00043	0.00213	2.78	98389	210	491480	6053187	61.52
1985	15-19	0.00136	0.00678	2.87	98179	666	489481	5561707	56.65
1985	20-24	0.00201	0.00999	2.51	97513	974	485137	5072226	52.02
1985	25-29	0.00206	0.01023	2.47	96539	988	480201	4587089	47.52
1985	30-34	0.00215	0.01070	2.57	95551	1022	475274	4106888	42.98
1985	35-39	0.00258	0.01281	2.57	94529	1211	469708	3631615	38.42
1985	40-44	0.00365	0.01812	2.66	93318	1691	462636	3161907	33.88
1985	45-49	0.00545	0.02689	2.67	91628	2464	452387	2699271	29.46
1985	50-54	0.00870	0.04262	2.63	89164	3800	436807	2246883	25.20
1985	55-59	0.01398	0.06766	2.65	85364	5776	413265	1810076	21.20
1985	60-64	0.02142	0.10187	2.61	79588	8107	378530	1396811	17.55
1985	65-69	0.03238	0.15009	2.57	71481	10729	331376	1018281	14.25
1985	70-74	0.05051	0.22479	2.55	60752	13657	270362	686905	11.31
1985	75-79	0.07395	0.31234	2.51	47095	14710	198915	416543	8.84
1985	80-84	0.11412	0.44255	2.46	32386	14332	125592	217628	6.72
1985	85-89	0.16527	0.57330	2.33	18053	10350	62625	92036	5.10
1985	90-94	0.24005	0.71646	2.19	7703	5519	22992	29411	3.82
1985	95-99	0.32441	0.81789	1.97	2184	1786	5507	6419	2.94
1985	100-104	0.42635	0.89581	1.76	398	356	836	913	2.29
1985	105-109	0.53515	0.94292	1.57	41	39	73	77	1.85
1985	110+	0.62347	1.00000	1.6	2	2	4	4	1.60
1986	0	0.01130	0.01118	0.08	100000	1118	98966	7060057	70.60
1986	1-4	0.00068	0.00271	1.63	98882	268	394892	6961091	70.40
1986	5-9	0.00032	0.00160	2.42	98614	158	492664	6566199	66.58
1986	10-14	0.00041	0.00204	2.84	98456	201	491847	6073535	61.69
1986	15-19	0.00142	0.00707	2.95	98255	695	489851	5581687	56.81
1986	20-24	0.00208	0.01034	2.45	97561	1009	485232	5091836	52.19
1986	25-29	0.00206	0.01025	2.49	96552	989	480277	4606604	47.71
1986	30-34	0.00232	0.01152	2.56	95563	1101	475127	4126327	43.18
1986	35-39	0.00266	0.01319	2.58	94462	1246	469296	3651199	38.65
1986	40-44	0.00356	0.01764	2.65	93216	1645	462209	3181903	34.13
1986	45-49	0.00532	0.02627	2.66	91571	2406	452234	2719694	29.70
1986	50-54	0.00845	0.04145	2.68	89165	3696	437243	2267461	25.43
1986	55-59	0.01366	0.06615	2.64	85469	5654	414016	1830218	21.41
1986	60-64	0.02090	0.09950	2.61	79816	7942	380077	1416202	17.74
1986	65-69	0.03197	0.14830	2.56	71874	10659	333387	1036125	14.42
1986	70-74	0.04879	0.21799	2.56	61215	13344	273495	702738	11.48
1986	75-79	0.07241	0.30671	2.51	47871	14682	202773	429243	8.97
1986	80-84	0.11031	0.43040	2.45	33189	14284	129490	226470	6.82
1986	85-89	0.16329	0.56711	2.31	18904	10721	65653	96980	5.13
1986	90-94	0.23951	0.71242	2.16	8183	5830	24342	31327	3.83
1986	95-99	0.32074	0.81431	1.98	2353	1916	5975	6985	2.97
1986	100-104	0.42302	0.89396	1.77	437	391	924	1010	2.31
1986	105-109	0.53253	0.94214	1.57	46	44	82	86	1.86
1986	110+	0.62156	1.00000	1.61	3	3	4	4	1.61
1987	0	0.01086	0.01075	0.07	100000	1075	99004	7091529	70.92
1987	1-4	0.00063	0.00250	1.68	98925	248	395124	6992525	70.69
1987	5-9	0.00032	0.00162	2.33	98677	159	492958	6597401	66.86
1987	10-14	0.00035	0.00175	2.77	98517	172	492203	6104443	61.96
1987	15-19	0.00125	0.00622	2.94	98345	612	490468	5612239	57.07
1987	20-24	0.00193	0.00962	2.53	97734	940	486347	5121772	52.41
1987	25-29	0.00193	0.00959	2.54	96794	928	481683	4635425	47.89
1987	30-34	0.00214	0.01065	2.54	95865	1021	476820	4153742	43.33
1987	35-39	0.00262	0.01303	2.58	94845	1236	471239	3676922	38.77
1987	40-44	0.00350	0.01733	2.68	93609	1623	464277	3205683	34.25
1987	45-49	0.00509	0.02513	2.61	91986	2311	454414	2741407	29.80
1987	50-54	0.00856	0.04195	2.69	89675	3762	439679	2286992	25.50
1987	55-59	0.01323	0.06419	2.69	85913	5514	416851	1847314	21.50
1987	60-64	0.02095	0.09973	2.6	80399	8018	382773	1430463	17.79
1987	65-69	0.03224	0.14954	2.58	72380	10824	335760	1047690	14.47
1987	70-74	0.04786	0.21434	2.57	61557	13194	275659	711930	11.57
1987	75-79	0.07206	0.30583	2.53	48363	14790	205257	436271	9.02
1987	80-84	0.10822	0.42325	2.43	33572	14209	131306	231014	6.88
1987	85-89	0.16385	0.56873	2.31	19363	11012	67206	99708	5.15
1987	90-94	0.23279	0.70563	2.21	8351	5892	25313	32501	3.89
1987	95-99	0.32579	0.81976	1.97	2458	2015	6185	7189	2.92
1987	100-104	0.43204	0.89944	1.76	443	399	922	1003	2.26
1987	105-109	0.54518	0.94629	1.55	45	42	77	81	1.82
1987	110+	0.63671	1.00000	1.57	2	2	4	4	1.57
1988	0	0.01086	0.01075	0.07	100000	1075	99004	7081307	70.81
1988	1-4	0.00061	0.00245	1.68	98925	243	395135	6982302	70.58
1988	5-9	0.00031	0.00153	2.45	98682	151	493026	6587167	66.75
1988	10-14	0.00038	0.00192	2.86	98531	189	492253	6094141	61.85
1988	15-19	0.00130	0.00650	2.9	98342	639	490368	5601888	56.96
1988	20-24	0.00193	0.00960	2.54	97703	938	486211	5111521	52.32
1988	25-29	0.00206	0.01025	2.52	96765	992	481365	4625310	47.80
1988	30-34	0.00236	0.01173	2.51	95773	1123	476070	4143945	43.27
1988	35-39	0.00275	0.01368	2.62	94650	1295	470173	3667875	38.75
1988	40-44	0.00352	0.01743	2.63	93356	1628	462923	3197702	34.25
1988	45-49	0.00511	0.02527	2.65	91728	2318	453191	2734779	29.81
1988	50-54	0.00834	0.04088	2.65	89410	3655	438468	2281588	25.52
1988	55-59	0.01363	0.06602	2.63	85755	5661	415340	1843120	21.49
1988	60-64	0.02102	0.10008	2.61	80093	8016	381330	1427780	17.83
1988	65-69	0.03151	0.14648	2.6	72078	10558	335065	1046450	14.52
1988	70-74	0.04698	0.21111	2.6	61520	12988	276419	711385	11.56
1988	75-79	0.07170	0.30469	2.54	48532	14788	206236	434966	8.96
1988	80-84	0.11078	0.43173	2.45	33745	14569	131510	228729	6.78
1988	85-89	0.16798	0.58063	2.34	19176	11134	66283	97219	5.07
1988	90-94	0.23527	0.70422	2.15	8042	5663	24071	30936	3.85
1988	95-99	0.33073	0.82454	1.96	2379	1961	5930	6865	2.89
1988	100-104	0.43743	0.90238	1.75	417	377	861	934	2.24
1988	105-109	0.55053	0.94786	1.54	41	39	70	73	1.80
1988	110+	0.64178	1.00000	1.56	2	2	3	3	1.56
1989	0	0.01127	0.01116	0.08	100000	1116	98968	7085975	70.86
1989	1-4	0.00062	0.00247	1.63	98884	244	394960	6987006	70.66
1989	5-9	0.00030	0.00151	2.57	98641	149	492841	6592046	66.83
1989	10-14	0.00041	0.00203	2.78	98492	200	492016	6099205	61.93
1989	15-19	0.00142	0.00710	2.85	98292	697	489963	5607189	57.05
1989	20-24	0.00187	0.00930	2.6	97595	908	485799	5117227	52.43
1989	25-29	0.00209	0.01042	2.52	96687	1007	480932	4631428	47.90
1989	30-34	0.00244	0.01215	2.6	95679	1162	475607	4150496	43.38
1989	35-39	0.00287	0.01427	2.53	94517	1348	469256	3674889	38.88
1989	40-44	0.00352	0.01743	2.62	93168	1624	461970	3205633	34.41
1989	45-49	0.00536	0.02644	2.64	91544	2421	451998	2743663	29.97
1989	50-54	0.00826	0.04050	2.67	89124	3609	437192	2291665	25.71
1989	55-59	0.01331	0.06455	2.65	85514	5520	414589	1854473	21.69
1989	60-64	0.02071	0.09866	2.61	79994	7892	381130	1439885	18.00
1989	65-69	0.03074	0.14317	2.61	72102	10323	335860	1058755	14.68
1989	70-74	0.04662	0.20964	2.6	61779	12951	277803	722895	11.70
1989	75-79	0.06994	0.29758	2.5	48827	14530	207739	445091	9.12
1989	80-84	0.10753	0.42240	2.46	34297	14487	134723	237352	6.92
1989	85-89	0.16128	0.56270	2.31	19810	11147	69117	102629	5.18
1989	90-94	0.23409	0.70432	2.17	8663	6101	26065	33512	3.87
1989	95-99	0.32776	0.82191	1.97	2561	2105	6423	7447	2.91
1989	100-104	0.43607	0.90183	1.75	456	411	943	1024	2.24
1989	105-109	0.55113	0.94816	1.54	45	42	77	81	1.80
1989	110+	0.64397	1.00000	1.55	2	2	4	4	1.55
1990	0	0.01056	0.01045	0.07	100000	1045	99031	7096576	70.97
1990	1-4	0.00058	0.00233	1.58	98955	230	395261	6997545	70.71
1990	5-9	0.00028	0.00140	2.32	98724	138	493250	6602284	66.88
1990	10-14	0.00037	0.00186	3	98586	183	492562	6109033	61.97
1990	15-19	0.00153	0.00764	2.85	98403	752	490398	5616471	57.08
1990	20-24	0.00202	0.01004	2.49	97651	981	485798	5126073	52.49
1990	25-29	0.00216	0.01076	2.54	96670	1040	480795	4640274	48.00
1990	30-34	0.00243	0.01206	2.56	95631	1153	475345	4159479	43.50
1990	35-39	0.00293	0.01453	2.54	94478	1372	469012	3684135	38.99
1990	40-44	0.00353	0.01751	2.58	93105	1631	461573	3215122	34.53
1990	45-49	0.00523	0.02583	2.63	91475	2363	451767	2753550	30.10
1990	50-54	0.00823	0.04037	2.66	89112	3598	437130	2301783	25.83
1990	55-59	0.01314	0.06370	2.63	85514	5448	414655	1864654	21.81
1990	60-64	0.02074	0.09878	2.59	80066	7909	381294	1449999	18.11
1990	65-69	0.03068	0.14272	2.56	72157	10298	335691	1068705	14.81
1990	70-74	0.04503	0.20308	2.59	61859	12562	278963	733014	11.85
1990	75-79	0.06802	0.29120	2.53	49297	14355	211037	454051	9.21
1990	80-84	0.10738	0.42126	2.44	34941	14719	137083	243014	6.95
1990	85-89	0.15906	0.55851	2.33	20222	11294	71006	105931	5.24
1990	90-94	0.23222	0.70505	2.21	8928	6295	27106	34925	3.91
1990	95-99	0.32029	0.81418	1.98	2633	2144	6694	7819	2.97
1990	100-104	0.42516	0.89548	1.77	489	438	1031	1125	2.30
1990	105-109	0.53744	0.94388	1.56	51	48	90	94	1.85
1990	110+	0.62859	1.00000	1.59	3	3	5	5	1.59
1991	0	0.00998	0.00989	0.07	100000	989	99082	7112439	71.12
1991	1-4	0.00062	0.00247	1.62	99011	245	395461	7013358	70.83
1991	5-9	0.00029	0.00144	2.25	98766	142	493440	6617896	67.01
1991	10-14	0.00036	0.00179	2.93	98624	177	492752	6124456	62.10
1991	15-19	0.00148	0.00740	2.88	98447	729	490689	5631704	57.21
1991	20-24	0.00207	0.01027	2.51	97718	1004	486097	5141015	52.61
1991	25-29	0.00224	0.01115	2.57	96714	1079	480956	4654918	48.13
1991	30-34	0.00244	0.01210	2.53	95636	1158	475322	4173963	43.64
1991	35-39	0.00291	0.01444	2.54	94478	1364	469034	3698641	39.15
1991	40-44	0.00355	0.01757	2.58	93114	1636	461610	3229607	34.68
1991	45-49	0.00534	0.02639	2.65	91478	2414	451718	2767997	30.26
1991	50-54	0.00802	0.03934	2.66	89064	3504	437125	2316279	26.01
1991	55-59	0.01301	0.06310	2.62	85560	5399	414965	1879154	21.96
1991	60-64	0.02019	0.09632	2.63	80161	7721	382496	1464189	18.27
1991	65-69	0.02981	0.13911	2.6	72440	10077	338031	1081693	14.93
1991	70-74	0.04501	0.20296	2.58	62363	12657	281198	743662	11.92
1991	75-79	0.06664	0.28600	2.52	49706	14216	213340	462464	9.30
1991	80-84	0.10731	0.42172	2.46	35490	14967	139475	249124	7.02
1991	85-89	0.15459	0.54795	2.34	20523	11246	72746	109649	5.34
1991	90-94	0.22725	0.69456	2.2	9277	6444	28355	36903	3.98
1991	95-99	0.31471	0.80828	1.99	2834	2290	7278	8548	3.02
1991	100-104	0.41760	0.89089	1.78	543	484	1159	1270	2.34
1991	105-109	0.52838	0.94089	1.58	59	56	106	111	1.88
1991	110+	0.61863	1.00000	1.62	4	4	6	6	1.62
1992	0	0.00932	0.00924	0.07	100000	924	99141	7140276	71.40
1992	1-4	0.00054	0.00216	1.63	99076	214	395795	7041136	71.07
1992	5-9	0.00031	0.00154	2.34	98861	153	493901	6645340	67.22
1992	10-14	0.00036	0.00181	2.96	98709	178	493181	6151439	62.32
1992	15-19	0.00148	0.00740	2.88	98530	729	491104	5658258	57.43
1992	20-24	0.00192	0.00955	2.49	97801	934	486660	5167154	52.83
1992	25-29	0.00211	0.01049	2.59	96868	1016	481890	4680494	48.32
1992	30-34	0.00246	0.01222	2.55	95852	1171	476394	4198604	43.80
1992	35-39	0.00304	0.01511	2.61	94681	1431	469979	3722210	39.31
1992	40-44	0.00369	0.01827	2.57	93250	1704	462104	3252231	34.88
1992	45-49	0.00530	0.02618	2.64	91546	2396	452075	2790127	30.48
1992	50-54	0.00781	0.03835	2.65	89150	3419	437719	2338052	26.23
1992	55-59	0.01268	0.06157	2.68	85731	5279	416423	1900332	22.17
1992	60-64	0.01961	0.09367	2.62	80452	7536	384312	1483910	18.44
1992	65-69	0.02943	0.13740	2.58	72916	10019	340383	1099598	15.08
1992	70-74	0.04414	0.19957	2.6	62898	12552	284392	759215	12.07
1992	75-79	0.06478	0.27980	2.57	50346	14087	217457	474823	9.43
1992	80-84	0.10375	0.41051	2.46	36259	14885	143471	257366	7.10
1992	85-89	0.15428	0.54638	2.33	21374	11678	75695	113895	5.33
1992	90-94	0.22924	0.69895	2.21	9696	6777	29563	38199	3.94
1992	95-99	0.32120	0.81555	1.98	2919	2381	7411	8636	2.96
1992	100-104	0.42978	0.89847	1.76	538	484	1126	1225	2.28
1992	105-109	0.54584	0.94667	1.55	55	52	95	99	1.82
1992	110+	0.63975	1.00000	1.56	3	3	5	5	1.56
1993	0	0.00936	0.00928	0.07	100000	928	99137	7122295	71.22
1993	1-4	0.00055	0.00218	1.65	99072	216	395781	7023157	70.89
1993	5-9	0.00026	0.00129	2.56	98856	127	493970	6627376	67.04
1993	10-14	0.00039	0.00197	2.98	98729	194	493251	6133406	62.12
1993	15-19	0.00149	0.00741	2.86	98535	730	491112	5640155	57.24
1993	20-24	0.00195	0.00972	2.48	97804	951	486623	5149043	52.65
1993	25-29	0.00204	0.01017	2.6	96853	985	481901	4662421	48.14
1993	30-34	0.00260	0.01291	2.53	95869	1237	476292	4180520	43.61
1993	35-39	0.00314	0.01560	2.59	94631	1476	469604	3704228	39.14
1993	40-44	0.00385	0.01907	2.59	93155	1777	461494	3234625	34.72
1993	45-49	0.00517	0.02553	2.65	91379	2333	451407	2773131	30.35
1993	50-54	0.00774	0.03799	2.63	89045	3383	437218	2321724	26.07
1993	55-59	0.01259	0.06117	2.67	85662	5240	416078	1884505	22.00
1993	60-64	0.01974	0.09427	2.63	80422	7581	384141	1468428	18.26
1993	65-69	0.02985	0.13933	2.61	72840	10149	339937	1084287	14.89
1993	70-74	0.04486	0.20245	2.59	62692	12692	282894	744350	11.87
1993	75-79	0.06687	0.28742	2.56	50000	14371	214897	461456	9.23
1993	80-84	0.10688	0.42006	2.45	35629	14966	140035	246559	6.92
1993	85-89	0.16121	0.56262	2.32	20663	11625	72113	106524	5.16
1993	90-94	0.23891	0.71600	2.2	9038	6471	27085	34411	3.81
1993	95-99	0.33440	0.82862	1.96	2567	2127	6360	7326	2.85
1993	100-104	0.44648	0.90762	1.73	440	399	894	966	2.20
1993	105-109	0.56467	0.95210	1.52	41	39	69	71	1.76
1993	110+	0.65938	1.00000	1.52	2	2	3	3	1.52
1994	0	0.00908	0.00900	0.07	100000	900	99162	7150458	71.50
1994	1-4	0.00056	0.00224	1.64	99100	222	395876	7051296	71.15
1994	5-9	0.00026	0.00129	2.43	98878	128	494061	6655421	67.31
1994	10-14	0.00031	0.00153	2.98	98750	151	493445	6161360	62.39
1994	15-19	0.00145	0.00722	2.83	98599	712	491451	5667915	57.48
1994	20-24	0.00191	0.00952	2.46	97887	932	487063	5176464	52.88
1994	25-29	0.00196	0.00973	2.58	96955	943	482491	4689401	48.37
1994	30-34	0.00257	0.01276	2.54	96012	1225	477039	4206910	43.82
1994	35-39	0.00315	0.01562	2.59	94786	1481	470369	3729870	39.35
1994	40-44	0.00394	0.01951	2.59	93305	1820	462144	3259502	34.93
1994	45-49	0.00520	0.02566	2.62	91485	2347	451832	2797358	30.58
1994	50-54	0.00796	0.03906	2.64	89138	3482	437474	2345526	26.31
1994	55-59	0.01215	0.05906	2.65	85656	5059	416411	1908052	22.28
1994	60-64	0.01950	0.09321	2.64	80597	7513	385231	1491642	18.51
1994	65-69	0.02837	0.13296	2.64	73084	9717	342514	1106410	15.14
1994	70-74	0.04314	0.19547	2.6	63367	12386	287092	763896	12.06
1994	75-79	0.06428	0.27781	2.56	50981	14163	220323	476804	9.35
1994	80-84	0.10584	0.41753	2.47	36818	15373	145247	256481	6.97
1994	85-89	0.15955	0.56089	2.35	21446	12029	75393	111234	5.19
1994	90-94	0.23811	0.71320	2.19	9417	6716	28206	35841	3.81
1994	95-99	0.33783	0.83213	1.95	2701	2247	6652	7634	2.83
1994	100-104	0.45293	0.91110	1.72	453	413	912	982	2.17
1994	105-109	0.57374	0.95461	1.51	40	38	67	70	1.73
1994	110+	0.67007	1.00000	1.49	2	2	3	3	1.49
1995	0	0.00835	0.00828	0.07	100000	828	99228	7183336	71.83
1995	1-4	0.00050	0.00201	1.58	99172	199	396205	7084108	71.43
1995	5-9	0.00025	0.00124	2.54	98972	122	494562	6687903	67.57
1995	10-14	0.00038	0.00192	2.99	98850	190	493870	6193341	62.65
1995	15-19	0.00135	0.00672	2.87	98660	663	491892	5699471	57.77
1995	20-24	0.00173	0.00862	2.47	97997	845	487849	5207580	53.14
1995	25-29	0.00185	0.00921	2.6	97152	895	483611	4719731	48.58
1995	30-34	0.00242	0.01205	2.62	96257	1160	478520	4236120	44.01
1995	35-39	0.00291	0.01446	2.6	95098	1375	472182	3757600	39.51
1995	40-44	0.00388	0.01920	2.62	93722	1800	464334	3285418	35.05
1995	45-49	0.00508	0.02509	2.61	91923	2306	454094	2821083	30.69
1995	50-54	0.00797	0.03914	2.65	89617	3507	439846	2366989	26.41
1995	55-59	0.01186	0.05768	2.63	86109	4967	418760	1927143	22.38
1995	60-64	0.01867	0.08938	2.62	81142	7253	388472	1508384	18.59
1995	65-69	0.02819	0.13208	2.62	73890	9760	346225	1119912	15.16
1995	70-74	0.04245	0.19222	2.55	64130	12327	290428	773687	12.06
1995	75-79	0.06440	0.27735	2.5	51803	14367	223094	483260	9.33
1995	80-84	0.10467	0.41372	2.47	37436	15488	147977	260166	6.95
1995	85-89	0.16248	0.56680	2.33	21948	12440	76565	112189	5.11
1995	90-94	0.24198	0.71513	2.14	9508	6799	28098	35624	3.75
1995	95-99	0.34422	0.83824	1.94	2708	2270	6596	7526	2.78
1995	100-104	0.46257	0.91597	1.7	438	401	868	930	2.12
1995	105-109	0.58584	0.95771	1.49	37	35	60	62	1.70
1995	110+	0.68341	1.00000	1.46	2	2	2	2	1.46
1996	0	0.00810	0.00804	0.07	100000	804	99249	7216313	72.16
1996	1-4	0.00050	0.00199	1.68	99196	198	396324	7117064	71.75
1996	5-9	0.00028	0.00138	2.26	98998	136	494617	6720740	67.89
1996	10-14	0.00031	0.00154	2.89	98862	153	493988	6226123	62.98
1996	15-19	0.00131	0.00653	2.94	98709	645	492220	5732135	58.07
1996	20-24	0.00165	0.00823	2.42	98064	807	488243	5239915	53.43
1996	25-29	0.00173	0.00863	2.46	97257	840	484150	4751672	48.86
1996	30-34	0.00210	0.01046	2.6	96417	1008	479663	4267522	44.26
1996	35-39	0.00282	0.01403	2.63	95409	1339	473879	3787859	39.70
1996	40-44	0.00365	0.01809	2.62	94071	1702	466301	3313980	35.23
1996	45-49	0.00510	0.02520	2.63	92369	2328	456335	2847678	30.83
1996	50-54	0.00754	0.03705	2.7	90040	3336	442530	2391343	26.56
1996	55-59	0.01190	0.05785	2.63	86704	5016	421639	1948814	22.48
1996	60-64	0.01890	0.09048	2.64	81688	7391	390981	1527175	18.70
1996	65-69	0.02754	0.12925	2.63	74297	9603	348733	1136194	15.29
1996	70-74	0.04192	0.19023	2.57	64694	12307	293563	787461	12.17
1996	75-79	0.06346	0.27422	2.53	52387	14366	226386	493898	9.43
1996	80-84	0.10174	0.40451	2.47	38021	15380	151165	267512	7.04
1996	85-89	0.16168	0.56340	2.31	22641	12756	78896	116347	5.14
1996	90-94	0.23884	0.71565	2.2	9885	7074	29619	37451	3.79
1996	95-99	0.34303	0.83737	1.94	2811	2354	6862	7831	2.79
1996	100-104	0.46286	0.91624	1.7	457	419	905	970	2.12
1996	105-109	0.58770	0.95823	1.48	38	37	62	65	1.69
1996	110+	0.68638	1.00000	1.46	2	2	2	2	1.46
1997	0	0.00814	0.00808	0.07	100000	808	99246	7242619	72.43
1997	1-4	0.00045	0.00180	1.64	99192	178	396349	7143373	72.02
1997	5-9	0.00024	0.00121	2.49	99014	120	494769	6747025	68.14
1997	10-14	0.00029	0.00143	3.14	98894	141	494210	6252256	63.22
1997	15-19	0.00125	0.00623	2.93	98753	615	492491	5758046	58.31
1997	20-24	0.00158	0.00786	2.41	98138	772	488696	5265554	53.65
1997	25-29	0.00164	0.00817	2.54	97367	795	484875	4776858	49.06
1997	30-34	0.00182	0.00905	2.61	96572	874	480767	4291983	44.44
1997	35-39	0.00246	0.01225	2.64	95698	1172	475725	3811216	39.83
1997	40-44	0.00345	0.01713	2.61	94526	1619	468755	3335491	35.29
1997	45-49	0.00495	0.02448	2.67	92906	2275	459221	2866736	30.86
1997	50-54	0.00732	0.03596	2.64	90632	3259	445475	2407515	26.56
1997	55-59	0.01155	0.05623	2.65	87373	4913	425309	1962039	22.46
1997	60-64	0.01835	0.08797	2.65	82460	7254	395251	1536731	18.64
1997	65-69	0.02738	0.12850	2.62	75206	9664	352982	1141479	15.18
1997	70-74	0.04307	0.19489	2.56	65542	12773	296537	788498	12.03
1997	75-79	0.06429	0.27753	2.54	52768	14645	227783	491960	9.32
1997	80-84	0.10355	0.41096	2.49	38124	15667	151295	264178	6.93
1997	85-89	0.16520	0.57424	2.35	22456	12895	78060	112883	5.03
1997	90-94	0.24986	0.73009	2.15	9561	6981	27938	34823	3.64
1997	95-99	0.35978	0.85229	1.91	2581	2199	6113	6885	2.67
1997	100-104	0.48619	0.92684	1.66	381	353	727	772	2.02
1997	105-109	0.61518	0.96439	1.44	28	27	44	45	1.62
1997	110+	0.71516	1.00000	1.4	1	1	1	1	1.40
1998	0	0.00830	0.00824	0.07	100000	824	99231	7280949	72.81
1998	1-4	0.00043	0.00173	1.69	99176	171	396308	7181717	72.41
1998	5-9	0.00020	0.00102	2.45	99005	101	494766	6785409	68.54
1998	10-14	0.00030	0.00148	2.91	98904	146	494212	6290643	63.60
1998	15-19	0.00112	0.00560	2.96	98758	553	492662	5796430	58.69
1998	20-24	0.00158	0.00788	2.44	98205	774	489043	5303768	54.01
1998	25-29	0.00143	0.00713	2.57	97431	695	485469	4814725	49.42
1998	30-34	0.00171	0.00851	2.59	96736	823	481697	4329256	44.75
1998	35-39	0.00236	0.01173	2.64	95913	1125	476906	3847559	40.12
1998	40-44	0.00336	0.01668	2.72	94788	1581	470333	3370653	35.56
1998	45-49	0.00504	0.02489	2.67	93207	2319	460627	2900320	31.12
1998	50-54	0.00727	0.03572	2.64	90888	3247	446792	2439693	26.84
1998	55-59	0.01116	0.05436	2.64	87641	4764	426944	1992901	22.74
1998	60-64	0.01771	0.08502	2.66	82877	7046	397891	1565957	18.89
1998	65-69	0.02653	0.12472	2.6	75831	9458	356481	1168067	15.40
1998	70-74	0.04163	0.18920	2.6	66374	12558	301670	811586	12.23
1998	75-79	0.06188	0.26872	2.55	53815	14461	233706	509916	9.48
1998	80-84	0.10290	0.40886	2.49	39354	16090	156375	276209	7.02
1998	85-89	0.15974	0.56146	2.35	23264	13062	81770	119835	5.15
1998	90-94	0.24308	0.71763	2.15	10202	7321	30120	38065	3.73
1998	95-99	0.34685	0.84091	1.94	2881	2423	6984	7946	2.76
1998	100-104	0.46836	0.91888	1.69	458	421	899	961	2.10
1998	105-109	0.59436	0.95981	1.47	37	36	60	62	1.67
1998	110+	0.69352	1.00000	1.44	1	1	2	2	1.44
1999	0	0.00796	0.00790	0.07	100000	790	99262	7297482	72.97
1999	1-4	0.00044	0.00174	1.7	99210	173	396441	7198220	72.56
1999	5-9	0.00024	0.00119	2.41	99036	118	494877	6801779	68.68
1999	10-14	0.00031	0.00155	3.02	98919	153	494291	6306901	63.76
1999	15-19	0.00105	0.00525	2.95	98766	519	492766	5812611	58.85
1999	20-24	0.00149	0.00741	2.48	98247	728	489395	5319844	54.15
1999	25-29	0.00138	0.00685	2.55	97518	668	485955	4830449	49.53
1999	30-34	0.00172	0.00858	2.62	96850	831	482271	4344494	44.86
1999	35-39	0.00232	0.01154	2.62	96019	1108	477459	3862222	40.22
1999	40-44	0.00339	0.01683	2.67	94910	1597	470826	3384763	35.66
1999	45-49	0.00485	0.02398	2.64	93313	2237	461291	2913937	31.23
1999	50-54	0.00697	0.03431	2.68	91076	3124	448138	2452646	26.93
1999	55-59	0.01138	0.05541	2.66	87951	4873	428337	2004508	22.79
1999	60-64	0.01712	0.08230	2.65	83078	6837	399323	1576171	18.97
1999	65-69	0.02576	0.12134	2.61	76241	9251	359089	1176847	15.44
1999	70-74	0.04076	0.18559	2.59	66990	12432	305022	817758	12.21
1999	75-79	0.06283	0.27271	2.58	54558	14878	236804	512736	9.40
1999	80-84	0.10254	0.40833	2.51	39679	16202	158006	275933	6.95
1999	85-89	0.16572	0.57558	2.35	23477	13513	81540	117927	5.02
1999	90-94	0.24813	0.72910	2.17	9964	7265	29279	36387	3.65
1999	95-99	0.36489	0.85674	1.9	2699	2313	6338	7108	2.63
1999	100-104	0.49455	0.93040	1.65	387	360	728	770	1.99
1999	105-109	0.62584	0.96656	1.42	27	26	42	43	1.59
1999	110+	0.72671	1.00000	1.38	1	1	1	1	1.38
2000	0	0.00772	0.00767	0.07	100000	767	99284	7305679	73.06
2000	1-4	0.00042	0.00166	1.66	99233	165	396547	7206395	72.62
2000	5-9	0.00020	0.00101	2.14	99068	100	495055	6809848	68.74
2000	10-14	0.00027	0.00136	2.88	98968	135	494554	6314793	63.81
2000	15-19	0.00106	0.00529	2.9	98833	523	493067	5820239	58.89
2000	20-24	0.00159	0.00791	2.42	98310	778	489548	5327172	54.19
2000	25-29	0.00151	0.00750	2.55	97532	732	485868	4837624	49.60
2000	30-34	0.00168	0.00835	2.66	96801	808	482112	4351755	44.96
2000	35-39	0.00226	0.01123	2.66	95993	1078	477438	3869644	40.31
2000	40-44	0.00344	0.01706	2.68	94915	1619	470821	3392205	35.74
2000	45-49	0.00503	0.02486	2.67	93296	2319	461084	2921384	31.31
2000	50-54	0.00705	0.03467	2.64	90977	3154	447458	2460300	27.04
2000	55-59	0.01148	0.05592	2.67	87823	4911	427661	2012842	22.92
2000	60-64	0.01691	0.08128	2.64	82912	6739	398632	1585181	19.12
2000	65-69	0.02560	0.12062	2.61	76173	9188	358895	1186549	15.58
2000	70-74	0.03911	0.17866	2.59	66985	11967	306026	827653	12.36
2000	75-79	0.06061	0.26407	2.57	55018	14528	239713	521627	9.48
2000	80-84	0.10141	0.40417	2.49	40489	16365	161364	281914	6.96
2000	85-89	0.16565	0.57591	2.36	24125	13894	83876	120549	5.00
2000	90-94	0.25407	0.73706	2.15	10231	7541	29681	36674	3.58
2000	95-99	0.37004	0.86106	1.9	2690	2316	6260	6993	2.60
2000	100-104	0.50266	0.93368	1.63	374	349	694	733	1.96
2000	105-109	0.63590	0.96849	1.41	25	24	38	39	1.57
2000	110+	0.73736	1.00000	1.36	1	1	1	1	1.36
2001	0	0.00778	0.00773	0.07	100000	773	99278	7314857	73.15
2001	1-4	0.00047	0.00187	1.71	99227	185	396484	7215579	72.72
2001	5-9	0.00021	0.00105	2.45	99042	104	494945	6819095	68.85
2001	10-14	0.00027	0.00135	2.87	98938	134	494406	6324150	63.92
2001	15-19	0.00106	0.00530	2.93	98804	524	492936	5829744	59.00
2001	20-24	0.00151	0.00754	2.46	98281	741	489525	5336808	54.30
2001	25-29	0.00152	0.00755	2.49	97540	736	485848	4847283	49.70
2001	30-34	0.00169	0.00840	2.55	96804	813	482022	4361435	45.05
2001	35-39	0.00238	0.01183	2.6	95990	1135	477226	3879413	40.41
2001	40-44	0.00336	0.01666	2.65	94855	1580	470557	3402187	35.87
2001	45-49	0.00503	0.02484	2.64	93274	2317	460905	2931630	31.43
2001	50-54	0.00733	0.03601	2.63	90957	3275	447013	2470725	27.16
2001	55-59	0.01092	0.05327	2.68	87682	4671	427577	2023712	23.08
2001	60-64	0.01682	0.08086	2.62	83011	6712	399055	1596135	19.23
2001	65-69	0.02507	0.11827	2.62	76299	9024	359994	1197080	15.69
2001	70-74	0.03864	0.17690	2.61	67275	11901	307970	837086	12.44
2001	75-79	0.06072	0.26441	2.56	55374	14642	241122	529115	9.56
2001	80-84	0.09920	0.39766	2.51	40732	16197	163281	287993	7.07
2001	85-89	0.15913	0.56128	2.38	24535	13771	86539	124712	5.08
2001	90-94	0.25759	0.74258	2.15	10764	7993	31031	38174	3.55
2001	95-99	0.37324	0.86396	1.89	2771	2394	6414	7143	2.58
2001	100-104	0.51012	0.93668	1.62	377	353	692	729	1.93
2001	105-109	0.64664	0.97047	1.39	24	23	36	37	1.54
2001	110+	0.74948	1.00000	1.33	1	1	1	1	1.33
2002	0	0.00798	0.00792	0.07	100000	792	99260	7317989	73.18
2002	1-4	0.00040	0.00161	1.6	99208	160	396448	7218728	72.76
2002	5-9	0.00020	0.00099	2.6	99048	98	495006	6822280	68.88
2002	10-14	0.00028	0.00141	2.8	98951	139	494446	6327274	63.94
2002	15-19	0.00107	0.00536	3.02	98811	530	493005	5832828	59.03
2002	20-24	0.00161	0.00802	2.52	98281	788	489455	5339823	54.33
2002	25-29	0.00155	0.00772	2.5	97493	752	485587	4850367	49.75
2002	30-34	0.00165	0.00822	2.49	96741	795	481712	4364780	45.12
2002	35-39	0.00237	0.01179	2.63	95946	1131	477053	3883068	40.47
2002	40-44	0.00340	0.01686	2.67	94815	1599	470354	3406015	35.92
2002	45-49	0.00510	0.02520	2.64	93216	2349	460537	2935661	31.49
2002	50-54	0.00745	0.03660	2.61	90867	3325	446380	2475125	27.24
2002	55-59	0.01102	0.05372	2.66	87542	4702	426682	2028745	23.17
2002	60-64	0.01645	0.07913	2.61	82839	6555	398519	1602063	19.34
2002	65-69	0.02461	0.11624	2.62	76284	8867	360291	1203544	15.78
2002	70-74	0.03838	0.17550	2.57	67417	11832	308323	843253	12.51
2002	75-79	0.05864	0.25663	2.57	55585	14265	243243	534930	9.62
2002	80-84	0.09820	0.39423	2.5	41321	16290	165887	291687	7.06
2002	85-89	0.16327	0.57055	2.36	25031	14281	87472	125799	5.03
2002	90-94	0.25549	0.74009	2.16	10749	7956	31139	38328	3.57
2002	95-99	0.37398	0.86455	1.89	2794	2415	6459	7189	2.57
2002	100-104	0.51108	0.93703	1.62	378	355	694	730	1.93
2002	105-109	0.64767	0.97065	1.39	24	23	36	37	1.54
2002	110+	0.75047	1.00000	1.33	1	1	1	1	1.33
2003	0	0.00821	0.00814	0.07	100000	814	99240	7336434	73.36
2003	1-4	0.00043	0.00174	1.64	99186	172	396336	7237194	72.97
2003	5-9	0.00019	0.00096	2.26	99013	95	494805	6840858	69.09
2003	10-14	0.00026	0.00130	2.85	98918	129	494312	6346053	64.15
2003	15-19	0.00103	0.00515	3.02	98789	509	492936	5851741	59.23
2003	20-24	0.00152	0.00755	2.49	98280	742	489536	5358804	54.53
2003	25-29	0.00157	0.00784	2.55	97538	765	485819	4869268	49.92
2003	30-34	0.00176	0.00874	2.56	96773	846	481800	4383449	45.30
2003	35-39	0.00244	0.01211	2.63	95927	1162	476889	3901649	40.67
2003	40-44	0.00338	0.01678	2.65	94766	1590	470093	3424760	36.14
2003	45-49	0.00505	0.02493	2.63	93175	2323	460363	2954667	31.71
2003	50-54	0.00738	0.03627	2.59	90852	3295	446318	2494304	27.45
2003	55-59	0.01065	0.05193	2.65	87557	4547	427112	2047986	23.39
2003	60-64	0.01621	0.07805	2.62	83010	6479	399598	1620874	19.53
2003	65-69	0.02424	0.11461	2.62	76530	8771	361778	1221276	15.96
2003	70-74	0.03694	0.16960	2.59	67759	11492	311101	859498	12.68
2003	75-79	0.05787	0.25340	2.55	56267	14258	246387	548398	9.75
2003	80-84	0.09571	0.38664	2.52	42009	16242	169701	302011	7.19
2003	85-89	0.15914	0.56104	2.37	25766	14456	90838	132310	5.13
2003	90-94	0.24666	0.72752	2.18	11310	8229	33359	41472	3.67
2003	95-99	0.36462	0.85719	1.91	3082	2642	7245	8112	2.63
2003	100-104	0.50009	0.93297	1.64	440	411	821	867	1.97
2003	105-109	0.63659	0.96874	1.41	30	29	45	46	1.56
2003	110+	0.74032	1.00000	1.35	1	1	1	1	1.35
2004	0	0.00781	0.00775	0.07	100000	775	99276	7374724	73.75
2004	1-4	0.00040	0.00159	1.62	99225	157	396525	7275448	73.32
2004	5-9	0.00022	0.00109	2.22	99067	108	495038	6878923	69.44
2004	10-14	0.00027	0.00135	2.89	98960	134	494516	6383885	64.51
2004	15-19	0.00100	0.00497	3.02	98826	491	493160	5889369	59.59
2004	20-24	0.00155	0.00771	2.46	98335	758	489749	5396209	54.88
2004	25-29	0.00166	0.00827	2.47	97577	807	485846	4906460	50.28
2004	30-34	0.00171	0.00851	2.57	96770	824	481848	4420614	45.68
2004	35-39	0.00219	0.01087	2.66	95946	1043	477290	3938767	41.05
2004	40-44	0.00343	0.01704	2.69	94903	1617	470774	3461477	36.47
2004	45-49	0.00504	0.02492	2.65	93286	2325	460967	2990702	32.06
2004	50-54	0.00734	0.03609	2.62	90962	3283	446985	2529735	27.81
2004	55-59	0.01042	0.05084	2.65	87679	4457	427939	2082750	23.75
2004	60-64	0.01608	0.07744	2.62	83221	6445	400744	1654810	19.88
2004	65-69	0.02320	0.10991	2.62	76777	8439	363788	1254066	16.33
2004	70-74	0.03499	0.16138	2.59	68338	11029	315151	890279	13.03
2004	75-79	0.05453	0.24084	2.58	57309	13802	253130	575128	10.04
2004	80-84	0.09168	0.37389	2.53	43507	16267	177434	321998	7.40
2004	85-89	0.14913	0.53812	2.41	27240	14658	98294	144564	5.31
2004	90-94	0.24642	0.72725	2.18	12582	9150	37132	46270	3.68
2004	95-99	0.35971	0.85359	1.92	3432	2929	8144	9138	2.66
2004	100-104	0.49771	0.93230	1.65	502	468	941	994	1.98
2004	105-109	0.63717	0.96896	1.41	34	33	52	53	1.56
2004	110+	0.74294	1.00000	1.35	1	1	1	1	1.35
2005	0	0.00811	0.00805	0.07	100000	805	99249	7370078	73.70
2005	1-4	0.00040	0.00159	1.56	99195	158	396395	7270829	73.30
2005	5-9	0.00019	0.00095	2.53	99037	94	494954	6874434	69.41
2005	10-14	0.00025	0.00123	3	98943	122	494472	6379479	64.48
2005	15-19	0.00105	0.00524	3	98821	517	493072	5885007	59.55
2005	20-24	0.00162	0.00807	2.51	98304	793	489544	5391936	54.85
2005	25-29	0.00163	0.00813	2.42	97511	793	485512	4902392	50.28
2005	30-34	0.00166	0.00825	2.53	96718	798	481624	4416880	45.67
2005	35-39	0.00220	0.01094	2.65	95921	1050	477141	3935256	41.03
2005	40-44	0.00344	0.01707	2.67	94871	1619	470580	3458115	36.45
2005	45-49	0.00506	0.02499	2.68	93252	2330	460845	2987536	32.04
2005	50-54	0.00743	0.03651	2.64	90921	3319	446775	2526691	27.79
2005	55-59	0.01050	0.05121	2.6	87602	4486	427253	2079916	23.74
2005	60-64	0.01576	0.07597	2.63	83116	6314	400604	1652663	19.88
2005	65-69	0.02279	0.10809	2.63	76801	8301	364318	1252059	16.30
2005	70-74	0.03579	0.16486	2.61	68500	11293	315562	887741	12.96
2005	75-79	0.05456	0.24096	2.58	57207	13784	252643	572179	10.00
2005	80-84	0.09131	0.37196	2.51	43423	16152	176892	319536	7.36
2005	85-89	0.15121	0.54164	2.38	27271	14771	97689	142644	5.23
2005	90-94	0.25354	0.73999	2.19	12500	9250	36483	44955	3.60
2005	95-99	0.36826	0.86073	1.91	3250	2797	7596	8472	2.61
2005	100-104	0.50980	0.93694	1.63	453	424	832	876	1.93
2005	105-109	0.65104	0.97137	1.39	29	28	43	44	1.53
2005	110+	0.75673	1.00000	1.32	1	1	1	1	1.32
2006	0	0.00819	0.00813	0.07	100000	813	99242	7415785	74.16
2006	1-4	0.00037	0.00148	1.77	99187	147	396421	7316543	73.76
2006	5-9	0.00018	0.00089	2.31	99040	88	494964	6920122	69.87
2006	10-14	0.00024	0.00121	2.86	98952	120	494504	6425158	64.93
2006	15-19	0.00098	0.00488	3.08	98832	482	493237	5930655	60.01
2006	20-24	0.00167	0.00832	2.5	98350	818	489702	5437418	55.29
2006	25-29	0.00162	0.00806	2.46	97532	787	485666	4947716	50.73
2006	30-34	0.00180	0.00898	2.56	96745	868	481607	4462050	46.12
2006	35-39	0.00213	0.01060	2.58	95877	1016	476930	3980443	41.52
2006	40-44	0.00324	0.01609	2.64	94861	1527	470699	3503513	36.93
2006	45-49	0.00483	0.02388	2.65	93334	2228	461440	3032814	32.49
2006	50-54	0.00742	0.03644	2.59	91106	3319	447542	2571374	28.22
2006	55-59	0.01026	0.05011	2.66	87786	4399	428620	2123832	24.19
2006	60-64	0.01508	0.07285	2.66	83387	6075	402747	1695212	20.33
2006	65-69	0.02136	0.10160	2.61	77312	7855	367748	1292465	16.72
2006	70-74	0.03304	0.15313	2.61	69457	10636	321895	924717	13.31
2006	75-79	0.05262	0.23317	2.56	58821	13715	260645	602822	10.25
2006	80-84	0.08745	0.35923	2.52	45106	16203	185292	342176	7.59
2006	85-89	0.14298	0.52135	2.4	28902	15068	105387	156884	5.43
2006	90-94	0.24306	0.72599	2.23	13834	10043	41320	51497	3.72
2006	95-99	0.35618	0.85102	1.93	3791	3226	9057	10177	2.68
2006	100-104	0.49670	0.93214	1.65	565	526	1060	1120	1.98
2006	105-109	0.63892	0.96937	1.41	38	37	58	60	1.56
2006	110+	0.74648	1.00000	1.34	1	1	2	2	1.34
2007	0	0.00792	0.00786	0.07	100000	786	99266	7426493	74.26
2007	1-4	0.00041	0.00163	1.62	99214	162	396469	7327227	73.85
2007	5-9	0.00019	0.00096	2.35	99052	95	495007	6930758	69.97
2007	10-14	0.00022	0.00112	2.86	98957	111	494546	6435750	65.04
2007	15-19	0.00096	0.00477	3.08	98846	471	493323	5941204	60.11
2007	20-24	0.00165	0.00823	2.55	98375	809	489891	5447881	55.38
2007	25-29	0.00169	0.00843	2.58	97565	822	485838	4957990	50.82
2007	30-34	0.00176	0.00875	2.52	96743	846	481619	4472153	46.23
2007	35-39	0.00217	0.01077	2.61	95897	1033	477017	3990534	41.61
2007	40-44	0.00322	0.01599	2.68	94864	1517	470800	3513516	37.04
2007	45-49	0.00485	0.02398	2.64	93347	2238	461459	3042716	32.60
2007	50-54	0.00728	0.03579	2.64	91108	3260	447840	2581257	28.33
2007	55-59	0.01029	0.05023	2.6	87848	4413	428635	2133416	24.29
2007	60-64	0.01487	0.07186	2.65	83435	5996	403081	1704781	20.43
2007	65-69	0.02142	0.10187	2.6	77439	7888	368242	1301700	16.81
2007	70-74	0.03224	0.14961	2.6	69551	10405	322737	933458	13.42
2007	75-79	0.05123	0.22790	2.58	59146	13479	263122	610721	10.33
2007	80-84	0.08661	0.35672	2.53	45666	16290	188084	347599	7.61
2007	85-89	0.14486	0.52649	2.41	29376	15466	106766	159514	5.43
2007	90-94	0.23656	0.71173	2.2	13910	9900	41849	52748	3.79
2007	95-99	0.35131	0.84674	1.94	4010	3395	9664	10899	2.72
2007	100-104	0.48980	0.92934	1.66	615	571	1166	1235	2.01
2007	105-109	0.63097	0.96792	1.42	43	42	67	68	1.58
2007	110+	0.73854	1.00000	1.35	1	1	2	2	1.35
2008	0	0.00758	0.00752	0.07	100000	752	99297	7430147	74.30
2008	1-4	0.00041	0.00162	1.54	99248	161	396594	7330851	73.86
2008	5-9	0.00016	0.00080	2.37	99087	79	495225	6934257	69.98
2008	10-14	0.00019	0.00095	2.94	99008	94	494845	6439032	65.04
2008	15-19	0.00093	0.00463	3.11	98914	458	493705	5944187	60.09
2008	20-24	0.00163	0.00811	2.51	98456	798	490296	5450482	55.36
2008	25-29	0.00166	0.00829	2.49	97658	809	486256	4960186	50.79
2008	30-34	0.00171	0.00849	2.53	96849	822	482209	4473931	46.20
2008	35-39	0.00212	0.01054	2.6	96026	1012	477700	3991721	41.57
2008	40-44	0.00308	0.01529	2.71	95015	1453	471750	3514021	36.98
2008	45-49	0.00475	0.02351	2.65	93562	2200	462644	3042270	32.52
2008	50-54	0.00744	0.03655	2.66	91362	3339	449003	2579626	28.24
2008	55-59	0.01045	0.05094	2.58	88023	4484	429269	2130623	24.21
2008	60-64	0.01507	0.07276	2.63	83538	6078	403310	1701355	20.37
2008	65-69	0.02191	0.10402	2.58	77461	8057	367797	1298045	16.76
2008	70-74	0.03289	0.15250	2.61	69403	10584	321763	930248	13.40
2008	75-79	0.05167	0.22974	2.59	58820	13513	261516	608486	10.34
2008	80-84	0.08483	0.35086	2.54	45307	15896	187390	346970	7.66
2008	85-89	0.14396	0.52487	2.42	29410	15437	107231	159580	5.43
2008	90-94	0.23967	0.71637	2.19	13974	10010	41767	52349	3.75
2008	95-99	0.35821	0.85303	1.93	3963	3381	9438	10582	2.67
2008	100-104	0.50174	0.93425	1.64	582	544	1085	1144	1.96
2008	105-109	0.64626	0.97070	1.4	38	37	58	59	1.54
2008	110+	0.75469	1.00000	1.33	1	1	1	1	1.33
2009	0	0.00759	0.00754	0.07	100000	754	99296	7471607	74.72
2009	1-4	0.00038	0.00153	1.65	99246	152	396629	7372311	74.28
2009	5-9	0.00014	0.00070	2.42	99094	69	495293	6975682	70.39
2009	10-14	0.00022	0.00109	2.8	99025	108	494887	6480390	65.44
2009	15-19	0.00087	0.00435	3.08	98917	431	493755	5985503	60.51
2009	20-24	0.00150	0.00745	2.54	98486	733	490627	5491748	55.76
2009	25-29	0.00156	0.00778	2.54	97753	760	486891	5001121	51.16
2009	30-34	0.00171	0.00851	2.5	96992	826	482899	4514230	46.54
2009	35-39	0.00209	0.01038	2.57	96166	999	478407	4031331	41.92
2009	40-44	0.00296	0.01472	2.67	95168	1401	472575	3552924	37.33
2009	45-49	0.00472	0.02337	2.68	93767	2191	463758	3080349	32.85
2009	50-54	0.00721	0.03543	2.65	91576	3245	450254	2616591	28.57
2009	55-59	0.01049	0.05117	2.61	88331	4520	430874	2166336	24.53
2009	60-64	0.01457	0.07039	2.59	83812	5900	404852	1735462	20.71
2009	65-69	0.02119	0.10074	2.56	77912	7849	370434	1330610	17.08
2009	70-74	0.03202	0.14865	2.59	70063	10415	325250	960176	13.70
2009	75-79	0.04896	0.21886	2.58	59648	13054	266638	634926	10.64
2009	80-84	0.08105	0.33750	2.52	46594	15725	194028	368288	7.90
2009	85-89	0.13635	0.50612	2.46	30868	15623	114585	174260	5.65
2009	90-94	0.22742	0.70047	2.26	15245	10679	46957	59675	3.91
2009	95-99	0.34147	0.83841	1.96	4566	3829	11212	12718	2.79
2009	100-104	0.48139	0.92614	1.68	738	683	1420	1506	2.04
2009	105-109	0.62539	0.96701	1.43	54	53	84	87	1.59
2009	110+	0.73552	1.00000	1.36	2	2	2	2	1.36
2010	0	0.00717	0.00713	0.06	100000	713	99333	7496086	74.96
2010	1-4	0.00034	0.00136	1.63	99287	135	396830	7396752	74.50
2010	5-9	0.00014	0.00071	2.29	99152	71	495570	6999923	70.60
2010	10-14	0.00019	0.00094	2.84	99082	94	495206	6504353	65.65
2010	15-19	0.00077	0.00386	3.09	98988	382	494211	6009147	60.71
2010	20-24	0.00142	0.00706	2.64	98606	696	491387	5514936	55.93
2010	25-29	0.00149	0.00744	2.53	97910	728	487752	5023549	51.31
2010	30-34	0.00164	0.00816	2.56	97182	793	483977	4535797	46.67
2010	35-39	0.00205	0.01021	2.66	96389	984	479640	4051820	42.04
2010	40-44	0.00277	0.01376	2.69	95405	1313	473987	3572180	37.44
2010	45-49	0.00446	0.02209	2.67	94092	2078	465620	3098193	32.93
2010	50-54	0.00703	0.03458	2.64	92014	3182	452571	2632573	28.61
2010	55-59	0.01047	0.05108	2.64	88832	4537	433460	2180003	24.54
2010	60-64	0.01447	0.06997	2.63	84295	5898	407496	1746543	20.72
2010	65-69	0.02129	0.10127	2.6	78396	7939	372920	1339047	17.08
2010	70-74	0.03099	0.14425	2.6	70457	10163	327935	966127	13.71
2010	75-79	0.04953	0.22104	2.57	60294	13327	269084	638192	10.58
2010	80-84	0.08136	0.33890	2.54	46967	15917	195634	369107	7.86
2010	85-89	0.13754	0.50759	2.42	31050	15761	114586	173473	5.59
2010	90-94	0.23149	0.70391	2.22	15289	10762	46491	58887	3.85
2010	95-99	0.34803	0.84445	1.95	4527	3823	10984	12396	2.74
2010	100-104	0.49062	0.93002	1.66	704	655	1335	1412	2.01
2010	105-109	0.63595	0.96897	1.41	49	48	75	77	1.57
2010	110+	0.74601	1.00000	1.34	2	2	2	2	1.34
2011	0	0.00677	0.00673	0.06	100000	673	99370	7517894	75.18
2011	1-4	0.00038	0.00153	1.67	99327	152	396955	7418524	74.69
2011	5-9	0.00015	0.00074	2.39	99176	73	495687	7021569	70.80
2011	10-14	0.00019	0.00097	2.85	99103	96	495306	6525882	65.85
2011	15-19	0.00076	0.00379	3.06	99006	375	494302	6030576	60.91
2011	20-24	0.00144	0.00717	2.52	98631	708	491403	5536274	56.13
2011	25-29	0.00148	0.00739	2.57	97923	724	487859	5044872	51.52
2011	30-34	0.00163	0.00810	2.55	97200	788	484069	4557013	46.88
2011	35-39	0.00186	0.00927	2.65	96412	894	479955	4072944	42.25
2011	40-44	0.00270	0.01340	2.64	95518	1280	474566	3592989	37.62
2011	45-49	0.00440	0.02178	2.7	94238	2053	466479	3118423	33.09
2011	50-54	0.00711	0.03495	2.67	92185	3222	453436	2651944	28.77
2011	55-59	0.01042	0.05082	2.63	88964	4522	434080	2198508	24.71
2011	60-64	0.01461	0.07061	2.62	84442	5962	408020	1764428	20.90
2011	65-69	0.02066	0.09853	2.65	78480	7732	374217	1356408	17.28
2011	70-74	0.03111	0.14473	2.6	70747	10239	329112	982191	13.88
2011	75-79	0.04776	0.21418	2.59	60508	12960	271345	653079	10.79
2011	80-84	0.07847	0.32928	2.56	47549	15657	199516	381734	8.03
2011	85-89	0.13327	0.49753	2.45	31892	15867	119061	182218	5.71
2011	90-94	0.22505	0.69527	2.25	16025	11142	49507	63157	3.94
2011	95-99	0.33988	0.83725	1.97	4883	4089	12029	13650	2.80
2011	100-104	0.48188	0.92653	1.68	795	736	1528	1621	2.04
2011	105-109	0.62802	0.96758	1.42	58	56	90	93	1.58
2011	110+	0.73945	1.00000	1.35	2	2	3	3	1.35
2012	0	0.00696	0.00692	0.06	100000	692	99352	7520149	75.20
2012	1-4	0.00036	0.00145	1.6	99308	144	396886	7420796	74.72
2012	5-9	0.00015	0.00075	2.36	99164	75	495622	7023910	70.83
2012	10-14	0.00020	0.00097	2.87	99089	97	495239	6528288	65.88
2012	15-19	0.00073	0.00365	3.08	98992	361	494269	6033049	60.94
2012	20-24	0.00142	0.00709	2.53	98632	699	491429	5538780	56.16
2012	25-29	0.00150	0.00749	2.55	97933	733	487870	5047351	51.54
2012	30-34	0.00160	0.00796	2.54	97199	774	484091	4559481	46.91
2012	35-39	0.00194	0.00968	2.6	96425	933	479886	4075389	42.26
2012	40-44	0.00272	0.01352	2.63	95492	1291	474396	3595503	37.65
2012	45-49	0.00428	0.02118	2.7	94201	1995	466416	3121108	33.13
2012	50-54	0.00689	0.03392	2.64	92206	3128	453654	2654691	28.79
2012	55-59	0.01066	0.05198	2.62	89078	4630	434383	2201037	24.71
2012	60-64	0.01463	0.07067	2.61	84448	5968	407965	1766654	20.92
2012	65-69	0.02047	0.09760	2.63	78481	7660	374250	1358689	17.31
2012	70-74	0.03094	0.14402	2.6	70821	10199	329674	984438	13.90
2012	75-79	0.04783	0.21454	2.6	60621	13006	271921	654764	10.80
2012	80-84	0.07841	0.32909	2.56	47616	15670	199837	382843	8.04
2012	85-89	0.13332	0.49696	2.44	31946	15876	119083	183006	5.73
2012	90-94	0.22203	0.69169	2.28	16070	11116	50062	63923	3.98
2012	95-99	0.33956	0.83697	1.97	4955	4147	12212	13860	2.80
2012	100-104	0.48159	0.92641	1.68	808	748	1554	1648	2.04
2012	105-109	0.62780	0.96754	1.43	59	58	92	94	1.59
2012	110+	0.73930	1.00000	1.35	2	2	3	3	1.35
2013	0	0.00707	0.00702	0.06	100000	702	99343	7515916	75.16
2013	1-4	0.00034	0.00135	1.68	99298	134	396882	7416573	74.69
2013	5-9	0.00017	0.00084	2.41	99164	84	495603	7019692	70.79
2013	10-14	0.00018	0.00092	2.94	99080	91	495215	6524088	65.85
2013	15-19	0.00075	0.00374	3.04	98989	370	494221	6028873	60.90
2013	20-24	0.00134	0.00668	2.53	98619	659	491470	5534652	56.12
2013	25-29	0.00151	0.00750	2.51	97960	735	487970	5043182	51.48
2013	30-34	0.00165	0.00821	2.57	97226	798	484190	4555212	46.85
2013	35-39	0.00194	0.00966	2.59	96428	932	479889	4071022	42.22
2013	40-44	0.00273	0.01358	2.61	95496	1296	474385	3591133	37.61
2013	45-49	0.00428	0.02118	2.7	94200	1995	466401	3116748	33.09
2013	50-54	0.00693	0.03411	2.68	92205	3145	453719	2650348	28.74
2013	55-59	0.01069	0.05212	2.61	89059	4642	434216	2196629	24.66
2013	60-64	0.01494	0.07209	2.59	84418	6085	407421	1762412	20.88
2013	65-69	0.02090	0.09953	2.62	78332	7797	373068	1354991	17.30
2013	70-74	0.03116	0.14487	2.57	70536	10218	327888	981923	13.92
2013	75-79	0.04785	0.21452	2.59	60317	12939	270425	654035	10.84
2013	80-84	0.07718	0.32530	2.59	47378	15412	199684	383610	8.10
2013	85-89	0.13172	0.49356	2.46	31966	15777	119781	183925	5.75
2013	90-94	0.22202	0.68754	2.23	16189	11130	50133	64144	3.96
2013	95-99	0.34322	0.84063	1.97	5058	4252	12389	14011	2.77
2013	100-104	0.48868	0.92953	1.67	806	749	1533	1622	2.01
2013	105-109	0.63737	0.96935	1.41	57	55	86	89	1.56
2013	110+	0.74963	1.00000	1.33	2	2	2	2	1.33
2014	0	0.00701	0.00697	0.06	100000	697	99348	7521329	75.21
2014	1-4	0.00031	0.00123	1.73	99303	123	396935	7421981	74.74
2014	5-9	0.00017	0.00083	2.48	99181	83	495696	7025046	70.83
2014	10-14	0.00020	0.00099	2.86	99098	98	495281	6529350	65.89
2014	15-19	0.00074	0.00368	3.02	99000	364	494279	6034069	60.95
2014	20-24	0.00131	0.00651	2.6	98636	642	491642	5539790	56.16
2014	25-29	0.00148	0.00735	2.56	97994	720	488215	5048147	51.51
2014	30-34	0.00170	0.00847	2.58	97274	824	484373	4559933	46.88
2014	35-39	0.00200	0.00994	2.59	96450	959	479937	4075559	42.26
2014	40-44	0.00273	0.01354	2.63	95492	1293	474389	3595622	37.65
2014	45-49	0.00432	0.02138	2.67	94198	2014	466289	3121233	33.13
2014	50-54	0.00694	0.03416	2.65	92184	3149	453521	2654944	28.80
2014	55-59	0.01077	0.05253	2.62	89035	4677	434060	2201423	24.73
2014	60-64	0.01515	0.07309	2.59	84358	6166	406909	1767363	20.95
2014	65-69	0.02040	0.09723	2.59	78192	7603	372625	1360454	17.40
2014	70-74	0.03129	0.14557	2.61	70589	10275	328385	987829	13.99
2014	75-79	0.04781	0.21447	2.6	60313	12935	270546	659445	10.93
2014	80-84	0.07517	0.31801	2.58	47378	15066	200431	388898	8.21
2014	85-89	0.12943	0.48725	2.46	32312	15744	121635	188467	5.83
2014	90-94	0.21743	0.68169	2.26	16568	11294	51944	66832	4.03
2014	95-99	0.33583	0.83382	1.98	5274	4397	13094	14889	2.82
2014	100-104	0.47965	0.92580	1.68	876	811	1692	1795	2.05
2014	105-109	0.62810	0.96769	1.43	65	63	100	103	1.58
2014	110+	0.74119	1.00000	1.35	2	2	3	3	1.35
2015	0	0.00677	0.00673	0.06	100000	673	99369	7520810	75.21
2015	1-4	0.00035	0.00141	1.51	99327	141	396957	7421441	74.72
2015	5-9	0.00018	0.00088	2.18	99186	87	495686	7024483	70.82
2015	10-14	0.00019	0.00096	3.01	99099	95	495306	6528797	65.88
2015	15-19	0.00073	0.00363	3.07	99004	359	494326	6033490	60.94
2015	20-24	0.00137	0.00681	2.55	98644	672	491576	5539164	56.15
2015	25-29	0.00153	0.00764	2.56	97973	748	488038	5047588	51.52
2015	30-34	0.00176	0.00874	2.58	97224	850	484066	4559550	46.90
2015	35-39	0.00210	0.01045	2.59	96374	1007	479445	4075484	42.29
2015	40-44	0.00270	0.01342	2.66	95367	1280	473838	3596040	37.71
2015	45-49	0.00423	0.02093	2.68	94087	1969	465876	3122202	33.18
2015	50-54	0.00694	0.03413	2.7	92118	3144	453345	2656326	28.84
2015	55-59	0.01060	0.05169	2.64	88974	4600	434038	2202981	24.76
2015	60-64	0.01527	0.07366	2.61	84375	6215	407011	1768943	20.97
2015	65-69	0.02090	0.09948	2.58	78160	7776	371996	1361933	17.43
2015	70-74	0.03153	0.14664	2.62	70384	10321	327317	989937	14.06
2015	75-79	0.04694	0.21068	2.57	60063	12654	269600	662620	11.03
2015	80-84	0.07384	0.31285	2.56	47408	14832	200877	393020	8.29
2015	85-89	0.12636	0.47890	2.47	32577	15601	123463	192143	5.90
2015	90-94	0.21637	0.68048	2.27	16976	11552	53387	68680	4.05
2015	95-99	0.33618	0.83438	1.98	5424	4526	13462	15293	2.82
2015	100-104	0.48198	0.92692	1.68	898	833	1728	1831	2.04
2015	105-109	0.63216	0.96849	1.42	66	64	101	103	1.57
2015	110+	0.74605	1.00000	1.34	2	2	3	3	1.34
2016	0	0.00700	0.00695	0.06	100000	695	99349	7530854	75.31
2016	1-4	0.00034	0.00134	1.65	99305	133	396906	7431505	74.84
2016	5-9	0.00016	0.00081	2.31	99172	81	495641	7034599	70.93
2016	10-14	0.00018	0.00092	2.8	99091	91	495255	6538958	65.99
2016	15-19	0.00080	0.00397	3.03	99000	393	494225	6043703	61.05
2016	20-24	0.00143	0.00711	2.56	98607	701	491322	5549478	56.28
2016	25-29	0.00157	0.00784	2.51	97906	768	487616	5058156	51.66
2016	30-34	0.00177	0.00881	2.61	97138	856	483650	4570540	47.05
2016	35-39	0.00210	0.01046	2.55	96283	1007	478948	4086890	42.45
2016	40-44	0.00280	0.01393	2.62	95275	1327	473219	3607942	37.87
2016	45-49	0.00413	0.02047	2.67	93948	1923	465264	3134724	33.37
2016	50-54	0.00662	0.03261	2.68	92025	3001	453155	2669460	29.01
2016	55-59	0.01055	0.05150	2.67	89024	4585	434441	2216305	24.90
2016	60-64	0.01552	0.07485	2.62	84439	6320	407146	1781865	21.10
2016	65-69	0.02069	0.09857	2.61	78119	7700	372223	1374719	17.60
2016	70-74	0.03045	0.14209	2.65	70419	10006	328551	1002496	14.24
2016	75-79	0.04650	0.20894	2.58	60413	12623	271466	673945	11.16
2016	80-84	0.07175	0.30462	2.52	47790	14558	202887	402478	8.42
2016	85-89	0.12304	0.46862	2.46	33232	15573	126574	199591	6.01
2016	90-94	0.21201	0.67378	2.3	17659	11898	56121	73017	4.13
2016	95-99	0.32142	0.81968	2.01	5761	4722	14691	16896	2.93
2016	100-104	0.46140	0.91761	1.72	1039	953	2066	2206	2.12
2016	105-109	0.60872	0.96391	1.46	86	82	136	140	1.63
2016	110+	0.72292	1.00000	1.38	3	3	4	4	1.38
2017	0	0.00681	0.00677	0.06	100000	677	99366	7525443	75.25
2017	1-4	0.00032	0.00128	1.51	99323	127	396977	7426077	74.77
2017	5-9	0.00013	0.00066	2.5	99196	66	495818	7029100	70.86
2017	10-14	0.00022	0.00108	2.85	99131	108	495424	6533282	65.91
2017	15-19	0.00082	0.00407	3.04	99023	403	494326	6037859	60.97
2017	20-24	0.00142	0.00705	2.56	98620	696	491403	5543532	56.21
2017	25-29	0.00161	0.00800	2.5	97924	783	487664	5052130	51.59
2017	30-34	0.00183	0.00912	2.57	97141	886	483556	4564466	46.99
2017	35-39	0.00219	0.01087	2.58	96255	1046	478745	4080909	42.40
2017	40-44	0.00285	0.01418	2.61	95209	1350	472819	3602165	37.83
2017	45-49	0.00418	0.02069	2.63	93859	1942	464693	3129346	33.34
2017	50-54	0.00672	0.03307	2.7	91917	3040	452595	2664653	28.99
2017	55-59	0.01036	0.05055	2.62	88877	4493	433712	2212058	24.89
2017	60-64	0.01548	0.07466	2.63	84384	6300	406996	1778346	21.07
2017	65-69	0.02058	0.09802	2.59	78084	7654	371959	1371351	17.56
2017	70-74	0.03098	0.14428	2.62	70430	10162	328015	999392	14.19
2017	75-79	0.04672	0.20988	2.58	60269	12649	270766	671377	11.14
2017	80-84	0.07312	0.30959	2.53	47619	14742	201612	400611	8.41
2017	85-89	0.12237	0.46802	2.49	32877	15387	125741	198999	6.05
2017	90-94	0.20815	0.66415	2.28	17490	11616	55805	73258	4.19
2017	95-99	0.31683	0.81469	2.02	5874	4785	15104	17453	2.97
2017	100-104	0.45357	0.91367	1.73	1088	995	2193	2349	2.16
2017	105-109	0.59854	0.96167	1.47	94	90	151	156	1.66
2017	110+	0.71194	1.00000	1.4	4	4	5	5	1.40
2018	0	0.00648	0.00644	0.06	100000	644	99396	7537553	75.38
2018	1-4	0.00034	0.00138	1.67	99356	137	397104	7438157	74.86
2018	5-9	0.00013	0.00065	2.3	99219	64	495922	7041053	70.96
2018	10-14	0.00019	0.00097	2.85	99155	96	495567	6545131	66.01
2018	15-19	0.00075	0.00373	2.99	99059	369	494551	6049564	61.07
2018	20-24	0.00135	0.00672	2.55	98690	663	491822	5555014	56.29
2018	25-29	0.00156	0.00779	2.58	98027	764	488283	5063192	51.65
2018	30-34	0.00181	0.00902	2.57	97263	877	484185	4574909	47.04
2018	35-39	0.00229	0.01138	2.58	96386	1097	479272	4090724	42.44
2018	40-44	0.00276	0.01371	2.58	95288	1307	473278	3611451	37.90
2018	45-49	0.00417	0.02064	2.66	93982	1940	465365	3138173	33.39
2018	50-54	0.00645	0.03180	2.73	92041	2927	453555	2672808	29.04
2018	55-59	0.01045	0.05103	2.67	89115	4547	434981	2219253	24.90
2018	60-64	0.01542	0.07437	2.6	84567	6289	407770	1784272	21.10
2018	65-69	0.02123	0.10096	2.58	78278	7903	372239	1376502	17.58
2018	70-74	0.03025	0.14108	2.61	70376	9929	328194	1004263	14.27
2018	75-79	0.04708	0.21114	2.56	60447	12763	271078	676069	11.18
2018	80-84	0.07231	0.30646	2.51	47684	14613	202096	404991	8.49
2018	85-89	0.11943	0.46005	2.5	33071	15214	127391	202895	6.14
2018	90-94	0.20563	0.66056	2.29	17857	11795	57362	75503	4.23
2018	95-99	0.31410	0.81192	2.03	6061	4921	15668	18141	2.99
2018	100-104	0.45085	0.91238	1.74	1140	1040	2307	2474	2.17
2018	105-109	0.59626	0.96120	1.48	100	96	161	166	1.67
2018	110+	0.71020	1.00000	1.41	4	4	5	5	1.41
2019	0	0.00643	0.00639	0.06	100000	639	99401	7554652	75.55
2019	1-4	0.00030	0.00119	1.65	99361	119	397164	7455252	75.03
2019	5-9	0.00014	0.00072	2.38	99242	71	496023	7058088	71.12
2019	10-14	0.00021	0.00104	2.81	99171	103	495628	6562064	66.17
2019	15-19	0.00082	0.00411	3.01	99068	407	494528	6066436	61.24
2019	20-24	0.00138	0.00688	2.52	98661	679	491622	5571908	56.48
2019	25-29	0.00149	0.00743	2.6	97982	728	488160	5080286	51.85
2019	30-34	0.00182	0.00906	2.61	97254	881	484163	4592126	47.22
2019	35-39	0.00229	0.01137	2.61	96373	1096	479248	4107963	42.63
2019	40-44	0.00288	0.01432	2.59	95277	1364	473093	3628715	38.09
2019	45-49	0.00414	0.02049	2.62	93913	1924	464994	3155622	33.60
2019	50-54	0.00638	0.03144	2.67	91989	2892	453197	2690628	29.25
2019	55-59	0.01024	0.04998	2.66	89097	4453	435044	2237431	25.11
2019	60-64	0.01522	0.07345	2.63	84644	6217	408459	1802388	21.29
2019	65-69	0.02098	0.09982	2.57	78427	7828	373097	1393929	17.77
2019	70-74	0.02968	0.13844	2.58	70598	9774	329321	1020832	14.46
2019	75-79	0.04584	0.20637	2.59	60825	12552	273816	691511	11.37
2019	80-84	0.07222	0.30668	2.54	48273	14804	204982	417695	8.65
2019	85-89	0.11410	0.44359	2.49	33468	14846	130111	212713	6.36
2019	90-94	0.19438	0.64000	2.33	18622	11918	61313	82602	4.44
2019	95-99	0.29361	0.78841	2.06	6704	5285	18002	21288	3.18
2019	100-104	0.42015	0.89521	1.79	1418	1270	3022	3286	2.32
2019	105-109	0.55855	0.95167	1.54	149	141	253	264	1.78
2019	110+	0.67013	1.00000	1.49	7	7	11	11	1.49
