Div7: West South Central, Lifetables (period 1x5), Females Last modified: 20 Dec 2020, MPv5 (May07) 

Year     	Age	mx	qx	ax	lx	dx	Lx	Tx	ex
1960-1964	0	0.02472	0.02420	0.12	100000	2420	97876	7386514	73.87
1960-1964	1	0.00207	0.00207	0.5	97580	202	97480	7288638	74.69
1960-1964	2	0.00114	0.00113	0.5	97379	111	97324	7191159	73.85
1960-1964	3	0.00083	0.00083	0.5	97268	81	97228	7093835	72.93
1960-1964	4	0.00068	0.00068	0.5	97188	66	97155	6996607	71.99
1960-1964	5	0.00058	0.00058	0.5	97121	57	97093	6899453	71.04
1960-1964	6	0.00047	0.00047	0.5	97065	46	97042	6802359	70.08
1960-1964	7	0.00039	0.00039	0.5	97019	38	97000	6705318	69.11
1960-1964	8	0.00038	0.00038	0.5	96981	37	96963	6608318	68.14
1960-1964	9	0.00034	0.00034	0.5	96944	33	96928	6511355	67.17
1960-1964	10	0.00030	0.00030	0.5	96912	29	96897	6414427	66.19
1960-1964	11	0.00031	0.00031	0.5	96883	30	96868	6317530	65.21
1960-1964	12	0.00037	0.00037	0.5	96853	35	96835	6220662	64.23
1960-1964	13	0.00034	0.00034	0.5	96817	33	96801	6123827	63.25
1960-1964	14	0.00040	0.00040	0.5	96784	39	96765	6027026	62.27
1960-1964	15	0.00050	0.00050	0.5	96745	49	96721	5930261	61.30
1960-1964	16	0.00057	0.00057	0.5	96697	55	96669	5833541	60.33
1960-1964	17	0.00059	0.00059	0.5	96642	57	96613	5736871	59.36
1960-1964	18	0.00070	0.00070	0.5	96585	68	96551	5640258	58.40
1960-1964	19	0.00071	0.00071	0.5	96517	69	96482	5543707	57.44
1960-1964	20	0.00066	0.00066	0.5	96448	64	96416	5447225	56.48
1960-1964	21	0.00076	0.00076	0.5	96385	74	96348	5350809	55.52
1960-1964	22	0.00087	0.00087	0.5	96311	83	96269	5254461	54.56
1960-1964	23	0.00080	0.00080	0.5	96228	77	96189	5158192	53.60
1960-1964	24	0.00091	0.00091	0.5	96151	87	96107	5062003	52.65
1960-1964	25	0.00088	0.00088	0.5	96063	84	96021	4965896	51.69
1960-1964	26	0.00086	0.00086	0.5	95979	83	95938	4869874	50.74
1960-1964	27	0.00083	0.00083	0.5	95897	79	95857	4773936	49.78
1960-1964	28	0.00102	0.00101	0.5	95817	97	95769	4678079	48.82
1960-1964	29	0.00104	0.00104	0.5	95720	100	95670	4582310	47.87
1960-1964	30	0.00110	0.00110	0.5	95620	105	95568	4486640	46.92
1960-1964	31	0.00118	0.00118	0.5	95515	113	95459	4391072	45.97
1960-1964	32	0.00127	0.00127	0.5	95402	121	95342	4295614	45.03
1960-1964	33	0.00136	0.00136	0.5	95282	129	95217	4200272	44.08
1960-1964	34	0.00147	0.00147	0.5	95152	140	95082	4105055	43.14
1960-1964	35	0.00170	0.00170	0.5	95012	161	94932	4009972	42.20
1960-1964	36	0.00172	0.00172	0.5	94851	163	94769	3915041	41.28
1960-1964	37	0.00185	0.00185	0.5	94688	175	94600	3820271	40.35
1960-1964	38	0.00209	0.00209	0.5	94513	197	94414	3725671	39.42
1960-1964	39	0.00224	0.00224	0.5	94315	211	94210	3631257	38.50
1960-1964	40	0.00226	0.00226	0.5	94104	213	93998	3537047	37.59
1960-1964	41	0.00254	0.00253	0.5	93891	238	93773	3443049	36.67
1960-1964	42	0.00293	0.00292	0.5	93654	274	93517	3349277	35.76
1960-1964	43	0.00318	0.00317	0.5	93380	296	93232	3255760	34.87
1960-1964	44	0.00329	0.00328	0.5	93084	306	92931	3162528	33.97
1960-1964	45	0.00341	0.00340	0.5	92778	315	92621	3069597	33.09
1960-1964	46	0.00376	0.00376	0.5	92463	347	92289	2976976	32.20
1960-1964	47	0.00409	0.00408	0.5	92116	376	91928	2884687	31.32
1960-1964	48	0.00450	0.00449	0.5	91740	412	91534	2792759	30.44
1960-1964	49	0.00467	0.00466	0.5	91328	426	91115	2701225	29.58
1960-1964	50	0.00524	0.00523	0.5	90902	475	90665	2610110	28.71
1960-1964	51	0.00541	0.00540	0.5	90427	488	90183	2519445	27.86
1960-1964	52	0.00623	0.00622	0.5	89939	559	89659	2429262	27.01
1960-1964	53	0.00646	0.00644	0.5	89380	575	89092	2339603	26.18
1960-1964	54	0.00722	0.00720	0.5	88804	639	88485	2250511	25.34
1960-1964	55	0.00747	0.00745	0.5	88165	656	87837	2162026	24.52
1960-1964	56	0.00800	0.00796	0.5	87509	697	87161	2074189	23.70
1960-1964	57	0.00844	0.00840	0.5	86812	729	86447	1987028	22.89
1960-1964	58	0.00938	0.00933	0.5	86083	803	85681	1900581	22.08
1960-1964	59	0.01022	0.01017	0.5	85279	867	84846	1814900	21.28
1960-1964	60	0.01132	0.01125	0.5	84412	950	83937	1730054	20.50
1960-1964	61	0.01185	0.01178	0.5	83462	983	82971	1646116	19.72
1960-1964	62	0.01417	0.01407	0.5	82479	1161	81899	1563146	18.95
1960-1964	63	0.01494	0.01483	0.5	81319	1206	80716	1481246	18.22
1960-1964	64	0.01600	0.01587	0.5	80113	1272	79477	1400530	17.48
1960-1964	65	0.01828	0.01812	0.5	78841	1428	78127	1321053	16.76
1960-1964	66	0.01844	0.01827	0.5	77413	1415	76706	1242926	16.06
1960-1964	67	0.02068	0.02047	0.5	75998	1556	75220	1166220	15.35
1960-1964	68	0.02208	0.02184	0.5	74443	1626	73630	1091000	14.66
1960-1964	69	0.02402	0.02373	0.5	72817	1728	71953	1017370	13.97
1960-1964	70	0.02777	0.02739	0.5	71089	1947	70115	945417	13.30
1960-1964	71	0.02768	0.02730	0.5	69142	1888	68198	875302	12.66
1960-1964	72	0.03299	0.03245	0.5	67254	2182	66163	807104	12.00
1960-1964	73	0.03556	0.03494	0.5	65071	2274	63935	740942	11.39
1960-1964	74	0.03966	0.03889	0.5	62798	2442	61577	677007	10.78
1960-1964	75	0.04446	0.04349	0.5	60356	2625	59043	615430	10.20
1960-1964	76	0.04786	0.04674	0.5	57731	2698	56382	556387	9.64
1960-1964	77	0.05089	0.04963	0.5	55032	2731	53667	500006	9.09
1960-1964	78	0.05818	0.05654	0.5	52301	2957	50823	446339	8.53
1960-1964	79	0.06312	0.06119	0.5	49344	3020	47835	395516	8.02
1960-1964	80	0.07604	0.07325	0.5	46325	3393	44628	347681	7.51
1960-1964	81	0.07884	0.07585	0.5	42931	3256	41303	303053	7.06
1960-1964	82	0.09231	0.08824	0.5	39675	3501	37925	261750	6.60
1960-1964	83	0.10469	0.09948	0.5	36174	3599	34375	223825	6.19
1960-1964	84	0.11654	0.11012	0.5	32576	3587	30782	189450	5.82
1960-1964	85	0.12597	0.11851	0.5	28988	3435	27271	158669	5.47
1960-1964	86	0.13938	0.13030	0.5	25553	3330	23888	131398	5.14
1960-1964	87	0.15052	0.13998	0.5	22223	3111	20668	107510	4.84
1960-1964	88	0.16257	0.15035	0.5	19112	2874	17676	86842	4.54
1960-1964	89	0.18279	0.16749	0.5	16239	2720	14879	69167	4.26
1960-1964	90	0.20682	0.18744	0.5	13519	2534	12252	54288	4.02
1960-1964	91	0.20772	0.18817	0.5	10985	2067	9952	42036	3.83
1960-1964	92	0.22821	0.20484	0.5	8918	1827	8005	32084	3.60
1960-1964	93	0.24934	0.22170	0.5	7091	1572	6305	24080	3.40
1960-1964	94	0.25316	0.22471	0.5	5519	1240	4899	17774	3.22
1960-1964	95	0.28375	0.24849	0.5	4279	1063	3747	12875	3.01
1960-1964	96	0.30522	0.26481	0.5	3216	852	2790	9128	2.84
1960-1964	97	0.32757	0.28147	0.5	2364	665	2031	6338	2.68
1960-1964	98	0.35074	0.29841	0.5	1699	507	1445	4307	2.54
1960-1964	99	0.37463	0.31553	0.5	1192	376	1004	2862	2.40
1960-1964	100	0.39915	0.33274	0.5	816	271	680	1858	2.28
1960-1964	101	0.42418	0.34996	0.5	544	190	449	1178	2.16
1960-1964	102	0.44961	0.36709	0.5	354	130	289	729	2.06
1960-1964	103	0.47530	0.38404	0.5	224	86	181	440	1.96
1960-1964	104	0.50113	0.40072	0.5	138	55	110	259	1.88
1960-1964	105	0.52695	0.41706	0.5	83	34	65	149	1.80
1960-1964	106	0.55262	0.43299	0.5	48	21	38	83	1.73
1960-1964	107	0.57802	0.44842	0.5	27	12	21	45	1.66
1960-1964	108	0.60302	0.46332	0.5	15	7	12	24	1.61
1960-1964	109	0.62748	0.47763	0.5	8	4	6	13	1.56
1960-1964	110+	0.65131	1.00000	1.54	4	4	6	6	1.54
1965-1969	0	0.02161	0.02121	0.11	100000	2121	98120	7436111	74.36
1965-1969	1	0.00169	0.00169	0.5	97879	165	97797	7337991	74.97
1965-1969	2	0.00098	0.00098	0.5	97714	96	97666	7240194	74.10
1965-1969	3	0.00072	0.00072	0.5	97619	70	97584	7142528	73.17
1965-1969	4	0.00059	0.00059	0.5	97548	57	97520	7044944	72.22
1965-1969	5	0.00051	0.00051	0.5	97491	50	97466	6947425	71.26
1965-1969	6	0.00044	0.00044	0.5	97441	43	97420	6849958	70.30
1965-1969	7	0.00041	0.00041	0.5	97398	40	97378	6752538	69.33
1965-1969	8	0.00035	0.00035	0.5	97358	34	97341	6655160	68.36
1965-1969	9	0.00032	0.00032	0.5	97324	31	97309	6557819	67.38
1965-1969	10	0.00029	0.00029	0.5	97293	28	97279	6460510	66.40
1965-1969	11	0.00030	0.00030	0.5	97265	29	97251	6363231	65.42
1965-1969	12	0.00035	0.00035	0.5	97236	34	97219	6265981	64.44
1965-1969	13	0.00032	0.00032	0.5	97202	32	97186	6168762	63.46
1965-1969	14	0.00038	0.00038	0.5	97170	37	97152	6071576	62.48
1965-1969	15	0.00049	0.00049	0.5	97134	48	97110	5974424	61.51
1965-1969	16	0.00059	0.00059	0.5	97086	57	97057	5877314	60.54
1965-1969	17	0.00065	0.00065	0.5	97028	63	96997	5780257	59.57
1965-1969	18	0.00074	0.00074	0.5	96966	72	96929	5683260	58.61
1965-1969	19	0.00079	0.00079	0.5	96893	76	96855	5586331	57.65
1965-1969	20	0.00077	0.00077	0.5	96817	74	96780	5489476	56.70
1965-1969	21	0.00082	0.00082	0.5	96743	79	96703	5392696	55.74
1965-1969	22	0.00082	0.00082	0.5	96664	79	96624	5295993	54.79
1965-1969	23	0.00084	0.00084	0.5	96585	81	96544	5199368	53.83
1965-1969	24	0.00089	0.00089	0.5	96504	86	96461	5102824	52.88
1965-1969	25	0.00090	0.00090	0.5	96418	87	96374	5006363	51.92
1965-1969	26	0.00087	0.00087	0.5	96331	84	96289	4909989	50.97
1965-1969	27	0.00091	0.00091	0.5	96247	87	96204	4813700	50.01
1965-1969	28	0.00105	0.00105	0.5	96160	101	96109	4717497	49.06
1965-1969	29	0.00096	0.00096	0.5	96059	92	96013	4621387	48.11
1965-1969	30	0.00108	0.00108	0.5	95966	104	95914	4525374	47.16
1965-1969	31	0.00121	0.00120	0.5	95862	115	95805	4429460	46.21
1965-1969	32	0.00131	0.00131	0.5	95747	125	95684	4333655	45.26
1965-1969	33	0.00139	0.00139	0.5	95622	133	95555	4237971	44.32
1965-1969	34	0.00157	0.00157	0.5	95489	150	95414	4142416	43.38
1965-1969	35	0.00157	0.00157	0.5	95339	149	95264	4047002	42.45
1965-1969	36	0.00176	0.00175	0.5	95189	167	95106	3951738	41.51
1965-1969	37	0.00187	0.00187	0.5	95022	177	94934	3856632	40.59
1965-1969	38	0.00201	0.00201	0.5	94845	190	94750	3761698	39.66
1965-1969	39	0.00226	0.00226	0.5	94655	214	94548	3666948	38.74
1965-1969	40	0.00258	0.00257	0.5	94441	243	94320	3572400	37.83
1965-1969	41	0.00262	0.00262	0.5	94198	247	94075	3478080	36.92
1965-1969	42	0.00293	0.00293	0.5	93951	275	93814	3384005	36.02
1965-1969	43	0.00318	0.00317	0.5	93676	297	93528	3290191	35.12
1965-1969	44	0.00318	0.00318	0.5	93379	297	93231	3196664	34.23
1965-1969	45	0.00341	0.00340	0.5	93082	317	92924	3103433	33.34
1965-1969	46	0.00381	0.00380	0.5	92766	353	92589	3010509	32.45
1965-1969	47	0.00404	0.00404	0.5	92413	373	92227	2917920	31.57
1965-1969	48	0.00442	0.00441	0.5	92040	406	91837	2825693	30.70
1965-1969	49	0.00473	0.00472	0.5	91634	432	91418	2733856	29.83
1965-1969	50	0.00514	0.00513	0.5	91202	468	90968	2642437	28.97
1965-1969	51	0.00536	0.00534	0.5	90734	485	90492	2551469	28.12
1965-1969	52	0.00609	0.00607	0.5	90250	548	89976	2460977	27.27
1965-1969	53	0.00633	0.00631	0.5	89702	566	89419	2371001	26.43
1965-1969	54	0.00696	0.00693	0.5	89136	618	88827	2281582	25.60
1965-1969	55	0.00763	0.00760	0.5	88518	673	88182	2192755	24.77
1965-1969	56	0.00810	0.00807	0.5	87845	709	87491	2104573	23.96
1965-1969	57	0.00836	0.00832	0.5	87136	725	86774	2017082	23.15
1965-1969	58	0.00938	0.00933	0.5	86411	807	86008	1930308	22.34
1965-1969	59	0.00994	0.00989	0.5	85605	846	85182	1844300	21.54
1965-1969	60	0.01105	0.01099	0.5	84758	931	84293	1759118	20.75
1965-1969	61	0.01110	0.01104	0.5	83827	925	83364	1674826	19.98
1965-1969	62	0.01321	0.01313	0.5	82902	1088	82357	1591461	19.20
1965-1969	63	0.01342	0.01333	0.5	81813	1091	81268	1509104	18.45
1965-1969	64	0.01525	0.01513	0.5	80722	1222	80111	1427836	17.69
1965-1969	65	0.01715	0.01701	0.5	79501	1352	78825	1347725	16.95
1965-1969	66	0.01808	0.01791	0.5	78148	1400	77448	1268900	16.24
1965-1969	67	0.02072	0.02050	0.5	76749	1574	75962	1191452	15.52
1965-1969	68	0.02253	0.02228	0.5	75175	1675	74338	1115490	14.84
1965-1969	69	0.02345	0.02317	0.5	73500	1703	72649	1041152	14.17
1965-1969	70	0.02609	0.02576	0.5	71797	1849	70872	968504	13.49
1965-1969	71	0.02783	0.02745	0.5	69948	1920	68988	897631	12.83
1965-1969	72	0.03203	0.03152	0.5	68028	2144	66956	828644	12.18
1965-1969	73	0.03448	0.03390	0.5	65883	2233	64767	761688	11.56
1965-1969	74	0.03835	0.03762	0.5	63650	2395	62453	696921	10.95
1965-1969	75	0.04222	0.04135	0.5	61255	2533	59989	634469	10.36
1965-1969	76	0.04655	0.04549	0.5	58722	2671	57387	574480	9.78
1965-1969	77	0.05097	0.04970	0.5	56051	2786	54658	517093	9.23
1965-1969	78	0.05840	0.05674	0.5	53265	3022	51754	462435	8.68
1965-1969	79	0.06298	0.06106	0.5	50243	3068	48709	410682	8.17
1965-1969	80	0.07316	0.07058	0.5	47175	3330	45510	361973	7.67
1965-1969	81	0.07704	0.07418	0.5	43845	3253	42219	316462	7.22
1965-1969	82	0.08586	0.08233	0.5	40593	3342	38922	274243	6.76
1965-1969	83	0.09914	0.09445	0.5	37251	3519	35492	235321	6.32
1965-1969	84	0.11017	0.10442	0.5	33732	3522	31971	199830	5.92
1965-1969	85	0.12065	0.11379	0.5	30210	3438	28491	167858	5.56
1965-1969	86	0.13275	0.12449	0.5	26773	3333	25106	139367	5.21
1965-1969	87	0.15293	0.14206	0.5	23440	3330	21775	114261	4.87
1965-1969	88	0.16180	0.14969	0.5	20110	3010	18605	92486	4.60
1965-1969	89	0.17829	0.16369	0.5	17100	2799	15700	73881	4.32
1965-1969	90	0.19323	0.17621	0.5	14300	2520	13041	58181	4.07
1965-1969	91	0.20726	0.18780	0.5	11781	2212	10674	45141	3.83
1965-1969	92	0.22580	0.20289	0.5	9568	1941	8598	34466	3.60
1965-1969	93	0.23902	0.21350	0.5	7627	1628	6813	25869	3.39
1965-1969	94	0.27138	0.23895	0.5	5999	1433	5282	19056	3.18
1965-1969	95	0.28160	0.24684	0.5	4565	1127	4002	13774	3.02
1965-1969	96	0.30359	0.26358	0.5	3438	906	2985	9772	2.84
1965-1969	97	0.32652	0.28070	0.5	2532	711	2177	6787	2.68
1965-1969	98	0.35032	0.29810	0.5	1821	543	1550	4611	2.53
1965-1969	99	0.37488	0.31570	0.5	1278	404	1077	3061	2.39
1965-1969	100	0.40010	0.33340	0.5	875	292	729	1984	2.27
1965-1969	101	0.42586	0.35110	0.5	583	205	481	1255	2.15
1965-1969	102	0.45203	0.36870	0.5	378	140	309	774	2.05
1965-1969	103	0.47847	0.38610	0.5	239	92	193	466	1.95
1965-1969	104	0.50503	0.40321	0.5	147	59	117	273	1.86
1965-1969	105	0.53156	0.41995	0.5	88	37	69	156	1.78
1965-1969	106	0.55792	0.43623	0.5	51	22	40	87	1.71
1965-1969	107	0.58395	0.45198	0.5	29	13	22	47	1.65
1965-1969	108	0.60952	0.46715	0.5	16	7	12	25	1.59
1965-1969	109	0.63451	0.48169	0.5	8	4	6	13	1.55
1965-1969	110+	0.65879	1.00000	1.52	4	4	7	7	1.52
1970-1974	0	0.01797	0.01768	0.1	100000	1768	98414	7511021	75.11
1970-1974	1	0.00131	0.00130	0.5	98232	128	98168	7412607	75.46
1970-1974	2	0.00076	0.00076	0.5	98104	74	98066	7314439	74.56
1970-1974	3	0.00061	0.00061	0.5	98029	60	98000	7216372	73.61
1970-1974	4	0.00053	0.00053	0.5	97970	52	97944	7118373	72.66
1970-1974	5	0.00041	0.00041	0.5	97918	40	97898	7020429	71.70
1970-1974	6	0.00040	0.00040	0.5	97878	39	97858	6922530	70.73
1970-1974	7	0.00037	0.00037	0.5	97839	36	97820	6824672	69.75
1970-1974	8	0.00032	0.00032	0.5	97802	31	97787	6726852	68.78
1970-1974	9	0.00032	0.00032	0.5	97771	31	97756	6629065	67.80
1970-1974	10	0.00029	0.00029	0.5	97740	29	97726	6531309	66.82
1970-1974	11	0.00031	0.00031	0.5	97712	30	97697	6433583	65.84
1970-1974	12	0.00029	0.00029	0.5	97682	28	97667	6335886	64.86
1970-1974	13	0.00032	0.00032	0.5	97653	31	97638	6238219	63.88
1970-1974	14	0.00038	0.00038	0.5	97622	37	97604	6140581	62.90
1970-1974	15	0.00048	0.00048	0.5	97585	47	97562	6042977	61.93
1970-1974	16	0.00059	0.00059	0.5	97539	57	97510	5945415	60.95
1970-1974	17	0.00065	0.00065	0.5	97481	63	97450	5847905	59.99
1970-1974	18	0.00074	0.00074	0.5	97418	72	97382	5750455	59.03
1970-1974	19	0.00080	0.00080	0.5	97346	78	97307	5653073	58.07
1970-1974	20	0.00075	0.00075	0.5	97268	73	97231	5555767	57.12
1970-1974	21	0.00079	0.00079	0.5	97195	77	97156	5458535	56.16
1970-1974	22	0.00077	0.00077	0.5	97118	74	97081	5361379	55.20
1970-1974	23	0.00077	0.00077	0.5	97044	75	97006	5264298	54.25
1970-1974	24	0.00081	0.00081	0.5	96969	78	96929	5167292	53.29
1970-1974	25	0.00087	0.00087	0.5	96890	85	96848	5070363	52.33
1970-1974	26	0.00084	0.00084	0.5	96806	82	96765	4973515	51.38
1970-1974	27	0.00087	0.00087	0.5	96724	84	96682	4876750	50.42
1970-1974	28	0.00093	0.00093	0.5	96640	90	96595	4780068	49.46
1970-1974	29	0.00104	0.00104	0.5	96550	100	96500	4683473	48.51
1970-1974	30	0.00106	0.00106	0.5	96450	102	96399	4586973	47.56
1970-1974	31	0.00108	0.00108	0.5	96348	104	96296	4490574	46.61
1970-1974	32	0.00113	0.00113	0.5	96244	109	96190	4394278	45.66
1970-1974	33	0.00131	0.00131	0.5	96135	126	96072	4298088	44.71
1970-1974	34	0.00135	0.00135	0.5	96009	130	95944	4202016	43.77
1970-1974	35	0.00153	0.00152	0.5	95880	146	95806	4106071	42.83
1970-1974	36	0.00154	0.00154	0.5	95733	148	95660	4010265	41.89
1970-1974	37	0.00183	0.00183	0.5	95586	174	95499	3914605	40.95
1970-1974	38	0.00205	0.00204	0.5	95411	195	95314	3819107	40.03
1970-1974	39	0.00214	0.00213	0.5	95216	203	95115	3723793	39.11
1970-1974	40	0.00238	0.00238	0.5	95013	226	94900	3628679	38.19
1970-1974	41	0.00247	0.00246	0.5	94787	234	94670	3533779	37.28
1970-1974	42	0.00281	0.00281	0.5	94554	266	94421	3439108	36.37
1970-1974	43	0.00290	0.00289	0.5	94288	273	94152	3344687	35.47
1970-1974	44	0.00321	0.00321	0.5	94015	302	93865	3250536	34.57
1970-1974	45	0.00341	0.00340	0.5	93714	319	93554	3156671	33.68
1970-1974	46	0.00380	0.00379	0.5	93395	354	93218	3063117	32.80
1970-1974	47	0.00409	0.00408	0.5	93041	380	92851	2969899	31.92
1970-1974	48	0.00446	0.00445	0.5	92661	412	92455	2877048	31.05
1970-1974	49	0.00456	0.00455	0.5	92249	420	92039	2784593	30.19
1970-1974	50	0.00525	0.00523	0.5	91830	481	91589	2692553	29.32
1970-1974	51	0.00528	0.00527	0.5	91349	481	91108	2600964	28.47
1970-1974	52	0.00594	0.00592	0.5	90868	538	90599	2509856	27.62
1970-1974	53	0.00635	0.00633	0.5	90330	572	90044	2419257	26.78
1970-1974	54	0.00675	0.00673	0.5	89758	604	89456	2329213	25.95
1970-1974	55	0.00701	0.00698	0.5	89154	623	88842	2239757	25.12
1970-1974	56	0.00781	0.00778	0.5	88531	689	88187	2150915	24.30
1970-1974	57	0.00846	0.00843	0.5	87842	740	87472	2062728	23.48
1970-1974	58	0.00921	0.00916	0.5	87102	798	86703	1975256	22.68
1970-1974	59	0.00997	0.00992	0.5	86304	857	85876	1888553	21.88
1970-1974	60	0.01080	0.01074	0.5	85448	918	84989	1802677	21.10
1970-1974	61	0.01159	0.01152	0.5	84530	974	84043	1717688	20.32
1970-1974	62	0.01318	0.01309	0.5	83556	1094	83009	1633645	19.55
1970-1974	63	0.01397	0.01387	0.5	82462	1144	81890	1550636	18.80
1970-1974	64	0.01513	0.01501	0.5	81318	1221	80708	1468746	18.06
1970-1974	65	0.01627	0.01614	0.5	80097	1293	79451	1388038	17.33
1970-1974	66	0.01735	0.01720	0.5	78805	1356	78127	1308587	16.61
1970-1974	67	0.01871	0.01853	0.5	77449	1435	76731	1230461	15.89
1970-1974	68	0.02016	0.01996	0.5	76014	1517	75255	1153729	15.18
1970-1974	69	0.02205	0.02181	0.5	74497	1625	73684	1078474	14.48
1970-1974	70	0.02564	0.02532	0.5	72872	1845	71949	1004790	13.79
1970-1974	71	0.02713	0.02677	0.5	71026	1901	70076	932841	13.13
1970-1974	72	0.03044	0.02998	0.5	69125	2073	68089	862766	12.48
1970-1974	73	0.03415	0.03358	0.5	67052	2251	65927	794677	11.85
1970-1974	74	0.03729	0.03660	0.5	64801	2372	63615	728750	11.25
1970-1974	75	0.04068	0.03987	0.5	62429	2489	61185	665135	10.65
1970-1974	76	0.04449	0.04352	0.5	59940	2609	58636	603950	10.08
1970-1974	77	0.04787	0.04675	0.5	57331	2680	55991	545315	9.51
1970-1974	78	0.05472	0.05326	0.5	54651	2911	53196	489323	8.95
1970-1974	79	0.06095	0.05915	0.5	51740	3060	50210	436127	8.43
1970-1974	80	0.06840	0.06613	0.5	48680	3219	47070	385917	7.93
1970-1974	81	0.07516	0.07244	0.5	45460	3293	43814	338847	7.45
1970-1974	82	0.08289	0.07959	0.5	42167	3356	40489	295034	7.00
1970-1974	83	0.09169	0.08767	0.5	38811	3403	37110	254544	6.56
1970-1974	84	0.10453	0.09934	0.5	35408	3517	33650	217434	6.14
1970-1974	85	0.11395	0.10781	0.5	31891	3438	30172	183785	5.76
1970-1974	86	0.12852	0.12076	0.5	28453	3436	26735	153613	5.40
1970-1974	87	0.13995	0.13080	0.5	25017	3272	23381	126878	5.07
1970-1974	88	0.15667	0.14529	0.5	21745	3159	20165	103497	4.76
1970-1974	89	0.16749	0.15454	0.5	18585	2872	17149	83332	4.48
1970-1974	90	0.18478	0.16915	0.5	15713	2658	14384	66183	4.21
1970-1974	91	0.19358	0.17650	0.5	13055	2304	11903	51799	3.97
1970-1974	92	0.21415	0.19344	0.5	10751	2080	9711	39895	3.71
1970-1974	93	0.23614	0.21121	0.5	8671	1831	7756	30184	3.48
1970-1974	94	0.25787	0.22842	0.5	6840	1562	6059	22429	3.28
1970-1974	95	0.27159	0.23912	0.5	5278	1262	4647	16370	3.10
1970-1974	96	0.29327	0.25577	0.5	4016	1027	3502	11723	2.92
1970-1974	97	0.31593	0.27284	0.5	2989	815	2581	8221	2.75
1970-1974	98	0.33951	0.29024	0.5	2173	631	1858	5640	2.60
1970-1974	99	0.36390	0.30788	0.5	1542	475	1305	3782	2.45
1970-1974	100	0.38902	0.32567	0.5	1068	348	894	2477	2.32
1970-1974	101	0.41473	0.34350	0.5	720	247	596	1584	2.20
1970-1974	102	0.44093	0.36128	0.5	473	171	387	987	2.09
1970-1974	103	0.46745	0.37889	0.5	302	114	245	600	1.99
1970-1974	104	0.49416	0.39625	0.5	187	74	150	356	1.90
1970-1974	105	0.52090	0.41327	0.5	113	47	90	205	1.81
1970-1974	106	0.54753	0.42985	0.5	66	29	52	115	1.74
1970-1974	107	0.57388	0.44593	0.5	38	17	29	63	1.67
1970-1974	108	0.59982	0.46143	0.5	21	10	16	34	1.61
1970-1974	109	0.62522	0.47632	0.5	11	5	9	18	1.57
1970-1974	110+	0.64994	1.00000	1.54	6	6	9	9	1.54
1975-1979	0	0.01424	0.01406	0.09	100000	1406	98724	7674836	76.75
1975-1979	1	0.00111	0.00111	0.5	98594	109	98539	7576112	76.84
1975-1979	2	0.00067	0.00067	0.5	98485	66	98451	7477573	75.93
1975-1979	3	0.00050	0.00050	0.5	98418	50	98393	7379121	74.98
1975-1979	4	0.00044	0.00044	0.5	98369	43	98347	7280728	74.01
1975-1979	5	0.00036	0.00036	0.5	98326	35	98308	7182381	73.05
1975-1979	6	0.00033	0.00033	0.5	98291	32	98275	7084073	72.07
1975-1979	7	0.00027	0.00027	0.5	98259	27	98245	6985798	71.10
1975-1979	8	0.00027	0.00027	0.5	98232	26	98218	6887553	70.12
1975-1979	9	0.00023	0.00023	0.5	98205	22	98194	6789335	69.13
1975-1979	10	0.00027	0.00027	0.5	98183	26	98170	6691140	68.15
1975-1979	11	0.00026	0.00026	0.5	98157	25	98144	6592970	67.17
1975-1979	12	0.00028	0.00028	0.5	98132	27	98118	6494826	66.18
1975-1979	13	0.00029	0.00029	0.5	98105	28	98091	6396708	65.20
1975-1979	14	0.00035	0.00035	0.5	98076	34	98059	6298617	64.22
1975-1979	15	0.00040	0.00040	0.5	98042	39	98023	6200558	63.24
1975-1979	16	0.00053	0.00053	0.5	98003	52	97977	6102535	62.27
1975-1979	17	0.00061	0.00061	0.5	97951	60	97921	6004558	61.30
1975-1979	18	0.00065	0.00065	0.5	97891	63	97860	5906637	60.34
1975-1979	19	0.00069	0.00069	0.5	97828	67	97794	5808778	59.38
1975-1979	20	0.00071	0.00071	0.5	97761	69	97726	5710983	58.42
1975-1979	21	0.00070	0.00070	0.5	97691	68	97657	5613257	57.46
1975-1979	22	0.00075	0.00075	0.5	97623	73	97586	5515600	56.50
1975-1979	23	0.00068	0.00068	0.5	97550	66	97517	5418014	55.54
1975-1979	24	0.00071	0.00071	0.5	97484	69	97449	5320498	54.58
1975-1979	25	0.00067	0.00067	0.5	97415	66	97382	5223049	53.62
1975-1979	26	0.00072	0.00072	0.5	97349	71	97314	5125667	52.65
1975-1979	27	0.00078	0.00078	0.5	97278	75	97241	5028353	51.69
1975-1979	28	0.00081	0.00081	0.5	97203	79	97164	4931112	50.73
1975-1979	29	0.00080	0.00080	0.5	97124	78	97085	4833949	49.77
1975-1979	30	0.00088	0.00088	0.5	97046	85	97003	4736864	48.81
1975-1979	31	0.00087	0.00087	0.5	96961	84	96919	4639860	47.85
1975-1979	32	0.00097	0.00097	0.5	96877	94	96830	4542942	46.89
1975-1979	33	0.00100	0.00100	0.5	96782	97	96734	4446112	45.94
1975-1979	34	0.00112	0.00112	0.5	96686	108	96632	4349378	44.98
1975-1979	35	0.00131	0.00131	0.5	96577	127	96514	4252746	44.03
1975-1979	36	0.00130	0.00130	0.5	96451	126	96388	4156232	43.09
1975-1979	37	0.00143	0.00143	0.5	96325	138	96256	4059844	42.15
1975-1979	38	0.00161	0.00161	0.5	96187	155	96110	3963588	41.21
1975-1979	39	0.00183	0.00183	0.5	96032	176	95944	3867478	40.27
1975-1979	40	0.00186	0.00185	0.5	95856	178	95767	3771534	39.35
1975-1979	41	0.00208	0.00208	0.5	95679	199	95579	3675767	38.42
1975-1979	42	0.00235	0.00234	0.5	95480	224	95368	3580188	37.50
1975-1979	43	0.00254	0.00253	0.5	95256	241	95135	3484820	36.58
1975-1979	44	0.00265	0.00264	0.5	95014	251	94889	3389685	35.68
1975-1979	45	0.00298	0.00297	0.5	94763	282	94623	3294796	34.77
1975-1979	46	0.00335	0.00334	0.5	94482	316	94324	3200173	33.87
1975-1979	47	0.00357	0.00357	0.5	94166	336	93998	3105849	32.98
1975-1979	48	0.00381	0.00380	0.5	93830	356	93652	3011851	32.10
1975-1979	49	0.00423	0.00422	0.5	93474	395	93276	2918200	31.22
1975-1979	50	0.00469	0.00468	0.5	93079	435	92861	2824923	30.35
1975-1979	51	0.00494	0.00493	0.5	92643	457	92415	2732063	29.49
1975-1979	52	0.00550	0.00548	0.5	92186	506	91934	2639648	28.63
1975-1979	53	0.00571	0.00570	0.5	91681	522	91420	2547714	27.79
1975-1979	54	0.00609	0.00607	0.5	91159	554	90882	2456294	26.95
1975-1979	55	0.00667	0.00665	0.5	90605	602	90304	2365413	26.11
1975-1979	56	0.00727	0.00724	0.5	90003	652	89677	2275109	25.28
1975-1979	57	0.00800	0.00797	0.5	89351	712	88995	2185432	24.46
1975-1979	58	0.00841	0.00837	0.5	88639	742	88268	2096437	23.65
1975-1979	59	0.00904	0.00900	0.5	87897	791	87502	2008169	22.85
1975-1979	60	0.00978	0.00973	0.5	87106	848	86682	1920667	22.05
1975-1979	61	0.01085	0.01079	0.5	86258	931	85793	1833985	21.26
1975-1979	62	0.01140	0.01134	0.5	85327	967	84844	1748193	20.49
1975-1979	63	0.01218	0.01210	0.5	84360	1021	83849	1663349	19.72
1975-1979	64	0.01327	0.01319	0.5	83339	1099	82789	1579499	18.95
1975-1979	65	0.01448	0.01438	0.5	82240	1182	81649	1496710	18.20
1975-1979	66	0.01589	0.01577	0.5	81058	1278	80419	1415061	17.46
1975-1979	67	0.01700	0.01686	0.5	79780	1345	79107	1334642	16.73
1975-1979	68	0.01828	0.01811	0.5	78435	1421	77724	1255535	16.01
1975-1979	69	0.02034	0.02014	0.5	77014	1551	76239	1177811	15.29
1975-1979	70	0.02228	0.02204	0.5	75463	1663	74632	1101572	14.60
1975-1979	71	0.02433	0.02404	0.5	73800	1774	72913	1026941	13.92
1975-1979	72	0.02630	0.02595	0.5	72026	1869	71092	954027	13.25
1975-1979	73	0.02914	0.02872	0.5	70157	2015	69150	882936	12.59
1975-1979	74	0.03241	0.03189	0.5	68142	2173	67055	813786	11.94
1975-1979	75	0.03672	0.03606	0.5	65969	2379	64780	746731	11.32
1975-1979	76	0.03955	0.03878	0.5	63590	2466	62357	681951	10.72
1975-1979	77	0.04302	0.04212	0.5	61124	2574	59837	619594	10.14
1975-1979	78	0.04883	0.04767	0.5	58550	2791	57154	559757	9.56
1975-1979	79	0.05247	0.05113	0.5	55759	2851	54333	502603	9.01
1975-1979	80	0.06052	0.05874	0.5	52908	3108	51354	448269	8.47
1975-1979	81	0.06672	0.06457	0.5	49800	3215	48192	396915	7.97
1975-1979	82	0.07504	0.07233	0.5	46585	3369	44900	348723	7.49
1975-1979	83	0.08299	0.07968	0.5	43215	3443	41494	303823	7.03
1975-1979	84	0.09316	0.08901	0.5	39772	3540	38002	262330	6.60
1975-1979	85	0.10148	0.09658	0.5	36232	3499	34482	224328	6.19
1975-1979	86	0.11467	0.10845	0.5	32733	3550	30958	189846	5.80
1975-1979	87	0.12382	0.11660	0.5	29183	3403	27481	158888	5.44
1975-1979	88	0.13631	0.12761	0.5	25780	3290	24135	131407	5.10
1975-1979	89	0.15176	0.14106	0.5	22490	3172	20904	107272	4.77
1975-1979	90	0.16967	0.15641	0.5	19318	3021	17807	86368	4.47
1975-1979	91	0.17962	0.16482	0.5	16296	2686	14953	68561	4.21
1975-1979	92	0.19854	0.18061	0.5	13610	2458	12381	53608	3.94
1975-1979	93	0.21868	0.19713	0.5	11152	2198	10053	41227	3.70
1975-1979	94	0.23832	0.21294	0.5	8954	1907	8000	31174	3.48
1975-1979	95	0.25129	0.22324	0.5	7047	1573	6261	23173	3.29
1975-1979	96	0.27228	0.23966	0.5	5474	1312	4818	16913	3.09
1975-1979	97	0.29434	0.25658	0.5	4162	1068	3628	12095	2.91
1975-1979	98	0.31740	0.27393	0.5	3094	848	2670	8467	2.74
1975-1979	99	0.34140	0.29162	0.5	2247	655	1919	5796	2.58
1975-1979	100	0.36624	0.30955	0.5	1591	493	1345	3877	2.44
1975-1979	101	0.39180	0.32762	0.5	1099	360	919	2532	2.30
1975-1979	102	0.41798	0.34573	0.5	739	255	611	1613	2.18
1975-1979	103	0.44463	0.36376	0.5	483	176	395	1002	2.07
1975-1979	104	0.47160	0.38161	0.5	308	117	249	607	1.97
1975-1979	105	0.49873	0.39919	0.5	190	76	152	358	1.88
1975-1979	106	0.52588	0.41639	0.5	114	48	90	206	1.80
1975-1979	107	0.55287	0.43313	0.5	67	29	52	115	1.73
1975-1979	108	0.57955	0.44934	0.5	38	17	29	63	1.66
1975-1979	109	0.60578	0.46495	0.5	21	10	16	34	1.61
1975-1979	110+	0.63141	1.00000	1.58	11	11	18	18	1.58
1980-1984	0	0.01059	0.01048	0.08	100000	1048	99038	7766515	77.67
1980-1984	1	0.00092	0.00092	0.5	98952	91	98906	7667477	77.49
1980-1984	2	0.00061	0.00061	0.5	98861	60	98831	7568571	76.56
1980-1984	3	0.00048	0.00048	0.5	98800	47	98777	7469740	75.60
1980-1984	4	0.00036	0.00036	0.5	98753	36	98735	7370963	74.64
1980-1984	5	0.00031	0.00031	0.5	98717	31	98702	7272228	73.67
1980-1984	6	0.00028	0.00028	0.5	98687	27	98673	7173526	72.69
1980-1984	7	0.00026	0.00026	0.5	98660	26	98647	7074853	71.71
1980-1984	8	0.00023	0.00023	0.5	98634	23	98623	6976206	70.73
1980-1984	9	0.00023	0.00023	0.5	98611	23	98600	6877584	69.74
1980-1984	10	0.00018	0.00018	0.5	98588	18	98579	6778984	68.76
1980-1984	11	0.00022	0.00022	0.5	98570	22	98560	6680404	67.77
1980-1984	12	0.00025	0.00025	0.5	98549	25	98536	6581845	66.79
1980-1984	13	0.00025	0.00025	0.5	98524	25	98512	6483308	65.80
1980-1984	14	0.00029	0.00029	0.5	98499	28	98485	6384797	64.82
1980-1984	15	0.00038	0.00038	0.5	98471	38	98452	6286312	63.84
1980-1984	16	0.00046	0.00046	0.5	98433	45	98410	6187860	62.86
1980-1984	17	0.00057	0.00057	0.5	98388	56	98359	6089450	61.89
1980-1984	18	0.00062	0.00062	0.5	98331	61	98301	5991090	60.93
1980-1984	19	0.00067	0.00067	0.5	98270	66	98237	5892789	59.97
1980-1984	20	0.00067	0.00067	0.5	98204	66	98171	5794552	59.01
1980-1984	21	0.00069	0.00069	0.5	98138	67	98105	5696381	58.04
1980-1984	22	0.00072	0.00072	0.5	98071	70	98036	5598276	57.08
1980-1984	23	0.00070	0.00070	0.5	98001	69	97966	5500240	56.12
1980-1984	24	0.00069	0.00069	0.5	97932	68	97898	5402274	55.16
1980-1984	25	0.00069	0.00069	0.5	97864	68	97830	5304376	54.20
1980-1984	26	0.00071	0.00071	0.5	97796	70	97761	5206546	53.24
1980-1984	27	0.00070	0.00070	0.5	97727	69	97692	5108785	52.28
1980-1984	28	0.00080	0.00080	0.5	97658	78	97619	5011092	51.31
1980-1984	29	0.00077	0.00077	0.5	97580	75	97542	4913474	50.35
1980-1984	30	0.00078	0.00078	0.5	97505	76	97467	4815932	49.39
1980-1984	31	0.00085	0.00085	0.5	97428	83	97387	4718465	48.43
1980-1984	32	0.00083	0.00083	0.5	97345	81	97305	4621078	47.47
1980-1984	33	0.00094	0.00094	0.5	97264	91	97219	4523773	46.51
1980-1984	34	0.00100	0.00100	0.5	97173	97	97125	4426555	45.55
1980-1984	35	0.00102	0.00102	0.5	97076	99	97026	4329430	44.60
1980-1984	36	0.00114	0.00114	0.5	96977	110	96922	4232404	43.64
1980-1984	37	0.00134	0.00134	0.5	96867	130	96802	4135482	42.69
1980-1984	38	0.00144	0.00144	0.5	96737	140	96667	4038680	41.75
1980-1984	39	0.00149	0.00149	0.5	96598	144	96526	3942012	40.81
1980-1984	40	0.00159	0.00158	0.5	96453	153	96377	3845487	39.87
1980-1984	41	0.00180	0.00179	0.5	96301	173	96214	3749110	38.93
1980-1984	42	0.00197	0.00197	0.5	96128	189	96033	3652896	38.00
1980-1984	43	0.00210	0.00210	0.5	95938	202	95838	3556863	37.07
1980-1984	44	0.00233	0.00233	0.5	95737	223	95625	3461025	36.15
1980-1984	45	0.00259	0.00259	0.5	95514	247	95390	3365400	35.23
1980-1984	46	0.00291	0.00291	0.5	95266	277	95128	3270010	34.32
1980-1984	47	0.00301	0.00301	0.5	94989	286	94846	3174882	33.42
1980-1984	48	0.00348	0.00347	0.5	94704	329	94539	3080035	32.52
1980-1984	49	0.00364	0.00363	0.5	94375	343	94204	2985496	31.63
1980-1984	50	0.00395	0.00394	0.5	94032	370	93847	2891292	30.75
1980-1984	51	0.00448	0.00447	0.5	93662	418	93453	2797445	29.87
1980-1984	52	0.00484	0.00483	0.5	93244	450	93018	2703993	29.00
1980-1984	53	0.00535	0.00533	0.5	92793	495	92546	2610974	28.14
1980-1984	54	0.00543	0.00541	0.5	92298	500	92049	2518428	27.29
1980-1984	55	0.00636	0.00634	0.5	91799	582	91508	2426380	26.43
1980-1984	56	0.00683	0.00680	0.5	91217	621	90907	2334872	25.60
1980-1984	57	0.00762	0.00759	0.5	90597	688	90253	2243965	24.77
1980-1984	58	0.00811	0.00807	0.5	89909	726	89546	2153712	23.95
1980-1984	59	0.00864	0.00860	0.5	89183	767	88799	2064166	23.15
1980-1984	60	0.00934	0.00930	0.5	88416	822	88005	1975367	22.34
1980-1984	61	0.01034	0.01029	0.5	87594	901	87143	1887362	21.55
1980-1984	62	0.01143	0.01136	0.5	86693	985	86200	1800218	20.77
1980-1984	63	0.01210	0.01203	0.5	85708	1031	85192	1714018	20.00
1980-1984	64	0.01268	0.01260	0.5	84677	1067	84143	1628826	19.24
1980-1984	65	0.01456	0.01445	0.5	83609	1208	83005	1544683	18.47
1980-1984	66	0.01534	0.01522	0.5	82401	1254	81774	1461677	17.74
1980-1984	67	0.01661	0.01648	0.5	81147	1337	80479	1379903	17.00
1980-1984	68	0.01841	0.01824	0.5	79810	1456	79082	1299425	16.28
1980-1984	69	0.01953	0.01934	0.5	78354	1515	77597	1220342	15.57
1980-1984	70	0.02197	0.02173	0.5	76839	1670	76004	1142746	14.87
1980-1984	71	0.02381	0.02353	0.5	75169	1769	74285	1066742	14.19
1980-1984	72	0.02646	0.02611	0.5	73400	1917	72442	992457	13.52
1980-1984	73	0.02959	0.02916	0.5	71484	2084	70441	920015	12.87
1980-1984	74	0.03028	0.02982	0.5	69399	2070	68364	849574	12.24
1980-1984	75	0.03490	0.03430	0.5	67329	2310	66175	781209	11.60
1980-1984	76	0.03805	0.03734	0.5	65020	2428	63806	715035	11.00
1980-1984	77	0.04019	0.03940	0.5	62592	2466	61359	651229	10.40
1980-1984	78	0.04659	0.04553	0.5	60126	2737	58757	589870	9.81
1980-1984	79	0.04959	0.04839	0.5	57389	2777	56000	531112	9.25
1980-1984	80	0.05894	0.05725	0.5	54612	3126	53048	475112	8.70
1980-1984	81	0.06329	0.06134	0.5	51485	3158	49906	422064	8.20
1980-1984	82	0.07159	0.06911	0.5	48327	3340	46657	372158	7.70
1980-1984	83	0.07950	0.07646	0.5	44987	3440	43267	325501	7.24
1980-1984	84	0.08801	0.08430	0.5	41547	3502	39796	282234	6.79
1980-1984	85	0.09647	0.09203	0.5	38045	3501	36294	242438	6.37
1980-1984	86	0.10774	0.10223	0.5	34544	3531	32778	206144	5.97
1980-1984	87	0.11973	0.11297	0.5	31012	3503	29260	173366	5.59
1980-1984	88	0.12937	0.12151	0.5	27509	3343	25837	144105	5.24
1980-1984	89	0.14504	0.13523	0.5	24166	3268	22532	118268	4.89
1980-1984	90	0.16126	0.14922	0.5	20898	3119	19339	95736	4.58
1980-1984	91	0.17467	0.16064	0.5	17780	2856	16352	76397	4.30
1980-1984	92	0.19147	0.17474	0.5	14924	2608	13620	60045	4.02
1980-1984	93	0.21192	0.19162	0.5	12316	2360	11136	46425	3.77
1980-1984	94	0.23092	0.20702	0.5	9956	2061	8925	35290	3.54
1980-1984	95	0.24556	0.21871	0.5	7895	1727	7031	26364	3.34
1980-1984	96	0.26660	0.23524	0.5	6168	1451	5443	19333	3.13
1980-1984	97	0.28875	0.25232	0.5	4717	1190	4122	13890	2.94
1980-1984	98	0.31196	0.26986	0.5	3527	952	3051	9768	2.77
1980-1984	99	0.33615	0.28778	0.5	2575	741	2205	6717	2.61
1980-1984	100	0.36123	0.30597	0.5	1834	561	1553	4512	2.46
1980-1984	101	0.38709	0.32432	0.5	1273	413	1066	2959	2.32
1980-1984	102	0.41361	0.34273	0.5	860	295	713	1892	2.20
1980-1984	103	0.44063	0.36108	0.5	565	204	463	1180	2.09
1980-1984	104	0.46801	0.37926	0.5	361	137	293	717	1.98
1980-1984	105	0.49559	0.39717	0.5	224	89	180	424	1.89
1980-1984	106	0.52319	0.41471	0.5	135	56	107	244	1.81
1980-1984	107	0.55065	0.43177	0.5	79	34	62	137	1.73
1980-1984	108	0.57781	0.44829	0.5	45	20	35	75	1.67
1980-1984	109	0.60450	0.46420	0.5	25	12	19	40	1.62
1980-1984	110+	0.63059	1.00000	1.59	13	13	21	21	1.59
1985-1989	0	0.00915	0.00907	0.08	100000	907	99164	7817912	78.18
1985-1989	1	0.00083	0.00083	0.5	99093	82	99052	7718748	77.89
1985-1989	2	0.00051	0.00051	0.5	99011	51	98986	7619696	76.96
1985-1989	3	0.00038	0.00038	0.5	98961	37	98942	7520710	76.00
1985-1989	4	0.00028	0.00028	0.5	98923	28	98909	7421768	75.03
1985-1989	5	0.00025	0.00025	0.5	98895	25	98883	7322859	74.05
1985-1989	6	0.00024	0.00024	0.5	98871	23	98859	7223976	73.07
1985-1989	7	0.00022	0.00022	0.5	98847	22	98836	7125117	72.08
1985-1989	8	0.00024	0.00024	0.5	98825	23	98813	7026281	71.10
1985-1989	9	0.00018	0.00018	0.5	98802	18	98793	6927467	70.11
1985-1989	10	0.00017	0.00017	0.5	98783	17	98775	6828675	69.13
1985-1989	11	0.00016	0.00016	0.5	98767	16	98759	6729900	68.14
1985-1989	12	0.00019	0.00019	0.5	98751	19	98741	6631141	67.15
1985-1989	13	0.00021	0.00021	0.5	98732	21	98721	6532400	66.16
1985-1989	14	0.00029	0.00029	0.5	98710	29	98696	6433679	65.18
1985-1989	15	0.00038	0.00038	0.5	98681	38	98663	6334983	64.20
1985-1989	16	0.00054	0.00054	0.5	98644	54	98617	6236320	63.22
1985-1989	17	0.00058	0.00058	0.5	98590	57	98562	6137703	62.25
1985-1989	18	0.00063	0.00063	0.5	98533	62	98502	6039142	61.29
1985-1989	19	0.00056	0.00056	0.5	98471	56	98443	5940640	60.33
1985-1989	20	0.00060	0.00060	0.5	98415	59	98386	5842196	59.36
1985-1989	21	0.00066	0.00066	0.5	98357	65	98324	5743810	58.40
1985-1989	22	0.00059	0.00059	0.5	98292	58	98263	5645486	57.44
1985-1989	23	0.00061	0.00061	0.5	98234	60	98204	5547223	56.47
1985-1989	24	0.00063	0.00063	0.5	98174	62	98143	5449020	55.50
1985-1989	25	0.00066	0.00066	0.5	98111	65	98079	5350877	54.54
1985-1989	26	0.00066	0.00066	0.5	98046	65	98014	5252798	53.57
1985-1989	27	0.00069	0.00069	0.5	97981	67	97948	5154785	52.61
1985-1989	28	0.00069	0.00069	0.5	97914	67	97880	5056837	51.65
1985-1989	29	0.00070	0.00070	0.5	97846	69	97812	4958957	50.68
1985-1989	30	0.00075	0.00075	0.5	97778	73	97741	4861145	49.72
1985-1989	31	0.00078	0.00078	0.5	97705	76	97667	4763404	48.75
1985-1989	32	0.00084	0.00084	0.5	97629	82	97588	4665737	47.79
1985-1989	33	0.00090	0.00090	0.5	97547	88	97502	4568149	46.83
1985-1989	34	0.00096	0.00096	0.5	97458	93	97412	4470647	45.87
1985-1989	35	0.00097	0.00097	0.5	97365	94	97318	4373235	44.92
1985-1989	36	0.00107	0.00107	0.5	97271	104	97219	4275917	43.96
1985-1989	37	0.00111	0.00111	0.5	97167	108	97113	4178698	43.01
1985-1989	38	0.00133	0.00133	0.5	97059	129	96994	4081585	42.05
1985-1989	39	0.00134	0.00134	0.5	96930	129	96865	3984591	41.11
1985-1989	40	0.00147	0.00147	0.5	96800	143	96729	3887726	40.16
1985-1989	41	0.00159	0.00159	0.5	96658	154	96581	3790997	39.22
1985-1989	42	0.00177	0.00177	0.5	96504	171	96418	3694416	38.28
1985-1989	43	0.00201	0.00200	0.5	96333	193	96237	3597998	37.35
1985-1989	44	0.00209	0.00208	0.5	96140	200	96040	3501761	36.42
1985-1989	45	0.00237	0.00237	0.5	95940	227	95826	3405721	35.50
1985-1989	46	0.00256	0.00256	0.5	95713	245	95590	3309895	34.58
1985-1989	47	0.00276	0.00276	0.5	95467	263	95336	3214305	33.67
1985-1989	48	0.00311	0.00311	0.5	95204	296	95056	3118969	32.76
1985-1989	49	0.00336	0.00335	0.5	94909	318	94749	3023913	31.86
1985-1989	50	0.00388	0.00388	0.5	94590	367	94407	2929163	30.97
1985-1989	51	0.00419	0.00419	0.5	94224	394	94026	2834756	30.09
1985-1989	52	0.00473	0.00472	0.5	93829	443	93608	2740730	29.21
1985-1989	53	0.00514	0.00513	0.5	93387	479	93147	2647122	28.35
1985-1989	54	0.00537	0.00536	0.5	92908	498	92659	2553975	27.49
1985-1989	55	0.00580	0.00578	0.5	92410	534	92143	2461316	26.63
1985-1989	56	0.00634	0.00632	0.5	91875	580	91585	2369174	25.79
1985-1989	57	0.00715	0.00712	0.5	91295	650	90970	2277588	24.95
1985-1989	58	0.00814	0.00811	0.5	90645	735	90277	2186618	24.12
1985-1989	59	0.00848	0.00844	0.5	89910	759	89530	2096341	23.32
1985-1989	60	0.00942	0.00938	0.5	89151	836	88733	2006811	22.51
1985-1989	61	0.01051	0.01046	0.5	88315	924	87853	1918078	21.72
1985-1989	62	0.01145	0.01139	0.5	87391	995	86893	1830225	20.94
1985-1989	63	0.01211	0.01204	0.5	86396	1040	85876	1743332	20.18
1985-1989	64	0.01309	0.01301	0.5	85356	1110	84801	1657456	19.42
1985-1989	65	0.01439	0.01429	0.5	84245	1204	83644	1572656	18.67
1985-1989	66	0.01563	0.01551	0.5	83042	1288	82398	1489012	17.93
1985-1989	67	0.01706	0.01692	0.5	81753	1383	81062	1406615	17.21
1985-1989	68	0.01843	0.01826	0.5	80370	1467	79637	1325553	16.49
1985-1989	69	0.01933	0.01914	0.5	78903	1510	78148	1245916	15.79
1985-1989	70	0.02088	0.02066	0.5	77393	1599	76593	1167768	15.09
1985-1989	71	0.02326	0.02299	0.5	75794	1742	74922	1091175	14.40
1985-1989	72	0.02638	0.02604	0.5	74051	1928	73087	1016252	13.72
1985-1989	73	0.02852	0.02811	0.5	72123	2028	71109	943165	13.08
1985-1989	74	0.03015	0.02970	0.5	70095	2082	69055	872056	12.44
1985-1989	75	0.03315	0.03261	0.5	68014	2218	66905	803001	11.81
1985-1989	76	0.03698	0.03631	0.5	65796	2389	64601	736097	11.19
1985-1989	77	0.04010	0.03931	0.5	63407	2492	62161	671495	10.59
1985-1989	78	0.04446	0.04350	0.5	60914	2650	59590	609335	10.00
1985-1989	79	0.04931	0.04813	0.5	58265	2804	56863	549745	9.44
1985-1989	80	0.05566	0.05416	0.5	55461	3004	53959	492882	8.89
1985-1989	81	0.06052	0.05874	0.5	52457	3081	50916	438923	8.37
1985-1989	82	0.06794	0.06571	0.5	49376	3244	47754	388007	7.86
1985-1989	83	0.07576	0.07300	0.5	46131	3367	44448	340254	7.38
1985-1989	84	0.08428	0.08087	0.5	42764	3459	41035	295806	6.92
1985-1989	85	0.09358	0.08939	0.5	39305	3514	37549	254771	6.48
1985-1989	86	0.10172	0.09680	0.5	35792	3465	34059	217223	6.07
1985-1989	87	0.11722	0.11073	0.5	32327	3580	30537	183163	5.67
1985-1989	88	0.12439	0.11710	0.5	28748	3366	27064	152626	5.31
1985-1989	89	0.14135	0.13202	0.5	25381	3351	23706	125562	4.95
1985-1989	90	0.15672	0.14533	0.5	22030	3202	20429	101856	4.62
1985-1989	91	0.17186	0.15826	0.5	18828	2980	17339	81427	4.32
1985-1989	92	0.18950	0.17310	0.5	15849	2743	14477	64088	4.04
1985-1989	93	0.20741	0.18792	0.5	13105	2463	11874	49611	3.79
1985-1989	94	0.23039	0.20660	0.5	10642	2199	9543	37737	3.55
1985-1989	95	0.24413	0.21757	0.5	8444	1837	7525	28194	3.34
1985-1989	96	0.26579	0.23461	0.5	6607	1550	5832	20669	3.13
1985-1989	97	0.28863	0.25223	0.5	5057	1275	4419	14837	2.93
1985-1989	98	0.31260	0.27035	0.5	3781	1022	3270	10418	2.76
1985-1989	99	0.33762	0.28886	0.5	2759	797	2360	7148	2.59
1985-1989	100	0.36358	0.30765	0.5	1962	604	1660	4788	2.44
1985-1989	101	0.39036	0.32661	0.5	1358	444	1137	3127	2.30
1985-1989	102	0.41782	0.34562	0.5	915	316	757	1991	2.18
1985-1989	103	0.44580	0.36454	0.5	599	218	489	1234	2.06
1985-1989	104	0.47412	0.38327	0.5	380	146	307	745	1.96
1985-1989	105	0.50262	0.40167	0.5	235	94	187	437	1.86
1985-1989	106	0.53109	0.41965	0.5	140	59	111	250	1.78
1985-1989	107	0.55936	0.43711	0.5	81	36	64	139	1.71
1985-1989	108	0.58726	0.45396	0.5	46	21	35	75	1.64
1985-1989	109	0.61460	0.47013	0.5	25	12	19	40	1.59
1985-1989	110+	0.64124	1.00000	1.56	13	13	21	21	1.56
1990-1994	0	0.00772	0.00766	0.07	100000	766	99291	7857294	78.57
1990-1994	1	0.00074	0.00074	0.5	99234	73	99197	7758003	78.18
1990-1994	2	0.00044	0.00044	0.5	99161	43	99139	7658806	77.24
1990-1994	3	0.00034	0.00034	0.5	99117	33	99101	7559666	76.27
1990-1994	4	0.00025	0.00025	0.5	99084	25	99072	7460566	75.30
1990-1994	5	0.00024	0.00024	0.5	99059	23	99047	7361494	74.31
1990-1994	6	0.00019	0.00019	0.5	99036	19	99026	7262447	73.33
1990-1994	7	0.00019	0.00019	0.5	99017	19	99007	7163420	72.35
1990-1994	8	0.00020	0.00020	0.5	98998	19	98988	7064413	71.36
1990-1994	9	0.00015	0.00015	0.5	98978	15	98971	6965425	70.37
1990-1994	10	0.00019	0.00019	0.5	98963	18	98954	6866454	69.38
1990-1994	11	0.00017	0.00017	0.5	98945	17	98937	6767500	68.40
1990-1994	12	0.00018	0.00018	0.5	98928	18	98919	6668564	67.41
1990-1994	13	0.00024	0.00024	0.5	98910	24	98898	6569644	66.42
1990-1994	14	0.00030	0.00030	0.5	98886	30	98872	6470746	65.44
1990-1994	15	0.00038	0.00038	0.5	98857	37	98838	6371875	64.46
1990-1994	16	0.00049	0.00049	0.5	98820	48	98795	6273036	63.48
1990-1994	17	0.00049	0.00049	0.5	98771	48	98747	6174241	62.51
1990-1994	18	0.00062	0.00062	0.5	98723	61	98692	6075494	61.54
1990-1994	19	0.00056	0.00056	0.5	98662	56	98634	5976802	60.58
1990-1994	20	0.00055	0.00055	0.5	98606	55	98579	5878168	59.61
1990-1994	21	0.00061	0.00061	0.5	98551	60	98521	5779589	58.65
1990-1994	22	0.00057	0.00057	0.5	98491	56	98463	5681068	57.68
1990-1994	23	0.00060	0.00060	0.5	98435	59	98405	5582605	56.71
1990-1994	24	0.00062	0.00062	0.5	98376	61	98345	5484199	55.75
1990-1994	25	0.00062	0.00062	0.5	98314	61	98284	5385854	54.78
1990-1994	26	0.00064	0.00064	0.5	98254	63	98222	5287570	53.82
1990-1994	27	0.00071	0.00071	0.5	98191	69	98156	5189348	52.85
1990-1994	28	0.00070	0.00070	0.5	98121	69	98087	5091192	51.89
1990-1994	29	0.00070	0.00070	0.5	98053	69	98018	4993105	50.92
1990-1994	30	0.00075	0.00075	0.5	97984	74	97947	4895087	49.96
1990-1994	31	0.00080	0.00080	0.5	97910	79	97871	4797140	49.00
1990-1994	32	0.00085	0.00085	0.5	97832	83	97790	4699269	48.03
1990-1994	33	0.00092	0.00092	0.5	97748	90	97703	4601479	47.07
1990-1994	34	0.00100	0.00100	0.5	97658	97	97610	4503776	46.12
1990-1994	35	0.00108	0.00108	0.5	97561	106	97508	4406166	45.16
1990-1994	36	0.00114	0.00114	0.5	97455	111	97400	4308658	44.21
1990-1994	37	0.00119	0.00119	0.5	97344	116	97286	4211259	43.26
1990-1994	38	0.00138	0.00138	0.5	97229	134	97162	4113972	42.31
1990-1994	39	0.00129	0.00129	0.5	97095	126	97032	4016811	41.37
1990-1994	40	0.00145	0.00145	0.5	96969	141	96899	3919779	40.42
1990-1994	41	0.00158	0.00158	0.5	96828	153	96752	3822880	39.48
1990-1994	42	0.00179	0.00179	0.5	96675	173	96589	3726128	38.54
1990-1994	43	0.00195	0.00195	0.5	96502	188	96408	3629540	37.61
1990-1994	44	0.00200	0.00200	0.5	96314	192	96218	3533131	36.68
1990-1994	45	0.00220	0.00219	0.5	96122	211	96016	3436913	35.76
1990-1994	46	0.00259	0.00258	0.5	95911	248	95787	3340897	34.83
1990-1994	47	0.00289	0.00288	0.5	95663	276	95525	3245110	33.92
1990-1994	48	0.00317	0.00317	0.5	95387	302	95236	3149585	33.02
1990-1994	49	0.00329	0.00328	0.5	95085	312	94929	3054349	32.12
1990-1994	50	0.00360	0.00360	0.5	94773	341	94602	2959420	31.23
1990-1994	51	0.00401	0.00400	0.5	94432	378	94243	2864817	30.34
1990-1994	52	0.00450	0.00449	0.5	94054	422	93843	2770574	29.46
1990-1994	53	0.00483	0.00482	0.5	93632	451	93406	2676731	28.59
1990-1994	54	0.00514	0.00512	0.5	93181	477	92942	2583325	27.72
1990-1994	55	0.00568	0.00567	0.5	92703	525	92441	2490382	26.86
1990-1994	56	0.00646	0.00644	0.5	92178	594	91881	2397942	26.01
1990-1994	57	0.00714	0.00711	0.5	91584	651	91259	2306060	25.18
1990-1994	58	0.00795	0.00791	0.5	90933	720	90573	2214802	24.36
1990-1994	59	0.00837	0.00833	0.5	90213	752	89838	2124228	23.55
1990-1994	60	0.00914	0.00910	0.5	89462	814	89055	2034391	22.74
1990-1994	61	0.01037	0.01032	0.5	88648	915	88190	1945336	21.94
1990-1994	62	0.01106	0.01100	0.5	87733	965	87251	1857146	21.17
1990-1994	63	0.01239	0.01231	0.5	86768	1068	86234	1769895	20.40
1990-1994	64	0.01297	0.01289	0.5	85700	1105	85148	1683661	19.65
1990-1994	65	0.01409	0.01399	0.5	84595	1184	84004	1598514	18.90
1990-1994	66	0.01528	0.01517	0.5	83412	1265	82779	1514510	18.16
1990-1994	67	0.01682	0.01668	0.5	82147	1370	81461	1431731	17.43
1990-1994	68	0.01830	0.01814	0.5	80776	1465	80044	1350270	16.72
1990-1994	69	0.01953	0.01934	0.5	79311	1534	78544	1270226	16.02
1990-1994	70	0.02098	0.02077	0.5	77777	1615	76970	1191681	15.32
1990-1994	71	0.02363	0.02335	0.5	76162	1778	75273	1114712	14.64
1990-1994	72	0.02548	0.02516	0.5	74384	1871	73448	1039439	13.97
1990-1994	73	0.02800	0.02761	0.5	72512	2002	71511	965991	13.32
1990-1994	74	0.02965	0.02922	0.5	70510	2060	69480	894479	12.69
1990-1994	75	0.03149	0.03101	0.5	68450	2122	67388	825000	12.05
1990-1994	76	0.03502	0.03442	0.5	66327	2283	65186	757611	11.42
1990-1994	77	0.03844	0.03771	0.5	64044	2415	62837	692425	10.81
1990-1994	78	0.04237	0.04149	0.5	61629	2557	60351	629589	10.22
1990-1994	79	0.04701	0.04593	0.5	59072	2713	57716	569238	9.64
1990-1994	80	0.05349	0.05209	0.5	56359	2936	54891	511522	9.08
1990-1994	81	0.05807	0.05643	0.5	53423	3015	51916	456631	8.55
1990-1994	82	0.06574	0.06365	0.5	50408	3209	48804	404715	8.03
1990-1994	83	0.07229	0.06977	0.5	47200	3293	45553	355911	7.54
1990-1994	84	0.08058	0.07746	0.5	43907	3401	42206	310358	7.07
1990-1994	85	0.08903	0.08523	0.5	40506	3452	38780	268151	6.62
1990-1994	86	0.09962	0.09489	0.5	37053	3516	35295	229372	6.19
1990-1994	87	0.11151	0.10562	0.5	33537	3542	31766	194076	5.79
1990-1994	88	0.12193	0.11492	0.5	29995	3447	28272	162310	5.41
1990-1994	89	0.13756	0.12871	0.5	26548	3417	24840	134038	5.05
1990-1994	90	0.15133	0.14068	0.5	23131	3254	21504	109199	4.72
1990-1994	91	0.16540	0.15276	0.5	19877	3036	18359	87695	4.41
1990-1994	92	0.18593	0.17011	0.5	16840	2865	15408	69336	4.12
1990-1994	93	0.20130	0.18289	0.5	13976	2556	12698	53928	3.86
1990-1994	94	0.21967	0.19793	0.5	11420	2260	10289	41231	3.61
1990-1994	95	0.23972	0.21407	0.5	9159	1961	8179	30941	3.38
1990-1994	96	0.26145	0.23123	0.5	7199	1665	6366	22762	3.16
1990-1994	97	0.28442	0.24901	0.5	5534	1378	4845	16396	2.96
1990-1994	98	0.30855	0.26731	0.5	4156	1111	3601	11551	2.78
1990-1994	99	0.33378	0.28605	0.5	3045	871	2610	7950	2.61
1990-1994	100	0.36000	0.30509	0.5	2174	663	1842	5341	2.46
1990-1994	101	0.38708	0.32432	0.5	1511	490	1266	3498	2.32
1990-1994	102	0.41488	0.34360	0.5	1021	351	845	2232	2.19
1990-1994	103	0.44323	0.36282	0.5	670	243	549	1387	2.07
1990-1994	104	0.47196	0.38185	0.5	427	163	345	839	1.96
1990-1994	105	0.50087	0.40056	0.5	264	106	211	493	1.87
1990-1994	106	0.52978	0.41883	0.5	158	66	125	282	1.78
1990-1994	107	0.55848	0.43657	0.5	92	40	72	157	1.71
1990-1994	108	0.58681	0.45369	0.5	52	24	40	85	1.64
1990-1994	109	0.61457	0.47011	0.5	28	13	22	45	1.59
1990-1994	110+	0.64160	1.00000	1.56	15	15	23	23	1.56
1995-1999	0	0.00664	0.00660	0.07	100000	660	99387	7864135	78.64
1995-1999	1	0.00058	0.00058	0.5	99340	58	99311	7764748	78.16
1995-1999	2	0.00039	0.00039	0.5	99282	39	99263	7665437	77.21
1995-1999	3	0.00026	0.00026	0.5	99243	26	99230	7566174	76.24
1995-1999	4	0.00022	0.00022	0.5	99218	22	99207	7466944	75.26
1995-1999	5	0.00022	0.00022	0.5	99196	22	99185	7367737	74.27
1995-1999	6	0.00017	0.00017	0.5	99174	17	99165	7268552	73.29
1995-1999	7	0.00018	0.00018	0.5	99157	18	99148	7169387	72.30
1995-1999	8	0.00019	0.00019	0.5	99139	19	99129	7070240	71.32
1995-1999	9	0.00016	0.00016	0.5	99120	16	99112	6971110	70.33
1995-1999	10	0.00015	0.00015	0.5	99104	15	99097	6871998	69.34
1995-1999	11	0.00017	0.00017	0.5	99089	17	99081	6772901	68.35
1995-1999	12	0.00021	0.00021	0.5	99072	21	99062	6673821	67.36
1995-1999	13	0.00021	0.00021	0.5	99052	21	99041	6574759	66.38
1995-1999	14	0.00028	0.00028	0.5	99031	28	99017	6475717	65.39
1995-1999	15	0.00033	0.00033	0.5	99003	32	98987	6376700	64.41
1995-1999	16	0.00052	0.00052	0.5	98971	51	98945	6277714	63.43
1995-1999	17	0.00054	0.00054	0.5	98919	53	98893	6178769	62.46
1995-1999	18	0.00056	0.00056	0.5	98866	55	98839	6079876	61.50
1995-1999	19	0.00055	0.00055	0.5	98811	54	98784	5981037	60.53
1995-1999	20	0.00055	0.00055	0.5	98757	54	98730	5882253	59.56
1995-1999	21	0.00052	0.00052	0.5	98703	52	98677	5783522	58.60
1995-1999	22	0.00054	0.00054	0.5	98651	54	98625	5684845	57.63
1995-1999	23	0.00057	0.00057	0.5	98598	56	98570	5586220	56.66
1995-1999	24	0.00053	0.00053	0.5	98541	53	98515	5487651	55.69
1995-1999	25	0.00059	0.00059	0.5	98489	58	98460	5389136	54.72
1995-1999	26	0.00061	0.00061	0.5	98431	60	98401	5290676	53.75
1995-1999	27	0.00063	0.00063	0.5	98370	62	98339	5192275	52.78
1995-1999	28	0.00070	0.00070	0.5	98308	69	98274	5093936	51.82
1995-1999	29	0.00065	0.00065	0.5	98239	63	98208	4995662	50.85
1995-1999	30	0.00075	0.00075	0.5	98176	74	98139	4897455	49.88
1995-1999	31	0.00084	0.00084	0.5	98102	83	98061	4799316	48.92
1995-1999	32	0.00083	0.00083	0.5	98019	81	97979	4701255	47.96
1995-1999	33	0.00092	0.00092	0.5	97938	90	97893	4603276	47.00
1995-1999	34	0.00093	0.00093	0.5	97848	91	97802	4505383	46.04
1995-1999	35	0.00106	0.00106	0.5	97757	103	97705	4407580	45.09
1995-1999	36	0.00116	0.00116	0.5	97654	114	97597	4309875	44.13
1995-1999	37	0.00127	0.00127	0.5	97540	124	97478	4212278	43.19
1995-1999	38	0.00136	0.00136	0.5	97416	132	97350	4114800	42.24
1995-1999	39	0.00145	0.00145	0.5	97284	141	97214	4017450	41.30
1995-1999	40	0.00157	0.00157	0.5	97143	153	97067	3920236	40.36
1995-1999	41	0.00169	0.00169	0.5	96991	164	96909	3823169	39.42
1995-1999	42	0.00183	0.00183	0.5	96827	177	96738	3726260	38.48
1995-1999	43	0.00198	0.00198	0.5	96649	191	96554	3629522	37.55
1995-1999	44	0.00215	0.00215	0.5	96458	207	96354	3532969	36.63
1995-1999	45	0.00227	0.00226	0.5	96251	218	96142	3436614	35.70
1995-1999	46	0.00260	0.00260	0.5	96033	249	95908	3340472	34.78
1995-1999	47	0.00268	0.00268	0.5	95784	257	95655	3244564	33.87
1995-1999	48	0.00304	0.00304	0.5	95527	290	95382	3148909	32.96
1995-1999	49	0.00316	0.00315	0.5	95237	300	95087	3053527	32.06
1995-1999	50	0.00340	0.00340	0.5	94937	322	94775	2958440	31.16
1995-1999	51	0.00392	0.00391	0.5	94614	370	94429	2863665	30.27
1995-1999	52	0.00434	0.00433	0.5	94244	408	94040	2769236	29.38
1995-1999	53	0.00474	0.00473	0.5	93836	444	93614	2675196	28.51
1995-1999	54	0.00511	0.00509	0.5	93392	476	93154	2581582	27.64
1995-1999	55	0.00557	0.00556	0.5	92917	516	92658	2488427	26.78
1995-1999	56	0.00624	0.00622	0.5	92400	575	92113	2395769	25.93
1995-1999	57	0.00698	0.00696	0.5	91825	639	91506	2303656	25.09
1995-1999	58	0.00759	0.00757	0.5	91187	690	90842	2212150	24.26
1995-1999	59	0.00788	0.00785	0.5	90497	710	90142	2121309	23.44
1995-1999	60	0.00863	0.00860	0.5	89787	772	89401	2031167	22.62
1995-1999	61	0.00993	0.00988	0.5	89015	879	88575	1941766	21.81
1995-1999	62	0.01070	0.01064	0.5	88135	938	87666	1853191	21.03
1995-1999	63	0.01156	0.01150	0.5	87197	1002	86696	1765525	20.25
1995-1999	64	0.01292	0.01284	0.5	86195	1107	85641	1678829	19.48
1995-1999	65	0.01374	0.01365	0.5	85088	1161	84507	1593188	18.72
1995-1999	66	0.01481	0.01470	0.5	83927	1234	83310	1508680	17.98
1995-1999	67	0.01607	0.01594	0.5	82693	1318	82034	1425370	17.24
1995-1999	68	0.01727	0.01712	0.5	81375	1393	80678	1343336	16.51
1995-1999	69	0.01948	0.01929	0.5	79982	1543	79210	1262658	15.79
1995-1999	70	0.02118	0.02096	0.5	78438	1644	77616	1183448	15.09
1995-1999	71	0.02371	0.02343	0.5	76794	1799	75895	1105832	14.40
1995-1999	72	0.02613	0.02579	0.5	74995	1934	74028	1029937	13.73
1995-1999	73	0.02813	0.02774	0.5	73061	2027	72047	955909	13.08
1995-1999	74	0.03012	0.02967	0.5	71034	2107	69980	883862	12.44
1995-1999	75	0.03304	0.03250	0.5	68926	2240	67806	813882	11.81
1995-1999	76	0.03614	0.03549	0.5	66686	2367	65502	746076	11.19
1995-1999	77	0.03997	0.03919	0.5	64319	2521	63059	680574	10.58
1995-1999	78	0.04269	0.04180	0.5	61798	2583	60507	617515	9.99
1995-1999	79	0.04788	0.04676	0.5	59215	2769	57831	557008	9.41
1995-1999	80	0.05550	0.05400	0.5	56446	3048	54922	499178	8.84
1995-1999	81	0.06096	0.05916	0.5	53398	3159	51819	444255	8.32
1995-1999	82	0.06707	0.06489	0.5	50239	3260	48609	392437	7.81
1995-1999	83	0.07532	0.07258	0.5	46979	3410	45274	343828	7.32
1995-1999	84	0.08318	0.07986	0.5	43569	3479	41829	298554	6.85
1995-1999	85	0.09308	0.08894	0.5	40090	3565	38307	256724	6.40
1995-1999	86	0.10287	0.09783	0.5	36524	3573	34738	218417	5.98
1995-1999	87	0.11607	0.10970	0.5	32951	3615	31144	183680	5.57
1995-1999	88	0.12847	0.12072	0.5	29336	3541	27565	152536	5.20
1995-1999	89	0.14223	0.13279	0.5	25795	3425	24082	124971	4.84
1995-1999	90	0.15887	0.14718	0.5	22369	3292	20723	100889	4.51
1995-1999	91	0.17625	0.16197	0.5	19077	3090	17532	80165	4.20
1995-1999	92	0.19451	0.17727	0.5	15987	2834	14570	62633	3.92
1995-1999	93	0.21393	0.19326	0.5	13153	2542	11882	48063	3.65
1995-1999	94	0.23898	0.21347	0.5	10611	2265	9479	36181	3.41
1995-1999	95	0.25584	0.22682	0.5	8346	1893	7399	26702	3.20
1995-1999	96	0.27931	0.24509	0.5	6453	1582	5662	19303	2.99
1995-1999	97	0.30407	0.26394	0.5	4871	1286	4229	13641	2.80
1995-1999	98	0.33001	0.28327	0.5	3586	1016	3078	9412	2.62
1995-1999	99	0.35703	0.30295	0.5	2570	779	2181	6334	2.46
1995-1999	100	0.38499	0.32284	0.5	1791	578	1502	4154	2.32
1995-1999	101	0.41373	0.34281	0.5	1213	416	1005	2651	2.19
1995-1999	102	0.44307	0.36271	0.5	797	289	653	1646	2.06
1995-1999	103	0.47281	0.38241	0.5	508	194	411	994	1.96
1995-1999	104	0.50275	0.40176	0.5	314	126	251	583	1.86
1995-1999	105	0.53267	0.42064	0.5	188	79	148	332	1.77
1995-1999	106	0.56235	0.43893	0.5	109	48	85	184	1.69
1995-1999	107	0.59160	0.45655	0.5	61	28	47	99	1.62
1995-1999	108	0.62021	0.47340	0.5	33	16	25	52	1.56
1995-1999	109	0.64801	0.48943	0.5	17	9	13	26	1.51
1995-1999	110+	0.67484	1.00000	1.48	9	9	13	13	1.48
2000-2004	0	0.00648	0.00644	0.07	100000	644	99402	7869439	78.69
2000-2004	1	0.00058	0.00058	0.5	99356	58	99327	7770037	78.20
2000-2004	2	0.00038	0.00038	0.5	99298	37	99280	7670709	77.25
2000-2004	3	0.00026	0.00026	0.5	99261	26	99248	7571429	76.28
2000-2004	4	0.00022	0.00022	0.5	99235	22	99224	7472181	75.30
2000-2004	5	0.00017	0.00017	0.5	99213	17	99205	7372957	74.31
2000-2004	6	0.00016	0.00016	0.5	99196	16	99188	7273753	73.33
2000-2004	7	0.00016	0.00016	0.5	99180	15	99173	7174564	72.34
2000-2004	8	0.00015	0.00015	0.5	99165	15	99157	7075392	71.35
2000-2004	9	0.00016	0.00016	0.5	99150	16	99142	6976234	70.36
2000-2004	10	0.00015	0.00015	0.5	99133	15	99126	6877093	69.37
2000-2004	11	0.00014	0.00014	0.5	99119	13	99112	6777967	68.38
2000-2004	12	0.00017	0.00017	0.5	99105	16	99097	6678855	67.39
2000-2004	13	0.00020	0.00020	0.5	99089	19	99079	6579758	66.40
2000-2004	14	0.00022	0.00022	0.5	99069	22	99058	6480679	65.42
2000-2004	15	0.00031	0.00031	0.5	99047	30	99032	6381621	64.43
2000-2004	16	0.00045	0.00045	0.5	99017	45	98995	6282589	63.45
2000-2004	17	0.00050	0.00050	0.5	98972	50	98948	6183594	62.48
2000-2004	18	0.00052	0.00052	0.5	98923	51	98897	6084646	61.51
2000-2004	19	0.00056	0.00056	0.5	98872	56	98844	5985749	60.54
2000-2004	20	0.00053	0.00053	0.5	98816	52	98790	5886905	59.57
2000-2004	21	0.00059	0.00059	0.5	98764	58	98735	5788115	58.61
2000-2004	22	0.00051	0.00051	0.5	98706	51	98681	5689380	57.64
2000-2004	23	0.00055	0.00055	0.5	98655	54	98628	5590699	56.67
2000-2004	24	0.00056	0.00056	0.5	98601	55	98574	5492071	55.70
2000-2004	25	0.00056	0.00056	0.5	98546	56	98518	5393497	54.73
2000-2004	26	0.00062	0.00062	0.5	98490	61	98460	5294979	53.76
2000-2004	27	0.00066	0.00066	0.5	98429	65	98397	5196519	52.79
2000-2004	28	0.00063	0.00063	0.5	98365	62	98333	5098122	51.83
2000-2004	29	0.00072	0.00072	0.5	98302	70	98267	4999789	50.86
2000-2004	30	0.00069	0.00069	0.5	98232	68	98198	4901522	49.90
2000-2004	31	0.00077	0.00077	0.5	98164	75	98126	4803324	48.93
2000-2004	32	0.00086	0.00086	0.5	98088	84	98046	4705198	47.97
2000-2004	33	0.00087	0.00087	0.5	98004	86	97962	4607151	47.01
2000-2004	34	0.00099	0.00099	0.5	97919	97	97870	4509190	46.05
2000-2004	35	0.00107	0.00107	0.5	97822	104	97770	4411319	45.10
2000-2004	36	0.00112	0.00112	0.5	97718	109	97663	4313549	44.14
2000-2004	37	0.00126	0.00125	0.5	97609	122	97547	4215886	43.19
2000-2004	38	0.00131	0.00131	0.5	97486	128	97422	4118339	42.25
2000-2004	39	0.00147	0.00147	0.5	97358	143	97287	4020916	41.30
2000-2004	40	0.00167	0.00167	0.5	97215	162	97134	3923630	40.36
2000-2004	41	0.00184	0.00184	0.5	97053	178	96964	3826495	39.43
2000-2004	42	0.00189	0.00188	0.5	96875	183	96783	3729532	38.50
2000-2004	43	0.00213	0.00213	0.5	96692	206	96589	3632748	37.57
2000-2004	44	0.00226	0.00225	0.5	96486	218	96377	3536159	36.65
2000-2004	45	0.00250	0.00249	0.5	96269	240	96149	3439782	35.73
2000-2004	46	0.00262	0.00262	0.5	96029	251	95903	3343633	34.82
2000-2004	47	0.00283	0.00283	0.5	95777	271	95642	3247730	33.91
2000-2004	48	0.00307	0.00307	0.5	95506	293	95360	3152088	33.00
2000-2004	49	0.00338	0.00337	0.5	95214	321	95053	3056728	32.10
2000-2004	50	0.00365	0.00364	0.5	94892	346	94720	2961675	31.21
2000-2004	51	0.00395	0.00394	0.5	94547	372	94360	2866956	30.32
2000-2004	52	0.00415	0.00414	0.5	94174	390	93979	2772595	29.44
2000-2004	53	0.00459	0.00458	0.5	93784	429	93569	2678616	28.56
2000-2004	54	0.00495	0.00494	0.5	93355	461	93124	2585046	27.69
2000-2004	55	0.00533	0.00532	0.5	92894	494	92647	2491922	26.83
2000-2004	56	0.00593	0.00592	0.5	92400	547	92127	2399275	25.97
2000-2004	57	0.00664	0.00662	0.5	91853	608	91549	2307149	25.12
2000-2004	58	0.00731	0.00728	0.5	91245	664	90913	2215599	24.28
2000-2004	59	0.00807	0.00804	0.5	90581	728	90217	2124686	23.46
2000-2004	60	0.00860	0.00856	0.5	89853	769	89468	2034470	22.64
2000-2004	61	0.00983	0.00979	0.5	89084	872	88648	1945002	21.83
2000-2004	62	0.01024	0.01018	0.5	88212	898	87763	1856354	21.04
2000-2004	63	0.01144	0.01137	0.5	87314	993	86817	1768591	20.26
2000-2004	64	0.01223	0.01216	0.5	86321	1049	85796	1681774	19.48
2000-2004	65	0.01354	0.01345	0.5	85271	1147	84698	1595978	18.72
2000-2004	66	0.01447	0.01437	0.5	84124	1208	83520	1511280	17.96
2000-2004	67	0.01558	0.01546	0.5	82916	1282	82275	1427760	17.22
2000-2004	68	0.01679	0.01665	0.5	81633	1359	80954	1345486	16.48
2000-2004	69	0.01855	0.01838	0.5	80274	1476	79536	1264532	15.75
2000-2004	70	0.02061	0.02040	0.5	78798	1608	77994	1184996	15.04
2000-2004	71	0.02224	0.02199	0.5	77191	1698	76342	1107002	14.34
2000-2004	72	0.02442	0.02412	0.5	75493	1821	74583	1030660	13.65
2000-2004	73	0.02667	0.02632	0.5	73672	1939	72702	956077	12.98
2000-2004	74	0.02929	0.02887	0.5	71733	2071	70697	883375	12.31
2000-2004	75	0.03302	0.03248	0.5	69662	2263	68530	812678	11.67
2000-2004	76	0.03635	0.03570	0.5	67399	2406	66196	744147	11.04
2000-2004	77	0.03993	0.03915	0.5	64993	2545	63720	677951	10.43
2000-2004	78	0.04387	0.04293	0.5	62448	2681	61108	614231	9.84
2000-2004	79	0.04813	0.04700	0.5	59767	2809	58363	553123	9.25
2000-2004	80	0.05527	0.05378	0.5	56958	3063	55427	494761	8.69
2000-2004	81	0.06097	0.05917	0.5	53895	3189	52300	439334	8.15
2000-2004	82	0.06798	0.06575	0.5	50706	3334	49039	387034	7.63
2000-2004	83	0.07641	0.07360	0.5	47372	3487	45629	337994	7.13
2000-2004	84	0.08544	0.08194	0.5	43886	3596	42088	292365	6.66
2000-2004	85	0.09582	0.09144	0.5	40290	3684	38448	250278	6.21
2000-2004	86	0.10518	0.09993	0.5	36606	3658	34777	211830	5.79
2000-2004	87	0.11932	0.11260	0.5	32948	3710	31093	177053	5.37
2000-2004	88	0.13407	0.12565	0.5	29238	3674	27401	145960	4.99
2000-2004	89	0.14985	0.13941	0.5	25564	3564	23782	118559	4.64
2000-2004	90	0.16603	0.15331	0.5	22000	3373	20314	94777	4.31
2000-2004	91	0.18573	0.16994	0.5	18628	3166	17045	74463	4.00
2000-2004	92	0.20639	0.18708	0.5	15462	2893	14016	57418	3.71
2000-2004	93	0.22975	0.20608	0.5	12569	2590	11274	43403	3.45
2000-2004	94	0.25516	0.22629	0.5	9979	2258	8850	32129	3.22
2000-2004	95	0.27396	0.24095	0.5	7721	1860	6791	23279	3.02
2000-2004	96	0.29979	0.26071	0.5	5861	1528	5097	16488	2.81
2000-2004	97	0.32695	0.28101	0.5	4333	1218	3724	11391	2.63
2000-2004	98	0.35533	0.30172	0.5	3115	940	2645	7667	2.46
2000-2004	99	0.38476	0.32268	0.5	2175	702	1824	5022	2.31
2000-2004	100	0.41506	0.34373	0.5	1473	506	1220	3198	2.17
2000-2004	101	0.44602	0.36469	0.5	967	353	791	1978	2.05
2000-2004	102	0.47740	0.38540	0.5	614	237	496	1187	1.93
2000-2004	103	0.50896	0.40572	0.5	378	153	301	691	1.83
2000-2004	104	0.54045	0.42548	0.5	224	95	177	390	1.74
2000-2004	105	0.57162	0.44456	0.5	129	57	100	214	1.66
2000-2004	106	0.60223	0.46286	0.5	72	33	55	114	1.59
2000-2004	107	0.63207	0.48028	0.5	38	18	29	59	1.52
2000-2004	108	0.66092	0.49676	0.5	20	10	15	29	1.47
2000-2004	109	0.68863	0.51225	0.5	10	5	7	14	1.43
2000-2004	110+	0.71505	1.00000	1.4	5	5	7	7	1.40
2005-2009	0	0.00645	0.00641	0.07	100000	641	99405	7939995	79.40
2005-2009	1	0.00051	0.00051	0.5	99359	50	99334	7840590	78.91
2005-2009	2	0.00032	0.00032	0.5	99309	32	99293	7741256	77.95
2005-2009	3	0.00022	0.00022	0.5	99277	22	99266	7641963	76.98
2005-2009	4	0.00018	0.00018	0.5	99256	18	99246	7542697	75.99
2005-2009	5	0.00018	0.00018	0.5	99237	18	99228	7443450	75.01
2005-2009	6	0.00015	0.00015	0.5	99219	15	99212	7344222	74.02
2005-2009	7	0.00013	0.00013	0.5	99205	13	99198	7245010	73.03
2005-2009	8	0.00013	0.00013	0.5	99191	12	99185	7145812	72.04
2005-2009	9	0.00013	0.00013	0.5	99179	13	99172	7046627	71.05
2005-2009	10	0.00013	0.00013	0.5	99166	12	99159	6947455	70.06
2005-2009	11	0.00013	0.00013	0.5	99153	13	99146	6848295	69.07
2005-2009	12	0.00014	0.00014	0.5	99140	14	99133	6749149	68.08
2005-2009	13	0.00018	0.00018	0.5	99126	18	99117	6650016	67.09
2005-2009	14	0.00020	0.00020	0.5	99109	20	99099	6550899	66.10
2005-2009	15	0.00027	0.00027	0.5	99089	27	99075	6451800	65.11
2005-2009	16	0.00033	0.00033	0.5	99062	33	99046	6352724	64.13
2005-2009	17	0.00039	0.00039	0.5	99029	39	99010	6253679	63.15
2005-2009	18	0.00053	0.00053	0.5	98991	52	98964	6154669	62.17
2005-2009	19	0.00049	0.00049	0.5	98938	49	98914	6055704	61.21
2005-2009	20	0.00050	0.00050	0.5	98889	50	98865	5956790	60.24
2005-2009	21	0.00052	0.00052	0.5	98840	51	98814	5857926	59.27
2005-2009	22	0.00053	0.00053	0.5	98789	52	98763	5759111	58.30
2005-2009	23	0.00058	0.00058	0.5	98736	57	98708	5660349	57.33
2005-2009	24	0.00059	0.00059	0.5	98680	58	98650	5561641	56.36
2005-2009	25	0.00062	0.00062	0.5	98621	61	98591	5462991	55.39
2005-2009	26	0.00065	0.00065	0.5	98561	64	98529	5364400	54.43
2005-2009	27	0.00060	0.00060	0.5	98497	59	98467	5265871	53.46
2005-2009	28	0.00069	0.00069	0.5	98438	68	98404	5167404	52.49
2005-2009	29	0.00078	0.00077	0.5	98370	76	98332	5069000	51.53
2005-2009	30	0.00073	0.00073	0.5	98294	72	98258	4970667	50.57
2005-2009	31	0.00081	0.00081	0.5	98222	80	98182	4872410	49.61
2005-2009	32	0.00086	0.00086	0.5	98142	84	98100	4774228	48.65
2005-2009	33	0.00090	0.00090	0.5	98058	88	98014	4676128	47.69
2005-2009	34	0.00095	0.00095	0.5	97970	93	97923	4578115	46.73
2005-2009	35	0.00104	0.00104	0.5	97877	101	97826	4480191	45.77
2005-2009	36	0.00110	0.00110	0.5	97775	108	97722	4382365	44.82
2005-2009	37	0.00117	0.00117	0.5	97668	114	97610	4284644	43.87
2005-2009	38	0.00135	0.00135	0.5	97553	132	97488	4187033	42.92
2005-2009	39	0.00136	0.00136	0.5	97422	133	97355	4089545	41.98
2005-2009	40	0.00161	0.00161	0.5	97289	156	97211	3992190	41.03
2005-2009	41	0.00173	0.00173	0.5	97133	168	97048	3894979	40.10
2005-2009	42	0.00194	0.00194	0.5	96964	188	96870	3797931	39.17
2005-2009	43	0.00208	0.00208	0.5	96776	201	96675	3701061	38.24
2005-2009	44	0.00229	0.00229	0.5	96575	221	96464	3604386	37.32
2005-2009	45	0.00253	0.00252	0.5	96354	243	96232	3507921	36.41
2005-2009	46	0.00270	0.00269	0.5	96111	259	95981	3411689	35.50
2005-2009	47	0.00302	0.00301	0.5	95852	289	95707	3315708	34.59
2005-2009	48	0.00321	0.00320	0.5	95563	306	95410	3220000	33.70
2005-2009	49	0.00352	0.00351	0.5	95257	335	95089	3124591	32.80
2005-2009	50	0.00384	0.00384	0.5	94922	364	94740	3029501	31.92
2005-2009	51	0.00388	0.00387	0.5	94558	366	94375	2934761	31.04
2005-2009	52	0.00429	0.00428	0.5	94192	403	93991	2840386	30.16
2005-2009	53	0.00452	0.00451	0.5	93789	423	93578	2746395	29.28
2005-2009	54	0.00487	0.00486	0.5	93366	454	93140	2652818	28.41
2005-2009	55	0.00531	0.00529	0.5	92913	492	92667	2559678	27.55
2005-2009	56	0.00568	0.00567	0.5	92421	524	92159	2467011	26.69
2005-2009	57	0.00598	0.00597	0.5	91897	548	91623	2374852	25.84
2005-2009	58	0.00676	0.00674	0.5	91349	615	91041	2283229	24.99
2005-2009	59	0.00726	0.00724	0.5	90734	657	90405	2192188	24.16
2005-2009	60	0.00811	0.00808	0.5	90077	728	89713	2101782	23.33
2005-2009	61	0.00851	0.00848	0.5	89349	758	88970	2012069	22.52
2005-2009	62	0.00944	0.00940	0.5	88592	833	88175	1923099	21.71
2005-2009	63	0.01048	0.01042	0.5	87759	915	87302	1834923	20.91
2005-2009	64	0.01143	0.01137	0.5	86845	987	86351	1747621	20.12
2005-2009	65	0.01219	0.01212	0.5	85858	1040	85337	1661270	19.35
2005-2009	66	0.01314	0.01306	0.5	84817	1108	84263	1575933	18.58
2005-2009	67	0.01420	0.01410	0.5	83710	1181	83119	1491670	17.82
2005-2009	68	0.01543	0.01532	0.5	82529	1264	81897	1408550	17.07
2005-2009	69	0.01677	0.01663	0.5	81265	1352	80589	1326653	16.33
2005-2009	70	0.01841	0.01824	0.5	79913	1458	79185	1246064	15.59
2005-2009	71	0.02037	0.02016	0.5	78456	1582	77665	1166880	14.87
2005-2009	72	0.02206	0.02182	0.5	76874	1677	76035	1089215	14.17
2005-2009	73	0.02450	0.02420	0.5	75197	1820	74287	1013180	13.47
2005-2009	74	0.02640	0.02605	0.5	73377	1912	72421	938893	12.80
2005-2009	75	0.03040	0.02994	0.5	71465	2140	70395	866472	12.12
2005-2009	76	0.03268	0.03216	0.5	69325	2229	68210	796077	11.48
2005-2009	77	0.03640	0.03575	0.5	67096	2399	65896	727866	10.85
2005-2009	78	0.04067	0.03986	0.5	64697	2579	63407	661970	10.23
2005-2009	79	0.04436	0.04340	0.5	62118	2696	60770	598562	9.64
2005-2009	80	0.04969	0.04849	0.5	59422	2881	57982	537792	9.05
2005-2009	81	0.05581	0.05429	0.5	56541	3070	55006	479811	8.49
2005-2009	82	0.06349	0.06153	0.5	53471	3290	51826	424805	7.94
2005-2009	83	0.07004	0.06767	0.5	50181	3396	48483	372978	7.43
2005-2009	84	0.07904	0.07604	0.5	46785	3557	45007	324495	6.94
2005-2009	85	0.08875	0.08498	0.5	43228	3674	41391	279489	6.47
2005-2009	86	0.09839	0.09378	0.5	39554	3709	37700	238098	6.02
2005-2009	87	0.11158	0.10568	0.5	35845	3788	33951	200398	5.59
2005-2009	88	0.12596	0.11849	0.5	32057	3799	30157	166447	5.19
2005-2009	89	0.13989	0.13074	0.5	28258	3695	26411	136290	4.82
2005-2009	90	0.15618	0.14487	0.5	24564	3558	22784	109879	4.47
2005-2009	91	0.17534	0.16120	0.5	21005	3386	19312	87095	4.15
2005-2009	92	0.19600	0.17851	0.5	17619	3145	16046	67783	3.85
2005-2009	93	0.21813	0.19668	0.5	14474	2847	13051	51736	3.57
2005-2009	94	0.24126	0.21529	0.5	11627	2503	10376	38686	3.33
2005-2009	95	0.26275	0.23224	0.5	9124	2119	8064	28310	3.10
2005-2009	96	0.28849	0.25213	0.5	7005	1766	6122	20246	2.89
2005-2009	97	0.31568	0.27264	0.5	5239	1428	4525	14124	2.70
2005-2009	98	0.34418	0.29365	0.5	3811	1119	3251	9599	2.52
2005-2009	99	0.37385	0.31498	0.5	2692	848	2268	6348	2.36
2005-2009	100	0.40451	0.33646	0.5	1844	620	1534	4080	2.21
2005-2009	101	0.43592	0.35791	0.5	1223	438	1004	2547	2.08
2005-2009	102	0.46786	0.37916	0.5	786	298	637	1542	1.96
2005-2009	103	0.50007	0.40004	0.5	488	195	390	906	1.86
2005-2009	104	0.53227	0.42039	0.5	293	123	231	515	1.76
2005-2009	105	0.56421	0.44006	0.5	170	75	132	284	1.68
2005-2009	106	0.59562	0.45894	0.5	95	44	73	152	1.60
2005-2009	107	0.62627	0.47693	0.5	51	25	39	79	1.53
2005-2009	108	0.65594	0.49394	0.5	27	13	20	40	1.48
2005-2009	109	0.68444	0.50993	0.5	14	7	10	19	1.43
2005-2009	110+	0.71161	1.00000	1.41	7	7	9	9	1.41
2010-2014	0	0.00584	0.00581	0.07	100000	581	99460	8004898	80.05
2010-2014	1	0.00046	0.00046	0.5	99419	46	99396	7905439	79.52
2010-2014	2	0.00028	0.00028	0.5	99373	27	99359	7806043	78.55
2010-2014	3	0.00019	0.00019	0.5	99346	19	99336	7706683	77.57
2010-2014	4	0.00017	0.00017	0.5	99326	17	99318	7607347	76.59
2010-2014	5	0.00013	0.00013	0.5	99310	13	99303	7508029	75.60
2010-2014	6	0.00012	0.00012	0.5	99297	12	99291	7408726	74.61
2010-2014	7	0.00010	0.00010	0.5	99285	10	99280	7309435	73.62
2010-2014	8	0.00010	0.00010	0.5	99275	10	99270	7210155	72.63
2010-2014	9	0.00011	0.00011	0.5	99265	11	99259	7110885	71.64
2010-2014	10	0.00009	0.00009	0.5	99254	9	99249	7011626	70.64
2010-2014	11	0.00010	0.00010	0.5	99245	10	99239	6912377	69.65
2010-2014	12	0.00013	0.00013	0.5	99234	13	99228	6813138	68.66
2010-2014	13	0.00016	0.00016	0.5	99222	16	99214	6713910	67.67
2010-2014	14	0.00017	0.00017	0.5	99206	17	99197	6614696	66.68
2010-2014	15	0.00022	0.00022	0.5	99189	22	99178	6515499	65.69
2010-2014	16	0.00027	0.00027	0.5	99167	27	99154	6416320	64.70
2010-2014	17	0.00031	0.00031	0.5	99141	31	99125	6317166	63.72
2010-2014	18	0.00039	0.00039	0.5	99110	38	99091	6218041	62.74
2010-2014	19	0.00042	0.00042	0.5	99072	42	99051	6118950	61.76
2010-2014	20	0.00044	0.00044	0.5	99030	44	99008	6019899	60.79
2010-2014	21	0.00049	0.00049	0.5	98986	49	98962	5920891	59.82
2010-2014	22	0.00051	0.00051	0.5	98938	51	98912	5821930	58.84
2010-2014	23	0.00049	0.00049	0.5	98887	49	98863	5723017	57.87
2010-2014	24	0.00054	0.00054	0.5	98838	54	98811	5624155	56.90
2010-2014	25	0.00056	0.00056	0.5	98784	56	98757	5525343	55.93
2010-2014	26	0.00061	0.00061	0.5	98729	60	98699	5426587	54.96
2010-2014	27	0.00064	0.00064	0.5	98669	63	98637	5327888	54.00
2010-2014	28	0.00069	0.00069	0.5	98605	68	98571	5229251	53.03
2010-2014	29	0.00067	0.00067	0.5	98538	66	98505	5130680	52.07
2010-2014	30	0.00074	0.00074	0.5	98472	73	98435	5032175	51.10
2010-2014	31	0.00080	0.00080	0.5	98399	79	98359	4933740	50.14
2010-2014	32	0.00084	0.00084	0.5	98320	83	98278	4835380	49.18
2010-2014	33	0.00093	0.00093	0.5	98237	92	98191	4737102	48.22
2010-2014	34	0.00097	0.00097	0.5	98145	95	98098	4638911	47.27
2010-2014	35	0.00105	0.00104	0.5	98051	102	97999	4540813	46.31
2010-2014	36	0.00112	0.00112	0.5	97948	110	97893	4442814	45.36
2010-2014	37	0.00115	0.00115	0.5	97838	112	97782	4344920	44.41
2010-2014	38	0.00120	0.00120	0.5	97726	117	97667	4247139	43.46
2010-2014	39	0.00133	0.00133	0.5	97609	130	97544	4149471	42.51
2010-2014	40	0.00147	0.00147	0.5	97479	143	97408	4051927	41.57
2010-2014	41	0.00158	0.00158	0.5	97336	154	97259	3954520	40.63
2010-2014	42	0.00181	0.00180	0.5	97182	175	97095	3857261	39.69
2010-2014	43	0.00190	0.00190	0.5	97007	184	96915	3760166	38.76
2010-2014	44	0.00204	0.00204	0.5	96823	197	96724	3663251	37.83
2010-2014	45	0.00231	0.00231	0.5	96626	223	96514	3566527	36.91
2010-2014	46	0.00247	0.00247	0.5	96403	238	96284	3470012	35.99
2010-2014	47	0.00280	0.00280	0.5	96165	269	96031	3373728	35.08
2010-2014	48	0.00303	0.00303	0.5	95896	291	95751	3277698	34.18
2010-2014	49	0.00339	0.00339	0.5	95606	324	95444	3181947	33.28
2010-2014	50	0.00373	0.00372	0.5	95282	355	95104	3086503	32.39
2010-2014	51	0.00403	0.00402	0.5	94927	381	94736	2991399	31.51
2010-2014	52	0.00446	0.00445	0.5	94546	421	94335	2896662	30.64
2010-2014	53	0.00463	0.00462	0.5	94125	435	93907	2802327	29.77
2010-2014	54	0.00499	0.00498	0.5	93690	466	93457	2708420	28.91
2010-2014	55	0.00535	0.00533	0.5	93224	497	92975	2614963	28.05
2010-2014	56	0.00579	0.00577	0.5	92726	535	92459	2521988	27.20
2010-2014	57	0.00640	0.00638	0.5	92191	588	91897	2429529	26.35
2010-2014	58	0.00658	0.00656	0.5	91603	601	91302	2337633	25.52
2010-2014	59	0.00723	0.00721	0.5	91002	656	90674	2246330	24.68
2010-2014	60	0.00757	0.00754	0.5	90346	681	90005	2155656	23.86
2010-2014	61	0.00819	0.00816	0.5	89664	731	89299	2065651	23.04
2010-2014	62	0.00876	0.00872	0.5	88933	776	88545	1976353	22.22
2010-2014	63	0.00987	0.00982	0.5	88157	866	87724	1887807	21.41
2010-2014	64	0.01057	0.01051	0.5	87291	918	86832	1800083	20.62
2010-2014	65	0.01134	0.01127	0.5	86374	974	85887	1713251	19.84
2010-2014	66	0.01242	0.01234	0.5	85400	1054	84873	1627364	19.06
2010-2014	67	0.01356	0.01347	0.5	84346	1136	83778	1542491	18.29
2010-2014	68	0.01454	0.01444	0.5	83210	1201	82609	1458713	17.53
2010-2014	69	0.01611	0.01598	0.5	82008	1311	81353	1376104	16.78
2010-2014	70	0.01769	0.01754	0.5	80698	1415	79990	1294751	16.04
2010-2014	71	0.01923	0.01905	0.5	79282	1510	78527	1214762	15.32
2010-2014	72	0.02090	0.02069	0.5	77772	1609	76967	1136234	14.61
2010-2014	73	0.02243	0.02219	0.5	76163	1690	75318	1059267	13.91
2010-2014	74	0.02497	0.02466	0.5	74473	1836	73555	983949	13.21
2010-2014	75	0.02790	0.02752	0.5	72637	1999	71637	910394	12.53
2010-2014	76	0.03070	0.03023	0.5	70638	2135	69570	838757	11.87
2010-2014	77	0.03367	0.03311	0.5	68503	2268	67368	769186	11.23
2010-2014	78	0.03794	0.03723	0.5	66234	2466	65001	701818	10.60
2010-2014	79	0.04200	0.04114	0.5	63768	2623	62457	636817	9.99
2010-2014	80	0.04600	0.04496	0.5	61145	2749	59771	574360	9.39
2010-2014	81	0.05187	0.05056	0.5	58396	2953	56920	514589	8.81
2010-2014	82	0.05836	0.05670	0.5	55443	3144	53871	457670	8.25
2010-2014	83	0.06463	0.06261	0.5	52300	3274	50662	403798	7.72
2010-2014	84	0.07250	0.06996	0.5	49025	3430	47310	353136	7.20
2010-2014	85	0.08245	0.07919	0.5	45595	3611	43790	305826	6.71
2010-2014	86	0.09321	0.08906	0.5	41985	3739	40115	262036	6.24
2010-2014	87	0.10523	0.09997	0.5	38245	3823	36334	221920	5.80
2010-2014	88	0.11746	0.11094	0.5	34422	3819	32513	185587	5.39
2010-2014	89	0.13139	0.12329	0.5	30603	3773	28717	153074	5.00
2010-2014	90	0.14923	0.13887	0.5	26830	3726	24967	124357	4.64
2010-2014	91	0.16541	0.15277	0.5	23104	3530	21339	99390	4.30
2010-2014	92	0.18545	0.16971	0.5	19575	3322	17914	78051	3.99
2010-2014	93	0.20652	0.18719	0.5	16253	3042	14731	60137	3.70
2010-2014	94	0.23071	0.20685	0.5	13210	2733	11844	45406	3.44
2010-2014	95	0.25118	0.22315	0.5	10478	2338	9309	33562	3.20
2010-2014	96	0.27655	0.24295	0.5	8140	1978	7151	24253	2.98
2010-2014	97	0.30344	0.26347	0.5	6162	1624	5350	17103	2.78
2010-2014	98	0.33175	0.28455	0.5	4539	1291	3893	11752	2.59
2010-2014	99	0.36133	0.30604	0.5	3247	994	2750	7860	2.42
2010-2014	100	0.39201	0.32776	0.5	2253	739	1884	5109	2.27
2010-2014	101	0.42355	0.34953	0.5	1515	529	1250	3225	2.13
2010-2014	102	0.45574	0.37116	0.5	985	366	802	1975	2.00
2010-2014	103	0.48830	0.39247	0.5	620	243	498	1173	1.89
2010-2014	104	0.52095	0.41330	0.5	376	156	299	675	1.79
2010-2014	105	0.55343	0.43348	0.5	221	96	173	376	1.70
2010-2014	106	0.58546	0.45289	0.5	125	57	97	203	1.62
2010-2014	107	0.61679	0.47141	0.5	68	32	52	106	1.56
2010-2014	108	0.64717	0.48895	0.5	36	18	27	54	1.50
2010-2014	109	0.67641	0.50546	0.5	18	9	14	27	1.45
2010-2014	110+	0.70433	1.00000	1.42	9	9	13	13	1.42
2015-2019	0	0.00561	0.00558	0.07	100000	558	99480	8037125	80.37
2015-2019	1	0.00041	0.00041	0.5	99442	41	99422	7937644	79.82
2015-2019	2	0.00026	0.00026	0.5	99401	26	99388	7838223	78.85
2015-2019	3	0.00019	0.00019	0.5	99375	19	99366	7738835	77.87
2015-2019	4	0.00016	0.00016	0.5	99356	16	99348	7639469	76.89
2015-2019	5	0.00013	0.00013	0.5	99341	13	99334	7540120	75.90
2015-2019	6	0.00012	0.00012	0.5	99328	12	99322	7440786	74.91
2015-2019	7	0.00012	0.00012	0.5	99316	12	99310	7341464	73.92
2015-2019	8	0.00010	0.00010	0.5	99304	10	99298	7242154	72.93
2015-2019	9	0.00010	0.00010	0.5	99293	10	99288	7142856	71.94
2015-2019	10	0.00011	0.00011	0.5	99283	11	99278	7043568	70.94
2015-2019	11	0.00012	0.00012	0.5	99272	12	99266	6944290	69.95
2015-2019	12	0.00013	0.00013	0.5	99260	13	99254	6845024	68.96
2015-2019	13	0.00015	0.00015	0.5	99248	15	99240	6745770	67.97
2015-2019	14	0.00018	0.00018	0.5	99233	18	99224	6646530	66.98
2015-2019	15	0.00022	0.00022	0.5	99215	22	99204	6547306	65.99
2015-2019	16	0.00027	0.00027	0.5	99193	26	99180	6448102	65.01
2015-2019	17	0.00030	0.00030	0.5	99167	30	99152	6348922	64.02
2015-2019	18	0.00044	0.00044	0.5	99137	44	99115	6249770	63.04
2015-2019	19	0.00046	0.00046	0.5	99093	46	99070	6150656	62.07
2015-2019	20	0.00047	0.00047	0.5	99047	46	99024	6051586	61.10
2015-2019	21	0.00053	0.00053	0.5	99001	53	98974	5952562	60.13
2015-2019	22	0.00049	0.00049	0.5	98948	49	98924	5853587	59.16
2015-2019	23	0.00051	0.00051	0.5	98899	50	98874	5754664	58.19
2015-2019	24	0.00054	0.00054	0.5	98849	53	98822	5655790	57.22
2015-2019	25	0.00057	0.00057	0.5	98795	57	98767	5556967	56.25
2015-2019	26	0.00053	0.00053	0.5	98739	52	98713	5458200	55.28
2015-2019	27	0.00064	0.00064	0.5	98687	63	98655	5359488	54.31
2015-2019	28	0.00067	0.00067	0.5	98624	66	98591	5260833	53.34
2015-2019	29	0.00070	0.00070	0.5	98557	69	98523	5162242	52.38
2015-2019	30	0.00082	0.00082	0.5	98488	81	98448	5063719	51.41
2015-2019	31	0.00081	0.00081	0.5	98407	80	98367	4965272	50.46
2015-2019	32	0.00087	0.00087	0.5	98327	86	98285	4866904	49.50
2015-2019	33	0.00102	0.00102	0.5	98242	100	98192	4768620	48.54
2015-2019	34	0.00098	0.00098	0.5	98142	96	98094	4670428	47.59
2015-2019	35	0.00111	0.00111	0.5	98045	109	97991	4572334	46.63
2015-2019	36	0.00119	0.00119	0.5	97937	116	97879	4474343	45.69
2015-2019	37	0.00118	0.00118	0.5	97820	115	97763	4376464	44.74
2015-2019	38	0.00135	0.00135	0.5	97705	132	97640	4278702	43.79
2015-2019	39	0.00141	0.00141	0.5	97574	138	97505	4181062	42.85
2015-2019	40	0.00155	0.00155	0.5	97436	151	97361	4083557	41.91
2015-2019	41	0.00163	0.00163	0.5	97285	159	97206	3986197	40.97
2015-2019	42	0.00175	0.00175	0.5	97127	170	97041	3888991	40.04
2015-2019	43	0.00189	0.00188	0.5	96956	183	96865	3791949	39.11
2015-2019	44	0.00196	0.00195	0.5	96774	189	96679	3695084	38.18
2015-2019	45	0.00218	0.00217	0.5	96585	210	96480	3598405	37.26
2015-2019	46	0.00245	0.00245	0.5	96375	236	96257	3501925	36.34
2015-2019	47	0.00258	0.00257	0.5	96139	247	96015	3405669	35.42
2015-2019	48	0.00287	0.00287	0.5	95891	275	95754	3309653	34.51
2015-2019	49	0.00315	0.00314	0.5	95616	300	95466	3213900	33.61
2015-2019	50	0.00336	0.00335	0.5	95316	319	95156	3118433	32.72
2015-2019	51	0.00380	0.00380	0.5	94997	361	94816	3023277	31.83
2015-2019	52	0.00412	0.00411	0.5	94636	389	94442	2928461	30.94
2015-2019	53	0.00457	0.00456	0.5	94247	430	94032	2834019	30.07
2015-2019	54	0.00495	0.00493	0.5	93818	463	93586	2739986	29.21
2015-2019	55	0.00545	0.00544	0.5	93355	508	93101	2646400	28.35
2015-2019	56	0.00591	0.00590	0.5	92847	548	92573	2553299	27.50
2015-2019	57	0.00638	0.00636	0.5	92300	587	92006	2460726	26.66
2015-2019	58	0.00692	0.00689	0.5	91713	632	91397	2368720	25.83
2015-2019	59	0.00742	0.00739	0.5	91081	673	90744	2277323	25.00
2015-2019	60	0.00781	0.00778	0.5	90407	704	90055	2186579	24.19
2015-2019	61	0.00855	0.00851	0.5	89704	764	89322	2096523	23.37
2015-2019	62	0.00923	0.00918	0.5	88940	817	88532	2007201	22.57
2015-2019	63	0.00980	0.00975	0.5	88123	860	87693	1918670	21.77
2015-2019	64	0.01039	0.01034	0.5	87264	902	86813	1830976	20.98
2015-2019	65	0.01116	0.01109	0.5	86361	958	85882	1744164	20.20
2015-2019	66	0.01199	0.01192	0.5	85403	1018	84894	1658281	19.42
2015-2019	67	0.01292	0.01284	0.5	84386	1084	83844	1573387	18.65
2015-2019	68	0.01420	0.01410	0.5	83302	1174	82715	1489543	17.88
2015-2019	69	0.01549	0.01537	0.5	82128	1262	81496	1406828	17.13
2015-2019	70	0.01706	0.01692	0.5	80865	1368	80181	1325332	16.39
2015-2019	71	0.01858	0.01841	0.5	79497	1463	78765	1245151	15.66
2015-2019	72	0.02063	0.02042	0.5	78034	1593	77237	1166385	14.95
2015-2019	73	0.02251	0.02226	0.5	76441	1702	75590	1089148	14.25
2015-2019	74	0.02454	0.02424	0.5	74739	1812	73833	1013558	13.56
2015-2019	75	0.02711	0.02675	0.5	72927	1951	71952	939725	12.89
2015-2019	76	0.02976	0.02932	0.5	70977	2081	69936	867773	12.23
2015-2019	77	0.03261	0.03209	0.5	68896	2211	67790	797837	11.58
2015-2019	78	0.03602	0.03538	0.5	66685	2359	65505	730047	10.95
2015-2019	79	0.03976	0.03899	0.5	64326	2508	63072	664542	10.33
2015-2019	80	0.04441	0.04345	0.5	61818	2686	60475	601470	9.73
2015-2019	81	0.04944	0.04825	0.5	59132	2853	57705	540995	9.15
2015-2019	82	0.05481	0.05335	0.5	56279	3002	54778	483290	8.59
2015-2019	83	0.06155	0.05971	0.5	53277	3181	51686	428512	8.04
2015-2019	84	0.06787	0.06564	0.5	50095	3288	48451	376826	7.52
2015-2019	85	0.07606	0.07327	0.5	46807	3430	45092	328375	7.02
2015-2019	86	0.08603	0.08248	0.5	43378	3578	41589	283282	6.53
2015-2019	87	0.09625	0.09183	0.5	39800	3655	37972	241694	6.07
2015-2019	88	0.11014	0.10439	0.5	36145	3773	34258	203721	5.64
2015-2019	89	0.12334	0.11618	0.5	32372	3761	30491	169463	5.23
2015-2019	90	0.13866	0.12967	0.5	28611	3710	26756	138971	4.86
2015-2019	91	0.15681	0.14541	0.5	24901	3621	23091	112216	4.51
2015-2019	92	0.17306	0.15928	0.5	21280	3389	19585	89125	4.19
2015-2019	93	0.19397	0.17682	0.5	17891	3163	16309	69540	3.89
2015-2019	94	0.21547	0.19452	0.5	14727	2865	13295	53231	3.61
2015-2019	95	0.23549	0.21068	0.5	11863	2499	10613	39936	3.37
2015-2019	96	0.25952	0.22971	0.5	9363	2151	8288	29323	3.13
2015-2019	97	0.28508	0.24951	0.5	7212	1800	6313	21035	2.92
2015-2019	98	0.31210	0.26997	0.5	5413	1461	4682	14722	2.72
2015-2019	99	0.34046	0.29094	0.5	3952	1150	3377	10040	2.54
2015-2019	100	0.37002	0.31225	0.5	2802	875	2364	6663	2.38
2015-2019	101	0.40058	0.33373	0.5	1927	643	1605	4299	2.23
2015-2019	102	0.43193	0.35522	0.5	1284	456	1056	2693	2.10
2015-2019	103	0.46384	0.37652	0.5	828	312	672	1637	1.98
2015-2019	104	0.49605	0.39747	0.5	516	205	414	965	1.87
2015-2019	105	0.52829	0.41790	0.5	311	130	246	552	1.77
2015-2019	106	0.56029	0.43768	0.5	181	79	141	306	1.69
2015-2019	107	0.59181	0.45667	0.5	102	46	79	164	1.61
2015-2019	108	0.62258	0.47478	0.5	55	26	42	86	1.55
2015-2019	109	0.65240	0.49193	0.5	29	14	22	44	1.50
2015-2019	110+	0.68107	1.00000	1.47	15	15	22	22	1.47
