Div7: West South Central, Lifetables (period 1x10), Males Last modified: 20 Dec 2020, MPv5 (May07) 

Year     	Age	mx	qx	ax	lx	dx	Lx	Tx	ex
1960-1969	0	0.02990	0.02914	0.13	100000	2914	97451	6648949	66.49
1960-1969	1	0.00210	0.00209	0.5	97086	203	96984	6551498	67.48
1960-1969	2	0.00123	0.00123	0.5	96883	119	96823	6454513	66.62
1960-1969	3	0.00092	0.00091	0.5	96763	89	96719	6357690	65.70
1960-1969	4	0.00079	0.00079	0.5	96675	77	96636	6260971	64.76
1960-1969	5	0.00064	0.00064	0.5	96598	62	96567	6164335	63.81
1960-1969	6	0.00061	0.00061	0.5	96536	59	96506	6067768	62.85
1960-1969	7	0.00051	0.00051	0.5	96477	50	96452	5971261	61.89
1960-1969	8	0.00050	0.00050	0.5	96427	49	96403	5874809	60.92
1960-1969	9	0.00047	0.00047	0.5	96379	45	96356	5778406	59.96
1960-1969	10	0.00050	0.00050	0.5	96333	48	96309	5682050	58.98
1960-1969	11	0.00048	0.00048	0.5	96285	46	96262	5585741	58.01
1960-1969	12	0.00053	0.00053	0.5	96239	51	96213	5489479	57.04
1960-1969	13	0.00068	0.00068	0.5	96188	65	96155	5393265	56.07
1960-1969	14	0.00083	0.00083	0.5	96123	80	96083	5297110	55.11
1960-1969	15	0.00107	0.00107	0.5	96043	103	95992	5201027	54.15
1960-1969	16	0.00134	0.00134	0.5	95940	129	95876	5105035	53.21
1960-1969	17	0.00161	0.00161	0.5	95812	154	95734	5009159	52.28
1960-1969	18	0.00190	0.00190	0.5	95657	181	95567	4913425	51.36
1960-1969	19	0.00211	0.00210	0.5	95476	201	95376	4817858	50.46
1960-1969	20	0.00209	0.00208	0.5	95275	199	95176	4722483	49.57
1960-1969	21	0.00220	0.00219	0.5	95077	209	94972	4627307	48.67
1960-1969	22	0.00218	0.00218	0.5	94868	207	94765	4532335	47.78
1960-1969	23	0.00217	0.00216	0.5	94661	205	94559	4437570	46.88
1960-1969	24	0.00208	0.00208	0.5	94456	196	94358	4343011	45.98
1960-1969	25	0.00210	0.00210	0.5	94260	198	94161	4248653	45.07
1960-1969	26	0.00209	0.00208	0.5	94062	196	93964	4154492	44.17
1960-1969	27	0.00208	0.00207	0.5	93866	195	93769	4060527	43.26
1960-1969	28	0.00209	0.00209	0.5	93672	196	93574	3966758	42.35
1960-1969	29	0.00213	0.00213	0.5	93476	199	93377	3873184	41.43
1960-1969	30	0.00224	0.00223	0.5	93277	208	93173	3779808	40.52
1960-1969	31	0.00221	0.00221	0.5	93069	205	92966	3686634	39.61
1960-1969	32	0.00237	0.00237	0.5	92864	220	92754	3593668	38.70
1960-1969	33	0.00248	0.00247	0.5	92644	229	92529	3500914	37.79
1960-1969	34	0.00270	0.00270	0.5	92415	249	92290	3408385	36.88
1960-1969	35	0.00281	0.00280	0.5	92165	258	92036	3316095	35.98
1960-1969	36	0.00298	0.00298	0.5	91907	274	91770	3224059	35.08
1960-1969	37	0.00323	0.00323	0.5	91634	296	91486	3132288	34.18
1960-1969	38	0.00359	0.00358	0.5	91338	327	91174	3040803	33.29
1960-1969	39	0.00386	0.00385	0.5	91011	351	90835	2949628	32.41
1960-1969	40	0.00412	0.00411	0.5	90660	373	90473	2858793	31.53
1960-1969	41	0.00447	0.00446	0.5	90287	403	90086	2768319	30.66
1960-1969	42	0.00492	0.00491	0.5	89884	441	89664	2678234	29.80
1960-1969	43	0.00530	0.00528	0.5	89443	472	89207	2588570	28.94
1960-1969	44	0.00585	0.00583	0.5	88971	519	88711	2499364	28.09
1960-1969	45	0.00640	0.00638	0.5	88451	564	88169	2410653	27.25
1960-1969	46	0.00697	0.00695	0.5	87887	611	87582	2322483	26.43
1960-1969	47	0.00767	0.00764	0.5	87277	667	86943	2234901	25.61
1960-1969	48	0.00846	0.00842	0.5	86610	729	86245	2147958	24.80
1960-1969	49	0.00920	0.00916	0.5	85880	786	85487	2061713	24.01
1960-1969	50	0.01016	0.01011	0.5	85094	860	84664	1976226	23.22
1960-1969	51	0.01082	0.01077	0.5	84234	907	83780	1891562	22.46
1960-1969	52	0.01210	0.01203	0.5	83327	1002	82826	1807782	21.70
1960-1969	53	0.01334	0.01325	0.5	82324	1091	81779	1724956	20.95
1960-1969	54	0.01448	0.01438	0.5	81233	1168	80649	1643178	20.23
1960-1969	55	0.01560	0.01548	0.5	80065	1239	79446	1562528	19.52
1960-1969	56	0.01693	0.01679	0.5	78826	1323	78164	1483083	18.81
1960-1969	57	0.01813	0.01797	0.5	77503	1393	76806	1404918	18.13
1960-1969	58	0.01966	0.01947	0.5	76110	1482	75369	1328112	17.45
1960-1969	59	0.02128	0.02105	0.5	74628	1571	73842	1252743	16.79
1960-1969	60	0.02332	0.02305	0.5	73057	1684	72215	1178900	16.14
1960-1969	61	0.02454	0.02424	0.5	71373	1730	70508	1106685	15.51
1960-1969	62	0.02764	0.02726	0.5	69643	1899	68693	1036177	14.88
1960-1969	63	0.02914	0.02872	0.5	67744	1946	66771	967484	14.28
1960-1969	64	0.03212	0.03161	0.5	65798	2080	64758	900713	13.69
1960-1969	65	0.03576	0.03513	0.5	63718	2239	62599	835954	13.12
1960-1969	66	0.03735	0.03666	0.5	61480	2254	60353	773355	12.58
1960-1969	67	0.04074	0.03992	0.5	59226	2364	58044	713002	12.04
1960-1969	68	0.04397	0.04303	0.5	56861	2447	55638	654959	11.52
1960-1969	69	0.04673	0.04567	0.5	54415	2485	53172	599321	11.01
1960-1969	70	0.05049	0.04924	0.5	51930	2557	50651	546149	10.52
1960-1969	71	0.05315	0.05177	0.5	49373	2556	48095	495497	10.04
1960-1969	72	0.06000	0.05825	0.5	46817	2727	45453	447403	9.56
1960-1969	73	0.06299	0.06107	0.5	44089	2693	42743	401950	9.12
1960-1969	74	0.06769	0.06548	0.5	41397	2711	40042	359207	8.68
1960-1969	75	0.07329	0.07070	0.5	38686	2735	37319	319165	8.25
1960-1969	76	0.07718	0.07431	0.5	35951	2672	34615	281847	7.84
1960-1969	77	0.08158	0.07839	0.5	33280	2609	31975	247231	7.43
1960-1969	78	0.08802	0.08431	0.5	30671	2586	29378	215256	7.02
1960-1969	79	0.09442	0.09016	0.5	28085	2532	26819	185878	6.62
1960-1969	80	0.10927	0.10361	0.5	25553	2648	24229	159059	6.22
1960-1969	81	0.11303	0.10699	0.5	22905	2451	21680	134830	5.89
1960-1969	82	0.12814	0.12042	0.5	20455	2463	19223	113150	5.53
1960-1969	83	0.13823	0.12929	0.5	17991	2326	16828	93927	5.22
1960-1969	84	0.15318	0.14228	0.5	15665	2229	14551	77099	4.92
1960-1969	85	0.16355	0.15118	0.5	13436	2031	12421	62548	4.66
1960-1969	86	0.17851	0.16388	0.5	11405	1869	10471	50127	4.40
1960-1969	87	0.19342	0.17636	0.5	9536	1682	8695	39656	4.16
1960-1969	88	0.20532	0.18620	0.5	7854	1462	7123	30961	3.94
1960-1969	89	0.22784	0.20454	0.5	6392	1307	5738	23838	3.73
1960-1969	90	0.23845	0.21305	0.5	5084	1083	4543	18100	3.56
1960-1969	91	0.24731	0.22010	0.5	4001	881	3561	13558	3.39
1960-1969	92	0.27011	0.23797	0.5	3120	743	2749	9997	3.20
1960-1969	93	0.28741	0.25130	0.5	2378	598	2079	7248	3.05
1960-1969	94	0.30543	0.26497	0.5	1780	472	1544	5168	2.90
1960-1969	95	0.32035	0.27612	0.5	1309	361	1128	3624	2.77
1960-1969	96	0.34009	0.29067	0.5	947	275	810	2496	2.63
1960-1969	97	0.36041	0.30538	0.5	672	205	569	1686	2.51
1960-1969	98	0.38124	0.32020	0.5	467	149	392	1117	2.39
1960-1969	99	0.40252	0.33508	0.5	317	106	264	725	2.29
1960-1969	100	0.42417	0.34995	0.5	211	74	174	461	2.18
1960-1969	101	0.44611	0.36475	0.5	137	50	112	287	2.09
1960-1969	102	0.46827	0.37943	0.5	87	33	71	175	2.01
1960-1969	103	0.49055	0.39393	0.5	54	21	43	104	1.93
1960-1969	104	0.51287	0.40820	0.5	33	13	26	61	1.85
1960-1969	105	0.53514	0.42218	0.5	19	8	15	35	1.78
1960-1969	106	0.55727	0.43583	0.5	11	5	9	19	1.72
1960-1969	107	0.57917	0.44912	0.5	6	3	5	11	1.67
1960-1969	108	0.60077	0.46200	0.5	3	2	3	6	1.62
1960-1969	109	0.62199	0.47444	0.5	2	1	1	3	1.58
1960-1969	110+	0.64274	1.00000	1.56	1	1	2	2	1.56
1970-1979	0	0.02074	0.02036	0.1	100000	2036	98169	6782944	67.83
1970-1979	1	0.00147	0.00147	0.5	97964	144	97892	6684775	68.24
1970-1979	2	0.00095	0.00095	0.5	97821	93	97774	6586883	67.34
1970-1979	3	0.00075	0.00075	0.5	97728	73	97691	6489109	66.40
1970-1979	4	0.00061	0.00061	0.5	97654	60	97624	6391418	65.45
1970-1979	5	0.00056	0.00056	0.5	97594	55	97567	6293794	64.49
1970-1979	6	0.00051	0.00051	0.5	97539	50	97514	6196227	63.53
1970-1979	7	0.00044	0.00044	0.5	97489	43	97468	6098712	62.56
1970-1979	8	0.00043	0.00043	0.5	97446	42	97425	6001245	61.59
1970-1979	9	0.00047	0.00047	0.5	97404	46	97381	5903820	60.61
1970-1979	10	0.00042	0.00042	0.5	97358	41	97338	5806438	59.64
1970-1979	11	0.00043	0.00043	0.5	97317	41	97297	5709100	58.66
1970-1979	12	0.00050	0.00050	0.5	97276	48	97252	5611804	57.69
1970-1979	13	0.00060	0.00060	0.5	97228	59	97198	5514552	56.72
1970-1979	14	0.00078	0.00078	0.5	97169	76	97131	5417354	55.75
1970-1979	15	0.00102	0.00102	0.5	97093	99	97043	5320223	54.80
1970-1979	16	0.00135	0.00135	0.5	96994	131	96928	5223179	53.85
1970-1979	17	0.00171	0.00170	0.5	96863	165	96780	5126251	52.92
1970-1979	18	0.00210	0.00210	0.5	96698	203	96596	5029471	52.01
1970-1979	19	0.00228	0.00227	0.5	96495	220	96385	4932874	51.12
1970-1979	20	0.00216	0.00216	0.5	96275	208	96171	4836490	50.24
1970-1979	21	0.00225	0.00225	0.5	96067	216	95959	4740318	49.34
1970-1979	22	0.00223	0.00222	0.5	95851	213	95744	4644359	48.45
1970-1979	23	0.00226	0.00226	0.5	95638	216	95530	4548615	47.56
1970-1979	24	0.00221	0.00221	0.5	95422	211	95316	4453085	46.67
1970-1979	25	0.00226	0.00225	0.5	95211	215	95104	4357769	45.77
1970-1979	26	0.00216	0.00216	0.5	94997	205	94894	4262665	44.87
1970-1979	27	0.00219	0.00218	0.5	94792	207	94688	4167771	43.97
1970-1979	28	0.00214	0.00214	0.5	94585	202	94483	4073083	43.06
1970-1979	29	0.00217	0.00216	0.5	94382	204	94280	3978599	42.15
1970-1979	30	0.00217	0.00216	0.5	94178	204	94076	3884319	41.24
1970-1979	31	0.00216	0.00216	0.5	93974	203	93873	3790243	40.33
1970-1979	32	0.00231	0.00230	0.5	93772	216	93664	3696370	39.42
1970-1979	33	0.00237	0.00236	0.5	93556	221	93445	3602706	38.51
1970-1979	34	0.00252	0.00252	0.5	93335	235	93217	3509261	37.60
1970-1979	35	0.00270	0.00270	0.5	93099	251	92974	3416044	36.69
1970-1979	36	0.00284	0.00284	0.5	92848	264	92716	3323070	35.79
1970-1979	37	0.00298	0.00298	0.5	92585	276	92447	3230353	34.89
1970-1979	38	0.00328	0.00327	0.5	92309	302	92158	3137907	33.99
1970-1979	39	0.00353	0.00352	0.5	92006	324	91844	3045749	33.10
1970-1979	40	0.00390	0.00389	0.5	91682	357	91504	2953905	32.22
1970-1979	41	0.00404	0.00403	0.5	91326	368	91141	2862401	31.34
1970-1979	42	0.00468	0.00467	0.5	90957	424	90745	2771260	30.47
1970-1979	43	0.00489	0.00488	0.5	90533	442	90312	2680515	29.61
1970-1979	44	0.00549	0.00547	0.5	90091	493	89844	2590203	28.75
1970-1979	45	0.00595	0.00593	0.5	89598	531	89332	2500358	27.91
1970-1979	46	0.00668	0.00666	0.5	89066	593	88770	2411026	27.07
1970-1979	47	0.00718	0.00716	0.5	88474	633	88157	2322256	26.25
1970-1979	48	0.00798	0.00795	0.5	87841	698	87491	2234099	25.43
1970-1979	49	0.00883	0.00880	0.5	87142	766	86759	2146608	24.63
1970-1979	50	0.00970	0.00965	0.5	86376	833	85959	2059849	23.85
1970-1979	51	0.01032	0.01026	0.5	85542	878	85103	1973889	23.07
1970-1979	52	0.01130	0.01124	0.5	84664	952	84189	1888786	22.31
1970-1979	53	0.01217	0.01210	0.5	83713	1013	83207	1804597	21.56
1970-1979	54	0.01328	0.01319	0.5	82700	1091	82155	1721391	20.81
1970-1979	55	0.01454	0.01444	0.5	81609	1178	81020	1639236	20.09
1970-1979	56	0.01553	0.01541	0.5	80431	1239	79811	1558216	19.37
1970-1979	57	0.01698	0.01683	0.5	79192	1333	78525	1478405	18.67
1970-1979	58	0.01847	0.01830	0.5	77859	1425	77146	1399880	17.98
1970-1979	59	0.01998	0.01979	0.5	76434	1512	75678	1322733	17.31
1970-1979	60	0.02177	0.02154	0.5	74922	1614	74115	1247056	16.64
1970-1979	61	0.02345	0.02318	0.5	73308	1699	72458	1172941	16.00
1970-1979	62	0.02619	0.02585	0.5	71609	1851	70683	1100483	15.37
1970-1979	63	0.02832	0.02792	0.5	69758	1948	68784	1029800	14.76
1970-1979	64	0.03028	0.02983	0.5	67810	2023	66799	961016	14.17
1970-1979	65	0.03239	0.03187	0.5	65787	2097	64739	894217	13.59
1970-1979	66	0.03439	0.03381	0.5	63690	2153	62614	829478	13.02
1970-1979	67	0.03717	0.03649	0.5	61537	2246	60414	766865	12.46
1970-1979	68	0.04046	0.03966	0.5	59292	2351	58116	706450	11.91
1970-1979	69	0.04342	0.04250	0.5	56940	2420	55731	648334	11.39
1970-1979	70	0.04755	0.04645	0.5	54521	2532	53254	592604	10.87
1970-1979	71	0.05002	0.04880	0.5	51988	2537	50720	539349	10.37
1970-1979	72	0.05528	0.05379	0.5	49451	2660	48121	488630	9.88
1970-1979	73	0.05811	0.05647	0.5	46791	2642	45470	440508	9.41
1970-1979	74	0.06400	0.06202	0.5	44149	2738	42780	395038	8.95
1970-1979	75	0.06995	0.06759	0.5	41411	2799	40012	352258	8.51
1970-1979	76	0.07371	0.07109	0.5	38612	2745	37240	312247	8.09
1970-1979	77	0.08008	0.07700	0.5	35867	2762	34486	275007	7.67
1970-1979	78	0.08680	0.08319	0.5	33105	2754	31729	240520	7.27
1970-1979	79	0.09362	0.08943	0.5	30352	2714	28994	208792	6.88
1970-1979	80	0.10329	0.09822	0.5	27637	2715	26280	179798	6.51
1970-1979	81	0.11094	0.10511	0.5	24923	2620	23613	153518	6.16
1970-1979	82	0.12072	0.11385	0.5	22303	2539	21033	129905	5.82
1970-1979	83	0.13188	0.12372	0.5	19764	2445	18541	108871	5.51
1970-1979	84	0.14354	0.13393	0.5	17319	2319	16159	90330	5.22
1970-1979	85	0.15251	0.14171	0.5	14999	2125	13936	74171	4.95
1970-1979	86	0.16776	0.15478	0.5	12874	1993	11877	60235	4.68
1970-1979	87	0.17745	0.16299	0.5	10881	1773	9994	48358	4.44
1970-1979	88	0.18860	0.17234	0.5	9108	1570	8323	38364	4.21
1970-1979	89	0.20534	0.18622	0.5	7538	1404	6836	30041	3.99
1970-1979	90	0.21687	0.19565	0.5	6134	1200	5534	23205	3.78
1970-1979	91	0.23387	0.20939	0.5	4934	1033	4417	17671	3.58
1970-1979	92	0.25398	0.22536	0.5	3901	879	3461	13253	3.40
1970-1979	93	0.26717	0.23569	0.5	3022	712	2666	9792	3.24
1970-1979	94	0.28791	0.25168	0.5	2310	581	2019	7126	3.09
1970-1979	95	0.29752	0.25899	0.5	1728	448	1505	5107	2.96
1970-1979	96	0.31575	0.27270	0.5	1281	349	1106	3603	2.81
1970-1979	97	0.33458	0.28663	0.5	931	267	798	2497	2.68
1970-1979	98	0.35395	0.30073	0.5	664	200	565	1699	2.56
1970-1979	99	0.37380	0.31494	0.5	465	146	391	1134	2.44
1970-1979	100	0.39410	0.32922	0.5	318	105	266	743	2.33
1970-1979	101	0.41476	0.34352	0.5	214	73	177	477	2.23
1970-1979	102	0.43573	0.35778	0.5	140	50	115	300	2.14
1970-1979	103	0.45693	0.37195	0.5	90	33	73	185	2.05
1970-1979	104	0.47829	0.38598	0.5	57	22	46	112	1.97
1970-1979	105	0.49973	0.39982	0.5	35	14	28	66	1.90
1970-1979	106	0.52116	0.41343	0.5	21	9	17	38	1.83
1970-1979	107	0.54253	0.42676	0.5	12	5	10	22	1.77
1970-1979	108	0.56373	0.43977	0.5	7	3	5	12	1.72
1970-1979	109	0.58471	0.45244	0.5	4	2	3	7	1.68
1970-1979	110+	0.60538	1.00000	1.65	2	2	4	4	1.65
1980-1989	0	0.01225	0.01211	0.08	100000	1211	98883	7027699	70.28
1980-1989	1	0.00104	0.00104	0.5	98789	103	98738	6928816	70.14
1980-1989	2	0.00072	0.00072	0.5	98686	71	98651	6830078	69.21
1980-1989	3	0.00056	0.00056	0.5	98615	55	98587	6731428	68.26
1980-1989	4	0.00047	0.00047	0.5	98560	46	98537	6632840	67.30
1980-1989	5	0.00037	0.00037	0.5	98514	36	98496	6534304	66.33
1980-1989	6	0.00036	0.00036	0.5	98477	35	98460	6435808	65.35
1980-1989	7	0.00034	0.00034	0.5	98442	34	98426	6337348	64.38
1980-1989	8	0.00033	0.00033	0.5	98409	33	98392	6238922	63.40
1980-1989	9	0.00031	0.00031	0.5	98376	30	98361	6140530	62.42
1980-1989	10	0.00032	0.00032	0.5	98346	31	98330	6042169	61.44
1980-1989	11	0.00034	0.00034	0.5	98315	34	98298	5943839	60.46
1980-1989	12	0.00038	0.00038	0.5	98281	37	98262	5845542	59.48
1980-1989	13	0.00045	0.00045	0.5	98244	44	98222	5747279	58.50
1980-1989	14	0.00056	0.00056	0.5	98200	55	98172	5649058	57.53
1980-1989	15	0.00075	0.00075	0.5	98145	74	98108	5550885	56.56
1980-1989	16	0.00112	0.00111	0.5	98071	109	98016	5452777	55.60
1980-1989	17	0.00145	0.00145	0.5	97962	142	97891	5354761	54.66
1980-1989	18	0.00193	0.00193	0.5	97819	188	97725	5256871	53.74
1980-1989	19	0.00196	0.00196	0.5	97631	191	97535	5159145	52.84
1980-1989	20	0.00204	0.00203	0.5	97440	198	97341	5061610	51.95
1980-1989	21	0.00214	0.00214	0.5	97242	208	97138	4964269	51.05
1980-1989	22	0.00214	0.00214	0.5	97034	207	96930	4867131	50.16
1980-1989	23	0.00215	0.00214	0.5	96826	208	96722	4770202	49.27
1980-1989	24	0.00212	0.00212	0.5	96618	204	96516	4673479	48.37
1980-1989	25	0.00211	0.00211	0.5	96414	203	96312	4576963	47.47
1980-1989	26	0.00210	0.00210	0.5	96211	202	96110	4480651	46.57
1980-1989	27	0.00210	0.00210	0.5	96009	202	95908	4384540	45.67
1980-1989	28	0.00220	0.00220	0.5	95808	211	95702	4288632	44.76
1980-1989	29	0.00205	0.00204	0.5	95597	195	95499	4192930	43.86
1980-1989	30	0.00218	0.00218	0.5	95402	208	95298	4097430	42.95
1980-1989	31	0.00218	0.00218	0.5	95194	208	95090	4002133	42.04
1980-1989	32	0.00227	0.00227	0.5	94986	216	94879	3907043	41.13
1980-1989	33	0.00237	0.00237	0.5	94771	224	94659	3812164	40.23
1980-1989	34	0.00233	0.00232	0.5	94546	220	94436	3717505	39.32
1980-1989	35	0.00245	0.00244	0.5	94327	230	94211	3623069	38.41
1980-1989	36	0.00250	0.00250	0.5	94096	235	93979	3528858	37.50
1980-1989	37	0.00262	0.00262	0.5	93861	245	93739	3434879	36.60
1980-1989	38	0.00288	0.00287	0.5	93616	269	93481	3341140	35.69
1980-1989	39	0.00291	0.00290	0.5	93347	271	93211	3247659	34.79
1980-1989	40	0.00311	0.00311	0.5	93076	289	92931	3154448	33.89
1980-1989	41	0.00330	0.00329	0.5	92786	305	92634	3061516	33.00
1980-1989	42	0.00367	0.00366	0.5	92481	339	92312	2968883	32.10
1980-1989	43	0.00403	0.00402	0.5	92142	371	91957	2876571	31.22
1980-1989	44	0.00425	0.00425	0.5	91772	390	91577	2784614	30.34
1980-1989	45	0.00470	0.00469	0.5	91382	428	91168	2693037	29.47
1980-1989	46	0.00504	0.00503	0.5	90954	458	90725	2601869	28.61
1980-1989	47	0.00541	0.00540	0.5	90496	488	90252	2511144	27.75
1980-1989	48	0.00620	0.00618	0.5	90008	556	89730	2420892	26.90
1980-1989	49	0.00647	0.00645	0.5	89452	577	89163	2331162	26.06
1980-1989	50	0.00733	0.00731	0.5	88875	649	88550	2241999	25.23
1980-1989	51	0.00811	0.00807	0.5	88225	712	87869	2153449	24.41
1980-1989	52	0.00910	0.00906	0.5	87513	793	87116	2065580	23.60
1980-1989	53	0.00983	0.00978	0.5	86720	848	86296	1978464	22.81
1980-1989	54	0.01054	0.01048	0.5	85872	900	85422	1892168	22.03
1980-1989	55	0.01179	0.01172	0.5	84971	996	84474	1806746	21.26
1980-1989	56	0.01282	0.01274	0.5	83976	1070	83441	1722273	20.51
1980-1989	57	0.01378	0.01368	0.5	82906	1134	82339	1638832	19.77
1980-1989	58	0.01600	0.01587	0.5	81772	1298	81123	1556493	19.03
1980-1989	59	0.01665	0.01652	0.5	80474	1329	79809	1475370	18.33
1980-1989	60	0.01839	0.01822	0.5	79145	1442	78424	1395561	17.63
1980-1989	61	0.01961	0.01942	0.5	77703	1509	76948	1317138	16.95
1980-1989	62	0.02169	0.02145	0.5	76193	1635	75376	1240190	16.28
1980-1989	63	0.02305	0.02279	0.5	74559	1699	73709	1164814	15.62
1980-1989	64	0.02499	0.02468	0.5	72860	1798	71961	1091104	14.98
1980-1989	65	0.02825	0.02786	0.5	71062	1980	70072	1019143	14.34
1980-1989	66	0.02996	0.02951	0.5	69082	2039	68063	949071	13.74
1980-1989	67	0.03200	0.03149	0.5	67043	2111	65988	881008	13.14
1980-1989	68	0.03565	0.03503	0.5	64932	2274	63795	815021	12.55
1980-1989	69	0.03815	0.03743	0.5	62658	2345	61485	751226	11.99
1980-1989	70	0.04174	0.04088	0.5	60312	2466	59079	689741	11.44
1980-1989	71	0.04519	0.04419	0.5	57846	2556	56568	630662	10.90
1980-1989	72	0.04990	0.04869	0.5	55290	2692	53944	574094	10.38
1980-1989	73	0.05440	0.05296	0.5	52598	2785	51205	520150	9.89
1980-1989	74	0.05735	0.05575	0.5	49813	2777	48424	468944	9.41
1980-1989	75	0.06221	0.06033	0.5	47035	2838	45617	420520	8.94
1980-1989	76	0.06784	0.06561	0.5	44198	2900	42748	374904	8.48
1980-1989	77	0.07286	0.07030	0.5	41298	2903	39846	332156	8.04
1980-1989	78	0.07931	0.07628	0.5	38395	2929	36930	292310	7.61
1980-1989	79	0.08486	0.08141	0.5	35466	2887	34022	255380	7.20
1980-1989	80	0.09551	0.09115	0.5	32579	2970	31094	221357	6.79
1980-1989	81	0.10382	0.09870	0.5	29609	2922	28148	190264	6.43
1980-1989	82	0.11265	0.10664	0.5	26687	2846	25264	162116	6.07
1980-1989	83	0.12388	0.11665	0.5	23841	2781	22450	136853	5.74
1980-1989	84	0.13190	0.12374	0.5	21060	2606	19757	114402	5.43
1980-1989	85	0.14412	0.13444	0.5	18454	2481	17213	94646	5.13
1980-1989	86	0.15514	0.14398	0.5	15973	2300	14823	77433	4.85
1980-1989	87	0.16967	0.15640	0.5	13673	2138	12604	62610	4.58
1980-1989	88	0.18193	0.16676	0.5	11535	1924	10573	50006	4.34
1980-1989	89	0.19342	0.17637	0.5	9611	1695	8764	39433	4.10
1980-1989	90	0.20774	0.18819	0.5	7916	1490	7171	30669	3.87
1980-1989	91	0.22420	0.20160	0.5	6426	1296	5779	23498	3.66
1980-1989	92	0.24400	0.21747	0.5	5131	1116	4573	17719	3.45
1980-1989	93	0.26377	0.23303	0.5	4015	936	3547	13146	3.27
1980-1989	94	0.27683	0.24317	0.5	3079	749	2705	9599	3.12
1980-1989	95	0.29482	0.25694	0.5	2331	599	2031	6894	2.96
1980-1989	96	0.31416	0.27151	0.5	1732	470	1497	4863	2.81
1980-1989	97	0.33416	0.28632	0.5	1262	361	1081	3367	2.67
1980-1989	98	0.35478	0.30133	0.5	900	271	765	2286	2.54
1980-1989	99	0.37596	0.31647	0.5	629	199	530	1521	2.42
1980-1989	100	0.39762	0.33168	0.5	430	143	359	991	2.31
1980-1989	101	0.41968	0.34689	0.5	287	100	238	633	2.20
1980-1989	102	0.44208	0.36205	0.5	188	68	154	395	2.11
1980-1989	103	0.46471	0.37709	0.5	120	45	97	241	2.02
1980-1989	104	0.48749	0.39195	0.5	75	29	60	144	1.93
1980-1989	105	0.51032	0.40658	0.5	45	18	36	84	1.86
1980-1989	106	0.53311	0.42091	0.5	27	11	21	48	1.79
1980-1989	107	0.55576	0.43491	0.5	16	7	12	27	1.73
1980-1989	108	0.57818	0.44852	0.5	9	4	7	15	1.68
1980-1989	109	0.60028	0.46170	0.5	5	2	4	8	1.63
1980-1989	110+	0.62198	1.00000	1.61	3	3	4	4	1.61
1990-1999	0	0.00890	0.00883	0.07	100000	883	99178	7186115	71.86
1990-1999	1	0.00077	0.00077	0.5	99117	76	99079	7086938	71.50
1990-1999	2	0.00054	0.00054	0.5	99041	54	99014	6987859	70.56
1990-1999	3	0.00043	0.00043	0.5	98987	43	98965	6888845	69.59
1990-1999	4	0.00031	0.00031	0.5	98944	31	98928	6789880	68.62
1990-1999	5	0.00030	0.00030	0.5	98913	29	98898	6690952	67.64
1990-1999	6	0.00026	0.00026	0.5	98883	26	98870	6592054	66.66
1990-1999	7	0.00025	0.00025	0.5	98857	24	98845	6493183	65.68
1990-1999	8	0.00025	0.00025	0.5	98833	25	98821	6394338	64.70
1990-1999	9	0.00024	0.00024	0.5	98808	24	98796	6295518	63.71
1990-1999	10	0.00022	0.00022	0.5	98785	22	98774	6196721	62.73
1990-1999	11	0.00023	0.00023	0.5	98763	23	98751	6097948	61.74
1990-1999	12	0.00029	0.00029	0.5	98740	28	98725	5999196	60.76
1990-1999	13	0.00040	0.00040	0.5	98711	39	98692	5900471	59.78
1990-1999	14	0.00054	0.00054	0.5	98672	54	98645	5801779	58.80
1990-1999	15	0.00075	0.00075	0.5	98619	74	98581	5703134	57.83
1990-1999	16	0.00108	0.00108	0.5	98544	106	98491	5604553	56.87
1990-1999	17	0.00139	0.00139	0.5	98438	137	98369	5506062	55.93
1990-1999	18	0.00170	0.00170	0.5	98301	167	98217	5407692	55.01
1990-1999	19	0.00178	0.00178	0.5	98134	175	98047	5309475	54.10
1990-1999	20	0.00176	0.00176	0.5	97959	172	97873	5211429	53.20
1990-1999	21	0.00189	0.00189	0.5	97787	185	97694	5113556	52.29
1990-1999	22	0.00181	0.00181	0.5	97602	177	97513	5015861	51.39
1990-1999	23	0.00177	0.00176	0.5	97425	172	97339	4918348	50.48
1990-1999	24	0.00169	0.00169	0.5	97253	165	97171	4821009	49.57
1990-1999	25	0.00173	0.00173	0.5	97089	168	97004	4723838	48.65
1990-1999	26	0.00177	0.00177	0.5	96920	171	96835	4626833	47.74
1990-1999	27	0.00186	0.00186	0.5	96749	180	96659	4529999	46.82
1990-1999	28	0.00193	0.00193	0.5	96569	186	96476	4433339	45.91
1990-1999	29	0.00197	0.00197	0.5	96383	190	96288	4336864	45.00
1990-1999	30	0.00206	0.00206	0.5	96193	198	96094	4240576	44.08
1990-1999	31	0.00215	0.00215	0.5	95995	207	95891	4144482	43.17
1990-1999	32	0.00222	0.00222	0.5	95788	213	95682	4048590	42.27
1990-1999	33	0.00236	0.00236	0.5	95575	225	95463	3952909	41.36
1990-1999	34	0.00237	0.00237	0.5	95350	226	95238	3857446	40.46
1990-1999	35	0.00248	0.00247	0.5	95125	235	95007	3762208	39.55
1990-1999	36	0.00269	0.00269	0.5	94889	255	94762	3667201	38.65
1990-1999	37	0.00275	0.00275	0.5	94634	260	94504	3572439	37.75
1990-1999	38	0.00301	0.00301	0.5	94374	284	94232	3477935	36.85
1990-1999	39	0.00304	0.00304	0.5	94090	286	93947	3383703	35.96
1990-1999	40	0.00314	0.00313	0.5	93804	294	93657	3289755	35.07
1990-1999	41	0.00344	0.00343	0.5	93511	321	93350	3196098	34.18
1990-1999	42	0.00360	0.00359	0.5	93189	335	93022	3102748	33.30
1990-1999	43	0.00393	0.00392	0.5	92854	364	92672	3009726	32.41
1990-1999	44	0.00401	0.00400	0.5	92491	370	92306	2917054	31.54
1990-1999	45	0.00428	0.00427	0.5	92121	393	91924	2824748	30.66
1990-1999	46	0.00481	0.00480	0.5	91728	440	91508	2732824	29.79
1990-1999	47	0.00506	0.00505	0.5	91288	461	91057	2641316	28.93
1990-1999	48	0.00564	0.00562	0.5	90827	511	90572	2550259	28.08
1990-1999	49	0.00579	0.00577	0.5	90316	521	90056	2459687	27.23
1990-1999	50	0.00630	0.00628	0.5	89795	564	89513	2369632	26.39
1990-1999	51	0.00702	0.00700	0.5	89231	624	88919	2280119	25.55
1990-1999	52	0.00764	0.00761	0.5	88607	674	88270	2191199	24.73
1990-1999	53	0.00833	0.00830	0.5	87933	730	87568	2102929	23.92
1990-1999	54	0.00894	0.00891	0.5	87203	777	86815	2015361	23.11
1990-1999	55	0.01008	0.01003	0.5	86427	867	85994	1928546	22.31
1990-1999	56	0.01102	0.01095	0.5	85560	937	85092	1842552	21.54
1990-1999	57	0.01198	0.01191	0.5	84623	1008	84119	1757461	20.77
1990-1999	58	0.01349	0.01340	0.5	83615	1120	83055	1673341	20.01
1990-1999	59	0.01402	0.01392	0.5	82495	1149	81921	1590286	19.28
1990-1999	60	0.01571	0.01559	0.5	81347	1268	80712	1508365	18.54
1990-1999	61	0.01759	0.01743	0.5	80078	1396	79380	1427653	17.83
1990-1999	62	0.01916	0.01898	0.5	78682	1493	77936	1348272	17.14
1990-1999	63	0.02058	0.02037	0.5	77189	1572	76403	1270337	16.46
1990-1999	64	0.02239	0.02214	0.5	75617	1674	74780	1193934	15.79
1990-1999	65	0.02407	0.02378	0.5	73942	1758	73063	1119154	15.14
1990-1999	66	0.02618	0.02584	0.5	72184	1865	71251	1046091	14.49
1990-1999	67	0.02790	0.02752	0.5	70319	1935	69351	974840	13.86
1990-1999	68	0.03064	0.03018	0.5	68384	2064	67352	905489	13.24
1990-1999	69	0.03351	0.03295	0.5	66320	2185	65227	838137	12.64
1990-1999	70	0.03582	0.03519	0.5	64135	2257	63006	772909	12.05
1990-1999	71	0.03993	0.03915	0.5	61878	2422	60667	709903	11.47
1990-1999	72	0.04379	0.04285	0.5	59456	2548	58182	649236	10.92
1990-1999	73	0.04738	0.04628	0.5	56908	2634	55591	591054	10.39
1990-1999	74	0.05027	0.04904	0.5	54274	2661	52944	535463	9.87
1990-1999	75	0.05496	0.05349	0.5	51613	2761	50233	482520	9.35
1990-1999	76	0.05911	0.05742	0.5	48852	2805	47450	432287	8.85
1990-1999	77	0.06440	0.06239	0.5	46047	2873	44611	384837	8.36
1990-1999	78	0.07069	0.06828	0.5	43174	2948	41700	340226	7.88
1990-1999	79	0.07769	0.07479	0.5	40226	3008	38722	298526	7.42
1990-1999	80	0.08849	0.08474	0.5	37218	3154	35641	259804	6.98
1990-1999	81	0.09579	0.09141	0.5	34064	3114	32507	224163	6.58
1990-1999	82	0.10549	0.10021	0.5	30950	3101	29399	191656	6.19
1990-1999	83	0.11595	0.10959	0.5	27849	3052	26323	162256	5.83
1990-1999	84	0.12741	0.11978	0.5	24797	2970	23312	135934	5.48
1990-1999	85	0.14035	0.13114	0.5	21827	2862	20395	112622	5.16
1990-1999	86	0.14949	0.13910	0.5	18964	2638	17645	92227	4.86
1990-1999	87	0.16315	0.15084	0.5	16326	2463	15095	74581	4.57
1990-1999	88	0.17710	0.16269	0.5	13864	2255	12736	59487	4.29
1990-1999	89	0.19449	0.17725	0.5	11608	2058	10579	46751	4.03
1990-1999	90	0.21076	0.19067	0.5	9551	1821	8640	36171	3.79
1990-1999	91	0.22310	0.20071	0.5	7730	1551	6954	27531	3.56
1990-1999	92	0.25078	0.22284	0.5	6178	1377	5490	20577	3.33
1990-1999	93	0.26869	0.23687	0.5	4801	1137	4233	15088	3.14
1990-1999	94	0.29406	0.25637	0.5	3664	939	3194	10855	2.96
1990-1999	95	0.30926	0.26784	0.5	2725	730	2360	7660	2.81
1990-1999	96	0.33156	0.28441	0.5	1995	567	1711	5301	2.66
1990-1999	97	0.35465	0.30124	0.5	1428	430	1213	3589	2.51
1990-1999	98	0.37844	0.31822	0.5	998	317	839	2377	2.38
1990-1999	99	0.40283	0.33529	0.5	680	228	566	1538	2.26
1990-1999	100	0.42770	0.35235	0.5	452	159	372	972	2.15
1990-1999	101	0.45295	0.36931	0.5	293	108	239	599	2.05
1990-1999	102	0.47844	0.38608	0.5	185	71	149	361	1.95
1990-1999	103	0.50405	0.40259	0.5	113	46	91	212	1.87
1990-1999	104	0.52963	0.41874	0.5	68	28	54	121	1.79
1990-1999	105	0.55506	0.43448	0.5	39	17	31	68	1.72
1990-1999	106	0.58020	0.44973	0.5	22	10	17	37	1.65
1990-1999	107	0.60494	0.46445	0.5	12	6	9	20	1.60
1990-1999	108	0.62914	0.47859	0.5	7	3	5	10	1.55
1990-1999	109	0.65272	0.49211	0.5	3	2	3	5	1.51
1990-1999	110+	0.67557	1.00000	1.48	2	2	3	3	1.48
2000-2009	0	0.00789	0.00783	0.07	100000	783	99269	7378317	73.78
2000-2009	1	0.00062	0.00062	0.5	99217	62	99186	7279048	73.36
2000-2009	2	0.00043	0.00043	0.5	99155	43	99134	7179862	72.41
2000-2009	3	0.00031	0.00031	0.5	99113	31	99097	7080728	71.44
2000-2009	4	0.00027	0.00027	0.5	99082	26	99068	6981631	70.46
2000-2009	5	0.00022	0.00021	0.5	99055	21	99045	6882563	69.48
2000-2009	6	0.00020	0.00020	0.5	99034	19	99024	6783518	68.50
2000-2009	7	0.00019	0.00019	0.5	99015	19	99005	6684494	67.51
2000-2009	8	0.00017	0.00017	0.5	98996	17	98987	6585489	66.52
2000-2009	9	0.00016	0.00016	0.5	98979	16	98971	6486501	65.53
2000-2009	10	0.00018	0.00018	0.5	98963	18	98954	6387531	64.54
2000-2009	11	0.00019	0.00019	0.5	98945	19	98936	6288577	63.56
2000-2009	12	0.00022	0.00022	0.5	98926	22	98915	6189641	62.57
2000-2009	13	0.00029	0.00029	0.5	98904	29	98890	6090726	61.58
2000-2009	14	0.00036	0.00036	0.5	98876	35	98858	5991836	60.60
2000-2009	15	0.00049	0.00049	0.5	98840	48	98816	5892978	59.62
2000-2009	16	0.00072	0.00072	0.5	98792	71	98756	5794162	58.65
2000-2009	17	0.00096	0.00096	0.5	98720	95	98673	5695406	57.69
2000-2009	18	0.00133	0.00133	0.5	98625	131	98560	5596733	56.75
2000-2009	19	0.00150	0.00149	0.5	98495	147	98421	5498173	55.82
2000-2009	20	0.00156	0.00156	0.5	98347	153	98271	5399752	54.90
2000-2009	21	0.00161	0.00161	0.5	98194	158	98115	5301481	53.99
2000-2009	22	0.00160	0.00160	0.5	98037	157	97958	5203365	53.08
2000-2009	23	0.00157	0.00157	0.5	97880	154	97803	5105407	52.16
2000-2009	24	0.00158	0.00158	0.5	97726	155	97648	5007605	51.24
2000-2009	25	0.00159	0.00159	0.5	97571	155	97493	4909956	50.32
2000-2009	26	0.00161	0.00161	0.5	97416	157	97337	4812463	49.40
2000-2009	27	0.00158	0.00157	0.5	97259	153	97182	4715125	48.48
2000-2009	28	0.00157	0.00157	0.5	97106	153	97029	4617943	47.56
2000-2009	29	0.00164	0.00164	0.5	96953	159	96873	4520914	46.63
2000-2009	30	0.00161	0.00161	0.5	96794	156	96716	4424040	45.71
2000-2009	31	0.00171	0.00171	0.5	96638	165	96555	4327324	44.78
2000-2009	32	0.00168	0.00167	0.5	96473	162	96392	4230769	43.85
2000-2009	33	0.00176	0.00176	0.5	96311	169	96227	4134377	42.93
2000-2009	34	0.00180	0.00180	0.5	96142	173	96055	4038150	42.00
2000-2009	35	0.00198	0.00198	0.5	95969	190	95874	3942095	41.08
2000-2009	36	0.00206	0.00206	0.5	95779	197	95680	3846221	40.16
2000-2009	37	0.00223	0.00223	0.5	95582	213	95475	3750541	39.24
2000-2009	38	0.00235	0.00235	0.5	95369	224	95257	3655065	38.33
2000-2009	39	0.00254	0.00254	0.5	95145	242	95024	3559808	37.41
2000-2009	40	0.00276	0.00276	0.5	94903	262	94772	3464784	36.51
2000-2009	41	0.00302	0.00301	0.5	94641	285	94499	3370012	35.61
2000-2009	42	0.00322	0.00322	0.5	94356	304	94204	3275513	34.71
2000-2009	43	0.00354	0.00354	0.5	94052	333	93886	3181309	33.82
2000-2009	44	0.00396	0.00395	0.5	93720	370	93535	3087423	32.94
2000-2009	45	0.00421	0.00420	0.5	93350	392	93153	2993888	32.07
2000-2009	46	0.00450	0.00449	0.5	92957	418	92748	2900734	31.21
2000-2009	47	0.00488	0.00486	0.5	92539	450	92314	2807986	30.34
2000-2009	48	0.00530	0.00528	0.5	92089	487	91846	2715672	29.49
2000-2009	49	0.00583	0.00582	0.5	91603	533	91336	2623826	28.64
2000-2009	50	0.00632	0.00630	0.5	91070	574	90783	2532489	27.81
2000-2009	51	0.00676	0.00674	0.5	90496	610	90191	2441706	26.98
2000-2009	52	0.00735	0.00733	0.5	89886	659	89557	2351515	26.16
2000-2009	53	0.00791	0.00788	0.5	89228	703	88876	2261958	25.35
2000-2009	54	0.00837	0.00833	0.5	88525	737	88156	2173081	24.55
2000-2009	55	0.00908	0.00904	0.5	87788	794	87391	2084925	23.75
2000-2009	56	0.00974	0.00969	0.5	86994	843	86572	1997534	22.96
2000-2009	57	0.01055	0.01049	0.5	86150	904	85699	1910962	22.18
2000-2009	58	0.01141	0.01134	0.5	85247	967	84763	1825264	21.41
2000-2009	59	0.01235	0.01227	0.5	84280	1034	83762	1740501	20.65
2000-2009	60	0.01339	0.01330	0.5	83245	1107	82692	1656738	19.90
2000-2009	61	0.01424	0.01414	0.5	82138	1161	81558	1574046	19.16
2000-2009	62	0.01584	0.01572	0.5	80977	1273	80341	1492489	18.43
2000-2009	63	0.01685	0.01671	0.5	79704	1332	79038	1412148	17.72
2000-2009	64	0.01830	0.01813	0.5	78373	1421	77662	1333110	17.01
2000-2009	65	0.01972	0.01952	0.5	76951	1502	76200	1255448	16.31
2000-2009	66	0.02134	0.02111	0.5	75449	1593	74653	1179247	15.63
2000-2009	67	0.02297	0.02271	0.5	73856	1677	73018	1104595	14.96
2000-2009	68	0.02461	0.02431	0.5	72179	1754	71302	1031577	14.29
2000-2009	69	0.02689	0.02654	0.5	70425	1869	69490	960275	13.64
2000-2009	70	0.02976	0.02932	0.5	68556	2010	67551	890784	12.99
2000-2009	71	0.03222	0.03171	0.5	66546	2110	65490	823234	12.37
2000-2009	72	0.03542	0.03481	0.5	64435	2243	63314	757743	11.76
2000-2009	73	0.03851	0.03779	0.5	62192	2350	61017	694430	11.17
2000-2009	74	0.04167	0.04082	0.5	59843	2443	58621	633412	10.58
2000-2009	75	0.04621	0.04517	0.5	57400	2593	56103	574791	10.01
2000-2009	76	0.05001	0.04879	0.5	54807	2674	53470	518688	9.46
2000-2009	77	0.05499	0.05352	0.5	52133	2790	50738	465217	8.92
2000-2009	78	0.06058	0.05880	0.5	49343	2901	47893	414479	8.40
2000-2009	79	0.06600	0.06389	0.5	46442	2967	44958	366587	7.89
2000-2009	80	0.07563	0.07287	0.5	43475	3168	41891	321628	7.40
2000-2009	81	0.08315	0.07983	0.5	40307	3218	38698	279738	6.94
2000-2009	82	0.09107	0.08711	0.5	37089	3231	35474	241040	6.50
2000-2009	83	0.10183	0.09690	0.5	33858	3281	32218	205566	6.07
2000-2009	84	0.11268	0.10667	0.5	30577	3262	28947	173349	5.67
2000-2009	85	0.12550	0.11809	0.5	27316	3226	25703	144402	5.29
2000-2009	86	0.13796	0.12906	0.5	24090	3109	22535	118699	4.93
2000-2009	87	0.15360	0.14265	0.5	20981	2993	19485	96164	4.58
2000-2009	88	0.17121	0.15771	0.5	17988	2837	16570	76679	4.26
2000-2009	89	0.18833	0.17212	0.5	15151	2608	13847	60110	3.97
2000-2009	90	0.20863	0.18892	0.5	12543	2370	11358	46262	3.69
2000-2009	91	0.23274	0.20848	0.5	10174	2121	9113	34904	3.43
2000-2009	92	0.25484	0.22604	0.5	8053	1820	7143	25791	3.20
2000-2009	93	0.28332	0.24816	0.5	6232	1547	5459	18648	2.99
2000-2009	94	0.30812	0.26699	0.5	4686	1251	4060	13189	2.81
2000-2009	95	0.32481	0.27943	0.5	3435	960	2955	9129	2.66
2000-2009	96	0.35165	0.29907	0.5	2475	740	2105	6174	2.49
2000-2009	97	0.37946	0.31895	0.5	1735	553	1458	4069	2.35
2000-2009	98	0.40809	0.33893	0.5	1181	400	981	2611	2.21
2000-2009	99	0.43735	0.35888	0.5	781	280	641	1630	2.09
2000-2009	100	0.46706	0.37864	0.5	501	190	406	989	1.98
2000-2009	101	0.49700	0.39808	0.5	311	124	249	583	1.87
2000-2009	102	0.52697	0.41708	0.5	187	78	148	334	1.78
2000-2009	103	0.55674	0.43551	0.5	109	48	85	186	1.70
2000-2009	104	0.58611	0.45327	0.5	62	28	48	100	1.63
2000-2009	105	0.61488	0.47029	0.5	34	16	26	53	1.56
2000-2009	106	0.64286	0.48649	0.5	18	9	14	27	1.50
2000-2009	107	0.66991	0.50182	0.5	9	5	7	13	1.45
2000-2009	108	0.69588	0.51625	0.5	5	2	3	6	1.40
2000-2009	109	0.72065	0.52976	0.5	2	1	2	3	1.37
2000-2009	110+	0.74415	1.00000	1.34	1	1	1	1	1.34
2010-2019	0	0.00685	0.00681	0.06	100000	681	99363	7524549	75.25
2010-2019	1	0.00052	0.00052	0.5	99319	52	99293	7425186	74.76
2010-2019	2	0.00034	0.00034	0.5	99267	34	99250	7325893	73.80
2010-2019	3	0.00028	0.00028	0.5	99233	27	99220	7226642	72.82
2010-2019	4	0.00021	0.00021	0.5	99206	21	99195	7127423	71.84
2010-2019	5	0.00018	0.00018	0.5	99185	18	99176	7028227	70.86
2010-2019	6	0.00015	0.00015	0.5	99167	15	99159	6929051	69.87
2010-2019	7	0.00015	0.00015	0.5	99152	14	99145	6829892	68.88
2010-2019	8	0.00016	0.00016	0.5	99138	15	99130	6730747	67.89
2010-2019	9	0.00013	0.00013	0.5	99122	12	99116	6631617	66.90
2010-2019	10	0.00013	0.00013	0.5	99110	13	99103	6532502	65.91
2010-2019	11	0.00016	0.00016	0.5	99096	16	99088	6433399	64.92
2010-2019	12	0.00018	0.00018	0.5	99080	18	99071	6334310	63.93
2010-2019	13	0.00022	0.00022	0.5	99062	21	99052	6235239	62.94
2010-2019	14	0.00029	0.00029	0.5	99041	28	99027	6136187	61.96
2010-2019	15	0.00038	0.00038	0.5	99013	38	98994	6037160	60.97
2010-2019	16	0.00055	0.00055	0.5	98975	54	98948	5938166	60.00
2010-2019	17	0.00071	0.00071	0.5	98921	70	98886	5839219	59.03
2010-2019	18	0.00099	0.00099	0.5	98850	98	98801	5740333	58.07
2010-2019	19	0.00120	0.00120	0.5	98752	118	98693	5641532	57.13
2010-2019	20	0.00125	0.00125	0.5	98634	124	98572	5542839	56.20
2010-2019	21	0.00140	0.00140	0.5	98511	138	98442	5444266	55.27
2010-2019	22	0.00143	0.00143	0.5	98373	141	98303	5345824	54.34
2010-2019	23	0.00139	0.00138	0.5	98232	136	98164	5247522	53.42
2010-2019	24	0.00146	0.00146	0.5	98096	143	98025	5149358	52.49
2010-2019	25	0.00149	0.00148	0.5	97953	145	97880	5051333	51.57
2010-2019	26	0.00145	0.00145	0.5	97808	142	97737	4953453	50.64
2010-2019	27	0.00152	0.00152	0.5	97666	148	97592	4855716	49.72
2010-2019	28	0.00155	0.00155	0.5	97518	151	97442	4758124	48.79
2010-2019	29	0.00162	0.00162	0.5	97367	158	97288	4660682	47.87
2010-2019	30	0.00158	0.00158	0.5	97209	153	97133	4563394	46.94
2010-2019	31	0.00165	0.00165	0.5	97056	160	96976	4466261	46.02
2010-2019	32	0.00175	0.00175	0.5	96896	169	96811	4369285	45.09
2010-2019	33	0.00179	0.00178	0.5	96726	173	96640	4272474	44.17
2010-2019	34	0.00186	0.00186	0.5	96554	179	96464	4175834	43.25
2010-2019	35	0.00187	0.00187	0.5	96375	180	96285	4079370	42.33
2010-2019	36	0.00199	0.00199	0.5	96195	191	96099	3983085	41.41
2010-2019	37	0.00208	0.00207	0.5	96004	199	95904	3886986	40.49
2010-2019	38	0.00221	0.00221	0.5	95805	212	95699	3791082	39.57
2010-2019	39	0.00228	0.00228	0.5	95593	218	95484	3695383	38.66
2010-2019	40	0.00243	0.00243	0.5	95375	231	95259	3599899	37.74
2010-2019	41	0.00258	0.00257	0.5	95144	245	95021	3504640	36.84
2010-2019	42	0.00275	0.00275	0.5	94899	261	94768	3409618	35.93
2010-2019	43	0.00294	0.00293	0.5	94638	277	94499	3314850	35.03
2010-2019	44	0.00314	0.00314	0.5	94361	296	94213	3220351	34.13
2010-2019	45	0.00351	0.00351	0.5	94065	330	93900	3126138	33.23
2010-2019	46	0.00388	0.00388	0.5	93735	363	93553	3032238	32.35
2010-2019	47	0.00424	0.00423	0.5	93372	395	93174	2938685	31.47
2010-2019	48	0.00463	0.00462	0.5	92977	429	92762	2845511	30.60
2010-2019	49	0.00505	0.00504	0.5	92547	466	92314	2752749	29.74
2010-2019	50	0.00562	0.00560	0.5	92081	516	91823	2660435	28.89
2010-2019	51	0.00612	0.00610	0.5	91565	559	91286	2568612	28.05
2010-2019	52	0.00675	0.00672	0.5	91006	612	90700	2477326	27.22
2010-2019	53	0.00742	0.00739	0.5	90395	668	90060	2386625	26.40
2010-2019	54	0.00817	0.00814	0.5	89726	730	89361	2296565	25.60
2010-2019	55	0.00888	0.00884	0.5	88996	787	88602	2207204	24.80
2010-2019	56	0.00971	0.00966	0.5	88209	852	87783	2118602	24.02
2010-2019	57	0.01052	0.01047	0.5	87357	914	86900	2030819	23.25
2010-2019	58	0.01125	0.01118	0.5	86443	967	85959	1943919	22.49
2010-2019	59	0.01234	0.01226	0.5	85476	1048	84952	1857959	21.74
2010-2019	60	0.01303	0.01294	0.5	84428	1093	83882	1773007	21.00
2010-2019	61	0.01403	0.01394	0.5	83335	1161	82755	1689126	20.27
2010-2019	62	0.01500	0.01489	0.5	82174	1223	81562	1606371	19.55
2010-2019	63	0.01628	0.01615	0.5	80950	1308	80297	1524809	18.84
2010-2019	64	0.01729	0.01715	0.5	79643	1366	78960	1444513	18.14
2010-2019	65	0.01811	0.01795	0.5	78277	1405	77575	1365553	17.45
2010-2019	66	0.01923	0.01905	0.5	76872	1464	76140	1287978	16.75
2010-2019	67	0.02073	0.02052	0.5	75408	1547	74634	1211838	16.07
2010-2019	68	0.02244	0.02219	0.5	73861	1639	73041	1137204	15.40
2010-2019	69	0.02386	0.02357	0.5	72222	1703	71371	1064162	14.73
2010-2019	70	0.02596	0.02562	0.5	70519	1807	69616	992791	14.08
2010-2019	71	0.02837	0.02798	0.5	68712	1922	67751	923176	13.44
2010-2019	72	0.03063	0.03017	0.5	66790	2015	65783	855424	12.81
2010-2019	73	0.03325	0.03271	0.5	64775	2119	63716	789641	12.19
2010-2019	74	0.03659	0.03594	0.5	62657	2252	61531	725925	11.59
2010-2019	75	0.03971	0.03894	0.5	60405	2352	59229	664394	11.00
2010-2019	76	0.04336	0.04244	0.5	58053	2464	56821	605166	10.42
2010-2019	77	0.04705	0.04597	0.5	55589	2555	54311	548345	9.86
2010-2019	78	0.05158	0.05028	0.5	53034	2667	51700	494033	9.32
2010-2019	79	0.05686	0.05529	0.5	50367	2785	48975	442333	8.78
2010-2019	80	0.06182	0.05996	0.5	47582	2853	46156	393358	8.27
2010-2019	81	0.06887	0.06657	0.5	44729	2978	43240	347203	7.76
2010-2019	82	0.07500	0.07229	0.5	41751	3018	40242	303962	7.28
2010-2019	83	0.08282	0.07953	0.5	38733	3080	37193	263720	6.81
2010-2019	84	0.09289	0.08877	0.5	35653	3165	34071	226527	6.35
2010-2019	85	0.10251	0.09752	0.5	32488	3168	30904	192456	5.92
2010-2019	86	0.11513	0.10886	0.5	29320	3192	27724	161552	5.51
2010-2019	87	0.12776	0.12009	0.5	26128	3138	24559	133828	5.12
2010-2019	88	0.14401	0.13434	0.5	22990	3089	21446	109269	4.75
2010-2019	89	0.16090	0.14892	0.5	19902	2964	18420	87823	4.41
2010-2019	90	0.17844	0.16382	0.5	16938	2775	15551	69403	4.10
2010-2019	91	0.19996	0.18179	0.5	14163	2575	12876	53852	3.80
2010-2019	92	0.22157	0.19947	0.5	11589	2312	10433	40976	3.54
2010-2019	93	0.24649	0.21944	0.5	9277	2036	8259	30543	3.29
2010-2019	94	0.27424	0.24117	0.5	7241	1746	6368	22284	3.08
2010-2019	95	0.28948	0.25288	0.5	5495	1390	4800	15916	2.90
2010-2019	96	0.31568	0.27265	0.5	4105	1119	3546	11116	2.71
2010-2019	97	0.34311	0.29287	0.5	2986	875	2549	7570	2.54
2010-2019	98	0.37163	0.31339	0.5	2112	662	1781	5022	2.38
2010-2019	99	0.40106	0.33407	0.5	1450	484	1208	3241	2.24
2010-2019	100	0.43123	0.35475	0.5	965	342	794	2033	2.11
2010-2019	101	0.46192	0.37525	0.5	623	234	506	1239	1.99
2010-2019	102	0.49290	0.39545	0.5	389	154	312	733	1.88
2010-2019	103	0.52394	0.41518	0.5	235	98	186	421	1.79
2010-2019	104	0.55479	0.43431	0.5	138	60	108	234	1.70
2010-2019	105	0.58523	0.45275	0.5	78	35	60	127	1.63
2010-2019	106	0.61502	0.47038	0.5	43	20	33	66	1.56
2010-2019	107	0.64398	0.48713	0.5	23	11	17	34	1.50
2010-2019	108	0.67193	0.50295	0.5	12	6	9	17	1.45
2010-2019	109	0.69870	0.51781	0.5	6	3	4	8	1.41
2010-2019	110+	0.72419	1.00000	1.38	3	3	4	4	1.38
