Div7: West South Central, Lifetables (period 1x10), Females Last modified: 20 Dec 2020, MPv5 (May07) 

Year     	Age	mx	qx	ax	lx	dx	Lx	Tx	ex
1960-1969	0	0.02328	0.02281	0.12	100000	2281	97989	7411133	74.11
1960-1969	1	0.00189	0.00189	0.5	97719	184	97627	7313144	74.84
1960-1969	2	0.00106	0.00106	0.5	97534	103	97483	7215518	73.98
1960-1969	3	0.00078	0.00078	0.5	97431	76	97393	7118035	73.06
1960-1969	4	0.00063	0.00063	0.5	97355	62	97325	7020642	72.11
1960-1969	5	0.00055	0.00055	0.5	97294	53	97267	6923317	71.16
1960-1969	6	0.00046	0.00046	0.5	97240	45	97218	6826050	70.20
1960-1969	7	0.00040	0.00040	0.5	97196	39	97177	6728832	69.23
1960-1969	8	0.00036	0.00036	0.5	97157	35	97139	6631655	68.26
1960-1969	9	0.00033	0.00033	0.5	97122	32	97106	6534516	67.28
1960-1969	10	0.00029	0.00029	0.5	97090	29	97076	6437410	66.30
1960-1969	11	0.00030	0.00030	0.5	97061	29	97047	6340335	65.32
1960-1969	12	0.00036	0.00036	0.5	97032	35	97014	6243288	64.34
1960-1969	13	0.00033	0.00033	0.5	96997	32	96981	6146274	63.37
1960-1969	14	0.00039	0.00039	0.5	96965	38	96946	6049293	62.39
1960-1969	15	0.00050	0.00050	0.5	96927	48	96903	5952347	61.41
1960-1969	16	0.00058	0.00058	0.5	96879	56	96851	5855444	60.44
1960-1969	17	0.00062	0.00062	0.5	96823	60	96793	5758593	59.48
1960-1969	18	0.00073	0.00073	0.5	96762	70	96727	5661801	58.51
1960-1969	19	0.00075	0.00075	0.5	96692	73	96656	5565073	57.55
1960-1969	20	0.00072	0.00072	0.5	96619	70	96585	5468417	56.60
1960-1969	21	0.00079	0.00079	0.5	96550	77	96512	5371833	55.64
1960-1969	22	0.00084	0.00084	0.5	96473	81	96433	5275321	54.68
1960-1969	23	0.00082	0.00082	0.5	96392	79	96353	5178889	53.73
1960-1969	24	0.00090	0.00090	0.5	96313	86	96270	5082536	52.77
1960-1969	25	0.00089	0.00089	0.5	96227	86	96184	4986266	51.82
1960-1969	26	0.00086	0.00086	0.5	96141	83	96099	4890082	50.86
1960-1969	27	0.00087	0.00087	0.5	96058	83	96016	4793983	49.91
1960-1969	28	0.00103	0.00103	0.5	95975	99	95925	4697966	48.95
1960-1969	29	0.00100	0.00100	0.5	95875	96	95827	4602041	48.00
1960-1969	30	0.00109	0.00109	0.5	95779	105	95727	4506214	47.05
1960-1969	31	0.00119	0.00119	0.5	95675	114	95618	4410487	46.10
1960-1969	32	0.00129	0.00129	0.5	95561	123	95499	4314869	45.15
1960-1969	33	0.00137	0.00137	0.5	95438	131	95372	4219370	44.21
1960-1969	34	0.00152	0.00152	0.5	95307	145	95234	4123998	43.27
1960-1969	35	0.00163	0.00163	0.5	95162	155	95084	4028764	42.34
1960-1969	36	0.00174	0.00174	0.5	95006	165	94924	3933680	41.40
1960-1969	37	0.00186	0.00186	0.5	94841	176	94753	3838756	40.48
1960-1969	38	0.00205	0.00205	0.5	94665	194	94568	3744003	39.55
1960-1969	39	0.00225	0.00225	0.5	94471	212	94365	3649435	38.63
1960-1969	40	0.00242	0.00242	0.5	94259	228	94145	3555070	37.72
1960-1969	41	0.00258	0.00258	0.5	94031	242	93910	3460925	36.81
1960-1969	42	0.00293	0.00292	0.5	93789	274	93652	3367015	35.90
1960-1969	43	0.00318	0.00317	0.5	93514	297	93366	3273363	35.00
1960-1969	44	0.00323	0.00323	0.5	93218	301	93067	3179997	34.11
1960-1969	45	0.00341	0.00340	0.5	92917	316	92759	3086930	33.22
1960-1969	46	0.00379	0.00378	0.5	92601	350	92426	2994171	32.33
1960-1969	47	0.00406	0.00406	0.5	92251	374	92064	2901745	31.45
1960-1969	48	0.00446	0.00445	0.5	91877	409	91672	2809682	30.58
1960-1969	49	0.00470	0.00469	0.5	91468	429	91253	2718009	29.72
1960-1969	50	0.00519	0.00518	0.5	91039	472	90803	2626756	28.85
1960-1969	51	0.00538	0.00537	0.5	90568	486	90324	2535953	28.00
1960-1969	52	0.00616	0.00614	0.5	90081	553	89805	2445628	27.15
1960-1969	53	0.00639	0.00637	0.5	89528	570	89243	2355823	26.31
1960-1969	54	0.00709	0.00706	0.5	88958	628	88644	2266581	25.48
1960-1969	55	0.00756	0.00753	0.5	88330	665	87997	2177937	24.66
1960-1969	56	0.00805	0.00802	0.5	87665	703	87313	2089940	23.84
1960-1969	57	0.00839	0.00836	0.5	86962	727	86598	2002626	23.03
1960-1969	58	0.00938	0.00933	0.5	86235	805	85832	1916028	22.22
1960-1969	59	0.01007	0.01002	0.5	85430	856	85002	1830196	21.42
1960-1969	60	0.01118	0.01111	0.5	84574	940	84104	1745194	20.64
1960-1969	61	0.01145	0.01138	0.5	83634	952	83158	1661089	19.86
1960-1969	62	0.01366	0.01357	0.5	82682	1122	82121	1577931	19.08
1960-1969	63	0.01412	0.01403	0.5	81560	1144	80988	1495810	18.34
1960-1969	64	0.01559	0.01547	0.5	80416	1244	79794	1414822	17.59
1960-1969	65	0.01767	0.01752	0.5	79172	1387	78479	1335028	16.86
1960-1969	66	0.01825	0.01808	0.5	77785	1406	77082	1256549	16.15
1960-1969	67	0.02070	0.02049	0.5	76379	1565	75597	1179467	15.44
1960-1969	68	0.02231	0.02207	0.5	74814	1651	73989	1103870	14.75
1960-1969	69	0.02372	0.02344	0.5	73163	1715	72306	1029882	14.08
1960-1969	70	0.02689	0.02653	0.5	71448	1896	70500	957576	13.40
1960-1969	71	0.02776	0.02738	0.5	69552	1904	68600	887076	12.75
1960-1969	72	0.03248	0.03196	0.5	67648	2162	66567	818475	12.10
1960-1969	73	0.03498	0.03438	0.5	65486	2252	64360	751908	11.48
1960-1969	74	0.03896	0.03821	0.5	63235	2416	62026	687548	10.87
1960-1969	75	0.04326	0.04235	0.5	60818	2575	59531	625522	10.29
1960-1969	76	0.04715	0.04607	0.5	58243	2683	56901	565991	9.72
1960-1969	77	0.05093	0.04967	0.5	55560	2760	54180	509090	9.16
1960-1969	78	0.05830	0.05665	0.5	52800	2991	51305	454909	8.62
1960-1969	79	0.06305	0.06112	0.5	49809	3044	48287	403605	8.10
1960-1969	80	0.07446	0.07179	0.5	46765	3357	45086	355317	7.60
1960-1969	81	0.07785	0.07494	0.5	43408	3253	41781	310231	7.15
1960-1969	82	0.08876	0.08499	0.5	40155	3413	38449	268450	6.69
1960-1969	83	0.10160	0.09669	0.5	36742	3553	34966	230001	6.26
1960-1969	84	0.11297	0.10693	0.5	33190	3549	31415	195035	5.88
1960-1969	85	0.12298	0.11586	0.5	29641	3434	27924	163620	5.52
1960-1969	86	0.13565	0.12704	0.5	26207	3329	24542	135696	5.18
1960-1969	87	0.15187	0.14115	0.5	22877	3229	21263	111154	4.86
1960-1969	88	0.16214	0.14998	0.5	19648	2947	18175	89891	4.58
1960-1969	89	0.18026	0.16536	0.5	16701	2762	15320	71717	4.29
1960-1969	90	0.19913	0.18110	0.5	13940	2525	12677	56396	4.05
1960-1969	91	0.20745	0.18796	0.5	11415	2146	10342	43719	3.83
1960-1969	92	0.22683	0.20372	0.5	9270	1888	8325	33377	3.60
1960-1969	93	0.24338	0.21697	0.5	7381	1602	6580	25051	3.39
1960-1969	94	0.26372	0.23300	0.5	5780	1347	5106	18471	3.20
1960-1969	95	0.28244	0.24749	0.5	4433	1097	3884	13365	3.01
1960-1969	96	0.30418	0.26402	0.5	3336	881	2895	9480	2.84
1960-1969	97	0.32683	0.28092	0.5	2455	690	2110	6585	2.68
1960-1969	98	0.35032	0.29811	0.5	1765	526	1502	4474	2.53
1960-1969	99	0.37456	0.31548	0.5	1239	391	1044	2972	2.40
1960-1969	100	0.39945	0.33295	0.5	848	282	707	1928	2.27
1960-1969	101	0.42486	0.35042	0.5	566	198	467	1221	2.16
1960-1969	102	0.45068	0.36780	0.5	368	135	300	755	2.05
1960-1969	103	0.47677	0.38499	0.5	232	89	188	455	1.96
1960-1969	104	0.50299	0.40191	0.5	143	57	114	267	1.87
1960-1969	105	0.52919	0.41846	0.5	85	36	68	153	1.79
1960-1969	106	0.55522	0.43458	0.5	50	22	39	85	1.72
1960-1969	107	0.58096	0.45019	0.5	28	13	22	46	1.65
1960-1969	108	0.60627	0.46524	0.5	15	7	12	25	1.60
1960-1969	109	0.63102	0.47968	0.5	8	4	6	13	1.55
1960-1969	110+	0.65510	1.00000	1.53	4	4	7	7	1.53
1970-1979	0	0.01607	0.01584	0.1	100000	1584	98571	7596086	75.96
1970-1979	1	0.00121	0.00121	0.5	98416	119	98356	7497515	76.18
1970-1979	2	0.00071	0.00071	0.5	98297	70	98262	7399159	75.27
1970-1979	3	0.00056	0.00056	0.5	98227	55	98199	7300897	74.33
1970-1979	4	0.00048	0.00048	0.5	98172	47	98149	7202698	73.37
1970-1979	5	0.00038	0.00038	0.5	98125	38	98106	7104549	72.40
1970-1979	6	0.00036	0.00036	0.5	98087	36	98069	7006443	71.43
1970-1979	7	0.00032	0.00032	0.5	98052	32	98036	6908374	70.46
1970-1979	8	0.00029	0.00029	0.5	98020	29	98006	6810338	69.48
1970-1979	9	0.00027	0.00027	0.5	97991	27	97978	6712332	68.50
1970-1979	10	0.00028	0.00028	0.5	97965	27	97951	6614354	67.52
1970-1979	11	0.00028	0.00028	0.5	97937	28	97923	6516403	66.54
1970-1979	12	0.00028	0.00028	0.5	97909	28	97896	6418480	65.56
1970-1979	13	0.00030	0.00030	0.5	97882	30	97867	6320584	64.57
1970-1979	14	0.00036	0.00036	0.5	97852	36	97834	6222718	63.59
1970-1979	15	0.00044	0.00044	0.5	97816	43	97795	6124883	62.62
1970-1979	16	0.00056	0.00056	0.5	97774	55	97746	6027088	61.64
1970-1979	17	0.00063	0.00063	0.5	97719	61	97688	5929342	60.68
1970-1979	18	0.00069	0.00069	0.5	97658	68	97624	5831654	59.72
1970-1979	19	0.00074	0.00074	0.5	97590	72	97554	5734030	58.76
1970-1979	20	0.00073	0.00073	0.5	97518	71	97482	5636476	57.80
1970-1979	21	0.00074	0.00074	0.5	97447	72	97411	5538994	56.84
1970-1979	22	0.00076	0.00076	0.5	97374	74	97338	5441583	55.88
1970-1979	23	0.00072	0.00072	0.5	97301	70	97266	5344246	54.93
1970-1979	24	0.00075	0.00075	0.5	97231	73	97194	5246980	53.96
1970-1979	25	0.00076	0.00076	0.5	97157	74	97120	5149786	53.00
1970-1979	26	0.00078	0.00078	0.5	97083	75	97046	5052665	52.04
1970-1979	27	0.00082	0.00082	0.5	97008	79	96968	4955620	51.08
1970-1979	28	0.00086	0.00086	0.5	96929	83	96887	4858652	50.13
1970-1979	29	0.00090	0.00090	0.5	96845	87	96801	4761765	49.17
1970-1979	30	0.00096	0.00096	0.5	96758	93	96711	4664963	48.21
1970-1979	31	0.00096	0.00096	0.5	96665	93	96619	4568252	47.26
1970-1979	32	0.00104	0.00104	0.5	96572	101	96522	4471633	46.30
1970-1979	33	0.00114	0.00114	0.5	96472	110	96417	4375111	45.35
1970-1979	34	0.00122	0.00122	0.5	96362	118	96303	4278694	44.40
1970-1979	35	0.00141	0.00141	0.5	96244	135	96177	4182391	43.46
1970-1979	36	0.00141	0.00141	0.5	96109	136	96041	4086215	42.52
1970-1979	37	0.00161	0.00161	0.5	95973	155	95896	3990174	41.58
1970-1979	38	0.00182	0.00182	0.5	95818	174	95731	3894278	40.64
1970-1979	39	0.00198	0.00198	0.5	95644	189	95550	3798547	39.72
1970-1979	40	0.00211	0.00211	0.5	95455	201	95354	3702997	38.79
1970-1979	41	0.00227	0.00227	0.5	95254	216	95146	3607643	37.87
1970-1979	42	0.00258	0.00257	0.5	95038	245	94915	3512497	36.96
1970-1979	43	0.00272	0.00271	0.5	94793	257	94665	3417582	36.05
1970-1979	44	0.00293	0.00293	0.5	94536	277	94398	3322917	35.15
1970-1979	45	0.00319	0.00319	0.5	94259	300	94109	3228519	34.25
1970-1979	46	0.00357	0.00356	0.5	93959	335	93792	3134410	33.36
1970-1979	47	0.00383	0.00382	0.5	93624	358	93445	3040619	32.48
1970-1979	48	0.00413	0.00412	0.5	93266	384	93074	2947174	31.60
1970-1979	49	0.00439	0.00438	0.5	92882	407	92678	2854100	30.73
1970-1979	50	0.00496	0.00495	0.5	92475	458	92246	2761421	29.86
1970-1979	51	0.00511	0.00509	0.5	92017	469	91783	2669175	29.01
1970-1979	52	0.00571	0.00569	0.5	91548	521	91288	2577392	28.15
1970-1979	53	0.00602	0.00600	0.5	91027	546	90754	2486105	27.31
1970-1979	54	0.00640	0.00638	0.5	90481	577	90193	2395351	26.47
1970-1979	55	0.00683	0.00681	0.5	89904	612	89598	2305158	25.64
1970-1979	56	0.00752	0.00749	0.5	89292	669	88958	2215560	24.81
1970-1979	57	0.00822	0.00818	0.5	88623	725	88260	2126602	24.00
1970-1979	58	0.00879	0.00875	0.5	87898	769	87513	2038342	23.19
1970-1979	59	0.00950	0.00946	0.5	87128	824	86716	1950829	22.39
1970-1979	60	0.01028	0.01022	0.5	86305	882	85863	1864112	21.60
1970-1979	61	0.01121	0.01115	0.5	85422	952	84946	1778249	20.82
1970-1979	62	0.01226	0.01219	0.5	84470	1029	83955	1693303	20.05
1970-1979	63	0.01303	0.01295	0.5	83441	1080	82900	1609348	19.29
1970-1979	64	0.01415	0.01405	0.5	82360	1157	81782	1526448	18.53
1970-1979	65	0.01532	0.01521	0.5	81203	1235	80586	1444666	17.79
1970-1979	66	0.01658	0.01644	0.5	79968	1315	79311	1364080	17.06
1970-1979	67	0.01780	0.01764	0.5	78654	1388	77960	1284769	16.33
1970-1979	68	0.01916	0.01897	0.5	77266	1466	76533	1206810	15.62
1970-1979	69	0.02114	0.02092	0.5	75800	1586	75007	1130277	14.91
1970-1979	70	0.02384	0.02356	0.5	74214	1748	73340	1055270	14.22
1970-1979	71	0.02562	0.02529	0.5	72466	1833	71549	981930	13.55
1970-1979	72	0.02818	0.02779	0.5	70633	1963	69651	910381	12.89
1970-1979	73	0.03141	0.03093	0.5	68670	2124	67608	840730	12.24
1970-1979	74	0.03460	0.03401	0.5	66546	2263	65414	773122	11.62
1970-1979	75	0.03851	0.03778	0.5	64282	2429	63068	707708	11.01
1970-1979	76	0.04179	0.04094	0.5	61854	2532	60588	644640	10.42
1970-1979	77	0.04525	0.04425	0.5	59322	2625	58009	584053	9.85
1970-1979	78	0.05155	0.05026	0.5	56697	2849	55272	526043	9.28
1970-1979	79	0.05640	0.05485	0.5	53847	2954	52371	470771	8.74
1970-1979	80	0.06419	0.06219	0.5	50894	3165	49311	418401	8.22
1970-1979	81	0.07062	0.06821	0.5	47729	3256	46101	369089	7.73
1970-1979	82	0.07863	0.07566	0.5	44473	3365	42790	322989	7.26
1970-1979	83	0.08691	0.08329	0.5	41108	3424	39396	280198	6.82
1970-1979	84	0.09827	0.09366	0.5	37684	3530	35919	240802	6.39
1970-1979	85	0.10704	0.10160	0.5	34154	3470	32419	204883	6.00
1970-1979	86	0.12075	0.11388	0.5	30684	3494	28937	172464	5.62
1970-1979	87	0.13085	0.12281	0.5	27190	3339	25520	143527	5.28
1970-1979	88	0.14519	0.13536	0.5	23851	3229	22236	118006	4.95
1970-1979	89	0.15859	0.14694	0.5	20622	3030	19107	95770	4.64
1970-1979	90	0.17621	0.16194	0.5	17592	2849	16167	76663	4.36
1970-1979	91	0.18565	0.16988	0.5	14743	2505	13491	60495	4.10
1970-1979	92	0.20524	0.18614	0.5	12238	2278	11099	47005	3.84
1970-1979	93	0.22607	0.20311	0.5	9960	2023	8949	35905	3.60
1970-1979	94	0.24648	0.21944	0.5	7937	1742	7066	26956	3.40
1970-1979	95	0.25969	0.22985	0.5	6196	1424	5484	19890	3.21
1970-1979	96	0.28089	0.24630	0.5	4772	1175	4184	14406	3.02
1970-1979	97	0.30310	0.26321	0.5	3596	947	3123	10222	2.84
1970-1979	98	0.32628	0.28051	0.5	2650	743	2278	7099	2.68
1970-1979	99	0.35033	0.29811	0.5	1906	568	1622	4821	2.53
1970-1979	100	0.37517	0.31591	0.5	1338	423	1127	3199	2.39
1970-1979	101	0.40069	0.33381	0.5	915	306	763	2072	2.26
1970-1979	102	0.42676	0.35171	0.5	610	214	503	1310	2.15
1970-1979	103	0.45324	0.36950	0.5	395	146	322	807	2.04
1970-1979	104	0.47999	0.38709	0.5	249	96	201	485	1.94
1970-1979	105	0.50685	0.40437	0.5	153	62	122	284	1.86
1970-1979	106	0.53367	0.42126	0.5	91	38	72	162	1.78
1970-1979	107	0.56030	0.43768	0.5	53	23	41	90	1.71
1970-1979	108	0.58659	0.45356	0.5	30	13	23	49	1.65
1970-1979	109	0.61239	0.46884	0.5	16	8	12	26	1.60
1970-1979	110+	0.63758	1.00000	1.57	9	9	13	13	1.57
1980-1989	0	0.00987	0.00978	0.08	100000	978	99101	7793087	77.93
1980-1989	1	0.00087	0.00087	0.5	99022	86	98979	7693986	77.70
1980-1989	2	0.00056	0.00056	0.5	98936	55	98908	7595007	76.77
1980-1989	3	0.00043	0.00043	0.5	98880	42	98859	7496099	75.81
1980-1989	4	0.00032	0.00032	0.5	98838	32	98823	7397239	74.84
1980-1989	5	0.00028	0.00028	0.5	98807	28	98793	7298417	73.87
1980-1989	6	0.00026	0.00026	0.5	98779	25	98767	7199624	72.89
1980-1989	7	0.00024	0.00024	0.5	98754	24	98742	7100857	71.90
1980-1989	8	0.00023	0.00023	0.5	98730	23	98719	7002115	70.92
1980-1989	9	0.00021	0.00021	0.5	98707	21	98697	6903397	69.94
1980-1989	10	0.00017	0.00017	0.5	98687	17	98678	6804700	68.95
1980-1989	11	0.00019	0.00019	0.5	98669	19	98660	6706022	67.96
1980-1989	12	0.00022	0.00022	0.5	98650	22	98639	6607362	66.98
1980-1989	13	0.00023	0.00023	0.5	98629	23	98617	6508722	65.99
1980-1989	14	0.00029	0.00029	0.5	98605	29	98591	6410105	65.01
1980-1989	15	0.00038	0.00038	0.5	98577	38	98558	6311514	64.03
1980-1989	16	0.00050	0.00050	0.5	98539	50	98514	6212956	63.05
1980-1989	17	0.00058	0.00057	0.5	98490	57	98461	6114442	62.08
1980-1989	18	0.00063	0.00063	0.5	98433	62	98402	6015981	61.12
1980-1989	19	0.00062	0.00062	0.5	98371	61	98341	5917579	60.16
1980-1989	20	0.00064	0.00064	0.5	98310	63	98279	5819238	59.19
1980-1989	21	0.00067	0.00067	0.5	98248	66	98215	5720959	58.23
1980-1989	22	0.00066	0.00066	0.5	98181	64	98149	5622745	57.27
1980-1989	23	0.00066	0.00066	0.5	98117	65	98085	5524595	56.31
1980-1989	24	0.00066	0.00066	0.5	98052	65	98020	5426510	55.34
1980-1989	25	0.00068	0.00068	0.5	97987	66	97954	5328491	54.38
1980-1989	26	0.00069	0.00069	0.5	97921	67	97887	5230536	53.42
1980-1989	27	0.00070	0.00070	0.5	97854	68	97820	5132649	52.45
1980-1989	28	0.00074	0.00074	0.5	97786	73	97749	5034830	51.49
1980-1989	29	0.00073	0.00073	0.5	97713	72	97677	4937080	50.53
1980-1989	30	0.00076	0.00076	0.5	97641	74	97604	4839403	49.56
1980-1989	31	0.00081	0.00081	0.5	97567	79	97527	4741799	48.60
1980-1989	32	0.00084	0.00084	0.5	97487	82	97447	4644272	47.64
1980-1989	33	0.00092	0.00092	0.5	97406	90	97361	4546826	46.68
1980-1989	34	0.00098	0.00098	0.5	97316	95	97269	4449465	45.72
1980-1989	35	0.00099	0.00099	0.5	97221	97	97173	4352196	44.77
1980-1989	36	0.00110	0.00110	0.5	97125	107	97071	4255023	43.81
1980-1989	37	0.00122	0.00121	0.5	97018	118	96959	4157952	42.86
1980-1989	38	0.00138	0.00138	0.5	96900	134	96833	4060993	41.91
1980-1989	39	0.00141	0.00141	0.5	96766	136	96698	3964160	40.97
1980-1989	40	0.00152	0.00152	0.5	96630	147	96557	3867461	40.02
1980-1989	41	0.00168	0.00168	0.5	96483	162	96402	3770905	39.08
1980-1989	42	0.00186	0.00186	0.5	96321	179	96231	3674502	38.15
1980-1989	43	0.00205	0.00205	0.5	96142	197	96043	3578271	37.22
1980-1989	44	0.00220	0.00220	0.5	95945	211	95840	3482228	36.29
1980-1989	45	0.00247	0.00247	0.5	95734	236	95616	3386388	35.37
1980-1989	46	0.00273	0.00272	0.5	95498	260	95368	3290772	34.46
1980-1989	47	0.00288	0.00288	0.5	95238	274	95101	3195404	33.55
1980-1989	48	0.00329	0.00328	0.5	94964	312	94808	3100303	32.65
1980-1989	49	0.00349	0.00349	0.5	94652	330	94487	3005496	31.75
1980-1989	50	0.00391	0.00391	0.5	94322	369	94138	2911009	30.86
1980-1989	51	0.00433	0.00432	0.5	93953	406	93750	2816871	29.98
1980-1989	52	0.00479	0.00478	0.5	93547	447	93324	2723121	29.11
1980-1989	53	0.00525	0.00523	0.5	93100	487	92857	2629797	28.25
1980-1989	54	0.00540	0.00539	0.5	92613	499	92364	2536941	27.39
1980-1989	55	0.00608	0.00606	0.5	92114	559	91835	2444577	26.54
1980-1989	56	0.00658	0.00656	0.5	91556	601	91255	2352742	25.70
1980-1989	57	0.00739	0.00736	0.5	90955	669	90620	2261486	24.86
1980-1989	58	0.00812	0.00809	0.5	90286	731	89920	2170866	24.04
1980-1989	59	0.00856	0.00852	0.5	89555	763	89174	2080946	23.24
1980-1989	60	0.00938	0.00934	0.5	88792	829	88377	1991772	22.43
1980-1989	61	0.01043	0.01037	0.5	87963	913	87507	1903395	21.64
1980-1989	62	0.01144	0.01137	0.5	87050	990	86555	1815888	20.86
1980-1989	63	0.01211	0.01204	0.5	86060	1036	85542	1729333	20.09
1980-1989	64	0.01290	0.01281	0.5	85024	1090	84479	1643791	19.33
1980-1989	65	0.01447	0.01437	0.5	83935	1206	83332	1559312	18.58
1980-1989	66	0.01549	0.01537	0.5	82729	1272	82093	1475980	17.84
1980-1989	67	0.01684	0.01670	0.5	81457	1361	80777	1393887	17.11
1980-1989	68	0.01842	0.01825	0.5	80096	1462	79366	1313110	16.39
1980-1989	69	0.01942	0.01924	0.5	78635	1513	77878	1233744	15.69
1980-1989	70	0.02142	0.02119	0.5	77122	1634	76305	1155866	14.99
1980-1989	71	0.02353	0.02326	0.5	75488	1755	74610	1079561	14.30
1980-1989	72	0.02642	0.02608	0.5	73732	1923	72771	1004951	13.63
1980-1989	73	0.02904	0.02862	0.5	71810	2055	70782	932180	12.98
1980-1989	74	0.03021	0.02976	0.5	69754	2076	68716	861398	12.35
1980-1989	75	0.03399	0.03342	0.5	67679	2262	66548	792682	11.71
1980-1989	76	0.03749	0.03680	0.5	65417	2407	64213	726134	11.10
1980-1989	77	0.04014	0.03935	0.5	63010	2480	61770	661921	10.51
1980-1989	78	0.04545	0.04444	0.5	60530	2690	59185	600151	9.91
1980-1989	79	0.04944	0.04825	0.5	57840	2791	56445	540966	9.35
1980-1989	80	0.05717	0.05558	0.5	55049	3060	53519	484521	8.80
1980-1989	81	0.06178	0.05993	0.5	51989	3116	50432	431002	8.29
1980-1989	82	0.06958	0.06725	0.5	48874	3287	47230	380570	7.79
1980-1989	83	0.07744	0.07455	0.5	45587	3399	43888	333340	7.31
1980-1989	84	0.08595	0.08241	0.5	42188	3477	40450	289452	6.86
1980-1989	85	0.09488	0.09058	0.5	38712	3506	36958	249002	6.43
1980-1989	86	0.10445	0.09927	0.5	35205	3495	33458	212043	6.02
1980-1989	87	0.11837	0.11175	0.5	31710	3544	29939	178586	5.63
1980-1989	88	0.12666	0.11912	0.5	28167	3355	26489	148647	5.28
1980-1989	89	0.14302	0.13348	0.5	24812	3312	23156	122158	4.92
1980-1989	90	0.15876	0.14709	0.5	21500	3162	19919	99002	4.60
1980-1989	91	0.17311	0.15932	0.5	18337	2921	16877	79084	4.31
1980-1989	92	0.19037	0.17382	0.5	15416	2680	14076	62207	4.04
1980-1989	93	0.20936	0.18952	0.5	12736	2414	11529	48131	3.78
1980-1989	94	0.23062	0.20678	0.5	10323	2134	9255	36601	3.55
1980-1989	95	0.24474	0.21806	0.5	8188	1785	7295	27346	3.34
1980-1989	96	0.26611	0.23486	0.5	6403	1504	5651	20051	3.13
1980-1989	97	0.28863	0.25223	0.5	4899	1236	4281	14400	2.94
1980-1989	98	0.31224	0.27008	0.5	3663	989	3169	10119	2.76
1980-1989	99	0.33687	0.28831	0.5	2674	771	2288	6950	2.60
1980-1989	100	0.36242	0.30682	0.5	1903	584	1611	4662	2.45
1980-1989	101	0.38878	0.32550	0.5	1319	429	1104	3051	2.31
1980-1989	102	0.41579	0.34423	0.5	890	306	737	1947	2.19
1980-1989	103	0.44333	0.36289	0.5	583	212	478	1210	2.07
1980-1989	104	0.47121	0.38136	0.5	372	142	301	732	1.97
1980-1989	105	0.49928	0.39954	0.5	230	92	184	432	1.88
1980-1989	106	0.52735	0.41732	0.5	138	58	109	247	1.79
1980-1989	107	0.55525	0.43460	0.5	80	35	63	138	1.72
1980-1989	108	0.58281	0.45130	0.5	45	21	35	75	1.65
1980-1989	109	0.60986	0.46735	0.5	25	12	19	40	1.60
1980-1989	110+	0.63625	1.00000	1.57	13	13	21	21	1.57
1990-1999	0	0.00717	0.00713	0.07	100000	713	99340	7860358	78.60
1990-1999	1	0.00066	0.00066	0.5	99287	65	99255	7761019	78.17
1990-1999	2	0.00041	0.00041	0.5	99222	41	99202	7661764	77.22
1990-1999	3	0.00030	0.00030	0.5	99181	30	99166	7562562	76.25
1990-1999	4	0.00023	0.00023	0.5	99152	23	99140	7463396	75.27
1990-1999	5	0.00023	0.00023	0.5	99128	23	99117	7364256	74.29
1990-1999	6	0.00018	0.00018	0.5	99106	18	99097	7265139	73.31
1990-1999	7	0.00019	0.00019	0.5	99088	19	99078	7166042	72.32
1990-1999	8	0.00019	0.00019	0.5	99069	19	99060	7066964	71.33
1990-1999	9	0.00016	0.00016	0.5	99050	15	99042	6967905	70.35
1990-1999	10	0.00017	0.00017	0.5	99035	16	99026	6868862	69.36
1990-1999	11	0.00017	0.00017	0.5	99018	17	99010	6769836	68.37
1990-1999	12	0.00019	0.00019	0.5	99001	19	98991	6670826	67.38
1990-1999	13	0.00022	0.00022	0.5	98982	22	98971	6571835	66.39
1990-1999	14	0.00029	0.00029	0.5	98960	29	98945	6472864	65.41
1990-1999	15	0.00035	0.00035	0.5	98931	35	98914	6373919	64.43
1990-1999	16	0.00050	0.00050	0.5	98896	50	98871	6275005	63.45
1990-1999	17	0.00051	0.00051	0.5	98846	51	98821	6176134	62.48
1990-1999	18	0.00059	0.00059	0.5	98796	58	98767	6077313	61.51
1990-1999	19	0.00055	0.00055	0.5	98738	55	98710	5978546	60.55
1990-1999	20	0.00055	0.00055	0.5	98683	54	98656	5879836	59.58
1990-1999	21	0.00057	0.00057	0.5	98628	56	98600	5781180	58.62
1990-1999	22	0.00056	0.00056	0.5	98573	55	98545	5682580	57.65
1990-1999	23	0.00059	0.00059	0.5	98517	58	98489	5584035	56.68
1990-1999	24	0.00058	0.00058	0.5	98460	57	98431	5485546	55.71
1990-1999	25	0.00060	0.00060	0.5	98403	59	98373	5387115	54.75
1990-1999	26	0.00063	0.00063	0.5	98344	62	98313	5288742	53.78
1990-1999	27	0.00067	0.00067	0.5	98282	66	98249	5190429	52.81
1990-1999	28	0.00070	0.00070	0.5	98216	69	98182	5092180	51.85
1990-1999	29	0.00068	0.00068	0.5	98147	66	98114	4993998	50.88
1990-1999	30	0.00075	0.00075	0.5	98081	74	98044	4895884	49.92
1990-1999	31	0.00082	0.00082	0.5	98007	81	97967	4797840	48.95
1990-1999	32	0.00084	0.00084	0.5	97927	82	97886	4699873	47.99
1990-1999	33	0.00092	0.00092	0.5	97845	90	97799	4601987	47.03
1990-1999	34	0.00097	0.00096	0.5	97754	94	97707	4504187	46.08
1990-1999	35	0.00107	0.00107	0.5	97660	104	97608	4406480	45.12
1990-1999	36	0.00115	0.00115	0.5	97556	112	97499	4308872	44.17
1990-1999	37	0.00123	0.00123	0.5	97443	120	97383	4211373	43.22
1990-1999	38	0.00137	0.00137	0.5	97324	133	97257	4113989	42.27
1990-1999	39	0.00138	0.00138	0.5	97191	134	97124	4016732	41.33
1990-1999	40	0.00152	0.00151	0.5	97057	147	96983	3919608	40.38
1990-1999	41	0.00164	0.00164	0.5	96910	159	96830	3822625	39.45
1990-1999	42	0.00181	0.00181	0.5	96751	175	96663	3725795	38.51
1990-1999	43	0.00197	0.00196	0.5	96576	190	96481	3629132	37.58
1990-1999	44	0.00208	0.00208	0.5	96386	200	96286	3532651	36.65
1990-1999	45	0.00223	0.00223	0.5	96186	215	96078	3436365	35.73
1990-1999	46	0.00259	0.00259	0.5	95971	249	95846	3340287	34.81
1990-1999	47	0.00277	0.00277	0.5	95722	265	95590	3244441	33.89
1990-1999	48	0.00310	0.00309	0.5	95457	295	95309	3148851	32.99
1990-1999	49	0.00322	0.00321	0.5	95162	305	95009	3053542	32.09
1990-1999	50	0.00349	0.00348	0.5	94856	331	94691	2958533	31.19
1990-1999	51	0.00396	0.00395	0.5	94526	374	94339	2863842	30.30
1990-1999	52	0.00441	0.00440	0.5	94152	414	93945	2769503	29.42
1990-1999	53	0.00478	0.00477	0.5	93738	447	93514	2675558	28.54
1990-1999	54	0.00512	0.00511	0.5	93291	476	93053	2582044	27.68
1990-1999	55	0.00562	0.00561	0.5	92815	520	92554	2488991	26.82
1990-1999	56	0.00634	0.00632	0.5	92294	584	92002	2396437	25.97
1990-1999	57	0.00706	0.00703	0.5	91710	645	91388	2304434	25.13
1990-1999	58	0.00776	0.00773	0.5	91066	704	90714	2213046	24.30
1990-1999	59	0.00811	0.00808	0.5	90362	730	89997	2122333	23.49
1990-1999	60	0.00888	0.00884	0.5	89632	792	89235	2032336	22.67
1990-1999	61	0.01015	0.01010	0.5	88839	897	88391	1943100	21.87
1990-1999	62	0.01088	0.01082	0.5	87942	951	87467	1854710	21.09
1990-1999	63	0.01197	0.01190	0.5	86991	1035	86473	1767243	20.32
1990-1999	64	0.01295	0.01286	0.5	85956	1106	85403	1680770	19.55
1990-1999	65	0.01392	0.01382	0.5	84850	1173	84263	1595367	18.80
1990-1999	66	0.01505	0.01493	0.5	83677	1250	83052	1511104	18.06
1990-1999	67	0.01644	0.01630	0.5	82427	1344	81755	1428051	17.32
1990-1999	68	0.01778	0.01763	0.5	81083	1429	80369	1346296	16.60
1990-1999	69	0.01951	0.01932	0.5	79654	1539	78885	1265927	15.89
1990-1999	70	0.02109	0.02087	0.5	78115	1630	77300	1187042	15.20
1990-1999	71	0.02367	0.02339	0.5	76485	1789	75591	1109742	14.51
1990-1999	72	0.02581	0.02549	0.5	74696	1904	73745	1034151	13.84
1990-1999	73	0.02807	0.02768	0.5	72793	2015	71785	960406	13.19
1990-1999	74	0.02990	0.02946	0.5	70778	2085	69735	888621	12.56
1990-1999	75	0.03231	0.03180	0.5	68693	2184	67601	818886	11.92
1990-1999	76	0.03561	0.03498	0.5	66508	2327	65345	751285	11.30
1990-1999	77	0.03923	0.03848	0.5	64182	2470	62947	685940	10.69
1990-1999	78	0.04253	0.04165	0.5	61712	2570	60427	622993	10.10
1990-1999	79	0.04746	0.04636	0.5	59142	2742	57771	562566	9.51
1990-1999	80	0.05450	0.05306	0.5	56401	2993	54904	504795	8.95
1990-1999	81	0.05954	0.05782	0.5	53408	3088	51864	449890	8.42
1990-1999	82	0.06642	0.06428	0.5	50320	3235	48703	398026	7.91
1990-1999	83	0.07385	0.07122	0.5	47085	3354	45409	349323	7.42
1990-1999	84	0.08194	0.07871	0.5	43732	3442	42011	303915	6.95
1990-1999	85	0.09115	0.08718	0.5	40290	3512	38533	261904	6.50
1990-1999	86	0.10133	0.09644	0.5	36777	3547	35004	223371	6.07
1990-1999	87	0.11393	0.10779	0.5	33230	3582	31439	188367	5.67
1990-1999	88	0.12543	0.11802	0.5	29649	3499	27899	156928	5.29
1990-1999	89	0.14007	0.13090	0.5	26149	3423	24438	129029	4.93
1990-1999	90	0.15542	0.14421	0.5	22726	3277	21088	104591	4.60
1990-1999	91	0.17134	0.15782	0.5	19449	3069	17914	83503	4.29
1990-1999	92	0.19066	0.17407	0.5	16379	2851	14954	65589	4.00
1990-1999	93	0.20829	0.18864	0.5	13528	2552	12252	50635	3.74
1990-1999	94	0.23037	0.20658	0.5	10976	2267	9843	38383	3.50
1990-1999	95	0.24855	0.22108	0.5	8709	1925	7746	28540	3.28
1990-1999	96	0.27126	0.23887	0.5	6784	1620	5973	20794	3.07
1990-1999	97	0.29524	0.25726	0.5	5163	1328	4499	14821	2.87
1990-1999	98	0.32039	0.27615	0.5	3835	1059	3305	10322	2.69
1990-1999	99	0.34664	0.29544	0.5	2776	820	2366	7016	2.53
1990-1999	100	0.37386	0.31498	0.5	1956	616	1648	4651	2.38
1990-1999	101	0.40189	0.33465	0.5	1340	448	1116	3003	2.24
1990-1999	102	0.43059	0.35431	0.5	891	316	733	1887	2.12
1990-1999	103	0.45975	0.37382	0.5	576	215	468	1154	2.00
1990-1999	104	0.48920	0.39306	0.5	360	142	290	686	1.90
1990-1999	105	0.51872	0.41189	0.5	219	90	174	396	1.81
1990-1999	106	0.54811	0.43021	0.5	129	55	101	222	1.73
1990-1999	107	0.57717	0.44791	0.5	73	33	57	121	1.66
1990-1999	108	0.60571	0.46491	0.5	40	19	31	65	1.59
1990-1999	109	0.63354	0.48113	0.5	22	10	16	33	1.55
1990-1999	110+	0.66051	1.00000	1.51	11	11	17	17	1.51
2000-2009	0	0.00646	0.00642	0.07	100000	642	99404	7905737	79.06
2000-2009	1	0.00054	0.00054	0.5	99358	54	99331	7806334	78.57
2000-2009	2	0.00035	0.00035	0.5	99304	34	99287	7707003	77.61
2000-2009	3	0.00024	0.00024	0.5	99269	24	99258	7607716	76.64
2000-2009	4	0.00020	0.00020	0.5	99246	20	99236	7508459	75.66
2000-2009	5	0.00018	0.00018	0.5	99226	18	99217	7409223	74.67
2000-2009	6	0.00015	0.00015	0.5	99208	15	99200	7310006	73.68
2000-2009	7	0.00014	0.00014	0.5	99193	14	99186	7210806	72.69
2000-2009	8	0.00014	0.00014	0.5	99179	14	99172	7111620	71.71
2000-2009	9	0.00015	0.00015	0.5	99165	15	99157	7012449	70.72
2000-2009	10	0.00014	0.00014	0.5	99150	14	99143	6913291	69.73
2000-2009	11	0.00013	0.00013	0.5	99136	13	99130	6814148	68.74
2000-2009	12	0.00015	0.00015	0.5	99123	15	99115	6715018	67.74
2000-2009	13	0.00019	0.00019	0.5	99108	18	99099	6615903	66.75
2000-2009	14	0.00021	0.00021	0.5	99090	21	99079	6516804	65.77
2000-2009	15	0.00029	0.00029	0.5	99069	29	99054	6417725	64.78
2000-2009	16	0.00039	0.00039	0.5	99040	38	99021	6318671	63.80
2000-2009	17	0.00045	0.00045	0.5	99002	44	98980	6219650	62.82
2000-2009	18	0.00052	0.00052	0.5	98958	52	98932	6120670	61.85
2000-2009	19	0.00053	0.00053	0.5	98906	52	98880	6021739	60.88
2000-2009	20	0.00051	0.00051	0.5	98854	51	98828	5922859	59.92
2000-2009	21	0.00055	0.00055	0.5	98803	55	98776	5824030	58.95
2000-2009	22	0.00052	0.00052	0.5	98748	52	98723	5725255	57.98
2000-2009	23	0.00056	0.00056	0.5	98697	56	98669	5626532	57.01
2000-2009	24	0.00058	0.00057	0.5	98641	57	98613	5527863	56.04
2000-2009	25	0.00059	0.00059	0.5	98585	58	98555	5429250	55.07
2000-2009	26	0.00063	0.00063	0.5	98526	63	98495	5330695	54.10
2000-2009	27	0.00063	0.00063	0.5	98464	62	98433	5232200	53.14
2000-2009	28	0.00066	0.00066	0.5	98402	65	98369	5133767	52.17
2000-2009	29	0.00075	0.00075	0.5	98337	73	98300	5035398	51.21
2000-2009	30	0.00071	0.00071	0.5	98264	70	98228	4937097	50.24
2000-2009	31	0.00079	0.00079	0.5	98193	78	98155	4838869	49.28
2000-2009	32	0.00086	0.00086	0.5	98116	84	98074	4740714	48.32
2000-2009	33	0.00089	0.00088	0.5	98032	87	97988	4642641	47.36
2000-2009	34	0.00097	0.00097	0.5	97945	95	97897	4544652	46.40
2000-2009	35	0.00105	0.00105	0.5	97850	103	97799	4446755	45.44
2000-2009	36	0.00111	0.00111	0.5	97747	109	97693	4348956	44.49
2000-2009	37	0.00121	0.00121	0.5	97639	118	97580	4251263	43.54
2000-2009	38	0.00133	0.00133	0.5	97520	130	97456	4153683	42.59
2000-2009	39	0.00142	0.00142	0.5	97391	138	97322	4056228	41.65
2000-2009	40	0.00164	0.00164	0.5	97253	160	97173	3958906	40.71
2000-2009	41	0.00179	0.00179	0.5	97093	173	97007	3861733	39.77
2000-2009	42	0.00191	0.00191	0.5	96920	185	96827	3764726	38.84
2000-2009	43	0.00211	0.00210	0.5	96734	204	96633	3667899	37.92
2000-2009	44	0.00227	0.00227	0.5	96531	219	96421	3571267	37.00
2000-2009	45	0.00251	0.00251	0.5	96312	242	96191	3474845	36.08
2000-2009	46	0.00266	0.00266	0.5	96070	255	95942	3378654	35.17
2000-2009	47	0.00293	0.00293	0.5	95815	280	95675	3282712	34.26
2000-2009	48	0.00314	0.00314	0.5	95534	300	95385	3187037	33.36
2000-2009	49	0.00345	0.00345	0.5	95235	328	95071	3091653	32.46
2000-2009	50	0.00375	0.00375	0.5	94906	356	94729	2996582	31.57
2000-2009	51	0.00391	0.00390	0.5	94551	369	94366	2901854	30.69
2000-2009	52	0.00423	0.00422	0.5	94182	397	93983	2807487	29.81
2000-2009	53	0.00455	0.00454	0.5	93785	426	93572	2713504	28.93
2000-2009	54	0.00491	0.00489	0.5	93359	457	93131	2619932	28.06
2000-2009	55	0.00532	0.00530	0.5	92902	493	92656	2526802	27.20
2000-2009	56	0.00580	0.00578	0.5	92409	534	92142	2434146	26.34
2000-2009	57	0.00628	0.00626	0.5	91875	575	91588	2342003	25.49
2000-2009	58	0.00700	0.00697	0.5	91300	637	90982	2250416	24.65
2000-2009	59	0.00761	0.00758	0.5	90664	688	90320	2159434	23.82
2000-2009	60	0.00833	0.00829	0.5	89976	746	89603	2069114	23.00
2000-2009	61	0.00909	0.00905	0.5	89230	808	88826	1979510	22.18
2000-2009	62	0.00979	0.00975	0.5	88422	862	87991	1890684	21.38
2000-2009	63	0.01091	0.01085	0.5	87561	950	87086	1802693	20.59
2000-2009	64	0.01179	0.01172	0.5	86611	1016	86103	1715607	19.81
2000-2009	65	0.01281	0.01273	0.5	85595	1089	85051	1629504	19.04
2000-2009	66	0.01375	0.01366	0.5	84506	1154	83929	1544453	18.28
2000-2009	67	0.01485	0.01474	0.5	83352	1229	82737	1460524	17.52
2000-2009	68	0.01608	0.01595	0.5	82123	1310	81468	1377787	16.78
2000-2009	69	0.01763	0.01747	0.5	80813	1412	80107	1296319	16.04
2000-2009	70	0.01948	0.01929	0.5	79401	1532	78635	1216212	15.32
2000-2009	71	0.02128	0.02106	0.5	77869	1640	77049	1137577	14.61
2000-2009	72	0.02322	0.02295	0.5	76229	1750	75355	1060528	13.91
2000-2009	73	0.02558	0.02525	0.5	74480	1881	73539	985174	13.23
2000-2009	74	0.02784	0.02746	0.5	72599	1993	71602	911634	12.56
2000-2009	75	0.03171	0.03122	0.5	70605	2204	69503	840032	11.90
2000-2009	76	0.03451	0.03392	0.5	68401	2320	67241	770529	11.26
2000-2009	77	0.03816	0.03745	0.5	66081	2474	64844	703287	10.64
2000-2009	78	0.04226	0.04139	0.5	63607	2632	62290	638444	10.04
2000-2009	79	0.04621	0.04517	0.5	60974	2754	59597	576153	9.45
2000-2009	80	0.05242	0.05108	0.5	58220	2974	56733	516556	8.87
2000-2009	81	0.05830	0.05665	0.5	55246	3130	53681	459823	8.32
2000-2009	82	0.06564	0.06355	0.5	52117	3312	50461	406141	7.79
2000-2009	83	0.07304	0.07047	0.5	48805	3439	47085	355681	7.29
2000-2009	84	0.08201	0.07878	0.5	45365	3574	43578	308596	6.80
2000-2009	85	0.09203	0.08798	0.5	41792	3677	39953	265017	6.34
2000-2009	86	0.10157	0.09666	0.5	38115	3684	36272	225064	5.90
2000-2009	87	0.11525	0.10897	0.5	34430	3752	32554	188792	5.48
2000-2009	88	0.12988	0.12196	0.5	30678	3742	28807	156238	5.09
2000-2009	89	0.14479	0.13502	0.5	26937	3637	25118	127430	4.73
2000-2009	90	0.16105	0.14905	0.5	23300	3473	21563	102312	4.39
2000-2009	91	0.18044	0.16551	0.5	19827	3282	18186	80749	4.07
2000-2009	92	0.20107	0.18270	0.5	16545	3023	15034	62562	3.78
2000-2009	93	0.22375	0.20124	0.5	13522	2721	12162	47528	3.51
2000-2009	94	0.24796	0.22061	0.5	10801	2383	9610	35367	3.27
2000-2009	95	0.26819	0.23648	0.5	8418	1991	7423	25757	3.06
2000-2009	96	0.29398	0.25630	0.5	6428	1647	5604	18334	2.85
2000-2009	97	0.32116	0.27672	0.5	4780	1323	4119	12730	2.66
2000-2009	98	0.34961	0.29759	0.5	3457	1029	2943	8611	2.49
2000-2009	99	0.37918	0.31875	0.5	2429	774	2041	5668	2.33
2000-2009	100	0.40967	0.34002	0.5	1654	563	1373	3627	2.19
2000-2009	101	0.44087	0.36124	0.5	1092	394	895	2253	2.06
2000-2009	102	0.47254	0.38223	0.5	697	267	564	1359	1.95
2000-2009	103	0.50444	0.40283	0.5	431	174	344	795	1.84
2000-2009	104	0.53630	0.42290	0.5	257	109	203	451	1.75
2000-2009	105	0.56787	0.44229	0.5	148	66	116	248	1.67
2000-2009	106	0.59889	0.46088	0.5	83	38	64	132	1.59
2000-2009	107	0.62914	0.47859	0.5	45	21	34	68	1.53
2000-2009	108	0.65842	0.49534	0.5	23	12	18	34	1.47
2000-2009	109	0.68653	0.51109	0.5	12	6	9	17	1.43
2000-2009	110+	0.71334	1.00000	1.4	6	6	8	8	1.40
2010-2019	0	0.00572	0.00569	0.07	100000	569	99470	8021531	80.22
2010-2019	1	0.00044	0.00044	0.5	99431	44	99409	7922061	79.67
2010-2019	2	0.00027	0.00027	0.5	99387	27	99374	7822652	78.71
2010-2019	3	0.00019	0.00019	0.5	99360	19	99351	7723278	77.73
2010-2019	4	0.00016	0.00016	0.5	99341	16	99333	7623927	76.74
2010-2019	5	0.00013	0.00013	0.5	99325	13	99319	7524594	75.76
2010-2019	6	0.00012	0.00012	0.5	99312	12	99306	7425275	74.77
2010-2019	7	0.00011	0.00011	0.5	99300	11	99295	7325969	73.78
2010-2019	8	0.00010	0.00010	0.5	99289	10	99284	7226674	72.78
2010-2019	9	0.00011	0.00011	0.5	99279	11	99274	7127389	71.79
2010-2019	10	0.00010	0.00010	0.5	99268	10	99263	7028116	70.80
2010-2019	11	0.00011	0.00011	0.5	99258	11	99253	6928852	69.81
2010-2019	12	0.00013	0.00013	0.5	99247	13	99241	6829599	68.81
2010-2019	13	0.00016	0.00016	0.5	99235	15	99227	6730358	67.82
2010-2019	14	0.00017	0.00017	0.5	99219	17	99211	6631131	66.83
2010-2019	15	0.00022	0.00022	0.5	99202	22	99191	6531921	65.84
2010-2019	16	0.00027	0.00027	0.5	99180	27	99167	6432730	64.86
2010-2019	17	0.00031	0.00031	0.5	99154	30	99139	6333563	63.88
2010-2019	18	0.00042	0.00042	0.5	99123	41	99103	6234424	62.90
2010-2019	19	0.00044	0.00044	0.5	99082	44	99060	6135321	61.92
2010-2019	20	0.00045	0.00045	0.5	99038	45	99016	6036261	60.95
2010-2019	21	0.00051	0.00051	0.5	98993	51	98968	5937245	59.98
2010-2019	22	0.00050	0.00050	0.5	98943	50	98918	5838277	59.01
2010-2019	23	0.00050	0.00050	0.5	98893	50	98868	5739359	58.04
2010-2019	24	0.00054	0.00054	0.5	98844	54	98817	5640491	57.06
2010-2019	25	0.00057	0.00057	0.5	98790	56	98762	5541674	56.10
2010-2019	26	0.00057	0.00057	0.5	98734	56	98706	5442912	55.13
2010-2019	27	0.00064	0.00064	0.5	98678	63	98646	5344206	54.16
2010-2019	28	0.00068	0.00068	0.5	98615	67	98581	5245560	53.19
2010-2019	29	0.00069	0.00069	0.5	98548	68	98514	5146979	52.23
2010-2019	30	0.00078	0.00078	0.5	98480	77	98442	5048465	51.26
2010-2019	31	0.00081	0.00081	0.5	98403	79	98363	4950023	50.30
2010-2019	32	0.00086	0.00086	0.5	98324	84	98281	4851660	49.34
2010-2019	33	0.00098	0.00098	0.5	98239	96	98191	4753378	48.39
2010-2019	34	0.00097	0.00097	0.5	98143	96	98096	4655187	47.43
2010-2019	35	0.00108	0.00108	0.5	98048	106	97995	4557092	46.48
2010-2019	36	0.00116	0.00116	0.5	97942	113	97885	4459097	45.53
2010-2019	37	0.00116	0.00116	0.5	97829	114	97772	4361211	44.58
2010-2019	38	0.00128	0.00128	0.5	97715	125	97653	4263439	43.63
2010-2019	39	0.00137	0.00137	0.5	97590	134	97523	4165787	42.69
2010-2019	40	0.00151	0.00151	0.5	97456	147	97383	4068264	41.74
2010-2019	41	0.00161	0.00161	0.5	97309	156	97231	3970881	40.81
2010-2019	42	0.00178	0.00178	0.5	97153	173	97067	3873649	39.87
2010-2019	43	0.00189	0.00189	0.5	96981	183	96889	3776582	38.94
2010-2019	44	0.00200	0.00199	0.5	96797	193	96701	3679693	38.01
2010-2019	45	0.00224	0.00224	0.5	96604	216	96496	3582993	37.09
2010-2019	46	0.00246	0.00246	0.5	96388	237	96270	3486497	36.17
2010-2019	47	0.00269	0.00268	0.5	96151	258	96022	3390227	35.26
2010-2019	48	0.00295	0.00295	0.5	95893	283	95752	3294205	34.35
2010-2019	49	0.00327	0.00327	0.5	95610	312	95454	3198453	33.45
2010-2019	50	0.00355	0.00354	0.5	95298	338	95129	3102999	32.56
2010-2019	51	0.00392	0.00391	0.5	94960	371	94775	3007870	31.68
2010-2019	52	0.00429	0.00428	0.5	94589	405	94386	2913095	30.80
2010-2019	53	0.00460	0.00459	0.5	94184	432	93968	2818709	29.93
2010-2019	54	0.00497	0.00496	0.5	93752	465	93519	2724741	29.06
2010-2019	55	0.00540	0.00539	0.5	93287	502	93036	2631222	28.21
2010-2019	56	0.00585	0.00584	0.5	92785	542	92514	2538186	27.36
2010-2019	57	0.00639	0.00637	0.5	92243	587	91949	2445672	26.51
2010-2019	58	0.00676	0.00674	0.5	91656	617	91347	2353723	25.68
2010-2019	59	0.00733	0.00731	0.5	91038	665	90706	2262376	24.85
2010-2019	60	0.00770	0.00767	0.5	90373	693	90027	2171670	24.03
2010-2019	61	0.00838	0.00835	0.5	89680	749	89306	2081644	23.21
2010-2019	62	0.00901	0.00897	0.5	88931	798	88533	1992338	22.40
2010-2019	63	0.00983	0.00979	0.5	88134	863	87703	1903806	21.60
2010-2019	64	0.01048	0.01042	0.5	87271	909	86817	1816103	20.81
2010-2019	65	0.01124	0.01118	0.5	86362	965	85879	1729286	20.02
2010-2019	66	0.01218	0.01211	0.5	85397	1034	84880	1643407	19.24
2010-2019	67	0.01321	0.01312	0.5	84362	1107	83809	1558528	18.47
2010-2019	68	0.01435	0.01425	0.5	83255	1186	82662	1474719	17.71
2010-2019	69	0.01576	0.01564	0.5	82069	1284	81427	1392057	16.96
2010-2019	70	0.01734	0.01719	0.5	80786	1389	80091	1310629	16.22
2010-2019	71	0.01887	0.01869	0.5	79397	1484	78655	1230538	15.50
2010-2019	72	0.02075	0.02054	0.5	77913	1600	77113	1151883	14.78
2010-2019	73	0.02248	0.02223	0.5	76313	1696	75465	1074770	14.08
2010-2019	74	0.02473	0.02443	0.5	74617	1823	73705	999305	13.39
2010-2019	75	0.02747	0.02710	0.5	72794	1972	71808	925600	12.72
2010-2019	76	0.03019	0.02974	0.5	70821	2106	69768	853793	12.06
2010-2019	77	0.03310	0.03256	0.5	68715	2238	67597	784024	11.41
2010-2019	78	0.03692	0.03625	0.5	66478	2410	65273	716428	10.78
2010-2019	79	0.04083	0.04001	0.5	64068	2563	62786	651155	10.16
2010-2019	80	0.04518	0.04418	0.5	61504	2717	60146	588369	9.57
2010-2019	81	0.05061	0.04936	0.5	58787	2902	57336	528223	8.99
2010-2019	82	0.05652	0.05497	0.5	55885	3072	54349	470886	8.43
2010-2019	83	0.06304	0.06111	0.5	52813	3227	51200	416537	7.89
2010-2019	84	0.07010	0.06773	0.5	49586	3358	47907	365337	7.37
2010-2019	85	0.07914	0.07613	0.5	46228	3519	44468	317430	6.87
2010-2019	86	0.08949	0.08566	0.5	42709	3658	40879	272962	6.39
2010-2019	87	0.10057	0.09575	0.5	39050	3739	37181	232083	5.94
2010-2019	88	0.11365	0.10754	0.5	35311	3797	33413	194902	5.52
2010-2019	89	0.12720	0.11959	0.5	31514	3769	29629	161490	5.12
2010-2019	90	0.14366	0.13403	0.5	27745	3719	25886	131860	4.75
2010-2019	91	0.16082	0.14885	0.5	24026	3576	22238	105975	4.41
2010-2019	92	0.17876	0.16410	0.5	20450	3356	18772	83737	4.09
2010-2019	93	0.19964	0.18152	0.5	17094	3103	15543	64965	3.80
2010-2019	94	0.22221	0.19999	0.5	13991	2798	12592	49422	3.53
2010-2019	95	0.24266	0.21640	0.5	11193	2422	9982	36830	3.29
2010-2019	96	0.26727	0.23577	0.5	8771	2068	7737	26848	3.06
2010-2019	97	0.29342	0.25588	0.5	6703	1715	5845	19111	2.85
2010-2019	98	0.32100	0.27660	0.5	4988	1380	4298	13265	2.66
2010-2019	99	0.34989	0.29779	0.5	3608	1075	3071	8967	2.49
2010-2019	100	0.37993	0.31928	0.5	2534	809	2129	5896	2.33
2010-2019	101	0.41091	0.34088	0.5	1725	588	1431	3767	2.18
2010-2019	102	0.44262	0.36242	0.5	1137	412	931	2336	2.06
2010-2019	103	0.47481	0.38371	0.5	725	278	586	1405	1.94
2010-2019	104	0.50720	0.40459	0.5	447	181	356	820	1.83
2010-2019	105	0.53953	0.42491	0.5	266	113	209	463	1.74
2010-2019	106	0.57154	0.44451	0.5	153	68	119	254	1.66
2010-2019	107	0.60295	0.46328	0.5	85	39	65	135	1.59
2010-2019	108	0.63355	0.48113	0.5	46	22	35	70	1.53
2010-2019	109	0.66310	0.49799	0.5	24	12	18	35	1.48
2010-2019	110+	0.69142	1.00000	1.45	12	12	17	17	1.45
