Div7: West South Central, Lifetables (period 5x1), Both sexes Last modified: 20 Dec 2020, MPv5 (May07) 

Year	Age	mx	qx	ax	lx	dx	Lx	Tx	ex
1959	0	0.03009	0.02932	0.13	100000	2932	97454	7007303	70.07
1959	1-4	0.00128	0.00509	1.5	97068	494	387036	6909850	71.19
1959	5-9	0.00050	0.00252	2.34	96573	243	482219	6522813	67.54
1959	10-14	0.00054	0.00272	2.74	96330	262	481059	6040594	62.71
1959	15-19	0.00109	0.00544	2.66	96068	522	479118	5559535	57.87
1959	20-24	0.00146	0.00728	2.44	95546	696	475945	5080416	53.17
1959	25-29	0.00153	0.00761	2.5	94850	722	472446	4604472	48.54
1959	30-34	0.00182	0.00908	2.6	94128	855	468586	4132026	43.90
1959	35-39	0.00251	0.01248	2.67	93273	1164	463657	3663440	39.28
1959	40-44	0.00367	0.01821	2.69	92109	1678	456675	3199783	34.74
1959	45-49	0.00571	0.02819	2.68	90432	2549	446242	2743108	30.33
1959	50-54	0.00908	0.04446	2.66	87882	3907	430281	2296867	26.14
1959	55-59	0.01312	0.06362	2.65	83975	5343	407322	1866585	22.23
1959	60-64	0.01932	0.09233	2.62	78633	7260	375867	1459263	18.56
1959	65-69	0.02880	0.13467	2.6	71372	9612	333747	1083396	15.18
1959	70-74	0.04215	0.19115	2.57	61760	11806	280095	749649	12.14
1959	75-79	0.06491	0.28041	2.58	49955	14008	215810	469554	9.40
1959	80-84	0.10401	0.41293	2.51	35947	14844	142716	253745	7.06
1959	85-89	0.15958	0.56092	2.35	21104	11837	74177	111029	5.26
1959	90-94	0.22865	0.69226	2.15	9266	6415	28055	36851	3.98
1959	95-99	0.30686	0.79978	2.01	2852	2281	7432	8797	3.08
1959	100-104	0.40786	0.88482	1.8	571	505	1239	1364	2.39
1959	105-109	0.51795	0.93736	1.6	66	62	119	126	1.91
1959	110+	0.60832	1.00000	1.64	4	4	7	7	1.64
1960	0	0.03002	0.02925	0.13	100000	2925	97459	6979751	69.80
1960	1-4	0.00137	0.00545	1.54	97075	529	386999	6882292	70.90
1960	5-9	0.00053	0.00266	2.35	96546	257	482048	6495293	67.28
1960	10-14	0.00051	0.00256	2.71	96289	246	480880	6013245	62.45
1960	15-19	0.00105	0.00526	2.71	96042	505	479054	5532364	57.60
1960	20-24	0.00138	0.00689	2.56	95538	658	476084	5053310	52.89
1960	25-29	0.00141	0.00705	2.52	94880	669	472740	4577227	48.24
1960	30-34	0.00178	0.00887	2.59	94211	836	469043	4104486	43.57
1960	35-39	0.00244	0.01215	2.65	93375	1135	464207	3635443	38.93
1960	40-44	0.00378	0.01871	2.69	92240	1726	457221	3171236	34.38
1960	45-49	0.00581	0.02866	2.68	90514	2594	446547	2714015	29.98
1960	50-54	0.00922	0.04515	2.66	87920	3969	430303	2267468	25.79
1960	55-59	0.01335	0.06476	2.68	83951	5437	407140	1837165	21.88
1960	60-64	0.02069	0.09867	2.65	78514	7747	374334	1430025	18.21
1960	65-69	0.02980	0.13901	2.59	70767	9838	330088	1055691	14.92
1960	70-74	0.04416	0.19936	2.56	60929	12147	275044	725602	11.91
1960	75-79	0.06596	0.28393	2.55	48783	13851	210000	450558	9.24
1960	80-84	0.10731	0.42227	2.48	34932	14751	137462	240558	6.89
1960	85-89	0.16528	0.57365	2.33	20181	11577	70043	103095	5.11
1960	90-94	0.23749	0.70752	2.14	8604	6088	25634	33053	3.84
1960	95-99	0.32285	0.81681	1.98	2517	2056	6367	7419	2.95
1960	100-104	0.42870	0.89760	1.76	461	414	965	1052	2.28
1960	105-109	0.54224	0.94545	1.56	47	45	82	86	1.83
1960	110+	0.63451	1.00000	1.58	3	3	4	4	1.58
1961	0	0.02779	0.02713	0.13	100000	2713	97627	7041883	70.42
1961	1-4	0.00117	0.00465	1.55	97287	453	388041	6944255	71.38
1961	5-9	0.00050	0.00250	2.3	96834	242	483518	6556215	67.71
1961	10-14	0.00047	0.00235	2.66	96592	227	482431	6072696	62.87
1961	15-19	0.00102	0.00507	2.76	96366	488	480734	5590265	58.01
1961	20-24	0.00134	0.00669	2.6	95877	642	477849	5109532	53.29
1961	25-29	0.00143	0.00714	2.59	95236	680	474540	4631682	48.63
1961	30-34	0.00176	0.00874	2.64	94556	827	470830	4157143	43.96
1961	35-39	0.00246	0.01222	2.68	93729	1145	465989	3686313	39.33
1961	40-44	0.00377	0.01868	2.68	92584	1729	458910	3220324	34.78
1961	45-49	0.00558	0.02756	2.68	90855	2504	448465	2761414	30.39
1961	50-54	0.00885	0.04333	2.63	88351	3828	432663	2312949	26.18
1961	55-59	0.01255	0.06092	2.58	84523	5149	410159	1880286	22.25
1961	60-64	0.01993	0.09515	2.63	79374	7553	378952	1470127	18.52
1961	65-69	0.02879	0.13457	2.57	71821	9665	335660	1091175	15.19
1961	70-74	0.04250	0.19252	2.56	62156	11966	281541	755515	12.16
1961	75-79	0.06357	0.27503	2.55	50190	13804	217159	473974	9.44
1961	80-84	0.10290	0.40842	2.48	36386	14861	144413	256815	7.06
1961	85-89	0.16041	0.56133	2.33	21525	12083	75325	112402	5.22
1961	90-94	0.23129	0.69962	2.18	9442	6606	28562	37077	3.93
1961	95-99	0.31612	0.81009	1.99	2836	2298	7268	8515	3.00
1961	100-104	0.42217	0.89394	1.78	539	482	1141	1246	2.31
1961	105-109	0.53664	0.94380	1.57	57	54	100	106	1.85
1961	110+	0.62992	1.00000	1.59	3	3	5	5	1.59
1962	0	0.02838	0.02769	0.13	100000	2769	97583	7001060	70.01
1962	1-4	0.00131	0.00521	1.51	97231	507	387665	6903477	71.00
1962	5-9	0.00049	0.00246	2.27	96724	238	482973	6515812	67.36
1962	10-14	0.00047	0.00237	2.69	96487	229	481905	6032840	62.53
1962	15-19	0.00098	0.00487	2.82	96258	469	480270	5550935	57.67
1962	20-24	0.00139	0.00691	2.52	95789	662	477301	5070665	52.94
1962	25-29	0.00143	0.00711	2.49	95127	676	473938	4593364	48.29
1962	30-34	0.00176	0.00874	2.56	94450	826	470240	4119426	43.61
1962	35-39	0.00252	0.01254	2.65	93625	1174	465358	3649186	38.98
1962	40-44	0.00377	0.01868	2.67	92450	1727	458221	3183828	34.44
1962	45-49	0.00574	0.02834	2.67	90723	2572	447632	2725607	30.04
1962	50-54	0.00894	0.04378	2.64	88152	3859	431641	2277975	25.84
1962	55-59	0.01318	0.06388	2.61	84293	5384	408591	1846334	21.90
1962	60-64	0.02001	0.09554	2.64	78909	7539	376759	1437743	18.22
1962	65-69	0.03029	0.14097	2.54	71370	10061	332146	1060985	14.87
1962	70-74	0.04390	0.19852	2.59	61309	12171	277264	728838	11.89
1962	75-79	0.06530	0.28145	2.55	49137	13830	211791	451575	9.19
1962	80-84	0.10842	0.42596	2.49	35308	15040	138720	239783	6.79
1962	85-89	0.17034	0.58603	2.34	20268	11878	69729	101063	4.99
1962	90-94	0.24424	0.71810	2.13	8390	6025	24669	31334	3.73
1962	95-99	0.33925	0.83313	1.95	2365	1971	5809	6665	2.82
1962	100-104	0.45222	0.91057	1.72	395	359	795	856	2.17
1962	105-109	0.57129	0.95390	1.51	35	34	59	61	1.74
1962	110+	0.66667	1.00000	1.5	2	2	2	2	1.50
1963	0	0.02813	0.02745	0.13	100000	2745	97602	6994131	69.94
1963	1-4	0.00121	0.00481	1.55	97255	467	387876	6896529	70.91
1963	5-9	0.00046	0.00231	2.29	96787	224	483330	6508653	67.25
1963	10-14	0.00045	0.00223	2.74	96564	215	482332	6025323	62.40
1963	15-19	0.00104	0.00517	2.75	96348	498	480620	5542991	57.53
1963	20-24	0.00140	0.00697	2.52	95850	668	477597	5062371	52.82
1963	25-29	0.00147	0.00733	2.55	95182	698	474204	4584774	48.17
1963	30-34	0.00180	0.00895	2.64	94484	846	470424	4110570	43.51
1963	35-39	0.00265	0.01315	2.65	93639	1232	465297	3640146	38.87
1963	40-44	0.00374	0.01852	2.65	92407	1711	458020	3174849	34.36
1963	45-49	0.00595	0.02934	2.68	90695	2661	447306	2716829	29.96
1963	50-54	0.00910	0.04454	2.67	88034	3921	431034	2269523	25.78
1963	55-59	0.01344	0.06513	2.61	84113	5478	407456	1838489	21.86
1963	60-64	0.02004	0.09565	2.62	78635	7522	375284	1431033	18.20
1963	65-69	0.03067	0.14263	2.54	71113	10143	330662	1055749	14.85
1963	70-74	0.04492	0.20253	2.57	60971	12348	274894	725087	11.89
1963	75-79	0.06392	0.27548	2.5	48622	13395	209566	450193	9.26
1963	80-84	0.10755	0.42286	2.47	35228	14897	138513	240626	6.83
1963	85-89	0.16851	0.57922	2.3	20331	11776	69886	102113	5.02
1963	90-94	0.24131	0.71184	2.12	8555	6090	25236	32227	3.77
1963	95-99	0.33681	0.83086	1.95	2465	2048	6081	6991	2.84
1963	100-104	0.44925	0.90907	1.73	417	379	844	910	2.18
1963	105-109	0.56815	0.95308	1.51	38	36	64	66	1.75
1963	110+	0.66365	1.00000	1.51	2	2	3	3	1.51
1964	0	0.02767	0.02702	0.13	100000	2702	97636	7012542	70.13
1964	1-4	0.00123	0.00491	1.46	97298	477	387980	6914906	71.07
1964	5-9	0.00048	0.00239	2.31	96821	231	483483	6526926	67.41
1964	10-14	0.00049	0.00245	2.76	96590	236	482421	6043442	62.57
1964	15-19	0.00109	0.00542	2.79	96354	522	480617	5561021	57.71
1964	20-24	0.00149	0.00741	2.55	95831	710	477414	5080405	53.01
1964	25-29	0.00142	0.00709	2.51	95121	674	473925	4602991	48.39
1964	30-34	0.00181	0.00902	2.65	94447	852	470236	4129066	43.72
1964	35-39	0.00263	0.01307	2.63	93595	1223	465082	3658830	39.09
1964	40-44	0.00388	0.01925	2.67	92372	1778	457718	3193748	34.57
1964	45-49	0.00584	0.02881	2.67	90594	2610	446880	2736030	30.20
1964	50-54	0.00907	0.04444	2.68	87984	3910	430864	2289150	26.02
1964	55-59	0.01332	0.06458	2.63	84074	5429	407487	1858286	22.10
1964	60-64	0.01977	0.09440	2.62	78645	7424	375576	1450799	18.45
1964	65-69	0.03017	0.14057	2.58	71221	10011	331880	1075223	15.10
1964	70-74	0.04366	0.19754	2.59	61209	12091	276919	743343	12.14
1964	75-79	0.06250	0.26988	2.47	49118	13256	212095	466424	9.50
1964	80-84	0.10257	0.40811	2.5	35862	14636	142691	254329	7.09
1964	85-89	0.15740	0.55698	2.38	21226	11823	75114	111638	5.26
1964	90-94	0.23357	0.70205	2.16	9404	6602	28265	36523	3.88
1964	95-99	0.32233	0.81694	1.98	2802	2289	7101	8258	2.95
1964	100-104	0.43347	0.90081	1.76	513	462	1066	1157	2.26
1964	105-109	0.55281	0.94893	1.54	51	48	87	91	1.80
1964	110+	0.64953	1.00000	1.54	3	3	4	4	1.54
1965	0	0.02603	0.02545	0.12	100000	2545	97762	7034964	70.35
1965	1-4	0.00115	0.00460	1.59	97455	449	388738	6937202	71.18
1965	5-9	0.00052	0.00257	2.34	97006	250	484368	6548464	67.51
1965	10-14	0.00044	0.00222	2.73	96757	215	483296	6064096	62.67
1965	15-19	0.00108	0.00537	2.74	96542	519	481536	5580800	57.81
1965	20-24	0.00142	0.00707	2.52	96023	679	478433	5099264	53.10
1965	25-29	0.00152	0.00758	2.6	95344	723	474987	4620831	48.46
1965	30-34	0.00183	0.00913	2.6	94622	864	471037	4145843	43.81
1965	35-39	0.00259	0.01285	2.66	93758	1205	465969	3674807	39.19
1965	40-44	0.00381	0.01886	2.61	92553	1745	458598	3208838	34.67
1965	45-49	0.00574	0.02831	2.68	90807	2570	448068	2750240	30.29
1965	50-54	0.00882	0.04319	2.66	88237	3811	432277	2302172	26.09
1965	55-59	0.01316	0.06381	2.62	84426	5387	409306	1869895	22.15
1965	60-64	0.01947	0.09310	2.65	79039	7359	377869	1460589	18.48
1965	65-69	0.02972	0.13870	2.6	71681	9942	334586	1082721	15.10
1965	70-74	0.04306	0.19495	2.58	61738	12036	279539	748135	12.12
1965	75-79	0.06420	0.27672	2.51	49702	13754	214213	468596	9.43
1965	80-84	0.10220	0.40703	2.5	35949	14632	143171	254383	7.08
1965	85-89	0.16081	0.56278	2.33	21317	11997	74599	111212	5.22
1965	90-94	0.22911	0.69272	2.15	9320	6456	28178	36613	3.93
1965	95-99	0.32266	0.81723	1.98	2864	2340	7254	8434	2.95
1965	100-104	0.43355	0.90083	1.76	523	472	1088	1181	2.26
1965	105-109	0.55267	0.94888	1.54	52	49	89	93	1.80
1965	110+	0.64924	1.00000	1.54	3	3	4	4	1.54
1966	0	0.02591	0.02534	0.12	100000	2534	97771	7018043	70.18
1966	1-4	0.00111	0.00445	1.6	97466	433	388826	6920272	71.00
1966	5-9	0.00047	0.00236	2.27	97033	229	484540	6531447	67.31
1966	10-14	0.00045	0.00223	2.7	96804	216	483525	6046907	62.47
1966	15-19	0.00121	0.00603	2.78	96589	582	481651	5563382	57.60
1966	20-24	0.00145	0.00725	2.52	96006	696	478302	5081731	52.93
1966	25-29	0.00155	0.00770	2.49	95310	734	474713	4603429	48.30
1966	30-34	0.00186	0.00925	2.63	94577	875	470810	4128716	43.65
1966	35-39	0.00255	0.01269	2.67	93702	1189	465737	3657906	39.04
1966	40-44	0.00405	0.02006	2.67	92513	1855	458237	3192168	34.51
1966	45-49	0.00590	0.02909	2.69	90658	2637	447185	2733931	30.16
1966	50-54	0.00897	0.04394	2.66	88021	3868	431048	2286747	25.98
1966	55-59	0.01349	0.06534	2.61	84153	5499	407641	1855699	22.05
1966	60-64	0.01947	0.09303	2.61	78654	7317	375769	1448058	18.41
1966	65-69	0.02967	0.13843	2.59	71337	9875	332891	1072289	15.03
1966	70-74	0.04396	0.19866	2.58	61462	12210	277742	739398	12.03
1966	75-79	0.06619	0.28446	2.53	49252	14010	211666	461656	9.37
1966	80-84	0.10234	0.40693	2.48	35241	14341	140136	249990	7.09
1966	85-89	0.15858	0.55851	2.35	20901	11673	73609	109854	5.26
1966	90-94	0.23079	0.69980	2.19	9227	6457	27980	36245	3.93
1966	95-99	0.31808	0.81237	1.99	2770	2250	7075	8265	2.98
1966	100-104	0.42653	0.89671	1.77	520	466	1093	1191	2.29
1966	105-109	0.54357	0.94609	1.55	54	51	93	98	1.82
1966	110+	0.63881	1.00000	1.57	3	3	5	5	1.57
1967	0	0.02428	0.02377	0.12	100000	2377	97897	7055361	70.55
1967	1-4	0.00106	0.00424	1.62	97623	414	389506	6957463	71.27
1967	5-9	0.00045	0.00226	2.29	97209	220	485449	6567958	67.57
1967	10-14	0.00045	0.00225	2.8	96989	218	484467	6082508	62.71
1967	15-19	0.00118	0.00589	2.89	96771	570	482652	5598041	57.85
1967	20-24	0.00151	0.00750	2.45	96201	722	479167	5115390	53.17
1967	25-29	0.00156	0.00779	2.53	95480	744	475562	4636223	48.56
1967	30-34	0.00183	0.00909	2.64	94736	861	471650	4160660	43.92
1967	35-39	0.00265	0.01318	2.66	93875	1237	466480	3689010	39.30
1967	40-44	0.00380	0.01882	2.66	92638	1744	459101	3222530	34.79
1967	45-49	0.00582	0.02873	2.66	90894	2611	448347	2763430	30.40
1967	50-54	0.00889	0.04354	2.67	88283	3844	432467	2315082	26.22
1967	55-59	0.01307	0.06337	2.64	84439	5351	409555	1882615	22.30
1967	60-64	0.01915	0.09156	2.62	79088	7241	378232	1473061	18.63
1967	65-69	0.02915	0.13622	2.6	71846	9787	335699	1094829	15.24
1967	70-74	0.04245	0.19240	2.57	62059	11940	281267	759130	12.23
1967	75-79	0.06401	0.27638	2.53	50119	13852	216401	477863	9.53
1967	80-84	0.09903	0.39669	2.49	36267	14387	145283	261462	7.21
1967	85-89	0.15582	0.55212	2.36	21880	12081	77530	116180	5.31
1967	90-94	0.22885	0.69657	2.19	9800	6826	29828	38650	3.94
1967	95-99	0.31981	0.81453	1.99	2974	2422	7573	8822	2.97
1967	100-104	0.43167	0.89992	1.76	552	496	1150	1249	2.26
1967	105-109	0.55204	0.94878	1.54	55	52	95	99	1.80
1967	110+	0.64965	1.00000	1.54	3	3	4	4	1.54
1968	0	0.02347	0.02299	0.11	100000	2299	97961	7000715	70.01
1968	1-4	0.00105	0.00418	1.58	97701	409	389814	6902754	70.65
1968	5-9	0.00047	0.00235	2.22	97292	228	485825	6512939	66.94
1968	10-14	0.00048	0.00237	2.73	97064	230	484795	6027114	62.09
1968	15-19	0.00126	0.00630	2.76	96833	610	482799	5542319	57.24
1968	20-24	0.00164	0.00815	2.5	96223	785	479157	5059521	52.58
1968	25-29	0.00161	0.00801	2.5	95438	764	475280	4580364	47.99
1968	30-34	0.00195	0.00969	2.56	94674	917	471136	4105083	43.36
1968	35-39	0.00265	0.01318	2.65	93757	1235	465881	3633948	38.76
1968	40-44	0.00406	0.02011	2.63	92522	1861	458197	3168067	34.24
1968	45-49	0.00610	0.03006	2.62	90661	2725	446827	2709870	29.89
1968	50-54	0.00929	0.04548	2.65	87936	3999	430264	2263043	25.74
1968	55-59	0.01373	0.06648	2.63	83937	5580	406445	1832779	21.84
1968	60-64	0.02003	0.09556	2.6	78357	7488	373837	1426334	18.20
1968	65-69	0.03012	0.14036	2.58	70868	9947	330278	1052497	14.85
1968	70-74	0.04489	0.20231	2.56	60922	12325	274568	722219	11.85
1968	75-79	0.06696	0.28716	2.52	48596	13955	208408	447651	9.21
1968	80-84	0.10540	0.41629	2.48	34641	14421	136826	239243	6.91
1968	85-89	0.16504	0.57282	2.33	20220	11583	70179	102417	5.07
1968	90-94	0.24528	0.72031	2.14	8638	6222	25366	32238	3.73
1968	95-99	0.33550	0.82986	1.96	2416	2005	5976	6872	2.84
1968	100-104	0.44972	0.90950	1.73	411	374	831	896	2.18
1968	105-109	0.57074	0.95388	1.51	37	35	62	65	1.74
1968	110+	0.66787	1.00000	1.5	2	2	3	3	1.50
1969	0	0.02339	0.02291	0.11	100000	2291	97968	7021609	70.22
1969	1-4	0.00106	0.00424	1.64	97709	414	389858	6923641	70.86
1969	5-9	0.00048	0.00240	2.32	97295	234	485850	6533783	67.15
1969	10-14	0.00051	0.00252	2.75	97061	245	484756	6047934	62.31
1969	15-19	0.00124	0.00620	2.84	96816	600	482785	5563178	57.46
1969	20-24	0.00161	0.00804	2.51	96216	774	479151	5080393	52.80
1969	25-29	0.00158	0.00785	2.5	95442	749	475338	4601242	48.21
1969	30-34	0.00193	0.00963	2.65	94693	912	471327	4125904	43.57
1969	35-39	0.00264	0.01313	2.7	93781	1231	466070	3654577	38.97
1969	40-44	0.00404	0.02000	2.66	92550	1851	458424	3188506	34.45
1969	45-49	0.00608	0.02994	2.62	90699	2716	447042	2730082	30.10
1969	50-54	0.00899	0.04403	2.65	87983	3874	430794	2283040	25.95
1969	55-59	0.01359	0.06584	2.62	84109	5538	407365	1852246	22.02
1969	60-64	0.01976	0.09435	2.6	78571	7414	375086	1444881	18.39
1969	65-69	0.02939	0.13732	2.62	71158	9772	332525	1069795	15.03
1969	70-74	0.04412	0.19947	2.6	61386	12245	277520	737270	12.01
1969	75-79	0.06638	0.28521	2.53	49141	14016	211138	459750	9.36
1969	80-84	0.10192	0.40560	2.48	35126	14247	139793	248612	7.08
1969	85-89	0.16065	0.56472	2.37	20879	11791	73394	108819	5.21
1969	90-94	0.23197	0.70239	2.19	9088	6383	27517	35425	3.90
1969	95-99	0.32520	0.81993	1.98	2705	2218	6819	7908	2.92
1969	100-104	0.43790	0.90334	1.75	487	440	1005	1088	2.23
1969	105-109	0.55865	0.95065	1.53	47	45	80	84	1.78
1969	110+	0.65624	1.00000	1.52	2	2	4	4	1.52
1970	0	0.02327	0.02280	0.11	100000	2280	97977	7046185	70.46
1970	1-4	0.00098	0.00392	1.61	97720	383	389965	6948208	71.10
1970	5-9	0.00045	0.00226	2.34	97337	220	486097	6558243	67.38
1970	10-14	0.00048	0.00240	2.75	97116	233	485057	6072146	62.52
1970	15-19	0.00121	0.00606	2.82	96884	587	483138	5587089	57.67
1970	20-24	0.00158	0.00785	2.49	96297	756	479583	5103951	53.00
1970	25-29	0.00159	0.00792	2.52	95541	757	475826	4624368	48.40
1970	30-34	0.00187	0.00930	2.58	94784	881	471792	4148541	43.77
1970	35-39	0.00265	0.01318	2.63	93903	1237	466581	3676749	39.15
1970	40-44	0.00394	0.01953	2.66	92666	1809	459089	3210168	34.64
1970	45-49	0.00604	0.02980	2.65	90856	2707	447928	2751079	30.28
1970	50-54	0.00916	0.04484	2.66	88149	3953	431478	2303150	26.13
1970	55-59	0.01354	0.06558	2.62	84196	5522	407836	1871672	22.23
1970	60-64	0.01957	0.09354	2.63	78674	7359	375954	1463836	18.61
1970	65-69	0.02862	0.13385	2.59	71315	9546	333540	1087882	15.25
1970	70-74	0.04339	0.19642	2.59	61770	12133	279618	754342	12.21
1970	75-79	0.06461	0.27842	2.52	49637	13820	213879	474724	9.56
1970	80-84	0.09830	0.39379	2.48	35817	14104	143485	260845	7.28
1970	85-89	0.15180	0.54127	2.35	21712	11752	77419	117359	5.41
1970	90-94	0.22492	0.68704	2.17	9960	6843	30424	39941	4.01
1970	95-99	0.30977	0.80374	2.01	3117	2505	8088	9516	3.05
1970	100-104	0.41782	0.89169	1.79	612	546	1306	1428	2.33
1970	105-109	0.53553	0.94369	1.57	66	63	117	123	1.85
1970	110+	0.63187	1.00000	1.58	4	4	6	6	1.58
1971	0	0.02099	0.02060	0.11	100000	2060	98159	7097762	70.98
1971	1-4	0.00090	0.00359	1.63	97940	352	390927	6999602	71.47
1971	5-9	0.00046	0.00228	2.37	97588	222	487355	6608675	67.72
1971	10-14	0.00044	0.00219	2.76	97366	214	486350	6121320	62.87
1971	15-19	0.00116	0.00578	2.85	97152	562	484554	5634970	58.00
1971	20-24	0.00152	0.00755	2.52	96590	729	481140	5150416	53.32
1971	25-29	0.00161	0.00803	2.54	95861	770	477412	4669275	48.71
1971	30-34	0.00179	0.00892	2.55	95091	849	473378	4191863	44.08
1971	35-39	0.00255	0.01268	2.64	94243	1195	468390	3718485	39.46
1971	40-44	0.00390	0.01931	2.68	93048	1796	461068	3250094	34.93
1971	45-49	0.00585	0.02886	2.62	91251	2633	449989	2789026	30.56
1971	50-54	0.00880	0.04309	2.62	88618	3819	433993	2339037	26.39
1971	55-59	0.01289	0.06256	2.63	84799	5305	411446	1905044	22.47
1971	60-64	0.01970	0.09410	2.62	79494	7481	379678	1493598	18.79
1971	65-69	0.02731	0.12803	2.56	72013	9220	337606	1113920	15.47
1971	70-74	0.04189	0.18998	2.55	62793	11930	284771	776314	12.36
1971	75-79	0.06375	0.27539	2.53	50864	14007	219734	491543	9.66
1971	80-84	0.09657	0.38833	2.48	36856	14312	148209	271809	7.37
1971	85-89	0.14868	0.53324	2.35	22544	12021	80852	123600	5.48
1971	90-94	0.22217	0.68774	2.23	10523	7237	32574	42748	4.06
1971	95-99	0.30476	0.79831	2.02	3286	2623	8607	10174	3.10
1971	100-104	0.41224	0.88832	1.8	663	589	1428	1566	2.36
1971	105-109	0.53001	0.94195	1.58	74	70	132	138	1.87
1971	110+	0.62669	1.00000	1.6	4	4	7	7	1.60
1972	0	0.02065	0.02028	0.11	100000	2028	98187	7079809	70.80
1972	1-4	0.00092	0.00367	1.65	97972	359	391047	6981622	71.26
1972	5-9	0.00046	0.00229	2.33	97613	223	487471	6590575	67.52
1972	10-14	0.00048	0.00239	2.68	97390	233	486410	6103105	62.67
1972	15-19	0.00123	0.00613	2.77	97157	595	484455	5616695	57.81
1972	20-24	0.00151	0.00752	2.53	96562	726	481012	5132240	53.15
1972	25-29	0.00156	0.00775	2.56	95835	743	477365	4651228	48.53
1972	30-34	0.00190	0.00946	2.67	95093	900	473368	4173864	43.89
1972	35-39	0.00258	0.01284	2.6	94193	1209	468059	3700496	39.29
1972	40-44	0.00380	0.01884	2.64	92984	1751	460782	3232437	34.76
1972	45-49	0.00594	0.02931	2.64	91232	2674	449864	2771655	30.38
1972	50-54	0.00886	0.04338	2.64	88558	3842	433714	2321791	26.22
1972	55-59	0.01284	0.06233	2.65	84716	5280	411184	1888077	22.29
1972	60-64	0.02014	0.09608	2.62	79436	7632	378979	1476893	18.59
1972	65-69	0.02828	0.13238	2.59	71804	9506	336095	1097914	15.29
1972	70-74	0.04281	0.19404	2.59	62298	12088	282388	761819	12.23
1972	75-79	0.06504	0.28048	2.55	50210	14083	216530	479431	9.55
1972	80-84	0.09857	0.39537	2.5	36127	14284	144906	262901	7.28
1972	85-89	0.15405	0.54749	2.36	21843	11959	77631	117995	5.40
1972	90-94	0.21888	0.68071	2.22	9884	6728	30740	40364	4.08
1972	95-99	0.31023	0.80417	2.01	3156	2538	8181	9624	3.05
1972	100-104	0.41773	0.89157	1.79	618	551	1319	1443	2.34
1972	105-109	0.53471	0.94338	1.57	67	63	118	124	1.85
1972	110+	0.63046	1.00000	1.59	4	4	6	6	1.59
1973	0	0.01992	0.01958	0.1	100000	1958	98245	7091307	70.91
1973	1-4	0.00095	0.00378	1.67	98042	370	391308	6993062	71.33
1973	5-9	0.00045	0.00224	2.39	97672	219	487789	6601754	67.59
1973	10-14	0.00043	0.00215	2.73	97453	210	486791	6113965	62.74
1973	15-19	0.00122	0.00610	2.8	97244	594	484915	5627174	57.87
1973	20-24	0.00155	0.00771	2.5	96650	745	481385	5142259	53.20
1973	25-29	0.00158	0.00786	2.51	95905	754	477649	4660874	48.60
1973	30-34	0.00178	0.00887	2.53	95151	844	473669	4183225	43.96
1973	35-39	0.00252	0.01252	2.65	94307	1181	468761	3709556	39.33
1973	40-44	0.00380	0.01882	2.67	93126	1753	461552	3240795	34.80
1973	45-49	0.00592	0.02918	2.69	91374	2667	450702	2779243	30.42
1973	50-54	0.00890	0.04357	2.62	88707	3865	434335	2328540	26.25
1973	55-59	0.01305	0.06332	2.64	84842	5372	411507	1894205	22.33
1973	60-64	0.01972	0.09419	2.63	79470	7485	379636	1482698	18.66
1973	65-69	0.02801	0.13113	2.58	71984	9439	337037	1103062	15.32
1973	70-74	0.04224	0.19148	2.56	62545	11976	283557	766025	12.25
1973	75-79	0.06328	0.27362	2.53	50569	13836	218662	482468	9.54
1973	80-84	0.10045	0.40102	2.49	36732	14730	146645	263806	7.18
1973	85-89	0.15500	0.55089	2.38	22002	12121	78197	117161	5.32
1973	90-94	0.22789	0.69460	2.19	9881	6864	30118	38964	3.94
1973	95-99	0.32405	0.81901	1.98	3018	2472	7627	8846	2.93
1973	100-104	0.43845	0.90383	1.75	546	494	1126	1219	2.23
1973	105-109	0.56115	0.95145	1.53	53	50	89	93	1.77
1973	110+	0.66012	1.00000	1.51	3	3	4	4	1.51
1974	0	0.01896	0.01864	0.1	100000	1864	98324	7157429	71.57
1974	1-4	0.00086	0.00342	1.59	98136	336	391733	7059105	71.93
1974	5-9	0.00040	0.00198	2.49	97800	193	488514	6667372	68.17
1974	10-14	0.00044	0.00217	2.8	97606	212	487565	6178858	63.30
1974	15-19	0.00115	0.00574	2.88	97394	559	485787	5691294	58.44
1974	20-24	0.00143	0.00713	2.49	96835	690	482446	5205507	53.76
1974	25-29	0.00152	0.00759	2.52	96145	730	478917	4723061	49.12
1974	30-34	0.00165	0.00823	2.6	95415	785	475192	4244144	44.48
1974	35-39	0.00232	0.01156	2.68	94630	1094	470612	3768952	39.83
1974	40-44	0.00355	0.01759	2.7	93537	1646	463897	3298340	35.26
1974	45-49	0.00557	0.02749	2.69	91891	2526	453626	2834444	30.85
1974	50-54	0.00839	0.04116	2.64	89365	3678	438142	2380817	26.64
1974	55-59	0.01272	0.06174	2.64	85687	5291	415937	1942676	22.67
1974	60-64	0.01926	0.09208	2.63	80396	7403	384442	1526738	18.99
1974	65-69	0.02736	0.12837	2.6	72993	9370	342502	1142296	15.65
1974	70-74	0.04069	0.18542	2.61	63623	11797	289890	799794	12.57
1974	75-79	0.05939	0.25955	2.57	51826	13452	226502	509905	9.84
1974	80-84	0.09541	0.38479	2.49	38375	14766	154762	283402	7.39
1974	85-89	0.15057	0.53879	2.36	23609	12720	84480	128640	5.45
1974	90-94	0.22038	0.68426	2.23	10888	7451	33808	44160	4.06
1974	95-99	0.31423	0.80899	2	3438	2781	8851	10352	3.01
1974	100-104	0.42722	0.89763	1.77	657	589	1380	1501	2.29
1974	105-109	0.54961	0.94821	1.55	67	64	116	121	1.81
1974	110+	0.64898	1.00000	1.54	3	3	5	5	1.54
1975	0	0.01796	0.01768	0.1	100000	1768	98406	7203064	72.03
1975	1-4	0.00083	0.00330	1.6	98232	324	392152	7104658	72.33
1975	5-9	0.00041	0.00204	2.35	97909	200	489013	6712506	68.56
1975	10-14	0.00043	0.00215	2.73	97709	210	488069	6223493	63.69
1975	15-19	0.00114	0.00568	2.83	97499	553	486295	5735424	58.83
1975	20-24	0.00147	0.00734	2.48	96946	711	482934	5249129	54.15
1975	25-29	0.00145	0.00724	2.47	96234	696	479413	4766194	49.53
1975	30-34	0.00162	0.00805	2.54	95538	769	475796	4286782	44.87
1975	35-39	0.00228	0.01132	2.7	94769	1073	471373	3810986	40.21
1975	40-44	0.00344	0.01705	2.64	93696	1598	464710	3339614	35.64
1975	45-49	0.00544	0.02686	2.68	92098	2474	454753	2874903	31.22
1975	50-54	0.00819	0.04015	2.63	89624	3599	439578	2420150	27.00
1975	55-59	0.01223	0.05941	2.63	86025	5111	417989	1980573	23.02
1975	60-64	0.01845	0.08837	2.62	80914	7150	387558	1562583	19.31
1975	65-69	0.02647	0.12447	2.6	73764	9181	346804	1175025	15.93
1975	70-74	0.03921	0.17918	2.6	64583	11572	295143	828221	12.82
1975	75-79	0.05857	0.25617	2.55	53011	13580	231850	533078	10.06
1975	80-84	0.09297	0.37691	2.49	39431	14862	159864	301228	7.64
1975	85-89	0.13983	0.51189	2.38	24569	12577	89944	141364	5.75
1975	90-94	0.20688	0.65797	2.23	11993	7891	38142	51420	4.29
1975	95-99	0.28969	0.78078	2.05	4102	3203	11055	13279	3.24
1975	100-104	0.39262	0.87529	1.83	899	787	2005	2223	2.47
1975	105-109	0.50718	0.93391	1.62	112	105	206	219	1.95
1975	110+	0.60218	1.00000	1.66	7	7	12	12	1.66
1976	0	0.01723	0.01697	0.1	100000	1697	98466	7230586	72.31
1976	1-4	0.00082	0.00327	1.63	98303	321	392453	7132120	72.55
1976	5-9	0.00036	0.00180	2.35	97982	176	489444	6739667	68.78
1976	10-14	0.00040	0.00198	2.77	97806	193	488599	6250224	63.90
1976	15-19	0.00109	0.00544	2.87	97613	531	486933	5761625	59.03
1976	20-24	0.00134	0.00670	2.48	97082	650	483770	5274692	54.33
1976	25-29	0.00138	0.00686	2.53	96432	661	480522	4790922	49.68
1976	30-34	0.00157	0.00780	2.6	95770	747	477059	4310400	45.01
1976	35-39	0.00216	0.01073	2.66	95024	1020	472735	3833341	40.34
1976	40-44	0.00339	0.01683	2.63	94004	1582	466274	3360606	35.75
1976	45-49	0.00533	0.02635	2.67	92421	2435	456443	2894332	31.32
1976	50-54	0.00828	0.04061	2.63	89986	3655	441284	2437890	27.09
1976	55-59	0.01199	0.05831	2.64	86332	5034	419775	1996606	23.13
1976	60-64	0.01815	0.08698	2.62	81298	7071	389642	1576831	19.40
1976	65-69	0.02625	0.12350	2.61	74227	9167	349253	1187189	15.99
1976	70-74	0.03822	0.17483	2.56	65059	11374	297586	837936	12.88
1976	75-79	0.05794	0.25338	2.53	53685	13602	234764	540349	10.07
1976	80-84	0.09207	0.37444	2.51	40083	15008	163007	305586	7.62
1976	85-89	0.14031	0.51336	2.39	25074	12872	91737	142579	5.69
1976	90-94	0.21373	0.66959	2.21	12202	8170	38228	50842	4.17
1976	95-99	0.30072	0.79423	2.03	4032	3202	10648	12614	3.13
1976	100-104	0.41083	0.88781	1.8	830	737	1793	1966	2.37
1976	105-109	0.53202	0.94283	1.58	93	88	165	173	1.86
1976	110+	0.63157	1.00000	1.58	5	5	8	8	1.58
1977	0	0.01630	0.01606	0.09	100000	1606	98544	7272118	72.72
1977	1-4	0.00073	0.00291	1.59	98394	286	392886	7173574	72.91
1977	5-9	0.00036	0.00182	2.34	98108	178	490065	6780688	69.11
1977	10-14	0.00039	0.00194	2.76	97930	190	489224	6290622	64.24
1977	15-19	0.00111	0.00553	2.87	97740	541	487550	5801399	59.36
1977	20-24	0.00146	0.00728	2.47	97199	707	484210	5313849	54.67
1977	25-29	0.00145	0.00722	2.5	96492	697	480718	4829639	50.05
1977	30-34	0.00156	0.00776	2.62	95795	743	477205	4348920	45.40
1977	35-39	0.00223	0.01111	2.65	95052	1056	472779	3871715	40.73
1977	40-44	0.00326	0.01616	2.68	93996	1519	466463	3398936	36.16
1977	45-49	0.00519	0.02565	2.71	92478	2372	456950	2932473	31.71
1977	50-54	0.00789	0.03871	2.61	90106	3488	442204	2475522	27.47
1977	55-59	0.01189	0.05784	2.64	86618	5010	421242	2033318	23.47
1977	60-64	0.01727	0.08297	2.64	81608	6771	392087	1612076	19.75
1977	65-69	0.02513	0.11845	2.59	74837	8865	352824	1219989	16.30
1977	70-74	0.03695	0.16948	2.56	65973	11181	302610	867165	13.14
1977	75-79	0.05597	0.24604	2.55	54792	13481	240869	564555	10.30
1977	80-84	0.08826	0.36165	2.51	41311	14940	169284	323685	7.84
1977	85-89	0.13648	0.50302	2.39	26371	13265	97196	154402	5.86
1977	90-94	0.20159	0.64792	2.24	13106	8492	42123	57205	4.36
1977	95-99	0.28599	0.77677	2.06	4614	3584	12532	15082	3.27
1977	100-104	0.39185	0.87518	1.84	1030	901	2301	2550	2.48
1977	105-109	0.51034	0.93536	1.61	129	120	236	249	1.94
1977	110+	0.60871	1.00000	1.64	8	8	14	14	1.64
1978	0	0.01571	0.01549	0.09	100000	1549	98594	7274809	72.75
1978	1-4	0.00075	0.00300	1.59	98451	296	393091	7176216	72.89
1978	5-9	0.00037	0.00184	2.32	98155	181	490293	6783124	69.11
1978	10-14	0.00041	0.00207	2.84	97975	203	489437	6292831	64.23
1978	15-19	0.00116	0.00576	2.87	97772	563	487659	5803394	59.36
1978	20-24	0.00155	0.00773	2.53	97209	751	484187	5315736	54.68
1978	25-29	0.00146	0.00728	2.5	96457	702	480529	4831549	50.09
1978	30-34	0.00154	0.00769	2.6	95755	736	477007	4351020	45.44
1978	35-39	0.00212	0.01057	2.66	95019	1004	472740	3874012	40.77
1978	40-44	0.00325	0.01611	2.63	94015	1514	466494	3401272	36.18
1978	45-49	0.00507	0.02504	2.65	92501	2316	457052	2934778	31.73
1978	50-54	0.00783	0.03843	2.64	90185	3466	442742	2477726	27.47
1978	55-59	0.01163	0.05661	2.63	86719	4909	421965	2034985	23.47
1978	60-64	0.01706	0.08195	2.61	81810	6705	393022	1613020	19.72
1978	65-69	0.02529	0.11921	2.59	75105	8954	353969	1219998	16.24
1978	70-74	0.03710	0.17011	2.57	66152	11253	303360	866029	13.09
1978	75-79	0.05598	0.24609	2.54	54898	13510	241318	562669	10.25
1978	80-84	0.08933	0.36511	2.5	41388	15111	169153	321351	7.76
1978	85-89	0.13714	0.50531	2.4	26277	13278	96823	152198	5.79
1978	90-94	0.20725	0.66023	2.25	12999	8582	41410	55374	4.26
1978	95-99	0.29693	0.79009	2.04	4417	3490	11752	13964	3.16
1978	100-104	0.40774	0.88602	1.81	927	821	2015	2212	2.39
1978	105-109	0.53024	0.94236	1.58	106	100	188	197	1.87
1978	110+	0.63105	1.00000	1.58	6	6	10	10	1.58
1979	0	0.01411	0.01393	0.09	100000	1393	98728	7317978	73.18
1979	1-4	0.00073	0.00293	1.63	98607	289	393740	7219250	73.21
1979	5-9	0.00036	0.00178	2.3	98317	175	491112	6825509	69.42
1979	10-14	0.00037	0.00185	2.78	98142	181	490306	6334397	64.54
1979	15-19	0.00115	0.00572	2.89	97960	560	488618	5844091	59.66
1979	20-24	0.00150	0.00746	2.54	97400	727	485212	5355473	54.98
1979	25-29	0.00150	0.00746	2.45	96673	721	481527	4870261	50.38
1979	30-34	0.00164	0.00816	2.61	95952	783	477894	4388734	45.74
1979	35-39	0.00213	0.01058	2.62	95170	1007	473450	3910841	41.09
1979	40-44	0.00305	0.01514	2.69	94163	1426	467526	3437391	36.50
1979	45-49	0.00481	0.02379	2.68	92737	2206	458578	2969865	32.02
1979	50-54	0.00766	0.03762	2.66	90532	3405	444682	2511286	27.74
1979	55-59	0.01142	0.05557	2.63	87126	4842	424153	2066605	23.72
1979	60-64	0.01666	0.08013	2.62	82284	6593	395705	1642451	19.96
1979	65-69	0.02460	0.11620	2.62	75691	8795	357514	1246747	16.47
1979	70-74	0.03642	0.16745	2.6	66896	11202	307596	889233	13.29
1979	75-79	0.05454	0.24064	2.56	55694	13403	245748	581637	10.44
1979	80-84	0.08518	0.35185	2.53	42292	14880	174687	335890	7.94
1979	85-89	0.13359	0.49587	2.4	27411	13593	101751	161203	5.88
1979	90-94	0.20433	0.65338	2.24	13819	9029	44189	59452	4.30
1979	95-99	0.29388	0.78693	2.05	4790	3769	12826	15263	3.19
1979	100-104	0.40718	0.88600	1.81	1021	904	2221	2437	2.39
1979	105-109	0.53286	0.94342	1.58	116	110	206	216	1.86
1979	110+	0.63628	1.00000	1.57	7	7	10	10	1.57
1980	0	0.01326	0.01310	0.09	100000	1310	98801	7321016	73.21
1980	1-4	0.00073	0.00290	1.63	98690	286	394080	7222215	73.18
1980	5-9	0.00035	0.00172	2.36	98403	170	491570	6828134	69.39
1980	10-14	0.00036	0.00180	2.83	98234	177	490785	6336565	64.50
1980	15-19	0.00116	0.00577	2.93	98057	565	489113	5845780	59.62
1980	20-24	0.00158	0.00787	2.47	97491	767	485515	5356667	54.95
1980	25-29	0.00154	0.00765	2.53	96724	740	481789	4871152	50.36
1980	30-34	0.00164	0.00818	2.57	95983	785	478006	4389363	45.73
1980	35-39	0.00204	0.01016	2.65	95198	967	473723	3911356	41.09
1980	40-44	0.00308	0.01530	2.65	94232	1441	467766	3437633	36.48
1980	45-49	0.00477	0.02359	2.67	92790	2189	458850	2969867	32.01
1980	50-54	0.00745	0.03661	2.64	90601	3317	445189	2511017	27.71
1980	55-59	0.01144	0.05569	2.65	87285	4861	424987	2065828	23.67
1980	60-64	0.01668	0.08018	2.61	82424	6608	396295	1640842	19.91
1980	65-69	0.02481	0.11710	2.61	75816	8878	357867	1244546	16.42
1980	70-74	0.03703	0.16981	2.56	66937	11367	306965	886679	13.25
1980	75-79	0.05462	0.24078	2.54	55571	13380	244981	579714	10.43
1980	80-84	0.08615	0.35464	2.51	42190	14962	173685	334733	7.93
1980	85-89	0.13279	0.49339	2.4	27228	13434	101169	161048	5.91
1980	90-94	0.20189	0.64994	2.26	13794	8965	44407	59880	4.34
1980	95-99	0.29213	0.78472	2.05	4829	3789	12971	15473	3.20
1980	100-104	0.40378	0.88368	1.82	1040	919	2275	2502	2.41
1980	105-109	0.52790	0.94174	1.58	121	114	216	227	1.88
1980	110+	0.63032	1.00000	1.59	7	7	11	11	1.59
1981	0	0.01225	0.01212	0.08	100000	1212	98888	7346226	73.46
1981	1-4	0.00069	0.00274	1.67	98788	271	394523	7247338	73.36
1981	5-9	0.00033	0.00162	2.38	98518	160	492168	6852815	69.56
1981	10-14	0.00034	0.00168	2.59	98358	165	491391	6360647	64.67
1981	15-19	0.00109	0.00546	2.95	98192	536	489863	5869256	59.77
1981	20-24	0.00161	0.00803	2.52	97657	784	486338	5379393	55.08
1981	25-29	0.00159	0.00792	2.49	96872	767	482434	4893055	50.51
1981	30-34	0.00162	0.00807	2.54	96105	775	478619	4410620	45.89
1981	35-39	0.00203	0.01011	2.65	95330	964	474386	3932001	41.25
1981	40-44	0.00297	0.01475	2.67	94366	1391	468580	3457615	36.64
1981	45-49	0.00469	0.02319	2.66	92974	2156	459827	2989036	32.15
1981	50-54	0.00732	0.03597	2.65	90818	3266	446430	2529208	27.85
1981	55-59	0.01109	0.05404	2.63	87552	4731	426525	2082778	23.79
1981	60-64	0.01641	0.07894	2.61	82821	6538	398493	1656253	20.00
1981	65-69	0.02432	0.11487	2.58	76283	8763	360249	1257760	16.49
1981	70-74	0.03667	0.16837	2.57	67521	11369	310029	897510	13.29
1981	75-79	0.05339	0.23583	2.53	56152	13242	248013	587481	10.46
1981	80-84	0.08602	0.35364	2.49	42910	15175	176411	339467	7.91
1981	85-89	0.13506	0.50075	2.42	27735	13889	102836	163057	5.88
1981	90-94	0.20128	0.64740	2.24	13847	8964	44537	60221	4.35
1981	95-99	0.29134	0.78371	2.05	4882	3826	13134	15684	3.21
1981	100-104	0.40236	0.88271	1.82	1056	932	2317	2550	2.41
1981	105-109	0.52603	0.94110	1.59	124	117	222	233	1.88
1981	110+	0.62825	1.00000	1.59	7	7	12	12	1.59
1982	0	0.01169	0.01157	0.08	100000	1157	98937	7381278	73.81
1982	1-4	0.00070	0.00280	1.61	98843	277	394710	7282341	73.68
1982	5-9	0.00034	0.00169	2.41	98566	166	492401	6887631	69.88
1982	10-14	0.00032	0.00161	2.74	98400	159	491641	6395231	64.99
1982	15-19	0.00106	0.00528	2.94	98241	518	490137	5903589	60.09
1982	20-24	0.00152	0.00757	2.49	97723	740	486759	5413452	55.40
1982	25-29	0.00148	0.00736	2.49	96983	714	483120	4926693	50.80
1982	30-34	0.00158	0.00785	2.54	96269	756	479480	4443573	46.16
1982	35-39	0.00199	0.00993	2.61	95513	948	475297	3964093	41.50
1982	40-44	0.00288	0.01431	2.67	94564	1353	469675	3488795	36.89
1982	45-49	0.00443	0.02193	2.69	93211	2044	461332	3019120	32.39
1982	50-54	0.00702	0.03455	2.66	91167	3149	448461	2557789	28.06
1982	55-59	0.01081	0.05270	2.65	88018	4638	429205	2109328	23.96
1982	60-64	0.01610	0.07751	2.62	83380	6463	401495	1680123	20.15
1982	65-69	0.02405	0.11366	2.6	76917	8743	363564	1278628	16.62
1982	70-74	0.03597	0.16550	2.59	68174	11283	313667	915064	13.42
1982	75-79	0.05325	0.23567	2.56	56891	13408	251787	601396	10.57
1982	80-84	0.08528	0.35098	2.48	43484	15262	178967	349610	8.04
1982	85-89	0.12893	0.48330	2.41	28222	13640	105794	170642	6.05
1982	90-94	0.19641	0.63943	2.27	14582	9324	47475	64848	4.45
1982	95-99	0.28211	0.77227	2.07	5258	4060	14393	17373	3.30
1982	100-104	0.38938	0.87371	1.85	1197	1046	2687	2980	2.49
1982	105-109	0.51000	0.93542	1.62	151	141	277	293	1.94
1982	110+	0.61042	1.00000	1.64	10	10	16	16	1.64
1983	0	0.01154	0.01142	0.08	100000	1142	98950	7394871	73.95
1983	1-4	0.00065	0.00261	1.67	98858	258	394834	7295921	73.80
1983	5-9	0.00032	0.00157	2.39	98601	155	492599	6901087	69.99
1983	10-14	0.00032	0.00158	2.79	98446	156	491884	6408488	65.10
1983	15-19	0.00096	0.00478	2.91	98290	470	490466	5916604	60.20
1983	20-24	0.00137	0.00681	2.51	97820	666	487442	5426138	55.47
1983	25-29	0.00141	0.00700	2.49	97153	680	484061	4938696	50.83
1983	30-34	0.00148	0.00738	2.54	96473	712	480613	4454635	46.17
1983	35-39	0.00189	0.00940	2.62	95761	900	476658	3974023	41.50
1983	40-44	0.00273	0.01359	2.71	94861	1289	471349	3497364	36.87
1983	45-49	0.00433	0.02141	2.65	93572	2004	463147	3026016	32.34
1983	50-54	0.00678	0.03336	2.66	91568	3054	450691	2562869	27.99
1983	55-59	0.01075	0.05243	2.65	88514	4641	431658	2112178	23.86
1983	60-64	0.01599	0.07704	2.64	83873	6461	404093	1680519	20.04
1983	65-69	0.02444	0.11548	2.61	77412	8940	365723	1276427	16.49
1983	70-74	0.03675	0.16883	2.59	68472	11560	314528	910704	13.30
1983	75-79	0.05438	0.23983	2.54	56912	13649	251014	596176	10.48
1983	80-84	0.08560	0.35286	2.51	43263	15266	178345	345162	7.98
1983	85-89	0.13148	0.48967	2.39	27997	13709	104271	166817	5.96
1983	90-94	0.20018	0.64599	2.26	14288	9230	46107	62546	4.38
1983	95-99	0.28745	0.77899	2.06	5058	3940	13707	16439	3.25
1983	100-104	0.39709	0.87915	1.83	1118	983	2475	2732	2.44
1983	105-109	0.51970	0.93893	1.6	135	127	244	257	1.90
1983	110+	0.62136	1.00000	1.61	8	8	13	13	1.61
1984	0	0.01101	0.01090	0.08	100000	1090	98996	7415566	74.16
1984	1-4	0.00063	0.00250	1.64	98910	247	395056	7316570	73.97
1984	5-9	0.00027	0.00135	2.35	98662	133	492960	6921514	70.15
1984	10-14	0.00032	0.00161	2.77	98530	159	492294	6428555	65.24
1984	15-19	0.00094	0.00470	2.88	98371	462	490875	5936261	60.35
1984	20-24	0.00134	0.00666	2.54	97909	652	487942	5445386	55.62
1984	25-29	0.00133	0.00662	2.52	97256	643	484685	4957444	50.97
1984	30-34	0.00150	0.00748	2.53	96613	723	481282	4472758	46.30
1984	35-39	0.00183	0.00910	2.65	95890	873	477398	3991476	41.63
1984	40-44	0.00274	0.01362	2.66	95017	1294	472060	3514079	36.98
1984	45-49	0.00417	0.02065	2.66	93723	1936	464092	3042019	32.46
1984	50-54	0.00670	0.03301	2.68	91787	3030	451898	2577927	28.09
1984	55-59	0.01063	0.05186	2.68	88758	4603	433088	2126028	23.95
1984	60-64	0.01587	0.07649	2.64	84155	6437	405550	1692940	20.12
1984	65-69	0.02398	0.11338	2.6	77718	8811	367477	1287390	16.56
1984	70-74	0.03640	0.16727	2.58	68906	11526	316657	919913	13.35
1984	75-79	0.05386	0.23801	2.56	57380	13657	253547	603256	10.51
1984	80-84	0.08534	0.35201	2.51	43723	15391	180352	349709	8.00
1984	85-89	0.13019	0.48654	2.4	28332	13785	105883	169358	5.98
1984	90-94	0.19999	0.64586	2.26	14547	9396	46981	63475	4.36
1984	95-99	0.29215	0.78499	2.05	5152	4044	13842	16495	3.20
1984	100-104	0.40586	0.88525	1.82	1108	981	2416	2652	2.39
1984	105-109	0.53242	0.94335	1.58	127	120	225	237	1.86
1984	110+	0.63679	1.00000	1.57	7	7	11	11	1.57
1985	0	0.01076	0.01065	0.08	100000	1065	99018	7418081	74.18
1985	1-4	0.00059	0.00235	1.64	98935	233	395189	7319063	73.98
1985	5-9	0.00028	0.00141	2.39	98702	139	493149	6923874	70.15
1985	10-14	0.00033	0.00163	2.81	98563	161	492464	6430725	65.24
1985	15-19	0.00096	0.00479	2.84	98402	471	490994	5938261	60.35
1985	20-24	0.00132	0.00657	2.5	97931	643	488050	5447267	55.62
1985	25-29	0.00137	0.00682	2.48	97288	664	484769	4959217	50.97
1985	30-34	0.00152	0.00758	2.59	96624	733	481358	4474448	46.31
1985	35-39	0.00185	0.00921	2.6	95892	883	477337	3993090	41.64
1985	40-44	0.00277	0.01376	2.66	95009	1307	471988	3515753	37.00
1985	45-49	0.00415	0.02055	2.67	93701	1926	464023	3043765	32.48
1985	50-54	0.00668	0.03287	2.64	91776	3016	451766	2579743	28.11
1985	55-59	0.01047	0.05112	2.66	88759	4537	433187	2127976	23.97
1985	60-64	0.01591	0.07664	2.62	84222	6455	405735	1694789	20.12
1985	65-69	0.02382	0.11263	2.58	77767	8759	367671	1289054	16.58
1985	70-74	0.03648	0.16759	2.58	69009	11565	317040	921383	13.35
1985	75-79	0.05377	0.23766	2.56	57444	13652	253888	604343	10.52
1985	80-84	0.08490	0.35070	2.52	43791	15358	180891	350455	8.00
1985	85-89	0.13047	0.48747	2.41	28434	13861	106239	169564	5.96
1985	90-94	0.20189	0.65186	2.28	14573	9500	47052	63325	4.35
1985	95-99	0.29154	0.78430	2.05	5074	3979	13649	16272	3.21
1985	100-104	0.40532	0.88493	1.82	1094	968	2389	2624	2.40
1985	105-109	0.53210	0.94327	1.58	126	119	223	234	1.86
1985	110+	0.63673	1.00000	1.57	7	7	11	11	1.57
1986	0	0.01031	0.01021	0.08	100000	1021	99058	7440592	74.41
1986	1-4	0.00060	0.00239	1.6	98979	236	395349	7341535	74.17
1986	5-9	0.00027	0.00134	2.42	98743	132	493374	6946186	70.35
1986	10-14	0.00031	0.00155	2.81	98611	153	492719	6452812	65.44
1986	15-19	0.00099	0.00496	2.87	98458	488	491249	5960093	60.53
1986	20-24	0.00137	0.00681	2.47	97969	667	488161	5468844	55.82
1986	25-29	0.00136	0.00676	2.5	97302	658	484868	4980684	51.19
1986	30-34	0.00155	0.00772	2.6	96645	746	481431	4495816	46.52
1986	35-39	0.00190	0.00946	2.62	95899	908	477338	4014385	41.86
1986	40-44	0.00265	0.01316	2.67	94991	1250	472048	3537047	37.24
1986	45-49	0.00408	0.02019	2.66	93741	1892	464284	3064998	32.70
1986	50-54	0.00652	0.03210	2.67	91849	2948	452382	2600715	28.32
1986	55-59	0.01030	0.05028	2.66	88901	4470	434041	2148333	24.17
1986	60-64	0.01571	0.07572	2.6	84431	6393	406839	1714292	20.30
1986	65-69	0.02374	0.11221	2.57	78038	8757	368900	1307453	16.75
1986	70-74	0.03547	0.16336	2.58	69281	11318	319060	938553	13.55
1986	75-79	0.05284	0.23401	2.56	57964	13564	256692	619493	10.69
1986	80-84	0.08183	0.33996	2.51	44399	15094	184447	362801	8.17
1986	85-89	0.12679	0.47722	2.41	29305	13985	110301	178354	6.09
1986	90-94	0.19593	0.63815	2.27	15320	9777	49898	68054	4.44
1986	95-99	0.28444	0.77579	2.07	5544	4301	15120	18155	3.27
1986	100-104	0.39722	0.87967	1.83	1243	1093	2753	3035	2.44
1986	105-109	0.52394	0.94065	1.59	150	141	269	283	1.89
1986	110+	0.62907	1.00000	1.59	9	9	14	14	1.59
1987	0	0.00992	0.00983	0.08	100000	983	99091	7462942	74.63
1987	1-4	0.00055	0.00221	1.63	99017	218	395549	7363851	74.37
1987	5-9	0.00027	0.00135	2.35	98798	133	493638	6968303	70.53
1987	10-14	0.00027	0.00132	2.78	98665	131	493033	6474665	65.62
1987	15-19	0.00091	0.00452	2.87	98534	445	491723	5981631	60.71
1987	20-24	0.00126	0.00630	2.52	98089	618	488912	5489909	55.97
1987	25-29	0.00131	0.00651	2.55	97471	634	485803	5000997	51.31
1987	30-34	0.00150	0.00746	2.55	96837	722	482414	4515194	46.63
1987	35-39	0.00191	0.00949	2.62	96114	912	478404	4032781	41.96
1987	40-44	0.00261	0.01295	2.68	95203	1233	473155	3554376	37.33
1987	45-49	0.00393	0.01945	2.61	93970	1827	465486	3081222	32.79
1987	50-54	0.00651	0.03207	2.67	92142	2955	453814	2615736	28.39
1987	55-59	0.01000	0.04888	2.69	89188	4359	435864	2161922	24.24
1987	60-64	0.01578	0.07603	2.62	84828	6450	408781	1726059	20.35
1987	65-69	0.02367	0.11196	2.59	78379	8775	370789	1317278	16.81
1987	70-74	0.03495	0.16119	2.59	69604	11219	321008	946489	13.60
1987	75-79	0.05244	0.23249	2.56	58384	13574	258866	625481	10.71
1987	80-84	0.08127	0.33793	2.51	44810	15143	186322	366616	8.18
1987	85-89	0.12703	0.47773	2.41	29668	14173	111573	180294	6.08
1987	90-94	0.19569	0.63996	2.3	15494	9916	50671	68722	4.44
1987	95-99	0.28831	0.78071	2.06	5579	4355	15106	18050	3.24
1987	100-104	0.40350	0.88397	1.82	1223	1081	2680	2944	2.41
1987	105-109	0.53217	0.94343	1.58	142	134	252	264	1.86
1987	110+	0.63842	1.00000	1.57	8	8	13	13	1.57
1988	0	0.00987	0.00978	0.08	100000	978	99096	7451012	74.51
1988	1-4	0.00055	0.00221	1.62	99022	219	395566	7351916	74.25
1988	5-9	0.00027	0.00135	2.4	98803	134	493668	6956349	70.41
1988	10-14	0.00030	0.00148	2.86	98669	146	493033	6462681	65.50
1988	15-19	0.00092	0.00461	2.84	98523	454	491636	5969648	60.59
1988	20-24	0.00129	0.00644	2.53	98069	632	488787	5478012	55.86
1988	25-29	0.00139	0.00693	2.51	97437	676	485503	4989225	51.20
1988	30-34	0.00160	0.00795	2.52	96762	769	481902	4503722	46.54
1988	35-39	0.00195	0.00973	2.63	95992	934	477753	4021820	41.90
1988	40-44	0.00262	0.01302	2.64	95059	1238	472369	3544067	37.28
1988	45-49	0.00392	0.01943	2.68	93821	1823	464879	3071698	32.74
1988	50-54	0.00642	0.03164	2.65	91998	2911	453144	2606819	28.34
1988	55-59	0.01022	0.04988	2.63	89087	4443	434910	2153675	24.18
1988	60-64	0.01597	0.07693	2.63	84643	6511	407805	1718765	20.31
1988	65-69	0.02336	0.11067	2.62	78132	8647	370092	1310960	16.78
1988	70-74	0.03454	0.15958	2.62	69485	11089	321056	940868	13.54
1988	75-79	0.05278	0.23392	2.57	58397	13660	258834	619813	10.61
1988	80-84	0.08304	0.34423	2.52	44736	15399	185440	360979	8.07
1988	85-89	0.12998	0.48752	2.44	29337	14302	110033	175539	5.98
1988	90-94	0.19986	0.64476	2.25	15035	9694	48502	65506	4.36
1988	95-99	0.29378	0.78725	2.05	5341	4205	14312	17004	3.18
1988	100-104	0.41055	0.88850	1.81	1136	1010	2459	2691	2.37
1988	105-109	0.54025	0.94597	1.57	127	120	222	232	1.83
1988	110+	0.64686	1.00000	1.55	7	7	11	11	1.55
1989	0	0.01027	0.01017	0.08	100000	1017	99061	7455620	74.56
1989	1-4	0.00057	0.00227	1.61	98983	225	395392	7356559	74.32
1989	5-9	0.00026	0.00132	2.49	98758	131	493461	6961167	70.49
1989	10-14	0.00032	0.00158	2.75	98627	156	492785	6467706	65.58
1989	15-19	0.00098	0.00491	2.75	98471	484	491268	5974921	60.68
1989	20-24	0.00125	0.00625	2.58	97987	612	488458	5483653	55.96
1989	25-29	0.00140	0.00696	2.52	97375	677	485198	4995195	51.30
1989	30-34	0.00165	0.00820	2.62	96698	793	481603	4509997	46.64
1989	35-39	0.00200	0.00994	2.55	95905	953	477192	4028394	42.00
1989	40-44	0.00262	0.01303	2.64	94952	1238	471835	3551202	37.40
1989	45-49	0.00405	0.02004	2.65	93714	1878	464147	3079368	32.86
1989	50-54	0.00636	0.03134	2.67	91836	2878	452485	2615220	28.48
1989	55-59	0.01006	0.04914	2.68	88957	4371	434655	2162735	24.31
1989	60-64	0.01561	0.07528	2.63	84586	6368	407817	1728080	20.43
1989	65-69	0.02340	0.11083	2.62	78218	8669	370429	1320263	16.88
1989	70-74	0.03458	0.15974	2.61	69550	11110	321240	949834	13.66
1989	75-79	0.05180	0.22987	2.55	58440	13434	259332	628594	10.76
1989	80-84	0.08091	0.33709	2.53	45006	15171	187498	369262	8.20
1989	85-89	0.12637	0.47679	2.43	29835	14225	112570	181765	6.09
1989	90-94	0.19485	0.63628	2.27	15610	9932	50973	69194	4.43
1989	95-99	0.29089	0.78402	2.06	5678	4451	15303	18221	3.21
1989	100-104	0.40838	0.88728	1.81	1226	1088	2664	2918	2.38
1989	105-109	0.53919	0.94573	1.57	138	131	242	254	1.84
1989	110+	0.64678	1.00000	1.55	8	8	12	12	1.55
1990	0	0.00944	0.00936	0.07	100000	936	99134	7472600	74.73
1990	1-4	0.00052	0.00209	1.57	99064	207	395751	7373467	74.43
1990	5-9	0.00024	0.00121	2.3	98856	119	493961	6977716	70.58
1990	10-14	0.00030	0.00151	2.92	98737	150	493374	6483755	65.67
1990	15-19	0.00103	0.00515	2.79	98588	507	491818	5990381	60.76
1990	20-24	0.00129	0.00644	2.5	98080	632	488823	5498562	56.06
1990	25-29	0.00141	0.00704	2.53	97449	686	485547	5009739	51.41
1990	30-34	0.00165	0.00823	2.58	96763	796	481890	4524192	46.76
1990	35-39	0.00205	0.01018	2.54	95967	977	477433	4042302	42.12
1990	40-44	0.00262	0.01300	2.61	94990	1234	471999	3564868	37.53
1990	45-49	0.00399	0.01977	2.64	93756	1854	464398	3092869	32.99
1990	50-54	0.00627	0.03092	2.66	91902	2841	452859	2628472	28.60
1990	55-59	0.01007	0.04916	2.63	89060	4378	434903	2175612	24.43
1990	60-64	0.01568	0.07557	2.61	84682	6399	408144	1740709	20.56
1990	65-69	0.02318	0.10975	2.58	78283	8592	370581	1332565	17.02
1990	70-74	0.03382	0.15634	2.59	69691	10896	322160	961984	13.80
1990	75-79	0.05023	0.22381	2.57	58795	13159	262001	639824	10.88
1990	80-84	0.08014	0.33417	2.51	45636	15250	190285	377823	8.28
1990	85-89	0.12394	0.47019	2.43	30386	14287	115271	187538	6.17
1990	90-94	0.19278	0.63177	2.27	16099	10171	52759	72266	4.49
1990	95-99	0.28267	0.77380	2.08	5928	4587	16228	19507	3.29
1990	100-104	0.39656	0.87938	1.84	1341	1179	2974	3279	2.45
1990	105-109	0.52468	0.94100	1.59	162	152	290	305	1.89
1990	110+	0.63096	1.00000	1.58	10	10	15	15	1.58
1991	0	0.00889	0.00881	0.07	100000	881	99183	7486851	74.87
1991	1-4	0.00054	0.00218	1.62	99119	216	395961	7387668	74.53
1991	5-9	0.00023	0.00116	2.3	98903	115	494205	6991708	70.69
1991	10-14	0.00029	0.00145	2.81	98788	144	493628	6497503	65.77
1991	15-19	0.00102	0.00507	2.83	98645	500	492140	6003875	60.86
1991	20-24	0.00136	0.00676	2.52	98145	663	489080	5511735	56.16
1991	25-29	0.00146	0.00726	2.58	97482	708	485691	5022655	51.52
1991	30-34	0.00166	0.00825	2.54	96774	799	481905	4536964	46.88
1991	35-39	0.00204	0.01016	2.54	95975	975	477478	4055058	42.25
1991	40-44	0.00261	0.01298	2.61	95000	1233	472058	3577581	37.66
1991	45-49	0.00409	0.02028	2.68	93767	1902	464421	3105523	33.12
1991	50-54	0.00614	0.03028	2.67	91866	2781	452844	2641102	28.75
1991	55-59	0.00994	0.04855	2.63	89084	4325	435177	2188259	24.56
1991	60-64	0.01546	0.07459	2.63	84760	6322	408819	1753082	20.68
1991	65-69	0.02281	0.10811	2.6	78438	8480	371800	1344263	17.14
1991	70-74	0.03372	0.15592	2.59	69958	10908	323515	972462	13.90
1991	75-79	0.04929	0.22009	2.57	59050	12996	263679	648947	10.99
1991	80-84	0.07925	0.33115	2.52	46054	15251	192444	385268	8.37
1991	85-89	0.12209	0.46522	2.44	30803	14330	117374	192823	6.26
1991	90-94	0.18719	0.62186	2.3	16473	10244	54725	75449	4.58
1991	95-99	0.27896	0.76920	2.08	6229	4791	17176	20724	3.33
1991	100-104	0.39252	0.87670	1.84	1438	1260	3211	3548	2.47
1991	105-109	0.52091	0.93978	1.6	177	167	320	337	1.90
1991	110+	0.62772	1.00000	1.59	11	11	17	17	1.59
1992	0	0.00856	0.00849	0.07	100000	849	99212	7508073	75.08
1992	1-4	0.00048	0.00193	1.6	99151	192	396143	7408861	74.72
1992	5-9	0.00025	0.00124	2.26	98959	123	494460	7012718	70.86
1992	10-14	0.00029	0.00144	2.91	98836	142	493886	6518258	65.95
1992	15-19	0.00100	0.00497	2.85	98695	491	492418	6024372	61.04
1992	20-24	0.00127	0.00634	2.51	98204	622	489467	5531954	56.33
1992	25-29	0.00138	0.00687	2.57	97582	670	486279	5042487	51.67
1992	30-34	0.00165	0.00820	2.58	96911	795	482633	4556208	47.01
1992	35-39	0.00211	0.01049	2.6	96117	1008	478166	4073574	42.38
1992	40-44	0.00273	0.01356	2.6	95108	1290	472447	3595408	37.80
1992	45-49	0.00404	0.02003	2.65	93819	1879	464684	3122961	33.29
1992	50-54	0.00605	0.02982	2.66	91940	2741	453277	2658277	28.91
1992	55-59	0.00984	0.04812	2.69	89199	4292	436079	2205000	24.72
1992	60-64	0.01510	0.07291	2.64	84907	6191	409906	1768922	20.83
1992	65-69	0.02250	0.10675	2.61	78716	8403	373515	1359016	17.26
1992	70-74	0.03337	0.15450	2.61	70313	10863	325562	985501	14.02
1992	75-79	0.04837	0.21661	2.59	59450	12877	266243	659939	11.10
1992	80-84	0.07720	0.32393	2.52	46573	15086	195418	393696	8.45
1992	85-89	0.11986	0.45820	2.43	31486	14427	120366	198278	6.30
1992	90-94	0.18793	0.62525	2.32	17059	10666	56755	77912	4.57
1992	95-99	0.28041	0.77135	2.08	6393	4931	17586	21157	3.31
1992	100-104	0.39671	0.87981	1.84	1462	1286	3242	3571	2.44
1992	105-109	0.52785	0.94224	1.59	176	166	314	330	1.88
1992	110+	0.63656	1.00000	1.57	10	10	16	16	1.57
1993	0	0.00854	0.00847	0.07	100000	847	99214	7483868	74.84
1993	1-4	0.00048	0.00192	1.61	99153	190	396156	7384654	74.48
1993	5-9	0.00024	0.00121	2.49	98963	120	494512	6988497	70.62
1993	10-14	0.00031	0.00156	2.92	98842	154	493891	6493985	65.70
1993	15-19	0.00102	0.00508	2.82	98688	501	492348	6000094	60.80
1993	20-24	0.00129	0.00644	2.48	98187	633	489340	5507746	56.09
1993	25-29	0.00137	0.00685	2.6	97554	668	486172	5018406	51.44
1993	30-34	0.00175	0.00869	2.55	96886	842	482372	4532234	46.78
1993	35-39	0.00219	0.01089	2.63	96045	1046	477745	4049862	42.17
1993	40-44	0.00280	0.01390	2.62	94999	1321	471850	3572117	37.60
1993	45-49	0.00398	0.01973	2.69	93678	1849	464118	3100267	33.09
1993	50-54	0.00606	0.02987	2.63	91830	2743	452659	2636148	28.71
1993	55-59	0.00969	0.04739	2.69	89086	4221	435659	2183489	24.51
1993	60-64	0.01523	0.07351	2.64	84865	6238	409590	1747830	20.60
1993	65-69	0.02258	0.10719	2.63	78626	8428	373173	1338240	17.02
1993	70-74	0.03410	0.15765	2.61	70198	11067	324583	965067	13.75
1993	75-79	0.05022	0.22392	2.58	59132	13241	263674	640484	10.83
1993	80-84	0.08040	0.33522	2.52	45891	15384	191338	376810	8.21
1993	85-89	0.12597	0.47547	2.42	30507	14505	115151	185472	6.08
1993	90-94	0.19695	0.64144	2.28	16002	10264	52118	70321	4.39
1993	95-99	0.29451	0.78864	2.06	5738	4525	15364	18204	3.17
1993	100-104	0.41555	0.89201	1.8	1213	1082	2603	2839	2.34
1993	105-109	0.54976	0.94904	1.55	131	124	226	236	1.80
1993	110+	0.65955	1.00000	1.52	7	7	10	10	1.52
1994	0	0.00812	0.00806	0.07	100000	806	99251	7509393	75.09
1994	1-4	0.00050	0.00200	1.59	99194	199	396295	7410142	74.70
1994	5-9	0.00022	0.00110	2.42	98995	109	494694	7013846	70.85
1994	10-14	0.00025	0.00126	2.94	98886	124	494172	6519152	65.93
1994	15-19	0.00099	0.00493	2.8	98761	487	492736	6024980	61.01
1994	20-24	0.00125	0.00623	2.49	98275	612	489835	5532244	56.29
1994	25-29	0.00134	0.00666	2.59	97662	651	486745	5042409	51.63
1994	30-34	0.00171	0.00852	2.59	97012	826	483064	4555664	46.96
1994	35-39	0.00221	0.01098	2.6	96185	1056	478387	4072600	42.34
1994	40-44	0.00285	0.01414	2.61	95129	1345	472426	3594213	37.78
1994	45-49	0.00397	0.01965	2.62	93784	1843	464543	3121787	33.29
1994	50-54	0.00613	0.03021	2.66	91942	2778	453201	2657244	28.90
1994	55-59	0.00943	0.04615	2.67	89164	4115	436250	2204043	24.72
1994	60-64	0.01491	0.07204	2.65	85049	6127	410824	1767793	20.79
1994	65-69	0.02177	0.10353	2.65	78922	8171	375413	1356969	17.19
1994	70-74	0.03319	0.15376	2.61	70751	10879	327767	981555	13.87
1994	75-79	0.04904	0.21920	2.58	59873	13124	267625	653788	10.92
1994	80-84	0.07954	0.33238	2.53	46748	15538	195348	386163	8.26
1994	85-89	0.12550	0.47473	2.44	31210	14816	118061	190815	6.11
1994	90-94	0.19420	0.63400	2.26	16394	10394	53521	72754	4.44
1994	95-99	0.29112	0.78450	2.06	6000	4707	16169	19233	3.21
1994	100-104	0.41018	0.88855	1.81	1293	1149	2801	3064	2.37
1994	105-109	0.54253	0.94682	1.56	144	136	251	263	1.83
1994	110+	0.65119	1.00000	1.54	8	8	12	12	1.54
1995	0	0.00754	0.00749	0.07	100000	749	99303	7526163	75.26
1995	1-4	0.00044	0.00174	1.56	99251	173	396584	7426860	74.83
1995	5-9	0.00022	0.00108	2.44	99079	107	495119	7030276	70.96
1995	10-14	0.00031	0.00153	2.93	98972	151	494544	6535158	66.03
1995	15-19	0.00094	0.00467	2.81	98820	462	493090	6040614	61.13
1995	20-24	0.00116	0.00578	2.49	98359	568	490368	5547524	56.40
1995	25-29	0.00127	0.00635	2.58	97791	621	487452	5057156	51.71
1995	30-34	0.00165	0.00823	2.62	97170	800	483942	4569704	47.03
1995	35-39	0.00210	0.01047	2.61	96370	1009	479434	4085762	42.40
1995	40-44	0.00286	0.01423	2.64	95361	1357	473596	3606328	37.82
1995	45-49	0.00389	0.01929	2.62	94004	1814	465708	3132732	33.33
1995	50-54	0.00616	0.03036	2.66	92190	2799	454417	2667024	28.93
1995	55-59	0.00934	0.04567	2.64	89392	4082	437317	2212608	24.75
1995	60-64	0.01457	0.07044	2.63	85309	6009	412315	1775291	20.81
1995	65-69	0.02160	0.10275	2.63	79300	8148	377214	1362976	17.19
1995	70-74	0.03300	0.15282	2.58	71152	10873	329455	985762	13.85
1995	75-79	0.04919	0.21931	2.53	60279	13220	268728	656306	10.89
1995	80-84	0.07944	0.33186	2.52	47059	15617	196594	387578	8.24
1995	85-89	0.12631	0.47699	2.43	31442	14997	118732	190984	6.07
1995	90-94	0.19662	0.64011	2.27	16445	10526	53537	72252	4.39
1995	95-99	0.29562	0.78997	2.05	5918	4675	15815	18715	3.16
1995	100-104	0.41713	0.89296	1.8	1243	1110	2661	2900	2.33
1995	105-109	0.55139	0.94950	1.55	133	126	229	239	1.80
1995	110+	0.66100	1.00000	1.51	7	7	10	10	1.51
1996	0	0.00741	0.00735	0.07	100000	735	99315	7545973	75.46
1996	1-4	0.00044	0.00175	1.66	99265	174	396652	7446658	75.02
1996	5-9	0.00024	0.00119	2.34	99091	118	495139	7050006	71.15
1996	10-14	0.00026	0.00128	2.92	98973	126	494601	6554867	66.23
1996	15-19	0.00091	0.00454	2.85	98846	449	493265	6060266	61.31
1996	20-24	0.00111	0.00551	2.45	98398	543	490602	5567001	56.58
1996	25-29	0.00120	0.00596	2.49	97855	583	487811	5076399	51.88
1996	30-34	0.00150	0.00748	2.58	97272	728	484600	4588588	47.17
1996	35-39	0.00202	0.01006	2.64	96544	971	480431	4103988	42.51
1996	40-44	0.00272	0.01350	2.62	95573	1290	474793	3623557	37.91
1996	45-49	0.00392	0.01940	2.63	94283	1829	467085	3148764	33.40
1996	50-54	0.00591	0.02914	2.7	92454	2694	456061	2681678	29.01
1996	55-59	0.00924	0.04520	2.64	89759	4057	439225	2225617	24.80
1996	60-64	0.01459	0.07055	2.65	85702	6046	414330	1786392	20.84
1996	65-69	0.02139	0.10179	2.64	79656	8108	379155	1372062	17.22
1996	70-74	0.03271	0.15162	2.59	71548	10848	331640	992907	13.88
1996	75-79	0.04909	0.21916	2.55	60700	13303	270967	661267	10.89
1996	80-84	0.07901	0.33048	2.53	47397	15664	198246	390299	8.23
1996	85-89	0.12693	0.47778	2.41	31733	15162	119448	192054	6.05
1996	90-94	0.19741	0.64233	2.28	16572	10644	53921	72605	4.38
1996	95-99	0.29665	0.79125	2.05	5927	4690	15810	18685	3.15
1996	100-104	0.41898	0.89412	1.79	1237	1106	2640	2875	2.32
1996	105-109	0.55385	0.95022	1.54	131	124	225	235	1.79
1996	110+	0.66372	1.00000	1.51	7	7	10	10	1.51
1997	0	0.00740	0.00734	0.07	100000	734	99316	7552811	75.53
1997	1-4	0.00042	0.00167	1.59	99266	166	396662	7453495	75.09
1997	5-9	0.00022	0.00110	2.42	99100	109	495218	7056834	71.21
1997	10-14	0.00025	0.00124	2.96	98991	123	494704	6561616	66.29
1997	15-19	0.00090	0.00448	2.88	98868	443	493403	6066912	61.36
1997	20-24	0.00108	0.00540	2.43	98425	531	490760	5573509	56.63
1997	25-29	0.00115	0.00571	2.53	97894	559	488092	5082749	51.92
1997	30-34	0.00134	0.00669	2.63	97335	651	485132	4594657	47.20
1997	35-39	0.00187	0.00930	2.66	96684	899	481315	4109525	42.50
1997	40-44	0.00265	0.01319	2.61	95785	1263	475902	3628211	37.88
1997	45-49	0.00384	0.01902	2.66	94522	1798	468405	3152308	33.35
1997	50-54	0.00577	0.02846	2.66	92724	2639	457443	2683903	28.94
1997	55-59	0.00917	0.04488	2.66	90085	4043	440960	2226460	24.71
1997	60-64	0.01449	0.07009	2.66	86043	6030	416084	1785500	20.75
1997	65-69	0.02140	0.10182	2.63	80012	8147	380732	1369416	17.12
1997	70-74	0.03328	0.15398	2.58	71866	11066	332562	988684	13.76
1997	75-79	0.04968	0.22164	2.57	60800	13476	271233	656123	10.79
1997	80-84	0.08052	0.33575	2.53	47324	15889	197331	384890	8.13
1997	85-89	0.12877	0.48391	2.43	31435	15212	118127	187559	5.97
1997	90-94	0.20332	0.65379	2.27	16223	10606	52166	69432	4.28
1997	95-99	0.30530	0.80123	2.03	5617	4500	14740	17266	3.07
1997	100-104	0.43113	0.90126	1.77	1116	1006	2334	2526	2.26
1997	105-109	0.56827	0.95419	1.52	110	105	185	193	1.75
1997	110+	0.67887	1.00000	1.47	5	5	7	7	1.47
1998	0	0.00747	0.00741	0.07	100000	741	99310	7580897	75.81
1998	1-4	0.00039	0.00154	1.64	99259	153	396673	7481587	75.37
1998	5-9	0.00019	0.00096	2.48	99105	95	495287	7084914	71.49
1998	10-14	0.00024	0.00122	2.87	99010	121	494793	6589628	66.56
1998	15-19	0.00082	0.00409	2.88	98889	404	493588	6094835	61.63
1998	20-24	0.00106	0.00528	2.46	98485	520	491102	5601246	56.87
1998	25-29	0.00103	0.00513	2.58	97965	503	488611	5110144	52.16
1998	30-34	0.00127	0.00635	2.6	97462	619	485823	4621533	47.42
1998	35-39	0.00183	0.00911	2.62	96843	882	482118	4135710	42.71
1998	40-44	0.00260	0.01291	2.7	95961	1239	476960	3653591	38.07
1998	45-49	0.00383	0.01897	2.68	94722	1797	469436	3176631	33.54
1998	50-54	0.00567	0.02799	2.65	92925	2601	458523	2707195	29.13
1998	55-59	0.00890	0.04358	2.64	90325	3937	442323	2248672	24.90
1998	60-64	0.01404	0.06798	2.67	86388	5873	418240	1806349	20.91
1998	65-69	0.02088	0.09943	2.61	80515	8006	383424	1388109	17.24
1998	70-74	0.03274	0.15180	2.61	72509	11007	336211	1004685	13.86
1998	75-79	0.04856	0.21717	2.57	61503	13356	275052	668474	10.87
1998	80-84	0.08012	0.33436	2.53	48146	16098	200936	393422	8.17
1998	85-89	0.12686	0.47820	2.43	32048	15325	120800	192486	6.01
1998	90-94	0.20338	0.65351	2.27	16723	10928	53735	71686	4.29
1998	95-99	0.30251	0.79817	2.04	5794	4625	15289	17951	3.10
1998	100-104	0.42824	0.89971	1.78	1169	1052	2457	2663	2.28
1998	105-109	0.56589	0.95361	1.52	117	112	198	206	1.75
1998	110+	0.67716	1.00000	1.48	5	5	8	8	1.48
1999	0	0.00731	0.00726	0.07	100000	726	99324	7582087	75.82
1999	1-4	0.00040	0.00159	1.68	99274	158	396730	7482763	75.37
1999	5-9	0.00020	0.00101	2.38	99116	100	495318	7086033	71.49
1999	10-14	0.00026	0.00128	2.9	99016	126	494814	6590715	66.56
1999	15-19	0.00077	0.00386	2.91	98889	382	493650	6095901	61.64
1999	20-24	0.00103	0.00513	2.47	98508	505	491262	5602251	56.87
1999	25-29	0.00099	0.00493	2.55	98002	483	488830	5110988	52.15
1999	30-34	0.00127	0.00633	2.6	97519	617	486116	4622158	47.40
1999	35-39	0.00176	0.00875	2.65	96902	848	482516	4136042	42.68
1999	40-44	0.00261	0.01299	2.68	96054	1248	477373	3653526	38.04
1999	45-49	0.00382	0.01892	2.65	94806	1794	469805	3176153	33.50
1999	50-54	0.00561	0.02767	2.69	93012	2574	459120	2706347	29.10
1999	55-59	0.00898	0.04398	2.66	90438	3977	442887	2247228	24.85
1999	60-64	0.01352	0.06551	2.66	86461	5664	419034	1804341	20.87
1999	65-69	0.02073	0.09876	2.61	80797	7980	384928	1385307	17.15
1999	70-74	0.03235	0.15012	2.61	72817	10932	337948	1000379	13.74
1999	75-79	0.04979	0.22250	2.61	61886	13769	276532	662431	10.70
1999	80-84	0.08135	0.33875	2.53	48116	16300	200357	385898	8.02
1999	85-89	0.13245	0.49396	2.43	31817	15716	118658	185541	5.83
1999	90-94	0.21050	0.66736	2.26	16101	10745	51046	66883	4.15
1999	95-99	0.31900	0.81628	2.01	5356	4372	13705	15837	2.96
1999	100-104	0.45159	0.91237	1.73	984	898	1988	2132	2.17
1999	105-109	0.59344	0.96044	1.48	86	83	140	144	1.67
1999	110+	0.70566	1.00000	1.42	3	3	5	5	1.42
2000	0	0.00703	0.00698	0.07	100000	698	99349	7582102	75.82
2000	1-4	0.00040	0.00160	1.61	99302	159	396828	7482753	75.35
2000	5-9	0.00019	0.00094	2.35	99143	93	495469	7085924	71.47
2000	10-14	0.00022	0.00112	2.82	99050	111	495007	6590456	66.54
2000	15-19	0.00078	0.00391	2.84	98939	387	493856	6095449	61.61
2000	20-24	0.00108	0.00540	2.42	98551	532	491382	5601593	56.84
2000	25-29	0.00106	0.00526	2.55	98019	516	488832	5110211	52.13
2000	30-34	0.00127	0.00635	2.66	97503	619	486067	4621379	47.40
2000	35-39	0.00175	0.00871	2.65	96884	844	482436	4135312	42.68
2000	40-44	0.00266	0.01321	2.67	96040	1269	477250	3652877	38.03
2000	45-49	0.00394	0.01952	2.67	94771	1850	469544	3175626	33.51
2000	50-54	0.00563	0.02778	2.65	92921	2581	458547	2706082	29.12
2000	55-59	0.00911	0.04463	2.67	90340	4032	442312	2247535	24.88
2000	60-64	0.01365	0.06615	2.65	86309	5709	418140	1805224	20.92
2000	65-69	0.02058	0.09810	2.62	80599	7907	384154	1387083	17.21
2000	70-74	0.03121	0.14522	2.6	72693	10556	338180	1002930	13.80
2000	75-79	0.04915	0.21958	2.57	62136	13644	277594	664750	10.70
2000	80-84	0.08137	0.33875	2.53	48492	16427	201869	387156	7.98
2000	85-89	0.13325	0.49677	2.44	32066	15929	119547	185287	5.78
2000	90-94	0.21609	0.67668	2.24	16136	10919	50530	65740	4.07
2000	95-99	0.32414	0.82168	2	5217	4287	13225	15210	2.92
2000	100-104	0.45933	0.91626	1.72	930	852	1856	1984	2.13
2000	105-109	0.60285	0.96255	1.46	78	75	124	128	1.65
2000	110+	0.71548	1.00000	1.4	3	3	4	4	1.40
2001	0	0.00695	0.00690	0.07	100000	690	99357	7591483	75.91
2001	1-4	0.00043	0.00170	1.65	99310	169	396844	7492126	75.44
2001	5-9	0.00019	0.00093	2.47	99141	92	495473	7095282	71.57
2001	10-14	0.00022	0.00112	2.77	99049	111	494997	6599810	66.63
2001	15-19	0.00077	0.00384	2.85	98938	380	493871	6104812	61.70
2001	20-24	0.00103	0.00513	2.47	98558	505	491512	5610942	56.93
2001	25-29	0.00109	0.00544	2.5	98052	534	488930	5119430	52.21
2001	30-34	0.00125	0.00621	2.58	97519	606	486130	4630500	47.48
2001	35-39	0.00180	0.00897	2.61	96913	870	482488	4144370	42.76
2001	40-44	0.00264	0.01314	2.66	96043	1262	477261	3661882	38.13
2001	45-49	0.00389	0.01926	2.66	94781	1825	469631	3184621	33.60
2001	50-54	0.00578	0.02851	2.65	92956	2650	458548	2714990	29.21
2001	55-59	0.00881	0.04315	2.68	90306	3897	442505	2256442	24.99
2001	60-64	0.01353	0.06554	2.62	86409	5663	418586	1813937	20.99
2001	65-69	0.02029	0.09678	2.62	80745	7815	385120	1395350	17.28
2001	70-74	0.03095	0.14412	2.62	72931	10511	339627	1010230	13.85
2001	75-79	0.04892	0.21872	2.58	62420	13653	279099	670603	10.74
2001	80-84	0.08038	0.33564	2.54	48767	16369	203645	391505	8.03
2001	85-89	0.13235	0.49414	2.44	32399	16010	120968	187860	5.80
2001	90-94	0.21557	0.67696	2.25	16389	11095	51469	66892	4.08
2001	95-99	0.32438	0.82198	2	5294	4352	13416	15423	2.91
2001	100-104	0.45999	0.91659	1.72	943	864	1878	2008	2.13
2001	105-109	0.60362	0.96272	1.46	79	76	125	129	1.65
2001	110+	0.71615	1.00000	1.4	3	3	4	4	1.40
2002	0	0.00732	0.00727	0.07	100000	727	99323	7589475	75.89
2002	1-4	0.00037	0.00148	1.6	99273	146	396740	7490153	75.45
2002	5-9	0.00017	0.00087	2.56	99126	86	495421	7093412	71.56
2002	10-14	0.00024	0.00119	2.8	99040	118	494942	6597991	66.62
2002	15-19	0.00079	0.00395	2.94	98922	391	493808	6103049	61.70
2002	20-24	0.00108	0.00536	2.53	98532	528	491355	5609242	56.93
2002	25-29	0.00112	0.00557	2.51	98003	545	488659	5117886	52.22
2002	30-34	0.00125	0.00621	2.54	97458	605	485801	4629227	47.50
2002	35-39	0.00182	0.00906	2.65	96853	878	482207	4143426	42.78
2002	40-44	0.00271	0.01349	2.66	95975	1294	476844	3661219	38.15
2002	45-49	0.00397	0.01965	2.64	94681	1861	469010	3184375	33.63
2002	50-54	0.00583	0.02876	2.62	92820	2670	457756	2715364	29.25
2002	55-59	0.00886	0.04340	2.68	90150	3912	441695	2257608	25.04
2002	60-64	0.01335	0.06468	2.63	86238	5578	417945	1815913	21.06
2002	65-69	0.01987	0.09488	2.62	80661	7653	385097	1397968	17.33
2002	70-74	0.03097	0.14407	2.58	73008	10518	339606	1012872	13.87
2002	75-79	0.04791	0.21468	2.58	62490	13415	280017	673266	10.77
2002	80-84	0.08072	0.33678	2.54	49075	16527	204753	393249	8.01
2002	85-89	0.13242	0.49412	2.43	32547	16082	121447	188496	5.79
2002	90-94	0.21559	0.67649	2.25	16465	11138	51664	67049	4.07
2002	95-99	0.32756	0.82517	1.99	5327	4395	13418	15385	2.89
2002	100-104	0.46425	0.91861	1.71	931	855	1843	1966	2.11
2002	105-109	0.60837	0.96372	1.46	76	73	120	124	1.63
2002	110+	0.72081	1.00000	1.39	3	3	4	4	1.39
2003	0	0.00738	0.00733	0.07	100000	733	99318	7607954	76.08
2003	1-4	0.00040	0.00159	1.66	99267	158	396699	7508637	75.64
2003	5-9	0.00018	0.00088	2.32	99109	87	495313	7111937	71.76
2003	10-14	0.00021	0.00106	2.81	99022	105	494881	6616625	66.82
2003	15-19	0.00076	0.00377	2.98	98917	373	493835	6121744	61.89
2003	20-24	0.00107	0.00534	2.52	98544	526	491415	5627909	57.11
2003	25-29	0.00111	0.00552	2.58	98018	541	488785	5136494	52.40
2003	30-34	0.00129	0.00645	2.58	97478	629	485870	4647708	47.68
2003	35-39	0.00185	0.00922	2.64	96849	893	482138	4161839	42.97
2003	40-44	0.00268	0.01330	2.64	95956	1276	476772	3679700	38.35
2003	45-49	0.00401	0.01986	2.63	94680	1880	468951	3202929	33.83
2003	50-54	0.00577	0.02847	2.6	92800	2642	457659	2733978	29.46
2003	55-59	0.00857	0.04199	2.66	90158	3786	441919	2276319	25.25
2003	60-64	0.01322	0.06408	2.63	86373	5535	418738	1834400	21.24
2003	65-69	0.01953	0.09330	2.61	80838	7542	386190	1415662	17.51
2003	70-74	0.02997	0.13981	2.61	73296	10247	341952	1029472	14.05
2003	75-79	0.04714	0.21160	2.58	63049	13341	283004	687521	10.90
2003	80-84	0.07770	0.32644	2.55	49707	16226	208837	404517	8.14
2003	85-89	0.13112	0.49095	2.44	33481	16437	125360	195680	5.84
2003	90-94	0.21150	0.67211	2.29	17044	11455	54161	70320	4.13
2003	95-99	0.32683	0.82491	2	5588	4610	14105	16159	2.89
2003	100-104	0.46713	0.92026	1.71	978	900	1928	2054	2.10
2003	105-109	0.61505	0.96523	1.45	78	75	122	126	1.62
2003	110+	0.72978	1.00000	1.37	3	3	4	4	1.37
2004	0	0.00733	0.00729	0.07	100000	729	99322	7644093	76.44
2004	1-4	0.00037	0.00149	1.56	99271	148	396726	7544771	76.00
2004	5-9	0.00019	0.00095	2.27	99124	94	495363	7148045	72.11
2004	10-14	0.00022	0.00109	2.85	99030	108	494916	6652682	67.18
2004	15-19	0.00073	0.00366	2.94	98921	362	493864	6157766	62.25
2004	20-24	0.00106	0.00529	2.45	98560	522	491468	5663902	57.47
2004	25-29	0.00116	0.00578	2.52	98038	567	488787	5172434	52.76
2004	30-34	0.00128	0.00639	2.62	97471	623	485871	4683647	48.05
2004	35-39	0.00170	0.00847	2.66	96848	820	482321	4197776	43.34
2004	40-44	0.00269	0.01337	2.67	96028	1284	477147	3715456	38.69
2004	45-49	0.00396	0.01960	2.63	94744	1857	469329	3238309	34.18
2004	50-54	0.00575	0.02838	2.61	92887	2636	458148	2768980	29.81
2004	55-59	0.00825	0.04047	2.67	90252	3653	442751	2310831	25.60
2004	60-64	0.01294	0.06276	2.62	86599	5435	420079	1868081	21.57
2004	65-69	0.01891	0.09051	2.62	81164	7346	388373	1448002	17.84
2004	70-74	0.02864	0.13403	2.62	73818	9894	345517	1059629	14.35
2004	75-79	0.04513	0.20357	2.6	63924	13013	288338	714112	11.17
2004	80-84	0.07487	0.31660	2.56	50911	16118	215288	425773	8.36
2004	85-89	0.12369	0.47057	2.46	34793	16373	132364	210485	6.05
2004	90-94	0.20468	0.65755	2.28	18421	12112	59177	78121	4.24
2004	95-99	0.31293	0.81054	2.03	6308	5113	16339	18944	3.00
2004	100-104	0.44870	0.91130	1.74	1195	1089	2427	2605	2.18
2004	105-109	0.59424	0.96079	1.48	106	102	171	177	1.67
2004	110+	0.70907	1.00000	1.41	4	4	6	6	1.41
2005	0	0.00741	0.00736	0.07	100000	736	99315	7637700	76.38
2005	1-4	0.00035	0.00140	1.59	99264	139	396722	7538385	75.94
2005	5-9	0.00017	0.00087	2.5	99125	86	495410	7141662	72.05
2005	10-14	0.00021	0.00105	2.88	99039	104	494975	6646252	67.11
2005	15-19	0.00074	0.00368	2.95	98935	365	493929	6151277	62.17
2005	20-24	0.00110	0.00546	2.52	98571	539	491517	5657348	57.39
2005	25-29	0.00114	0.00566	2.46	98032	555	488748	5165831	52.70
2005	30-34	0.00128	0.00639	2.55	97477	623	485857	4677082	47.98
2005	35-39	0.00171	0.00852	2.67	96854	825	482346	4191226	43.27
2005	40-44	0.00274	0.01360	2.67	96029	1306	477106	3708880	38.62
2005	45-49	0.00404	0.02001	2.65	94723	1895	469158	3231774	34.12
2005	50-54	0.00584	0.02878	2.63	92828	2672	457801	2762615	29.76
2005	55-59	0.00833	0.04087	2.63	90156	3684	442042	2304814	25.56
2005	60-64	0.01283	0.06229	2.64	86471	5386	419651	1862772	21.54
2005	65-69	0.01852	0.08870	2.63	81085	7192	388362	1443121	17.80
2005	70-74	0.02886	0.13506	2.63	73893	9980	345801	1054759	14.27
2005	75-79	0.04498	0.20309	2.61	63913	12980	288577	708958	11.09
2005	80-84	0.07555	0.31891	2.56	50933	16243	214989	420380	8.25
2005	85-89	0.12692	0.47918	2.44	34690	16623	130966	205391	5.92
2005	90-94	0.21229	0.67174	2.27	18067	12137	57170	74425	4.12
2005	95-99	0.32443	0.82267	2	5931	4879	15039	17255	2.91
2005	100-104	0.46516	0.91942	1.71	1052	967	2079	2216	2.11
2005	105-109	0.61356	0.96495	1.45	85	82	133	137	1.62
2005	110+	0.72865	1.00000	1.37	3	3	4	4	1.37
2006	0	0.00737	0.00732	0.07	100000	732	99318	7678293	76.78
2006	1-4	0.00033	0.00133	1.66	99268	132	396760	7578975	76.35
2006	5-9	0.00017	0.00083	2.3	99135	82	495455	7182215	72.45
2006	10-14	0.00020	0.00100	2.83	99053	99	495052	6686760	67.51
2006	15-19	0.00070	0.00349	3.01	98954	346	494082	6191708	62.57
2006	20-24	0.00112	0.00559	2.52	98608	551	491672	5697626	57.78
2006	25-29	0.00116	0.00577	2.53	98057	565	488886	5205953	53.09
2006	30-34	0.00133	0.00661	2.58	97492	644	485900	4717067	48.38
2006	35-39	0.00168	0.00836	2.61	96847	810	482298	4231168	43.69
2006	40-44	0.00259	0.01289	2.65	96038	1238	477284	3748870	39.04
2006	45-49	0.00391	0.01939	2.66	94800	1838	469695	3271586	34.51
2006	50-54	0.00581	0.02864	2.61	92961	2662	458446	2801891	30.14
2006	55-59	0.00822	0.04034	2.67	90299	3643	442997	2343445	25.95
2006	60-64	0.01219	0.05924	2.66	86656	5134	421258	1900448	21.93
2006	65-69	0.01771	0.08496	2.62	81523	6926	391123	1479190	18.14
2006	70-74	0.02723	0.12786	2.62	74596	9538	350239	1088067	14.59
2006	75-79	0.04351	0.19692	2.59	65058	12811	294413	737828	11.34
2006	80-84	0.07213	0.30659	2.56	52247	16018	222082	443414	8.49
2006	85-89	0.12101	0.46287	2.46	36229	16769	138574	221333	6.11
2006	90-94	0.20387	0.65694	2.29	19459	12784	62706	82758	4.25
2006	95-99	0.31261	0.81054	2.03	6676	5411	17309	20052	3.00
2006	100-104	0.45096	0.91266	1.74	1265	1154	2560	2743	2.17
2006	105-109	0.59902	0.96195	1.47	110	106	177	183	1.66
2006	110+	0.71528	1.00000	1.4	4	4	6	6	1.40
2007	0	0.00734	0.00729	0.07	100000	729	99321	7687526	76.88
2007	1-4	0.00036	0.00144	1.57	99271	143	396737	7588205	76.44
2007	5-9	0.00016	0.00082	2.35	99128	81	495425	7191468	72.55
2007	10-14	0.00019	0.00094	2.84	99047	93	495032	6696043	67.60
2007	15-19	0.00069	0.00345	3.02	98953	342	494089	6201011	62.67
2007	20-24	0.00112	0.00557	2.57	98612	549	491724	5706922	57.87
2007	25-29	0.00120	0.00596	2.59	98062	585	488903	5215198	53.18
2007	30-34	0.00129	0.00644	2.56	97478	627	485860	4726295	48.49
2007	35-39	0.00169	0.00840	2.63	96850	814	482323	4240435	43.78
2007	40-44	0.00255	0.01265	2.67	96036	1215	477347	3758112	39.13
2007	45-49	0.00390	0.01930	2.66	94821	1830	469824	3280765	34.60
2007	50-54	0.00575	0.02837	2.63	92991	2638	458689	2810941	30.23
2007	55-59	0.00816	0.04002	2.63	90353	3616	443192	2352251	26.03
2007	60-64	0.01210	0.05881	2.65	86737	5101	421718	1909059	22.01
2007	65-69	0.01769	0.08488	2.62	81636	6930	391671	1487341	18.22
2007	70-74	0.02672	0.12558	2.61	74706	9382	351088	1095670	14.67
2007	75-79	0.04276	0.19382	2.59	65325	12661	296124	744582	11.40
2007	80-84	0.07168	0.30511	2.56	52664	16068	224172	448458	8.52
2007	85-89	0.12106	0.46308	2.46	36595	16946	139979	224285	6.13
2007	90-94	0.20065	0.64942	2.28	19649	12761	63596	84306	4.29
2007	95-99	0.31216	0.81021	2.03	6888	5581	17879	20710	3.01
2007	100-104	0.45163	0.91311	1.74	1307	1194	2643	2831	2.17
2007	105-109	0.60104	0.96245	1.47	114	109	182	188	1.65
2007	110+	0.71822	1.00000	1.39	4	4	6	6	1.39
2008	0	0.00693	0.00689	0.07	100000	689	99358	7686737	76.87
2008	1-4	0.00037	0.00149	1.53	99311	148	396880	7587379	76.40
2008	5-9	0.00015	0.00074	2.37	99163	73	495624	7190500	72.51
2008	10-14	0.00016	0.00080	2.89	99090	80	495282	6694876	67.56
2008	15-19	0.00068	0.00340	3.02	99010	337	494384	6199594	62.62
2008	20-24	0.00109	0.00545	2.51	98673	538	492029	5705209	57.82
2008	25-29	0.00116	0.00581	2.51	98135	570	489258	5213180	53.12
2008	30-34	0.00128	0.00639	2.55	97565	624	486296	4723922	48.42
2008	35-39	0.00167	0.00830	2.58	96942	805	482763	4237626	43.71
2008	40-44	0.00251	0.01248	2.71	96137	1200	477934	3754863	39.06
2008	45-49	0.00387	0.01918	2.65	94937	1820	470415	3276929	34.52
2008	50-54	0.00581	0.02867	2.64	93116	2670	459271	2806514	30.14
2008	55-59	0.00821	0.04027	2.59	90447	3643	443458	2347243	25.95
2008	60-64	0.01223	0.05945	2.65	86804	5161	421905	1903785	21.93
2008	65-69	0.01786	0.08565	2.61	81643	6992	391481	1481880	18.15
2008	70-74	0.02707	0.12717	2.62	74651	9493	350693	1090399	14.61
2008	75-79	0.04311	0.19528	2.59	65158	12724	295169	739706	11.35
2008	80-84	0.07158	0.30480	2.57	52434	15982	223268	444537	8.48
2008	85-89	0.12251	0.46772	2.47	36452	17049	139167	221268	6.07
2008	90-94	0.20466	0.65822	2.29	19402	12771	62400	82101	4.23
2008	95-99	0.31650	0.81483	2.02	6631	5403	17072	19701	2.97
2008	100-104	0.45724	0.91584	1.73	1228	1125	2460	2629	2.14
2008	105-109	0.60682	0.96365	1.46	103	100	164	169	1.64
2008	110+	0.72340	1.00000	1.38	4	4	5	5	1.38
2009	0	0.00683	0.00679	0.07	100000	679	99367	7729109	77.29
2009	1-4	0.00034	0.00136	1.64	99321	135	396967	7629742	76.82
2009	5-9	0.00014	0.00071	2.32	99187	71	495743	7232774	72.92
2009	10-14	0.00019	0.00096	2.75	99116	95	495365	6737032	67.97
2009	15-19	0.00063	0.00314	3	99020	311	494482	6241667	63.03
2009	20-24	0.00103	0.00515	2.56	98710	508	492310	5747185	58.22
2009	25-29	0.00112	0.00556	2.56	98202	546	489675	5254875	53.51
2009	30-34	0.00127	0.00633	2.54	97655	618	486760	4765201	48.80
2009	35-39	0.00162	0.00804	2.61	97037	781	483325	4278441	44.09
2009	40-44	0.00240	0.01192	2.66	96257	1147	478605	3795116	39.43
2009	45-49	0.00384	0.01901	2.69	95110	1808	471364	3316511	34.87
2009	50-54	0.00574	0.02831	2.65	93302	2642	460290	2845147	30.49
2009	55-59	0.00825	0.04047	2.61	90660	3669	444545	2384857	26.31
2009	60-64	0.01177	0.05726	2.62	86992	4981	423084	1940311	22.30
2009	65-69	0.01726	0.08283	2.58	82011	6793	393602	1517228	18.50
2009	70-74	0.02622	0.12338	2.61	75218	9281	353938	1123626	14.94
2009	75-79	0.04125	0.18766	2.6	65937	12374	299950	769688	11.67
2009	80-84	0.06803	0.29206	2.58	53563	15644	229954	469738	8.77
2009	85-89	0.11588	0.44904	2.49	37919	17027	146941	239784	6.32
2009	90-94	0.19246	0.63420	2.31	20892	13250	68845	92843	4.44
2009	95-99	0.29679	0.79296	2.06	7642	6060	20419	23998	3.14
2009	100-104	0.43090	0.90207	1.78	1582	1427	3312	3579	2.26
2009	105-109	0.57722	0.95691	1.51	155	148	257	266	1.72
2009	110+	0.69412	1.00000	1.44	7	7	10	10	1.44
2010	0	0.00659	0.00655	0.07	100000	655	99389	7747365	77.47
2010	1-4	0.00031	0.00125	1.58	99345	124	397081	7647976	76.98
2010	5-9	0.00012	0.00062	2.39	99221	61	495947	7250896	73.08
2010	10-14	0.00016	0.00082	2.86	99160	81	495627	6754948	68.12
2010	15-19	0.00056	0.00279	3	99079	276	494841	6259322	63.18
2010	20-24	0.00099	0.00494	2.63	98803	488	492857	5764481	58.34
2010	25-29	0.00106	0.00531	2.53	98315	522	490286	5271623	53.62
2010	30-34	0.00125	0.00625	2.56	97793	611	487471	4781337	48.89
2010	35-39	0.00159	0.00791	2.63	97181	768	484088	4293867	44.18
2010	40-44	0.00226	0.01125	2.7	96413	1084	479570	3809779	39.52
2010	45-49	0.00362	0.01796	2.68	95329	1712	472678	3330209	34.93
2010	50-54	0.00572	0.02822	2.63	93616	2642	461816	2857531	30.52
2010	55-59	0.00821	0.04025	2.64	90974	3662	446246	2395715	26.33
2010	60-64	0.01162	0.05653	2.65	87312	4936	424950	1949469	22.33
2010	65-69	0.01731	0.08311	2.61	82376	6846	395503	1524518	18.51
2010	70-74	0.02563	0.12076	2.61	75530	9121	355870	1129015	14.95
2010	75-79	0.04121	0.18744	2.59	66409	12447	302038	773145	11.64
2010	80-84	0.06808	0.29214	2.57	53961	15764	231549	471107	8.73
2010	85-89	0.11607	0.44899	2.48	38197	17150	147761	239558	6.27
2010	90-94	0.19700	0.64286	2.3	21047	13530	68683	91797	4.36
2010	95-99	0.30394	0.80140	2.05	7517	6024	19820	23114	3.08
2010	100-104	0.44246	0.90854	1.76	1493	1356	3065	3294	2.21
2010	105-109	0.59212	0.96053	1.48	137	131	221	229	1.68
2010	110+	0.71027	1.00000	1.41	5	5	8	8	1.41
2011	0	0.00624	0.00620	0.07	100000	620	99421	7764608	77.65
2011	1-4	0.00033	0.00131	1.64	99380	130	397213	7665188	77.13
2011	5-9	0.00013	0.00067	2.43	99250	66	496079	7267974	73.23
2011	10-14	0.00016	0.00080	2.88	99184	79	495750	6771896	68.28
2011	15-19	0.00054	0.00271	3.03	99104	269	494991	6276146	63.33
2011	20-24	0.00097	0.00486	2.53	98836	480	492993	5781155	58.49
2011	25-29	0.00105	0.00526	2.56	98355	517	490515	5288162	53.77
2011	30-34	0.00125	0.00622	2.59	97838	609	487723	4797647	49.04
2011	35-39	0.00151	0.00750	2.62	97229	729	484412	4309924	44.33
2011	40-44	0.00224	0.01112	2.64	96499	1073	479966	3825512	39.64
2011	45-49	0.00358	0.01777	2.7	95426	1696	473224	3345547	35.06
2011	50-54	0.00566	0.02792	2.67	93731	2617	462548	2872323	30.64
2011	55-59	0.00822	0.04030	2.63	91114	3672	446859	2409775	26.45
2011	60-64	0.01169	0.05690	2.66	87442	4975	425551	1962916	22.45
2011	65-69	0.01693	0.08144	2.66	82467	6716	396639	1537365	18.64
2011	70-74	0.02573	0.12122	2.61	75751	9182	356807	1140727	15.06
2011	75-79	0.03997	0.18246	2.61	66568	12146	303863	783919	11.78
2011	80-84	0.06630	0.28565	2.58	54422	15546	234473	480056	8.82
2011	85-89	0.11470	0.44539	2.49	38876	17315	150961	245583	6.32
2011	90-94	0.19479	0.64034	2.33	21561	13807	70879	94622	4.39
2011	95-99	0.30522	0.80317	2.05	7755	6228	20406	23744	3.06
2011	100-104	0.44678	0.91101	1.75	1526	1391	3112	3338	2.19
2011	105-109	0.59926	0.96221	1.47	136	131	218	225	1.66
2011	110+	0.71885	1.00000	1.39	5	5	7	7	1.39
2012	0	0.00641	0.00637	0.07	100000	637	99405	7765907	77.66
2012	1-4	0.00033	0.00131	1.58	99363	130	397138	7666501	77.16
2012	5-9	0.00013	0.00065	2.33	99233	65	495993	7269363	73.26
2012	10-14	0.00016	0.00080	2.78	99168	80	495665	6773370	68.30
2012	15-19	0.00054	0.00267	3.01	99089	265	494917	6277705	63.35
2012	20-24	0.00097	0.00484	2.55	98824	478	492947	5782788	58.52
2012	25-29	0.00110	0.00547	2.58	98346	538	490424	5289841	53.79
2012	30-34	0.00121	0.00604	2.56	97807	591	487596	4799417	49.07
2012	35-39	0.00154	0.00767	2.61	97217	746	484299	4311821	44.35
2012	40-44	0.00220	0.01096	2.62	96471	1057	479842	3827522	39.68
2012	45-49	0.00354	0.01757	2.69	95414	1676	473192	3347681	35.09
2012	50-54	0.00560	0.02762	2.63	93737	2589	462559	2874489	30.67
2012	55-59	0.00837	0.04105	2.63	91148	3741	446876	2411930	26.46
2012	60-64	0.01159	0.05638	2.62	87406	4928	425302	1965054	22.48
2012	65-69	0.01681	0.08085	2.64	82478	6668	396641	1539752	18.67
2012	70-74	0.02540	0.11975	2.62	75810	9078	357430	1143111	15.08
2012	75-79	0.04019	0.18341	2.62	66732	12239	304544	785681	11.77
2012	80-84	0.06619	0.28521	2.58	54493	15542	234822	481137	8.83
2012	85-89	0.11466	0.44481	2.48	38951	17326	151105	246315	6.32
2012	90-94	0.19416	0.63829	2.32	21625	13803	71090	95210	4.40
2012	95-99	0.30277	0.80033	2.06	7822	6260	20676	24120	3.08
2012	100-104	0.44273	0.90884	1.76	1562	1419	3206	3444	2.21
2012	105-109	0.59400	0.96102	1.48	142	137	230	238	1.67
2012	110+	0.71317	1.00000	1.4	6	6	8	8	1.40
2013	0	0.00644	0.00641	0.07	100000	641	99402	7761945	77.62
2013	1-4	0.00031	0.00123	1.61	99359	123	397145	7662543	77.12
2013	5-9	0.00014	0.00070	2.4	99237	70	496003	7265398	73.21
2013	10-14	0.00016	0.00079	2.9	99167	78	495670	6769395	68.26
2013	15-19	0.00054	0.00271	2.96	99089	268	494895	6273725	63.31
2013	20-24	0.00091	0.00455	2.53	98821	449	492992	5778829	58.48
2013	25-29	0.00106	0.00527	2.52	98371	519	490568	5285837	53.73
2013	30-34	0.00127	0.00633	2.59	97852	620	487770	4795269	49.01
2013	35-39	0.00157	0.00781	2.6	97233	760	484342	4307499	44.30
2013	40-44	0.00225	0.01119	2.63	96473	1079	479801	3823157	39.63
2013	45-49	0.00354	0.01757	2.7	95393	1676	473120	3343356	35.05
2013	50-54	0.00560	0.02766	2.66	93718	2592	462516	2870236	30.63
2013	55-59	0.00849	0.04160	2.62	91125	3791	446588	2407720	26.42
2013	60-64	0.01182	0.05746	2.61	87335	5018	424662	1961132	22.46
2013	65-69	0.01699	0.08168	2.63	82317	6724	395627	1536470	18.67
2013	70-74	0.02572	0.12110	2.59	75593	9154	355920	1140844	15.09
2013	75-79	0.04034	0.18396	2.61	66439	12222	302994	784924	11.81
2013	80-84	0.06552	0.28312	2.6	54217	15350	234283	481930	8.89
2013	85-89	0.11350	0.44182	2.49	38867	17172	151303	247647	6.37
2013	90-94	0.19136	0.63084	2.3	21695	13686	71522	96343	4.44
2013	95-99	0.30097	0.79832	2.06	8009	6394	21244	24822	3.10
2013	100-104	0.44058	0.90771	1.76	1615	1466	3328	3578	2.22
2013	105-109	0.59163	0.96048	1.48	149	143	242	250	1.68
2013	110+	0.71079	1.00000	1.41	6	6	8	8	1.41
2014	0	0.00647	0.00644	0.07	100000	644	99399	7766549	77.67
2014	1-4	0.00028	0.00114	1.67	99356	113	397163	7667150	77.17
2014	5-9	0.00014	0.00072	2.43	99243	71	496034	7269987	73.25
2014	10-14	0.00017	0.00083	2.85	99172	82	495684	6773953	68.31
2014	15-19	0.00053	0.00265	2.97	99090	263	494916	6278269	63.36
2014	20-24	0.00091	0.00454	2.59	98827	448	493056	5783354	58.52
2014	25-29	0.00107	0.00534	2.58	98379	525	490625	5290298	53.77
2014	30-34	0.00128	0.00637	2.61	97854	623	487779	4799673	49.05
2014	35-39	0.00161	0.00804	2.59	97230	781	484267	4311894	44.35
2014	40-44	0.00226	0.01122	2.65	96449	1082	479700	3827627	39.69
2014	45-49	0.00355	0.01761	2.67	95366	1679	472913	3347926	35.11
2014	50-54	0.00569	0.02809	2.65	93687	2631	462266	2875013	30.69
2014	55-59	0.00857	0.04199	2.62	91056	3823	446180	2412747	26.50
2014	60-64	0.01204	0.05853	2.6	87233	5106	423914	1966567	22.54
2014	65-69	0.01674	0.08045	2.61	82127	6607	394813	1542653	18.78
2014	70-74	0.02565	0.12087	2.62	75520	9128	355852	1147840	15.20
2014	75-79	0.03987	0.18211	2.62	66391	12090	303235	791988	11.93
2014	80-84	0.06429	0.27834	2.59	54301	15114	235106	488753	9.00
2014	85-89	0.11086	0.43393	2.5	39187	17004	153392	253647	6.47
2014	90-94	0.18778	0.62460	2.32	22183	13855	73786	100255	4.52
2014	95-99	0.29228	0.78806	2.08	8328	6563	22453	26469	3.18
2014	100-104	0.42796	0.90067	1.79	1765	1590	3714	4016	2.28
2014	105-109	0.57641	0.95682	1.51	175	168	291	302	1.72
2014	110+	0.69494	1.00000	1.44	8	8	11	11	1.44
2015	0	0.00628	0.00624	0.07	100000	624	99417	7767889	77.68
2015	1-4	0.00030	0.00122	1.49	99376	121	397199	7668472	77.17
2015	5-9	0.00014	0.00072	2.24	99255	71	496077	7271273	73.26
2015	10-14	0.00016	0.00080	2.89	99183	80	495749	6775196	68.31
2015	15-19	0.00054	0.00271	3.05	99104	269	494995	6279446	63.36
2015	20-24	0.00095	0.00474	2.53	98835	469	493019	5784452	58.53
2015	25-29	0.00108	0.00537	2.57	98366	528	490548	5291432	53.79
2015	30-34	0.00135	0.00672	2.61	97838	658	487619	4800884	49.07
2015	35-39	0.00169	0.00841	2.6	97181	817	483943	4313265	44.38
2015	40-44	0.00222	0.01104	2.66	96363	1063	479324	3829322	39.74
2015	45-49	0.00346	0.01719	2.7	95300	1638	472731	3349998	35.15
2015	50-54	0.00559	0.02757	2.68	93662	2582	462332	2877267	30.72
2015	55-59	0.00850	0.04168	2.64	91080	3796	446448	2414935	26.51
2015	60-64	0.01204	0.05852	2.61	87284	5107	424233	1968487	22.55
2015	65-69	0.01684	0.08094	2.61	82177	6651	395000	1544254	18.79
2015	70-74	0.02583	0.12167	2.62	75525	9189	355802	1149254	15.22
2015	75-79	0.03948	0.18032	2.6	66336	11962	302996	793452	11.96
2015	80-84	0.06390	0.27685	2.59	54374	15053	235568	490456	9.02
2015	85-89	0.10979	0.43101	2.51	39321	16948	154367	254888	6.48
2015	90-94	0.18886	0.62661	2.32	22373	14019	74232	100521	4.49
2015	95-99	0.29558	0.79216	2.07	8354	6618	22388	26289	3.15
2015	100-104	0.43389	0.90413	1.77	1736	1570	3618	3901	2.25
2015	105-109	0.58439	0.95882	1.5	166	160	273	283	1.70
2015	110+	0.70374	1.00000	1.42	7	7	10	10	1.42
2016	0	0.00632	0.00628	0.07	100000	628	99413	7780368	77.80
2016	1-4	0.00030	0.00120	1.65	99372	120	397206	7680955	77.29
2016	5-9	0.00014	0.00072	2.3	99252	72	496069	7283749	73.39
2016	10-14	0.00017	0.00083	2.79	99181	82	495722	6787680	68.44
2016	15-19	0.00057	0.00283	3	99099	281	494931	6291958	63.49
2016	20-24	0.00099	0.00494	2.53	98818	488	492886	5797026	58.66
2016	25-29	0.00113	0.00561	2.54	98330	552	490293	5304140	53.94
2016	30-34	0.00135	0.00674	2.62	97778	659	487321	4813847	49.23
2016	35-39	0.00169	0.00844	2.55	97119	819	483592	4326527	44.55
2016	40-44	0.00228	0.01134	2.63	96300	1092	478914	3842935	39.91
2016	45-49	0.00341	0.01692	2.67	95208	1611	472290	3364021	35.33
2016	50-54	0.00541	0.02670	2.68	93597	2499	462177	2891732	30.90
2016	55-59	0.00847	0.04154	2.64	91098	3785	446573	2429555	26.67
2016	60-64	0.01214	0.05898	2.62	87313	5150	424303	1982981	22.71
2016	65-69	0.01673	0.08046	2.64	82163	6611	395199	1558678	18.97
2016	70-74	0.02520	0.11896	2.65	75552	8988	356663	1163479	15.40
2016	75-79	0.03889	0.17783	2.6	66565	11837	304401	806816	12.12
2016	80-84	0.06153	0.26753	2.56	54727	14641	237946	502415	9.18
2016	85-89	0.10739	0.42340	2.5	40086	16973	158051	264468	6.60
2016	90-94	0.18342	0.61682	2.35	23114	14257	77730	106417	4.60
2016	95-99	0.28557	0.78023	2.09	8857	6910	24198	28687	3.24
2016	100-104	0.42164	0.89728	1.8	1946	1746	4142	4489	2.31
2016	105-109	0.57200	0.95586	1.52	200	191	334	347	1.73
2016	110+	0.69263	1.00000	1.44	9	9	13	13	1.44
2017	0	0.00622	0.00618	0.07	100000	618	99422	7774353	77.74
2017	1-4	0.00029	0.00115	1.54	99382	115	397244	7674931	77.23
2017	5-9	0.00012	0.00062	2.44	99267	62	496177	7277686	73.31
2017	10-14	0.00017	0.00087	2.88	99205	86	495843	6781510	68.36
2017	15-19	0.00060	0.00300	2.98	99119	298	494994	6285666	63.42
2017	20-24	0.00098	0.00491	2.57	98821	485	492929	5790672	58.60
2017	25-29	0.00114	0.00567	2.54	98336	557	490312	5297743	53.87
2017	30-34	0.00138	0.00690	2.59	97779	674	487266	4807431	49.17
2017	35-39	0.00171	0.00854	2.6	97105	829	483536	4320165	44.49
2017	40-44	0.00233	0.01157	2.6	96275	1114	478705	3836629	39.85
2017	45-49	0.00344	0.01705	2.65	95162	1623	471999	3357923	35.29
2017	50-54	0.00545	0.02690	2.69	93539	2517	461882	2885925	30.85
2017	55-59	0.00836	0.04099	2.63	91022	3731	446252	2424043	26.63
2017	60-64	0.01227	0.05960	2.62	87291	5202	424087	1977791	22.66
2017	65-69	0.01668	0.08019	2.61	82089	6583	394699	1553703	18.93
2017	70-74	0.02555	0.12048	2.63	75506	9097	355996	1159005	15.35
2017	75-79	0.03919	0.17917	2.61	66409	11898	303608	803009	12.09
2017	80-84	0.06279	0.27231	2.56	54510	14844	236406	499401	9.16
2017	85-89	0.10650	0.42089	2.51	39667	16695	156766	262996	6.63
2017	90-94	0.18213	0.61293	2.33	22972	14080	77309	106229	4.62
2017	95-99	0.28428	0.77848	2.09	8892	6922	24349	28921	3.25
2017	100-104	0.41875	0.89546	1.8	1970	1764	4212	4572	2.32
2017	105-109	0.56771	0.95471	1.52	206	197	346	360	1.75
2017	110+	0.68764	1.00000	1.45	9	9	14	14	1.45
2018	0	0.00599	0.00596	0.07	100000	596	99443	7792296	77.92
2018	1-4	0.00030	0.00118	1.65	99404	118	397340	7692853	77.39
2018	5-9	0.00013	0.00063	2.44	99287	63	496272	7295513	73.48
2018	10-14	0.00017	0.00084	2.81	99224	83	495936	6799241	68.52
2018	15-19	0.00054	0.00269	2.94	99140	267	495152	6303305	63.58
2018	20-24	0.00092	0.00460	2.55	98873	455	493255	5808153	58.74
2018	25-29	0.00109	0.00545	2.61	98419	536	490811	5314898	54.00
2018	30-34	0.00135	0.00672	2.59	97882	658	487828	4824087	49.28
2018	35-39	0.00175	0.00872	2.6	97225	848	484089	4336258	44.60
2018	40-44	0.00223	0.01110	2.58	96377	1070	479299	3852170	39.97
2018	45-49	0.00336	0.01665	2.65	95307	1587	472801	3372871	35.39
2018	50-54	0.00527	0.02603	2.72	93720	2440	463032	2900070	30.94
2018	55-59	0.00842	0.04127	2.67	91280	3767	447627	2437038	26.70
2018	60-64	0.01216	0.05910	2.62	87512	5172	425239	1989411	22.73
2018	65-69	0.01689	0.08116	2.6	82340	6683	395658	1564172	19.00
2018	70-74	0.02504	0.11820	2.63	75657	8942	357054	1168513	15.44
2018	75-79	0.03908	0.17854	2.58	66715	11911	304768	811459	12.16
2018	80-84	0.06215	0.26962	2.55	54804	14776	237758	506691	9.25
2018	85-89	0.10392	0.41363	2.53	40028	16557	159314	268932	6.72
2018	90-94	0.17950	0.60780	2.34	23471	14266	79475	109618	4.67
2018	95-99	0.28191	0.77565	2.1	9205	7140	25327	30143	3.27
2018	100-104	0.41663	0.89429	1.81	2065	1847	4433	4815	2.33
2018	105-109	0.56633	0.95441	1.53	218	208	368	382	1.75
2018	110+	0.68702	1.00000	1.46	10	10	14	14	1.46
2019	0	0.00601	0.00598	0.07	100000	598	99441	7811453	78.11
2019	1-4	0.00028	0.00112	1.64	99402	111	397348	7712012	77.58
2019	5-9	0.00012	0.00062	2.37	99291	62	496294	7314664	73.67
2019	10-14	0.00018	0.00088	2.74	99230	87	495951	6818370	68.71
2019	15-19	0.00058	0.00288	2.99	99142	286	495136	6322419	63.77
2019	20-24	0.00096	0.00478	2.54	98856	473	493119	5827283	58.95
2019	25-29	0.00105	0.00525	2.58	98384	516	490669	5334164	54.22
2019	30-34	0.00134	0.00666	2.58	97867	652	487761	4843495	49.49
2019	35-39	0.00176	0.00877	2.62	97215	853	484046	4355735	44.81
2019	40-44	0.00232	0.01152	2.59	96362	1110	479140	3871688	40.18
2019	45-49	0.00333	0.01654	2.64	95252	1576	472537	3392549	35.62
2019	50-54	0.00514	0.02542	2.67	93676	2381	462835	2920012	31.17
2019	55-59	0.00812	0.03987	2.66	91295	3640	447954	2457177	26.91
2019	60-64	0.01205	0.05856	2.62	87655	5133	426065	2009223	22.92
2019	65-69	0.01672	0.08034	2.59	82523	6630	396616	1583157	19.18
2019	70-74	0.02439	0.11522	2.6	75893	8744	358476	1186541	15.63
2019	75-79	0.03822	0.17506	2.6	67149	11755	307526	828065	12.33
2019	80-84	0.06171	0.26840	2.58	55394	14868	240924	520540	9.40
2019	85-89	0.10015	0.40145	2.53	40526	16269	162454	279616	6.90
2019	90-94	0.17276	0.59380	2.37	24257	14404	83373	117161	4.83
2019	95-99	0.26704	0.75585	2.13	9853	7447	27888	33789	3.43
2019	100-104	0.39421	0.87962	1.85	2406	2116	5368	5900	2.45
2019	105-109	0.53861	0.94646	1.57	290	274	509	532	1.84
2019	110+	0.65748	1.00000	1.52	16	16	24	24	1.52
