Reg2: , Lifetables (period 1x5), Females Last modified: 20 Dec 2020, MPv5 (May07) 

Year     	Age	mx	qx	ax	lx	dx	Lx	Tx	ex
1960-1964	0	0.02025	0.01989	0.11	100000	1989	98229	7413306	74.13
1960-1964	1	0.00133	0.00133	0.5	98011	131	97946	7315076	74.64
1960-1964	2	0.00079	0.00079	0.5	97881	77	97842	7217130	73.73
1960-1964	3	0.00060	0.00060	0.5	97804	59	97774	7119288	72.79
1960-1964	4	0.00049	0.00049	0.5	97745	48	97721	7021513	71.84
1960-1964	5	0.00046	0.00046	0.5	97697	45	97674	6923793	70.87
1960-1964	6	0.00039	0.00039	0.5	97652	38	97633	6826118	69.90
1960-1964	7	0.00035	0.00035	0.5	97614	34	97597	6728485	68.93
1960-1964	8	0.00031	0.00031	0.5	97580	31	97565	6630888	67.95
1960-1964	9	0.00026	0.00026	0.5	97550	26	97537	6533323	66.97
1960-1964	10	0.00026	0.00026	0.5	97524	25	97512	6435785	65.99
1960-1964	11	0.00028	0.00028	0.5	97499	28	97485	6338274	65.01
1960-1964	12	0.00030	0.00030	0.5	97471	29	97457	6240789	64.03
1960-1964	13	0.00033	0.00033	0.5	97442	32	97426	6143332	63.05
1960-1964	14	0.00034	0.00034	0.5	97410	34	97393	6045906	62.07
1960-1964	15	0.00041	0.00041	0.5	97377	39	97357	5948513	61.09
1960-1964	16	0.00049	0.00049	0.5	97337	48	97313	5851156	60.11
1960-1964	17	0.00055	0.00055	0.5	97289	54	97263	5753843	59.14
1960-1964	18	0.00058	0.00058	0.5	97236	56	97208	5656580	58.17
1960-1964	19	0.00062	0.00062	0.5	97180	60	97150	5559372	57.21
1960-1964	20	0.00060	0.00060	0.5	97119	59	97090	5462223	56.24
1960-1964	21	0.00068	0.00068	0.5	97061	66	97028	5365133	55.28
1960-1964	22	0.00064	0.00064	0.5	96995	62	96964	5268105	54.31
1960-1964	23	0.00064	0.00064	0.5	96933	62	96902	5171141	53.35
1960-1964	24	0.00070	0.00070	0.5	96871	68	96838	5074238	52.38
1960-1964	25	0.00072	0.00072	0.5	96804	70	96769	4977401	51.42
1960-1964	26	0.00075	0.00075	0.5	96734	73	96698	4880632	50.45
1960-1964	27	0.00079	0.00079	0.5	96661	76	96623	4783934	49.49
1960-1964	28	0.00081	0.00081	0.5	96585	78	96546	4687311	48.53
1960-1964	29	0.00088	0.00088	0.5	96507	85	96465	4590765	47.57
1960-1964	30	0.00094	0.00094	0.5	96422	90	96377	4494301	46.61
1960-1964	31	0.00100	0.00100	0.5	96332	96	96284	4397924	45.65
1960-1964	32	0.00110	0.00110	0.5	96235	105	96183	4301640	44.70
1960-1964	33	0.00113	0.00113	0.5	96130	108	96076	4205457	43.75
1960-1964	34	0.00133	0.00133	0.5	96022	127	95958	4109382	42.80
1960-1964	35	0.00142	0.00142	0.5	95894	136	95826	4013424	41.85
1960-1964	36	0.00150	0.00150	0.5	95758	143	95686	3917597	40.91
1960-1964	37	0.00165	0.00165	0.5	95615	158	95536	3821911	39.97
1960-1964	38	0.00178	0.00178	0.5	95457	170	95372	3726375	39.04
1960-1964	39	0.00200	0.00199	0.5	95287	190	95192	3631004	38.11
1960-1964	40	0.00213	0.00213	0.5	95097	202	94996	3535811	37.18
1960-1964	41	0.00228	0.00228	0.5	94895	217	94787	3440816	36.26
1960-1964	42	0.00251	0.00251	0.5	94678	238	94560	3346029	35.34
1960-1964	43	0.00277	0.00277	0.5	94441	261	94310	3251469	34.43
1960-1964	44	0.00295	0.00295	0.5	94179	278	94041	3157159	33.52
1960-1964	45	0.00327	0.00327	0.5	93902	307	93748	3063119	32.62
1960-1964	46	0.00347	0.00347	0.5	93595	324	93433	2969371	31.73
1960-1964	47	0.00397	0.00396	0.5	93270	370	93085	2875938	30.83
1960-1964	48	0.00416	0.00415	0.5	92901	385	92708	2782853	29.96
1960-1964	49	0.00464	0.00463	0.5	92515	428	92301	2690145	29.08
1960-1964	50	0.00503	0.00502	0.5	92087	462	91856	2597843	28.21
1960-1964	51	0.00552	0.00550	0.5	91625	504	91373	2505987	27.35
1960-1964	52	0.00608	0.00606	0.5	91121	552	90845	2414614	26.50
1960-1964	53	0.00642	0.00640	0.5	90569	580	90279	2323769	25.66
1960-1964	54	0.00688	0.00686	0.5	89989	617	89680	2233490	24.82
1960-1964	55	0.00733	0.00730	0.5	89372	653	89045	2143809	23.99
1960-1964	56	0.00795	0.00792	0.5	88719	703	88368	2054764	23.16
1960-1964	57	0.00872	0.00868	0.5	88016	764	87634	1966396	22.34
1960-1964	58	0.00955	0.00950	0.5	87252	829	86837	1878762	21.53
1960-1964	59	0.01030	0.01024	0.5	86423	885	85980	1791925	20.73
1960-1964	60	0.01133	0.01127	0.5	85537	964	85055	1705945	19.94
1960-1964	61	0.01197	0.01189	0.5	84573	1006	84071	1620890	19.17
1960-1964	62	0.01387	0.01377	0.5	83568	1151	82992	1536819	18.39
1960-1964	63	0.01496	0.01485	0.5	82417	1224	81805	1453827	17.64
1960-1964	64	0.01611	0.01599	0.5	81193	1298	80544	1372022	16.90
1960-1964	65	0.01800	0.01784	0.5	79895	1426	79182	1291478	16.16
1960-1964	66	0.01903	0.01885	0.5	78469	1479	77730	1212296	15.45
1960-1964	67	0.02160	0.02137	0.5	76990	1645	76168	1134566	14.74
1960-1964	68	0.02342	0.02315	0.5	75345	1745	74473	1058399	14.05
1960-1964	69	0.02581	0.02548	0.5	73601	1876	72663	983926	13.37
1960-1964	70	0.02877	0.02837	0.5	71725	2035	70708	911263	12.70
1960-1964	71	0.03053	0.03008	0.5	69691	2096	68643	840555	12.06
1960-1964	72	0.03620	0.03555	0.5	67595	2403	66393	771912	11.42
1960-1964	73	0.03945	0.03868	0.5	65191	2522	63931	705519	10.82
1960-1964	74	0.04375	0.04281	0.5	62670	2683	61328	641589	10.24
1960-1964	75	0.04875	0.04759	0.5	59987	2855	58559	580261	9.67
1960-1964	76	0.05232	0.05099	0.5	57132	2913	55675	521702	9.13
1960-1964	77	0.05710	0.05551	0.5	54219	3010	52714	466027	8.60
1960-1964	78	0.06411	0.06212	0.5	51209	3181	49618	413313	8.07
1960-1964	79	0.07247	0.06993	0.5	48028	3359	46348	363695	7.57
1960-1964	80	0.08093	0.07778	0.5	44669	3474	42932	317346	7.10
1960-1964	81	0.08751	0.08384	0.5	41195	3454	39468	274415	6.66
1960-1964	82	0.09945	0.09474	0.5	37741	3575	35953	234947	6.23
1960-1964	83	0.11171	0.10580	0.5	34165	3615	32358	198994	5.82
1960-1964	84	0.12389	0.11666	0.5	30551	3564	28769	166636	5.45
1960-1964	85	0.13657	0.12784	0.5	26987	3450	25261	137868	5.11
1960-1964	86	0.14825	0.13802	0.5	23536	3249	21912	112606	4.78
1960-1964	87	0.16764	0.15468	0.5	20288	3138	18719	90694	4.47
1960-1964	88	0.17867	0.16402	0.5	17150	2813	15743	71975	4.20
1960-1964	89	0.19653	0.17895	0.5	14337	2566	13054	56232	3.92
1960-1964	90	0.22061	0.19869	0.5	11771	2339	10602	43178	3.67
1960-1964	91	0.23161	0.20757	0.5	9432	1958	8454	32576	3.45
1960-1964	92	0.25766	0.22825	0.5	7475	1706	6622	24122	3.23
1960-1964	93	0.27457	0.24143	0.5	5768	1393	5072	17501	3.03
1960-1964	94	0.30074	0.26143	0.5	4376	1144	3804	12429	2.84
1960-1964	95	0.32570	0.28009	0.5	3232	905	2779	8625	2.67
1960-1964	96	0.35103	0.29862	0.5	2327	695	1979	5845	2.51
1960-1964	97	0.37722	0.31736	0.5	1632	518	1373	3866	2.37
1960-1964	98	0.40415	0.33621	0.5	1114	375	927	2493	2.24
1960-1964	99	0.43167	0.35504	0.5	739	263	608	1567	2.12
1960-1964	100	0.45961	0.37373	0.5	477	178	388	958	2.01
1960-1964	101	0.48782	0.39216	0.5	299	117	240	571	1.91
1960-1964	102	0.51610	0.41024	0.5	182	74	144	330	1.82
1960-1964	103	0.54428	0.42784	0.5	107	46	84	186	1.74
1960-1964	104	0.57217	0.44489	0.5	61	27	48	102	1.66
1960-1964	105	0.59962	0.46131	0.5	34	16	26	54	1.60
1960-1964	106	0.62645	0.47703	0.5	18	9	14	28	1.54
1960-1964	107	0.65253	0.49201	0.5	10	5	7	14	1.49
1960-1964	108	0.67773	0.50620	0.5	5	2	4	7	1.44
1960-1964	109	0.70193	0.51958	0.5	2	1	2	3	1.40
1960-1964	110+	0.72505	1.00000	1.38	1	1	2	2	1.38
1965-1969	0	0.01878	0.01847	0.11	100000	1847	98348	7448252	74.48
1965-1969	1	0.00120	0.00120	0.5	98153	118	98094	7349904	74.88
1965-1969	2	0.00076	0.00076	0.5	98035	74	97998	7251810	73.97
1965-1969	3	0.00057	0.00057	0.5	97961	56	97933	7153811	73.03
1965-1969	4	0.00050	0.00050	0.5	97905	49	97880	7055879	72.07
1965-1969	5	0.00045	0.00045	0.5	97855	44	97833	6957999	71.11
1965-1969	6	0.00038	0.00038	0.5	97811	37	97793	6860166	70.14
1965-1969	7	0.00033	0.00033	0.5	97774	32	97758	6762373	69.16
1965-1969	8	0.00030	0.00030	0.5	97742	30	97727	6664615	68.19
1965-1969	9	0.00027	0.00027	0.5	97712	27	97699	6566888	67.21
1965-1969	10	0.00028	0.00028	0.5	97685	27	97672	6469190	66.22
1965-1969	11	0.00026	0.00026	0.5	97658	25	97645	6371518	65.24
1965-1969	12	0.00028	0.00028	0.5	97633	28	97619	6273873	64.26
1965-1969	13	0.00030	0.00030	0.5	97605	29	97591	6176254	63.28
1965-1969	14	0.00035	0.00035	0.5	97576	34	97559	6078663	62.30
1965-1969	15	0.00042	0.00042	0.5	97542	41	97521	5981104	61.32
1965-1969	16	0.00051	0.00051	0.5	97501	50	97476	5883583	60.34
1965-1969	17	0.00061	0.00061	0.5	97451	59	97421	5786107	59.37
1965-1969	18	0.00072	0.00072	0.5	97392	70	97356	5688686	58.41
1965-1969	19	0.00071	0.00071	0.5	97321	69	97287	5591329	57.45
1965-1969	20	0.00071	0.00071	0.5	97252	69	97218	5494043	56.49
1965-1969	21	0.00071	0.00071	0.5	97183	69	97149	5396825	55.53
1965-1969	22	0.00068	0.00068	0.5	97115	66	97082	5299676	54.57
1965-1969	23	0.00070	0.00070	0.5	97049	68	97015	5202594	53.61
1965-1969	24	0.00071	0.00071	0.5	96981	69	96946	5105580	52.65
1965-1969	25	0.00078	0.00078	0.5	96912	76	96874	5008633	51.68
1965-1969	26	0.00073	0.00073	0.5	96836	71	96800	4911760	50.72
1965-1969	27	0.00076	0.00076	0.5	96765	74	96728	4814959	49.76
1965-1969	28	0.00082	0.00082	0.5	96691	79	96651	4718231	48.80
1965-1969	29	0.00092	0.00092	0.5	96612	89	96567	4621580	47.84
1965-1969	30	0.00097	0.00097	0.5	96522	94	96475	4525013	46.88
1965-1969	31	0.00101	0.00101	0.5	96428	97	96380	4428538	45.93
1965-1969	32	0.00112	0.00112	0.5	96331	108	96277	4332158	44.97
1965-1969	33	0.00119	0.00118	0.5	96223	114	96166	4235881	44.02
1965-1969	34	0.00130	0.00130	0.5	96109	125	96047	4139715	43.07
1965-1969	35	0.00145	0.00145	0.5	95984	139	95914	4043668	42.13
1965-1969	36	0.00151	0.00150	0.5	95845	144	95773	3947754	41.19
1965-1969	37	0.00173	0.00173	0.5	95701	166	95618	3851981	40.25
1965-1969	38	0.00188	0.00188	0.5	95535	179	95445	3756363	39.32
1965-1969	39	0.00205	0.00204	0.5	95355	195	95258	3660918	38.39
1965-1969	40	0.00217	0.00217	0.5	95161	206	95057	3565660	37.47
1965-1969	41	0.00237	0.00236	0.5	94954	224	94842	3470603	36.55
1965-1969	42	0.00262	0.00261	0.5	94730	247	94606	3375761	35.64
1965-1969	43	0.00289	0.00288	0.5	94482	273	94346	3281155	34.73
1965-1969	44	0.00312	0.00311	0.5	94210	293	94063	3186809	33.83
1965-1969	45	0.00343	0.00343	0.5	93916	322	93755	3092746	32.93
1965-1969	46	0.00361	0.00360	0.5	93594	337	93426	2998990	32.04
1965-1969	47	0.00402	0.00401	0.5	93257	374	93070	2905564	31.16
1965-1969	48	0.00427	0.00426	0.5	92883	396	92685	2812494	30.28
1965-1969	49	0.00463	0.00462	0.5	92487	427	92274	2719809	29.41
1965-1969	50	0.00504	0.00502	0.5	92060	462	91829	2627536	28.54
1965-1969	51	0.00538	0.00537	0.5	91598	492	91352	2535707	27.68
1965-1969	52	0.00599	0.00597	0.5	91106	544	90834	2444355	26.83
1965-1969	53	0.00629	0.00627	0.5	90562	568	90278	2353522	25.99
1965-1969	54	0.00695	0.00692	0.5	89994	623	89683	2263244	25.15
1965-1969	55	0.00735	0.00732	0.5	89371	654	89044	2173561	24.32
1965-1969	56	0.00794	0.00791	0.5	88717	702	88366	2084517	23.50
1965-1969	57	0.00881	0.00877	0.5	88015	772	87629	1996151	22.68
1965-1969	58	0.00940	0.00935	0.5	87243	816	86835	1908522	21.88
1965-1969	59	0.01011	0.01006	0.5	86427	869	85992	1821687	21.08
1965-1969	60	0.01106	0.01100	0.5	85557	941	85087	1735695	20.29
1965-1969	61	0.01209	0.01202	0.5	84617	1017	84108	1650608	19.51
1965-1969	62	0.01346	0.01337	0.5	83599	1118	83040	1566500	18.74
1965-1969	63	0.01412	0.01402	0.5	82482	1156	81904	1483460	17.99
1965-1969	64	0.01529	0.01518	0.5	81326	1234	80708	1401556	17.23
1965-1969	65	0.01746	0.01730	0.5	80091	1386	79398	1320848	16.49
1965-1969	66	0.01847	0.01830	0.5	78705	1440	77985	1241450	15.77
1965-1969	67	0.02073	0.02052	0.5	77265	1585	76472	1163465	15.06
1965-1969	68	0.02281	0.02255	0.5	75680	1707	74826	1086992	14.36
1965-1969	69	0.02457	0.02427	0.5	73973	1795	73075	1012166	13.68
1965-1969	70	0.02752	0.02715	0.5	72178	1959	71198	939091	13.01
1965-1969	71	0.02981	0.02937	0.5	70218	2062	69187	867893	12.36
1965-1969	72	0.03379	0.03323	0.5	68156	2265	67023	798706	11.72
1965-1969	73	0.03675	0.03609	0.5	65891	2378	64702	731682	11.10
1965-1969	74	0.04145	0.04061	0.5	63513	2579	62224	666980	10.50
1965-1969	75	0.04647	0.04542	0.5	60934	2767	59550	604757	9.92
1965-1969	76	0.05065	0.04940	0.5	58167	2874	56730	545206	9.37
1965-1969	77	0.05501	0.05354	0.5	55293	2960	53813	488476	8.83
1965-1969	78	0.06223	0.06035	0.5	52333	3158	50753	434663	8.31
1965-1969	79	0.06924	0.06693	0.5	49174	3291	47529	383910	7.81
1965-1969	80	0.07694	0.07409	0.5	45883	3400	44183	336381	7.33
1965-1969	81	0.08312	0.07980	0.5	42484	3390	40788	292198	6.88
1965-1969	82	0.09457	0.09030	0.5	39093	3530	37328	251410	6.43
1965-1969	83	0.10562	0.10032	0.5	35563	3568	33779	214082	6.02
1965-1969	84	0.11710	0.11063	0.5	31995	3540	30226	180302	5.64
1965-1969	85	0.12968	0.12178	0.5	28456	3466	26723	150077	5.27
1965-1969	86	0.14284	0.13332	0.5	24990	3332	23325	123353	4.94
1965-1969	87	0.15828	0.14667	0.5	21659	3177	20070	100029	4.62
1965-1969	88	0.17095	0.15749	0.5	18482	2911	17027	79958	4.33
1965-1969	89	0.18905	0.17272	0.5	15571	2689	14227	62932	4.04
1965-1969	90	0.21051	0.19046	0.5	12882	2453	11655	48705	3.78
1965-1969	91	0.22184	0.19969	0.5	10428	2082	9387	37050	3.55
1965-1969	92	0.24584	0.21893	0.5	8346	1827	7432	27663	3.31
1965-1969	93	0.26909	0.23718	0.5	6519	1546	5746	20230	3.10
1965-1969	94	0.29407	0.25637	0.5	4973	1275	4335	14485	2.91
1965-1969	95	0.31429	0.27161	0.5	3698	1004	3196	10149	2.74
1965-1969	96	0.33926	0.29006	0.5	2693	781	2303	6954	2.58
1965-1969	97	0.36516	0.30878	0.5	1912	590	1617	4651	2.43
1965-1969	98	0.39186	0.32766	0.5	1322	433	1105	3034	2.30
1965-1969	99	0.41922	0.34658	0.5	889	308	735	1929	2.17
1965-1969	100	0.44710	0.36541	0.5	581	212	475	1194	2.06
1965-1969	101	0.47530	0.38404	0.5	368	142	298	720	1.95
1965-1969	102	0.50367	0.40235	0.5	227	91	181	422	1.86
1965-1969	103	0.53201	0.42023	0.5	136	57	107	241	1.77
1965-1969	104	0.56015	0.43759	0.5	79	34	61	133	1.70
1965-1969	105	0.58791	0.45435	0.5	44	20	34	72	1.63
1965-1969	106	0.61511	0.47043	0.5	24	11	18	38	1.56
1965-1969	107	0.64162	0.48578	0.5	13	6	10	19	1.51
1965-1969	108	0.66729	0.50035	0.5	7	3	5	10	1.46
1965-1969	109	0.69200	0.51412	0.5	3	2	2	5	1.42
1965-1969	110+	0.71566	1.00000	1.4	2	2	2	2	1.40
1970-1974	0	0.01598	0.01575	0.1	100000	1575	98579	7543184	75.43
1970-1974	1	0.00103	0.00103	0.5	98425	101	98374	7444605	75.64
1970-1974	2	0.00069	0.00069	0.5	98324	68	98290	7346230	74.71
1970-1974	3	0.00054	0.00054	0.5	98256	53	98229	7247941	73.77
1970-1974	4	0.00044	0.00044	0.5	98203	43	98181	7149712	72.81
1970-1974	5	0.00039	0.00039	0.5	98160	39	98140	7051530	71.84
1970-1974	6	0.00035	0.00035	0.5	98121	34	98104	6953390	70.87
1970-1974	7	0.00030	0.00030	0.5	98087	30	98072	6855286	69.89
1970-1974	8	0.00028	0.00028	0.5	98057	27	98044	6757214	68.91
1970-1974	9	0.00026	0.00026	0.5	98030	26	98017	6659171	67.93
1970-1974	10	0.00027	0.00027	0.5	98004	26	97991	6561154	66.95
1970-1974	11	0.00026	0.00026	0.5	97978	25	97965	6463163	65.97
1970-1974	12	0.00028	0.00028	0.5	97953	28	97939	6365198	64.98
1970-1974	13	0.00030	0.00030	0.5	97925	29	97910	6267259	64.00
1970-1974	14	0.00034	0.00034	0.5	97896	33	97879	6169348	63.02
1970-1974	15	0.00046	0.00046	0.5	97863	45	97840	6071469	62.04
1970-1974	16	0.00051	0.00051	0.5	97818	50	97793	5973629	61.07
1970-1974	17	0.00063	0.00063	0.5	97768	61	97738	5875835	60.10
1970-1974	18	0.00068	0.00068	0.5	97707	67	97673	5778098	59.14
1970-1974	19	0.00069	0.00069	0.5	97640	68	97606	5680424	58.18
1970-1974	20	0.00066	0.00066	0.5	97573	65	97540	5582818	57.22
1970-1974	21	0.00067	0.00067	0.5	97508	65	97475	5485278	56.25
1970-1974	22	0.00070	0.00070	0.5	97443	68	97409	5387802	55.29
1970-1974	23	0.00068	0.00068	0.5	97375	66	97342	5290394	54.33
1970-1974	24	0.00068	0.00068	0.5	97309	66	97276	5193052	53.37
1970-1974	25	0.00070	0.00070	0.5	97242	68	97208	5095776	52.40
1970-1974	26	0.00075	0.00075	0.5	97175	73	97138	4998568	51.44
1970-1974	27	0.00077	0.00077	0.5	97101	75	97064	4901430	50.48
1970-1974	28	0.00078	0.00078	0.5	97026	76	96989	4804366	49.52
1970-1974	29	0.00087	0.00087	0.5	96951	84	96909	4707377	48.55
1970-1974	30	0.00089	0.00089	0.5	96866	86	96823	4610469	47.60
1970-1974	31	0.00092	0.00092	0.5	96780	89	96735	4513646	46.64
1970-1974	32	0.00101	0.00101	0.5	96691	98	96642	4416910	45.68
1970-1974	33	0.00116	0.00116	0.5	96593	112	96537	4320269	44.73
1970-1974	34	0.00122	0.00122	0.5	96481	118	96422	4223732	43.78
1970-1974	35	0.00130	0.00130	0.5	96363	125	96300	4127310	42.83
1970-1974	36	0.00147	0.00147	0.5	96238	142	96167	4031009	41.89
1970-1974	37	0.00154	0.00154	0.5	96096	148	96022	3934843	40.95
1970-1974	38	0.00173	0.00173	0.5	95947	166	95864	3838821	40.01
1970-1974	39	0.00185	0.00185	0.5	95781	177	95693	3742957	39.08
1970-1974	40	0.00202	0.00201	0.5	95604	193	95508	3647264	38.15
1970-1974	41	0.00222	0.00222	0.5	95412	211	95306	3551756	37.23
1970-1974	42	0.00257	0.00256	0.5	95200	244	95078	3456451	36.31
1970-1974	43	0.00275	0.00274	0.5	94956	261	94826	3361372	35.40
1970-1974	44	0.00297	0.00296	0.5	94696	281	94555	3266547	34.50
1970-1974	45	0.00317	0.00316	0.5	94415	299	94266	3171991	33.60
1970-1974	46	0.00353	0.00352	0.5	94116	331	93951	3077726	32.70
1970-1974	47	0.00388	0.00387	0.5	93785	363	93604	2983775	31.82
1970-1974	48	0.00404	0.00403	0.5	93422	377	93234	2890171	30.94
1970-1974	49	0.00452	0.00451	0.5	93046	420	92836	2796937	30.06
1970-1974	50	0.00476	0.00475	0.5	92626	440	92406	2704101	29.19
1970-1974	51	0.00503	0.00502	0.5	92186	463	91954	2611696	28.33
1970-1974	52	0.00550	0.00549	0.5	91723	504	91471	2519741	27.47
1970-1974	53	0.00609	0.00607	0.5	91220	554	90943	2428270	26.62
1970-1974	54	0.00650	0.00648	0.5	90666	588	90372	2337327	25.78
1970-1974	55	0.00702	0.00700	0.5	90078	630	89763	2246955	24.94
1970-1974	56	0.00783	0.00780	0.5	89448	698	89099	2157193	24.12
1970-1974	57	0.00836	0.00833	0.5	88750	739	88380	2068094	23.30
1970-1974	58	0.00900	0.00896	0.5	88011	789	87616	1979713	22.49
1970-1974	59	0.00967	0.00963	0.5	87222	840	86802	1892097	21.69
1970-1974	60	0.01072	0.01066	0.5	86382	921	85922	1805295	20.90
1970-1974	61	0.01128	0.01122	0.5	85461	959	84982	1719373	20.12
1970-1974	62	0.01255	0.01247	0.5	84503	1054	83976	1634391	19.34
1970-1974	63	0.01371	0.01362	0.5	83449	1136	82880	1550415	18.58
1970-1974	64	0.01500	0.01488	0.5	82312	1225	81700	1467535	17.83
1970-1974	65	0.01610	0.01597	0.5	81087	1295	80440	1385835	17.09
1970-1974	66	0.01751	0.01736	0.5	79792	1385	79100	1305395	16.36
1970-1974	67	0.01945	0.01926	0.5	78407	1510	77652	1226295	15.64
1970-1974	68	0.02121	0.02098	0.5	76897	1614	76090	1148643	14.94
1970-1974	69	0.02311	0.02284	0.5	75283	1720	74424	1072553	14.25
1970-1974	70	0.02549	0.02517	0.5	73564	1851	72638	998130	13.57
1970-1974	71	0.02749	0.02711	0.5	71712	1944	70740	925492	12.91
1970-1974	72	0.03101	0.03054	0.5	69768	2130	68703	854751	12.25
1970-1974	73	0.03381	0.03325	0.5	67637	2249	66513	786049	11.62
1970-1974	74	0.03785	0.03715	0.5	65389	2429	64174	719536	11.00
1970-1974	75	0.04259	0.04170	0.5	62960	2626	61647	655361	10.41
1970-1974	76	0.04732	0.04623	0.5	60334	2789	58940	593715	9.84
1970-1974	77	0.05130	0.05001	0.5	57545	2878	56106	534775	9.29
1970-1974	78	0.05763	0.05601	0.5	54667	3062	53136	478669	8.76
1970-1974	79	0.06368	0.06171	0.5	51605	3185	50013	425533	8.25
1970-1974	80	0.07106	0.06862	0.5	48420	3322	46759	375520	7.76
1970-1974	81	0.07600	0.07322	0.5	45098	3302	43447	328761	7.29
1970-1974	82	0.08536	0.08187	0.5	41796	3422	40085	285315	6.83
1970-1974	83	0.09597	0.09158	0.5	38374	3514	36617	245230	6.39
1970-1974	84	0.10777	0.10226	0.5	34860	3565	33077	208613	5.98
1970-1974	85	0.11795	0.11138	0.5	31295	3486	29552	175536	5.61
1970-1974	86	0.13136	0.12326	0.5	27809	3428	26096	145983	5.25
1970-1974	87	0.14386	0.13420	0.5	24382	3272	22746	119888	4.92
1970-1974	88	0.15700	0.14557	0.5	21110	3073	19573	97142	4.60
1970-1974	89	0.17370	0.15982	0.5	18037	2883	16595	77569	4.30
1970-1974	90	0.19256	0.17565	0.5	15154	2662	13823	60974	4.02
1970-1974	91	0.20607	0.18682	0.5	12492	2334	11325	47151	3.77
1970-1974	92	0.22691	0.20379	0.5	10158	2070	9123	35826	3.53
1970-1974	93	0.24996	0.22219	0.5	8088	1797	7190	26702	3.30
1970-1974	94	0.27350	0.24060	0.5	6291	1514	5534	19513	3.10
1970-1974	95	0.29032	0.25352	0.5	4777	1211	4172	13979	2.93
1970-1974	96	0.31401	0.27140	0.5	3566	968	3082	9807	2.75
1970-1974	97	0.33870	0.28965	0.5	2598	753	2222	6724	2.59
1970-1974	98	0.36430	0.30817	0.5	1846	569	1561	4502	2.44
1970-1974	99	0.39070	0.32685	0.5	1277	417	1068	2941	2.30
1970-1974	100	0.41775	0.34557	0.5	860	297	711	1873	2.18
1970-1974	101	0.44531	0.36422	0.5	563	205	460	1162	2.06
1970-1974	102	0.47321	0.38267	0.5	358	137	289	702	1.96
1970-1974	103	0.50127	0.40081	0.5	221	88	177	412	1.87
1970-1974	104	0.52933	0.41855	0.5	132	55	105	236	1.78
1970-1974	105	0.55720	0.43579	0.5	77	34	60	131	1.71
1970-1974	106	0.58472	0.45244	0.5	43	20	34	71	1.64
1970-1974	107	0.61172	0.46844	0.5	24	11	18	37	1.57
1970-1974	108	0.63805	0.48373	0.5	13	6	10	19	1.52
1970-1974	109	0.66358	0.49826	0.5	7	3	5	10	1.48
1970-1974	110+	0.68818	1.00000	1.45	3	3	5	5	1.45
1975-1979	0	0.01277	0.01262	0.09	100000	1262	98850	7717761	77.18
1975-1979	1	0.00089	0.00089	0.5	98738	88	98694	7618911	77.16
1975-1979	2	0.00058	0.00058	0.5	98650	57	98622	7520217	76.23
1975-1979	3	0.00045	0.00045	0.5	98593	44	98571	7421596	75.28
1975-1979	4	0.00040	0.00040	0.5	98549	39	98529	7323025	74.31
1975-1979	5	0.00033	0.00032	0.5	98510	32	98494	7224496	73.34
1975-1979	6	0.00027	0.00027	0.5	98478	26	98464	7126002	72.36
1975-1979	7	0.00025	0.00025	0.5	98451	25	98439	7027538	71.38
1975-1979	8	0.00026	0.00026	0.5	98427	25	98414	6929099	70.40
1975-1979	9	0.00023	0.00023	0.5	98401	22	98390	6830685	69.42
1975-1979	10	0.00021	0.00021	0.5	98379	20	98369	6732295	68.43
1975-1979	11	0.00020	0.00020	0.5	98359	20	98349	6633926	67.45
1975-1979	12	0.00021	0.00021	0.5	98339	21	98329	6535577	66.46
1975-1979	13	0.00027	0.00027	0.5	98318	27	98305	6437248	65.47
1975-1979	14	0.00030	0.00030	0.5	98291	29	98277	6338944	64.49
1975-1979	15	0.00040	0.00040	0.5	98262	39	98243	6240667	63.51
1975-1979	16	0.00050	0.00050	0.5	98223	49	98198	6142425	62.54
1975-1979	17	0.00058	0.00058	0.5	98174	57	98145	6044226	61.57
1975-1979	18	0.00064	0.00064	0.5	98117	62	98086	5946081	60.60
1975-1979	19	0.00063	0.00063	0.5	98054	62	98024	5847995	59.64
1975-1979	20	0.00063	0.00063	0.5	97993	61	97962	5749972	58.68
1975-1979	21	0.00062	0.00062	0.5	97931	61	97901	5652010	57.71
1975-1979	22	0.00062	0.00062	0.5	97871	60	97840	5554109	56.75
1975-1979	23	0.00061	0.00061	0.5	97810	59	97780	5456268	55.78
1975-1979	24	0.00062	0.00062	0.5	97751	60	97721	5358488	54.82
1975-1979	25	0.00062	0.00062	0.5	97691	61	97660	5260767	53.85
1975-1979	26	0.00062	0.00062	0.5	97630	61	97599	5163107	52.88
1975-1979	27	0.00068	0.00068	0.5	97569	67	97536	5065508	51.92
1975-1979	28	0.00069	0.00069	0.5	97502	67	97469	4967972	50.95
1975-1979	29	0.00069	0.00069	0.5	97435	67	97401	4870504	49.99
1975-1979	30	0.00072	0.00072	0.5	97367	70	97332	4773103	49.02
1975-1979	31	0.00079	0.00079	0.5	97297	77	97259	4675770	48.06
1975-1979	32	0.00087	0.00087	0.5	97220	85	97178	4578512	47.09
1975-1979	33	0.00089	0.00089	0.5	97136	87	97092	4481333	46.13
1975-1979	34	0.00100	0.00100	0.5	97049	97	97001	4384241	45.18
1975-1979	35	0.00107	0.00107	0.5	96952	103	96901	4287240	44.22
1975-1979	36	0.00117	0.00117	0.5	96849	113	96792	4190340	43.27
1975-1979	37	0.00133	0.00133	0.5	96736	128	96672	4093547	42.32
1975-1979	38	0.00140	0.00140	0.5	96608	135	96540	3996875	41.37
1975-1979	39	0.00150	0.00150	0.5	96472	144	96400	3900336	40.43
1975-1979	40	0.00173	0.00173	0.5	96328	166	96245	3803935	39.49
1975-1979	41	0.00190	0.00190	0.5	96162	183	96070	3707691	38.56
1975-1979	42	0.00206	0.00205	0.5	95979	197	95880	3611620	37.63
1975-1979	43	0.00232	0.00232	0.5	95782	222	95671	3515740	36.71
1975-1979	44	0.00249	0.00249	0.5	95560	238	95441	3420069	35.79
1975-1979	45	0.00277	0.00276	0.5	95322	263	95190	3324629	34.88
1975-1979	46	0.00296	0.00296	0.5	95058	281	94917	3229439	33.97
1975-1979	47	0.00326	0.00326	0.5	94777	309	94622	3134521	33.07
1975-1979	48	0.00350	0.00349	0.5	94468	330	94303	3039899	32.18
1975-1979	49	0.00387	0.00386	0.5	94138	363	93957	2945596	31.29
1975-1979	50	0.00434	0.00434	0.5	93775	407	93572	2851639	30.41
1975-1979	51	0.00456	0.00455	0.5	93369	425	93156	2758067	29.54
1975-1979	52	0.00501	0.00500	0.5	92944	465	92711	2664911	28.67
1975-1979	53	0.00547	0.00546	0.5	92479	505	92226	2572200	27.81
1975-1979	54	0.00587	0.00585	0.5	91974	538	91705	2479973	26.96
1975-1979	55	0.00629	0.00627	0.5	91436	574	91149	2388268	26.12
1975-1979	56	0.00691	0.00688	0.5	90862	625	90550	2297119	25.28
1975-1979	57	0.00748	0.00746	0.5	90237	673	89901	2206570	24.45
1975-1979	58	0.00820	0.00816	0.5	89564	731	89199	2116669	23.63
1975-1979	59	0.00877	0.00873	0.5	88833	776	88445	2027470	22.82
1975-1979	60	0.00969	0.00964	0.5	88057	849	87633	1939025	22.02
1975-1979	61	0.01036	0.01031	0.5	87209	899	86759	1851392	21.23
1975-1979	62	0.01165	0.01158	0.5	86310	1000	85810	1764633	20.45
1975-1979	63	0.01235	0.01228	0.5	85310	1047	84786	1678823	19.68
1975-1979	64	0.01330	0.01321	0.5	84263	1113	83706	1594037	18.92
1975-1979	65	0.01473	0.01462	0.5	83149	1216	82541	1510331	18.16
1975-1979	66	0.01549	0.01537	0.5	81933	1259	81304	1427790	17.43
1975-1979	67	0.01725	0.01710	0.5	80674	1380	79984	1346487	16.69
1975-1979	68	0.01866	0.01849	0.5	79294	1466	78561	1266503	15.97
1975-1979	69	0.02065	0.02044	0.5	77828	1590	77033	1187941	15.26
1975-1979	70	0.02247	0.02222	0.5	76238	1694	75391	1110908	14.57
1975-1979	71	0.02424	0.02395	0.5	74544	1785	73651	1035517	13.89
1975-1979	72	0.02685	0.02649	0.5	72759	1927	71795	961866	13.22
1975-1979	73	0.02941	0.02899	0.5	70831	2053	69805	890071	12.57
1975-1979	74	0.03225	0.03174	0.5	68778	2183	67687	820266	11.93
1975-1979	75	0.03616	0.03552	0.5	66595	2365	65413	752580	11.30
1975-1979	76	0.03970	0.03893	0.5	64230	2500	62980	687167	10.70
1975-1979	77	0.04372	0.04278	0.5	61730	2641	60409	624188	10.11
1975-1979	78	0.04871	0.04756	0.5	59089	2810	57684	563778	9.54
1975-1979	79	0.05427	0.05284	0.5	56279	2974	54792	506095	8.99
1975-1979	80	0.06031	0.05854	0.5	53305	3121	51745	451303	8.47
1975-1979	81	0.06597	0.06386	0.5	50184	3205	48582	399558	7.96
1975-1979	82	0.07426	0.07160	0.5	46979	3364	45298	350976	7.47
1975-1979	83	0.08277	0.07949	0.5	43616	3467	41882	305679	7.01
1975-1979	84	0.09252	0.08843	0.5	40149	3550	38374	263797	6.57
1975-1979	85	0.10194	0.09699	0.5	36599	3550	34824	225423	6.16
1975-1979	86	0.11407	0.10791	0.5	33049	3566	31266	190599	5.77
1975-1979	87	0.12480	0.11747	0.5	29483	3463	27751	159333	5.40
1975-1979	88	0.13689	0.12812	0.5	26019	3334	24352	131583	5.06
1975-1979	89	0.15079	0.14022	0.5	22686	3181	21095	107230	4.73
1975-1979	90	0.16699	0.15412	0.5	19505	3006	18002	86135	4.42
1975-1979	91	0.18350	0.16808	0.5	16499	2773	15112	68133	4.13
1975-1979	92	0.20014	0.18193	0.5	13726	2497	12477	53021	3.86
1975-1979	93	0.22131	0.19926	0.5	11228	2237	10110	40544	3.61
1975-1979	94	0.24120	0.21524	0.5	8991	1935	8023	30435	3.38
1975-1979	95	0.26078	0.23070	0.5	7056	1628	6242	22411	3.18
1975-1979	96	0.28328	0.24813	0.5	5428	1347	4755	16169	2.98
1975-1979	97	0.30690	0.26607	0.5	4081	1086	3538	11415	2.80
1975-1979	98	0.33159	0.28443	0.5	2995	852	2569	7876	2.63
1975-1979	99	0.35723	0.30310	0.5	2143	650	1819	5307	2.48
1975-1979	100	0.38372	0.32195	0.5	1494	481	1253	3489	2.34
1975-1979	101	0.41093	0.34089	0.5	1013	345	840	2235	2.21
1975-1979	102	0.43868	0.35977	0.5	668	240	547	1395	2.09
1975-1979	103	0.46683	0.37848	0.5	427	162	347	848	1.98
1975-1979	104	0.49518	0.39691	0.5	266	105	213	501	1.89
1975-1979	105	0.52357	0.41495	0.5	160	66	127	288	1.80
1975-1979	106	0.55181	0.43249	0.5	94	41	73	161	1.72
1975-1979	107	0.57972	0.44944	0.5	53	24	41	88	1.65
1975-1979	108	0.60712	0.46574	0.5	29	14	22	47	1.59
1975-1979	109	0.63387	0.48132	0.5	16	8	12	24	1.55
1975-1979	110+	0.65982	1.00000	1.52	8	8	12	12	1.52
1980-1984	0	0.01023	0.01014	0.08	100000	1014	99069	7814988	78.15
1980-1984	1	0.00076	0.00076	0.5	98986	75	98948	7715919	77.95
1980-1984	2	0.00049	0.00049	0.5	98911	48	98887	7616971	77.01
1980-1984	3	0.00038	0.00038	0.5	98863	37	98844	7518084	76.05
1980-1984	4	0.00029	0.00029	0.5	98825	29	98811	7419240	75.07
1980-1984	5	0.00026	0.00026	0.5	98796	25	98784	7320430	74.10
1980-1984	6	0.00023	0.00023	0.5	98771	23	98760	7221646	73.12
1980-1984	7	0.00021	0.00021	0.5	98748	20	98738	7122886	72.13
1980-1984	8	0.00020	0.00020	0.5	98728	20	98718	7024148	71.15
1980-1984	9	0.00018	0.00018	0.5	98708	18	98699	6925430	70.16
1980-1984	10	0.00019	0.00019	0.5	98690	19	98681	6826731	69.17
1980-1984	11	0.00017	0.00017	0.5	98672	17	98663	6728050	68.19
1980-1984	12	0.00019	0.00019	0.5	98655	19	98645	6629386	67.20
1980-1984	13	0.00020	0.00020	0.5	98636	19	98626	6530741	66.21
1980-1984	14	0.00027	0.00027	0.5	98617	26	98604	6432114	65.22
1980-1984	15	0.00032	0.00032	0.5	98591	31	98575	6333510	64.24
1980-1984	16	0.00043	0.00043	0.5	98560	43	98538	6234935	63.26
1980-1984	17	0.00047	0.00047	0.5	98517	46	98494	6136397	62.29
1980-1984	18	0.00055	0.00055	0.5	98471	54	98444	6037903	61.32
1980-1984	19	0.00053	0.00053	0.5	98417	52	98391	5939460	60.35
1980-1984	20	0.00051	0.00051	0.5	98365	50	98340	5841069	59.38
1980-1984	21	0.00053	0.00053	0.5	98315	52	98289	5742729	58.41
1980-1984	22	0.00050	0.00050	0.5	98263	49	98238	5644440	57.44
1980-1984	23	0.00054	0.00054	0.5	98213	53	98187	5546202	56.47
1980-1984	24	0.00055	0.00055	0.5	98161	54	98134	5448015	55.50
1980-1984	25	0.00053	0.00053	0.5	98107	52	98081	5349881	54.53
1980-1984	26	0.00057	0.00057	0.5	98055	56	98027	5251800	53.56
1980-1984	27	0.00057	0.00057	0.5	98000	56	97972	5153772	52.59
1980-1984	28	0.00064	0.00064	0.5	97943	63	97912	5055801	51.62
1980-1984	29	0.00061	0.00061	0.5	97881	60	97851	4957888	50.65
1980-1984	30	0.00064	0.00064	0.5	97821	63	97789	4860038	49.68
1980-1984	31	0.00069	0.00069	0.5	97758	67	97725	4762248	48.71
1980-1984	32	0.00073	0.00073	0.5	97691	71	97656	4664523	47.75
1980-1984	33	0.00082	0.00082	0.5	97620	80	97580	4566868	46.78
1980-1984	34	0.00086	0.00086	0.5	97540	84	97498	4469288	45.82
1980-1984	35	0.00091	0.00091	0.5	97456	88	97412	4371790	44.86
1980-1984	36	0.00097	0.00097	0.5	97367	95	97320	4274379	43.90
1980-1984	37	0.00107	0.00107	0.5	97273	104	97221	4177059	42.94
1980-1984	38	0.00122	0.00122	0.5	97169	119	97109	4079838	41.99
1980-1984	39	0.00132	0.00132	0.5	97050	128	96986	3982729	41.04
1980-1984	40	0.00146	0.00146	0.5	96922	141	96851	3885743	40.09
1980-1984	41	0.00160	0.00160	0.5	96780	155	96703	3788892	39.15
1980-1984	42	0.00176	0.00176	0.5	96625	170	96540	3692189	38.21
1980-1984	43	0.00194	0.00194	0.5	96455	187	96361	3595649	37.28
1980-1984	44	0.00214	0.00214	0.5	96268	206	96165	3499288	36.35
1980-1984	45	0.00235	0.00235	0.5	96061	225	95949	3403124	35.43
1980-1984	46	0.00265	0.00265	0.5	95836	254	95709	3307175	34.51
1980-1984	47	0.00285	0.00284	0.5	95582	272	95446	3211466	33.60
1980-1984	48	0.00337	0.00336	0.5	95310	320	95150	3116019	32.69
1980-1984	49	0.00349	0.00348	0.5	94990	330	94825	3020869	31.80
1980-1984	50	0.00392	0.00391	0.5	94660	370	94475	2926044	30.91
1980-1984	51	0.00434	0.00434	0.5	94290	409	94085	2831569	30.03
1980-1984	52	0.00474	0.00472	0.5	93881	444	93659	2737484	29.16
1980-1984	53	0.00505	0.00503	0.5	93437	470	93202	2643825	28.30
1980-1984	54	0.00536	0.00534	0.5	92967	497	92718	2550623	27.44
1980-1984	55	0.00595	0.00594	0.5	92470	549	92195	2457905	26.58
1980-1984	56	0.00669	0.00667	0.5	91921	613	91615	2365709	25.74
1980-1984	57	0.00701	0.00699	0.5	91308	638	90989	2274095	24.91
1980-1984	58	0.00793	0.00790	0.5	90670	716	90312	2183106	24.08
1980-1984	59	0.00856	0.00852	0.5	89954	766	89571	2092794	23.27
1980-1984	60	0.00922	0.00918	0.5	89188	819	88779	2003223	22.46
1980-1984	61	0.01004	0.00999	0.5	88369	883	87928	1914444	21.66
1980-1984	62	0.01162	0.01156	0.5	87486	1011	86981	1826516	20.88
1980-1984	63	0.01207	0.01200	0.5	86475	1038	85957	1739535	20.12
1980-1984	64	0.01310	0.01302	0.5	85438	1112	84882	1653579	19.35
1980-1984	65	0.01409	0.01399	0.5	84326	1180	83736	1568697	18.60
1980-1984	66	0.01541	0.01529	0.5	83146	1271	82510	1484962	17.86
1980-1984	67	0.01670	0.01656	0.5	81874	1356	81196	1402452	17.13
1980-1984	68	0.01828	0.01812	0.5	80519	1459	79789	1321255	16.41
1980-1984	69	0.01984	0.01964	0.5	79060	1553	78283	1241466	15.70
1980-1984	70	0.02204	0.02180	0.5	77507	1689	76662	1163183	15.01
1980-1984	71	0.02328	0.02302	0.5	75818	1745	74945	1086520	14.33
1980-1984	72	0.02597	0.02564	0.5	74073	1899	73123	1011575	13.66
1980-1984	73	0.02846	0.02806	0.5	72173	2025	71161	938453	13.00
1980-1984	74	0.03039	0.02994	0.5	70148	2100	69098	867292	12.36
1980-1984	75	0.03406	0.03349	0.5	68048	2279	66909	798193	11.73
1980-1984	76	0.03738	0.03669	0.5	65769	2413	64562	731285	11.12
1980-1984	77	0.04047	0.03966	0.5	63356	2513	62099	666722	10.52
1980-1984	78	0.04464	0.04367	0.5	60843	2657	59514	604623	9.94
1980-1984	79	0.05009	0.04886	0.5	58186	2843	56764	545109	9.37
1980-1984	80	0.05596	0.05444	0.5	55343	3013	53836	488345	8.82
1980-1984	81	0.06226	0.06038	0.5	52330	3159	50750	434508	8.30
1980-1984	82	0.06870	0.06642	0.5	49170	3266	47538	383758	7.80
1980-1984	83	0.07763	0.07473	0.5	45905	3430	44189	336221	7.32
1980-1984	84	0.08515	0.08167	0.5	42474	3469	40740	292031	6.88
1980-1984	85	0.09448	0.09022	0.5	39005	3519	37246	251292	6.44
1980-1984	86	0.10645	0.10107	0.5	35486	3587	33693	214046	6.03
1980-1984	87	0.11633	0.10994	0.5	31899	3507	30146	180353	5.65
1980-1984	88	0.12706	0.11947	0.5	28392	3392	26696	150208	5.29
1980-1984	89	0.14203	0.13261	0.5	25000	3315	23343	123511	4.94
1980-1984	90	0.15637	0.14503	0.5	21685	3145	20112	100169	4.62
1980-1984	91	0.17115	0.15766	0.5	18540	2923	17078	80056	4.32
1980-1984	92	0.18823	0.17204	0.5	15617	2687	14274	62978	4.03
1980-1984	93	0.21017	0.19018	0.5	12930	2459	11701	48704	3.77
1980-1984	94	0.22833	0.20493	0.5	10471	2146	9398	37004	3.53
1980-1984	95	0.24646	0.21942	0.5	8325	1827	7412	27605	3.32
1980-1984	96	0.26821	0.23649	0.5	6498	1537	5730	20194	3.11
1980-1984	97	0.29113	0.25414	0.5	4962	1261	4331	14464	2.92
1980-1984	98	0.31517	0.27227	0.5	3701	1008	3197	10132	2.74
1980-1984	99	0.34024	0.29078	0.5	2693	783	2302	6936	2.58
1980-1984	100	0.36624	0.30956	0.5	1910	591	1614	4634	2.43
1980-1984	101	0.39304	0.32849	0.5	1319	433	1102	3020	2.29
1980-1984	102	0.42051	0.34745	0.5	886	308	732	1917	2.17
1980-1984	103	0.44847	0.36633	0.5	578	212	472	1186	2.05
1980-1984	104	0.47676	0.38499	0.5	366	141	296	714	1.95
1980-1984	105	0.50521	0.40332	0.5	225	91	180	418	1.86
1980-1984	106	0.53361	0.42123	0.5	134	57	106	238	1.77
1980-1984	107	0.56181	0.43860	0.5	78	34	61	132	1.70
1980-1984	108	0.58961	0.45536	0.5	44	20	34	71	1.64
1980-1984	109	0.61685	0.47144	0.5	24	11	18	38	1.59
1980-1984	110+	0.64337	1.00000	1.55	13	13	20	20	1.55
1985-1989	0	0.00907	0.00900	0.08	100000	900	99171	7857681	78.58
1985-1989	1	0.00072	0.00072	0.5	99100	71	99065	7758511	78.29
1985-1989	2	0.00044	0.00044	0.5	99029	44	99007	7659446	77.35
1985-1989	3	0.00032	0.00032	0.5	98985	31	98970	7560439	76.38
1985-1989	4	0.00028	0.00028	0.5	98954	28	98940	7461470	75.40
1985-1989	5	0.00022	0.00022	0.5	98926	22	98915	7362529	74.42
1985-1989	6	0.00021	0.00021	0.5	98905	21	98894	7263614	73.44
1985-1989	7	0.00018	0.00018	0.5	98884	18	98875	7164720	72.46
1985-1989	8	0.00017	0.00017	0.5	98866	17	98857	7065845	71.47
1985-1989	9	0.00019	0.00019	0.5	98849	19	98839	6966988	70.48
1985-1989	10	0.00016	0.00016	0.5	98830	16	98822	6868149	69.49
1985-1989	11	0.00016	0.00016	0.5	98814	16	98806	6769327	68.51
1985-1989	12	0.00018	0.00018	0.5	98798	18	98789	6670521	67.52
1985-1989	13	0.00021	0.00021	0.5	98780	21	98769	6571733	66.53
1985-1989	14	0.00027	0.00027	0.5	98759	26	98746	6472963	65.54
1985-1989	15	0.00034	0.00034	0.5	98732	34	98715	6374218	64.56
1985-1989	16	0.00046	0.00046	0.5	98698	45	98676	6275502	63.58
1985-1989	17	0.00049	0.00049	0.5	98653	48	98629	6176827	62.61
1985-1989	18	0.00054	0.00054	0.5	98605	53	98578	6078197	61.64
1985-1989	19	0.00049	0.00049	0.5	98552	49	98527	5979619	60.67
1985-1989	20	0.00048	0.00048	0.5	98503	47	98479	5881092	59.70
1985-1989	21	0.00049	0.00049	0.5	98456	48	98431	5782612	58.73
1985-1989	22	0.00047	0.00047	0.5	98407	47	98384	5684181	57.76
1985-1989	23	0.00052	0.00052	0.5	98361	51	98335	5585797	56.79
1985-1989	24	0.00050	0.00050	0.5	98310	50	98285	5487461	55.82
1985-1989	25	0.00054	0.00054	0.5	98260	53	98234	5389176	54.85
1985-1989	26	0.00053	0.00053	0.5	98208	52	98182	5290942	53.88
1985-1989	27	0.00056	0.00056	0.5	98156	55	98128	5192761	52.90
1985-1989	28	0.00060	0.00060	0.5	98100	59	98071	5094633	51.93
1985-1989	29	0.00062	0.00062	0.5	98041	60	98011	4996562	50.96
1985-1989	30	0.00063	0.00063	0.5	97981	62	97950	4898551	50.00
1985-1989	31	0.00070	0.00070	0.5	97919	68	97885	4800601	49.03
1985-1989	32	0.00073	0.00073	0.5	97850	71	97815	4702717	48.06
1985-1989	33	0.00077	0.00077	0.5	97779	75	97741	4604902	47.09
1985-1989	34	0.00083	0.00083	0.5	97704	81	97663	4507160	46.13
1985-1989	35	0.00086	0.00086	0.5	97623	84	97581	4409497	45.17
1985-1989	36	0.00094	0.00094	0.5	97539	92	97493	4311916	44.21
1985-1989	37	0.00103	0.00103	0.5	97447	100	97397	4214424	43.25
1985-1989	38	0.00119	0.00119	0.5	97346	116	97289	4117027	42.29
1985-1989	39	0.00120	0.00120	0.5	97231	117	97172	4019739	41.34
1985-1989	40	0.00131	0.00131	0.5	97114	127	97051	3922566	40.39
1985-1989	41	0.00145	0.00145	0.5	96987	140	96917	3825516	39.44
1985-1989	42	0.00167	0.00167	0.5	96847	162	96766	3728599	38.50
1985-1989	43	0.00179	0.00179	0.5	96685	173	96598	3631833	37.56
1985-1989	44	0.00192	0.00192	0.5	96512	186	96419	3535235	36.63
1985-1989	45	0.00208	0.00207	0.5	96326	200	96226	3438816	35.70
1985-1989	46	0.00242	0.00242	0.5	96126	233	96010	3342590	34.77
1985-1989	47	0.00260	0.00259	0.5	95894	249	95769	3246580	33.86
1985-1989	48	0.00310	0.00309	0.5	95645	296	95497	3150810	32.94
1985-1989	49	0.00320	0.00320	0.5	95349	305	95197	3055313	32.04
1985-1989	50	0.00354	0.00353	0.5	95044	336	94877	2960116	31.14
1985-1989	51	0.00408	0.00407	0.5	94709	385	94516	2865240	30.25
1985-1989	52	0.00449	0.00448	0.5	94324	422	94112	2770723	29.37
1985-1989	53	0.00488	0.00487	0.5	93901	457	93673	2676611	28.50
1985-1989	54	0.00537	0.00535	0.5	93444	500	93194	2582938	27.64
1985-1989	55	0.00588	0.00586	0.5	92944	544	92672	2489744	26.79
1985-1989	56	0.00630	0.00628	0.5	92400	580	92110	2397072	25.94
1985-1989	57	0.00674	0.00672	0.5	91820	617	91511	2304962	25.10
1985-1989	58	0.00788	0.00785	0.5	91203	716	90845	2213451	24.27
1985-1989	59	0.00815	0.00812	0.5	90487	734	90120	2122606	23.46
1985-1989	60	0.00902	0.00898	0.5	89753	806	89350	2032486	22.65
1985-1989	61	0.01014	0.01009	0.5	88947	897	88498	1943136	21.85
1985-1989	62	0.01115	0.01109	0.5	88050	976	87562	1854638	21.06
1985-1989	63	0.01192	0.01185	0.5	87074	1032	86558	1767076	20.29
1985-1989	64	0.01287	0.01279	0.5	86042	1101	85491	1680519	19.53
1985-1989	65	0.01384	0.01374	0.5	84941	1167	84358	1595027	18.78
1985-1989	66	0.01544	0.01532	0.5	83774	1284	83132	1510670	18.03
1985-1989	67	0.01624	0.01611	0.5	82490	1329	81826	1427537	17.31
1985-1989	68	0.01799	0.01783	0.5	81161	1447	80438	1345712	16.58
1985-1989	69	0.01900	0.01882	0.5	79714	1500	78964	1265274	15.87
1985-1989	70	0.02109	0.02087	0.5	78213	1633	77397	1186310	15.17
1985-1989	71	0.02288	0.02262	0.5	76581	1732	75715	1108913	14.48
1985-1989	72	0.02589	0.02556	0.5	74849	1913	73892	1033198	13.80
1985-1989	73	0.02840	0.02800	0.5	72935	2042	71914	959306	13.15
1985-1989	74	0.03021	0.02976	0.5	70893	2110	69838	887392	12.52
1985-1989	75	0.03300	0.03246	0.5	68783	2233	67667	817554	11.89
1985-1989	76	0.03586	0.03522	0.5	66550	2344	65378	749887	11.27
1985-1989	77	0.03945	0.03868	0.5	64206	2484	62964	684509	10.66
1985-1989	78	0.04325	0.04233	0.5	61722	2613	60416	621545	10.07
1985-1989	79	0.04855	0.04740	0.5	59109	2802	57709	561129	9.49
1985-1989	80	0.05423	0.05280	0.5	56308	2973	54821	503421	8.94
1985-1989	81	0.05973	0.05800	0.5	53334	3093	51788	448600	8.41
1985-1989	82	0.06653	0.06439	0.5	50241	3235	48624	396812	7.90
1985-1989	83	0.07373	0.07111	0.5	47006	3342	45335	348188	7.41
1985-1989	84	0.08215	0.07891	0.5	43664	3445	41941	302853	6.94
1985-1989	85	0.09216	0.08810	0.5	40218	3543	38447	260912	6.49
1985-1989	86	0.10247	0.09747	0.5	36675	3575	34888	222466	6.07
1985-1989	87	0.11386	0.10772	0.5	33100	3566	31317	187578	5.67
1985-1989	88	0.12667	0.11913	0.5	29535	3518	27775	156261	5.29
1985-1989	89	0.13945	0.13036	0.5	26016	3391	24320	128485	4.94
1985-1989	90	0.15533	0.14413	0.5	22625	3261	20994	104165	4.60
1985-1989	91	0.17119	0.15769	0.5	19364	3053	17837	83171	4.30
1985-1989	92	0.18948	0.17308	0.5	16310	2823	14899	65334	4.01
1985-1989	93	0.21014	0.19016	0.5	13487	2565	12205	50435	3.74
1985-1989	94	0.22890	0.20539	0.5	10922	2243	9801	38230	3.50
1985-1989	95	0.24876	0.22124	0.5	8679	1920	7719	28429	3.28
1985-1989	96	0.27146	0.23901	0.5	6759	1615	5951	20710	3.06
1985-1989	97	0.29541	0.25739	0.5	5143	1324	4482	14759	2.87
1985-1989	98	0.32055	0.27627	0.5	3820	1055	3292	10278	2.69
1985-1989	99	0.34678	0.29554	0.5	2764	817	2356	6986	2.53
1985-1989	100	0.37397	0.31506	0.5	1947	614	1641	4630	2.38
1985-1989	101	0.40198	0.33471	0.5	1334	446	1111	2989	2.24
1985-1989	102	0.43065	0.35435	0.5	887	314	730	1879	2.12
1985-1989	103	0.45978	0.37384	0.5	573	214	466	1148	2.00
1985-1989	104	0.48920	0.39306	0.5	359	141	288	683	1.90
1985-1989	105	0.51869	0.41187	0.5	218	90	173	394	1.81
1985-1989	106	0.54805	0.43017	0.5	128	55	101	221	1.73
1985-1989	107	0.57708	0.44786	0.5	73	33	57	121	1.66
1985-1989	108	0.60559	0.46484	0.5	40	19	31	64	1.59
1985-1989	109	0.63340	0.48105	0.5	22	10	16	33	1.55
1985-1989	110+	0.66034	1.00000	1.51	11	11	17	17	1.51
1990-1994	0	0.00829	0.00823	0.08	100000	823	99240	7914582	79.15
1990-1994	1	0.00064	0.00064	0.5	99177	64	99145	7815342	78.80
1990-1994	2	0.00039	0.00039	0.5	99113	39	99094	7716197	77.85
1990-1994	3	0.00029	0.00029	0.5	99074	29	99060	7617104	76.88
1990-1994	4	0.00023	0.00023	0.5	99046	23	99034	7518044	75.90
1990-1994	5	0.00022	0.00022	0.5	99023	21	99012	7419009	74.92
1990-1994	6	0.00019	0.00019	0.5	99001	19	98992	7319997	73.94
1990-1994	7	0.00016	0.00016	0.5	98983	16	98975	7221005	72.95
1990-1994	8	0.00017	0.00017	0.5	98967	16	98958	7122031	71.96
1990-1994	9	0.00016	0.00016	0.5	98950	15	98942	7023072	70.98
1990-1994	10	0.00014	0.00014	0.5	98935	14	98928	6924130	69.99
1990-1994	11	0.00015	0.00015	0.5	98921	15	98913	6825202	69.00
1990-1994	12	0.00017	0.00017	0.5	98906	17	98898	6726289	68.01
1990-1994	13	0.00019	0.00019	0.5	98889	19	98880	6627391	67.02
1990-1994	14	0.00027	0.00027	0.5	98871	27	98858	6528511	66.03
1990-1994	15	0.00033	0.00033	0.5	98844	32	98828	6429653	65.05
1990-1994	16	0.00049	0.00049	0.5	98812	48	98788	6330825	64.07
1990-1994	17	0.00050	0.00050	0.5	98764	49	98739	6232037	63.10
1990-1994	18	0.00051	0.00051	0.5	98715	50	98690	6133298	62.13
1990-1994	19	0.00048	0.00048	0.5	98665	47	98641	6034608	61.16
1990-1994	20	0.00046	0.00046	0.5	98618	45	98595	5935967	60.19
1990-1994	21	0.00048	0.00048	0.5	98573	47	98549	5837372	59.22
1990-1994	22	0.00044	0.00044	0.5	98526	44	98504	5738823	58.25
1990-1994	23	0.00046	0.00046	0.5	98482	45	98460	5640319	57.27
1990-1994	24	0.00048	0.00048	0.5	98437	47	98414	5541859	56.30
1990-1994	25	0.00049	0.00049	0.5	98390	48	98366	5443445	55.33
1990-1994	26	0.00054	0.00054	0.5	98342	53	98315	5345080	54.35
1990-1994	27	0.00055	0.00055	0.5	98289	54	98262	5246764	53.38
1990-1994	28	0.00061	0.00061	0.5	98234	60	98204	5148503	52.41
1990-1994	29	0.00059	0.00059	0.5	98174	58	98146	5050298	51.44
1990-1994	30	0.00064	0.00064	0.5	98117	63	98086	4952153	50.47
1990-1994	31	0.00069	0.00069	0.5	98054	68	98020	4854067	49.50
1990-1994	32	0.00073	0.00073	0.5	97987	71	97951	4756047	48.54
1990-1994	33	0.00078	0.00078	0.5	97915	76	97877	4658096	47.57
1990-1994	34	0.00081	0.00081	0.5	97839	79	97799	4560218	46.61
1990-1994	35	0.00088	0.00088	0.5	97760	86	97716	4462419	45.65
1990-1994	36	0.00097	0.00097	0.5	97673	95	97626	4364703	44.69
1990-1994	37	0.00103	0.00103	0.5	97578	101	97528	4267077	43.73
1990-1994	38	0.00112	0.00112	0.5	97478	109	97423	4169548	42.77
1990-1994	39	0.00116	0.00116	0.5	97369	113	97312	4072125	41.82
1990-1994	40	0.00130	0.00130	0.5	97256	126	97193	3974813	40.87
1990-1994	41	0.00141	0.00141	0.5	97130	137	97061	3877620	39.92
1990-1994	42	0.00151	0.00150	0.5	96993	146	96920	3780559	38.98
1990-1994	43	0.00169	0.00169	0.5	96847	163	96765	3683640	38.04
1990-1994	44	0.00180	0.00180	0.5	96684	174	96597	3586874	37.10
1990-1994	45	0.00195	0.00195	0.5	96510	188	96416	3490278	36.16
1990-1994	46	0.00225	0.00224	0.5	96322	216	96214	3393862	35.23
1990-1994	47	0.00249	0.00248	0.5	96106	239	95987	3297648	34.31
1990-1994	48	0.00285	0.00284	0.5	95867	273	95731	3201661	33.40
1990-1994	49	0.00292	0.00291	0.5	95595	279	95456	3105930	32.49
1990-1994	50	0.00328	0.00328	0.5	95316	312	95160	3010474	31.58
1990-1994	51	0.00377	0.00376	0.5	95004	358	94825	2915314	30.69
1990-1994	52	0.00415	0.00415	0.5	94646	392	94450	2820488	29.80
1990-1994	53	0.00450	0.00449	0.5	94254	423	94043	2726038	28.92
1990-1994	54	0.00483	0.00481	0.5	93831	452	93605	2631996	28.05
1990-1994	55	0.00536	0.00534	0.5	93379	499	93130	2538390	27.18
1990-1994	56	0.00598	0.00596	0.5	92881	554	92604	2445260	26.33
1990-1994	57	0.00645	0.00643	0.5	92327	594	92030	2352657	25.48
1990-1994	58	0.00741	0.00738	0.5	91733	677	91395	2260627	24.64
1990-1994	59	0.00780	0.00777	0.5	91056	708	90702	2169232	23.82
1990-1994	60	0.00859	0.00855	0.5	90349	773	89962	2078530	23.01
1990-1994	61	0.00956	0.00952	0.5	89576	852	89149	1988567	22.20
1990-1994	62	0.01038	0.01032	0.5	88723	916	88265	1899418	21.41
1990-1994	63	0.01125	0.01119	0.5	87808	982	87316	1811153	20.63
1990-1994	64	0.01229	0.01222	0.5	86825	1061	86295	1723836	19.85
1990-1994	65	0.01338	0.01329	0.5	85764	1140	85194	1637541	19.09
1990-1994	66	0.01464	0.01454	0.5	84624	1230	84009	1552347	18.34
1990-1994	67	0.01614	0.01601	0.5	83394	1336	82726	1468338	17.61
1990-1994	68	0.01760	0.01744	0.5	82059	1432	81343	1385611	16.89
1990-1994	69	0.01894	0.01877	0.5	80627	1513	79871	1304268	16.18
1990-1994	70	0.02067	0.02046	0.5	79114	1618	78305	1224398	15.48
1990-1994	71	0.02246	0.02221	0.5	77496	1721	76635	1146093	14.79
1990-1994	72	0.02449	0.02420	0.5	75775	1833	74858	1069457	14.11
1990-1994	73	0.02693	0.02657	0.5	73941	1965	72959	994599	13.45
1990-1994	74	0.02910	0.02868	0.5	71977	2064	70945	921640	12.80
1990-1994	75	0.03148	0.03099	0.5	69913	2166	68829	850696	12.17
1990-1994	76	0.03493	0.03433	0.5	67746	2326	66583	781866	11.54
1990-1994	77	0.03799	0.03728	0.5	65421	2439	64201	715283	10.93
1990-1994	78	0.04076	0.03995	0.5	62982	2516	61724	651082	10.34
1990-1994	79	0.04554	0.04453	0.5	60466	2692	59120	589358	9.75
1990-1994	80	0.05186	0.05055	0.5	57773	2921	56313	530239	9.18
1990-1994	81	0.05745	0.05585	0.5	54853	3063	53321	473926	8.64
1990-1994	82	0.06381	0.06183	0.5	51789	3202	50188	420605	8.12
1990-1994	83	0.07068	0.06827	0.5	48587	3317	46929	370416	7.62
1990-1994	84	0.07878	0.07580	0.5	45270	3431	43555	323488	7.15
1990-1994	85	0.08747	0.08380	0.5	41839	3506	40086	279933	6.69
1990-1994	86	0.09751	0.09298	0.5	38333	3564	36550	239847	6.26
1990-1994	87	0.10791	0.10239	0.5	34768	3560	32988	203297	5.85
1990-1994	88	0.11981	0.11304	0.5	31208	3528	29445	170309	5.46
1990-1994	89	0.13287	0.12459	0.5	27681	3449	25956	140864	5.09
1990-1994	90	0.14743	0.13731	0.5	24232	3327	22568	114908	4.74
1990-1994	91	0.16322	0.15091	0.5	20905	3155	19327	92339	4.42
1990-1994	92	0.18248	0.16722	0.5	17750	2968	16266	73012	4.11
1990-1994	93	0.20088	0.18254	0.5	14782	2698	13433	56746	3.84
1990-1994	94	0.22202	0.19984	0.5	12084	2415	10876	43313	3.58
1990-1994	95	0.24073	0.21487	0.5	9669	2078	8630	32437	3.35
1990-1994	96	0.26309	0.23251	0.5	7591	1765	6709	23807	3.14
1990-1994	97	0.28675	0.25079	0.5	5826	1461	5096	17098	2.93
1990-1994	98	0.31163	0.26962	0.5	4365	1177	3777	12003	2.75
1990-1994	99	0.33765	0.28888	0.5	3188	921	2728	8226	2.58
1990-1994	100	0.36469	0.30845	0.5	2267	699	1918	5498	2.43
1990-1994	101	0.39261	0.32819	0.5	1568	515	1311	3581	2.28
1990-1994	102	0.42126	0.34797	0.5	1053	367	870	2270	2.16
1990-1994	103	0.45044	0.36764	0.5	687	252	561	1400	2.04
1990-1994	104	0.47997	0.38708	0.5	434	168	350	840	1.93
1990-1994	105	0.50964	0.40614	0.5	266	108	212	489	1.84
1990-1994	106	0.53924	0.42472	0.5	158	67	125	277	1.75
1990-1994	107	0.56857	0.44271	0.5	91	40	71	153	1.68
1990-1994	108	0.59742	0.46001	0.5	51	23	39	82	1.61
1990-1994	109	0.62561	0.47655	0.5	27	13	21	43	1.56
1990-1994	110+	0.65298	1.00000	1.53	14	14	22	22	1.53
1995-1999	0	0.00726	0.00721	0.07	100000	721	99332	7932326	79.32
1995-1999	1	0.00051	0.00051	0.5	99279	51	99254	7832994	78.90
1995-1999	2	0.00032	0.00032	0.5	99228	32	99212	7733740	77.94
1995-1999	3	0.00027	0.00027	0.5	99196	27	99183	7634528	76.96
1995-1999	4	0.00021	0.00021	0.5	99169	21	99159	7535345	75.98
1995-1999	5	0.00018	0.00018	0.5	99148	18	99140	7436186	75.00
1995-1999	6	0.00016	0.00016	0.5	99131	16	99123	7337047	74.01
1995-1999	7	0.00017	0.00017	0.5	99115	17	99106	7237924	73.03
1995-1999	8	0.00014	0.00014	0.5	99097	14	99090	7138818	72.04
1995-1999	9	0.00014	0.00014	0.5	99084	13	99077	7039728	71.05
1995-1999	10	0.00015	0.00015	0.5	99070	15	99063	6940651	70.06
1995-1999	11	0.00016	0.00016	0.5	99055	16	99047	6841588	69.07
1995-1999	12	0.00016	0.00016	0.5	99039	16	99031	6742541	68.08
1995-1999	13	0.00017	0.00017	0.5	99023	17	99014	6643510	67.09
1995-1999	14	0.00024	0.00024	0.5	99006	24	98994	6544496	66.10
1995-1999	15	0.00030	0.00030	0.5	98982	30	98967	6445502	65.12
1995-1999	16	0.00046	0.00046	0.5	98952	46	98929	6346534	64.14
1995-1999	17	0.00046	0.00046	0.5	98907	45	98884	6247605	63.17
1995-1999	18	0.00050	0.00050	0.5	98861	49	98837	6148721	62.20
1995-1999	19	0.00043	0.00043	0.5	98812	43	98791	6049885	61.23
1995-1999	20	0.00044	0.00044	0.5	98769	43	98748	5951094	60.25
1995-1999	21	0.00045	0.00045	0.5	98726	45	98704	5852346	59.28
1995-1999	22	0.00045	0.00045	0.5	98681	44	98659	5753642	58.31
1995-1999	23	0.00041	0.00041	0.5	98637	41	98617	5654983	57.33
1995-1999	24	0.00047	0.00047	0.5	98597	46	98574	5556366	56.35
1995-1999	25	0.00049	0.00049	0.5	98551	48	98527	5457792	55.38
1995-1999	26	0.00052	0.00052	0.5	98503	51	98477	5359265	54.41
1995-1999	27	0.00055	0.00055	0.5	98452	54	98425	5260788	53.44
1995-1999	28	0.00055	0.00055	0.5	98398	54	98371	5162363	52.46
1995-1999	29	0.00057	0.00057	0.5	98344	56	98316	5063993	51.49
1995-1999	30	0.00062	0.00062	0.5	98288	61	98258	4965677	50.52
1995-1999	31	0.00067	0.00067	0.5	98227	65	98195	4867419	49.55
1995-1999	32	0.00069	0.00068	0.5	98162	67	98128	4769225	48.59
1995-1999	33	0.00078	0.00078	0.5	98095	76	98057	4671096	47.62
1995-1999	34	0.00084	0.00084	0.5	98018	82	97977	4573040	46.65
1995-1999	35	0.00089	0.00089	0.5	97936	87	97893	4475062	45.69
1995-1999	36	0.00102	0.00102	0.5	97849	100	97800	4377169	44.73
1995-1999	37	0.00109	0.00109	0.5	97750	106	97697	4279370	43.78
1995-1999	38	0.00117	0.00117	0.5	97644	114	97587	4181673	42.83
1995-1999	39	0.00122	0.00122	0.5	97529	119	97470	4084086	41.88
1995-1999	40	0.00130	0.00130	0.5	97411	126	97347	3986616	40.93
1995-1999	41	0.00148	0.00148	0.5	97284	144	97212	3889269	39.98
1995-1999	42	0.00159	0.00159	0.5	97140	154	97063	3792057	39.04
1995-1999	43	0.00171	0.00171	0.5	96986	165	96903	3694994	38.10
1995-1999	44	0.00185	0.00185	0.5	96820	179	96731	3598091	37.16
1995-1999	45	0.00200	0.00199	0.5	96641	193	96545	3501360	36.23
1995-1999	46	0.00216	0.00215	0.5	96449	208	96345	3404815	35.30
1995-1999	47	0.00237	0.00237	0.5	96241	228	96127	3308471	34.38
1995-1999	48	0.00270	0.00269	0.5	96012	258	95883	3212344	33.46
1995-1999	49	0.00284	0.00284	0.5	95754	272	95618	3116461	32.55
1995-1999	50	0.00307	0.00307	0.5	95482	293	95336	3020843	31.64
1995-1999	51	0.00347	0.00347	0.5	95189	330	95024	2925507	30.73
1995-1999	52	0.00378	0.00378	0.5	94859	358	94680	2830483	29.84
1995-1999	53	0.00425	0.00424	0.5	94501	401	94301	2735802	28.95
1995-1999	54	0.00464	0.00463	0.5	94100	435	93883	2641502	28.07
1995-1999	55	0.00513	0.00511	0.5	93665	479	93425	2547619	27.20
1995-1999	56	0.00572	0.00570	0.5	93186	531	92920	2454194	26.34
1995-1999	57	0.00626	0.00624	0.5	92655	578	92366	2361273	25.48
1995-1999	58	0.00691	0.00688	0.5	92076	634	91759	2268908	24.64
1995-1999	59	0.00731	0.00728	0.5	91442	666	91110	2177148	23.81
1995-1999	60	0.00829	0.00825	0.5	90777	749	90402	2086039	22.98
1995-1999	61	0.00930	0.00926	0.5	90028	834	89611	1995636	22.17
1995-1999	62	0.01021	0.01016	0.5	89194	906	88741	1906026	21.37
1995-1999	63	0.01128	0.01122	0.5	88288	991	87793	1817285	20.58
1995-1999	64	0.01200	0.01193	0.5	87297	1041	86777	1729492	19.81
1995-1999	65	0.01329	0.01320	0.5	86256	1139	85687	1642716	19.04
1995-1999	66	0.01429	0.01419	0.5	85117	1208	84513	1557029	18.29
1995-1999	67	0.01547	0.01535	0.5	83909	1288	83265	1472516	17.55
1995-1999	68	0.01707	0.01693	0.5	82621	1398	81922	1389250	16.81
1995-1999	69	0.01865	0.01848	0.5	81223	1501	80473	1307328	16.10
1995-1999	70	0.02005	0.01985	0.5	79722	1583	78931	1226855	15.39
1995-1999	71	0.02267	0.02242	0.5	78140	1752	77264	1147924	14.69
1995-1999	72	0.02469	0.02439	0.5	76388	1863	75456	1070661	14.02
1995-1999	73	0.02664	0.02629	0.5	74525	1959	73545	995204	13.35
1995-1999	74	0.02861	0.02821	0.5	72566	2047	71542	921659	12.70
1995-1999	75	0.03096	0.03049	0.5	70518	2150	69444	850117	12.06
1995-1999	76	0.03404	0.03347	0.5	68369	2288	67225	780674	11.42
1995-1999	77	0.03774	0.03704	0.5	66081	2447	64857	713449	10.80
1995-1999	78	0.04148	0.04064	0.5	63633	2586	62340	648592	10.19
1995-1999	79	0.04616	0.04512	0.5	61047	2754	59670	586252	9.60
1995-1999	80	0.05229	0.05096	0.5	58293	2970	56808	526582	9.03
1995-1999	81	0.05793	0.05630	0.5	55323	3115	53765	469774	8.49
1995-1999	82	0.06435	0.06234	0.5	52208	3255	50580	416009	7.97
1995-1999	83	0.07159	0.06912	0.5	48953	3383	47261	365428	7.46
1995-1999	84	0.07962	0.07657	0.5	45570	3489	43825	318167	6.98
1995-1999	85	0.08885	0.08507	0.5	42080	3580	40290	274342	6.52
1995-1999	86	0.09965	0.09492	0.5	38500	3654	36673	234051	6.08
1995-1999	87	0.11203	0.10609	0.5	34846	3697	32998	197378	5.66
1995-1999	88	0.12419	0.11693	0.5	31149	3642	29328	164380	5.28
1995-1999	89	0.13805	0.12914	0.5	27507	3552	25731	135052	4.91
1995-1999	90	0.15526	0.14408	0.5	23955	3451	22229	109321	4.56
1995-1999	91	0.17197	0.15835	0.5	20504	3247	18880	87092	4.25
1995-1999	92	0.18916	0.17281	0.5	17257	2982	15766	68212	3.95
1995-1999	93	0.20958	0.18970	0.5	14275	2708	12921	52446	3.67
1995-1999	94	0.23559	0.21076	0.5	11567	2438	10348	39525	3.42
1995-1999	95	0.25464	0.22588	0.5	9129	2062	8098	29178	3.20
1995-1999	96	0.27883	0.24471	0.5	7067	1729	6202	21080	2.98
1995-1999	97	0.30437	0.26417	0.5	5338	1410	4633	14878	2.79
1995-1999	98	0.33119	0.28414	0.5	3927	1116	3370	10245	2.61
1995-1999	99	0.35914	0.30447	0.5	2812	856	2384	6876	2.45
1995-1999	100	0.38809	0.32502	0.5	1956	636	1638	4492	2.30
1995-1999	101	0.41785	0.34564	0.5	1320	456	1092	2854	2.16
1995-1999	102	0.44822	0.36616	0.5	864	316	706	1762	2.04
1995-1999	103	0.47897	0.38643	0.5	547	212	442	1057	1.93
1995-1999	104	0.50989	0.40631	0.5	336	136	268	615	1.83
1995-1999	105	0.54074	0.42565	0.5	199	85	157	348	1.74
1995-1999	106	0.57127	0.44435	0.5	115	51	89	191	1.66
1995-1999	107	0.60128	0.46229	0.5	64	29	49	101	1.59
1995-1999	108	0.63054	0.47940	0.5	34	16	26	53	1.53
1995-1999	109	0.65887	0.49560	0.5	18	9	13	26	1.49
1995-1999	110+	0.68611	1.00000	1.46	9	9	13	13	1.46
2000-2004	0	0.00670	0.00666	0.07	100000	666	99381	7969772	79.70
2000-2004	1	0.00046	0.00046	0.5	99334	45	99311	7870391	79.23
2000-2004	2	0.00029	0.00029	0.5	99288	29	99274	7771080	78.27
2000-2004	3	0.00020	0.00020	0.5	99260	20	99250	7671806	77.29
2000-2004	4	0.00017	0.00017	0.5	99240	17	99231	7572556	76.31
2000-2004	5	0.00016	0.00016	0.5	99223	16	99215	7473325	75.32
2000-2004	6	0.00012	0.00012	0.5	99208	12	99202	7374109	74.33
2000-2004	7	0.00014	0.00014	0.5	99195	14	99188	7274908	73.34
2000-2004	8	0.00013	0.00013	0.5	99181	12	99175	7175719	72.35
2000-2004	9	0.00012	0.00012	0.5	99169	12	99163	7076544	71.36
2000-2004	10	0.00013	0.00013	0.5	99157	13	99150	6977382	70.37
2000-2004	11	0.00013	0.00013	0.5	99143	12	99137	6878231	69.38
2000-2004	12	0.00014	0.00014	0.5	99131	13	99124	6779094	68.39
2000-2004	13	0.00017	0.00017	0.5	99118	17	99109	6679970	67.39
2000-2004	14	0.00021	0.00021	0.5	99101	21	99091	6580860	66.41
2000-2004	15	0.00028	0.00028	0.5	99080	27	99067	6481770	65.42
2000-2004	16	0.00038	0.00038	0.5	99053	38	99034	6382703	64.44
2000-2004	17	0.00041	0.00041	0.5	99015	41	98995	6283669	63.46
2000-2004	18	0.00044	0.00044	0.5	98974	43	98953	6184675	62.49
2000-2004	19	0.00043	0.00043	0.5	98931	42	98910	6085722	61.51
2000-2004	20	0.00042	0.00042	0.5	98889	42	98868	5986812	60.54
2000-2004	21	0.00045	0.00045	0.5	98848	45	98825	5887943	59.57
2000-2004	22	0.00046	0.00046	0.5	98803	45	98780	5789118	58.59
2000-2004	23	0.00044	0.00044	0.5	98758	43	98736	5690338	57.62
2000-2004	24	0.00046	0.00046	0.5	98714	45	98692	5591602	56.64
2000-2004	25	0.00046	0.00046	0.5	98669	45	98646	5492910	55.67
2000-2004	26	0.00046	0.00046	0.5	98623	46	98601	5394264	54.70
2000-2004	27	0.00049	0.00049	0.5	98578	48	98554	5295664	53.72
2000-2004	28	0.00054	0.00054	0.5	98530	53	98504	5197110	52.75
2000-2004	29	0.00057	0.00057	0.5	98477	56	98449	5098606	51.77
2000-2004	30	0.00062	0.00062	0.5	98421	61	98390	5000157	50.80
2000-2004	31	0.00063	0.00063	0.5	98360	62	98329	4901767	49.84
2000-2004	32	0.00070	0.00070	0.5	98298	69	98263	4803438	48.87
2000-2004	33	0.00076	0.00076	0.5	98229	75	98192	4705175	47.90
2000-2004	34	0.00077	0.00077	0.5	98154	76	98116	4606983	46.94
2000-2004	35	0.00086	0.00086	0.5	98078	84	98036	4508867	45.97
2000-2004	36	0.00094	0.00094	0.5	97994	92	97948	4410831	45.01
2000-2004	37	0.00105	0.00105	0.5	97902	102	97850	4312883	44.05
2000-2004	38	0.00116	0.00116	0.5	97799	113	97743	4215033	43.10
2000-2004	39	0.00128	0.00128	0.5	97686	125	97624	4117290	42.15
2000-2004	40	0.00138	0.00138	0.5	97561	135	97494	4019667	41.20
2000-2004	41	0.00149	0.00149	0.5	97427	145	97354	3922173	40.26
2000-2004	42	0.00167	0.00167	0.5	97282	162	97200	3824819	39.32
2000-2004	43	0.00186	0.00185	0.5	97119	180	97029	3727618	38.38
2000-2004	44	0.00192	0.00192	0.5	96939	186	96846	3630589	37.45
2000-2004	45	0.00214	0.00214	0.5	96753	207	96650	3533742	36.52
2000-2004	46	0.00228	0.00228	0.5	96547	220	96437	3437092	35.60
2000-2004	47	0.00247	0.00246	0.5	96327	237	96208	3340656	34.68
2000-2004	48	0.00269	0.00269	0.5	96089	259	95960	3244448	33.76
2000-2004	49	0.00290	0.00289	0.5	95831	277	95692	3148488	32.85
2000-2004	50	0.00310	0.00309	0.5	95554	296	95406	3052795	31.95
2000-2004	51	0.00328	0.00328	0.5	95258	312	95102	2957389	31.05
2000-2004	52	0.00363	0.00363	0.5	94946	344	94774	2862287	30.15
2000-2004	53	0.00409	0.00408	0.5	94602	386	94409	2767514	29.25
2000-2004	54	0.00441	0.00440	0.5	94216	415	94008	2673105	28.37
2000-2004	55	0.00478	0.00477	0.5	93801	447	93577	2579097	27.50
2000-2004	56	0.00515	0.00514	0.5	93354	480	93114	2485520	26.62
2000-2004	57	0.00590	0.00588	0.5	92874	546	92601	2392406	25.76
2000-2004	58	0.00646	0.00644	0.5	92328	594	92030	2299805	24.91
2000-2004	59	0.00718	0.00716	0.5	91733	656	91405	2207775	24.07
2000-2004	60	0.00777	0.00774	0.5	91077	705	90724	2116370	23.24
2000-2004	61	0.00850	0.00847	0.5	90372	765	89989	2025645	22.41
2000-2004	62	0.00953	0.00949	0.5	89607	850	89182	1935656	21.60
2000-2004	63	0.01020	0.01015	0.5	88757	901	88306	1846474	20.80
2000-2004	64	0.01154	0.01148	0.5	87856	1008	87352	1758168	20.01
2000-2004	65	0.01224	0.01216	0.5	86848	1056	86319	1670816	19.24
2000-2004	66	0.01361	0.01352	0.5	85791	1160	85211	1584496	18.47
2000-2004	67	0.01487	0.01476	0.5	84631	1249	84007	1499285	17.72
2000-2004	68	0.01619	0.01606	0.5	83382	1339	82713	1415278	16.97
2000-2004	69	0.01746	0.01731	0.5	82043	1420	81333	1332565	16.24
2000-2004	70	0.01944	0.01926	0.5	80623	1552	79847	1251232	15.52
2000-2004	71	0.02135	0.02112	0.5	79070	1670	78235	1171386	14.81
2000-2004	72	0.02322	0.02295	0.5	77400	1776	76512	1093150	14.12
2000-2004	73	0.02510	0.02479	0.5	75624	1874	74686	1016638	13.44
2000-2004	74	0.02776	0.02738	0.5	73749	2019	72740	941952	12.77
2000-2004	75	0.03060	0.03014	0.5	71730	2162	70649	869212	12.12
2000-2004	76	0.03359	0.03304	0.5	69568	2298	68419	798563	11.48
2000-2004	77	0.03650	0.03585	0.5	67270	2411	66064	730144	10.85
2000-2004	78	0.04020	0.03941	0.5	64858	2556	63580	664080	10.24
2000-2004	79	0.04479	0.04381	0.5	62302	2729	60938	600500	9.64
2000-2004	80	0.05040	0.04917	0.5	59573	2929	58109	539562	9.06
2000-2004	81	0.05582	0.05431	0.5	56644	3076	55106	481454	8.50
2000-2004	82	0.06329	0.06135	0.5	53568	3286	51925	426348	7.96
2000-2004	83	0.06985	0.06749	0.5	50282	3393	48585	374423	7.45
2000-2004	84	0.07860	0.07563	0.5	46888	3546	45115	325838	6.95
2000-2004	85	0.08794	0.08424	0.5	43342	3651	41517	280722	6.48
2000-2004	86	0.09897	0.09430	0.5	39691	3743	37820	239205	6.03
2000-2004	87	0.11188	0.10596	0.5	35948	3809	34044	201386	5.60
2000-2004	88	0.12417	0.11691	0.5	32139	3757	30261	167342	5.21
2000-2004	89	0.13937	0.13029	0.5	28382	3698	26533	137081	4.83
2000-2004	90	0.15548	0.14427	0.5	24684	3561	22904	110548	4.48
2000-2004	91	0.17518	0.16108	0.5	21123	3402	19422	87644	4.15
2000-2004	92	0.19530	0.17793	0.5	17721	3153	16144	68223	3.85
2000-2004	93	0.21926	0.19760	0.5	14568	2879	13128	52078	3.57
2000-2004	94	0.23953	0.21391	0.5	11689	2500	10439	38950	3.33
2000-2004	95	0.26270	0.23220	0.5	9189	2134	8122	28511	3.10
2000-2004	96	0.28846	0.25210	0.5	7055	1779	6166	20389	2.89
2000-2004	97	0.31567	0.27264	0.5	5276	1439	4557	14224	2.70
2000-2004	98	0.34420	0.29366	0.5	3838	1127	3274	9667	2.52
2000-2004	99	0.37390	0.31501	0.5	2711	854	2284	6392	2.36
2000-2004	100	0.40459	0.33651	0.5	1857	625	1544	4108	2.21
2000-2004	101	0.43604	0.35799	0.5	1232	441	1012	2564	2.08
2000-2004	102	0.46801	0.37926	0.5	791	300	641	1552	1.96
2000-2004	103	0.50024	0.40016	0.5	491	196	393	911	1.86
2000-2004	104	0.53248	0.42052	0.5	295	124	233	519	1.76
2000-2004	105	0.56444	0.44021	0.5	171	75	133	286	1.68
2000-2004	106	0.59588	0.45910	0.5	96	44	74	153	1.60
2000-2004	107	0.62655	0.47709	0.5	52	25	39	79	1.53
2000-2004	108	0.65624	0.49411	0.5	27	13	20	40	1.48
2000-2004	109	0.68475	0.51010	0.5	14	7	10	20	1.43
2000-2004	110+	0.71194	1.00000	1.4	7	7	9	9	1.40
2005-2009	0	0.00646	0.00642	0.07	100000	642	99403	8043145	80.43
2005-2009	1	0.00044	0.00044	0.5	99358	44	99336	7943741	79.95
2005-2009	2	0.00024	0.00024	0.5	99314	24	99302	7844405	78.99
2005-2009	3	0.00019	0.00019	0.5	99290	19	99281	7745104	78.00
2005-2009	4	0.00014	0.00014	0.5	99271	14	99264	7645823	77.02
2005-2009	5	0.00013	0.00013	0.5	99258	13	99251	7546559	76.03
2005-2009	6	0.00013	0.00013	0.5	99245	13	99238	7447307	75.04
2005-2009	7	0.00012	0.00012	0.5	99232	11	99226	7348069	74.05
2005-2009	8	0.00012	0.00012	0.5	99220	12	99214	7248843	73.06
2005-2009	9	0.00011	0.00011	0.5	99208	11	99203	7149629	72.07
2005-2009	10	0.00012	0.00012	0.5	99197	12	99191	7050426	71.08
2005-2009	11	0.00011	0.00011	0.5	99185	11	99180	6951235	70.08
2005-2009	12	0.00011	0.00011	0.5	99174	11	99169	6852055	69.09
2005-2009	13	0.00014	0.00014	0.5	99163	13	99156	6752886	68.10
2005-2009	14	0.00018	0.00018	0.5	99150	18	99141	6653730	67.11
2005-2009	15	0.00022	0.00022	0.5	99132	22	99121	6554589	66.12
2005-2009	16	0.00032	0.00032	0.5	99110	32	99094	6455468	65.13
2005-2009	17	0.00035	0.00035	0.5	99078	35	99061	6356374	64.16
2005-2009	18	0.00041	0.00041	0.5	99043	40	99023	6257313	63.18
2005-2009	19	0.00039	0.00039	0.5	99003	39	98984	6158290	62.20
2005-2009	20	0.00038	0.00038	0.5	98964	38	98946	6059307	61.23
2005-2009	21	0.00044	0.00044	0.5	98927	44	98905	5960361	60.25
2005-2009	22	0.00043	0.00043	0.5	98883	43	98862	5861456	59.28
2005-2009	23	0.00046	0.00046	0.5	98840	45	98818	5762595	58.30
2005-2009	24	0.00047	0.00047	0.5	98795	47	98772	5663777	57.33
2005-2009	25	0.00050	0.00050	0.5	98748	49	98724	5565005	56.36
2005-2009	26	0.00051	0.00051	0.5	98699	50	98674	5466281	55.38
2005-2009	27	0.00055	0.00055	0.5	98649	54	98622	5367607	54.41
2005-2009	28	0.00057	0.00057	0.5	98595	56	98567	5268985	53.44
2005-2009	29	0.00061	0.00061	0.5	98539	60	98509	5170419	52.47
2005-2009	30	0.00062	0.00062	0.5	98478	61	98448	5071910	51.50
2005-2009	31	0.00064	0.00064	0.5	98417	63	98385	4973462	50.53
2005-2009	32	0.00073	0.00073	0.5	98354	71	98318	4875077	49.57
2005-2009	33	0.00073	0.00073	0.5	98282	72	98247	4776759	48.60
2005-2009	34	0.00080	0.00080	0.5	98211	78	98172	4678512	47.64
2005-2009	35	0.00087	0.00087	0.5	98133	86	98090	4580340	46.67
2005-2009	36	0.00090	0.00090	0.5	98047	88	98003	4482251	45.72
2005-2009	37	0.00101	0.00101	0.5	97959	99	97909	4384248	44.76
2005-2009	38	0.00112	0.00112	0.5	97860	110	97805	4286338	43.80
2005-2009	39	0.00121	0.00121	0.5	97750	118	97691	4188533	42.85
2005-2009	40	0.00139	0.00139	0.5	97632	135	97565	4090842	41.90
2005-2009	41	0.00149	0.00148	0.5	97497	145	97425	3993277	40.96
2005-2009	42	0.00158	0.00158	0.5	97352	154	97275	3895852	40.02
2005-2009	43	0.00176	0.00176	0.5	97198	171	97113	3798577	39.08
2005-2009	44	0.00199	0.00199	0.5	97027	193	96931	3701464	38.15
2005-2009	45	0.00214	0.00213	0.5	96834	207	96731	3604533	37.22
2005-2009	46	0.00231	0.00231	0.5	96628	223	96516	3507802	36.30
2005-2009	47	0.00259	0.00259	0.5	96405	250	96280	3411286	35.39
2005-2009	48	0.00276	0.00276	0.5	96155	265	96022	3315006	34.48
2005-2009	49	0.00293	0.00292	0.5	95890	280	95749	3218984	33.57
2005-2009	50	0.00325	0.00324	0.5	95609	310	95454	3123235	32.67
2005-2009	51	0.00344	0.00344	0.5	95299	327	95135	3027781	31.77
2005-2009	52	0.00369	0.00369	0.5	94971	350	94796	2932645	30.88
2005-2009	53	0.00391	0.00390	0.5	94621	369	94437	2837849	29.99
2005-2009	54	0.00421	0.00420	0.5	94252	396	94054	2743412	29.11
2005-2009	55	0.00448	0.00447	0.5	93856	419	93646	2649358	28.23
2005-2009	56	0.00497	0.00496	0.5	93437	463	93205	2555712	27.35
2005-2009	57	0.00534	0.00533	0.5	92974	495	92726	2462507	26.49
2005-2009	58	0.00594	0.00592	0.5	92478	547	92205	2369781	25.63
2005-2009	59	0.00630	0.00628	0.5	91931	578	91642	2277576	24.77
2005-2009	60	0.00709	0.00707	0.5	91354	646	91031	2185934	23.93
2005-2009	61	0.00765	0.00763	0.5	90708	692	90362	2094903	23.10
2005-2009	62	0.00859	0.00855	0.5	90016	770	89631	2004541	22.27
2005-2009	63	0.00945	0.00941	0.5	89246	840	88826	1914910	21.46
2005-2009	64	0.01036	0.01031	0.5	88406	911	87951	1826084	20.66
2005-2009	65	0.01124	0.01118	0.5	87495	978	87006	1738133	19.87
2005-2009	66	0.01224	0.01216	0.5	86517	1052	85991	1651127	19.08
2005-2009	67	0.01347	0.01338	0.5	85465	1144	84893	1565137	18.31
2005-2009	68	0.01461	0.01451	0.5	84321	1223	83709	1480244	17.55
2005-2009	69	0.01590	0.01577	0.5	83098	1311	82442	1396535	16.81
2005-2009	70	0.01782	0.01766	0.5	81787	1445	81065	1314093	16.07
2005-2009	71	0.01910	0.01891	0.5	80342	1520	79582	1233028	15.35
2005-2009	72	0.02151	0.02128	0.5	78823	1677	77984	1153445	14.63
2005-2009	73	0.02332	0.02305	0.5	77146	1778	76257	1075461	13.94
2005-2009	74	0.02540	0.02508	0.5	75368	1890	74423	999205	13.26
2005-2009	75	0.02803	0.02765	0.5	73477	2031	72462	924782	12.59
2005-2009	76	0.03068	0.03021	0.5	71446	2159	70367	852320	11.93
2005-2009	77	0.03377	0.03321	0.5	69288	2301	68137	781953	11.29
2005-2009	78	0.03742	0.03673	0.5	66987	2460	65756	713816	10.66
2005-2009	79	0.04113	0.04030	0.5	64526	2600	63226	648060	10.04
2005-2009	80	0.04600	0.04497	0.5	61926	2785	60533	584834	9.44
2005-2009	81	0.05130	0.05002	0.5	59141	2958	57662	524301	8.87
2005-2009	82	0.05722	0.05563	0.5	56183	3125	54620	466639	8.31
2005-2009	83	0.06422	0.06222	0.5	53058	3301	51407	412018	7.77
2005-2009	84	0.07179	0.06931	0.5	49756	3448	48032	360612	7.25
2005-2009	85	0.08125	0.07808	0.5	46308	3616	44500	312580	6.75
2005-2009	86	0.09157	0.08756	0.5	42692	3738	40823	268080	6.28
2005-2009	87	0.10269	0.09767	0.5	38954	3805	37052	227257	5.83
2005-2009	88	0.11575	0.10942	0.5	35149	3846	33226	190205	5.41
2005-2009	89	0.13040	0.12242	0.5	31303	3832	29387	156979	5.01
2005-2009	90	0.14647	0.13647	0.5	27471	3749	25596	127592	4.64
2005-2009	91	0.16452	0.15202	0.5	23722	3606	21919	101995	4.30
2005-2009	92	0.18539	0.16966	0.5	20116	3413	18409	80077	3.98
2005-2009	93	0.20710	0.18767	0.5	16703	3135	15136	61667	3.69
2005-2009	94	0.23090	0.20700	0.5	13568	2809	12164	46531	3.43
2005-2009	95	0.25156	0.22345	0.5	10760	2404	9558	34367	3.19
2005-2009	96	0.27725	0.24350	0.5	8355	2035	7338	24810	2.97
2005-2009	97	0.30451	0.26427	0.5	6321	1670	5486	17472	2.76
2005-2009	98	0.33320	0.28562	0.5	4650	1328	3986	11986	2.58
2005-2009	99	0.36319	0.30737	0.5	3322	1021	2812	8000	2.41
2005-2009	100	0.39428	0.32935	0.5	2301	758	1922	5188	2.25
2005-2009	101	0.42625	0.35137	0.5	1543	542	1272	3266	2.12
2005-2009	102	0.45885	0.37322	0.5	1001	374	814	1994	1.99
2005-2009	103	0.49181	0.39474	0.5	627	248	504	1180	1.88
2005-2009	104	0.52483	0.41574	0.5	380	158	301	676	1.78
2005-2009	105	0.55764	0.43606	0.5	222	97	173	375	1.69
2005-2009	106	0.58996	0.45557	0.5	125	57	97	202	1.61
2005-2009	107	0.62152	0.47417	0.5	68	32	52	105	1.54
2005-2009	108	0.65208	0.49175	0.5	36	18	27	53	1.49
2005-2009	109	0.68143	0.50826	0.5	18	9	14	26	1.44
2005-2009	110+	0.70942	1.00000	1.41	9	9	13	13	1.41
2010-2014	0	0.00588	0.00585	0.07	100000	585	99456	8091303	80.91
2010-2014	1	0.00040	0.00040	0.5	99415	40	99395	7991848	80.39
2010-2014	2	0.00021	0.00021	0.5	99375	21	99365	7892453	79.42
2010-2014	3	0.00017	0.00017	0.5	99354	17	99346	7793088	78.44
2010-2014	4	0.00014	0.00014	0.5	99337	14	99330	7693742	77.45
2010-2014	5	0.00012	0.00012	0.5	99324	12	99318	7594412	76.46
2010-2014	6	0.00010	0.00010	0.5	99312	10	99306	7495094	75.47
2010-2014	7	0.00009	0.00009	0.5	99301	9	99297	7395788	74.48
2010-2014	8	0.00010	0.00010	0.5	99292	10	99287	7296491	73.49
2010-2014	9	0.00009	0.00009	0.5	99281	9	99277	7197205	72.49
2010-2014	10	0.00011	0.00011	0.5	99272	11	99267	7097928	71.50
2010-2014	11	0.00011	0.00011	0.5	99261	11	99256	6998661	70.51
2010-2014	12	0.00011	0.00011	0.5	99251	11	99245	6899405	69.51
2010-2014	13	0.00012	0.00012	0.5	99240	12	99233	6800160	68.52
2010-2014	14	0.00015	0.00015	0.5	99227	15	99220	6700926	67.53
2010-2014	15	0.00021	0.00021	0.5	99212	20	99202	6601706	66.54
2010-2014	16	0.00026	0.00026	0.5	99192	26	99179	6502504	65.55
2010-2014	17	0.00028	0.00028	0.5	99166	28	99152	6403325	64.57
2010-2014	18	0.00035	0.00035	0.5	99138	34	99121	6304173	63.59
2010-2014	19	0.00037	0.00037	0.5	99104	37	99086	6205052	62.61
2010-2014	20	0.00040	0.00040	0.5	99067	40	99048	6105966	61.63
2010-2014	21	0.00041	0.00041	0.5	99028	40	99008	6006918	60.66
2010-2014	22	0.00045	0.00045	0.5	98987	45	98965	5907911	59.68
2010-2014	23	0.00049	0.00049	0.5	98943	48	98919	5808946	58.71
2010-2014	24	0.00052	0.00052	0.5	98894	52	98869	5710027	57.74
2010-2014	25	0.00052	0.00052	0.5	98843	51	98817	5611159	56.77
2010-2014	26	0.00056	0.00056	0.5	98791	55	98764	5512342	55.80
2010-2014	27	0.00056	0.00056	0.5	98736	55	98709	5413578	54.83
2010-2014	28	0.00062	0.00062	0.5	98681	61	98651	5314869	53.86
2010-2014	29	0.00067	0.00067	0.5	98620	66	98587	5216219	52.89
2010-2014	30	0.00069	0.00069	0.5	98554	68	98520	5117631	51.93
2010-2014	31	0.00069	0.00069	0.5	98486	68	98452	5019111	50.96
2010-2014	32	0.00076	0.00076	0.5	98418	75	98381	4920659	50.00
2010-2014	33	0.00080	0.00080	0.5	98343	78	98304	4822278	49.04
2010-2014	34	0.00087	0.00087	0.5	98265	85	98222	4723974	48.07
2010-2014	35	0.00095	0.00095	0.5	98180	93	98133	4625752	47.12
2010-2014	36	0.00098	0.00098	0.5	98087	96	98039	4527619	46.16
2010-2014	37	0.00107	0.00106	0.5	97991	104	97938	4429580	45.20
2010-2014	38	0.00112	0.00112	0.5	97886	109	97832	4331642	44.25
2010-2014	39	0.00118	0.00118	0.5	97777	115	97719	4233810	43.30
2010-2014	40	0.00131	0.00131	0.5	97662	128	97597	4136091	42.35
2010-2014	41	0.00142	0.00142	0.5	97533	138	97464	4038493	41.41
2010-2014	42	0.00154	0.00154	0.5	97395	150	97320	3941029	40.46
2010-2014	43	0.00167	0.00167	0.5	97245	162	97164	3843709	39.53
2010-2014	44	0.00185	0.00185	0.5	97083	179	96993	3746545	38.59
2010-2014	45	0.00198	0.00198	0.5	96903	192	96807	3649552	37.66
2010-2014	46	0.00229	0.00229	0.5	96712	221	96601	3552745	36.74
2010-2014	47	0.00247	0.00246	0.5	96490	238	96371	3456144	35.82
2010-2014	48	0.00271	0.00271	0.5	96253	261	96122	3359773	34.91
2010-2014	49	0.00301	0.00300	0.5	95992	288	95848	3263650	34.00
2010-2014	50	0.00321	0.00321	0.5	95704	307	95551	3167802	33.10
2010-2014	51	0.00351	0.00350	0.5	95397	334	95230	3072252	32.20
2010-2014	52	0.00385	0.00384	0.5	95063	365	94880	2977022	31.32
2010-2014	53	0.00410	0.00409	0.5	94698	388	94504	2882142	30.44
2010-2014	54	0.00436	0.00436	0.5	94310	411	94105	2787638	29.56
2010-2014	55	0.00468	0.00467	0.5	93899	438	93680	2693533	28.69
2010-2014	56	0.00506	0.00505	0.5	93461	472	93225	2599853	27.82
2010-2014	57	0.00537	0.00536	0.5	92989	498	92740	2506628	26.96
2010-2014	58	0.00576	0.00574	0.5	92491	531	92225	2413888	26.10
2010-2014	59	0.00616	0.00615	0.5	91960	565	91677	2321663	25.25
2010-2014	60	0.00662	0.00659	0.5	91395	603	91093	2229985	24.40
2010-2014	61	0.00721	0.00718	0.5	90792	652	90466	2138892	23.56
2010-2014	62	0.00778	0.00775	0.5	90140	699	89791	2048426	22.72
2010-2014	63	0.00879	0.00875	0.5	89441	782	89050	1958635	21.90
2010-2014	64	0.00953	0.00948	0.5	88659	841	88239	1869585	21.09
2010-2014	65	0.01043	0.01038	0.5	87818	912	87363	1781346	20.28
2010-2014	66	0.01138	0.01132	0.5	86907	983	86415	1693984	19.49
2010-2014	67	0.01260	0.01252	0.5	85923	1076	85385	1607569	18.71
2010-2014	68	0.01361	0.01352	0.5	84848	1147	84274	1522183	17.94
2010-2014	69	0.01530	0.01518	0.5	83701	1271	83066	1437909	17.18
2010-2014	70	0.01662	0.01648	0.5	82430	1359	81751	1354844	16.44
2010-2014	71	0.01835	0.01819	0.5	81071	1474	80334	1273093	15.70
2010-2014	72	0.02006	0.01986	0.5	79597	1581	78807	1192758	14.98
2010-2014	73	0.02186	0.02162	0.5	78016	1687	77173	1113952	14.28
2010-2014	74	0.02404	0.02376	0.5	76330	1813	75423	1036778	13.58
2010-2014	75	0.02656	0.02621	0.5	74516	1953	73540	961355	12.90
2010-2014	76	0.02931	0.02889	0.5	72563	2096	71515	887815	12.24
2010-2014	77	0.03198	0.03147	0.5	70467	2218	69358	816300	11.58
2010-2014	78	0.03576	0.03513	0.5	68249	2398	67050	746942	10.94
2010-2014	79	0.03920	0.03845	0.5	65852	2532	64586	679892	10.32
2010-2014	80	0.04303	0.04212	0.5	63320	2667	61986	615306	9.72
2010-2014	81	0.04796	0.04684	0.5	60652	2841	59232	553320	9.12
2010-2014	82	0.05373	0.05233	0.5	57812	3025	56299	494088	8.55
2010-2014	83	0.06025	0.05849	0.5	54786	3204	53184	437789	7.99
2010-2014	84	0.06808	0.06584	0.5	51582	3396	49884	384605	7.46
2010-2014	85	0.07734	0.07446	0.5	48186	3588	46392	334721	6.95
2010-2014	86	0.08591	0.08237	0.5	44598	3674	42761	288329	6.47
2010-2014	87	0.09758	0.09304	0.5	40924	3808	39021	245568	6.00
2010-2014	88	0.10980	0.10408	0.5	37117	3863	35185	206547	5.56
2010-2014	89	0.12386	0.11664	0.5	33254	3879	31314	171362	5.15
2010-2014	90	0.14110	0.13180	0.5	29375	3872	27439	140048	4.77
2010-2014	91	0.15750	0.14600	0.5	25503	3723	23641	112609	4.42
2010-2014	92	0.17772	0.16321	0.5	21780	3555	20002	88968	4.08
2010-2014	93	0.19815	0.18029	0.5	18225	3286	16582	68965	3.78
2010-2014	94	0.22269	0.20038	0.5	14939	2994	13443	52383	3.51
2010-2014	95	0.24391	0.21740	0.5	11946	2597	10647	38940	3.26
2010-2014	96	0.26953	0.23752	0.5	9349	2221	8239	28293	3.03
2010-2014	97	0.29678	0.25843	0.5	7128	1842	6207	20055	2.81
2010-2014	98	0.32557	0.27999	0.5	5286	1480	4546	13848	2.62
2010-2014	99	0.35573	0.30201	0.5	3806	1149	3231	9301	2.44
2010-2014	100	0.38708	0.32431	0.5	2657	862	2226	6070	2.28
2010-2014	101	0.41940	0.34670	0.5	1795	622	1484	3844	2.14
2010-2014	102	0.45242	0.36896	0.5	1173	433	956	2361	2.01
2010-2014	103	0.48587	0.39090	0.5	740	289	595	1404	1.90
2010-2014	104	0.51944	0.41235	0.5	451	186	358	809	1.79
2010-2014	105	0.55284	0.43312	0.5	265	115	208	451	1.70
2010-2014	106	0.58577	0.45307	0.5	150	68	116	244	1.62
2010-2014	107	0.61795	0.47209	0.5	82	39	63	127	1.55
2010-2014	108	0.64913	0.49007	0.5	43	21	33	65	1.49
2010-2014	109	0.67908	0.50695	0.5	22	11	17	32	1.44
2010-2014	110+	0.70763	1.00000	1.41	11	11	15	15	1.41
2015-2019	0	0.00560	0.00557	0.07	100000	557	99481	8084905	80.85
2015-2019	1	0.00037	0.00037	0.5	99443	36	99425	7985424	80.30
2015-2019	2	0.00022	0.00022	0.5	99406	22	99395	7885999	79.33
2015-2019	3	0.00016	0.00016	0.5	99384	16	99377	7786603	78.35
2015-2019	4	0.00014	0.00014	0.5	99369	14	99362	7687227	77.36
2015-2019	5	0.00013	0.00013	0.5	99355	13	99348	7587865	76.37
2015-2019	6	0.00011	0.00011	0.5	99341	11	99336	7488517	75.38
2015-2019	7	0.00010	0.00010	0.5	99330	10	99325	7389181	74.39
2015-2019	8	0.00011	0.00011	0.5	99320	10	99315	7289856	73.40
2015-2019	9	0.00011	0.00011	0.5	99310	10	99305	7190541	72.41
2015-2019	10	0.00009	0.00009	0.5	99299	9	99295	7091237	71.41
2015-2019	11	0.00012	0.00012	0.5	99290	12	99284	6991942	70.42
2015-2019	12	0.00013	0.00013	0.5	99278	12	99272	6892658	69.43
2015-2019	13	0.00015	0.00015	0.5	99266	15	99258	6793386	68.44
2015-2019	14	0.00018	0.00018	0.5	99251	18	99242	6694128	67.45
2015-2019	15	0.00021	0.00021	0.5	99233	21	99222	6594886	66.46
2015-2019	16	0.00026	0.00026	0.5	99212	26	99199	6495664	65.47
2015-2019	17	0.00029	0.00029	0.5	99186	29	99171	6396465	64.49
2015-2019	18	0.00038	0.00038	0.5	99157	38	99138	6297294	63.51
2015-2019	19	0.00041	0.00041	0.5	99119	40	99099	6198156	62.53
2015-2019	20	0.00043	0.00043	0.5	99079	42	99057	6099057	61.56
2015-2019	21	0.00048	0.00048	0.5	99036	48	99012	6000000	60.58
2015-2019	22	0.00052	0.00052	0.5	98988	52	98962	5900988	59.61
2015-2019	23	0.00056	0.00056	0.5	98936	55	98909	5802026	58.64
2015-2019	24	0.00057	0.00057	0.5	98881	57	98853	5703117	57.68
2015-2019	25	0.00064	0.00064	0.5	98825	64	98793	5604264	56.71
2015-2019	26	0.00070	0.00070	0.5	98761	69	98727	5505471	55.75
2015-2019	27	0.00074	0.00074	0.5	98692	73	98656	5406744	54.78
2015-2019	28	0.00078	0.00078	0.5	98619	77	98581	5308088	53.82
2015-2019	29	0.00084	0.00084	0.5	98542	82	98501	5209507	52.87
2015-2019	30	0.00086	0.00086	0.5	98460	85	98417	5111006	51.91
2015-2019	31	0.00094	0.00094	0.5	98375	93	98329	5012589	50.95
2015-2019	32	0.00101	0.00101	0.5	98282	99	98233	4914260	50.00
2015-2019	33	0.00102	0.00102	0.5	98183	100	98133	4816027	49.05
2015-2019	34	0.00107	0.00107	0.5	98083	105	98031	4717894	48.10
2015-2019	35	0.00113	0.00113	0.5	97978	111	97923	4619863	47.15
2015-2019	36	0.00121	0.00121	0.5	97867	118	97808	4521941	46.20
2015-2019	37	0.00126	0.00126	0.5	97749	123	97687	4424133	45.26
2015-2019	38	0.00127	0.00127	0.5	97626	124	97564	4326445	44.32
2015-2019	39	0.00142	0.00142	0.5	97502	138	97433	4228882	43.37
2015-2019	40	0.00145	0.00145	0.5	97364	141	97293	4131449	42.43
2015-2019	41	0.00159	0.00159	0.5	97223	154	97146	4034156	41.49
2015-2019	42	0.00167	0.00167	0.5	97068	162	96987	3937010	40.56
2015-2019	43	0.00181	0.00180	0.5	96907	175	96819	3840023	39.63
2015-2019	44	0.00201	0.00201	0.5	96732	194	96634	3743204	38.70
2015-2019	45	0.00216	0.00216	0.5	96537	208	96433	3646569	37.77
2015-2019	46	0.00235	0.00235	0.5	96329	226	96216	3550136	36.85
2015-2019	47	0.00247	0.00246	0.5	96103	237	95984	3453921	35.94
2015-2019	48	0.00270	0.00270	0.5	95866	258	95737	3357936	35.03
2015-2019	49	0.00292	0.00292	0.5	95608	279	95468	3262199	34.12
2015-2019	50	0.00324	0.00324	0.5	95329	309	95174	3166731	33.22
2015-2019	51	0.00342	0.00342	0.5	95020	325	94858	3071557	32.33
2015-2019	52	0.00378	0.00377	0.5	94695	357	94517	2976699	31.43
2015-2019	53	0.00413	0.00412	0.5	94338	389	94143	2882183	30.55
2015-2019	54	0.00454	0.00453	0.5	93949	425	93736	2788040	29.68
2015-2019	55	0.00489	0.00488	0.5	93523	456	93295	2694303	28.81
2015-2019	56	0.00526	0.00524	0.5	93067	488	92823	2601008	27.95
2015-2019	57	0.00573	0.00572	0.5	92579	529	92315	2508185	27.09
2015-2019	58	0.00612	0.00610	0.5	92050	562	91769	2415870	26.25
2015-2019	59	0.00664	0.00662	0.5	91488	605	91186	2324101	25.40
2015-2019	60	0.00716	0.00714	0.5	90883	649	90559	2232916	24.57
2015-2019	61	0.00758	0.00755	0.5	90234	681	89894	2142357	23.74
2015-2019	62	0.00820	0.00817	0.5	89553	732	89187	2052463	22.92
2015-2019	63	0.00887	0.00883	0.5	88822	784	88430	1963276	22.10
2015-2019	64	0.00940	0.00935	0.5	88038	823	87626	1874846	21.30
2015-2019	65	0.01019	0.01014	0.5	87214	884	86772	1787221	20.49
2015-2019	66	0.01112	0.01106	0.5	86330	954	85853	1700448	19.70
2015-2019	67	0.01198	0.01190	0.5	85376	1016	84867	1614596	18.91
2015-2019	68	0.01331	0.01322	0.5	84359	1115	83802	1529728	18.13
2015-2019	69	0.01435	0.01424	0.5	83244	1186	82651	1445927	17.37
2015-2019	70	0.01608	0.01595	0.5	82058	1309	81404	1363276	16.61
2015-2019	71	0.01764	0.01749	0.5	80749	1412	80043	1281872	15.87
2015-2019	72	0.01985	0.01965	0.5	79337	1559	78557	1201829	15.15
2015-2019	73	0.02137	0.02115	0.5	77778	1645	76955	1123271	14.44
2015-2019	74	0.02374	0.02347	0.5	76133	1787	75240	1046316	13.74
2015-2019	75	0.02613	0.02579	0.5	74347	1917	73388	971076	13.06
2015-2019	76	0.02899	0.02857	0.5	72429	2070	71394	897688	12.39
2015-2019	77	0.03175	0.03125	0.5	70360	2199	69260	826294	11.74
2015-2019	78	0.03503	0.03443	0.5	68161	2347	66987	757033	11.11
2015-2019	79	0.03908	0.03834	0.5	65814	2523	64552	690046	10.48
2015-2019	80	0.04299	0.04209	0.5	63291	2664	61959	625494	9.88
2015-2019	81	0.04734	0.04625	0.5	60627	2804	59225	563535	9.30
2015-2019	82	0.05297	0.05160	0.5	57823	2984	56331	504310	8.72
2015-2019	83	0.05876	0.05708	0.5	54839	3130	53274	447978	8.17
2015-2019	84	0.06531	0.06324	0.5	51709	3270	50074	394704	7.63
2015-2019	85	0.07295	0.07038	0.5	48439	3409	46734	344630	7.11
2015-2019	86	0.08220	0.07896	0.5	45029	3555	43252	297896	6.62
2015-2019	87	0.09364	0.08945	0.5	41474	3710	39619	254644	6.14
2015-2019	88	0.10525	0.09999	0.5	37764	3776	35876	215025	5.69
2015-2019	89	0.11937	0.11265	0.5	33988	3829	32074	179149	5.27
2015-2019	90	0.13604	0.12738	0.5	30159	3842	28239	147076	4.88
2015-2019	91	0.15315	0.14225	0.5	26318	3744	24446	118837	4.52
2015-2019	92	0.17178	0.15820	0.5	22574	3571	20788	94391	4.18
2015-2019	93	0.19215	0.17531	0.5	19003	3331	17337	73603	3.87
2015-2019	94	0.21484	0.19400	0.5	15672	3040	14151	56266	3.59
2015-2019	95	0.23674	0.21168	0.5	12631	2674	11294	42114	3.33
2015-2019	96	0.26176	0.23147	0.5	9957	2305	8805	30820	3.10
2015-2019	97	0.28844	0.25208	0.5	7653	1929	6688	22015	2.88
2015-2019	98	0.31666	0.27338	0.5	5724	1565	4941	15327	2.68
2015-2019	99	0.34630	0.29519	0.5	4159	1228	3545	10386	2.50
2015-2019	100	0.37718	0.31734	0.5	2931	930	2466	6841	2.33
2015-2019	101	0.40910	0.33963	0.5	2001	680	1661	4375	2.19
2015-2019	102	0.44180	0.36186	0.5	1321	478	1082	2713	2.05
2015-2019	103	0.47501	0.38385	0.5	843	324	681	1631	1.93
2015-2019	104	0.50845	0.40539	0.5	520	211	414	950	1.83
2015-2019	105	0.54180	0.42632	0.5	309	132	243	535	1.73
2015-2019	106	0.57479	0.44648	0.5	177	79	138	292	1.65
2015-2019	107	0.60713	0.46575	0.5	98	46	75	155	1.58
2015-2019	108	0.63855	0.48402	0.5	52	25	40	79	1.51
2015-2019	109	0.66883	0.50122	0.5	27	14	20	40	1.46
2015-2019	110+	0.69778	1.00000	1.43	13	13	19	19	1.43
