Reg2: , Lifetables (period 1x10), Females Last modified: 20 Dec 2020, MPv5 (May07) 

Year     	Age	mx	qx	ax	lx	dx	Lx	Tx	ex
1960-1969	0	0.01957	0.01924	0.11	100000	1924	98284	7430735	74.31
1960-1969	1	0.00127	0.00127	0.5	98076	125	98014	7332451	74.76
1960-1969	2	0.00077	0.00077	0.5	97952	76	97914	7234438	73.86
1960-1969	3	0.00059	0.00059	0.5	97876	58	97847	7136524	72.91
1960-1969	4	0.00050	0.00050	0.5	97818	49	97794	7038677	71.96
1960-1969	5	0.00045	0.00045	0.5	97769	44	97747	6940883	70.99
1960-1969	6	0.00039	0.00038	0.5	97725	38	97706	6843136	70.02
1960-1969	7	0.00034	0.00034	0.5	97687	33	97671	6745430	69.05
1960-1969	8	0.00031	0.00031	0.5	97654	30	97639	6647759	68.07
1960-1969	9	0.00027	0.00027	0.5	97624	26	97611	6550120	67.10
1960-1969	10	0.00027	0.00027	0.5	97598	26	97585	6452508	66.11
1960-1969	11	0.00027	0.00027	0.5	97572	26	97559	6354923	65.13
1960-1969	12	0.00029	0.00029	0.5	97545	28	97531	6257365	64.15
1960-1969	13	0.00031	0.00031	0.5	97517	30	97502	6159834	63.17
1960-1969	14	0.00035	0.00035	0.5	97487	34	97470	6062332	62.19
1960-1969	15	0.00042	0.00042	0.5	97453	40	97433	5964862	61.21
1960-1969	16	0.00050	0.00050	0.5	97412	49	97388	5867430	60.23
1960-1969	17	0.00058	0.00058	0.5	97364	57	97335	5770042	59.26
1960-1969	18	0.00066	0.00066	0.5	97307	64	97275	5672706	58.30
1960-1969	19	0.00067	0.00067	0.5	97243	65	97210	5575432	57.34
1960-1969	20	0.00066	0.00066	0.5	97177	64	97145	5478222	56.37
1960-1969	21	0.00069	0.00069	0.5	97113	67	97080	5381076	55.41
1960-1969	22	0.00066	0.00066	0.5	97046	64	97014	5283997	54.45
1960-1969	23	0.00067	0.00067	0.5	96982	65	96949	5186983	53.48
1960-1969	24	0.00071	0.00071	0.5	96917	68	96883	5090034	52.52
1960-1969	25	0.00075	0.00075	0.5	96848	73	96812	4993151	51.56
1960-1969	26	0.00074	0.00074	0.5	96775	72	96739	4896339	50.59
1960-1969	27	0.00078	0.00078	0.5	96704	75	96666	4799600	49.63
1960-1969	28	0.00081	0.00081	0.5	96628	79	96589	4702934	48.67
1960-1969	29	0.00090	0.00090	0.5	96550	87	96506	4606345	47.71
1960-1969	30	0.00096	0.00096	0.5	96463	92	96417	4509838	46.75
1960-1969	31	0.00100	0.00100	0.5	96370	97	96322	4413422	45.80
1960-1969	32	0.00111	0.00111	0.5	96274	107	96220	4317100	44.84
1960-1969	33	0.00116	0.00115	0.5	96167	111	96112	4220879	43.89
1960-1969	34	0.00131	0.00131	0.5	96056	126	95993	4124768	42.94
1960-1969	35	0.00144	0.00143	0.5	95930	138	95861	4028775	42.00
1960-1969	36	0.00150	0.00150	0.5	95792	144	95720	3932914	41.06
1960-1969	37	0.00169	0.00169	0.5	95648	162	95568	3837194	40.12
1960-1969	38	0.00183	0.00183	0.5	95487	174	95400	3741626	39.18
1960-1969	39	0.00202	0.00202	0.5	95312	192	95216	3646227	38.26
1960-1969	40	0.00215	0.00215	0.5	95120	204	95018	3551010	37.33
1960-1969	41	0.00233	0.00232	0.5	94916	220	94806	3455992	36.41
1960-1969	42	0.00256	0.00256	0.5	94695	243	94574	3361187	35.49
1960-1969	43	0.00283	0.00283	0.5	94453	267	94319	3266613	34.58
1960-1969	44	0.00304	0.00303	0.5	94186	286	94043	3172294	33.68
1960-1969	45	0.00336	0.00335	0.5	93900	315	93743	3078251	32.78
1960-1969	46	0.00354	0.00353	0.5	93585	331	93420	2984508	31.89
1960-1969	47	0.00400	0.00399	0.5	93255	372	93069	2891088	31.00
1960-1969	48	0.00422	0.00421	0.5	92883	391	92687	2798019	30.12
1960-1969	49	0.00463	0.00462	0.5	92492	428	92278	2705332	29.25
1960-1969	50	0.00503	0.00502	0.5	92064	462	91833	2613054	28.38
1960-1969	51	0.00545	0.00543	0.5	91602	498	91353	2521221	27.52
1960-1969	52	0.00603	0.00602	0.5	91105	548	90831	2429867	26.67
1960-1969	53	0.00635	0.00633	0.5	90557	573	90270	2339037	25.83
1960-1969	54	0.00692	0.00689	0.5	89983	620	89673	2248767	24.99
1960-1969	55	0.00734	0.00731	0.5	89363	653	89036	2159094	24.16
1960-1969	56	0.00795	0.00792	0.5	88709	702	88358	2070057	23.34
1960-1969	57	0.00877	0.00873	0.5	88007	768	87623	1981699	22.52
1960-1969	58	0.00947	0.00943	0.5	87239	822	86828	1894076	21.71
1960-1969	59	0.01020	0.01015	0.5	86417	877	85978	1807248	20.91
1960-1969	60	0.01119	0.01113	0.5	85540	952	85064	1721270	20.12
1960-1969	61	0.01203	0.01196	0.5	84588	1012	84082	1636207	19.34
1960-1969	62	0.01366	0.01357	0.5	83576	1134	83009	1552125	18.57
1960-1969	63	0.01453	0.01442	0.5	82442	1189	81848	1469116	17.82
1960-1969	64	0.01570	0.01557	0.5	81253	1265	80620	1387268	17.07
1960-1969	65	0.01772	0.01757	0.5	79988	1405	79285	1306647	16.34
1960-1969	66	0.01874	0.01857	0.5	78583	1459	77853	1227362	15.62
1960-1969	67	0.02116	0.02094	0.5	77123	1615	76316	1149509	14.90
1960-1969	68	0.02311	0.02285	0.5	75508	1725	74646	1073193	14.21
1960-1969	69	0.02518	0.02487	0.5	73783	1835	72866	998548	13.53
1960-1969	70	0.02814	0.02775	0.5	71948	1996	70950	925682	12.87
1960-1969	71	0.03016	0.02972	0.5	69952	2079	68913	854732	12.22
1960-1969	72	0.03495	0.03435	0.5	67873	2331	66707	785819	11.58
1960-1969	73	0.03804	0.03733	0.5	65542	2447	64318	719112	10.97
1960-1969	74	0.04255	0.04166	0.5	63095	2629	61781	654793	10.38
1960-1969	75	0.04756	0.04645	0.5	60466	2809	59062	593013	9.81
1960-1969	76	0.05144	0.05015	0.5	57658	2892	56212	533951	9.26
1960-1969	77	0.05600	0.05447	0.5	54766	2983	53274	477739	8.72
1960-1969	78	0.06312	0.06119	0.5	51783	3168	50199	424464	8.20
1960-1969	79	0.07074	0.06832	0.5	48614	3322	46954	374266	7.70
1960-1969	80	0.07878	0.07579	0.5	45293	3433	43577	327312	7.23
1960-1969	81	0.08512	0.08165	0.5	41860	3418	40151	283736	6.78
1960-1969	82	0.09678	0.09231	0.5	38442	3549	36668	243584	6.34
1960-1969	83	0.10837	0.10280	0.5	34894	3587	33100	206916	5.93
1960-1969	84	0.12016	0.11335	0.5	31307	3549	29532	173816	5.55
1960-1969	85	0.13280	0.12453	0.5	27758	3457	26030	144284	5.20
1960-1969	86	0.14531	0.13546	0.5	24301	3292	22655	118254	4.87
1960-1969	87	0.16257	0.15035	0.5	21009	3159	19430	95599	4.55
1960-1969	88	0.17448	0.16048	0.5	17851	2865	16418	76169	4.27
1960-1969	89	0.19244	0.17555	0.5	14986	2631	13671	59751	3.99
1960-1969	90	0.21506	0.19418	0.5	12355	2399	11156	46080	3.73
1960-1969	91	0.22622	0.20323	0.5	9956	2023	8944	34925	3.51
1960-1969	92	0.25111	0.22310	0.5	7933	1770	7048	25980	3.28
1960-1969	93	0.27153	0.23907	0.5	6163	1473	5426	18932	3.07
1960-1969	94	0.29704	0.25863	0.5	4690	1213	4083	13506	2.88
1960-1969	95	0.31938	0.27540	0.5	3477	957	2998	9423	2.71
1960-1969	96	0.34450	0.29388	0.5	2519	740	2149	6425	2.55
1960-1969	97	0.37052	0.31261	0.5	1779	556	1501	4276	2.40
1960-1969	98	0.39731	0.33146	0.5	1223	405	1020	2775	2.27
1960-1969	99	0.42473	0.35034	0.5	817	286	674	1755	2.15
1960-1969	100	0.45263	0.36910	0.5	531	196	433	1081	2.04
1960-1969	101	0.48082	0.38763	0.5	335	130	270	648	1.93
1960-1969	102	0.50914	0.40583	0.5	205	83	164	378	1.84
1960-1969	103	0.53740	0.42358	0.5	122	52	96	214	1.76
1960-1969	104	0.56542	0.44080	0.5	70	31	55	118	1.68
1960-1969	105	0.59303	0.45740	0.5	39	18	30	63	1.61
1960-1969	106	0.62006	0.47332	0.5	21	10	16	33	1.55
1960-1969	107	0.64637	0.48850	0.5	11	5	8	17	1.50
1960-1969	108	0.67182	0.50290	0.5	6	3	4	8	1.45
1960-1969	109	0.69630	0.51649	0.5	3	1	2	4	1.41
1960-1969	110+	0.71972	1.00000	1.39	1	1	2	2	1.39
1970-1979	0	0.01442	0.01423	0.09	100000	1423	98710	7630465	76.30
1970-1979	1	0.00096	0.00096	0.5	98577	95	98529	7531756	76.40
1970-1979	2	0.00064	0.00064	0.5	98482	63	98450	7433226	75.48
1970-1979	3	0.00049	0.00049	0.5	98419	49	98395	7334776	74.53
1970-1979	4	0.00042	0.00042	0.5	98370	41	98350	7236381	73.56
1970-1979	5	0.00036	0.00036	0.5	98329	36	98311	7138032	72.59
1970-1979	6	0.00031	0.00031	0.5	98294	30	98278	7039720	71.62
1970-1979	7	0.00028	0.00028	0.5	98263	27	98249	6941442	70.64
1970-1979	8	0.00027	0.00027	0.5	98236	26	98223	6843193	69.66
1970-1979	9	0.00025	0.00025	0.5	98209	24	98197	6744970	68.68
1970-1979	10	0.00024	0.00024	0.5	98185	24	98173	6646773	67.70
1970-1979	11	0.00023	0.00023	0.5	98162	23	98150	6548599	66.71
1970-1979	12	0.00025	0.00025	0.5	98139	24	98127	6450449	65.73
1970-1979	13	0.00029	0.00029	0.5	98115	28	98101	6352322	64.74
1970-1979	14	0.00032	0.00032	0.5	98087	31	98071	6254221	63.76
1970-1979	15	0.00043	0.00043	0.5	98055	42	98034	6156150	62.78
1970-1979	16	0.00050	0.00050	0.5	98013	49	97989	6058116	61.81
1970-1979	17	0.00060	0.00060	0.5	97964	59	97934	5960127	60.84
1970-1979	18	0.00066	0.00066	0.5	97905	64	97872	5862193	59.88
1970-1979	19	0.00066	0.00066	0.5	97840	65	97808	5764321	58.92
1970-1979	20	0.00064	0.00064	0.5	97776	63	97744	5666513	57.95
1970-1979	21	0.00064	0.00064	0.5	97713	63	97681	5568768	56.99
1970-1979	22	0.00065	0.00065	0.5	97650	64	97618	5471087	56.03
1970-1979	23	0.00064	0.00064	0.5	97586	63	97555	5373469	55.06
1970-1979	24	0.00065	0.00065	0.5	97523	63	97492	5275914	54.10
1970-1979	25	0.00066	0.00066	0.5	97460	64	97428	5178423	53.13
1970-1979	26	0.00068	0.00068	0.5	97396	67	97363	5080994	52.17
1970-1979	27	0.00072	0.00072	0.5	97330	70	97294	4983632	51.20
1970-1979	28	0.00073	0.00073	0.5	97259	71	97224	4886337	50.24
1970-1979	29	0.00077	0.00077	0.5	97188	75	97150	4789114	49.28
1970-1979	30	0.00080	0.00080	0.5	97113	78	97074	4691963	48.31
1970-1979	31	0.00085	0.00085	0.5	97035	82	96994	4594889	47.35
1970-1979	32	0.00094	0.00094	0.5	96953	91	96908	4497895	46.39
1970-1979	33	0.00101	0.00101	0.5	96862	98	96813	4400987	45.44
1970-1979	34	0.00110	0.00110	0.5	96764	107	96711	4304174	44.48
1970-1979	35	0.00118	0.00118	0.5	96657	114	96601	4207463	43.53
1970-1979	36	0.00131	0.00131	0.5	96544	127	96480	4110863	42.58
1970-1979	37	0.00143	0.00143	0.5	96417	138	96348	4014383	41.64
1970-1979	38	0.00156	0.00156	0.5	96279	150	96204	3918035	40.69
1970-1979	39	0.00168	0.00167	0.5	96129	161	96048	3821831	39.76
1970-1979	40	0.00187	0.00187	0.5	95968	180	95878	3725782	38.82
1970-1979	41	0.00206	0.00206	0.5	95788	197	95689	3629904	37.90
1970-1979	42	0.00232	0.00232	0.5	95591	221	95480	3534215	36.97
1970-1979	43	0.00255	0.00254	0.5	95369	242	95248	3438735	36.06
1970-1979	44	0.00274	0.00274	0.5	95127	261	94997	3343487	35.15
1970-1979	45	0.00298	0.00297	0.5	94866	282	94725	3248490	34.24
1970-1979	46	0.00326	0.00325	0.5	94584	308	94430	3153765	33.34
1970-1979	47	0.00358	0.00357	0.5	94277	337	94108	3059335	32.45
1970-1979	48	0.00378	0.00377	0.5	93940	354	93763	2965227	31.57
1970-1979	49	0.00420	0.00419	0.5	93585	392	93389	2871464	30.68
1970-1979	50	0.00456	0.00455	0.5	93193	424	92981	2778075	29.81
1970-1979	51	0.00480	0.00479	0.5	92769	444	92547	2685093	28.94
1970-1979	52	0.00526	0.00525	0.5	92325	484	92083	2592546	28.08
1970-1979	53	0.00578	0.00576	0.5	91841	529	91576	2500463	27.23
1970-1979	54	0.00618	0.00616	0.5	91312	563	91030	2408887	26.38
1970-1979	55	0.00665	0.00663	0.5	90749	601	90448	2317857	25.54
1970-1979	56	0.00736	0.00733	0.5	90148	661	89817	2227408	24.71
1970-1979	57	0.00791	0.00788	0.5	89487	705	89134	2137591	23.89
1970-1979	58	0.00859	0.00855	0.5	88782	760	88402	2048457	23.07
1970-1979	59	0.00921	0.00917	0.5	88022	807	87618	1960055	22.27
1970-1979	60	0.01019	0.01014	0.5	87215	884	86773	1872437	21.47
1970-1979	61	0.01081	0.01075	0.5	86330	928	85866	1785664	20.68
1970-1979	62	0.01209	0.01202	0.5	85402	1026	84889	1699798	19.90
1970-1979	63	0.01301	0.01293	0.5	84376	1091	83830	1614909	19.14
1970-1979	64	0.01412	0.01402	0.5	83285	1168	82701	1531079	18.38
1970-1979	65	0.01539	0.01527	0.5	82117	1254	81490	1448378	17.64
1970-1979	66	0.01646	0.01632	0.5	80863	1320	80203	1366888	16.90
1970-1979	67	0.01831	0.01814	0.5	79543	1443	78822	1286685	16.18
1970-1979	68	0.01988	0.01968	0.5	78100	1537	77332	1207863	15.47
1970-1979	69	0.02183	0.02159	0.5	76563	1653	75736	1130531	14.77
1970-1979	70	0.02392	0.02363	0.5	74910	1770	74025	1054795	14.08
1970-1979	71	0.02580	0.02547	0.5	73139	1863	72208	980771	13.41
1970-1979	72	0.02884	0.02843	0.5	71277	2027	70263	908563	12.75
1970-1979	73	0.03153	0.03104	0.5	69250	2150	68175	838299	12.11
1970-1979	74	0.03495	0.03435	0.5	67100	2305	65948	770124	11.48
1970-1979	75	0.03926	0.03851	0.5	64796	2495	63548	704176	10.87
1970-1979	76	0.04338	0.04246	0.5	62300	2645	60978	640628	10.28
1970-1979	77	0.04740	0.04630	0.5	59655	2762	58274	579650	9.72
1970-1979	78	0.05303	0.05166	0.5	56893	2939	55424	521376	9.16
1970-1979	79	0.05881	0.05713	0.5	53954	3082	52413	465952	8.64
1970-1979	80	0.06550	0.06342	0.5	50872	3227	49258	413540	8.13
1970-1979	81	0.07076	0.06834	0.5	47645	3256	46017	364281	7.65
1970-1979	82	0.07948	0.07644	0.5	44389	3393	42693	318264	7.17
1970-1979	83	0.08888	0.08509	0.5	40996	3489	39252	275571	6.72
1970-1979	84	0.09949	0.09478	0.5	37508	3555	35730	236320	6.30
1970-1979	85	0.10917	0.10352	0.5	33953	3515	32195	200589	5.91
1970-1979	86	0.12178	0.11479	0.5	30438	3494	28691	168394	5.53
1970-1979	87	0.13324	0.12492	0.5	26944	3366	25261	139703	5.18
1970-1979	88	0.14576	0.13585	0.5	23578	3203	21977	114442	4.85
1970-1979	89	0.16080	0.14883	0.5	20375	3032	18859	92465	4.54
1970-1979	90	0.17803	0.16348	0.5	17343	2835	15925	73607	4.24
1970-1979	91	0.19310	0.17610	0.5	14507	2555	13230	57682	3.98
1970-1979	92	0.21136	0.19115	0.5	11953	2285	10810	44452	3.72
1970-1979	93	0.23315	0.20881	0.5	9668	2019	8658	33641	3.48
1970-1979	94	0.25447	0.22575	0.5	7649	1727	6786	24983	3.27
1970-1979	95	0.27279	0.24005	0.5	5922	1422	5212	18197	3.07
1970-1979	96	0.29560	0.25754	0.5	4501	1159	3921	12986	2.89
1970-1979	97	0.31949	0.27548	0.5	3342	921	2881	9064	2.71
1970-1979	98	0.34436	0.29378	0.5	2421	711	2065	6183	2.55
1970-1979	99	0.37011	0.31232	0.5	1710	534	1443	4118	2.41
1970-1979	100	0.39663	0.33099	0.5	1176	389	981	2675	2.27
1970-1979	101	0.42376	0.34967	0.5	787	275	649	1694	2.15
1970-1979	102	0.45137	0.36826	0.5	512	188	417	1045	2.04
1970-1979	103	0.47927	0.38662	0.5	323	125	261	627	1.94
1970-1979	104	0.50731	0.40466	0.5	198	80	158	367	1.85
1970-1979	105	0.53530	0.42228	0.5	118	50	93	208	1.77
1970-1979	106	0.56307	0.43937	0.5	68	30	53	115	1.69
1970-1979	107	0.59045	0.45587	0.5	38	17	30	62	1.63
1970-1979	108	0.61728	0.47170	0.5	21	10	16	33	1.57
1970-1979	109	0.64342	0.48681	0.5	11	5	8	17	1.52
1970-1979	110+	0.66872	1.00000	1.5	6	6	8	8	1.50
1980-1989	0	0.00966	0.00958	0.08	100000	958	99119	7836605	78.37
1980-1989	1	0.00074	0.00074	0.5	99042	73	99006	7737486	78.12
1980-1989	2	0.00046	0.00046	0.5	98969	46	98946	7638480	77.18
1980-1989	3	0.00035	0.00035	0.5	98923	34	98906	7539534	76.22
1980-1989	4	0.00029	0.00029	0.5	98889	28	98874	7440629	75.24
1980-1989	5	0.00024	0.00024	0.5	98860	23	98849	7341754	74.26
1980-1989	6	0.00022	0.00022	0.5	98837	22	98826	7242906	73.28
1980-1989	7	0.00019	0.00019	0.5	98815	19	98806	7144080	72.30
1980-1989	8	0.00019	0.00019	0.5	98796	19	98787	7045274	71.31
1980-1989	9	0.00019	0.00019	0.5	98778	18	98768	6946487	70.32
1980-1989	10	0.00017	0.00017	0.5	98759	17	98751	6847719	69.34
1980-1989	11	0.00017	0.00017	0.5	98742	17	98734	6748968	68.35
1980-1989	12	0.00018	0.00018	0.5	98725	18	98716	6650234	67.36
1980-1989	13	0.00020	0.00020	0.5	98707	20	98697	6551518	66.37
1980-1989	14	0.00027	0.00027	0.5	98687	26	98674	6452821	65.39
1980-1989	15	0.00033	0.00033	0.5	98661	32	98644	6354147	64.40
1980-1989	16	0.00045	0.00045	0.5	98628	44	98606	6255503	63.43
1980-1989	17	0.00048	0.00048	0.5	98584	47	98561	6156896	62.45
1980-1989	18	0.00055	0.00055	0.5	98537	54	98510	6058336	61.48
1980-1989	19	0.00051	0.00051	0.5	98484	50	98458	5959825	60.52
1980-1989	20	0.00049	0.00049	0.5	98433	49	98409	5861367	59.55
1980-1989	21	0.00051	0.00051	0.5	98384	51	98359	5762958	58.58
1980-1989	22	0.00049	0.00049	0.5	98334	48	98310	5664599	57.61
1980-1989	23	0.00053	0.00053	0.5	98286	52	98260	5566289	56.63
1980-1989	24	0.00053	0.00053	0.5	98234	52	98208	5468029	55.66
1980-1989	25	0.00053	0.00053	0.5	98182	52	98156	5369821	54.69
1980-1989	26	0.00055	0.00055	0.5	98130	54	98103	5271664	53.72
1980-1989	27	0.00057	0.00057	0.5	98076	56	98048	5173561	52.75
1980-1989	28	0.00062	0.00062	0.5	98021	61	97990	5075513	51.78
1980-1989	29	0.00062	0.00062	0.5	97960	60	97930	4977523	50.81
1980-1989	30	0.00064	0.00064	0.5	97899	62	97868	4879593	49.84
1980-1989	31	0.00069	0.00069	0.5	97837	68	97803	4781725	48.87
1980-1989	32	0.00073	0.00073	0.5	97769	71	97734	4683921	47.91
1980-1989	33	0.00080	0.00079	0.5	97698	78	97659	4586187	46.94
1980-1989	34	0.00084	0.00084	0.5	97621	82	97579	4488528	45.98
1980-1989	35	0.00088	0.00088	0.5	97538	86	97495	4390949	45.02
1980-1989	36	0.00096	0.00096	0.5	97452	93	97405	4293454	44.06
1980-1989	37	0.00105	0.00105	0.5	97359	102	97308	4196048	43.10
1980-1989	38	0.00120	0.00120	0.5	97257	117	97198	4098740	42.14
1980-1989	39	0.00125	0.00125	0.5	97140	122	97079	4001542	41.19
1980-1989	40	0.00138	0.00138	0.5	97018	134	96951	3904463	40.24
1980-1989	41	0.00152	0.00152	0.5	96884	147	96811	3807512	39.30
1980-1989	42	0.00171	0.00171	0.5	96737	166	96654	3710701	38.36
1980-1989	43	0.00186	0.00186	0.5	96571	180	96482	3614047	37.42
1980-1989	44	0.00203	0.00202	0.5	96392	195	96294	3517566	36.49
1980-1989	45	0.00220	0.00220	0.5	96197	212	96091	3421271	35.57
1980-1989	46	0.00253	0.00253	0.5	95985	243	95863	3325181	34.64
1980-1989	47	0.00272	0.00272	0.5	95742	260	95612	3229317	33.73
1980-1989	48	0.00323	0.00322	0.5	95482	308	95328	3133705	32.82
1980-1989	49	0.00334	0.00334	0.5	95174	318	95015	3038377	31.92
1980-1989	50	0.00373	0.00372	0.5	94857	353	94680	2943362	31.03
1980-1989	51	0.00421	0.00420	0.5	94504	397	94305	2848681	30.14
1980-1989	52	0.00462	0.00461	0.5	94106	433	93889	2754377	29.27
1980-1989	53	0.00497	0.00496	0.5	93673	464	93441	2660487	28.40
1980-1989	54	0.00536	0.00535	0.5	93209	498	92959	2567046	27.54
1980-1989	55	0.00592	0.00590	0.5	92710	547	92437	2474087	26.69
1980-1989	56	0.00650	0.00648	0.5	92163	597	91864	2381651	25.84
1980-1989	57	0.00688	0.00686	0.5	91566	628	91252	2289786	25.01
1980-1989	58	0.00790	0.00787	0.5	90938	716	90580	2198534	24.18
1980-1989	59	0.00836	0.00832	0.5	90222	751	89846	2107955	23.36
1980-1989	60	0.00912	0.00908	0.5	89471	812	89065	2018108	22.56
1980-1989	61	0.01009	0.01004	0.5	88659	890	88214	1929044	21.76
1980-1989	62	0.01138	0.01132	0.5	87769	994	87272	1840830	20.97
1980-1989	63	0.01199	0.01192	0.5	86775	1035	86258	1753558	20.21
1980-1989	64	0.01299	0.01290	0.5	85740	1106	85187	1667300	19.45
1980-1989	65	0.01396	0.01387	0.5	84634	1173	84047	1582113	18.69
1980-1989	66	0.01542	0.01531	0.5	83461	1277	82822	1498066	17.95
1980-1989	67	0.01647	0.01633	0.5	82183	1342	81512	1415244	17.22
1980-1989	68	0.01814	0.01797	0.5	80841	1453	80115	1333731	16.50
1980-1989	69	0.01941	0.01922	0.5	79388	1526	78625	1253617	15.79
1980-1989	70	0.02155	0.02132	0.5	77862	1660	77032	1174992	15.09
1980-1989	71	0.02307	0.02281	0.5	76202	1738	75333	1097959	14.41
1980-1989	72	0.02593	0.02560	0.5	74464	1906	73511	1022627	13.73
1980-1989	73	0.02843	0.02803	0.5	72557	2034	71541	949116	13.08
1980-1989	74	0.03030	0.02985	0.5	70524	2105	69471	877576	12.44
1980-1989	75	0.03351	0.03296	0.5	68419	2255	67291	808104	11.81
1980-1989	76	0.03659	0.03593	0.5	66164	2377	64975	740813	11.20
1980-1989	77	0.03993	0.03915	0.5	63787	2497	62538	675838	10.60
1980-1989	78	0.04391	0.04297	0.5	61289	2634	59972	613300	10.01
1980-1989	79	0.04928	0.04810	0.5	58656	2821	57245	553328	9.43
1980-1989	80	0.05506	0.05358	0.5	55834	2992	54339	496083	8.88
1980-1989	81	0.06093	0.05912	0.5	52843	3124	51281	441744	8.36
1980-1989	82	0.06755	0.06535	0.5	49718	3249	48094	390464	7.85
1980-1989	83	0.07557	0.07282	0.5	46469	3384	44778	342370	7.37
1980-1989	84	0.08357	0.08021	0.5	43086	3456	41358	297592	6.91
1980-1989	85	0.09326	0.08911	0.5	39630	3531	37864	256234	6.47
1980-1989	86	0.10437	0.09919	0.5	36098	3581	34308	218370	6.05
1980-1989	87	0.11504	0.10878	0.5	32518	3537	30749	184062	5.66
1980-1989	88	0.12686	0.11929	0.5	28980	3457	27252	153313	5.29
1980-1989	89	0.14067	0.13143	0.5	25523	3354	23846	126061	4.94
1980-1989	90	0.15581	0.14455	0.5	22169	3205	20567	102215	4.61
1980-1989	91	0.17117	0.15768	0.5	18964	2990	17469	81648	4.31
1980-1989	92	0.18892	0.17261	0.5	15974	2757	14595	64179	4.02
1980-1989	93	0.21015	0.19017	0.5	13217	2513	11960	49584	3.75
1980-1989	94	0.22865	0.20519	0.5	10703	2196	9605	37624	3.52
1980-1989	95	0.24775	0.22045	0.5	8507	1875	7569	28019	3.29
1980-1989	96	0.27001	0.23789	0.5	6632	1578	5843	20449	3.08
1980-1989	97	0.29349	0.25593	0.5	5054	1294	4407	14606	2.89
1980-1989	98	0.31812	0.27446	0.5	3761	1032	3245	10199	2.71
1980-1989	99	0.34381	0.29337	0.5	2728	800	2328	6954	2.55
1980-1989	100	0.37044	0.31255	0.5	1928	603	1627	4626	2.40
1980-1989	101	0.39789	0.33187	0.5	1325	440	1105	2999	2.26
1980-1989	102	0.42600	0.35120	0.5	886	311	730	1894	2.14
1980-1989	103	0.45460	0.37040	0.5	575	213	468	1164	2.03
1980-1989	104	0.48349	0.38937	0.5	362	141	291	696	1.92
1980-1989	105	0.51250	0.40796	0.5	221	90	176	405	1.83
1980-1989	106	0.54142	0.42608	0.5	131	56	103	229	1.75
1980-1989	107	0.57007	0.44362	0.5	75	33	58	126	1.68
1980-1989	108	0.59826	0.46051	0.5	42	19	32	67	1.61
1980-1989	109	0.62581	0.47666	0.5	23	11	17	35	1.56
1980-1989	110+	0.65257	1.00000	1.53	12	12	18	18	1.53
1990-1999	0	0.00779	0.00773	0.07	100000	773	99285	7923273	79.23
1990-1999	1	0.00058	0.00058	0.5	99227	58	99198	7823988	78.85
1990-1999	2	0.00036	0.00036	0.5	99169	35	99152	7724790	77.90
1990-1999	3	0.00028	0.00028	0.5	99134	28	99120	7625639	76.92
1990-1999	4	0.00022	0.00022	0.5	99106	22	99095	7526519	75.94
1990-1999	5	0.00020	0.00020	0.5	99084	19	99074	7427424	74.96
1990-1999	6	0.00018	0.00018	0.5	99065	18	99056	7328349	73.98
1990-1999	7	0.00017	0.00017	0.5	99047	17	99039	7229293	72.99
1990-1999	8	0.00015	0.00015	0.5	99031	15	99023	7130254	72.00
1990-1999	9	0.00015	0.00015	0.5	99015	14	99008	7031231	71.01
1990-1999	10	0.00015	0.00015	0.5	99001	14	98994	6932223	70.02
1990-1999	11	0.00016	0.00016	0.5	98987	15	98979	6833229	69.03
1990-1999	12	0.00017	0.00017	0.5	98971	16	98963	6734250	68.04
1990-1999	13	0.00018	0.00018	0.5	98955	18	98946	6635288	67.05
1990-1999	14	0.00025	0.00025	0.5	98937	25	98924	6536342	66.07
1990-1999	15	0.00031	0.00031	0.5	98912	31	98896	6437417	65.08
1990-1999	16	0.00047	0.00047	0.5	98881	47	98857	6338521	64.10
1990-1999	17	0.00048	0.00048	0.5	98834	47	98810	6239663	63.13
1990-1999	18	0.00050	0.00050	0.5	98787	50	98762	6140853	62.16
1990-1999	19	0.00045	0.00045	0.5	98737	45	98715	6042091	61.19
1990-1999	20	0.00045	0.00045	0.5	98692	44	98670	5943376	60.22
1990-1999	21	0.00047	0.00047	0.5	98648	46	98625	5844706	59.25
1990-1999	22	0.00044	0.00044	0.5	98602	44	98581	5746080	58.28
1990-1999	23	0.00043	0.00043	0.5	98559	43	98537	5647500	57.30
1990-1999	24	0.00047	0.00047	0.5	98516	47	98493	5548962	56.33
1990-1999	25	0.00049	0.00049	0.5	98469	48	98445	5450470	55.35
1990-1999	26	0.00053	0.00053	0.5	98421	52	98395	5352025	54.38
1990-1999	27	0.00055	0.00055	0.5	98369	54	98342	5253630	53.41
1990-1999	28	0.00058	0.00058	0.5	98315	57	98286	5155288	52.44
1990-1999	29	0.00058	0.00058	0.5	98258	57	98229	5057001	51.47
1990-1999	30	0.00063	0.00063	0.5	98201	62	98170	4958772	50.50
1990-1999	31	0.00068	0.00068	0.5	98139	67	98106	4860602	49.53
1990-1999	32	0.00071	0.00071	0.5	98073	69	98038	4762496	48.56
1990-1999	33	0.00078	0.00078	0.5	98003	76	97965	4664458	47.59
1990-1999	34	0.00082	0.00082	0.5	97927	81	97887	4566492	46.63
1990-1999	35	0.00088	0.00088	0.5	97846	87	97803	4468605	45.67
1990-1999	36	0.00100	0.00099	0.5	97760	97	97711	4370802	44.71
1990-1999	37	0.00106	0.00106	0.5	97663	103	97611	4273091	43.75
1990-1999	38	0.00115	0.00115	0.5	97559	112	97503	4175480	42.80
1990-1999	39	0.00119	0.00119	0.5	97447	116	97389	4077977	41.85
1990-1999	40	0.00130	0.00130	0.5	97331	126	97268	3980588	40.90
1990-1999	41	0.00145	0.00145	0.5	97205	141	97135	3883320	39.95
1990-1999	42	0.00155	0.00155	0.5	97064	150	96989	3786185	39.01
1990-1999	43	0.00170	0.00170	0.5	96914	164	96832	3689196	38.07
1990-1999	44	0.00183	0.00182	0.5	96750	176	96661	3592364	37.13
1990-1999	45	0.00197	0.00197	0.5	96573	190	96478	3495703	36.20
1990-1999	46	0.00220	0.00220	0.5	96383	212	96277	3399225	35.27
1990-1999	47	0.00242	0.00242	0.5	96171	233	96055	3302948	34.34
1990-1999	48	0.00276	0.00276	0.5	95938	265	95806	3206893	33.43
1990-1999	49	0.00288	0.00287	0.5	95674	275	95536	3111087	32.52
1990-1999	50	0.00317	0.00316	0.5	95399	301	95248	3015551	31.61
1990-1999	51	0.00361	0.00360	0.5	95097	343	94926	2920303	30.71
1990-1999	52	0.00395	0.00394	0.5	94755	374	94568	2825377	29.82
1990-1999	53	0.00437	0.00436	0.5	94381	411	94176	2730809	28.93
1990-1999	54	0.00472	0.00471	0.5	93970	443	93749	2636634	28.06
1990-1999	55	0.00523	0.00522	0.5	93527	488	93283	2542885	27.19
1990-1999	56	0.00584	0.00582	0.5	93039	542	92768	2449602	26.33
1990-1999	57	0.00635	0.00633	0.5	92497	586	92204	2356834	25.48
1990-1999	58	0.00715	0.00712	0.5	91911	655	91584	2264630	24.64
1990-1999	59	0.00755	0.00752	0.5	91257	686	90913	2173046	23.81
1990-1999	60	0.00844	0.00840	0.5	90570	761	90190	2082133	22.99
1990-1999	61	0.00943	0.00939	0.5	89809	843	89388	1991943	22.18
1990-1999	62	0.01030	0.01024	0.5	88966	911	88510	1902555	21.39
1990-1999	63	0.01127	0.01120	0.5	88055	986	87561	1814045	20.60
1990-1999	64	0.01215	0.01208	0.5	87068	1052	86542	1726484	19.83
1990-1999	65	0.01334	0.01325	0.5	86016	1140	85447	1639941	19.07
1990-1999	66	0.01447	0.01437	0.5	84877	1220	84267	1554495	18.31
1990-1999	67	0.01581	0.01569	0.5	83657	1313	83001	1470228	17.57
1990-1999	68	0.01734	0.01719	0.5	82344	1416	81637	1387227	16.85
1990-1999	69	0.01880	0.01862	0.5	80929	1507	80175	1305591	16.13
1990-1999	70	0.02036	0.02016	0.5	79422	1601	78621	1225415	15.43
1990-1999	71	0.02256	0.02231	0.5	77821	1736	76953	1146794	14.74
1990-1999	72	0.02459	0.02429	0.5	76085	1848	75160	1069841	14.06
1990-1999	73	0.02678	0.02642	0.5	74236	1962	73255	994681	13.40
1990-1999	74	0.02885	0.02844	0.5	72274	2055	71247	921426	12.75
1990-1999	75	0.03121	0.03073	0.5	70219	2158	69140	850179	12.11
1990-1999	76	0.03447	0.03388	0.5	68061	2306	66908	781039	11.48
1990-1999	77	0.03786	0.03715	0.5	65755	2443	64534	714130	10.86
1990-1999	78	0.04113	0.04030	0.5	63312	2551	62036	649597	10.26
1990-1999	79	0.04586	0.04483	0.5	60761	2724	59399	587560	9.67
1990-1999	80	0.05208	0.05076	0.5	58037	2946	56564	528161	9.10
1990-1999	81	0.05770	0.05608	0.5	55091	3090	53546	471597	8.56
1990-1999	82	0.06409	0.06210	0.5	52001	3229	50387	418051	8.04
1990-1999	83	0.07115	0.06871	0.5	48772	3351	47097	367664	7.54
1990-1999	84	0.07922	0.07620	0.5	45421	3461	43691	320568	7.06
1990-1999	85	0.08819	0.08447	0.5	41960	3544	40188	276877	6.60
1990-1999	86	0.09863	0.09399	0.5	38416	3611	36610	236689	6.16
1990-1999	87	0.11007	0.10433	0.5	34805	3631	32989	200079	5.75
1990-1999	88	0.12211	0.11508	0.5	31174	3588	29380	167089	5.36
1990-1999	89	0.13560	0.12699	0.5	27586	3503	25835	137709	4.99
1990-1999	90	0.15157	0.14089	0.5	24083	3393	22387	111874	4.65
1990-1999	91	0.16786	0.15487	0.5	20690	3204	19088	89487	4.33
1990-1999	92	0.18604	0.17021	0.5	17486	2976	15998	70399	4.03
1990-1999	93	0.20552	0.18637	0.5	14510	2704	13158	54401	3.75
1990-1999	94	0.22925	0.20567	0.5	11806	2428	10592	41244	3.49
1990-1999	95	0.24809	0.22071	0.5	9377	2070	8343	30652	3.27
1990-1999	96	0.27142	0.23899	0.5	7308	1746	6435	22310	3.05
1990-1999	97	0.29608	0.25790	0.5	5561	1434	4844	15875	2.85
1990-1999	98	0.32200	0.27734	0.5	4127	1145	3555	11031	2.67
1990-1999	99	0.34905	0.29719	0.5	2982	886	2539	7476	2.51
1990-1999	100	0.37712	0.31729	0.5	2096	665	1764	4937	2.36
1990-1999	101	0.40603	0.33751	0.5	1431	483	1190	3173	2.22
1990-1999	102	0.43561	0.35770	0.5	948	339	778	1984	2.09
1990-1999	103	0.46566	0.37772	0.5	609	230	494	1205	1.98
1990-1999	104	0.49596	0.39741	0.5	379	151	304	711	1.88
1990-1999	105	0.52629	0.41665	0.5	228	95	181	408	1.79
1990-1999	106	0.55642	0.43531	0.5	133	58	104	227	1.70
1990-1999	107	0.58615	0.45330	0.5	75	34	58	123	1.63
1990-1999	108	0.61526	0.47051	0.5	41	19	31	65	1.57
1990-1999	109	0.64357	0.48689	0.5	22	11	16	33	1.52
1990-1999	110+	0.67091	1.00000	1.49	11	11	17	17	1.49
2000-2009	0	0.00658	0.00654	0.07	100000	654	99392	8006826	80.07
2000-2009	1	0.00045	0.00045	0.5	99346	45	99323	7907433	79.60
2000-2009	2	0.00026	0.00026	0.5	99301	26	99288	7808110	78.63
2000-2009	3	0.00019	0.00019	0.5	99275	19	99265	7708822	77.65
2000-2009	4	0.00015	0.00015	0.5	99255	15	99248	7609557	76.67
2000-2009	5	0.00014	0.00014	0.5	99240	14	99233	7510309	75.68
2000-2009	6	0.00013	0.00013	0.5	99226	13	99220	7411076	74.69
2000-2009	7	0.00013	0.00013	0.5	99214	13	99207	7311856	73.70
2000-2009	8	0.00012	0.00012	0.5	99201	12	99195	7212649	72.71
2000-2009	9	0.00012	0.00012	0.5	99189	12	99183	7113454	71.72
2000-2009	10	0.00013	0.00013	0.5	99177	12	99171	7014271	70.72
2000-2009	11	0.00012	0.00012	0.5	99164	12	99159	6915101	69.73
2000-2009	12	0.00012	0.00012	0.5	99153	12	99146	6815942	68.74
2000-2009	13	0.00015	0.00015	0.5	99140	15	99133	6716796	67.75
2000-2009	14	0.00019	0.00019	0.5	99125	19	99116	6617663	66.76
2000-2009	15	0.00025	0.00025	0.5	99106	25	99094	6518547	65.77
2000-2009	16	0.00035	0.00035	0.5	99081	35	99064	6419453	64.79
2000-2009	17	0.00038	0.00038	0.5	99046	38	99028	6320390	63.81
2000-2009	18	0.00042	0.00042	0.5	99009	42	98988	6221362	62.84
2000-2009	19	0.00041	0.00041	0.5	98967	40	98947	6122374	61.86
2000-2009	20	0.00040	0.00040	0.5	98927	40	98907	6023427	60.89
2000-2009	21	0.00045	0.00045	0.5	98887	44	98865	5924520	59.91
2000-2009	22	0.00045	0.00045	0.5	98843	44	98821	5825655	58.94
2000-2009	23	0.00045	0.00045	0.5	98799	44	98777	5726834	57.96
2000-2009	24	0.00047	0.00047	0.5	98755	46	98732	5628058	56.99
2000-2009	25	0.00048	0.00048	0.5	98709	48	98685	5529326	56.02
2000-2009	26	0.00049	0.00049	0.5	98661	48	98637	5430641	55.04
2000-2009	27	0.00052	0.00052	0.5	98613	51	98588	5332004	54.07
2000-2009	28	0.00055	0.00055	0.5	98562	54	98535	5233416	53.10
2000-2009	29	0.00059	0.00059	0.5	98508	58	98478	5134881	52.13
2000-2009	30	0.00062	0.00062	0.5	98449	61	98419	5036403	51.16
2000-2009	31	0.00064	0.00064	0.5	98388	62	98357	4937984	50.19
2000-2009	32	0.00071	0.00071	0.5	98325	70	98290	4839628	49.22
2000-2009	33	0.00075	0.00075	0.5	98255	73	98219	4741337	48.26
2000-2009	34	0.00079	0.00079	0.5	98182	77	98144	4643118	47.29
2000-2009	35	0.00087	0.00087	0.5	98105	85	98063	4544975	46.33
2000-2009	36	0.00092	0.00092	0.5	98020	90	97975	4446912	45.37
2000-2009	37	0.00103	0.00103	0.5	97930	101	97880	4348937	44.41
2000-2009	38	0.00114	0.00114	0.5	97829	111	97774	4251058	43.45
2000-2009	39	0.00125	0.00125	0.5	97718	122	97657	4153284	42.50
2000-2009	40	0.00138	0.00138	0.5	97596	135	97529	4055627	41.56
2000-2009	41	0.00149	0.00149	0.5	97461	145	97389	3958099	40.61
2000-2009	42	0.00163	0.00163	0.5	97316	158	97237	3860710	39.67
2000-2009	43	0.00181	0.00181	0.5	97158	176	97070	3763473	38.74
2000-2009	44	0.00196	0.00195	0.5	96982	190	96888	3666403	37.80
2000-2009	45	0.00214	0.00214	0.5	96793	207	96690	3569515	36.88
2000-2009	46	0.00230	0.00229	0.5	96586	222	96475	3472826	35.96
2000-2009	47	0.00253	0.00253	0.5	96365	244	96243	3376350	35.04
2000-2009	48	0.00273	0.00273	0.5	96121	262	95990	3280108	34.12
2000-2009	49	0.00291	0.00291	0.5	95859	279	95719	3184118	33.22
2000-2009	50	0.00318	0.00317	0.5	95580	303	95428	3088398	32.31
2000-2009	51	0.00337	0.00336	0.5	95277	320	95117	2992970	31.41
2000-2009	52	0.00366	0.00366	0.5	94957	347	94783	2897853	30.52
2000-2009	53	0.00399	0.00398	0.5	94609	377	94421	2803070	29.63
2000-2009	54	0.00431	0.00430	0.5	94232	405	94030	2708649	28.74
2000-2009	55	0.00462	0.00461	0.5	93827	432	93611	2614620	27.87
2000-2009	56	0.00505	0.00504	0.5	93395	471	93160	2521008	26.99
2000-2009	57	0.00559	0.00557	0.5	92924	518	92665	2427849	26.13
2000-2009	58	0.00616	0.00615	0.5	92406	568	92122	2335183	25.27
2000-2009	59	0.00669	0.00667	0.5	91838	612	91532	2243061	24.42
2000-2009	60	0.00740	0.00737	0.5	91226	672	90890	2151529	23.58
2000-2009	61	0.00804	0.00801	0.5	90554	725	90191	2060639	22.76
2000-2009	62	0.00902	0.00898	0.5	89829	806	89426	1970448	21.94
2000-2009	63	0.00980	0.00975	0.5	89022	868	88588	1881022	21.13
2000-2009	64	0.01091	0.01085	0.5	88154	956	87676	1792434	20.33
2000-2009	65	0.01170	0.01164	0.5	87198	1015	86690	1704758	19.55
2000-2009	66	0.01288	0.01280	0.5	86183	1103	85632	1618067	18.77
2000-2009	67	0.01414	0.01404	0.5	85080	1195	84483	1532436	18.01
2000-2009	68	0.01538	0.01526	0.5	83886	1280	83246	1447953	17.26
2000-2009	69	0.01667	0.01653	0.5	82606	1365	81923	1364707	16.52
2000-2009	70	0.01863	0.01846	0.5	81240	1500	80490	1282784	15.79
2000-2009	71	0.02023	0.02003	0.5	79741	1597	78942	1202294	15.08
2000-2009	72	0.02238	0.02214	0.5	78143	1730	77278	1123352	14.38
2000-2009	73	0.02423	0.02394	0.5	76414	1830	75499	1046073	13.69
2000-2009	74	0.02662	0.02627	0.5	74584	1959	73604	970575	13.01
2000-2009	75	0.02937	0.02894	0.5	72624	2102	71573	896971	12.35
2000-2009	76	0.03218	0.03167	0.5	70522	2233	69406	825397	11.70
2000-2009	77	0.03517	0.03456	0.5	68289	2360	67109	755991	11.07
2000-2009	78	0.03884	0.03810	0.5	65929	2512	64673	688883	10.45
2000-2009	79	0.04298	0.04207	0.5	63417	2668	62083	624210	9.84
2000-2009	80	0.04820	0.04707	0.5	60749	2859	59319	562127	9.25
2000-2009	81	0.05353	0.05214	0.5	57890	3018	56380	502807	8.69
2000-2009	82	0.06020	0.05844	0.5	54871	3207	53268	446427	8.14
2000-2009	83	0.06694	0.06478	0.5	51665	3347	49992	393159	7.61
2000-2009	84	0.07505	0.07233	0.5	48318	3495	46571	343167	7.10
2000-2009	85	0.08445	0.08103	0.5	44823	3632	43007	296597	6.62
2000-2009	86	0.09511	0.09080	0.5	41191	3740	39321	253589	6.16
2000-2009	87	0.10709	0.10165	0.5	37451	3807	35548	214268	5.72
2000-2009	88	0.11979	0.11302	0.5	33644	3802	31743	178721	5.31
2000-2009	89	0.13472	0.12622	0.5	29842	3767	27959	146977	4.93
2000-2009	90	0.15078	0.14021	0.5	26075	3656	24247	119019	4.56
2000-2009	91	0.16960	0.15635	0.5	22419	3505	20667	94772	4.23
2000-2009	92	0.19011	0.17361	0.5	18914	3284	17272	74105	3.92
2000-2009	93	0.21289	0.19241	0.5	15630	3007	14127	56833	3.64
2000-2009	94	0.23501	0.21030	0.5	12623	2655	11296	42706	3.38
2000-2009	95	0.25682	0.22759	0.5	9968	2269	8834	31410	3.15
2000-2009	96	0.28252	0.24755	0.5	7700	1906	6747	22576	2.93
2000-2009	97	0.30971	0.26818	0.5	5794	1554	5017	15830	2.73
2000-2009	98	0.33830	0.28935	0.5	4240	1227	3626	10813	2.55
2000-2009	99	0.36811	0.31089	0.5	3013	937	2545	7187	2.39
2000-2009	100	0.39897	0.33262	0.5	2076	691	1731	4642	2.24
2000-2009	101	0.43065	0.35435	0.5	1386	491	1140	2911	2.10
2000-2009	102	0.46291	0.37590	0.5	895	336	727	1771	1.98
2000-2009	103	0.49548	0.39710	0.5	558	222	448	1044	1.87
2000-2009	104	0.52809	0.41778	0.5	337	141	266	597	1.77
2000-2009	105	0.56046	0.43778	0.5	196	86	153	330	1.69
2000-2009	106	0.59233	0.45699	0.5	110	50	85	177	1.61
2000-2009	107	0.62344	0.47528	0.5	60	28	46	92	1.54
2000-2009	108	0.65356	0.49259	0.5	31	15	24	47	1.48
2000-2009	109	0.68250	0.50885	0.5	16	8	12	23	1.44
2000-2009	110+	0.71010	1.00000	1.41	8	8	11	11	1.41
2010-2019	0	0.00574	0.00571	0.07	100000	571	99468	8088291	80.88
2010-2019	1	0.00038	0.00038	0.5	99429	38	99410	7988823	80.35
2010-2019	2	0.00022	0.00022	0.5	99391	22	99380	7889413	79.38
2010-2019	3	0.00016	0.00016	0.5	99369	16	99361	7790033	78.40
2010-2019	4	0.00014	0.00014	0.5	99353	14	99346	7690672	77.41
2010-2019	5	0.00013	0.00013	0.5	99339	13	99333	7591326	76.42
2010-2019	6	0.00011	0.00011	0.5	99326	11	99321	7491994	75.43
2010-2019	7	0.00010	0.00010	0.5	99315	10	99311	7392673	74.44
2010-2019	8	0.00010	0.00010	0.5	99306	10	99301	7293362	73.44
2010-2019	9	0.00010	0.00010	0.5	99295	10	99291	7194062	72.45
2010-2019	10	0.00010	0.00010	0.5	99286	10	99281	7094771	71.46
2010-2019	11	0.00011	0.00011	0.5	99276	11	99270	6995490	70.47
2010-2019	12	0.00012	0.00012	0.5	99264	12	99258	6896220	69.47
2010-2019	13	0.00014	0.00014	0.5	99252	14	99246	6796962	68.48
2010-2019	14	0.00016	0.00016	0.5	99239	16	99231	6697716	67.49
2010-2019	15	0.00021	0.00021	0.5	99223	21	99212	6598486	66.50
2010-2019	16	0.00026	0.00026	0.5	99202	26	99189	6499274	65.52
2010-2019	17	0.00029	0.00029	0.5	99176	28	99162	6400085	64.53
2010-2019	18	0.00036	0.00036	0.5	99147	36	99129	6300923	63.55
2010-2019	19	0.00039	0.00039	0.5	99111	38	99092	6201794	62.57
2010-2019	20	0.00041	0.00041	0.5	99073	41	99052	6102702	61.60
2010-2019	21	0.00045	0.00045	0.5	99032	44	99010	6003649	60.62
2010-2019	22	0.00049	0.00049	0.5	98988	48	98964	5904639	59.65
2010-2019	23	0.00052	0.00052	0.5	98940	52	98914	5805675	58.68
2010-2019	24	0.00055	0.00055	0.5	98888	54	98861	5706762	57.71
2010-2019	25	0.00058	0.00058	0.5	98834	58	98805	5607901	56.74
2010-2019	26	0.00063	0.00063	0.5	98776	62	98745	5509096	55.77
2010-2019	27	0.00065	0.00065	0.5	98714	64	98682	5410351	54.81
2010-2019	28	0.00070	0.00070	0.5	98650	69	98615	5311669	53.84
2010-2019	29	0.00075	0.00075	0.5	98581	74	98544	5213054	52.88
2010-2019	30	0.00078	0.00078	0.5	98506	76	98468	5114510	51.92
2010-2019	31	0.00082	0.00082	0.5	98430	80	98390	5016042	50.96
2010-2019	32	0.00089	0.00089	0.5	98350	87	98306	4917652	50.00
2010-2019	33	0.00091	0.00091	0.5	98263	89	98218	4819346	49.05
2010-2019	34	0.00097	0.00097	0.5	98173	95	98126	4721128	48.09
2010-2019	35	0.00104	0.00104	0.5	98078	102	98027	4623002	47.14
2010-2019	36	0.00110	0.00110	0.5	97976	108	97922	4524975	46.18
2010-2019	37	0.00117	0.00117	0.5	97868	114	97811	4427054	45.23
2010-2019	38	0.00120	0.00119	0.5	97754	117	97695	4329243	44.29
2010-2019	39	0.00130	0.00130	0.5	97637	127	97574	4231547	43.34
2010-2019	40	0.00138	0.00138	0.5	97510	134	97443	4133974	42.40
2010-2019	41	0.00150	0.00150	0.5	97376	146	97303	4036531	41.45
2010-2019	42	0.00160	0.00160	0.5	97230	156	97152	3939228	40.51
2010-2019	43	0.00174	0.00173	0.5	97074	168	96990	3842076	39.58
2010-2019	44	0.00193	0.00193	0.5	96906	187	96813	3745086	38.65
2010-2019	45	0.00207	0.00207	0.5	96719	200	96619	3648273	37.72
2010-2019	46	0.00232	0.00232	0.5	96520	224	96408	3551654	36.80
2010-2019	47	0.00247	0.00246	0.5	96296	237	96177	3455246	35.88
2010-2019	48	0.00271	0.00270	0.5	96059	260	95929	3359068	34.97
2010-2019	49	0.00297	0.00296	0.5	95799	284	95657	3263140	34.06
2010-2019	50	0.00323	0.00322	0.5	95515	308	95362	3167482	33.16
2010-2019	51	0.00347	0.00346	0.5	95208	330	95043	3072121	32.27
2010-2019	52	0.00382	0.00381	0.5	94878	361	94697	2977078	31.38
2010-2019	53	0.00412	0.00411	0.5	94517	388	94322	2882380	30.50
2010-2019	54	0.00445	0.00444	0.5	94128	418	93919	2788058	29.62
2010-2019	55	0.00478	0.00477	0.5	93710	447	93487	2694139	28.75
2010-2019	56	0.00516	0.00515	0.5	93263	480	93023	2600652	27.89
2010-2019	57	0.00556	0.00554	0.5	92783	514	92526	2507629	27.03
2010-2019	58	0.00594	0.00593	0.5	92269	547	91996	2415102	26.17
2010-2019	59	0.00641	0.00639	0.5	91722	586	91429	2323107	25.33
2010-2019	60	0.00690	0.00688	0.5	91136	627	90823	2231678	24.49
2010-2019	61	0.00740	0.00737	0.5	90509	667	90176	2140855	23.65
2010-2019	62	0.00800	0.00797	0.5	89842	716	89484	2050679	22.83
2010-2019	63	0.00883	0.00879	0.5	89126	783	88734	1961196	22.00
2010-2019	64	0.00946	0.00941	0.5	88342	832	87927	1872462	21.20
2010-2019	65	0.01030	0.01025	0.5	87511	897	87062	1784535	20.39
2010-2019	66	0.01124	0.01118	0.5	86614	968	86130	1697473	19.60
2010-2019	67	0.01225	0.01218	0.5	85646	1043	85124	1611343	18.81
2010-2019	68	0.01344	0.01335	0.5	84603	1130	84038	1526219	18.04
2010-2019	69	0.01477	0.01466	0.5	83473	1223	82861	1442181	17.28
2010-2019	70	0.01632	0.01619	0.5	82250	1332	81584	1359319	16.53
2010-2019	71	0.01796	0.01781	0.5	80918	1441	80198	1277735	15.79
2010-2019	72	0.01994	0.01975	0.5	79477	1570	78693	1197537	15.07
2010-2019	73	0.02159	0.02136	0.5	77908	1664	77076	1118845	14.36
2010-2019	74	0.02388	0.02360	0.5	76244	1799	75344	1041769	13.66
2010-2019	75	0.02633	0.02598	0.5	74444	1934	73477	966425	12.98
2010-2019	76	0.02914	0.02872	0.5	72510	2083	71469	892948	12.31
2010-2019	77	0.03186	0.03136	0.5	70427	2209	69323	821479	11.66
2010-2019	78	0.03538	0.03477	0.5	68219	2372	67033	752156	11.03
2010-2019	79	0.03914	0.03839	0.5	65847	2528	64583	685124	10.40
2010-2019	80	0.04301	0.04210	0.5	63319	2666	61986	620541	9.80
2010-2019	81	0.04765	0.04654	0.5	60653	2823	59241	558555	9.21
2010-2019	82	0.05336	0.05197	0.5	57830	3006	56327	499313	8.63
2010-2019	83	0.05952	0.05780	0.5	54824	3169	53240	442986	8.08
2010-2019	84	0.06671	0.06456	0.5	51656	3335	49988	389746	7.55
2010-2019	85	0.07517	0.07244	0.5	48321	3501	46571	339758	7.03
2010-2019	86	0.08407	0.08068	0.5	44820	3616	43012	293187	6.54
2010-2019	87	0.09560	0.09124	0.5	41204	3760	39324	250175	6.07
2010-2019	88	0.10751	0.10202	0.5	37445	3820	35535	210850	5.63
2010-2019	89	0.12159	0.11462	0.5	33624	3854	31697	175316	5.21
2010-2019	90	0.13851	0.12954	0.5	29770	3856	27842	143618	4.82
2010-2019	91	0.15525	0.14406	0.5	25914	3733	24047	115776	4.47
2010-2019	92	0.17462	0.16060	0.5	22181	3562	20399	91729	4.14
2010-2019	93	0.19498	0.17766	0.5	18618	3308	16965	71330	3.83
2010-2019	94	0.21848	0.19696	0.5	15311	3016	13803	54365	3.55
2010-2019	95	0.24012	0.21438	0.5	12295	2636	10977	40562	3.30
2010-2019	96	0.26540	0.23431	0.5	9659	2263	8528	29585	3.06
2010-2019	97	0.29233	0.25505	0.5	7396	1886	6453	21057	2.85
2010-2019	98	0.32079	0.27645	0.5	5510	1523	4748	14605	2.65
2010-2019	99	0.35066	0.29835	0.5	3987	1189	3392	9857	2.47
2010-2019	100	0.38174	0.32055	0.5	2797	897	2349	6465	2.31
2010-2019	101	0.41382	0.34287	0.5	1901	652	1575	4116	2.17
2010-2019	102	0.44665	0.36511	0.5	1249	456	1021	2541	2.03
2010-2019	103	0.47995	0.38706	0.5	793	307	639	1520	1.92
2010-2019	104	0.51343	0.40855	0.5	486	199	387	881	1.81
2010-2019	105	0.54679	0.42939	0.5	287	123	226	494	1.72
2010-2019	106	0.57973	0.44945	0.5	164	74	127	268	1.64
2010-2019	107	0.61198	0.46859	0.5	90	42	69	141	1.56
2010-2019	108	0.64328	0.48673	0.5	48	23	36	72	1.50
2010-2019	109	0.67340	0.50378	0.5	25	12	18	36	1.45
2010-2019	110+	0.70215	1.00000	1.42	12	12	17	17	1.42
