Div3: East North Central, Lifetables (period 5x5), Both sexes Last modified: 20 Dec 2020, MPv5 (May07) 

Year     	Age	mx	qx	ax	lx	dx	Lx	Tx	ex
1960-1964	0	0.02374	0.02325	0.11	100000	2325	97940	7031548	70.32
1960-1964	1-4	0.00089	0.00357	1.62	97675	349	389870	6933608	70.99
1960-1964	5-9	0.00043	0.00213	2.29	97326	207	486069	6543738	67.24
1960-1964	10-14	0.00041	0.00204	2.68	97119	198	485135	6057670	62.37
1960-1964	15-19	0.00085	0.00425	2.76	96921	412	483680	5572534	57.50
1960-1964	20-24	0.00115	0.00573	2.5	96509	553	481161	5088854	52.73
1960-1964	25-29	0.00116	0.00577	2.54	95956	554	478414	4607693	48.02
1960-1964	30-34	0.00147	0.00734	2.62	95402	700	475347	4129279	43.28
1960-1964	35-39	0.00219	0.01088	2.66	94702	1030	471104	3653931	38.58
1960-1964	40-44	0.00343	0.01703	2.67	93672	1595	464649	3182827	33.98
1960-1964	45-49	0.00557	0.02751	2.68	92077	2533	454520	2718178	29.52
1960-1964	50-54	0.00909	0.04448	2.65	89544	3983	438380	2263658	25.28
1960-1964	55-59	0.01376	0.06664	2.64	85561	5702	414375	1825278	21.33
1960-1964	60-64	0.02073	0.09879	2.62	79859	7889	380508	1410903	17.67
1960-1964	65-69	0.03157	0.14668	2.59	71970	10557	334439	1030395	14.32
1960-1964	70-74	0.04831	0.21625	2.58	61413	13280	274902	695956	11.33
1960-1964	75-79	0.07256	0.30742	2.52	48133	14797	203943	421054	8.75
1960-1964	80-84	0.11490	0.44469	2.46	33335	14824	129021	217111	6.51
1960-1964	85-89	0.17901	0.60361	2.3	18511	11174	62419	88090	4.76
1960-1964	90-94	0.26267	0.74715	2.11	7338	5482	20872	25671	3.50
1960-1964	95-99	0.37273	0.86209	1.88	1855	1599	4291	4799	2.59
1960-1964	100-104	0.49671	0.93078	1.64	256	238	479	508	1.98
1960-1964	105-109	0.62249	0.96571	1.43	18	17	27	28	1.60
1960-1964	110+	0.71997	1.00000	1.39	1	1	1	1	1.39
1965-1969	0	0.02222	0.02179	0.11	100000	2179	98060	7031564	70.32
1965-1969	1-4	0.00084	0.00334	1.65	97821	327	390516	6933503	70.88
1965-1969	5-9	0.00042	0.00212	2.29	97494	207	486909	6542987	67.11
1965-1969	10-14	0.00039	0.00196	2.71	97287	191	485998	6056078	62.25
1965-1969	15-19	0.00104	0.00521	2.87	97096	506	484402	5570080	57.37
1965-1969	20-24	0.00128	0.00640	2.5	96590	619	481404	5085678	52.65
1965-1969	25-29	0.00131	0.00654	2.53	95972	627	478309	4604274	47.98
1965-1969	30-34	0.00161	0.00801	2.62	95344	764	474902	4125965	43.27
1965-1969	35-39	0.00233	0.01160	2.67	94581	1097	470350	3651064	38.60
1965-1969	40-44	0.00364	0.01807	2.67	93483	1689	463475	3180714	34.02
1965-1969	45-49	0.00571	0.02815	2.66	91794	2584	452933	2717239	29.60
1965-1969	50-54	0.00900	0.04409	2.67	89210	3933	436866	2264307	25.38
1965-1969	55-59	0.01380	0.06681	2.64	85276	5697	412954	1827441	21.43
1965-1969	60-64	0.02105	0.10022	2.61	79579	7975	378869	1414487	17.77
1965-1969	65-69	0.03114	0.14485	2.59	71603	10372	333061	1035617	14.46
1965-1969	70-74	0.04721	0.21185	2.58	61232	12972	274786	702556	11.47
1965-1969	75-79	0.07213	0.30597	2.52	48260	14766	204702	427770	8.86
1965-1969	80-84	0.11146	0.43426	2.46	33494	14545	130494	223067	6.66
1965-1969	85-89	0.17224	0.58884	2.31	18949	11158	64782	92573	4.89
1965-1969	90-94	0.25723	0.74108	2.14	7791	5774	22446	27791	3.57
1965-1969	95-99	0.36283	0.85429	1.9	2017	1723	4750	5345	2.65
1965-1969	100-104	0.48581	0.92643	1.66	294	272	561	596	2.03
1965-1969	105-109	0.61204	0.96365	1.45	22	21	34	35	1.63
1965-1969	110+	0.71066	1.00000	1.41	1	1	1	1	1.41
1970-1974	0	0.01880	0.01849	0.1	100000	1849	98337	7119166	71.19
1970-1974	1-4	0.00075	0.00301	1.68	98151	295	391919	7020829	71.53
1970-1974	5-9	0.00039	0.00193	2.32	97856	189	488775	6628910	67.74
1970-1974	10-14	0.00038	0.00191	2.72	97667	186	487913	6140135	62.87
1970-1974	15-19	0.00105	0.00523	2.85	97481	510	486311	5652222	57.98
1970-1974	20-24	0.00140	0.00700	2.51	96971	679	483167	5165911	53.27
1970-1974	25-29	0.00132	0.00660	2.51	96293	635	479881	4682744	48.63
1970-1974	30-34	0.00154	0.00768	2.61	95658	735	476528	4202863	43.94
1970-1974	35-39	0.00223	0.01111	2.66	94923	1054	472143	3726335	39.26
1970-1974	40-44	0.00346	0.01717	2.68	93868	1612	465605	3254191	34.67
1970-1974	45-49	0.00554	0.02734	2.66	92256	2523	455369	2788586	30.23
1970-1974	50-54	0.00834	0.04090	2.66	89734	3670	440065	2333218	26.00
1970-1974	55-59	0.01300	0.06309	2.65	86063	5429	417537	1893152	22.00
1970-1974	60-64	0.01982	0.09466	2.63	80634	7633	385070	1475616	18.30
1970-1974	65-69	0.02963	0.13831	2.59	73001	10097	340717	1090546	14.94
1970-1974	70-74	0.04423	0.19973	2.58	62905	12564	284076	749829	11.92
1970-1974	75-79	0.06822	0.29196	2.53	50341	14697	215443	465753	9.25
1970-1974	80-84	0.10330	0.40976	2.48	35643	14605	141389	250310	7.02
1970-1974	85-89	0.15963	0.56041	2.34	21038	11790	73860	108920	5.18
1970-1974	90-94	0.23915	0.71334	2.17	9248	6597	27585	35061	3.79
1970-1974	95-99	0.33835	0.83307	1.95	2651	2209	6527	7476	2.82
1970-1974	100-104	0.45777	0.91391	1.71	443	404	883	948	2.14
1970-1974	105-109	0.58390	0.95743	1.49	38	36	62	65	1.70
1970-1974	110+	0.68452	1.00000	1.46	2	2	2	2	1.46
1975-1979	0	0.01485	0.01466	0.09	100000	1466	98666	7295054	72.95
1975-1979	1-4	0.00065	0.00258	1.68	98534	254	393547	7196389	73.03
1975-1979	5-9	0.00032	0.00162	2.34	98280	159	490978	6802841	69.22
1975-1979	10-14	0.00033	0.00164	2.77	98121	161	490247	6311864	64.33
1975-1979	15-19	0.00098	0.00488	2.87	97960	478	488785	5821617	59.43
1975-1979	20-24	0.00131	0.00654	2.49	97482	637	485809	5332832	54.71
1975-1979	25-29	0.00123	0.00616	2.49	96845	596	482726	4847023	50.05
1975-1979	30-34	0.00133	0.00665	2.58	96249	640	479694	4364297	45.34
1975-1979	35-39	0.00186	0.00928	2.65	95609	887	475958	3884603	40.63
1975-1979	40-44	0.00294	0.01460	2.69	94721	1383	470405	3408646	35.99
1975-1979	45-49	0.00475	0.02348	2.68	93338	2192	461597	2938240	31.48
1975-1979	50-54	0.00753	0.03698	2.65	91146	3370	447827	2476644	27.17
1975-1979	55-59	0.01144	0.05569	2.65	87776	4888	427391	2028817	23.11
1975-1979	60-64	0.01783	0.08556	2.63	82888	7092	397664	1601425	19.32
1975-1979	65-69	0.02656	0.12485	2.61	75796	9463	356344	1203761	15.88
1975-1979	70-74	0.03925	0.17931	2.59	66333	11894	302992	847417	12.78
1975-1979	75-79	0.05941	0.25928	2.55	54439	14115	237609	544424	10.00
1975-1979	80-84	0.09153	0.37236	2.5	40324	15015	164036	306816	7.61
1975-1979	85-89	0.14165	0.51688	2.39	25309	13082	92353	142780	5.64
1975-1979	90-94	0.21506	0.67379	2.23	12227	8239	38309	50427	4.12
1975-1979	95-99	0.31053	0.80564	2.01	3989	3213	10348	12118	3.04
1975-1979	100-104	0.42747	0.89825	1.77	775	696	1629	1770	2.28
1975-1979	105-109	0.55488	0.95004	1.54	79	75	135	141	1.79
1975-1979	110+	0.65853	1.00000	1.52	4	4	6	6	1.52
1980-1984	0	0.01209	0.01195	0.08	100000	1195	98902	7419337	74.19
1980-1984	1-4	0.00054	0.00217	1.64	98805	214	394713	7320434	74.09
1980-1984	5-9	0.00027	0.00133	2.38	98590	131	492608	6925721	70.25
1980-1984	10-14	0.00028	0.00138	2.76	98459	136	491992	6433114	65.34
1980-1984	15-19	0.00080	0.00399	2.87	98324	392	490783	5941121	60.42
1980-1984	20-24	0.00108	0.00537	2.53	97931	526	488355	5450339	55.65
1980-1984	25-29	0.00112	0.00557	2.52	97405	543	485679	4961984	50.94
1980-1984	30-34	0.00125	0.00622	2.58	96862	603	482850	4476305	46.21
1980-1984	35-39	0.00164	0.00816	2.67	96259	786	479465	3993454	41.49
1980-1984	40-44	0.00250	0.01245	2.67	95474	1189	474599	3513990	36.81
1980-1984	45-49	0.00417	0.02067	2.7	94285	1948	466935	3039391	32.24
1980-1984	50-54	0.00678	0.03337	2.66	92336	3082	454484	2572456	27.86
1980-1984	55-59	0.01066	0.05200	2.65	89255	4641	435376	2117973	23.73
1980-1984	60-64	0.01647	0.07925	2.64	84614	6706	407231	1682597	19.89
1980-1984	65-69	0.02473	0.11679	2.62	77908	9099	367878	1275366	16.37
1980-1984	70-74	0.03727	0.17094	2.58	68809	11762	315580	907488	13.19
1980-1984	75-79	0.05574	0.24517	2.55	57047	13986	250927	591908	10.38
1980-1984	80-84	0.08603	0.35427	2.51	43061	15255	177331	340980	7.92
1980-1984	85-89	0.13346	0.49555	2.4	27806	13779	103247	163650	5.89
1980-1984	90-94	0.20313	0.65275	2.26	14027	9156	45074	60403	4.31
1980-1984	95-99	0.29802	0.79188	2.04	4871	3857	12942	15329	3.15
1980-1984	100-104	0.41339	0.89001	1.8	1014	902	2182	2387	2.35
1980-1984	105-109	0.54080	0.94598	1.56	111	105	195	204	1.83
1980-1984	110+	0.64534	1.00000	1.55	6	6	9	9	1.55
1985-1989	0	0.01086	0.01076	0.08	100000	1076	99009	7482556	74.83
1985-1989	1-4	0.00049	0.00197	1.64	98924	195	395239	7383547	74.64
1985-1989	5-9	0.00023	0.00117	2.4	98730	116	493348	6988308	70.78
1985-1989	10-14	0.00027	0.00134	2.81	98614	132	492781	6494961	65.86
1985-1989	15-19	0.00080	0.00400	2.8	98482	394	491543	6002180	60.95
1985-1989	20-24	0.00102	0.00509	2.51	98088	499	489193	5510636	56.18
1985-1989	25-29	0.00108	0.00539	2.53	97588	526	486644	5021444	51.46
1985-1989	30-34	0.00129	0.00641	2.59	97062	622	483808	4534800	46.72
1985-1989	35-39	0.00167	0.00831	2.6	96440	802	480276	4050992	42.01
1985-1989	40-44	0.00235	0.01170	2.66	95638	1119	475571	3570716	37.34
1985-1989	45-49	0.00372	0.01844	2.68	94519	1743	468549	3095145	32.75
1985-1989	50-54	0.00621	0.03059	2.68	92776	2838	457294	2626595	28.31
1985-1989	55-59	0.00989	0.04834	2.67	89938	4348	439544	2169301	24.12
1985-1989	60-64	0.01578	0.07605	2.63	85590	6509	412549	1729757	20.21
1985-1989	65-69	0.02347	0.11112	2.61	79082	8787	374364	1317208	16.66
1985-1989	70-74	0.03595	0.16546	2.6	70294	11631	323550	942844	13.41
1985-1989	75-79	0.05338	0.23623	2.57	58663	13858	259586	619294	10.56
1985-1989	80-84	0.08340	0.34529	2.51	44805	15471	185502	359708	8.03
1985-1989	85-89	0.13071	0.48858	2.42	29335	14332	109653	174207	5.94
1985-1989	90-94	0.20243	0.65109	2.26	15002	9768	48253	64554	4.30
1985-1989	95-99	0.30119	0.79606	2.04	5234	4167	13835	16301	3.11
1985-1989	100-104	0.42171	0.89547	1.79	1068	956	2267	2467	2.31
1985-1989	105-109	0.55425	0.95019	1.54	112	106	191	200	1.79
1985-1989	110+	0.66227	1.00000	1.51	6	6	8	8	1.51
1990-1994	0	0.00989	0.00980	0.08	100000	980	99094	7556760	75.57
1990-1994	1-4	0.00045	0.00180	1.62	99020	179	395653	7457666	75.32
1990-1994	5-9	0.00021	0.00103	2.36	98841	102	493937	7062013	71.45
1990-1994	10-14	0.00025	0.00124	2.91	98739	123	493440	6568076	66.52
1990-1994	15-19	0.00084	0.00420	2.81	98617	414	492178	6074636	61.60
1990-1994	20-24	0.00100	0.00499	2.48	98203	490	489778	5582458	56.85
1990-1994	25-29	0.00107	0.00533	2.57	97712	521	487293	5092679	52.12
1990-1994	30-34	0.00133	0.00665	2.58	97191	647	484387	4605387	47.38
1990-1994	35-39	0.00172	0.00857	2.59	96544	827	480730	4120999	42.69
1990-1994	40-44	0.00237	0.01178	2.63	95717	1128	475909	3640269	38.03
1990-1994	45-49	0.00352	0.01747	2.67	94590	1652	469097	3164360	33.45
1990-1994	50-54	0.00559	0.02760	2.67	92937	2565	458719	2695263	29.00
1990-1994	55-59	0.00900	0.04406	2.67	90372	3981	442578	2236544	24.75
1990-1994	60-64	0.01433	0.06932	2.64	86391	5988	417847	1793966	20.77
1990-1994	65-69	0.02231	0.10592	2.63	80402	8516	381804	1376118	17.12
1990-1994	70-74	0.03336	0.15442	2.6	71886	11101	332750	994315	13.83
1990-1994	75-79	0.05003	0.22297	2.56	60786	13553	270903	661564	10.88
1990-1994	80-84	0.07953	0.33214	2.52	47232	15688	197259	390661	8.27
1990-1994	85-89	0.12459	0.47175	2.43	31545	14881	119440	193403	6.13
1990-1994	90-94	0.19430	0.63578	2.28	16664	10594	54527	73963	4.44
1990-1994	95-99	0.29132	0.78488	2.06	6069	4764	16352	19436	3.20
1990-1994	100-104	0.41158	0.88956	1.81	1306	1161	2822	3084	2.36
1990-1994	105-109	0.54527	0.94772	1.56	144	137	251	262	1.82
1990-1994	110+	0.65489	1.00000	1.53	8	8	12	12	1.53
1995-1999	0	0.00844	0.00838	0.07	100000	838	99222	7620763	76.21
1995-1999	1-4	0.00037	0.00150	1.62	99162	149	396295	7521541	75.85
1995-1999	5-9	0.00018	0.00091	2.35	99013	91	494827	7125245	71.96
1995-1999	10-14	0.00022	0.00108	2.85	98923	107	494385	6630418	67.03
1995-1999	15-19	0.00072	0.00361	2.82	98816	356	493305	6136034	62.10
1995-1999	20-24	0.00095	0.00472	2.5	98460	464	491138	5642729	57.31
1995-1999	25-29	0.00094	0.00471	2.52	97996	461	488836	5151591	52.57
1995-1999	30-34	0.00117	0.00583	2.63	97534	569	486321	4662756	47.81
1995-1999	35-39	0.00160	0.00798	2.63	96966	773	482994	4176434	43.07
1995-1999	40-44	0.00233	0.01161	2.65	96192	1116	478334	3693440	38.40
1995-1999	45-49	0.00343	0.01703	2.65	95076	1620	471579	3215107	33.82
1995-1999	50-54	0.00517	0.02555	2.68	93456	2387	461750	2743527	29.36
1995-1999	55-59	0.00829	0.04068	2.67	91069	3704	446695	2281777	25.06
1995-1999	60-64	0.01345	0.06517	2.66	87365	5694	423478	1835082	21.00
1995-1999	65-69	0.02101	0.10007	2.63	81671	8173	388993	1411604	17.28
1995-1999	70-74	0.03220	0.14942	2.59	73498	10982	341040	1022611	13.91
1995-1999	75-79	0.04859	0.21746	2.59	62516	13595	279798	681570	10.90
1995-1999	80-84	0.07891	0.33019	2.53	48921	16153	204703	401772	8.21
1995-1999	85-89	0.12675	0.47828	2.44	32768	15672	123645	197069	6.01
1995-1999	90-94	0.20190	0.65103	2.27	17096	11130	55125	73424	4.29
1995-1999	95-99	0.30576	0.80214	2.04	5966	4785	15651	18299	3.07
1995-1999	100-104	0.43503	0.90374	1.77	1180	1067	2452	2648	2.24
1995-1999	105-109	0.57581	0.95628	1.51	114	109	189	196	1.72
1995-1999	110+	0.68881	1.00000	1.45	5	5	7	7	1.45
2000-2004	0	0.00786	0.00780	0.07	100000	780	99275	7689347	76.89
2000-2004	1-4	0.00031	0.00124	1.59	99220	123	396583	7590072	76.50
2000-2004	5-9	0.00015	0.00074	2.41	99097	73	495294	7193489	72.59
2000-2004	10-14	0.00018	0.00092	2.78	99023	92	494914	6698195	67.64
2000-2004	15-19	0.00063	0.00316	2.88	98932	313	493995	6203281	62.70
2000-2004	20-24	0.00092	0.00459	2.54	98619	453	491980	5709285	57.89
2000-2004	25-29	0.00091	0.00455	2.52	98166	447	489724	5217306	53.15
2000-2004	30-34	0.00108	0.00539	2.57	97719	527	487318	4727582	48.38
2000-2004	35-39	0.00150	0.00746	2.68	97192	725	484279	4240264	43.63
2000-2004	40-44	0.00230	0.01143	2.66	96468	1102	479754	3755986	38.94
2000-2004	45-49	0.00351	0.01739	2.64	95365	1659	472918	3276232	34.35
2000-2004	50-54	0.00510	0.02521	2.64	93706	2363	462967	2803314	29.92
2000-2004	55-59	0.00774	0.03800	2.68	91344	3471	448656	2340347	25.62
2000-2004	60-64	0.01229	0.05972	2.66	87873	5248	427098	1891691	21.53
2000-2004	65-69	0.01901	0.09097	2.63	82625	7517	395310	1464593	17.73
2000-2004	70-74	0.02950	0.13777	2.61	75109	10348	350811	1069283	14.24
2000-2004	75-79	0.04598	0.20696	2.59	64761	13403	291491	718472	11.09
2000-2004	80-84	0.07531	0.31794	2.55	51358	16329	216815	426981	8.31
2000-2004	85-89	0.12546	0.47555	2.46	35029	16658	132781	210166	6.00
2000-2004	90-94	0.20614	0.66023	2.28	18371	12129	58838	77385	4.21
2000-2004	95-99	0.31670	0.81463	2.02	6242	5085	16055	18547	2.97
2000-2004	100-104	0.45444	0.91425	1.73	1157	1058	2328	2492	2.15
2000-2004	105-109	0.60143	0.96242	1.47	99	95	159	164	1.65
2000-2004	110+	0.71676	1.00000	1.4	4	4	5	5	1.40
2005-2009	0	0.00758	0.00753	0.07	100000	753	99299	7775888	77.76
2005-2009	1-4	0.00028	0.00113	1.55	99247	112	396713	7676589	77.35
2005-2009	5-9	0.00013	0.00067	2.43	99135	66	495505	7279876	73.43
2005-2009	10-14	0.00016	0.00080	2.81	99069	79	495170	6784372	68.48
2005-2009	15-19	0.00056	0.00282	2.94	98989	279	494372	6289201	63.53
2005-2009	20-24	0.00089	0.00445	2.56	98711	440	492478	5794829	58.71
2005-2009	25-29	0.00099	0.00496	2.54	98271	488	490154	5302351	53.96
2005-2009	30-34	0.00111	0.00556	2.55	97783	543	487587	4812196	49.21
2005-2009	35-39	0.00145	0.00722	2.63	97240	702	484533	4324609	44.47
2005-2009	40-44	0.00220	0.01094	2.68	96538	1056	480240	3840076	39.78
2005-2009	45-49	0.00341	0.01689	2.66	95482	1613	473639	3359835	35.19
2005-2009	50-54	0.00511	0.02523	2.63	93870	2368	463739	2886197	30.75
2005-2009	55-59	0.00733	0.03603	2.63	91501	3297	449688	2422458	26.47
2005-2009	60-64	0.01117	0.05440	2.66	88204	4799	429771	1972770	22.37
2005-2009	65-69	0.01694	0.08145	2.63	83406	6794	400931	1542999	18.50
2005-2009	70-74	0.02636	0.12405	2.63	76612	9504	360513	1142069	14.91
2005-2009	75-79	0.04136	0.18815	2.6	67108	12626	305273	781556	11.65
2005-2009	80-84	0.06811	0.29217	2.57	54482	15918	233709	476283	8.74
2005-2009	85-89	0.11580	0.44815	2.48	38564	17282	149245	242574	6.29
2005-2009	90-94	0.19521	0.63975	2.31	21282	13615	69747	93329	4.39
2005-2009	95-99	0.30372	0.80128	2.05	7667	6143	20226	23583	3.08
2005-2009	100-104	0.44321	0.90904	1.76	1524	1385	3125	3356	2.20
2005-2009	105-109	0.59408	0.96103	1.48	139	133	224	232	1.67
2005-2009	110+	0.71306	1.00000	1.4	5	5	8	8	1.40
2010-2014	0	0.00685	0.00681	0.07	100000	681	99365	7832072	78.32
2010-2014	1-4	0.00025	0.00101	1.61	99319	101	397035	7732707	77.86
2010-2014	5-9	0.00011	0.00057	2.38	99218	56	495944	7335672	73.93
2010-2014	10-14	0.00014	0.00070	2.74	99162	70	495653	6839728	68.98
2010-2014	15-19	0.00049	0.00245	2.97	99092	243	494968	6344075	64.02
2010-2014	20-24	0.00089	0.00442	2.61	98850	437	493202	5849107	59.17
2010-2014	25-29	0.00105	0.00523	2.54	98413	515	490799	5355905	54.42
2010-2014	30-34	0.00121	0.00601	2.56	97898	589	488053	4865106	49.70
2010-2014	35-39	0.00147	0.00733	2.58	97309	714	484822	4377053	44.98
2010-2014	40-44	0.00207	0.01031	2.64	96596	996	480628	3892231	40.29
2010-2014	45-49	0.00322	0.01598	2.68	95599	1528	474458	3411604	35.69
2010-2014	50-54	0.00504	0.02491	2.66	94072	2344	464864	2937146	31.22
2010-2014	55-59	0.00739	0.03631	2.63	91728	3331	450731	2472282	26.95
2010-2014	60-64	0.01060	0.05169	2.64	88397	4569	431215	2021551	22.87
2010-2014	65-69	0.01582	0.07628	2.65	83828	6395	404110	1590336	18.97
2010-2014	70-74	0.02468	0.11657	2.62	77433	9026	365675	1186226	15.32
2010-2014	75-79	0.03889	0.17790	2.6	68407	12169	312879	820550	12.00
2010-2014	80-84	0.06372	0.27616	2.59	56238	15530	243731	507672	9.03
2010-2014	85-89	0.10967	0.43031	2.5	40707	17517	159729	263941	6.48
2010-2014	90-94	0.18855	0.62641	2.32	23191	14527	77046	104212	4.49
2010-2014	95-99	0.29664	0.79364	2.07	8664	6876	23180	27166	3.14
2010-2014	100-104	0.43732	0.90620	1.77	1788	1620	3705	3987	2.23
2010-2014	105-109	0.59042	0.96033	1.49	168	161	273	282	1.68
2010-2014	110+	0.71141	1.00000	1.41	7	7	9	9	1.41
2015-2019	0	0.00657	0.00653	0.07	100000	653	99390	7810521	78.11
2015-2019	1-4	0.00025	0.00101	1.62	99347	101	397146	7711131	77.62
2015-2019	5-9	0.00012	0.00058	2.43	99246	58	496082	7313985	73.70
2015-2019	10-14	0.00016	0.00081	2.83	99188	80	495768	6817903	68.74
2015-2019	15-19	0.00052	0.00262	2.94	99108	259	495005	6322136	63.79
2015-2019	20-24	0.00098	0.00487	2.65	98849	481	493110	5827130	58.95
2015-2019	25-29	0.00132	0.00660	2.58	98367	649	490266	5334020	54.23
2015-2019	30-34	0.00159	0.00794	2.58	97718	776	486716	4843753	49.57
2015-2019	35-39	0.00187	0.00931	2.56	96942	903	482510	4357037	44.94
2015-2019	40-44	0.00234	0.01165	2.61	96040	1119	477530	3874527	40.34
2015-2019	45-49	0.00332	0.01648	2.64	94921	1564	470909	3396997	35.79
2015-2019	50-54	0.00504	0.02490	2.67	93357	2324	461361	2926088	31.34
2015-2019	55-59	0.00762	0.03744	2.64	91032	3408	447125	2464727	27.08
2015-2019	60-64	0.01097	0.05344	2.62	87625	4683	426972	2017602	23.03
2015-2019	65-69	0.01567	0.07555	2.62	82942	6267	399782	1590630	19.18
2015-2019	70-74	0.02397	0.11339	2.63	76675	8695	362790	1190847	15.53
2015-2019	75-79	0.03819	0.17499	2.61	67981	11896	311479	828057	12.18
2015-2019	80-84	0.06179	0.26874	2.58	56085	15072	243916	516578	9.21
2015-2019	85-89	0.10508	0.41688	2.52	41013	17098	162705	272662	6.65
2015-2019	90-94	0.18266	0.61468	2.34	23915	14700	80478	109957	4.60
2015-2019	95-99	0.28959	0.78543	2.09	9215	7238	24993	29479	3.20
2015-2019	100-104	0.42914	0.90180	1.79	1977	1783	4155	4486	2.27
2015-2019	105-109	0.58234	0.95849	1.5	194	186	320	331	1.70
2015-2019	110+	0.70422	1.00000	1.42	8	8	11	11	1.42
