Div3: East North Central, Lifetables (period 1x10), Males Last modified: 20 Dec 2020, MPv5 (May07) 

Year     	Age	mx	qx	ax	lx	dx	Lx	Tx	ex
1960-1969	0	0.02601	0.02543	0.11	100000	2543	97749	6704382	67.04
1960-1969	1	0.00144	0.00144	0.5	97457	140	97387	6606633	67.79
1960-1969	2	0.00095	0.00095	0.5	97317	92	97271	6509245	66.89
1960-1969	3	0.00075	0.00075	0.5	97225	73	97188	6411974	65.95
1960-1969	4	0.00065	0.00065	0.5	97152	63	97120	6314786	65.00
1960-1969	5	0.00060	0.00060	0.5	97089	58	97059	6217666	64.04
1960-1969	6	0.00053	0.00053	0.5	97030	52	97005	6120606	63.08
1960-1969	7	0.00048	0.00048	0.5	96979	47	96955	6023601	62.11
1960-1969	8	0.00044	0.00044	0.5	96932	43	96911	5926646	61.14
1960-1969	9	0.00044	0.00044	0.5	96889	43	96868	5829735	60.17
1960-1969	10	0.00040	0.00040	0.5	96847	39	96827	5732867	59.20
1960-1969	11	0.00043	0.00043	0.5	96808	42	96787	5636040	58.22
1960-1969	12	0.00047	0.00047	0.5	96766	46	96743	5539254	57.24
1960-1969	13	0.00053	0.00053	0.5	96720	51	96695	5442511	56.27
1960-1969	14	0.00066	0.00066	0.5	96669	64	96637	5345816	55.30
1960-1969	15	0.00081	0.00081	0.5	96605	78	96566	5249179	54.34
1960-1969	16	0.00113	0.00113	0.5	96527	109	96472	5152613	53.38
1960-1969	17	0.00141	0.00141	0.5	96417	136	96350	5056141	52.44
1960-1969	18	0.00176	0.00176	0.5	96282	170	96197	4959792	51.51
1960-1969	19	0.00179	0.00179	0.5	96112	172	96026	4863595	50.60
1960-1969	20	0.00176	0.00175	0.5	95940	168	95856	4767569	49.69
1960-1969	21	0.00188	0.00188	0.5	95772	180	95682	4671713	48.78
1960-1969	22	0.00187	0.00187	0.5	95592	178	95503	4576031	47.87
1960-1969	23	0.00178	0.00178	0.5	95413	170	95329	4480529	46.96
1960-1969	24	0.00175	0.00175	0.5	95244	166	95160	4385200	46.04
1960-1969	25	0.00171	0.00170	0.5	95077	162	94996	4290040	45.12
1960-1969	26	0.00168	0.00168	0.5	94915	159	94835	4195044	44.20
1960-1969	27	0.00167	0.00167	0.5	94756	158	94677	4100208	43.27
1960-1969	28	0.00168	0.00168	0.5	94598	159	94518	4005532	42.34
1960-1969	29	0.00169	0.00169	0.5	94439	159	94359	3911013	41.41
1960-1969	30	0.00177	0.00177	0.5	94280	166	94196	3816654	40.48
1960-1969	31	0.00183	0.00182	0.5	94113	172	94027	3722457	39.55
1960-1969	32	0.00194	0.00194	0.5	93942	183	93850	3628430	38.62
1960-1969	33	0.00202	0.00201	0.5	93759	189	93665	3534580	37.70
1960-1969	34	0.00217	0.00216	0.5	93570	202	93469	3440915	36.77
1960-1969	35	0.00232	0.00232	0.5	93368	217	93259	3347446	35.85
1960-1969	36	0.00254	0.00254	0.5	93151	237	93033	3254187	34.93
1960-1969	37	0.00271	0.00271	0.5	92914	252	92789	3161154	34.02
1960-1969	38	0.00300	0.00299	0.5	92663	277	92524	3068366	33.11
1960-1969	39	0.00326	0.00326	0.5	92385	301	92235	2975842	32.21
1960-1969	40	0.00367	0.00367	0.5	92084	338	91915	2883607	31.31
1960-1969	41	0.00394	0.00393	0.5	91747	361	91566	2791691	30.43
1960-1969	42	0.00449	0.00448	0.5	91386	409	91181	2700125	29.55
1960-1969	43	0.00482	0.00481	0.5	90976	438	90758	2608944	28.68
1960-1969	44	0.00522	0.00521	0.5	90539	471	90303	2518186	27.81
1960-1969	45	0.00597	0.00595	0.5	90067	536	89799	2427884	26.96
1960-1969	46	0.00635	0.00633	0.5	89531	567	89248	2338084	26.11
1960-1969	47	0.00712	0.00709	0.5	88964	631	88649	2248836	25.28
1960-1969	48	0.00788	0.00785	0.5	88333	693	87987	2160188	24.45
1960-1969	49	0.00872	0.00869	0.5	87640	761	87260	2072201	23.64
1960-1969	50	0.00992	0.00987	0.5	86879	857	86450	1984941	22.85
1960-1969	51	0.01070	0.01065	0.5	86022	916	85564	1898491	22.07
1960-1969	52	0.01192	0.01185	0.5	85106	1008	84602	1812927	21.30
1960-1969	53	0.01288	0.01280	0.5	84098	1076	83560	1728325	20.55
1960-1969	54	0.01437	0.01427	0.5	83021	1185	82429	1644766	19.81
1960-1969	55	0.01551	0.01539	0.5	81837	1259	81207	1562337	19.09
1960-1969	56	0.01677	0.01663	0.5	80577	1340	79907	1481129	18.38
1960-1969	57	0.01853	0.01836	0.5	79237	1455	78510	1401222	17.68
1960-1969	58	0.02018	0.01998	0.5	77783	1554	77006	1322712	17.01
1960-1969	59	0.02202	0.02178	0.5	76229	1660	75398	1245706	16.34
1960-1969	60	0.02399	0.02371	0.5	74568	1768	73684	1170308	15.69
1960-1969	61	0.02571	0.02539	0.5	72800	1848	71876	1096623	15.06
1960-1969	62	0.02850	0.02810	0.5	70952	1994	69955	1024747	14.44
1960-1969	63	0.03059	0.03013	0.5	68958	2077	67920	954792	13.85
1960-1969	64	0.03282	0.03229	0.5	66881	2159	65801	886872	13.26
1960-1969	65	0.03645	0.03580	0.5	64722	2317	63563	821071	12.69
1960-1969	66	0.03796	0.03725	0.5	62405	2325	61242	757508	12.14
1960-1969	67	0.04222	0.04134	0.5	60080	2484	58838	696266	11.59
1960-1969	68	0.04517	0.04417	0.5	57596	2544	56324	637428	11.07
1960-1969	69	0.04833	0.04718	0.5	55052	2598	53753	581104	10.56
1960-1969	70	0.05343	0.05204	0.5	52454	2730	51089	527351	10.05
1960-1969	71	0.05629	0.05475	0.5	49724	2722	48363	476261	9.58
1960-1969	72	0.06327	0.06133	0.5	47002	2882	45561	427898	9.10
1960-1969	73	0.06673	0.06457	0.5	44120	2849	42695	382337	8.67
1960-1969	74	0.07293	0.07036	0.5	41271	2904	39819	339642	8.23
1960-1969	75	0.07867	0.07569	0.5	38367	2904	36915	299824	7.81
1960-1969	76	0.08336	0.08003	0.5	35463	2838	34044	262909	7.41
1960-1969	77	0.08986	0.08599	0.5	32625	2805	31222	228865	7.02
1960-1969	78	0.09730	0.09279	0.5	29819	2767	28436	197643	6.63
1960-1969	79	0.10486	0.09964	0.5	27052	2696	25705	169207	6.25
1960-1969	80	0.11678	0.11034	0.5	24357	2688	23013	143502	5.89
1960-1969	81	0.12340	0.11623	0.5	21669	2519	20410	120489	5.56
1960-1969	82	0.13655	0.12782	0.5	19151	2448	17927	100079	5.23
1960-1969	83	0.14958	0.13917	0.5	16703	2325	15541	82152	4.92
1960-1969	84	0.16203	0.14989	0.5	14378	2155	13301	66611	4.63
1960-1969	85	0.17686	0.16249	0.5	12223	1986	11230	53311	4.36
1960-1969	86	0.19060	0.17402	0.5	10237	1781	9346	42080	4.11
1960-1969	87	0.20746	0.18796	0.5	8456	1589	7661	32734	3.87
1960-1969	88	0.22387	0.20133	0.5	6866	1382	6175	25073	3.65
1960-1969	89	0.23990	0.21420	0.5	5484	1175	4897	18898	3.45
1960-1969	90	0.25890	0.22923	0.5	4309	988	3815	14001	3.25
1960-1969	91	0.27214	0.23954	0.5	3321	796	2924	10186	3.07
1960-1969	92	0.30255	0.26280	0.5	2526	664	2194	7263	2.88
1960-1969	93	0.32781	0.28164	0.5	1862	524	1600	5069	2.72
1960-1969	94	0.34768	0.29619	0.5	1338	396	1140	3469	2.59
1960-1969	95	0.36315	0.30734	0.5	941	289	797	2329	2.47
1960-1969	96	0.38617	0.32368	0.5	652	211	547	1533	2.35
1960-1969	97	0.40972	0.34006	0.5	441	150	366	986	2.24
1960-1969	98	0.43369	0.35641	0.5	291	104	239	620	2.13
1960-1969	99	0.45797	0.37264	0.5	187	70	152	381	2.03
1960-1969	100	0.48246	0.38869	0.5	118	46	95	228	1.94
1960-1969	101	0.50703	0.40449	0.5	72	29	57	134	1.86
1960-1969	102	0.53156	0.41995	0.5	43	18	34	76	1.79
1960-1969	103	0.55595	0.43502	0.5	25	11	19	43	1.72
1960-1969	104	0.58007	0.44965	0.5	14	6	11	23	1.65
1960-1969	105	0.60381	0.46379	0.5	8	4	6	12	1.60
1960-1969	106	0.62707	0.47739	0.5	4	2	3	6	1.54
1960-1969	107	0.64976	0.49043	0.5	2	1	2	3	1.50
1960-1969	108	0.67179	0.50287	0.5	1	1	1	2	1.46
1960-1969	109	0.69308	0.51471	0.5	1	0	0	1	1.42
1960-1969	110+	0.71359	1.00000	1.4	0	0	0	0	1.40
1970-1979	0	0.01895	0.01863	0.1	100000	1863	98315	6839220	68.39
1970-1979	1	0.00110	0.00110	0.5	98137	108	98083	6740905	68.69
1970-1979	2	0.00077	0.00077	0.5	98028	76	97991	6642822	67.76
1970-1979	3	0.00065	0.00065	0.5	97953	64	97921	6544832	66.82
1970-1979	4	0.00054	0.00054	0.5	97889	53	97863	6446911	65.86
1970-1979	5	0.00049	0.00049	0.5	97836	48	97812	6349048	64.89
1970-1979	6	0.00045	0.00045	0.5	97789	44	97767	6251236	63.93
1970-1979	7	0.00041	0.00041	0.5	97745	41	97724	6153469	62.95
1970-1979	8	0.00037	0.00037	0.5	97704	36	97686	6055745	61.98
1970-1979	9	0.00036	0.00036	0.5	97668	35	97650	5958059	61.00
1970-1979	10	0.00036	0.00036	0.5	97632	35	97615	5860409	60.03
1970-1979	11	0.00036	0.00036	0.5	97598	35	97580	5762794	59.05
1970-1979	12	0.00041	0.00041	0.5	97563	40	97543	5665214	58.07
1970-1979	13	0.00048	0.00048	0.5	97522	47	97499	5567672	57.09
1970-1979	14	0.00063	0.00063	0.5	97475	61	97445	5470173	56.12
1970-1979	15	0.00081	0.00081	0.5	97414	78	97375	5372728	55.15
1970-1979	16	0.00116	0.00116	0.5	97335	113	97279	5275353	54.20
1970-1979	17	0.00147	0.00147	0.5	97223	143	97151	5178074	53.26
1970-1979	18	0.00188	0.00188	0.5	97080	182	96989	5080923	52.34
1970-1979	19	0.00196	0.00196	0.5	96898	190	96803	4983934	51.44
1970-1979	20	0.00201	0.00201	0.5	96708	195	96611	4887132	50.54
1970-1979	21	0.00210	0.00210	0.5	96513	203	96412	4790521	49.64
1970-1979	22	0.00217	0.00217	0.5	96310	209	96206	4694109	48.74
1970-1979	23	0.00209	0.00209	0.5	96102	201	96001	4597903	47.84
1970-1979	24	0.00205	0.00205	0.5	95901	196	95803	4501901	46.94
1970-1979	25	0.00190	0.00190	0.5	95705	182	95614	4406099	46.04
1970-1979	26	0.00183	0.00183	0.5	95523	174	95436	4310485	45.13
1970-1979	27	0.00186	0.00185	0.5	95348	177	95260	4215049	44.21
1970-1979	28	0.00175	0.00174	0.5	95172	166	95089	4119789	43.29
1970-1979	29	0.00177	0.00177	0.5	95006	168	94921	4024701	42.36
1970-1979	30	0.00183	0.00182	0.5	94837	173	94751	3929779	41.44
1970-1979	31	0.00185	0.00185	0.5	94664	175	94577	3835028	40.51
1970-1979	32	0.00185	0.00185	0.5	94489	174	94402	3740452	39.59
1970-1979	33	0.00196	0.00195	0.5	94315	184	94223	3646049	38.66
1970-1979	34	0.00206	0.00206	0.5	94131	194	94034	3551827	37.73
1970-1979	35	0.00224	0.00224	0.5	93937	210	93832	3457793	36.81
1970-1979	36	0.00242	0.00241	0.5	93726	226	93613	3363961	35.89
1970-1979	37	0.00258	0.00258	0.5	93500	241	93380	3270348	34.98
1970-1979	38	0.00279	0.00279	0.5	93259	260	93129	3176968	34.07
1970-1979	39	0.00305	0.00305	0.5	92999	283	92857	3083839	33.16
1970-1979	40	0.00332	0.00332	0.5	92716	308	92562	2990982	32.26
1970-1979	41	0.00360	0.00359	0.5	92408	332	92242	2898420	31.37
1970-1979	42	0.00402	0.00402	0.5	92076	370	91891	2806178	30.48
1970-1979	43	0.00447	0.00446	0.5	91706	409	91501	2714287	29.60
1970-1979	44	0.00484	0.00483	0.5	91297	441	91076	2622786	28.73
1970-1979	45	0.00556	0.00554	0.5	90856	504	90604	2531709	27.87
1970-1979	46	0.00606	0.00604	0.5	90352	546	90079	2441106	27.02
1970-1979	47	0.00659	0.00657	0.5	89807	590	89512	2351026	26.18
1970-1979	48	0.00722	0.00719	0.5	89217	642	88896	2261515	25.35
1970-1979	49	0.00802	0.00798	0.5	88575	707	88221	2172619	24.53
1970-1979	50	0.00862	0.00859	0.5	87868	754	87491	2084397	23.72
1970-1979	51	0.00953	0.00949	0.5	87113	827	86700	1996907	22.92
1970-1979	52	0.01050	0.01045	0.5	86287	902	85836	1910207	22.14
1970-1979	53	0.01125	0.01119	0.5	85385	955	84908	1824371	21.37
1970-1979	54	0.01248	0.01241	0.5	84430	1047	83906	1739463	20.60
1970-1979	55	0.01366	0.01357	0.5	83382	1131	82817	1655557	19.85
1970-1979	56	0.01485	0.01474	0.5	82251	1212	81645	1572740	19.12
1970-1979	57	0.01650	0.01637	0.5	81039	1326	80376	1491095	18.40
1970-1979	58	0.01787	0.01771	0.5	79713	1412	79007	1410719	17.70
1970-1979	59	0.01965	0.01946	0.5	78301	1523	77539	1331712	17.01
1970-1979	60	0.02173	0.02150	0.5	76778	1650	75952	1254173	16.34
1970-1979	61	0.02314	0.02288	0.5	75127	1719	74268	1178220	15.68
1970-1979	62	0.02584	0.02551	0.5	73408	1873	72472	1103953	15.04
1970-1979	63	0.02821	0.02782	0.5	71536	1990	70540	1031481	14.42
1970-1979	64	0.03058	0.03012	0.5	69545	2095	68498	960940	13.82
1970-1979	65	0.03343	0.03288	0.5	67451	2218	66342	892442	13.23
1970-1979	66	0.03567	0.03505	0.5	65233	2286	64089	826101	12.66
1970-1979	67	0.03914	0.03839	0.5	62946	2417	61738	762011	12.11
1970-1979	68	0.04177	0.04092	0.5	60530	2477	59291	700273	11.57
1970-1979	69	0.04543	0.04442	0.5	58053	2579	56764	640982	11.04
1970-1979	70	0.04927	0.04808	0.5	55475	2667	54141	584218	10.53
1970-1979	71	0.05229	0.05096	0.5	52807	2691	51462	530077	10.04
1970-1979	72	0.05777	0.05615	0.5	50116	2814	48709	478616	9.55
1970-1979	73	0.06204	0.06018	0.5	47302	2846	45879	429907	9.09
1970-1979	74	0.06800	0.06576	0.5	44456	2923	42994	384028	8.64
1970-1979	75	0.07321	0.07062	0.5	41532	2933	40066	341034	8.21
1970-1979	76	0.07954	0.07650	0.5	38599	2953	37123	300968	7.80
1970-1979	77	0.08569	0.08217	0.5	35646	2929	34182	263846	7.40
1970-1979	78	0.09270	0.08860	0.5	32717	2899	31268	229664	7.02
1970-1979	79	0.10065	0.09583	0.5	29819	2857	28390	198396	6.65
1970-1979	80	0.10714	0.10170	0.5	26961	2742	25590	170006	6.31
1970-1979	81	0.11566	0.10933	0.5	24219	2648	22895	144416	5.96
1970-1979	82	0.12482	0.11749	0.5	21571	2534	20304	121521	5.63
1970-1979	83	0.13529	0.12672	0.5	19037	2412	17831	101217	5.32
1970-1979	84	0.14744	0.13731	0.5	16624	2283	15483	83386	5.02
1970-1979	85	0.15895	0.14725	0.5	14342	2112	13286	67903	4.73
1970-1979	86	0.17153	0.15798	0.5	12230	1932	11264	54617	4.47
1970-1979	87	0.18622	0.17036	0.5	10298	1754	9421	43353	4.21
1970-1979	88	0.19847	0.18055	0.5	8544	1543	7772	33932	3.97
1970-1979	89	0.21936	0.19768	0.5	7001	1384	6309	26160	3.74
1970-1979	90	0.23441	0.20982	0.5	5617	1179	5028	19851	3.53
1970-1979	91	0.25179	0.22364	0.5	4438	993	3942	14823	3.34
1970-1979	92	0.26902	0.23712	0.5	3446	817	3037	10881	3.16
1970-1979	93	0.29496	0.25705	0.5	2629	676	2291	7844	2.98
1970-1979	94	0.31174	0.26970	0.5	1953	527	1690	5553	2.84
1970-1979	95	0.32716	0.28117	0.5	1426	401	1226	3863	2.71
1970-1979	96	0.34817	0.29655	0.5	1025	304	873	2637	2.57
1970-1979	97	0.36978	0.31208	0.5	721	225	609	1764	2.45
1970-1979	98	0.39193	0.32771	0.5	496	163	415	1156	2.33
1970-1979	99	0.41454	0.34337	0.5	334	115	276	741	2.22
1970-1979	100	0.43751	0.35898	0.5	219	79	180	464	2.12
1970-1979	101	0.46075	0.37448	0.5	140	53	114	285	2.03
1970-1979	102	0.48416	0.38980	0.5	88	34	71	171	1.94
1970-1979	103	0.50764	0.40488	0.5	54	22	43	100	1.86
1970-1979	104	0.53109	0.41965	0.5	32	13	25	57	1.79
1970-1979	105	0.55440	0.43408	0.5	19	8	14	32	1.73
1970-1979	106	0.57748	0.44810	0.5	10	5	8	17	1.67
1970-1979	107	0.60022	0.46167	0.5	6	3	4	9	1.61
1970-1979	108	0.62254	0.47476	0.5	3	1	2	5	1.56
1970-1979	109	0.64435	0.48734	0.5	2	1	1	2	1.53
1970-1979	110+	0.66557	1.00000	1.5	1	1	1	1	1.50
1980-1989	0	0.01279	0.01264	0.08	100000	1264	98836	7101665	71.02
1980-1989	1	0.00086	0.00086	0.5	98736	85	98694	7002829	70.92
1980-1989	2	0.00057	0.00057	0.5	98651	57	98623	6904135	69.99
1980-1989	3	0.00047	0.00047	0.5	98595	46	98572	6805512	69.03
1980-1989	4	0.00039	0.00039	0.5	98548	38	98529	6706940	68.06
1980-1989	5	0.00032	0.00032	0.5	98510	31	98495	6608411	67.08
1980-1989	6	0.00030	0.00030	0.5	98479	30	98464	6509916	66.10
1980-1989	7	0.00029	0.00029	0.5	98449	28	98435	6411453	65.12
1980-1989	8	0.00028	0.00028	0.5	98421	28	98407	6313018	64.14
1980-1989	9	0.00026	0.00026	0.5	98393	26	98380	6214611	63.16
1980-1989	10	0.00025	0.00025	0.5	98367	24	98355	6116230	62.18
1980-1989	11	0.00027	0.00027	0.5	98343	26	98330	6017875	61.19
1980-1989	12	0.00031	0.00031	0.5	98317	30	98302	5919545	60.21
1980-1989	13	0.00038	0.00038	0.5	98287	38	98268	5821243	59.23
1980-1989	14	0.00047	0.00047	0.5	98249	46	98226	5722975	58.25
1980-1989	15	0.00062	0.00062	0.5	98203	61	98172	5624749	57.28
1980-1989	16	0.00095	0.00095	0.5	98141	93	98095	5526577	56.31
1980-1989	17	0.00118	0.00117	0.5	98049	115	97991	5428482	55.37
1980-1989	18	0.00146	0.00146	0.5	97933	143	97862	5330491	54.43
1980-1989	19	0.00150	0.00150	0.5	97790	147	97717	5232629	53.51
1980-1989	20	0.00152	0.00151	0.5	97643	148	97569	5134913	52.59
1980-1989	21	0.00164	0.00164	0.5	97495	160	97416	5037343	51.67
1980-1989	22	0.00159	0.00158	0.5	97336	154	97259	4939928	50.75
1980-1989	23	0.00162	0.00162	0.5	97181	157	97103	4842669	49.83
1980-1989	24	0.00156	0.00156	0.5	97024	151	96949	4745566	48.91
1980-1989	25	0.00159	0.00159	0.5	96873	154	96796	4648618	47.99
1980-1989	26	0.00157	0.00157	0.5	96719	152	96643	4551822	47.06
1980-1989	27	0.00162	0.00162	0.5	96567	156	96489	4455179	46.14
1980-1989	28	0.00169	0.00168	0.5	96411	162	96330	4358689	45.21
1980-1989	29	0.00158	0.00158	0.5	96249	152	96173	4262360	44.28
1980-1989	30	0.00163	0.00163	0.5	96097	156	96019	4166187	43.35
1980-1989	31	0.00175	0.00174	0.5	95941	167	95857	4070168	42.42
1980-1989	32	0.00179	0.00178	0.5	95773	171	95688	3974311	41.50
1980-1989	33	0.00185	0.00185	0.5	95602	176	95514	3878623	40.57
1980-1989	34	0.00183	0.00183	0.5	95426	174	95339	3783109	39.64
1980-1989	35	0.00198	0.00198	0.5	95251	189	95157	3687770	38.72
1980-1989	36	0.00207	0.00207	0.5	95063	197	94964	3592613	37.79
1980-1989	37	0.00215	0.00215	0.5	94866	204	94764	3497649	36.87
1980-1989	38	0.00244	0.00244	0.5	94662	231	94546	3402885	35.95
1980-1989	39	0.00240	0.00240	0.5	94431	226	94318	3308339	35.03
1980-1989	40	0.00261	0.00261	0.5	94205	246	94082	3214021	34.12
1980-1989	41	0.00287	0.00286	0.5	93959	269	93825	3119939	33.21
1980-1989	42	0.00315	0.00315	0.5	93690	295	93543	3026114	32.30
1980-1989	43	0.00332	0.00331	0.5	93395	309	93241	2932572	31.40
1980-1989	44	0.00358	0.00358	0.5	93086	333	92920	2839331	30.50
1980-1989	45	0.00408	0.00407	0.5	92753	378	92564	2746411	29.61
1980-1989	46	0.00445	0.00444	0.5	92376	410	92171	2653847	28.73
1980-1989	47	0.00505	0.00504	0.5	91965	463	91734	2561676	27.85
1980-1989	48	0.00556	0.00555	0.5	91502	508	91248	2469943	26.99
1980-1989	49	0.00587	0.00585	0.5	90994	532	90728	2378695	26.14
1980-1989	50	0.00673	0.00671	0.5	90462	607	90159	2287967	25.29
1980-1989	51	0.00751	0.00749	0.5	89855	673	89519	2197808	24.46
1980-1989	52	0.00840	0.00837	0.5	89183	746	88810	2108289	23.64
1980-1989	53	0.00921	0.00917	0.5	88436	811	88031	2019480	22.84
1980-1989	54	0.00988	0.00983	0.5	87626	862	87195	1931448	22.04
1980-1989	55	0.01115	0.01109	0.5	86764	962	86283	1844253	21.26
1980-1989	56	0.01220	0.01213	0.5	85802	1041	85282	1757970	20.49
1980-1989	57	0.01321	0.01312	0.5	84762	1112	84206	1672688	19.73
1980-1989	58	0.01508	0.01496	0.5	83649	1252	83024	1588483	18.99
1980-1989	59	0.01590	0.01577	0.5	82398	1300	81748	1505459	18.27
1980-1989	60	0.01764	0.01749	0.5	81098	1418	80389	1423711	17.56
1980-1989	61	0.01920	0.01901	0.5	79680	1515	78922	1343322	16.86
1980-1989	62	0.02190	0.02167	0.5	78165	1694	77318	1264400	16.18
1980-1989	63	0.02328	0.02302	0.5	76471	1760	75591	1187082	15.52
1980-1989	64	0.02458	0.02429	0.5	74711	1814	73804	1111490	14.88
1980-1989	65	0.02710	0.02674	0.5	72897	1949	71922	1037686	14.23
1980-1989	66	0.02977	0.02933	0.5	70948	2081	69907	965764	13.61
1980-1989	67	0.03230	0.03178	0.5	68867	2189	67772	895856	13.01
1980-1989	68	0.03576	0.03514	0.5	66678	2343	65506	828084	12.42
1980-1989	69	0.03808	0.03737	0.5	64335	2404	63133	762577	11.85
1980-1989	70	0.04243	0.04155	0.5	61931	2573	60644	699445	11.29
1980-1989	71	0.04586	0.04483	0.5	59358	2661	58027	638800	10.76
1980-1989	72	0.05020	0.04897	0.5	56697	2777	55308	580773	10.24
1980-1989	73	0.05539	0.05390	0.5	53920	2906	52467	525465	9.75
1980-1989	74	0.05883	0.05715	0.5	51014	2915	49556	472998	9.27
1980-1989	75	0.06378	0.06181	0.5	48098	2973	46612	423443	8.80
1980-1989	76	0.06878	0.06649	0.5	45125	3000	43625	376831	8.35
1980-1989	77	0.07465	0.07197	0.5	42125	3032	40609	333206	7.91
1980-1989	78	0.08180	0.07859	0.5	39093	3072	37557	292597	7.48
1980-1989	79	0.08881	0.08504	0.5	36021	3063	34489	255040	7.08
1980-1989	80	0.09700	0.09251	0.5	32958	3049	31433	220550	6.69
1980-1989	81	0.10560	0.10030	0.5	29909	3000	28409	189117	6.32
1980-1989	82	0.11379	0.10766	0.5	26909	2897	25460	160708	5.97
1980-1989	83	0.12400	0.11676	0.5	24012	2804	22610	135247	5.63
1980-1989	84	0.13551	0.12691	0.5	21208	2692	19863	112637	5.31
1980-1989	85	0.14514	0.13532	0.5	18517	2506	17264	92775	5.01
1980-1989	86	0.15911	0.14739	0.5	16011	2360	14831	75511	4.72
1980-1989	87	0.17167	0.15810	0.5	13651	2158	12572	60680	4.44
1980-1989	88	0.18691	0.17094	0.5	11493	1965	10511	48108	4.19
1980-1989	89	0.20053	0.18226	0.5	9528	1737	8660	37597	3.95
1980-1989	90	0.21797	0.19655	0.5	7792	1531	7026	28937	3.71
1980-1989	91	0.23439	0.20980	0.5	6260	1313	5604	21911	3.50
1980-1989	92	0.25276	0.22440	0.5	4947	1110	4392	16307	3.30
1980-1989	93	0.27826	0.24428	0.5	3837	937	3368	11915	3.11
1980-1989	94	0.29621	0.25800	0.5	2900	748	2526	8547	2.95
1980-1989	95	0.31309	0.27071	0.5	2151	582	1860	6022	2.80
1980-1989	96	0.33436	0.28647	0.5	1569	449	1344	4161	2.65
1980-1989	97	0.35632	0.30244	0.5	1120	339	950	2817	2.52
1980-1989	98	0.37890	0.31855	0.5	781	249	657	1867	2.39
1980-1989	99	0.40203	0.33474	0.5	532	178	443	1210	2.27
1980-1989	100	0.42559	0.35092	0.5	354	124	292	767	2.17
1980-1989	101	0.44950	0.36701	0.5	230	84	188	475	2.07
1980-1989	102	0.47364	0.38295	0.5	145	56	118	287	1.98
1980-1989	103	0.49791	0.39866	0.5	90	36	72	170	1.89
1980-1989	104	0.52219	0.41408	0.5	54	22	43	98	1.82
1980-1989	105	0.54636	0.42913	0.5	32	14	25	55	1.75
1980-1989	106	0.57032	0.44377	0.5	18	8	14	30	1.68
1980-1989	107	0.59395	0.45795	0.5	10	5	8	16	1.63
1980-1989	108	0.61715	0.47162	0.5	5	3	4	9	1.58
1980-1989	109	0.63984	0.48475	0.5	3	1	2	4	1.54
1980-1989	110+	0.66191	1.00000	1.51	1	1	2	2	1.51
1990-1999	0	0.01015	0.01006	0.07	100000	1006	99067	7276416	72.76
1990-1999	1	0.00069	0.00069	0.5	98994	68	98960	7177349	72.50
1990-1999	2	0.00047	0.00047	0.5	98926	46	98903	7078389	71.55
1990-1999	3	0.00038	0.00038	0.5	98880	38	98861	6979486	70.59
1990-1999	4	0.00028	0.00028	0.5	98842	28	98828	6880625	69.61
1990-1999	5	0.00025	0.00025	0.5	98814	25	98801	6781797	68.63
1990-1999	6	0.00023	0.00023	0.5	98789	22	98778	6682995	67.65
1990-1999	7	0.00021	0.00021	0.5	98766	21	98756	6584218	66.66
1990-1999	8	0.00020	0.00020	0.5	98746	19	98736	6485462	65.68
1990-1999	9	0.00019	0.00019	0.5	98727	19	98717	6386726	64.69
1990-1999	10	0.00020	0.00019	0.5	98707	19	98698	6288009	63.70
1990-1999	11	0.00020	0.00020	0.5	98688	20	98678	6189311	62.72
1990-1999	12	0.00025	0.00025	0.5	98669	25	98656	6090632	61.73
1990-1999	13	0.00033	0.00033	0.5	98644	32	98628	5991976	60.74
1990-1999	14	0.00045	0.00045	0.5	98612	45	98589	5893348	59.76
1990-1999	15	0.00062	0.00062	0.5	98567	61	98536	5794759	58.79
1990-1999	16	0.00095	0.00095	0.5	98506	94	98459	5696222	57.83
1990-1999	17	0.00109	0.00109	0.5	98412	108	98358	5597764	56.88
1990-1999	18	0.00139	0.00139	0.5	98304	137	98236	5499406	55.94
1990-1999	19	0.00149	0.00149	0.5	98167	146	98094	5401170	55.02
1990-1999	20	0.00146	0.00146	0.5	98021	143	97950	5303076	54.10
1990-1999	21	0.00155	0.00155	0.5	97878	152	97802	5205126	53.18
1990-1999	22	0.00150	0.00150	0.5	97726	147	97653	5107324	52.26
1990-1999	23	0.00148	0.00148	0.5	97579	144	97507	5009672	51.34
1990-1999	24	0.00145	0.00144	0.5	97435	141	97365	4912165	50.41
1990-1999	25	0.00138	0.00138	0.5	97294	134	97227	4814800	49.49
1990-1999	26	0.00145	0.00145	0.5	97160	141	97089	4717573	48.55
1990-1999	27	0.00145	0.00145	0.5	97019	141	96948	4620484	47.62
1990-1999	28	0.00151	0.00151	0.5	96878	146	96805	4523535	46.69
1990-1999	29	0.00150	0.00150	0.5	96732	145	96660	4426730	45.76
1990-1999	30	0.00160	0.00160	0.5	96587	155	96510	4330071	44.83
1990-1999	31	0.00170	0.00170	0.5	96432	164	96350	4233561	43.90
1990-1999	32	0.00180	0.00180	0.5	96269	173	96182	4137211	42.98
1990-1999	33	0.00185	0.00184	0.5	96095	177	96007	4041029	42.05
1990-1999	34	0.00190	0.00189	0.5	95918	182	95827	3945022	41.13
1990-1999	35	0.00203	0.00203	0.5	95736	194	95639	3849195	40.21
1990-1999	36	0.00208	0.00208	0.5	95542	198	95443	3753556	39.29
1990-1999	37	0.00223	0.00222	0.5	95344	212	95238	3658113	38.37
1990-1999	38	0.00240	0.00240	0.5	95132	228	95018	3562875	37.45
1990-1999	39	0.00240	0.00240	0.5	94903	227	94790	3467858	36.54
1990-1999	40	0.00269	0.00268	0.5	94676	254	94549	3373068	35.63
1990-1999	41	0.00291	0.00290	0.5	94422	274	94285	3278519	34.72
1990-1999	42	0.00305	0.00305	0.5	94148	287	94005	3184234	33.82
1990-1999	43	0.00335	0.00335	0.5	93861	314	93704	3090229	32.92
1990-1999	44	0.00347	0.00346	0.5	93547	324	93385	2996525	32.03
1990-1999	45	0.00371	0.00370	0.5	93223	345	93051	2903139	31.14
1990-1999	46	0.00415	0.00414	0.5	92878	385	92686	2810089	30.26
1990-1999	47	0.00443	0.00442	0.5	92494	409	92289	2717403	29.38
1990-1999	48	0.00486	0.00485	0.5	92085	447	91862	2625113	28.51
1990-1999	49	0.00503	0.00502	0.5	91639	460	91408	2533251	27.64
1990-1999	50	0.00537	0.00535	0.5	91178	488	90934	2441843	26.78
1990-1999	51	0.00620	0.00618	0.5	90690	561	90410	2350909	25.92
1990-1999	52	0.00675	0.00673	0.5	90130	607	89826	2260499	25.08
1990-1999	53	0.00726	0.00724	0.5	89523	648	89199	2170672	24.25
1990-1999	54	0.00794	0.00791	0.5	88875	703	88523	2081474	23.42
1990-1999	55	0.00889	0.00885	0.5	88172	781	87782	1992950	22.60
1990-1999	56	0.00977	0.00973	0.5	87391	850	86966	1905168	21.80
1990-1999	57	0.01059	0.01053	0.5	86541	912	86086	1818202	21.01
1990-1999	58	0.01198	0.01191	0.5	85630	1020	85120	1732116	20.23
1990-1999	59	0.01280	0.01272	0.5	84610	1076	84072	1646996	19.47
1990-1999	60	0.01441	0.01430	0.5	83534	1195	82937	1562925	18.71
1990-1999	61	0.01602	0.01589	0.5	82339	1309	81685	1479988	17.97
1990-1999	62	0.01753	0.01737	0.5	81030	1408	80327	1398303	17.26
1990-1999	63	0.01897	0.01879	0.5	79623	1496	78874	1317977	16.55
1990-1999	64	0.02090	0.02068	0.5	78126	1616	77318	1239102	15.86
1990-1999	65	0.02312	0.02286	0.5	76510	1749	75636	1161784	15.18
1990-1999	66	0.02560	0.02528	0.5	74762	1890	73817	1086148	14.53
1990-1999	67	0.02743	0.02706	0.5	72872	1972	71886	1012331	13.89
1990-1999	68	0.03084	0.03037	0.5	70900	2154	69823	940445	13.26
1990-1999	69	0.03315	0.03261	0.5	68746	2242	67626	870621	12.66
1990-1999	70	0.03599	0.03535	0.5	66505	2351	65329	802996	12.07
1990-1999	71	0.03959	0.03883	0.5	64154	2491	62908	737667	11.50
1990-1999	72	0.04238	0.04150	0.5	61663	2559	60384	674758	10.94
1990-1999	73	0.04588	0.04485	0.5	59104	2651	57779	614374	10.39
1990-1999	74	0.05002	0.04879	0.5	56453	2755	55076	556596	9.86
1990-1999	75	0.05357	0.05217	0.5	53699	2802	52298	501520	9.34
1990-1999	76	0.05926	0.05755	0.5	50897	2929	49433	449222	8.83
1990-1999	77	0.06556	0.06348	0.5	47968	3045	46446	399789	8.33
1990-1999	78	0.07119	0.06875	0.5	44923	3088	43379	353343	7.87
1990-1999	79	0.07792	0.07500	0.5	41835	3138	40266	309964	7.41
1990-1999	80	0.08738	0.08372	0.5	38697	3240	37077	269698	6.97
1990-1999	81	0.09589	0.09151	0.5	35457	3245	33835	232621	6.56
1990-1999	82	0.10432	0.09915	0.5	32213	3194	30616	198786	6.17
1990-1999	83	0.11614	0.10977	0.5	29019	3185	27426	168170	5.80
1990-1999	84	0.12568	0.11825	0.5	25834	3055	24306	140744	5.45
1990-1999	85	0.13873	0.12974	0.5	22779	2955	21301	116438	5.11
1990-1999	86	0.15123	0.14060	0.5	19824	2787	18430	95136	4.80
1990-1999	87	0.16620	0.15345	0.5	17036	2614	15729	76706	4.50
1990-1999	88	0.17927	0.16452	0.5	14422	2373	13236	60977	4.23
1990-1999	89	0.19493	0.17762	0.5	12049	2140	10979	47741	3.96
1990-1999	90	0.21388	0.19321	0.5	9909	1915	8952	36762	3.71
1990-1999	91	0.23262	0.20838	0.5	7995	1666	7162	27810	3.48
1990-1999	92	0.25492	0.22610	0.5	6329	1431	5613	20649	3.26
1990-1999	93	0.27565	0.24226	0.5	4898	1187	4305	15035	3.07
1990-1999	94	0.29791	0.25929	0.5	3711	962	3230	10731	2.89
1990-1999	95	0.31926	0.27531	0.5	2749	757	2371	7501	2.73
1990-1999	96	0.34288	0.29270	0.5	1992	583	1701	5130	2.58
1990-1999	97	0.36731	0.31032	0.5	1409	437	1190	3430	2.43
1990-1999	98	0.39244	0.32807	0.5	972	319	812	2239	2.30
1990-1999	99	0.41816	0.34585	0.5	653	226	540	1427	2.18
1990-1999	100	0.44432	0.36356	0.5	427	155	350	887	2.08
1990-1999	101	0.47080	0.38109	0.5	272	104	220	537	1.98
1990-1999	102	0.49745	0.39836	0.5	168	67	135	317	1.88
1990-1999	103	0.52411	0.41528	0.5	101	42	80	182	1.80
1990-1999	104	0.55063	0.43176	0.5	59	26	46	102	1.73
1990-1999	105	0.57687	0.44773	0.5	34	15	26	56	1.66
1990-1999	106	0.60268	0.46312	0.5	19	9	14	30	1.60
1990-1999	107	0.62793	0.47789	0.5	10	5	8	15	1.54
1990-1999	108	0.65250	0.49199	0.5	5	3	4	8	1.49
1990-1999	109	0.67629	0.50539	0.5	3	1	2	4	1.45
1990-1999	110+	0.69920	1.00000	1.43	1	1	2	2	1.43
2000-2009	0	0.00847	0.00840	0.07	100000	840	99217	7475648	74.76
2000-2009	1	0.00053	0.00053	0.5	99160	53	99133	7376432	74.39
2000-2009	2	0.00033	0.00033	0.5	99107	33	99090	7277299	73.43
2000-2009	3	0.00024	0.00024	0.5	99074	24	99062	7178208	72.45
2000-2009	4	0.00021	0.00021	0.5	99050	20	99040	7079147	71.47
2000-2009	5	0.00018	0.00018	0.5	99029	18	99020	6980107	70.49
2000-2009	6	0.00016	0.00016	0.5	99011	16	99003	6881087	69.50
2000-2009	7	0.00014	0.00014	0.5	98996	14	98988	6782083	68.51
2000-2009	8	0.00015	0.00015	0.5	98981	15	98974	6683095	67.52
2000-2009	9	0.00015	0.00015	0.5	98966	14	98959	6584121	66.53
2000-2009	10	0.00015	0.00015	0.5	98952	15	98944	6485162	65.54
2000-2009	11	0.00016	0.00016	0.5	98937	16	98929	6386217	64.55
2000-2009	12	0.00019	0.00019	0.5	98921	19	98912	6287288	63.56
2000-2009	13	0.00023	0.00023	0.5	98902	23	98891	6188377	62.57
2000-2009	14	0.00029	0.00029	0.5	98880	29	98865	6089486	61.58
2000-2009	15	0.00043	0.00043	0.5	98850	43	98829	5990621	60.60
2000-2009	16	0.00065	0.00065	0.5	98808	64	98775	5891792	59.63
2000-2009	17	0.00083	0.00083	0.5	98743	82	98702	5793016	58.67
2000-2009	18	0.00109	0.00109	0.5	98661	108	98607	5694314	57.72
2000-2009	19	0.00119	0.00119	0.5	98553	117	98495	5595707	56.78
2000-2009	20	0.00122	0.00122	0.5	98436	120	98376	5497212	55.85
2000-2009	21	0.00140	0.00140	0.5	98317	138	98248	5398836	54.91
2000-2009	22	0.00138	0.00138	0.5	98179	136	98111	5300588	53.99
2000-2009	23	0.00142	0.00142	0.5	98043	139	97974	5202476	53.06
2000-2009	24	0.00136	0.00136	0.5	97904	133	97837	5104503	52.14
2000-2009	25	0.00139	0.00139	0.5	97771	136	97703	5006665	51.21
2000-2009	26	0.00135	0.00135	0.5	97635	132	97569	4908962	50.28
2000-2009	27	0.00138	0.00137	0.5	97504	134	97436	4811393	49.35
2000-2009	28	0.00135	0.00135	0.5	97369	131	97304	4713957	48.41
2000-2009	29	0.00138	0.00138	0.5	97238	135	97171	4616653	47.48
2000-2009	30	0.00141	0.00141	0.5	97103	137	97035	4519482	46.54
2000-2009	31	0.00147	0.00146	0.5	96966	142	96895	4422447	45.61
2000-2009	32	0.00146	0.00145	0.5	96824	141	96754	4325552	44.67
2000-2009	33	0.00150	0.00150	0.5	96683	145	96611	4228798	43.74
2000-2009	34	0.00156	0.00156	0.5	96538	151	96463	4132188	42.80
2000-2009	35	0.00164	0.00164	0.5	96388	158	96308	4035725	41.87
2000-2009	36	0.00175	0.00174	0.5	96229	168	96145	3939416	40.94
2000-2009	37	0.00189	0.00189	0.5	96062	181	95971	3843271	40.01
2000-2009	38	0.00202	0.00202	0.5	95880	193	95784	3747300	39.08
2000-2009	39	0.00215	0.00215	0.5	95687	205	95584	3651516	38.16
2000-2009	40	0.00236	0.00236	0.5	95482	225	95369	3555932	37.24
2000-2009	41	0.00260	0.00260	0.5	95256	248	95132	3460563	36.33
2000-2009	42	0.00275	0.00274	0.5	95009	261	94878	3365431	35.42
2000-2009	43	0.00306	0.00306	0.5	94748	290	94603	3270552	34.52
2000-2009	44	0.00330	0.00330	0.5	94458	312	94302	3175949	33.62
2000-2009	45	0.00366	0.00366	0.5	94147	344	93975	3081647	32.73
2000-2009	46	0.00395	0.00394	0.5	93802	370	93617	2987672	31.85
2000-2009	47	0.00440	0.00439	0.5	93432	410	93227	2894055	30.97
2000-2009	48	0.00464	0.00463	0.5	93022	431	92807	2800827	30.11
2000-2009	49	0.00501	0.00500	0.5	92591	463	92360	2708021	29.25
2000-2009	50	0.00553	0.00551	0.5	92128	508	91874	2615661	28.39
2000-2009	51	0.00590	0.00588	0.5	91620	539	91351	2523786	27.55
2000-2009	52	0.00637	0.00635	0.5	91081	578	90792	2432436	26.71
2000-2009	53	0.00694	0.00691	0.5	90503	626	90190	2341644	25.87
2000-2009	54	0.00732	0.00730	0.5	89877	656	89550	2251453	25.05
2000-2009	55	0.00803	0.00800	0.5	89222	713	88865	2161904	24.23
2000-2009	56	0.00849	0.00845	0.5	88508	748	88134	2073039	23.42
2000-2009	57	0.00927	0.00923	0.5	87760	810	87355	1984904	22.62
2000-2009	58	0.00996	0.00991	0.5	86950	862	86519	1897549	21.82
2000-2009	59	0.01084	0.01078	0.5	86088	928	85624	1811029	21.04
2000-2009	60	0.01198	0.01191	0.5	85160	1014	84653	1725405	20.26
2000-2009	61	0.01289	0.01281	0.5	84146	1078	83607	1640752	19.50
2000-2009	62	0.01416	0.01406	0.5	83068	1168	82484	1557145	18.75
2000-2009	63	0.01558	0.01546	0.5	81900	1266	81267	1474660	18.01
2000-2009	64	0.01700	0.01685	0.5	80634	1359	79955	1393393	17.28
2000-2009	65	0.01839	0.01822	0.5	79275	1445	78553	1313438	16.57
2000-2009	66	0.02005	0.01985	0.5	77831	1545	77058	1234885	15.87
2000-2009	67	0.02176	0.02153	0.5	76286	1642	75465	1157827	15.18
2000-2009	68	0.02345	0.02318	0.5	74644	1730	73779	1082362	14.50
2000-2009	69	0.02584	0.02551	0.5	72913	1860	71983	1008583	13.83
2000-2009	70	0.02850	0.02810	0.5	71053	1996	70055	936600	13.18
2000-2009	71	0.03083	0.03036	0.5	69057	2097	68009	866545	12.55
2000-2009	72	0.03418	0.03361	0.5	66960	2250	65835	798536	11.93
2000-2009	73	0.03762	0.03693	0.5	64710	2390	63515	732701	11.32
2000-2009	74	0.04057	0.03977	0.5	62320	2478	61081	669186	10.74
2000-2009	75	0.04486	0.04388	0.5	59842	2626	58529	608104	10.16
2000-2009	76	0.04876	0.04760	0.5	57216	2724	55854	549575	9.61
2000-2009	77	0.05393	0.05251	0.5	54492	2862	53062	493721	9.06
2000-2009	78	0.05954	0.05782	0.5	51631	2985	50138	440659	8.53
2000-2009	79	0.06489	0.06285	0.5	48646	3057	47117	390521	8.03
2000-2009	80	0.07277	0.07022	0.5	45588	3201	43988	343404	7.53
2000-2009	81	0.07994	0.07687	0.5	42387	3258	40758	299416	7.06
2000-2009	82	0.08896	0.08517	0.5	39129	3333	37463	258658	6.61
2000-2009	83	0.09842	0.09380	0.5	35796	3358	34117	221196	6.18
2000-2009	84	0.10869	0.10308	0.5	32439	3344	30767	187078	5.77
2000-2009	85	0.12183	0.11483	0.5	29095	3341	27424	156311	5.37
2000-2009	86	0.13533	0.12675	0.5	25754	3264	24121	128887	5.00
2000-2009	87	0.14922	0.13886	0.5	22489	3123	20928	104766	4.66
2000-2009	88	0.16542	0.15279	0.5	19366	2959	17887	83838	4.33
2000-2009	89	0.18513	0.16945	0.5	16408	2780	15017	65951	4.02
2000-2009	90	0.20385	0.18499	0.5	13627	2521	12367	50934	3.74
2000-2009	91	0.22658	0.20352	0.5	11106	2260	9976	38567	3.47
2000-2009	92	0.25134	0.22328	0.5	8846	1975	7858	28591	3.23
2000-2009	93	0.27845	0.24442	0.5	6871	1679	6031	20732	3.02
2000-2009	94	0.30333	0.26338	0.5	5191	1367	4508	14701	2.83
2000-2009	95	0.32276	0.27791	0.5	3824	1063	3293	10193	2.67
2000-2009	96	0.35006	0.29791	0.5	2761	823	2350	6900	2.50
2000-2009	97	0.37837	0.31818	0.5	1939	617	1630	4550	2.35
2000-2009	98	0.40753	0.33855	0.5	1322	448	1098	2920	2.21
2000-2009	99	0.43737	0.35889	0.5	874	314	717	1822	2.08
2000-2009	100	0.46766	0.37903	0.5	561	212	454	1105	1.97
2000-2009	101	0.49819	0.39884	0.5	348	139	279	650	1.87
2000-2009	102	0.52874	0.41818	0.5	209	88	166	372	1.78
2000-2009	103	0.55907	0.43693	0.5	122	53	95	206	1.69
2000-2009	104	0.58897	0.45498	0.5	69	31	53	111	1.62
2000-2009	105	0.61822	0.47225	0.5	37	18	29	58	1.55
2000-2009	106	0.64665	0.48865	0.5	20	10	15	29	1.49
2000-2009	107	0.67407	0.50415	0.5	10	5	8	15	1.44
2000-2009	108	0.70035	0.51871	0.5	5	3	4	7	1.39
2000-2009	109	0.72537	0.53231	0.5	2	1	2	3	1.36
2000-2009	110+	0.74905	1.00000	1.34	1	1	2	2	1.34
2010-2019	0	0.00734	0.00729	0.06	100000	729	99318	7574290	75.74
2010-2019	1	0.00042	0.00042	0.5	99271	42	99250	7474972	75.30
2010-2019	2	0.00029	0.00029	0.5	99229	29	99215	7375722	74.33
2010-2019	3	0.00022	0.00022	0.5	99200	22	99189	7276507	73.35
2010-2019	4	0.00018	0.00018	0.5	99178	18	99170	7177318	72.37
2010-2019	5	0.00014	0.00014	0.5	99161	14	99154	7078148	71.38
2010-2019	6	0.00013	0.00013	0.5	99147	13	99140	6978995	70.39
2010-2019	7	0.00012	0.00012	0.5	99134	12	99128	6879854	69.40
2010-2019	8	0.00011	0.00011	0.5	99122	11	99116	6780726	68.41
2010-2019	9	0.00013	0.00013	0.5	99111	13	99104	6681610	67.42
2010-2019	10	0.00013	0.00013	0.5	99098	13	99091	6582506	66.42
2010-2019	11	0.00014	0.00014	0.5	99085	14	99078	6483414	65.43
2010-2019	12	0.00015	0.00015	0.5	99071	15	99063	6384337	64.44
2010-2019	13	0.00019	0.00019	0.5	99056	19	99047	6285273	63.45
2010-2019	14	0.00026	0.00026	0.5	99037	26	99024	6186227	62.46
2010-2019	15	0.00036	0.00036	0.5	99011	36	98993	6087202	61.48
2010-2019	16	0.00052	0.00052	0.5	98975	51	98950	5988209	60.50
2010-2019	17	0.00068	0.00068	0.5	98924	68	98890	5889259	59.53
2010-2019	18	0.00094	0.00094	0.5	98856	93	98810	5790369	58.57
2010-2019	19	0.00104	0.00104	0.5	98764	103	98712	5691559	57.63
2010-2019	20	0.00113	0.00113	0.5	98661	111	98605	5592847	56.69
2010-2019	21	0.00133	0.00133	0.5	98549	131	98484	5494242	55.75
2010-2019	22	0.00134	0.00134	0.5	98418	131	98352	5395759	54.82
2010-2019	23	0.00145	0.00145	0.5	98287	143	98215	5297406	53.90
2010-2019	24	0.00150	0.00150	0.5	98144	147	98070	5199191	52.98
2010-2019	25	0.00159	0.00159	0.5	97997	156	97919	5101121	52.05
2010-2019	26	0.00166	0.00166	0.5	97841	163	97760	5003202	51.14
2010-2019	27	0.00165	0.00165	0.5	97679	161	97598	4905442	50.22
2010-2019	28	0.00170	0.00170	0.5	97517	166	97434	4807844	49.30
2010-2019	29	0.00175	0.00174	0.5	97352	170	97267	4710409	48.39
2010-2019	30	0.00181	0.00181	0.5	97182	176	97094	4613143	47.47
2010-2019	31	0.00182	0.00182	0.5	97006	176	96918	4516049	46.55
2010-2019	32	0.00184	0.00184	0.5	96830	178	96741	4419131	45.64
2010-2019	33	0.00193	0.00193	0.5	96652	187	96558	4322390	44.72
2010-2019	34	0.00203	0.00203	0.5	96465	196	96367	4225832	43.81
2010-2019	35	0.00206	0.00206	0.5	96269	198	96170	4129465	42.90
2010-2019	36	0.00209	0.00209	0.5	96071	201	95970	4033295	41.98
2010-2019	37	0.00212	0.00212	0.5	95870	203	95768	3937325	41.07
2010-2019	38	0.00222	0.00222	0.5	95667	212	95561	3841556	40.16
2010-2019	39	0.00230	0.00230	0.5	95455	220	95345	3745996	39.24
2010-2019	40	0.00246	0.00245	0.5	95235	234	95118	3650651	38.33
2010-2019	41	0.00261	0.00261	0.5	95001	248	94877	3555533	37.43
2010-2019	42	0.00269	0.00268	0.5	94754	254	94626	3460655	36.52
2010-2019	43	0.00287	0.00287	0.5	94499	271	94364	3366029	35.62
2010-2019	44	0.00311	0.00311	0.5	94228	293	94082	3271665	34.72
2010-2019	45	0.00330	0.00330	0.5	93936	310	93781	3177583	33.83
2010-2019	46	0.00367	0.00366	0.5	93626	343	93455	3083802	32.94
2010-2019	47	0.00400	0.00400	0.5	93283	373	93097	2990347	32.06
2010-2019	48	0.00430	0.00429	0.5	92910	399	92711	2897251	31.18
2010-2019	49	0.00468	0.00467	0.5	92512	432	92296	2804540	30.32
2010-2019	50	0.00511	0.00510	0.5	92080	469	91845	2712244	29.46
2010-2019	51	0.00569	0.00568	0.5	91611	520	91351	2620398	28.60
2010-2019	52	0.00618	0.00616	0.5	91091	561	90810	2529048	27.76
2010-2019	53	0.00678	0.00675	0.5	90529	611	90224	2438238	26.93
2010-2019	54	0.00730	0.00727	0.5	89918	654	89591	2348014	26.11
2010-2019	55	0.00806	0.00803	0.5	89264	717	88906	2258423	25.30
2010-2019	56	0.00855	0.00851	0.5	88547	754	88170	2169518	24.50
2010-2019	57	0.00930	0.00926	0.5	87793	813	87387	2081347	23.71
2010-2019	58	0.01010	0.01005	0.5	86980	874	86543	1993961	22.92
2010-2019	59	0.01090	0.01084	0.5	86106	933	85639	1907418	22.15
2010-2019	60	0.01154	0.01147	0.5	85173	977	84684	1821778	21.39
2010-2019	61	0.01244	0.01236	0.5	84196	1041	83675	1737094	20.63
2010-2019	62	0.01337	0.01328	0.5	83155	1104	82603	1653419	19.88
2010-2019	63	0.01457	0.01447	0.5	82051	1187	81457	1570816	19.14
2010-2019	64	0.01541	0.01529	0.5	80863	1236	80245	1489359	18.42
2010-2019	65	0.01644	0.01631	0.5	79627	1299	78978	1409114	17.70
2010-2019	66	0.01760	0.01745	0.5	78329	1367	77645	1330136	16.98
2010-2019	67	0.01909	0.01891	0.5	76962	1456	76234	1252491	16.27
2010-2019	68	0.02057	0.02036	0.5	75506	1537	74738	1176257	15.58
2010-2019	69	0.02247	0.02222	0.5	73969	1643	73147	1101519	14.89
2010-2019	70	0.02437	0.02408	0.5	72326	1741	71455	1028372	14.22
2010-2019	71	0.02667	0.02632	0.5	70584	1858	69656	956917	13.56
2010-2019	72	0.02898	0.02857	0.5	68727	1963	67745	887261	12.91
2010-2019	73	0.03150	0.03102	0.5	66763	2071	65728	819516	12.27
2010-2019	74	0.03430	0.03372	0.5	64693	2181	63602	753788	11.65
2010-2019	75	0.03849	0.03776	0.5	62511	2361	61331	690186	11.04
2010-2019	76	0.04188	0.04102	0.5	60151	2467	58917	628855	10.45
2010-2019	77	0.04597	0.04494	0.5	57683	2592	56387	569938	9.88
2010-2019	78	0.05039	0.04915	0.5	55091	2708	53737	513551	9.32
2010-2019	79	0.05517	0.05369	0.5	52383	2812	50977	459814	8.78
2010-2019	80	0.06091	0.05911	0.5	49571	2930	48106	408837	8.25
2010-2019	81	0.06748	0.06527	0.5	46641	3044	45119	360731	7.73
2010-2019	82	0.07486	0.07216	0.5	43596	3146	42023	315612	7.24
2010-2019	83	0.08337	0.08003	0.5	40450	3237	38832	273589	6.76
2010-2019	84	0.09297	0.08884	0.5	37213	3306	35560	234757	6.31
2010-2019	85	0.10236	0.09737	0.5	33907	3302	32256	199197	5.87
2010-2019	86	0.11507	0.10881	0.5	30605	3330	28940	166941	5.45
2010-2019	87	0.12989	0.12197	0.5	27275	3327	25612	138001	5.06
2010-2019	88	0.14464	0.13488	0.5	23948	3230	22333	112389	4.69
2010-2019	89	0.16202	0.14988	0.5	20718	3105	19166	90055	4.35
2010-2019	90	0.18246	0.16721	0.5	17613	2945	16141	70890	4.02
2010-2019	91	0.20341	0.18463	0.5	14668	2708	13314	54749	3.73
2010-2019	92	0.22677	0.20367	0.5	11960	2436	10742	41435	3.46
2010-2019	93	0.25358	0.22505	0.5	9524	2143	8452	30693	3.22
2010-2019	94	0.27340	0.24052	0.5	7381	1775	6493	22241	3.01
2010-2019	95	0.29939	0.26041	0.5	5605	1460	4876	15748	2.81
2010-2019	96	0.32708	0.28111	0.5	4146	1165	3563	10873	2.62
2010-2019	97	0.35603	0.30223	0.5	2980	901	2530	7310	2.45
2010-2019	98	0.38608	0.32361	0.5	2080	673	1743	4780	2.30
2010-2019	99	0.41701	0.34506	0.5	1407	485	1164	3037	2.16
2010-2019	100	0.44862	0.36643	0.5	921	338	752	1873	2.03
2010-2019	101	0.48064	0.38752	0.5	584	226	471	1120	1.92
2010-2019	102	0.51283	0.40817	0.5	357	146	285	650	1.82
2010-2019	103	0.54491	0.42823	0.5	212	91	166	365	1.73
2010-2019	104	0.57662	0.44758	0.5	121	54	94	199	1.64
2010-2019	105	0.60771	0.46609	0.5	67	31	51	105	1.57
2010-2019	106	0.63795	0.48367	0.5	36	17	27	54	1.51
2010-2019	107	0.66714	0.50027	0.5	18	9	14	27	1.45
2010-2019	108	0.69510	0.51583	0.5	9	5	7	13	1.40
2010-2019	109	0.72169	0.53033	0.5	4	2	3	6	1.36
2010-2019	110+	0.74681	1.00000	1.34	2	2	3	3	1.34
