Div3: East North Central, Lifetables (period 1x10), Females Last modified: 20 Dec 2020, MPv5 (May07) 

Year     	Age	mx	qx	ax	lx	dx	Lx	Tx	ex
1960-1969	0	0.01993	0.01958	0.11	100000	1958	98255	7383894	73.84
1960-1969	1	0.00126	0.00126	0.5	98042	124	97980	7285640	74.31
1960-1969	2	0.00078	0.00078	0.5	97918	76	97880	7187660	73.41
1960-1969	3	0.00059	0.00059	0.5	97842	58	97813	7089780	72.46
1960-1969	4	0.00050	0.00050	0.5	97784	49	97759	6991968	71.50
1960-1969	5	0.00045	0.00045	0.5	97735	44	97713	6894208	70.54
1960-1969	6	0.00040	0.00040	0.5	97691	39	97671	6796495	69.57
1960-1969	7	0.00034	0.00034	0.5	97652	33	97636	6698824	68.60
1960-1969	8	0.00030	0.00030	0.5	97619	30	97604	6601189	67.62
1960-1969	9	0.00026	0.00026	0.5	97590	25	97577	6503584	66.64
1960-1969	10	0.00028	0.00028	0.5	97564	27	97551	6406007	65.66
1960-1969	11	0.00027	0.00026	0.5	97537	26	97524	6308456	64.68
1960-1969	12	0.00029	0.00029	0.5	97511	29	97497	6210932	63.69
1960-1969	13	0.00032	0.00032	0.5	97483	31	97467	6113435	62.71
1960-1969	14	0.00034	0.00034	0.5	97452	33	97435	6015968	61.73
1960-1969	15	0.00041	0.00041	0.5	97419	40	97399	5918532	60.75
1960-1969	16	0.00049	0.00049	0.5	97379	47	97355	5821134	59.78
1960-1969	17	0.00056	0.00056	0.5	97331	54	97304	5723779	58.81
1960-1969	18	0.00065	0.00065	0.5	97277	63	97245	5626474	57.84
1960-1969	19	0.00065	0.00065	0.5	97214	63	97182	5529229	56.88
1960-1969	20	0.00065	0.00065	0.5	97151	63	97119	5432047	55.91
1960-1969	21	0.00068	0.00068	0.5	97087	66	97054	5334928	54.95
1960-1969	22	0.00066	0.00066	0.5	97021	64	96989	5237874	53.99
1960-1969	23	0.00069	0.00069	0.5	96957	67	96923	5140885	53.02
1960-1969	24	0.00071	0.00071	0.5	96890	69	96856	5043962	52.06
1960-1969	25	0.00076	0.00076	0.5	96821	74	96784	4947106	51.10
1960-1969	26	0.00077	0.00076	0.5	96748	74	96711	4850322	50.13
1960-1969	27	0.00081	0.00081	0.5	96674	78	96634	4753611	49.17
1960-1969	28	0.00082	0.00082	0.5	96595	80	96555	4656977	48.21
1960-1969	29	0.00093	0.00093	0.5	96516	90	96471	4560421	47.25
1960-1969	30	0.00099	0.00099	0.5	96426	95	96378	4463950	46.29
1960-1969	31	0.00105	0.00105	0.5	96331	101	96280	4367572	45.34
1960-1969	32	0.00115	0.00115	0.5	96230	111	96175	4271292	44.39
1960-1969	33	0.00120	0.00120	0.5	96119	115	96062	4175117	43.44
1960-1969	34	0.00136	0.00135	0.5	96004	130	95939	4079056	42.49
1960-1969	35	0.00148	0.00148	0.5	95874	142	95803	3983117	41.55
1960-1969	36	0.00156	0.00156	0.5	95732	149	95657	3887314	40.61
1960-1969	37	0.00177	0.00176	0.5	95582	169	95498	3791657	39.67
1960-1969	38	0.00191	0.00191	0.5	95414	182	95323	3696159	38.74
1960-1969	39	0.00211	0.00211	0.5	95232	201	95131	3600837	37.81
1960-1969	40	0.00225	0.00225	0.5	95031	213	94924	3505705	36.89
1960-1969	41	0.00242	0.00242	0.5	94817	230	94703	3410781	35.97
1960-1969	42	0.00267	0.00267	0.5	94588	252	94462	3316079	35.06
1960-1969	43	0.00296	0.00296	0.5	94336	279	94196	3221617	34.15
1960-1969	44	0.00316	0.00315	0.5	94057	296	93908	3127421	33.25
1960-1969	45	0.00351	0.00350	0.5	93760	328	93596	3033512	32.35
1960-1969	46	0.00371	0.00371	0.5	93432	346	93259	2939916	31.47
1960-1969	47	0.00420	0.00419	0.5	93086	390	92891	2846657	30.58
1960-1969	48	0.00447	0.00446	0.5	92696	413	92490	2753766	29.71
1960-1969	49	0.00487	0.00485	0.5	92283	448	92059	2661277	28.84
1960-1969	50	0.00526	0.00524	0.5	91835	482	91594	2569218	27.98
1960-1969	51	0.00570	0.00568	0.5	91353	519	91094	2477623	27.12
1960-1969	52	0.00632	0.00630	0.5	90834	572	90548	2386530	26.27
1960-1969	53	0.00670	0.00668	0.5	90262	603	89961	2295982	25.44
1960-1969	54	0.00734	0.00731	0.5	89659	655	89332	2206021	24.60
1960-1969	55	0.00774	0.00771	0.5	89004	686	88661	2116689	23.78
1960-1969	56	0.00840	0.00837	0.5	88318	739	87948	2028029	22.96
1960-1969	57	0.00924	0.00920	0.5	87579	806	87176	1940080	22.15
1960-1969	58	0.00999	0.00994	0.5	86773	862	86342	1852905	21.35
1960-1969	59	0.01076	0.01070	0.5	85911	919	85451	1766563	20.56
1960-1969	60	0.01189	0.01182	0.5	84991	1005	84489	1681112	19.78
1960-1969	61	0.01273	0.01265	0.5	83987	1063	83455	1596623	19.01
1960-1969	62	0.01442	0.01431	0.5	82924	1187	82331	1513168	18.25
1960-1969	63	0.01543	0.01531	0.5	81737	1252	81111	1430837	17.51
1960-1969	64	0.01650	0.01637	0.5	80485	1317	79827	1349726	16.77
1960-1969	65	0.01885	0.01868	0.5	79168	1479	78429	1269899	16.04
1960-1969	66	0.01986	0.01966	0.5	77689	1528	76926	1191470	15.34
1960-1969	67	0.02233	0.02208	0.5	76162	1682	75321	1114544	14.63
1960-1969	68	0.02445	0.02416	0.5	74480	1799	73580	1039224	13.95
1960-1969	69	0.02678	0.02642	0.5	72681	1920	71721	965643	13.29
1960-1969	70	0.02979	0.02935	0.5	70760	2077	69722	893923	12.63
1960-1969	71	0.03162	0.03113	0.5	68683	2138	67615	824201	12.00
1960-1969	72	0.03678	0.03612	0.5	66546	2403	65344	756586	11.37
1960-1969	73	0.03999	0.03920	0.5	64142	2515	62885	691242	10.78
1960-1969	74	0.04461	0.04364	0.5	61628	2689	60283	628357	10.20
1960-1969	75	0.04976	0.04855	0.5	58938	2862	57507	568075	9.64
1960-1969	76	0.05364	0.05224	0.5	56077	2929	54612	510567	9.10
1960-1969	77	0.05828	0.05663	0.5	53147	3010	51642	455955	8.58
1960-1969	78	0.06537	0.06330	0.5	50137	3174	48550	404313	8.06
1960-1969	79	0.07335	0.07076	0.5	46963	3323	45302	355762	7.58
1960-1969	80	0.08195	0.07872	0.5	43640	3435	41923	310461	7.11
1960-1969	81	0.08767	0.08399	0.5	40205	3377	38517	268538	6.68
1960-1969	82	0.09957	0.09485	0.5	36828	3493	35082	230021	6.25
1960-1969	83	0.11154	0.10565	0.5	33335	3522	31574	194939	5.85
1960-1969	84	0.12330	0.11614	0.5	29813	3463	28082	163365	5.48
1960-1969	85	0.13633	0.12763	0.5	26351	3363	24669	135283	5.13
1960-1969	86	0.14844	0.13818	0.5	22988	3176	21399	110614	4.81
1960-1969	87	0.16563	0.15296	0.5	19811	3030	18296	89215	4.50
1960-1969	88	0.17750	0.16303	0.5	16781	2736	15413	70919	4.23
1960-1969	89	0.19588	0.17841	0.5	14045	2506	12792	55506	3.95
1960-1969	90	0.21770	0.19633	0.5	11539	2265	10407	42714	3.70
1960-1969	91	0.22898	0.20546	0.5	9274	1905	8321	32307	3.48
1960-1969	92	0.25379	0.22521	0.5	7368	1659	6539	23986	3.26
1960-1969	93	0.27396	0.24096	0.5	5709	1376	5021	17447	3.06
1960-1969	94	0.30013	0.26097	0.5	4333	1131	3768	12426	2.87
1960-1969	95	0.32114	0.27671	0.5	3202	886	2759	8658	2.70
1960-1969	96	0.34588	0.29488	0.5	2316	683	1975	5899	2.55
1960-1969	97	0.37148	0.31329	0.5	1633	512	1377	3924	2.40
1960-1969	98	0.39783	0.33182	0.5	1122	372	935	2547	2.27
1960-1969	99	0.42478	0.35037	0.5	749	263	618	1611	2.15
1960-1969	100	0.45218	0.36880	0.5	487	180	397	993	2.04
1960-1969	101	0.47988	0.38702	0.5	307	119	248	596	1.94
1960-1969	102	0.50771	0.40492	0.5	188	76	150	348	1.85
1960-1969	103	0.53548	0.42239	0.5	112	47	88	198	1.76
1960-1969	104	0.56304	0.43935	0.5	65	28	51	109	1.69
1960-1969	105	0.59021	0.45572	0.5	36	17	28	59	1.62
1960-1969	106	0.61684	0.47144	0.5	20	9	15	31	1.56
1960-1969	107	0.64279	0.48645	0.5	10	5	8	16	1.51
1960-1969	108	0.66793	0.50071	0.5	5	3	4	8	1.46
1960-1969	109	0.69215	0.51420	0.5	3	1	2	4	1.42
1960-1969	110+	0.71535	1.00000	1.4	1	1	2	2	1.40
1970-1979	0	0.01476	0.01456	0.09	100000	1456	98681	7584495	75.84
1970-1979	1	0.00098	0.00098	0.5	98544	96	98496	7485814	75.96
1970-1979	2	0.00065	0.00065	0.5	98448	64	98416	7387318	75.04
1970-1979	3	0.00049	0.00049	0.5	98384	49	98360	7288903	74.09
1970-1979	4	0.00042	0.00042	0.5	98335	42	98315	7190543	73.12
1970-1979	5	0.00037	0.00037	0.5	98294	36	98276	7092228	72.15
1970-1979	6	0.00031	0.00031	0.5	98258	30	98242	6993953	71.18
1970-1979	7	0.00027	0.00027	0.5	98227	26	98214	6895710	70.20
1970-1979	8	0.00028	0.00028	0.5	98201	27	98187	6797496	69.22
1970-1979	9	0.00025	0.00025	0.5	98174	24	98162	6699309	68.24
1970-1979	10	0.00024	0.00024	0.5	98150	24	98138	6601147	67.26
1970-1979	11	0.00023	0.00023	0.5	98126	22	98114	6503010	66.27
1970-1979	12	0.00025	0.00025	0.5	98103	25	98091	6404895	65.29
1970-1979	13	0.00028	0.00027	0.5	98079	27	98065	6306804	64.30
1970-1979	14	0.00031	0.00031	0.5	98052	30	98037	6208739	63.32
1970-1979	15	0.00042	0.00042	0.5	98022	41	98001	6110702	62.34
1970-1979	16	0.00049	0.00049	0.5	97981	48	97957	6012701	61.37
1970-1979	17	0.00061	0.00061	0.5	97933	60	97903	5914744	60.40
1970-1979	18	0.00065	0.00065	0.5	97874	63	97842	5816841	59.43
1970-1979	19	0.00067	0.00067	0.5	97810	66	97777	5718999	58.47
1970-1979	20	0.00066	0.00066	0.5	97745	64	97712	5621221	57.51
1970-1979	21	0.00066	0.00066	0.5	97680	64	97648	5523509	56.55
1970-1979	22	0.00068	0.00068	0.5	97616	66	97583	5425861	55.58
1970-1979	23	0.00067	0.00067	0.5	97550	65	97518	5328277	54.62
1970-1979	24	0.00067	0.00066	0.5	97485	65	97453	5230760	53.66
1970-1979	25	0.00068	0.00068	0.5	97420	66	97387	5133307	52.69
1970-1979	26	0.00071	0.00071	0.5	97354	69	97319	5035920	51.73
1970-1979	27	0.00075	0.00075	0.5	97285	73	97248	4938601	50.76
1970-1979	28	0.00075	0.00075	0.5	97211	73	97175	4841352	49.80
1970-1979	29	0.00081	0.00081	0.5	97138	79	97099	4744178	48.84
1970-1979	30	0.00082	0.00082	0.5	97059	80	97019	4647079	47.88
1970-1979	31	0.00088	0.00088	0.5	96980	85	96937	4550059	46.92
1970-1979	32	0.00096	0.00096	0.5	96894	93	96848	4453122	45.96
1970-1979	33	0.00103	0.00103	0.5	96801	100	96751	4356275	45.00
1970-1979	34	0.00114	0.00114	0.5	96701	110	96646	4259523	44.05
1970-1979	35	0.00122	0.00122	0.5	96591	118	96532	4162877	43.10
1970-1979	36	0.00137	0.00137	0.5	96473	132	96407	4066345	42.15
1970-1979	37	0.00151	0.00151	0.5	96341	146	96268	3969938	41.21
1970-1979	38	0.00162	0.00162	0.5	96195	156	96118	3873670	40.27
1970-1979	39	0.00176	0.00175	0.5	96040	168	95956	3777552	39.33
1970-1979	40	0.00197	0.00196	0.5	95871	188	95777	3681596	38.40
1970-1979	41	0.00214	0.00214	0.5	95683	205	95581	3585819	37.48
1970-1979	42	0.00242	0.00241	0.5	95478	230	95363	3490239	36.56
1970-1979	43	0.00264	0.00264	0.5	95248	251	95122	3394876	35.64
1970-1979	44	0.00286	0.00286	0.5	94996	272	94860	3299754	34.74
1970-1979	45	0.00313	0.00313	0.5	94725	296	94576	3204893	33.83
1970-1979	46	0.00340	0.00339	0.5	94428	320	94268	3110317	32.94
1970-1979	47	0.00374	0.00374	0.5	94108	352	93932	3016049	32.05
1970-1979	48	0.00397	0.00396	0.5	93756	371	93571	2922117	31.17
1970-1979	49	0.00436	0.00435	0.5	93385	406	93182	2828547	30.29
1970-1979	50	0.00480	0.00479	0.5	92979	446	92756	2735365	29.42
1970-1979	51	0.00501	0.00499	0.5	92533	462	92302	2642609	28.56
1970-1979	52	0.00555	0.00553	0.5	92071	510	91816	2550307	27.70
1970-1979	53	0.00607	0.00605	0.5	91561	554	91284	2458491	26.85
1970-1979	54	0.00645	0.00643	0.5	91007	585	90714	2367207	26.01
1970-1979	55	0.00697	0.00694	0.5	90422	628	90108	2276492	25.18
1970-1979	56	0.00769	0.00766	0.5	89794	688	89450	2186384	24.35
1970-1979	57	0.00826	0.00822	0.5	89106	733	88740	2096934	23.53
1970-1979	58	0.00896	0.00892	0.5	88374	788	87979	2008194	22.72
1970-1979	59	0.00967	0.00962	0.5	87585	842	87164	1920215	21.92
1970-1979	60	0.01069	0.01064	0.5	86743	923	86282	1833051	21.13
1970-1979	61	0.01135	0.01129	0.5	85820	969	85336	1746769	20.35
1970-1979	62	0.01270	0.01262	0.5	84851	1071	84316	1661433	19.58
1970-1979	63	0.01362	0.01353	0.5	83781	1134	83214	1577117	18.82
1970-1979	64	0.01482	0.01471	0.5	82647	1216	82039	1493903	18.08
1970-1979	65	0.01616	0.01603	0.5	81431	1305	80778	1411864	17.34
1970-1979	66	0.01737	0.01722	0.5	80126	1380	79436	1331086	16.61
1970-1979	67	0.01910	0.01892	0.5	78746	1490	78001	1251650	15.89
1970-1979	68	0.02092	0.02070	0.5	77256	1599	76456	1173649	15.19
1970-1979	69	0.02311	0.02284	0.5	75657	1728	74793	1097193	14.50
1970-1979	70	0.02523	0.02492	0.5	73929	1842	73008	1022400	13.83
1970-1979	71	0.02695	0.02659	0.5	72087	1917	71128	949393	13.17
1970-1979	72	0.03020	0.02975	0.5	70170	2088	69126	878265	12.52
1970-1979	73	0.03311	0.03257	0.5	68082	2217	66973	809139	11.88
1970-1979	74	0.03668	0.03602	0.5	65865	2372	64679	742165	11.27
1970-1979	75	0.04123	0.04040	0.5	63492	2565	62210	677487	10.67
1970-1979	76	0.04541	0.04440	0.5	60927	2705	59575	615277	10.10
1970-1979	77	0.04925	0.04806	0.5	58222	2798	56823	555702	9.54
1970-1979	78	0.05540	0.05391	0.5	55424	2988	53930	498879	9.00
1970-1979	79	0.06113	0.05931	0.5	52436	3110	50881	444949	8.49
1970-1979	80	0.06795	0.06571	0.5	49326	3241	47705	394068	7.99
1970-1979	81	0.07317	0.07059	0.5	46084	3253	44458	346363	7.52
1970-1979	82	0.08210	0.07886	0.5	42831	3378	41142	301905	7.05
1970-1979	83	0.09186	0.08783	0.5	39454	3465	37721	260762	6.61
1970-1979	84	0.10322	0.09816	0.5	35988	3532	34222	223041	6.20
1970-1979	85	0.11246	0.10647	0.5	32456	3456	30728	188819	5.82
1970-1979	86	0.12530	0.11792	0.5	29000	3420	27291	158091	5.45
1970-1979	87	0.13696	0.12818	0.5	25581	3279	23941	130800	5.11
1970-1979	88	0.14822	0.13799	0.5	22302	3077	20763	106859	4.79
1970-1979	89	0.16437	0.15189	0.5	19224	2920	17764	86096	4.48
1970-1979	90	0.18161	0.16649	0.5	16304	2715	14947	68332	4.19
1970-1979	91	0.19717	0.17948	0.5	13590	2439	12370	53385	3.93
1970-1979	92	0.21614	0.19506	0.5	11151	2175	10063	41014	3.68
1970-1979	93	0.23540	0.21061	0.5	8976	1890	8031	30951	3.45
1970-1979	94	0.25901	0.22932	0.5	7085	1625	6273	22920	3.23
1970-1979	95	0.27617	0.24266	0.5	5461	1325	4798	16647	3.05
1970-1979	96	0.29883	0.25998	0.5	4136	1075	3598	11849	2.87
1970-1979	97	0.32251	0.27773	0.5	3060	850	2635	8251	2.70
1970-1979	98	0.34715	0.29580	0.5	2210	654	1883	5616	2.54
1970-1979	99	0.37263	0.31410	0.5	1557	489	1312	3732	2.40
1970-1979	100	0.39883	0.33252	0.5	1068	355	890	2420	2.27
1970-1979	101	0.42563	0.35095	0.5	713	250	588	1530	2.15
1970-1979	102	0.45288	0.36926	0.5	463	171	377	943	2.04
1970-1979	103	0.48041	0.38736	0.5	292	113	235	566	1.94
1970-1979	104	0.50806	0.40514	0.5	179	72	143	330	1.85
1970-1979	105	0.53566	0.42250	0.5	106	45	84	188	1.77
1970-1979	106	0.56304	0.43935	0.5	61	27	48	104	1.69
1970-1979	107	0.59005	0.45563	0.5	34	16	27	56	1.63
1970-1979	108	0.61652	0.47125	0.5	19	9	14	29	1.57
1970-1979	109	0.64232	0.48618	0.5	10	5	7	15	1.53
1970-1979	110+	0.66732	1.00000	1.5	5	5	8	8	1.50
1980-1989	0	0.01011	0.01002	0.08	100000	1002	99079	7790537	77.91
1980-1989	1	0.00074	0.00074	0.5	98998	73	98961	7691458	77.69
1980-1989	2	0.00046	0.00046	0.5	98925	46	98902	7592497	76.75
1980-1989	3	0.00035	0.00035	0.5	98879	35	98862	7493594	75.79
1980-1989	4	0.00029	0.00029	0.5	98845	29	98830	7394732	74.81
1980-1989	5	0.00024	0.00024	0.5	98816	24	98804	7295902	73.83
1980-1989	6	0.00022	0.00022	0.5	98792	22	98781	7197098	72.85
1980-1989	7	0.00020	0.00020	0.5	98770	20	98760	7098317	71.87
1980-1989	8	0.00019	0.00019	0.5	98750	19	98741	6999557	70.88
1980-1989	9	0.00018	0.00018	0.5	98731	18	98722	6900816	69.90
1980-1989	10	0.00018	0.00018	0.5	98713	18	98704	6802095	68.91
1980-1989	11	0.00018	0.00018	0.5	98695	18	98686	6703391	67.92
1980-1989	12	0.00019	0.00019	0.5	98677	19	98668	6604705	66.93
1980-1989	13	0.00021	0.00021	0.5	98658	20	98648	6506037	65.95
1980-1989	14	0.00027	0.00027	0.5	98638	27	98625	6407389	64.96
1980-1989	15	0.00033	0.00033	0.5	98611	32	98595	6308764	63.98
1980-1989	16	0.00043	0.00043	0.5	98579	42	98558	6210169	63.00
1980-1989	17	0.00046	0.00046	0.5	98537	46	98514	6111611	62.02
1980-1989	18	0.00052	0.00052	0.5	98492	52	98466	6013096	61.05
1980-1989	19	0.00051	0.00051	0.5	98440	50	98415	5914630	60.08
1980-1989	20	0.00050	0.00050	0.5	98390	49	98365	5816216	59.11
1980-1989	21	0.00052	0.00052	0.5	98340	51	98315	5717850	58.14
1980-1989	22	0.00050	0.00050	0.5	98289	49	98265	5619535	57.17
1980-1989	23	0.00056	0.00056	0.5	98240	55	98213	5521271	56.20
1980-1989	24	0.00054	0.00054	0.5	98185	53	98159	5423058	55.23
1980-1989	25	0.00056	0.00056	0.5	98132	55	98105	5324899	54.26
1980-1989	26	0.00057	0.00057	0.5	98078	56	98050	5226794	53.29
1980-1989	27	0.00060	0.00060	0.5	98022	58	97993	5128745	52.32
1980-1989	28	0.00064	0.00064	0.5	97964	63	97932	5030752	51.35
1980-1989	29	0.00063	0.00063	0.5	97901	62	97870	4932820	50.39
1980-1989	30	0.00068	0.00068	0.5	97839	66	97806	4834950	49.42
1980-1989	31	0.00073	0.00073	0.5	97773	71	97737	4737144	48.45
1980-1989	32	0.00076	0.00076	0.5	97701	74	97664	4639407	47.49
1980-1989	33	0.00084	0.00084	0.5	97627	82	97586	4541743	46.52
1980-1989	34	0.00090	0.00090	0.5	97545	88	97501	4444157	45.56
1980-1989	35	0.00091	0.00091	0.5	97457	89	97412	4346656	44.60
1980-1989	36	0.00101	0.00101	0.5	97368	98	97319	4249244	43.64
1980-1989	37	0.00111	0.00111	0.5	97270	108	97216	4151925	42.68
1980-1989	38	0.00125	0.00125	0.5	97162	121	97101	4054709	41.73
1980-1989	39	0.00132	0.00132	0.5	97041	128	96977	3957608	40.78
1980-1989	40	0.00143	0.00143	0.5	96913	139	96844	3860631	39.84
1980-1989	41	0.00158	0.00158	0.5	96774	153	96698	3763787	38.89
1980-1989	42	0.00177	0.00177	0.5	96621	171	96536	3667089	37.95
1980-1989	43	0.00194	0.00194	0.5	96450	187	96357	3570553	37.02
1980-1989	44	0.00213	0.00213	0.5	96264	205	96161	3474196	36.09
1980-1989	45	0.00231	0.00231	0.5	96059	221	95948	3378035	35.17
1980-1989	46	0.00265	0.00264	0.5	95837	253	95711	3282087	34.25
1980-1989	47	0.00283	0.00282	0.5	95584	270	95449	3186376	33.34
1980-1989	48	0.00339	0.00338	0.5	95314	322	95153	3090927	32.43
1980-1989	49	0.00350	0.00349	0.5	94992	331	94826	2995774	31.54
1980-1989	50	0.00390	0.00389	0.5	94661	368	94477	2900947	30.65
1980-1989	51	0.00442	0.00441	0.5	94293	415	94085	2806471	29.76
1980-1989	52	0.00482	0.00481	0.5	93877	451	93651	2712386	28.89
1980-1989	53	0.00517	0.00516	0.5	93426	482	93185	2618734	28.03
1980-1989	54	0.00561	0.00559	0.5	92944	520	92684	2525550	27.17
1980-1989	55	0.00615	0.00613	0.5	92424	567	92141	2432866	26.32
1980-1989	56	0.00678	0.00676	0.5	91857	621	91547	2340725	25.48
1980-1989	57	0.00717	0.00714	0.5	91237	652	90911	2249178	24.65
1980-1989	58	0.00822	0.00818	0.5	90585	741	90214	2158268	23.83
1980-1989	59	0.00871	0.00867	0.5	89844	779	89454	2068053	23.02
1980-1989	60	0.00961	0.00956	0.5	89065	852	88639	1978599	22.22
1980-1989	61	0.01055	0.01049	0.5	88213	926	87751	1889960	21.42
1980-1989	62	0.01195	0.01188	0.5	87288	1037	86769	1802210	20.65
1980-1989	63	0.01257	0.01249	0.5	86251	1078	85712	1715440	19.89
1980-1989	64	0.01355	0.01346	0.5	85173	1146	84600	1629728	19.13
1980-1989	65	0.01460	0.01450	0.5	84027	1218	83418	1545128	18.39
1980-1989	66	0.01621	0.01608	0.5	82809	1331	82143	1461710	17.65
1980-1989	67	0.01725	0.01710	0.5	81478	1393	80781	1379566	16.93
1980-1989	68	0.01896	0.01879	0.5	80084	1505	79332	1298785	16.22
1980-1989	69	0.02020	0.02000	0.5	78580	1571	77794	1219453	15.52
1980-1989	70	0.02257	0.02232	0.5	77009	1719	76149	1141659	14.83
1980-1989	71	0.02420	0.02391	0.5	75290	1800	74389	1065510	14.15
1980-1989	72	0.02707	0.02671	0.5	73489	1963	72508	991121	13.49
1980-1989	73	0.02964	0.02921	0.5	71527	2089	70482	918613	12.84
1980-1989	74	0.03171	0.03121	0.5	69438	2167	68354	848130	12.21
1980-1989	75	0.03503	0.03442	0.5	67270	2316	66113	779776	11.59
1980-1989	76	0.03825	0.03753	0.5	64955	2438	63736	713664	10.99
1980-1989	77	0.04182	0.04097	0.5	62517	2561	61236	649928	10.40
1980-1989	78	0.04600	0.04497	0.5	59956	2696	58608	588692	9.82
1980-1989	79	0.05120	0.04992	0.5	57260	2859	55830	530084	9.26
1980-1989	80	0.05731	0.05571	0.5	54401	3031	52886	474254	8.72
1980-1989	81	0.06300	0.06108	0.5	51370	3138	49801	421368	8.20
1980-1989	82	0.07017	0.06779	0.5	48233	3270	46598	371567	7.70
1980-1989	83	0.07858	0.07561	0.5	44963	3399	43263	324969	7.23
1980-1989	84	0.08707	0.08343	0.5	41563	3468	39829	281706	6.78
1980-1989	85	0.09675	0.09229	0.5	38096	3516	36338	241876	6.35
1980-1989	86	0.10768	0.10218	0.5	34580	3533	32813	205539	5.94
1980-1989	87	0.11908	0.11239	0.5	31047	3489	29302	172726	5.56
1980-1989	88	0.13082	0.12278	0.5	27557	3384	25866	143424	5.20
1980-1989	89	0.14476	0.13499	0.5	24174	3263	22542	117558	4.86
1980-1989	90	0.15993	0.14809	0.5	20911	3097	19362	95016	4.54
1980-1989	91	0.17462	0.16060	0.5	17814	2861	16383	75654	4.25
1980-1989	92	0.19327	0.17624	0.5	14953	2635	13635	59270	3.96
1980-1989	93	0.21397	0.19329	0.5	12318	2381	11127	45635	3.70
1980-1989	94	0.23282	0.20854	0.5	9937	2072	8901	34508	3.47
1980-1989	95	0.25209	0.22387	0.5	7865	1761	6984	25607	3.26
1980-1989	96	0.27431	0.24123	0.5	6104	1472	5368	18623	3.05
1980-1989	97	0.29771	0.25914	0.5	4631	1200	4031	13255	2.86
1980-1989	98	0.32222	0.27751	0.5	3431	952	2955	9224	2.69
1980-1989	99	0.34774	0.29623	0.5	2479	734	2112	6269	2.53
1980-1989	100	0.37417	0.31520	0.5	1745	550	1470	4157	2.38
1980-1989	101	0.40137	0.33429	0.5	1195	399	995	2687	2.25
1980-1989	102	0.42920	0.35337	0.5	795	281	655	1692	2.13
1980-1989	103	0.45748	0.37232	0.5	514	191	419	1037	2.02
1980-1989	104	0.48604	0.39101	0.5	323	126	260	619	1.92
1980-1989	105	0.51468	0.40934	0.5	197	80	156	359	1.83
1980-1989	106	0.54324	0.42720	0.5	116	50	91	203	1.74
1980-1989	107	0.57151	0.44449	0.5	67	30	52	111	1.67
1980-1989	108	0.59932	0.46113	0.5	37	17	28	60	1.61
1980-1989	109	0.62650	0.47706	0.5	20	9	15	31	1.56
1980-1989	110+	0.65291	1.00000	1.53	10	10	16	16	1.53
1990-1999	0	0.00818	0.00812	0.08	100000	812	99249	7886162	78.86
1990-1999	1	0.00060	0.00060	0.5	99188	59	99158	7786912	78.51
1990-1999	2	0.00036	0.00036	0.5	99128	36	99110	7687754	77.55
1990-1999	3	0.00029	0.00029	0.5	99093	29	99078	7588644	76.58
1990-1999	4	0.00022	0.00022	0.5	99064	22	99053	7489566	75.60
1990-1999	5	0.00020	0.00020	0.5	99041	19	99032	7390513	74.62
1990-1999	6	0.00019	0.00019	0.5	99022	18	99013	7291481	73.63
1990-1999	7	0.00017	0.00017	0.5	99004	17	98995	7192469	72.65
1990-1999	8	0.00016	0.00016	0.5	98987	16	98979	7093473	71.66
1990-1999	9	0.00015	0.00015	0.5	98971	14	98964	6994494	70.67
1990-1999	10	0.00015	0.00015	0.5	98957	14	98949	6895530	69.68
1990-1999	11	0.00015	0.00015	0.5	98942	15	98935	6796581	68.69
1990-1999	12	0.00016	0.00016	0.5	98927	16	98919	6697646	67.70
1990-1999	13	0.00018	0.00018	0.5	98911	18	98902	6598727	66.71
1990-1999	14	0.00024	0.00024	0.5	98893	24	98881	6499824	65.73
1990-1999	15	0.00030	0.00030	0.5	98869	30	98854	6400943	64.74
1990-1999	16	0.00046	0.00046	0.5	98839	45	98817	6302089	63.76
1990-1999	17	0.00047	0.00047	0.5	98794	46	98771	6203272	62.79
1990-1999	18	0.00050	0.00050	0.5	98748	49	98723	6104501	61.82
1990-1999	19	0.00044	0.00044	0.5	98699	44	98677	6005778	60.85
1990-1999	20	0.00044	0.00044	0.5	98655	43	98634	5907101	59.88
1990-1999	21	0.00046	0.00046	0.5	98612	46	98589	5808468	58.90
1990-1999	22	0.00045	0.00045	0.5	98566	44	98544	5709878	57.93
1990-1999	23	0.00044	0.00044	0.5	98522	43	98500	5611334	56.96
1990-1999	24	0.00048	0.00048	0.5	98479	47	98455	5512834	55.98
1990-1999	25	0.00050	0.00050	0.5	98432	49	98407	5414379	55.01
1990-1999	26	0.00054	0.00054	0.5	98382	54	98355	5315972	54.03
1990-1999	27	0.00057	0.00057	0.5	98329	56	98301	5217617	53.06
1990-1999	28	0.00060	0.00060	0.5	98273	59	98243	5119316	52.09
1990-1999	29	0.00058	0.00058	0.5	98214	57	98185	5021072	51.12
1990-1999	30	0.00065	0.00065	0.5	98156	63	98125	4922887	50.15
1990-1999	31	0.00070	0.00070	0.5	98093	68	98059	4824762	49.19
1990-1999	32	0.00073	0.00073	0.5	98025	71	97989	4726704	48.22
1990-1999	33	0.00081	0.00081	0.5	97953	80	97913	4628715	47.25
1990-1999	34	0.00085	0.00085	0.5	97874	83	97832	4530801	46.29
1990-1999	35	0.00092	0.00092	0.5	97790	90	97745	4432969	45.33
1990-1999	36	0.00103	0.00103	0.5	97700	100	97650	4335224	44.37
1990-1999	37	0.00111	0.00110	0.5	97600	108	97546	4237574	43.42
1990-1999	38	0.00120	0.00120	0.5	97492	117	97433	4140028	42.47
1990-1999	39	0.00125	0.00125	0.5	97375	122	97314	4042595	41.52
1990-1999	40	0.00136	0.00136	0.5	97253	132	97187	3945281	40.57
1990-1999	41	0.00152	0.00152	0.5	97121	147	97047	3848094	39.62
1990-1999	42	0.00161	0.00161	0.5	96974	156	96896	3751046	38.68
1990-1999	43	0.00177	0.00177	0.5	96818	171	96733	3654150	37.74
1990-1999	44	0.00189	0.00189	0.5	96647	183	96555	3557417	36.81
1990-1999	45	0.00204	0.00204	0.5	96464	197	96365	3460862	35.88
1990-1999	46	0.00230	0.00230	0.5	96267	222	96156	3364497	34.95
1990-1999	47	0.00251	0.00250	0.5	96045	241	95925	3268340	34.03
1990-1999	48	0.00286	0.00286	0.5	95805	274	95668	3172415	33.11
1990-1999	49	0.00301	0.00301	0.5	95531	287	95388	3076747	32.21
1990-1999	50	0.00326	0.00325	0.5	95244	310	95089	2981360	31.30
1990-1999	51	0.00373	0.00373	0.5	94934	354	94757	2886271	30.40
1990-1999	52	0.00407	0.00406	0.5	94581	384	94388	2791513	29.51
1990-1999	53	0.00449	0.00448	0.5	94196	422	93985	2697125	28.63
1990-1999	54	0.00491	0.00490	0.5	93774	459	93545	2603140	27.76
1990-1999	55	0.00539	0.00538	0.5	93315	502	93064	2509595	26.89
1990-1999	56	0.00602	0.00600	0.5	92813	557	92534	2416531	26.04
1990-1999	57	0.00651	0.00649	0.5	92256	599	91956	2323997	25.19
1990-1999	58	0.00741	0.00738	0.5	91657	677	91319	2232040	24.35
1990-1999	59	0.00781	0.00778	0.5	90980	708	90626	2140722	23.53
1990-1999	60	0.00874	0.00870	0.5	90272	785	89880	2050095	22.71
1990-1999	61	0.00977	0.00973	0.5	89487	870	89052	1960216	21.90
1990-1999	62	0.01062	0.01056	0.5	88617	936	88149	1871164	21.12
1990-1999	63	0.01161	0.01155	0.5	87681	1012	87175	1783015	20.34
1990-1999	64	0.01261	0.01253	0.5	86668	1086	86125	1695840	19.57
1990-1999	65	0.01389	0.01379	0.5	85582	1180	84992	1609715	18.81
1990-1999	66	0.01502	0.01490	0.5	84402	1258	83773	1524723	18.07
1990-1999	67	0.01646	0.01633	0.5	83144	1358	82465	1440950	17.33
1990-1999	68	0.01803	0.01787	0.5	81786	1461	81055	1358485	16.61
1990-1999	69	0.01946	0.01927	0.5	80325	1548	79551	1277430	15.90
1990-1999	70	0.02123	0.02101	0.5	78777	1655	77950	1197879	15.21
1990-1999	71	0.02347	0.02320	0.5	77122	1789	76228	1119929	14.52
1990-1999	72	0.02550	0.02518	0.5	75333	1897	74384	1043702	13.85
1990-1999	73	0.02781	0.02743	0.5	73436	2014	72429	969317	13.20
1990-1999	74	0.02986	0.02942	0.5	71422	2101	70371	896888	12.56
1990-1999	75	0.03254	0.03202	0.5	69321	2219	68211	826517	11.92
1990-1999	76	0.03583	0.03520	0.5	67101	2362	65920	758306	11.30
1990-1999	77	0.03935	0.03859	0.5	64740	2498	63490	692386	10.69
1990-1999	78	0.04271	0.04181	0.5	62241	2603	60940	628895	10.10
1990-1999	79	0.04732	0.04623	0.5	59639	2757	58260	567955	9.52
1990-1999	80	0.05408	0.05266	0.5	56882	2995	55384	509694	8.96
1990-1999	81	0.05989	0.05815	0.5	53887	3134	52320	454310	8.43
1990-1999	82	0.06595	0.06384	0.5	50753	3240	49133	401990	7.92
1990-1999	83	0.07346	0.07086	0.5	47513	3367	45830	352857	7.43
1990-1999	84	0.08170	0.07849	0.5	44146	3465	42414	307027	6.95
1990-1999	85	0.09081	0.08686	0.5	40681	3534	38914	264613	6.50
1990-1999	86	0.10124	0.09636	0.5	37148	3580	35358	225699	6.08
1990-1999	87	0.11275	0.10673	0.5	33568	3583	31777	190341	5.67
1990-1999	88	0.12525	0.11787	0.5	29985	3534	28218	158564	5.29
1990-1999	89	0.13911	0.13007	0.5	26451	3440	24731	130346	4.93
1990-1999	90	0.15540	0.14420	0.5	23010	3318	21351	105616	4.59
1990-1999	91	0.17102	0.15755	0.5	19692	3102	18141	84264	4.28
1990-1999	92	0.18988	0.17341	0.5	16590	2877	15151	66123	3.99
1990-1999	93	0.20811	0.18850	0.5	13713	2585	12421	50972	3.72
1990-1999	94	0.23182	0.20774	0.5	11128	2312	9972	38551	3.46
1990-1999	95	0.25141	0.22334	0.5	8816	1969	7832	28579	3.24
1990-1999	96	0.27466	0.24149	0.5	6847	1654	6021	20747	3.03
1990-1999	97	0.29919	0.26026	0.5	5194	1352	4518	14726	2.84
1990-1999	98	0.32494	0.27953	0.5	3842	1074	3305	10209	2.66
1990-1999	99	0.35179	0.29917	0.5	2768	828	2354	6904	2.49
1990-1999	100	0.37961	0.31905	0.5	1940	619	1630	4549	2.35
1990-1999	101	0.40825	0.33904	0.5	1321	448	1097	2919	2.21
1990-1999	102	0.43752	0.35899	0.5	873	313	716	1822	2.09
1990-1999	103	0.46723	0.37875	0.5	560	212	454	1106	1.98
1990-1999	104	0.49718	0.39820	0.5	348	138	278	652	1.87
1990-1999	105	0.52715	0.41719	0.5	209	87	166	373	1.78
1990-1999	106	0.55693	0.43562	0.5	122	53	95	208	1.70
1990-1999	107	0.58630	0.45339	0.5	69	31	53	112	1.63
1990-1999	108	0.61507	0.47040	0.5	38	18	29	59	1.57
1990-1999	109	0.64305	0.48660	0.5	20	10	15	30	1.52
1990-1999	110+	0.67010	1.00000	1.49	10	10	15	15	1.49
2000-2009	0	0.00694	0.00690	0.07	100000	690	99360	7977854	79.78
2000-2009	1	0.00045	0.00045	0.5	99310	45	99288	7878494	79.33
2000-2009	2	0.00026	0.00026	0.5	99266	26	99253	7779206	78.37
2000-2009	3	0.00019	0.00019	0.5	99240	19	99231	7679953	77.39
2000-2009	4	0.00015	0.00015	0.5	99221	15	99214	7580722	76.40
2000-2009	5	0.00013	0.00013	0.5	99206	13	99199	7481509	75.41
2000-2009	6	0.00013	0.00013	0.5	99193	12	99187	7382309	74.42
2000-2009	7	0.00012	0.00012	0.5	99180	12	99174	7283123	73.43
2000-2009	8	0.00013	0.00013	0.5	99168	12	99162	7183948	72.44
2000-2009	9	0.00012	0.00012	0.5	99156	11	99150	7084786	71.45
2000-2009	10	0.00012	0.00012	0.5	99144	12	99138	6985637	70.46
2000-2009	11	0.00012	0.00012	0.5	99132	12	99126	6886498	69.47
2000-2009	12	0.00013	0.00013	0.5	99120	12	99114	6787372	68.48
2000-2009	13	0.00014	0.00014	0.5	99108	14	99101	6688258	67.48
2000-2009	14	0.00018	0.00018	0.5	99094	18	99085	6589157	66.49
2000-2009	15	0.00023	0.00023	0.5	99075	23	99064	6490072	65.51
2000-2009	16	0.00032	0.00032	0.5	99053	31	99037	6391008	64.52
2000-2009	17	0.00036	0.00036	0.5	99022	36	99004	6291971	63.54
2000-2009	18	0.00041	0.00041	0.5	98986	40	98966	6192967	62.56
2000-2009	19	0.00041	0.00041	0.5	98946	40	98926	6094001	61.59
2000-2009	20	0.00040	0.00040	0.5	98905	40	98886	5995076	60.61
2000-2009	21	0.00045	0.00045	0.5	98866	45	98843	5896190	59.64
2000-2009	22	0.00045	0.00045	0.5	98821	45	98799	5797347	58.67
2000-2009	23	0.00045	0.00045	0.5	98776	45	98754	5698548	57.69
2000-2009	24	0.00046	0.00046	0.5	98732	46	98709	5599794	56.72
2000-2009	25	0.00048	0.00048	0.5	98686	47	98663	5501085	55.74
2000-2009	26	0.00050	0.00050	0.5	98639	49	98614	5402422	54.77
2000-2009	27	0.00053	0.00053	0.5	98590	52	98564	5303808	53.80
2000-2009	28	0.00056	0.00056	0.5	98538	55	98510	5205244	52.82
2000-2009	29	0.00061	0.00061	0.5	98483	60	98453	5106734	51.85
2000-2009	30	0.00063	0.00063	0.5	98423	62	98392	5008281	50.89
2000-2009	31	0.00066	0.00066	0.5	98361	65	98328	4909889	49.92
2000-2009	32	0.00073	0.00073	0.5	98296	72	98260	4811561	48.95
2000-2009	33	0.00075	0.00075	0.5	98224	73	98187	4713301	47.99
2000-2009	34	0.00079	0.00079	0.5	98151	77	98112	4615113	47.02
2000-2009	35	0.00087	0.00087	0.5	98073	86	98031	4517001	46.06
2000-2009	36	0.00094	0.00094	0.5	97988	92	97942	4418971	45.10
2000-2009	37	0.00105	0.00105	0.5	97895	103	97844	4321029	44.14
2000-2009	38	0.00117	0.00117	0.5	97793	114	97736	4223185	43.19
2000-2009	39	0.00128	0.00127	0.5	97679	125	97616	4125450	42.23
2000-2009	40	0.00142	0.00142	0.5	97554	139	97485	4027833	41.29
2000-2009	41	0.00151	0.00151	0.5	97415	147	97342	3930349	40.35
2000-2009	42	0.00167	0.00167	0.5	97268	162	97187	3833007	39.41
2000-2009	43	0.00186	0.00186	0.5	97106	180	97016	3735820	38.47
2000-2009	44	0.00201	0.00201	0.5	96926	195	96828	3638805	37.54
2000-2009	45	0.00220	0.00220	0.5	96731	213	96624	3541976	36.62
2000-2009	46	0.00236	0.00236	0.5	96518	228	96404	3445352	35.70
2000-2009	47	0.00258	0.00258	0.5	96290	249	96166	3348948	34.78
2000-2009	48	0.00281	0.00281	0.5	96042	270	95907	3252782	33.87
2000-2009	49	0.00304	0.00303	0.5	95772	291	95626	3156876	32.96
2000-2009	50	0.00332	0.00332	0.5	95481	317	95323	3061249	32.06
2000-2009	51	0.00350	0.00349	0.5	95164	332	94998	2965926	31.17
2000-2009	52	0.00378	0.00377	0.5	94832	357	94654	2870928	30.27
2000-2009	53	0.00416	0.00415	0.5	94475	392	94279	2776274	29.39
2000-2009	54	0.00448	0.00447	0.5	94082	420	93872	2681996	28.51
2000-2009	55	0.00474	0.00473	0.5	93662	443	93441	2588123	27.63
2000-2009	56	0.00524	0.00523	0.5	93219	487	92976	2494683	26.76
2000-2009	57	0.00579	0.00578	0.5	92732	536	92464	2401707	25.90
2000-2009	58	0.00640	0.00638	0.5	92197	588	91902	2309242	25.05
2000-2009	59	0.00688	0.00685	0.5	91608	628	91294	2217340	24.20
2000-2009	60	0.00759	0.00756	0.5	90980	688	90636	2126046	23.37
2000-2009	61	0.00830	0.00827	0.5	90292	747	89919	2035409	22.54
2000-2009	62	0.00929	0.00924	0.5	89546	828	89132	1945490	21.73
2000-2009	63	0.01004	0.00999	0.5	88718	887	88275	1856359	20.92
2000-2009	64	0.01123	0.01117	0.5	87831	981	87341	1768084	20.13
2000-2009	65	0.01209	0.01202	0.5	86850	1044	86328	1680743	19.35
2000-2009	66	0.01325	0.01317	0.5	85807	1130	85242	1594415	18.58
2000-2009	67	0.01459	0.01448	0.5	84677	1226	84064	1509173	17.82
2000-2009	68	0.01583	0.01570	0.5	83451	1310	82796	1425109	17.08
2000-2009	69	0.01717	0.01702	0.5	82140	1398	81441	1342314	16.34
2000-2009	70	0.01924	0.01906	0.5	80742	1539	79973	1260872	15.62
2000-2009	71	0.02083	0.02061	0.5	79203	1633	78387	1180900	14.91
2000-2009	72	0.02297	0.02271	0.5	77571	1762	76690	1102513	14.21
2000-2009	73	0.02503	0.02472	0.5	75809	1874	74872	1025823	13.53
2000-2009	74	0.02739	0.02702	0.5	73934	1998	72936	950951	12.86
2000-2009	75	0.03017	0.02973	0.5	71937	2138	70868	878016	12.21
2000-2009	76	0.03313	0.03259	0.5	69798	2275	68661	807148	11.56
2000-2009	77	0.03627	0.03562	0.5	67523	2405	66321	738487	10.94
2000-2009	78	0.03999	0.03920	0.5	65118	2553	63842	672166	10.32
2000-2009	79	0.04403	0.04308	0.5	62565	2695	61218	608324	9.72
2000-2009	80	0.04954	0.04834	0.5	59870	2894	58423	547106	9.14
2000-2009	81	0.05513	0.05365	0.5	56976	3057	55447	488683	8.58
2000-2009	82	0.06198	0.06012	0.5	53919	3242	52298	433236	8.03
2000-2009	83	0.06868	0.06640	0.5	50677	3365	48995	380938	7.52
2000-2009	84	0.07692	0.07407	0.5	47312	3504	45560	331943	7.02
2000-2009	85	0.08646	0.08288	0.5	43808	3631	41992	286383	6.54
2000-2009	86	0.09730	0.09279	0.5	40177	3728	38313	244390	6.08
2000-2009	87	0.10957	0.10388	0.5	36449	3786	34556	206077	5.65
2000-2009	88	0.12239	0.11533	0.5	32663	3767	30779	171521	5.25
2000-2009	89	0.13758	0.12873	0.5	28896	3720	27036	140742	4.87
2000-2009	90	0.15379	0.14281	0.5	25176	3595	23378	113706	4.52
2000-2009	91	0.17237	0.15869	0.5	21581	3425	19868	90328	4.19
2000-2009	92	0.19326	0.17623	0.5	18156	3200	16556	70460	3.88
2000-2009	93	0.21652	0.19537	0.5	14956	2922	13495	53903	3.60
2000-2009	94	0.23711	0.21198	0.5	12034	2551	10759	40408	3.36
2000-2009	95	0.25992	0.23003	0.5	9483	2181	8393	29649	3.13
2000-2009	96	0.28560	0.24991	0.5	7302	1825	6390	21256	2.91
2000-2009	97	0.31274	0.27045	0.5	5477	1481	4736	14867	2.71
2000-2009	98	0.34122	0.29149	0.5	3996	1165	3413	10130	2.54
2000-2009	99	0.37091	0.31288	0.5	2831	886	2388	6717	2.37
2000-2009	100	0.40160	0.33444	0.5	1945	651	1620	4329	2.23
2000-2009	101	0.43308	0.35599	0.5	1295	461	1064	2709	2.09
2000-2009	102	0.46511	0.37735	0.5	834	315	676	1645	1.97
2000-2009	103	0.49743	0.39835	0.5	519	207	416	968	1.86
2000-2009	104	0.52977	0.41883	0.5	312	131	247	552	1.77
2000-2009	105	0.56187	0.43864	0.5	182	80	142	305	1.68
2000-2009	106	0.59345	0.45765	0.5	102	47	79	164	1.61
2000-2009	107	0.62428	0.47577	0.5	55	26	42	85	1.54
2000-2009	108	0.65414	0.49292	0.5	29	14	22	43	1.48
2000-2009	109	0.68283	0.50903	0.5	15	7	11	21	1.44
2000-2009	110+	0.71019	1.00000	1.41	7	7	10	10	1.41
2010-2019	0	0.00606	0.00603	0.07	100000	603	99439	8063749	80.64
2010-2019	1	0.00038	0.00038	0.5	99397	38	99378	7964310	80.13
2010-2019	2	0.00021	0.00021	0.5	99359	21	99348	7864932	79.16
2010-2019	3	0.00017	0.00017	0.5	99338	17	99329	7765584	78.17
2010-2019	4	0.00014	0.00014	0.5	99321	14	99314	7666254	77.19
2010-2019	5	0.00012	0.00012	0.5	99306	12	99300	7566941	76.20
2010-2019	6	0.00011	0.00011	0.5	99294	11	99289	7467641	75.21
2010-2019	7	0.00009	0.00009	0.5	99284	9	99279	7368351	74.22
2010-2019	8	0.00010	0.00010	0.5	99275	10	99270	7269072	73.22
2010-2019	9	0.00009	0.00009	0.5	99265	9	99260	7169802	72.23
2010-2019	10	0.00010	0.00010	0.5	99255	10	99250	7070542	71.24
2010-2019	11	0.00011	0.00011	0.5	99245	11	99240	6971292	70.24
2010-2019	12	0.00012	0.00012	0.5	99234	12	99228	6872052	69.25
2010-2019	13	0.00013	0.00013	0.5	99222	13	99215	6772824	68.26
2010-2019	14	0.00016	0.00016	0.5	99209	16	99201	6673609	67.27
2010-2019	15	0.00020	0.00020	0.5	99193	20	99183	6574408	66.28
2010-2019	16	0.00024	0.00024	0.5	99173	24	99161	6475225	65.29
2010-2019	17	0.00028	0.00028	0.5	99149	28	99135	6376064	64.31
2010-2019	18	0.00036	0.00036	0.5	99121	36	99103	6276929	63.33
2010-2019	19	0.00038	0.00038	0.5	99086	38	99067	6177826	62.35
2010-2019	20	0.00043	0.00043	0.5	99047	42	99026	6078759	61.37
2010-2019	21	0.00047	0.00047	0.5	99005	46	98982	5979733	60.40
2010-2019	22	0.00050	0.00050	0.5	98959	49	98935	5880750	59.43
2010-2019	23	0.00055	0.00055	0.5	98910	54	98883	5781816	58.46
2010-2019	24	0.00055	0.00055	0.5	98856	55	98829	5682933	57.49
2010-2019	25	0.00061	0.00061	0.5	98801	61	98771	5584104	56.52
2010-2019	26	0.00066	0.00066	0.5	98741	65	98708	5485333	55.55
2010-2019	27	0.00068	0.00068	0.5	98676	67	98642	5386625	54.59
2010-2019	28	0.00075	0.00075	0.5	98609	74	98572	5287983	53.63
2010-2019	29	0.00079	0.00079	0.5	98535	78	98496	5189411	52.67
2010-2019	30	0.00080	0.00080	0.5	98457	79	98418	5090915	51.71
2010-2019	31	0.00086	0.00086	0.5	98378	85	98336	4992497	50.75
2010-2019	32	0.00092	0.00092	0.5	98294	90	98248	4894161	49.79
2010-2019	33	0.00096	0.00096	0.5	98203	94	98156	4795913	48.84
2010-2019	34	0.00102	0.00102	0.5	98109	100	98059	4697757	47.88
2010-2019	35	0.00109	0.00109	0.5	98009	107	97955	4599698	46.93
2010-2019	36	0.00112	0.00112	0.5	97902	109	97847	4501743	45.98
2010-2019	37	0.00118	0.00118	0.5	97793	116	97735	4403895	45.03
2010-2019	38	0.00123	0.00123	0.5	97677	120	97617	4306161	44.09
2010-2019	39	0.00133	0.00133	0.5	97557	130	97492	4208543	43.14
2010-2019	40	0.00141	0.00141	0.5	97427	137	97359	4111051	42.20
2010-2019	41	0.00155	0.00155	0.5	97290	151	97215	4013692	41.25
2010-2019	42	0.00162	0.00162	0.5	97139	157	97061	3916477	40.32
2010-2019	43	0.00176	0.00176	0.5	96982	171	96897	3819417	39.38
2010-2019	44	0.00197	0.00197	0.5	96811	191	96716	3722520	38.45
2010-2019	45	0.00212	0.00211	0.5	96620	204	96518	3625804	37.53
2010-2019	46	0.00240	0.00240	0.5	96416	231	96301	3529286	36.60
2010-2019	47	0.00253	0.00252	0.5	96185	243	96064	3432985	35.69
2010-2019	48	0.00278	0.00277	0.5	95942	266	95809	3336922	34.78
2010-2019	49	0.00299	0.00299	0.5	95676	286	95533	3241113	33.88
2010-2019	50	0.00329	0.00329	0.5	95390	314	95233	3145580	32.98
2010-2019	51	0.00356	0.00356	0.5	95077	338	94908	3050346	32.08
2010-2019	52	0.00389	0.00388	0.5	94738	368	94554	2955439	31.20
2010-2019	53	0.00422	0.00421	0.5	94370	398	94171	2860884	30.32
2010-2019	54	0.00458	0.00457	0.5	93973	429	93758	2766713	29.44
2010-2019	55	0.00491	0.00489	0.5	93543	458	93314	2672955	28.57
2010-2019	56	0.00533	0.00531	0.5	93085	495	92838	2579641	27.71
2010-2019	57	0.00573	0.00572	0.5	92591	529	92326	2486802	26.86
2010-2019	58	0.00613	0.00612	0.5	92062	563	91780	2394476	26.01
2010-2019	59	0.00657	0.00654	0.5	91499	599	91199	2302696	25.17
2010-2019	60	0.00706	0.00703	0.5	90900	639	90580	2211497	24.33
2010-2019	61	0.00760	0.00757	0.5	90261	683	89919	2120917	23.50
2010-2019	62	0.00822	0.00819	0.5	89577	734	89211	2030998	22.67
2010-2019	63	0.00904	0.00900	0.5	88844	800	88444	1941787	21.86
2010-2019	64	0.00972	0.00967	0.5	88044	851	87619	1853343	21.05
2010-2019	65	0.01058	0.01052	0.5	87193	917	86734	1765724	20.25
2010-2019	66	0.01144	0.01138	0.5	86276	982	85785	1678990	19.46
2010-2019	67	0.01250	0.01243	0.5	85294	1060	84764	1593205	18.68
2010-2019	68	0.01369	0.01360	0.5	84234	1145	83662	1508441	17.91
2010-2019	69	0.01511	0.01500	0.5	83089	1246	82466	1424780	17.15
2010-2019	70	0.01666	0.01652	0.5	81843	1352	81166	1342314	16.40
2010-2019	71	0.01832	0.01815	0.5	80490	1461	79760	1261148	15.67
2010-2019	72	0.02034	0.02013	0.5	79029	1591	78233	1181388	14.95
2010-2019	73	0.02208	0.02184	0.5	77438	1691	76592	1103154	14.25
2010-2019	74	0.02431	0.02402	0.5	75747	1820	74837	1026562	13.55
2010-2019	75	0.02682	0.02646	0.5	73927	1956	72949	951725	12.87
2010-2019	76	0.02955	0.02912	0.5	71971	2096	70923	878776	12.21
2010-2019	77	0.03250	0.03198	0.5	69875	2234	68758	807852	11.56
2010-2019	78	0.03586	0.03523	0.5	67641	2383	66450	739094	10.93
2010-2019	79	0.03990	0.03912	0.5	65258	2553	63982	672644	10.31
2010-2019	80	0.04411	0.04316	0.5	62705	2706	61352	608663	9.71
2010-2019	81	0.04874	0.04758	0.5	59999	2855	58572	547310	9.12
2010-2019	82	0.05451	0.05307	0.5	57144	3033	55628	488739	8.55
2010-2019	83	0.06082	0.05903	0.5	54112	3194	52515	433111	8.00
2010-2019	84	0.06810	0.06586	0.5	50918	3353	49241	380596	7.47
2010-2019	85	0.07676	0.07392	0.5	47564	3516	45806	331355	6.97
2010-2019	86	0.08567	0.08215	0.5	44048	3619	42239	285549	6.48
2010-2019	87	0.09709	0.09260	0.5	40430	3744	38558	243309	6.02
2010-2019	88	0.10946	0.10378	0.5	36686	3807	34782	204752	5.58
2010-2019	89	0.12375	0.11654	0.5	32879	3832	30963	169969	5.17
2010-2019	90	0.14023	0.13104	0.5	29047	3806	27144	139006	4.79
2010-2019	91	0.15774	0.14621	0.5	25241	3690	23396	111862	4.43
2010-2019	92	0.17664	0.16231	0.5	21550	3498	19802	88466	4.11
2010-2019	93	0.19741	0.17967	0.5	18053	3244	16431	68665	3.80
2010-2019	94	0.22094	0.19896	0.5	14809	2946	13336	52234	3.53
2010-2019	95	0.24245	0.21624	0.5	11863	2565	10580	38898	3.28
2010-2019	96	0.26773	0.23612	0.5	9297	2195	8200	28318	3.05
2010-2019	97	0.29461	0.25679	0.5	7102	1824	6190	20118	2.83
2010-2019	98	0.32301	0.27809	0.5	5278	1468	4544	13928	2.64
2010-2019	99	0.35277	0.29988	0.5	3811	1143	3239	9383	2.46
2010-2019	100	0.38372	0.32195	0.5	2668	859	2238	6144	2.30
2010-2019	101	0.41564	0.34413	0.5	1809	622	1498	3906	2.16
2010-2019	102	0.44829	0.36621	0.5	1186	434	969	2408	2.03
2010-2019	103	0.48139	0.38800	0.5	752	292	606	1439	1.91
2010-2019	104	0.51465	0.40932	0.5	460	188	366	833	1.81
2010-2019	105	0.54778	0.43001	0.5	272	117	213	467	1.72
2010-2019	106	0.58050	0.44991	0.5	155	70	120	253	1.64
2010-2019	107	0.61252	0.46891	0.5	85	40	65	133	1.56
2010-2019	108	0.64360	0.48691	0.5	45	22	34	68	1.50
2010-2019	109	0.67351	0.50384	0.5	23	12	17	34	1.45
2010-2019	110+	0.70208	1.00000	1.42	12	12	16	16	1.42
