Div8: Mountain, Lifetables (period 5x5), Both sexes Last modified: 20 Dec 2020, MPv5 (May07) 

Year     	Age	mx	qx	ax	lx	dx	Lx	Tx	ex
1960-1964	0	0.02690	0.02628	0.12	100000	2628	97695	7033276	70.33
1960-1964	1-4	0.00125	0.00500	1.57	97372	487	388304	6935581	71.23
1960-1964	5-9	0.00050	0.00249	2.26	96885	241	483764	6547276	67.58
1960-1964	10-14	0.00049	0.00245	2.7	96644	237	482674	6063512	62.74
1960-1964	15-19	0.00119	0.00592	2.79	96407	571	480773	5580838	57.89
1960-1964	20-24	0.00160	0.00796	2.43	95836	763	477220	5100065	53.22
1960-1964	25-29	0.00155	0.00773	2.51	95074	735	473533	4622845	48.62
1960-1964	30-34	0.00179	0.00893	2.63	94338	842	469696	4149312	43.98
1960-1964	35-39	0.00247	0.01227	2.64	93496	1148	464777	3679616	39.36
1960-1964	40-44	0.00363	0.01802	2.68	92348	1664	457886	3214839	34.81
1960-1964	45-49	0.00562	0.02774	2.68	90684	2515	447598	2756953	30.40
1960-1964	50-54	0.00862	0.04223	2.65	88169	3723	432078	2309355	26.19
1960-1964	55-59	0.01269	0.06158	2.62	84446	5200	409835	1877277	22.23
1960-1964	60-64	0.01888	0.09038	2.63	79246	7162	379288	1467443	18.52
1960-1964	65-69	0.02830	0.13247	2.59	72084	9549	337449	1088155	15.10
1960-1964	70-74	0.04334	0.19622	2.59	62535	12270	283148	750706	12.00
1960-1964	75-79	0.06577	0.28316	2.55	50265	14233	216399	467558	9.30
1960-1964	80-84	0.10326	0.40958	2.48	36032	14758	142923	251159	6.97
1960-1964	85-89	0.16444	0.57197	2.34	21274	12168	73996	108236	5.09
1960-1964	90-94	0.24133	0.71502	2.15	9106	6511	26979	34240	3.76
1960-1964	95-99	0.34148	0.83576	1.95	2595	2169	6351	7261	2.80
1960-1964	100-104	0.45962	0.91461	1.71	426	390	848	910	2.14
1960-1964	105-109	0.58348	0.95719	1.49	36	35	60	62	1.70
1960-1964	110+	0.68193	1.00000	1.47	2	2	2	2	1.47
1965-1969	0	0.02257	0.02213	0.11	100000	2213	98033	7104004	71.04
1965-1969	1-4	0.00110	0.00438	1.57	97787	429	390107	7005971	71.65
1965-1969	5-9	0.00045	0.00225	2.29	97358	219	486197	6615864	67.95
1965-1969	10-14	0.00045	0.00225	2.81	97139	219	485218	6129667	63.10
1965-1969	15-19	0.00121	0.00606	2.79	96920	587	483305	5644449	58.24
1965-1969	20-24	0.00159	0.00791	2.49	96333	762	479757	5161144	53.58
1965-1969	25-29	0.00155	0.00774	2.49	95571	740	475995	4681387	48.98
1965-1969	30-34	0.00177	0.00879	2.56	94831	834	472120	4205392	44.35
1965-1969	35-39	0.00239	0.01188	2.64	93997	1117	467354	3733272	39.72
1965-1969	40-44	0.00356	0.01764	2.67	92880	1639	460580	3265918	35.16
1965-1969	45-49	0.00534	0.02638	2.68	91241	2407	450623	2805338	30.75
1965-1969	50-54	0.00838	0.04107	2.66	88834	3649	435639	2354715	26.51
1965-1969	55-59	0.01239	0.06019	2.65	85185	5128	413852	1919076	22.53
1965-1969	60-64	0.01847	0.08842	2.61	80058	7079	383350	1505224	18.80
1965-1969	65-69	0.02746	0.12882	2.6	72979	9401	342379	1121874	15.37
1965-1969	70-74	0.04177	0.18967	2.58	63578	12059	288715	779494	12.26
1965-1969	75-79	0.06408	0.27673	2.54	51519	14257	222494	490779	9.53
1965-1969	80-84	0.09727	0.39137	2.5	37262	14583	149923	268285	7.20
1965-1969	85-89	0.15679	0.55503	2.37	22679	12587	80284	118362	5.22
1965-1969	90-94	0.23952	0.71331	2.17	10091	7198	30053	38078	3.77
1965-1969	95-99	0.34423	0.83908	1.95	2893	2428	7052	8025	2.77
1965-1969	100-104	0.46986	0.91998	1.69	466	428	912	973	2.09
1965-1969	105-109	0.60078	0.96149	1.46	37	36	60	62	1.66
1965-1969	110+	0.70356	1.00000	1.42	1	1	2	2	1.42
1970-1974	0	0.01776	0.01748	0.1	100000	1748	98423	7195942	71.96
1970-1974	1-4	0.00094	0.00375	1.62	98252	369	392130	7097520	72.24
1970-1974	5-9	0.00045	0.00226	2.26	97883	222	488810	6705390	68.50
1970-1974	10-14	0.00046	0.00228	2.77	97662	223	487811	6216581	63.65
1970-1974	15-19	0.00134	0.00669	2.81	97439	652	485765	5728770	58.79
1970-1974	20-24	0.00166	0.00828	2.47	96787	801	481909	5243005	54.17
1970-1974	25-29	0.00155	0.00771	2.5	95986	740	478082	4761096	49.60
1970-1974	30-34	0.00176	0.00875	2.55	95246	833	474192	4283014	44.97
1970-1974	35-39	0.00242	0.01203	2.58	94413	1135	469314	3808822	40.34
1970-1974	40-44	0.00348	0.01727	2.67	93277	1611	462627	3339508	35.80
1970-1974	45-49	0.00521	0.02572	2.64	91666	2358	452775	2876880	31.38
1970-1974	50-54	0.00774	0.03802	2.65	89309	3396	438557	2424105	27.14
1970-1974	55-59	0.01187	0.05772	2.63	85913	4959	417833	1985549	23.11
1970-1974	60-64	0.01772	0.08503	2.62	80953	6883	388385	1567716	19.37
1970-1974	65-69	0.02563	0.12074	2.61	74070	8943	348975	1179331	15.92
1970-1974	70-74	0.03897	0.17806	2.58	65127	11597	297544	830356	12.75
1970-1974	75-79	0.06018	0.26231	2.56	53530	14042	233323	532812	9.95
1970-1974	80-84	0.09047	0.36929	2.51	39488	14583	161184	299488	7.58
1970-1974	85-89	0.14291	0.52042	2.39	24906	12961	90699	138305	5.55
1970-1974	90-94	0.22431	0.68851	2.2	11944	8224	36663	47606	3.99
1970-1974	95-99	0.32198	0.81798	1.99	3721	3043	9452	10943	2.94
1970-1974	100-104	0.44439	0.90773	1.74	677	615	1383	1491	2.20
1970-1974	105-109	0.57540	0.95562	1.51	62	60	104	108	1.73
1970-1974	110+	0.68024	1.00000	1.47	3	3	4	4	1.47
1975-1979	0	0.01351	0.01335	0.09	100000	1335	98780	7399087	73.99
1975-1979	1-4	0.00079	0.00316	1.58	98665	311	393909	7300307	73.99
1975-1979	5-9	0.00036	0.00179	2.32	98354	176	491299	6906398	70.22
1975-1979	10-14	0.00040	0.00197	2.76	98178	194	490457	6415100	65.34
1975-1979	15-19	0.00123	0.00612	2.85	97985	600	488633	5924643	60.47
1975-1979	20-24	0.00155	0.00770	2.51	97385	750	485054	5436010	55.82
1975-1979	25-29	0.00146	0.00728	2.5	96634	704	481411	4950956	51.23
1975-1979	30-34	0.00153	0.00763	2.58	95931	732	477879	4469545	46.59
1975-1979	35-39	0.00204	0.01013	2.61	95199	965	473689	3991666	41.93
1975-1979	40-44	0.00285	0.01415	2.64	94234	1334	468025	3517977	37.33
1975-1979	45-49	0.00436	0.02159	2.67	92901	2005	459827	3049952	32.83
1975-1979	50-54	0.00667	0.03283	2.64	90895	2984	447448	2590125	28.50
1975-1979	55-59	0.01013	0.04945	2.64	87911	4347	429315	2142677	24.37
1975-1979	60-64	0.01551	0.07479	2.64	83564	6250	403053	1713362	20.50
1975-1979	65-69	0.02279	0.10807	2.62	77314	8355	366679	1310309	16.95
1975-1979	70-74	0.03392	0.15681	2.6	68958	10813	318810	943631	13.68
1975-1979	75-79	0.05206	0.23111	2.57	58145	13438	258122	624821	10.75
1975-1979	80-84	0.07988	0.33380	2.54	44707	14923	186821	366699	8.20
1975-1979	85-89	0.12716	0.47972	2.44	29784	14288	112363	179879	6.04
1975-1979	90-94	0.19930	0.64496	2.27	15496	9994	50148	67515	4.36
1975-1979	95-99	0.29640	0.79068	2.05	5502	4350	14677	17368	3.16
1975-1979	100-104	0.41654	0.89244	1.8	1152	1028	2467	2691	2.34
1975-1979	105-109	0.54905	0.94871	1.55	124	118	214	224	1.81
1975-1979	110+	0.65709	1.00000	1.52	6	6	10	10	1.52
1980-1984	0	0.01026	0.01017	0.08	100000	1017	99061	7522329	75.22
1980-1984	1-4	0.00064	0.00257	1.57	98983	254	395316	7423268	75.00
1980-1984	5-9	0.00029	0.00146	2.41	98729	144	493273	7027952	71.18
1980-1984	10-14	0.00033	0.00165	2.78	98585	163	492566	6534679	66.28
1980-1984	15-19	0.00103	0.00515	2.85	98423	507	491023	6042113	61.39
1980-1984	20-24	0.00137	0.00682	2.5	97916	668	487910	5551090	56.69
1980-1984	25-29	0.00130	0.00646	2.49	97248	629	484665	5063180	52.06
1980-1984	30-34	0.00137	0.00681	2.58	96620	658	481504	4578515	47.39
1980-1984	35-39	0.00169	0.00840	2.61	95962	806	477883	4097011	42.69
1980-1984	40-44	0.00244	0.01211	2.62	95155	1152	473028	3619128	38.03
1980-1984	45-49	0.00387	0.01918	2.65	94003	1803	465771	3146100	33.47
1980-1984	50-54	0.00592	0.02919	2.67	92199	2691	454726	2680329	29.07
1980-1984	55-59	0.00938	0.04590	2.66	89508	4108	437943	2225603	24.86
1980-1984	60-64	0.01400	0.06775	2.63	85400	5786	413313	1787661	20.93
1980-1984	65-69	0.02149	0.10226	2.64	79614	8142	378836	1374348	17.26
1980-1984	70-74	0.03274	0.15180	2.61	71472	10850	331390	995512	13.93
1980-1984	75-79	0.04996	0.22271	2.56	60623	13502	270222	664122	10.96
1980-1984	80-84	0.07751	0.32536	2.53	47121	15332	197801	393900	8.36
1980-1984	85-89	0.12304	0.46769	2.44	31790	14868	120836	196099	6.17
1980-1984	90-94	0.19379	0.63497	2.29	16922	10745	55447	75263	4.45
1980-1984	95-99	0.29075	0.78418	2.06	6177	4844	16660	19816	3.21
1980-1984	100-104	0.41064	0.88893	1.81	1333	1185	2886	3156	2.37
1980-1984	105-109	0.54388	0.94727	1.56	148	140	258	270	1.82
1980-1984	110+	0.65311	1.00000	1.53	8	8	12	12	1.53
1985-1989	0	0.00944	0.00936	0.07	100000	936	99134	7600080	76.00
1985-1989	1-4	0.00056	0.00223	1.57	99064	221	395718	7500947	75.72
1985-1989	5-9	0.00025	0.00124	2.34	98843	122	493890	7105229	71.88
1985-1989	10-14	0.00031	0.00154	2.85	98721	152	493277	6611339	66.97
1985-1989	15-19	0.00097	0.00485	2.81	98569	478	491800	6118063	62.07
1985-1989	20-24	0.00125	0.00624	2.52	98091	612	488938	5626262	57.36
1985-1989	25-29	0.00121	0.00603	2.53	97479	588	485943	5137324	52.70
1985-1989	30-34	0.00135	0.00674	2.59	96891	653	482878	4651381	48.01
1985-1989	35-39	0.00168	0.00835	2.57	96238	803	479237	4168503	43.31
1985-1989	40-44	0.00221	0.01099	2.63	95435	1049	474692	3689265	38.66
1985-1989	45-49	0.00335	0.01664	2.66	94386	1570	468261	3214573	34.06
1985-1989	50-54	0.00535	0.02644	2.69	92816	2454	458403	2746312	29.59
1985-1989	55-59	0.00853	0.04182	2.67	90362	3779	443015	2287909	25.32
1985-1989	60-64	0.01335	0.06472	2.63	86584	5604	419656	1844894	21.31
1985-1989	65-69	0.02021	0.09641	2.62	80980	7807	386317	1425238	17.60
1985-1989	70-74	0.03139	0.14600	2.61	73173	10683	340362	1038921	14.20
1985-1989	75-79	0.04798	0.21497	2.58	62489	13434	279963	698559	11.18
1985-1989	80-84	0.07438	0.31446	2.54	49056	15426	207403	418596	8.53
1985-1989	85-89	0.11962	0.45869	2.46	33630	15426	128952	211193	6.28
1985-1989	90-94	0.18903	0.62543	2.3	18204	11385	60232	82241	4.52
1985-1989	95-99	0.28822	0.78165	2.07	6819	5330	18493	22008	3.23
1985-1989	100-104	0.41153	0.88991	1.81	1489	1325	3220	3516	2.36
1985-1989	105-109	0.54898	0.94902	1.55	164	156	283	296	1.81
1985-1989	110+	0.66151	1.00000	1.51	8	8	13	13	1.51
1990-1994	0	0.00800	0.00794	0.07	100000	794	99262	7664478	76.64
1990-1994	1-4	0.00048	0.00191	1.59	99206	189	396369	7565216	76.26
1990-1994	5-9	0.00021	0.00106	2.32	99017	105	494804	7168846	72.40
1990-1994	10-14	0.00029	0.00143	2.93	98912	142	494268	6674042	67.47
1990-1994	15-19	0.00094	0.00468	2.77	98771	462	492823	6179774	62.57
1990-1994	20-24	0.00112	0.00561	2.51	98309	551	490171	5686951	57.85
1990-1994	25-29	0.00118	0.00591	2.56	97757	577	487378	5196780	53.16
1990-1994	30-34	0.00145	0.00720	2.59	97180	700	484213	4709402	48.46
1990-1994	35-39	0.00182	0.00906	2.6	96480	874	480301	4225189	43.79
1990-1994	40-44	0.00231	0.01147	2.6	95606	1097	475396	3744887	39.17
1990-1994	45-49	0.00327	0.01622	2.65	94509	1532	468950	3269492	34.59
1990-1994	50-54	0.00503	0.02484	2.66	92977	2309	459486	2800542	30.12
1990-1994	55-59	0.00793	0.03893	2.68	90667	3529	445136	2341056	25.82
1990-1994	60-64	0.01265	0.06139	2.63	87138	5349	423000	1895921	21.76
1990-1994	65-69	0.01899	0.09088	2.63	81789	7433	391354	1472921	18.01
1990-1994	70-74	0.02935	0.13717	2.62	74356	10200	347516	1081567	14.55
1990-1994	75-79	0.04501	0.20289	2.57	64156	13017	289213	734051	11.44
1990-1994	80-84	0.07153	0.30437	2.55	51139	15565	217611	444838	8.70
1990-1994	85-89	0.11521	0.44550	2.46	35574	15848	137562	227227	6.39
1990-1994	90-94	0.18772	0.62471	2.32	19726	12323	65644	89666	4.55
1990-1994	95-99	0.28605	0.77944	2.08	7403	5770	20171	24021	3.24
1990-1994	100-104	0.41199	0.89052	1.81	1633	1454	3529	3850	2.36
1990-1994	105-109	0.55253	0.95022	1.55	179	170	307	321	1.79
1990-1994	110+	0.66735	1.00000	1.5	9	9	13	13	1.50
1995-1999	0	0.00685	0.00681	0.07	100000	681	99365	7716709	77.17
1995-1999	1-4	0.00040	0.00160	1.6	99319	159	396895	7617344	76.70
1995-1999	5-9	0.00019	0.00094	2.45	99160	93	495563	7220449	72.82
1995-1999	10-14	0.00026	0.00128	2.89	99067	127	495067	6724885	67.88
1995-1999	15-19	0.00086	0.00428	2.82	98940	424	493776	6229818	62.97
1995-1999	20-24	0.00104	0.00518	2.46	98517	510	491290	5736042	58.22
1995-1999	25-29	0.00105	0.00525	2.58	98007	514	488790	5244753	53.51
1995-1999	30-34	0.00133	0.00661	2.63	97492	644	485934	4755963	48.78
1995-1999	35-39	0.00173	0.00863	2.61	96848	836	482241	4270029	44.09
1995-1999	40-44	0.00236	0.01175	2.63	96012	1128	477386	3787788	39.45
1995-1999	45-49	0.00321	0.01591	2.62	94883	1510	470823	3310401	34.89
1995-1999	50-54	0.00474	0.02342	2.67	93374	2187	461769	2839578	30.41
1995-1999	55-59	0.00729	0.03584	2.67	91187	3268	448325	2377809	26.08
1995-1999	60-64	0.01172	0.05703	2.65	87919	5014	427817	1929485	21.95
1995-1999	65-69	0.01791	0.08590	2.64	82905	7122	397717	1501668	18.11
1995-1999	70-74	0.02806	0.13148	2.61	75783	9964	355118	1103950	14.57
1995-1999	75-79	0.04359	0.19732	2.6	65820	12988	297925	748833	11.38
1995-1999	80-84	0.07295	0.30955	2.56	52832	16354	224188	450907	8.53
1995-1999	85-89	0.11925	0.45789	2.47	36478	16703	140067	226719	6.22
1995-1999	90-94	0.19586	0.63968	2.29	19775	12650	64587	86652	4.38
1995-1999	95-99	0.30185	0.79846	2.05	7125	5689	18848	22066	3.10
1995-1999	100-104	0.43542	0.90444	1.77	1436	1299	2983	3217	2.24
1995-1999	105-109	0.58115	0.95784	1.5	137	131	226	234	1.71
1995-1999	110+	0.69763	1.00000	1.43	6	6	8	8	1.43
2000-2004	0	0.00639	0.00635	0.07	100000	635	99407	7767059	77.67
2000-2004	1-4	0.00034	0.00137	1.6	99365	136	397133	7667652	77.17
2000-2004	5-9	0.00015	0.00077	2.38	99229	76	495945	7270519	73.27
2000-2004	10-14	0.00022	0.00111	2.9	99153	110	495533	6774573	68.32
2000-2004	15-19	0.00076	0.00377	2.89	99042	374	494425	6279041	63.40
2000-2004	20-24	0.00099	0.00495	2.46	98669	488	492101	5784616	58.63
2000-2004	25-29	0.00101	0.00504	2.51	98180	495	489669	5292515	53.91
2000-2004	30-34	0.00120	0.00597	2.61	97685	584	487030	4802846	49.17
2000-2004	35-39	0.00169	0.00841	2.63	97102	817	483571	4315816	44.45
2000-2004	40-44	0.00241	0.01201	2.63	96285	1156	478691	3832245	39.80
2000-2004	45-49	0.00344	0.01707	2.64	95129	1624	471811	3353554	35.25
2000-2004	50-54	0.00473	0.02339	2.64	93505	2187	462358	2881743	30.82
2000-2004	55-59	0.00695	0.03417	2.66	91318	3121	449285	2419385	26.49
2000-2004	60-64	0.01084	0.05284	2.64	88197	4660	430011	1970100	22.34
2000-2004	65-69	0.01639	0.07889	2.64	83537	6590	402140	1540089	18.44
2000-2004	70-74	0.02580	0.12161	2.64	76947	9357	362648	1137949	14.79
2000-2004	75-79	0.04155	0.18901	2.62	67590	12775	307486	775301	11.47
2000-2004	80-84	0.07088	0.30237	2.57	54815	16574	233853	467815	8.53
2000-2004	85-89	0.12096	0.46313	2.47	38240	17710	146411	233962	6.12
2000-2004	90-94	0.20210	0.65327	2.29	20530	13412	66363	87551	4.26
2000-2004	95-99	0.31566	0.81415	2.03	7118	5796	18360	21188	2.98
2000-2004	100-104	0.45791	0.91633	1.73	1323	1212	2647	2828	2.14
2000-2004	105-109	0.60937	0.96426	1.46	111	107	175	181	1.63
2000-2004	110+	0.72724	1.00000	1.38	4	4	5	5	1.38
2005-2009	0	0.00630	0.00626	0.07	100000	626	99415	7846170	78.46
2005-2009	1-4	0.00032	0.00126	1.57	99374	125	397191	7746755	77.96
2005-2009	5-9	0.00015	0.00073	2.46	99249	72	496059	7349564	74.05
2005-2009	10-14	0.00018	0.00092	2.86	99176	91	495687	6853505	69.10
2005-2009	15-19	0.00069	0.00343	2.95	99085	339	494732	6357818	64.16
2005-2009	20-24	0.00105	0.00524	2.51	98746	517	492443	5863086	59.38
2005-2009	25-29	0.00106	0.00531	2.55	98229	521	489869	5370642	54.67
2005-2009	30-34	0.00120	0.00599	2.56	97707	585	487110	4880774	49.95
2005-2009	35-39	0.00158	0.00788	2.65	97122	765	483811	4393664	45.24
2005-2009	40-44	0.00230	0.01144	2.66	96357	1102	479210	3909854	40.58
2005-2009	45-49	0.00338	0.01678	2.64	95255	1598	472503	3430644	36.02
2005-2009	50-54	0.00486	0.02400	2.62	93657	2248	462935	2958140	31.58
2005-2009	55-59	0.00660	0.03247	2.62	91409	2968	449969	2495205	27.30
2005-2009	60-64	0.00976	0.04769	2.65	88440	4218	432277	2045236	23.13
2005-2009	65-69	0.01457	0.07043	2.63	84223	5931	407053	1612959	19.15
2005-2009	70-74	0.02292	0.10875	2.64	78291	8514	371392	1205906	15.40
2005-2009	75-79	0.03735	0.17148	2.62	69777	11965	320403	834514	11.96
2005-2009	80-84	0.06449	0.27918	2.6	57812	16140	250284	514111	8.89
2005-2009	85-89	0.11365	0.44229	2.49	41672	18431	162172	263828	6.33
2005-2009	90-94	0.19453	0.63831	2.31	23241	14835	76261	101655	4.37
2005-2009	95-99	0.30985	0.80857	2.04	8406	6797	21936	25394	3.02
2005-2009	100-104	0.45513	0.91535	1.73	1609	1473	3236	3458	2.15
2005-2009	105-109	0.61011	0.96456	1.46	136	131	215	222	1.63
2005-2009	110+	0.73032	1.00000	1.37	5	5	7	7	1.37
2010-2014	0	0.00546	0.00543	0.06	100000	543	99492	7926004	79.26
2010-2014	1-4	0.00029	0.00114	1.55	99457	113	397551	7826512	78.69
2010-2014	5-9	0.00012	0.00058	2.34	99344	58	496566	7428961	74.78
2010-2014	10-14	0.00016	0.00078	2.9	99286	78	496267	6932396	69.82
2010-2014	15-19	0.00053	0.00263	2.93	99208	261	495501	6436129	64.87
2010-2014	20-24	0.00093	0.00462	2.58	98947	457	493629	5940628	60.04
2010-2014	25-29	0.00107	0.00534	2.55	98490	526	491162	5446998	55.30
2010-2014	30-34	0.00122	0.00608	2.56	97964	596	488369	4955836	50.59
2010-2014	35-39	0.00150	0.00746	2.6	97368	726	485100	4467468	45.88
2010-2014	40-44	0.00212	0.01054	2.63	96642	1019	480801	3982368	41.21
2010-2014	45-49	0.00320	0.01590	2.68	95624	1521	474592	3501567	36.62
2010-2014	50-54	0.00471	0.02329	2.64	94103	2192	465342	3026975	32.17
2010-2014	55-59	0.00676	0.03329	2.63	91911	3060	452294	2561632	27.87
2010-2014	60-64	0.00942	0.04608	2.62	88851	4094	434501	2109338	23.74
2010-2014	65-69	0.01353	0.06556	2.64	84757	5557	410681	1674837	19.76
2010-2014	70-74	0.02097	0.09990	2.64	79200	7912	377343	1264156	15.96
2010-2014	75-79	0.03419	0.15813	2.63	71288	11273	329742	886813	12.44
2010-2014	80-84	0.05844	0.25653	2.62	60015	15396	263441	557070	9.28
2010-2014	85-89	0.10554	0.41850	2.53	44620	18673	176923	293629	6.58
2010-2014	90-94	0.18700	0.62408	2.34	25946	16193	86589	116706	4.50
2010-2014	95-99	0.30144	0.80007	2.07	9754	7804	25888	30117	3.09
2010-2014	100-104	0.45048	0.91358	1.75	1950	1782	3955	4229	2.17
2010-2014	105-109	0.61047	0.96485	1.46	169	163	266	274	1.63
2010-2014	110+	0.73427	1.00000	1.36	6	6	8	8	1.36
2015-2019	0	0.00528	0.00525	0.06	100000	525	99508	7933670	79.34
2015-2019	1-4	0.00026	0.00102	1.56	99475	102	397652	7834162	78.76
2015-2019	5-9	0.00012	0.00059	2.43	99373	59	496716	7436511	74.83
2015-2019	10-14	0.00017	0.00085	2.95	99315	84	496401	6939795	69.88
2015-2019	15-19	0.00058	0.00290	2.91	99231	288	495552	6443394	64.93
2015-2019	20-24	0.00098	0.00490	2.56	98942	485	493527	5947843	60.11
2015-2019	25-29	0.00120	0.00597	2.59	98457	587	490872	5454316	55.40
2015-2019	30-34	0.00146	0.00725	2.57	97870	710	487625	4963444	50.71
2015-2019	35-39	0.00173	0.00863	2.58	97160	838	483770	4475820	46.07
2015-2019	40-44	0.00219	0.01091	2.6	96322	1051	479093	3992049	41.44
2015-2019	45-49	0.00315	0.01563	2.66	95271	1490	472871	3512956	36.87
2015-2019	50-54	0.00472	0.02333	2.66	93782	2188	463795	3040085	32.42
2015-2019	55-59	0.00686	0.03377	2.62	91594	3093	450615	2576290	28.13
2015-2019	60-64	0.00973	0.04756	2.62	88501	4209	432478	2125676	24.02
2015-2019	65-69	0.01338	0.06480	2.61	84291	5462	408377	1693197	20.09
2015-2019	70-74	0.02030	0.09686	2.65	78829	7635	376186	1284820	16.30
2015-2019	75-79	0.03308	0.15339	2.63	71194	10920	330080	908634	12.76
2015-2019	80-84	0.05547	0.24488	2.61	60274	14760	266105	578554	9.60
2015-2019	85-89	0.09829	0.39612	2.55	45514	18029	183423	312448	6.86
2015-2019	90-94	0.17694	0.60361	2.37	27485	16590	93761	129025	4.69
2015-2019	95-99	0.28483	0.78059	2.11	10895	8504	29858	35264	3.24
2015-2019	100-104	0.43035	0.90316	1.79	2390	2159	5017	5406	2.26
2015-2019	105-109	0.59042	0.96068	1.49	231	222	377	389	1.68
2015-2019	110+	0.71674	1.00000	1.4	9	9	13	13	1.40
