Div8: Mountain, Lifetables (period 5x1), Both sexes Last modified: 20 Dec 2020, MPv5 (May07) 

Year	Age	mx	qx	ax	lx	dx	Lx	Tx	ex
1959	0	0.02851	0.02782	0.13	100000	2782	97573	7014351	70.14
1959	1-4	0.00137	0.00545	1.57	97218	529	387588	6916778	71.15
1959	5-9	0.00055	0.00272	2.13	96689	263	482687	6529190	67.53
1959	10-14	0.00057	0.00285	2.7	96425	274	481496	6046503	62.71
1959	15-19	0.00125	0.00624	2.73	96151	600	479390	5565007	57.88
1959	20-24	0.00166	0.00828	2.43	95551	791	475721	5085617	53.22
1959	25-29	0.00159	0.00792	2.44	94760	751	471879	4609896	48.65
1959	30-34	0.00182	0.00908	2.5	94009	853	467914	4138017	44.02
1959	35-39	0.00223	0.01108	2.65	93156	1033	463359	3670103	39.40
1959	40-44	0.00357	0.01771	2.58	92124	1632	456668	3206744	34.81
1959	45-49	0.00549	0.02713	2.72	90492	2455	446852	2750076	30.39
1959	50-54	0.00864	0.04234	2.67	88037	3728	431502	2303225	26.16
1959	55-59	0.01266	0.06151	2.68	84309	5186	409537	1871723	22.20
1959	60-64	0.01853	0.08875	2.62	79123	7022	378926	1462186	18.48
1959	65-69	0.02851	0.13350	2.63	72101	9626	337679	1083259	15.02
1959	70-74	0.04271	0.19365	2.6	62475	12099	283285	745581	11.93
1959	75-79	0.06737	0.28956	2.58	50376	14587	216533	462296	9.18
1959	80-84	0.10647	0.42110	2.52	35790	15071	141551	245763	6.87
1959	85-89	0.16849	0.58306	2.36	20719	12080	71695	104211	5.03
1959	90-94	0.24006	0.71508	2.17	8638	6177	25731	32517	3.76
1959	95-99	0.34724	0.84092	1.93	2461	2070	5961	6785	2.76
1959	100-104	0.46626	0.91773	1.7	392	359	771	825	2.11
1959	105-109	0.59022	0.95877	1.48	32	31	52	54	1.68
1959	110+	0.68816	1.00000	1.45	1	1	2	2	1.45
1960	0	0.02847	0.02778	0.13	100000	2778	97576	7009061	70.09
1960	1-4	0.00134	0.00533	1.61	97222	518	387649	6911485	71.09
1960	5-9	0.00051	0.00256	2.28	96704	247	482846	6523836	67.46
1960	10-14	0.00051	0.00254	2.73	96457	245	481726	6040990	62.63
1960	15-19	0.00125	0.00622	2.81	96212	599	479745	5559264	57.78
1960	20-24	0.00160	0.00797	2.4	95613	762	476083	5079519	53.13
1960	25-29	0.00155	0.00772	2.5	94850	732	472418	4603436	48.53
1960	30-34	0.00176	0.00875	2.61	94118	824	468623	4131017	43.89
1960	35-39	0.00234	0.01163	2.61	93294	1085	463877	3662394	39.26
1960	40-44	0.00380	0.01883	2.75	92209	1737	457138	3198518	34.69
1960	45-49	0.00570	0.02811	2.68	90472	2543	446449	2741380	30.30
1960	50-54	0.00847	0.04152	2.65	87929	3651	431073	2294931	26.10
1960	55-59	0.01276	0.06191	2.62	84278	5217	408967	1863858	22.12
1960	60-64	0.01916	0.09169	2.66	79061	7249	378353	1454891	18.40
1960	65-69	0.02832	0.13257	2.59	71812	9520	336140	1076538	14.99
1960	70-74	0.04423	0.20003	2.61	62292	12460	281702	740398	11.89
1960	75-79	0.06692	0.28741	2.55	49831	14322	214004	458697	9.21
1960	80-84	0.10455	0.41329	2.47	35509	14676	140372	244693	6.89
1960	85-89	0.16847	0.58052	2.32	20834	12094	71789	104321	5.01
1960	90-94	0.24383	0.71828	2.14	8739	6277	25745	32531	3.72
1960	95-99	0.34728	0.84099	1.93	2462	2071	5962	6787	2.76
1960	100-104	0.46659	0.91790	1.7	391	359	770	824	2.11
1960	105-109	0.59070	0.95888	1.48	32	31	52	54	1.68
1960	110+	0.68863	1.00000	1.45	1	1	2	2	1.45
1961	0	0.02734	0.02670	0.12	100000	2670	97662	7048025	70.48
1961	1-4	0.00120	0.00477	1.49	97330	464	388156	6950363	71.41
1961	5-9	0.00050	0.00251	2.24	96866	243	483662	6562207	67.74
1961	10-14	0.00052	0.00261	2.75	96624	253	482549	6078545	62.91
1961	15-19	0.00117	0.00582	2.79	96371	560	480619	5595996	58.07
1961	20-24	0.00159	0.00792	2.44	95811	759	477111	5115377	53.39
1961	25-29	0.00155	0.00774	2.51	95052	735	473430	4638266	48.80
1961	30-34	0.00180	0.00894	2.6	94316	843	469554	4164836	44.16
1961	35-39	0.00249	0.01236	2.66	93473	1155	464660	3695281	39.53
1961	40-44	0.00348	0.01727	2.66	92318	1594	457865	3230621	34.99
1961	45-49	0.00564	0.02781	2.67	90724	2523	447746	2772756	30.56
1961	50-54	0.00845	0.04144	2.64	88201	3655	432382	2325009	26.36
1961	55-59	0.01252	0.06081	2.62	84545	5141	410471	1892627	22.39
1961	60-64	0.01887	0.09030	2.61	79404	7170	379905	1482156	18.67
1961	65-69	0.02743	0.12869	2.6	72234	9296	338831	1102251	15.26
1961	70-74	0.04223	0.19152	2.57	62939	12054	285447	763420	12.13
1961	75-79	0.06560	0.28319	2.59	50885	14410	219652	477973	9.39
1961	80-84	0.10387	0.41120	2.47	36475	14999	144403	258321	7.08
1961	85-89	0.15617	0.55430	2.38	21476	11904	76226	113918	5.30
1961	90-94	0.23001	0.69903	2.19	9572	6691	29091	37692	3.94
1961	95-99	0.31802	0.81216	1.99	2881	2340	7357	8601	2.99
1961	100-104	0.42514	0.89575	1.77	541	485	1140	1244	2.30
1961	105-109	0.54043	0.94501	1.56	56	53	99	104	1.84
1961	110+	0.63415	1.00000	1.58	3	3	5	5	1.58
1962	0	0.02665	0.02604	0.12	100000	2604	97715	7041821	70.42
1962	1-4	0.00126	0.00503	1.59	97396	490	388404	6944106	71.30
1962	5-9	0.00051	0.00254	2.22	96906	246	483844	6555702	67.65
1962	10-14	0.00047	0.00237	2.64	96660	229	482758	6071858	62.82
1962	15-19	0.00123	0.00613	2.84	96430	591	480872	5589100	57.96
1962	20-24	0.00155	0.00771	2.45	95839	739	477314	5108229	53.30
1962	25-29	0.00160	0.00796	2.49	95101	757	473606	4630915	48.69
1962	30-34	0.00178	0.00885	2.61	94344	835	469723	4157309	44.07
1962	35-39	0.00246	0.01223	2.65	93509	1144	464863	3687586	39.44
1962	40-44	0.00350	0.01734	2.62	92365	1602	458013	3222723	34.89
1962	45-49	0.00552	0.02727	2.74	90763	2475	448215	2764710	30.46
1962	50-54	0.00881	0.04315	2.68	88288	3809	432618	2316495	26.24
1962	55-59	0.01226	0.05958	2.63	84479	5034	410482	1883877	22.30
1962	60-64	0.01880	0.09003	2.66	79445	7152	380489	1473396	18.55
1962	65-69	0.02788	0.13065	2.6	72293	9445	338764	1092906	15.12
1962	70-74	0.04250	0.19285	2.6	62848	12120	285173	754142	12.00
1962	75-79	0.06729	0.28951	2.59	50728	14686	218260	468969	9.24
1962	80-84	0.10392	0.41203	2.49	36042	14850	142904	250709	6.96
1962	85-89	0.16441	0.57161	2.34	21192	12113	73676	107805	5.09
1962	90-94	0.24177	0.71637	2.16	9078	6503	26899	34129	3.76
1962	95-99	0.34029	0.83450	1.95	2575	2149	6314	7230	2.81
1962	100-104	0.45662	0.91300	1.71	426	389	852	916	2.15
1962	105-109	0.57853	0.95587	1.5	37	35	61	64	1.72
1962	110+	0.67562	1.00000	1.48	2	2	2	2	1.48
1963	0	0.02623	0.02564	0.12	100000	2564	97747	7027855	70.28
1963	1-4	0.00122	0.00487	1.51	97436	475	388565	6930108	71.12
1963	5-9	0.00048	0.00237	2.33	96962	230	484195	6541542	67.47
1963	10-14	0.00047	0.00232	2.75	96732	225	483153	6057348	62.62
1963	15-19	0.00118	0.00589	2.76	96507	568	481262	5574195	57.76
1963	20-24	0.00167	0.00830	2.44	95939	796	477654	5092932	53.09
1963	25-29	0.00148	0.00740	2.51	95143	704	473963	4615279	48.51
1963	30-34	0.00180	0.00895	2.77	94439	845	470308	4141315	43.85
1963	35-39	0.00254	0.01263	2.61	93594	1182	465148	3671007	39.22
1963	40-44	0.00365	0.01810	2.68	92412	1673	458177	3205859	34.69
1963	45-49	0.00560	0.02764	2.68	90739	2508	447886	2747682	30.28
1963	50-54	0.00862	0.04224	2.64	88231	3727	432352	2299797	26.07
1963	55-59	0.01329	0.06441	2.6	84504	5443	409463	1867445	22.10
1963	60-64	0.01885	0.09019	2.62	79062	7130	378308	1457982	18.44
1963	65-69	0.02867	0.13417	2.61	71931	9651	336592	1079674	15.01
1963	70-74	0.04377	0.19805	2.6	62280	12334	281777	743082	11.93
1963	75-79	0.06483	0.27945	2.53	49946	13957	215274	461305	9.24
1963	80-84	0.10494	0.41419	2.46	35989	14906	142039	246032	6.84
1963	85-89	0.17076	0.58597	2.32	21082	12354	72345	103992	4.93
1963	90-94	0.25328	0.73423	2.14	8729	6409	25304	31647	3.63
1963	95-99	0.35037	0.84380	1.93	2320	1957	5587	6343	2.73
1963	100-104	0.47117	0.92009	1.69	362	333	708	756	2.09
1963	105-109	0.59670	0.96033	1.47	29	28	47	48	1.67
1963	110+	0.69566	1.00000	1.44	1	1	2	2	1.44
1964	0	0.02576	0.02519	0.12	100000	2519	97783	7038966	70.39
1964	1-4	0.00125	0.00500	1.63	97481	487	388772	6941183	71.21
1964	5-9	0.00050	0.00248	2.23	96994	241	484303	6552411	67.55
1964	10-14	0.00049	0.00242	2.64	96753	234	483211	6068108	62.72
1964	15-19	0.00112	0.00559	2.76	96519	539	481384	5584897	57.86
1964	20-24	0.00158	0.00789	2.41	95979	757	477937	5103514	53.17
1964	25-29	0.00158	0.00785	2.51	95222	748	474247	4625577	48.58
1964	30-34	0.00184	0.00915	2.57	94475	865	470270	4151330	43.94
1964	35-39	0.00252	0.01251	2.69	93610	1171	465342	3681059	39.32
1964	40-44	0.00374	0.01855	2.7	92439	1714	458248	3215718	34.79
1964	45-49	0.00565	0.02788	2.66	90725	2529	447700	2757470	30.39
1964	50-54	0.00872	0.04270	2.61	88195	3766	431993	2309770	26.19
1964	55-59	0.01258	0.06107	2.62	84429	5156	409850	1877776	22.24
1964	60-64	0.01874	0.08971	2.63	79273	7112	379476	1467926	18.52
1964	65-69	0.02915	0.13615	2.58	72161	9825	337003	1088450	15.08
1964	70-74	0.04390	0.19846	2.58	62336	12371	281777	751447	12.05
1964	75-79	0.06486	0.27889	2.49	49965	13935	214852	469670	9.40
1964	80-84	0.09947	0.39834	2.5	36031	14353	144291	254819	7.07
1964	85-89	0.16241	0.56677	2.34	21678	12286	75651	110527	5.10
1964	90-94	0.24449	0.72041	2.15	9392	6766	27673	34876	3.71
1964	95-99	0.34872	0.84291	1.94	2626	2213	6347	7203	2.74
1964	100-104	0.47380	0.92162	1.69	412	380	802	856	2.07
1964	105-109	0.60354	0.96203	1.46	32	31	52	53	1.65
1964	110+	0.70529	1.00000	1.42	1	1	2	2	1.42
1965	0	0.02367	0.02319	0.11	100000	2319	97946	7080453	70.80
1965	1-4	0.00117	0.00466	1.6	97681	455	389634	6982507	71.48
1965	5-9	0.00047	0.00233	2.24	97226	227	485505	6592873	67.81
1965	10-14	0.00047	0.00235	2.74	96999	228	484482	6107368	62.96
1965	15-19	0.00106	0.00531	2.77	96771	514	482712	5622887	58.10
1965	20-24	0.00157	0.00780	2.42	96257	750	479352	5140175	53.40
1965	25-29	0.00159	0.00794	2.53	95507	758	475665	4660822	48.80
1965	30-34	0.00190	0.00943	2.52	94749	894	471528	4185157	44.17
1965	35-39	0.00250	0.01242	2.66	93855	1166	466544	3713629	39.57
1965	40-44	0.00346	0.01714	2.66	92690	1589	459738	3247085	35.03
1965	45-49	0.00531	0.02623	2.66	91101	2389	449910	2787347	30.60
1965	50-54	0.00862	0.04225	2.66	88712	3748	434797	2337437	26.35
1965	55-59	0.01278	0.06202	2.65	84964	5269	412439	1902640	22.39
1965	60-64	0.01855	0.08883	2.62	79695	7079	381630	1490201	18.70
1965	65-69	0.02826	0.13249	2.65	72616	9621	340435	1108571	15.27
1965	70-74	0.04183	0.18991	2.58	62995	11964	285976	768136	12.19
1965	75-79	0.06413	0.27695	2.54	51031	14133	220399	482160	9.45
1965	80-84	0.10000	0.39960	2.49	36898	14744	147448	261761	7.09
1965	85-89	0.15976	0.56093	2.35	22153	12426	77781	114314	5.16
1965	90-94	0.24127	0.71919	2.19	9727	6996	28994	36532	3.76
1965	95-99	0.34634	0.84081	1.94	2731	2297	6631	7538	2.76
1965	100-104	0.47106	0.92042	1.69	435	400	850	907	2.09
1965	105-109	0.60090	0.96146	1.46	35	33	55	57	1.65
1965	110+	0.70286	1.00000	1.42	1	1	2	2	1.42
1966	0	0.02379	0.02330	0.11	100000	2330	97937	7081478	70.81
1966	1-4	0.00118	0.00471	1.53	97670	460	389543	6983542	71.50
1966	5-9	0.00045	0.00227	2.19	97210	221	485428	6593999	67.83
1966	10-14	0.00042	0.00209	2.84	96989	203	484506	6108571	62.98
1966	15-19	0.00126	0.00629	2.8	96786	609	482590	5624065	58.11
1966	20-24	0.00151	0.00754	2.58	96177	725	479129	5141475	53.46
1966	25-29	0.00151	0.00751	2.45	95452	717	475430	4662346	48.85
1966	30-34	0.00178	0.00884	2.53	94735	837	471603	4186916	44.20
1966	35-39	0.00228	0.01131	2.65	93897	1062	466992	3715313	39.57
1966	40-44	0.00355	0.01762	2.65	92835	1636	460337	3248321	34.99
1966	45-49	0.00550	0.02715	2.68	91200	2476	450249	2787984	30.57
1966	50-54	0.00831	0.04076	2.65	88723	3616	435135	2337735	26.35
1966	55-59	0.01249	0.06068	2.64	85107	5164	413365	1902600	22.36
1966	60-64	0.01854	0.08877	2.6	79943	7097	382706	1489234	18.63
1966	65-69	0.02804	0.13141	2.61	72846	9573	341397	1106529	15.19
1966	70-74	0.04318	0.19554	2.59	63273	12372	286518	765131	12.09
1966	75-79	0.06548	0.28204	2.54	50901	14356	219258	478613	9.40
1966	80-84	0.09967	0.39833	2.48	36545	14557	146047	259355	7.10
1966	85-89	0.15992	0.56088	2.34	21988	12332	77118	113308	5.15
1966	90-94	0.24208	0.71408	2.13	9655	6895	28481	36190	3.75
1966	95-99	0.34195	0.83664	1.95	2761	2310	6755	7709	2.79
1966	100-104	0.46396	0.91698	1.7	451	414	891	954	2.12
1966	105-109	0.59130	0.95918	1.48	37	36	61	63	1.68
1966	110+	0.69150	1.00000	1.45	2	2	2	2	1.45
1967	0	0.02207	0.02164	0.11	100000	2164	98073	7131182	71.31
1967	1-4	0.00109	0.00435	1.57	97836	425	390309	7033109	71.89
1967	5-9	0.00044	0.00219	2.39	97410	213	486494	6642800	68.19
1967	10-14	0.00045	0.00227	2.87	97197	221	485515	6156306	63.34
1967	15-19	0.00113	0.00563	2.75	96976	546	483656	5670791	58.48
1967	20-24	0.00155	0.00772	2.5	96431	745	480288	5187135	53.79
1967	25-29	0.00148	0.00738	2.55	95686	706	476698	4706847	49.19
1967	30-34	0.00162	0.00806	2.63	94979	766	473081	4230149	44.54
1967	35-39	0.00228	0.01134	2.66	94214	1069	468564	3757068	39.88
1967	40-44	0.00360	0.01786	2.64	93145	1663	461803	3288504	35.31
1967	45-49	0.00533	0.02634	2.67	91481	2410	451796	2826700	30.90
1967	50-54	0.00832	0.04079	2.64	89072	3634	436790	2374904	26.66
1967	55-59	0.01237	0.06011	2.64	85438	5135	415095	1938115	22.68
1967	60-64	0.01786	0.08559	2.58	80303	6873	384849	1523019	18.97
1967	65-69	0.02682	0.12598	2.59	73430	9251	344868	1138170	15.50
1967	70-74	0.04101	0.18642	2.56	64179	11964	291746	793302	12.36
1967	75-79	0.06409	0.27694	2.55	52215	14460	225614	501556	9.61
1967	80-84	0.09469	0.38328	2.52	37754	14470	152820	275942	7.31
1967	85-89	0.15377	0.54781	2.38	23284	12755	82952	123122	5.29
1967	90-94	0.23561	0.70691	2.17	10529	7443	31591	40170	3.82
1967	95-99	0.34326	0.83835	1.95	3086	2587	7537	8580	2.78
1967	100-104	0.46982	0.92004	1.69	499	459	977	1043	2.09
1967	105-109	0.60165	0.96172	1.46	40	38	64	66	1.65
1967	110+	0.70504	1.00000	1.42	2	2	2	2	1.42
1968	0	0.02177	0.02135	0.11	100000	2135	98098	7097693	70.98
1968	1-4	0.00105	0.00420	1.53	97865	411	390442	6999595	71.52
1968	5-9	0.00043	0.00214	2.26	97454	208	486697	6609154	67.82
1968	10-14	0.00047	0.00235	2.73	97245	228	485709	6122456	62.96
1968	15-19	0.00125	0.00624	2.8	97017	606	483754	5636747	58.10
1968	20-24	0.00155	0.00773	2.47	96412	745	480176	5152994	53.45
1968	25-29	0.00159	0.00790	2.41	95667	756	476373	4672818	48.84
1968	30-34	0.00172	0.00855	2.58	94911	812	472590	4196445	44.21
1968	35-39	0.00237	0.01181	2.63	94099	1111	467866	3723855	39.57
1968	40-44	0.00367	0.01817	2.64	92988	1690	460948	3255989	35.02
1968	45-49	0.00536	0.02645	2.69	91298	2415	450913	2795041	30.61
1968	50-54	0.00842	0.04126	2.63	88883	3668	435739	2344127	26.37
1968	55-59	0.01240	0.06020	2.61	85216	5130	413808	1908388	22.39
1968	60-64	0.01918	0.09170	2.62	80085	7344	382929	1494580	18.66
1968	65-69	0.02758	0.12928	2.58	72742	9404	340969	1111652	15.28
1968	70-74	0.04300	0.19459	2.56	63338	12325	286662	770683	12.17
1968	75-79	0.06558	0.28211	2.53	51013	14391	219446	484021	9.49
1968	80-84	0.09645	0.38972	2.54	36622	14272	147982	264575	7.22
1968	85-89	0.15577	0.55450	2.4	22349	12393	79557	116593	5.22
1968	90-94	0.24374	0.72087	2.17	9957	7177	29448	37036	3.72
1968	95-99	0.35024	0.84467	1.94	2779	2348	6703	7588	2.73
1968	100-104	0.47918	0.92425	1.68	432	399	833	886	2.05
1968	105-109	0.61227	0.96400	1.45	33	32	51	53	1.62
1968	110+	0.71583	1.00000	1.4	1	1	2	2	1.40
1969	0	0.02145	0.02105	0.11	100000	2105	98123	7130056	71.30
1969	1-4	0.00098	0.00392	1.64	97895	384	390673	7031934	71.83
1969	5-9	0.00046	0.00231	2.37	97511	226	486961	6641261	68.11
1969	10-14	0.00044	0.00220	2.9	97286	214	485977	6154299	63.26
1969	15-19	0.00135	0.00671	2.81	97071	651	483930	5668323	58.39
1969	20-24	0.00174	0.00866	2.51	96420	835	480018	5184393	53.77
1969	25-29	0.00160	0.00796	2.5	95585	761	476023	4704375	49.22
1969	30-34	0.00182	0.00908	2.55	94824	861	472007	4228351	44.59
1969	35-39	0.00252	0.01255	2.62	93963	1179	467006	3756344	39.98
1969	40-44	0.00352	0.01744	2.74	92784	1618	460264	3289338	35.45
1969	45-49	0.00521	0.02577	2.7	91165	2349	450432	2829073	31.03
1969	50-54	0.00823	0.04038	2.71	88817	3586	435885	2378641	26.78
1969	55-59	0.01196	0.05817	2.68	85230	4958	414650	1942757	22.79
1969	60-64	0.01819	0.08719	2.62	80272	6999	384677	1528106	19.04
1969	65-69	0.02670	0.12545	2.59	73273	9192	344238	1143430	15.61
1969	70-74	0.03991	0.18220	2.61	64081	11675	292520	799192	12.47
1969	75-79	0.06127	0.26613	2.53	52406	13947	227627	506671	9.67
1969	80-84	0.09596	0.38700	2.5	38459	14884	155101	279045	7.26
1969	85-89	0.15548	0.55233	2.38	23575	13021	83752	123944	5.26
1969	90-94	0.23711	0.71042	2.18	10554	7498	31622	40191	3.81
1969	95-99	0.34001	0.83532	1.96	3056	2553	7508	8570	2.80
1969	100-104	0.46552	0.91806	1.7	503	462	993	1061	2.11
1969	105-109	0.59707	0.96071	1.47	41	40	66	69	1.67
1969	110+	0.70065	1.00000	1.43	2	2	2	2	1.43
1970	0	0.02006	0.01971	0.1	100000	1971	98234	7139212	71.39
1970	1-4	0.00105	0.00418	1.62	98029	410	391141	7040978	71.83
1970	5-9	0.00046	0.00229	2.32	97619	224	487494	6649837	68.12
1970	10-14	0.00046	0.00231	2.68	97395	225	486453	6162343	63.27
1970	15-19	0.00135	0.00675	2.78	97170	656	484393	5675889	58.41
1970	20-24	0.00165	0.00823	2.47	96514	794	480557	5191497	53.79
1970	25-29	0.00166	0.00824	2.46	95719	789	476596	4710939	49.22
1970	30-34	0.00176	0.00875	2.57	94931	831	472633	4234343	44.60
1970	35-39	0.00259	0.01288	2.57	94100	1212	467559	3761710	39.98
1970	40-44	0.00364	0.01803	2.71	92888	1675	460601	3294151	35.46
1970	45-49	0.00545	0.02693	2.65	91213	2456	450307	2833550	31.07
1970	50-54	0.00787	0.03863	2.7	88757	3429	435896	2383243	26.85
1970	55-59	0.01222	0.05938	2.63	85328	5066	414633	1947348	22.82
1970	60-64	0.01835	0.08795	2.64	80262	7059	384642	1532715	19.10
1970	65-69	0.02692	0.12639	2.59	73202	9252	343760	1148073	15.68
1970	70-74	0.04032	0.18381	2.6	63950	11755	291505	804313	12.58
1970	75-79	0.06297	0.27247	2.53	52196	14222	225861	512808	9.82
1970	80-84	0.09155	0.37307	2.52	37974	14167	154742	286947	7.56
1970	85-89	0.14215	0.51791	2.38	23807	12330	86736	132205	5.55
1970	90-94	0.22710	0.69425	2.2	11477	7968	35086	45469	3.96
1970	95-99	0.32001	0.81571	2	3509	2862	8945	10383	2.96
1970	100-104	0.43972	0.90505	1.75	647	585	1331	1438	2.22
1970	105-109	0.56804	0.95360	1.52	61	59	103	107	1.75
1970	110+	0.67115	1.00000	1.49	3	3	4	4	1.49
1971	0	0.01875	0.01844	0.1	100000	1844	98341	7156643	71.57
1971	1-4	0.00100	0.00399	1.61	98156	392	391689	7058302	71.91
1971	5-9	0.00047	0.00234	2.21	97765	229	488185	6666613	68.19
1971	10-14	0.00047	0.00232	2.79	97536	227	487178	6178428	63.35
1971	15-19	0.00135	0.00674	2.74	97309	656	485063	5691249	58.49
1971	20-24	0.00161	0.00803	2.51	96653	776	481335	5206186	53.86
1971	25-29	0.00149	0.00744	2.51	95877	714	477607	4724851	49.28
1971	30-34	0.00187	0.00932	2.6	95163	887	473691	4247244	44.63
1971	35-39	0.00245	0.01218	2.62	94277	1148	468649	3773553	40.03
1971	40-44	0.00353	0.01752	2.73	93128	1632	461932	3304903	35.49
1971	45-49	0.00530	0.02616	2.65	91497	2394	451859	2842972	31.07
1971	50-54	0.00811	0.03978	2.66	89103	3545	437219	2391113	26.84
1971	55-59	0.01241	0.06028	2.62	85558	5157	415513	1953894	22.84
1971	60-64	0.01824	0.08743	2.64	80401	7029	385443	1538381	19.13
1971	65-69	0.02591	0.12192	2.58	73372	8946	345213	1152939	15.71
1971	70-74	0.04021	0.18315	2.57	64426	11799	293415	807725	12.54
1971	75-79	0.06259	0.27155	2.56	52626	14291	228324	514310	9.77
1971	80-84	0.09178	0.37330	2.5	38336	14311	155924	285986	7.46
1971	85-89	0.14834	0.53337	2.37	24025	12814	86385	130062	5.41
1971	90-94	0.23103	0.70462	2.23	11211	7899	34191	43677	3.90
1971	95-99	0.33182	0.82771	1.97	3311	2741	8260	9486	2.86
1971	100-104	0.45637	0.91376	1.72	571	521	1142	1225	2.15
1971	105-109	0.58796	0.95866	1.49	49	47	80	83	1.69
1971	110+	0.69235	1.00000	1.44	2	2	3	3	1.44
1972	0	0.01715	0.01689	0.1	100000	1689	98474	7197058	71.97
1972	1-4	0.00089	0.00353	1.6	98311	347	392414	7098585	72.21
1972	5-9	0.00049	0.00243	2.2	97964	238	489155	6706171	68.46
1972	10-14	0.00046	0.00228	2.7	97726	223	488120	6217016	63.62
1972	15-19	0.00133	0.00664	2.82	97503	648	486105	5728896	58.76
1972	20-24	0.00165	0.00824	2.46	96856	798	482253	5242792	54.13
1972	25-29	0.00158	0.00785	2.59	96058	754	478474	4760538	49.56
1972	30-34	0.00182	0.00904	2.59	95304	862	474445	4282064	44.93
1972	35-39	0.00230	0.01144	2.49	94442	1080	469496	3807619	40.32
1972	40-44	0.00372	0.01845	2.59	93362	1723	462666	3338123	35.75
1972	45-49	0.00525	0.02594	2.61	91640	2377	452512	2875457	31.38
1972	50-54	0.00772	0.03790	2.64	89263	3383	438322	2422945	27.14
1972	55-59	0.01192	0.05798	2.62	85879	4979	417536	1984623	23.11
1972	60-64	0.01823	0.08736	2.61	80900	7067	387617	1567087	19.37
1972	65-69	0.02545	0.12011	2.66	73833	8868	348373	1179471	15.97
1972	70-74	0.03864	0.17663	2.58	64965	11475	297007	831098	12.79
1972	75-79	0.05949	0.25971	2.56	53490	13892	233510	534091	9.98
1972	80-84	0.09036	0.36877	2.51	39598	14603	161602	300581	7.59
1972	85-89	0.14530	0.52746	2.4	24996	13184	90740	138978	5.56
1972	90-94	0.21786	0.67721	2.21	11811	7999	36715	48238	4.08
1972	95-99	0.31243	0.80764	2.01	3813	3079	9855	11523	3.02
1972	100-104	0.42938	0.89927	1.77	733	660	1536	1668	2.27
1972	105-109	0.55610	0.95031	1.54	74	70	126	132	1.78
1972	110+	0.65872	1.00000	1.52	4	4	6	6	1.52
1973	0	0.01683	0.01657	0.09	100000	1657	98500	7206416	72.06
1973	1-4	0.00090	0.00358	1.6	98343	352	392525	7107916	72.28
1973	5-9	0.00042	0.00212	2.34	97991	208	489400	6715391	68.53
1973	10-14	0.00046	0.00229	2.79	97783	224	488421	6225991	63.67
1973	15-19	0.00132	0.00659	2.86	97559	643	486422	5737570	58.81
1973	20-24	0.00173	0.00861	2.46	96916	834	482465	5251147	54.18
1973	25-29	0.00163	0.00811	2.56	96082	779	478511	4768683	49.63
1973	30-34	0.00177	0.00880	2.49	95303	839	474409	4290171	45.02
1973	35-39	0.00243	0.01208	2.59	94464	1141	469570	3815763	40.39
1973	40-44	0.00334	0.01656	2.62	93323	1545	462935	3346193	35.86
1973	45-49	0.00504	0.02491	2.59	91778	2286	453392	2883258	31.42
1973	50-54	0.00770	0.03781	2.61	89492	3383	439385	2429866	27.15
1973	55-59	0.01170	0.05692	2.63	86109	4902	418906	1990481	23.12
1973	60-64	0.01741	0.08353	2.59	81207	6783	389702	1571576	19.35
1973	65-69	0.02560	0.12054	2.59	74424	8971	350479	1181874	15.88
1973	70-74	0.03900	0.17805	2.56	65453	11654	298845	831395	12.70
1973	75-79	0.06014	0.26208	2.55	53799	14099	234436	532549	9.90
1973	80-84	0.09153	0.37234	2.5	39700	14782	161495	298113	7.51
1973	85-89	0.14234	0.52032	2.42	24918	12965	91085	136618	5.48
1973	90-94	0.23724	0.70725	2.15	11953	8454	35633	45533	3.81
1973	95-99	0.33612	0.83233	1.97	3499	2912	8665	9900	2.83
1973	100-104	0.46607	0.91875	1.7	587	539	1157	1235	2.11
1973	105-109	0.60237	0.96208	1.46	48	46	76	79	1.65
1973	110+	0.70897	1.00000	1.41	2	2	3	3	1.41
1974	0	0.01606	0.01583	0.09	100000	1583	98564	7273526	72.74
1974	1-4	0.00089	0.00354	1.65	98417	348	392853	7174962	72.90
1974	5-9	0.00043	0.00215	2.25	98069	210	489768	6782109	69.16
1974	10-14	0.00044	0.00219	2.87	97859	215	488836	6292341	64.30
1974	15-19	0.00135	0.00672	2.83	97644	656	486795	5803505	59.44
1974	20-24	0.00166	0.00824	2.45	96988	800	482905	5316710	54.82
1974	25-29	0.00141	0.00700	2.36	96188	674	479162	4833805	50.25
1974	30-34	0.00160	0.00797	2.51	95515	761	475680	4354642	45.59
1974	35-39	0.00234	0.01164	2.61	94754	1103	471133	3878963	40.94
1974	40-44	0.00320	0.01590	2.69	93651	1489	464820	3407830	36.39
1974	45-49	0.00501	0.02475	2.71	92162	2281	455583	2943010	31.93
1974	50-54	0.00738	0.03626	2.64	89881	3259	441706	2487427	27.67
1974	55-59	0.01118	0.05448	2.68	86622	4720	422161	2045721	23.62
1974	60-64	0.01656	0.07968	2.62	81902	6526	393965	1623560	19.82
1974	65-69	0.02450	0.11579	2.63	75376	8728	356188	1229595	16.31
1974	70-74	0.03702	0.16994	2.59	66649	11326	305950	873407	13.10
1974	75-79	0.05618	0.24722	2.58	55323	13677	243464	567457	10.26
1974	80-84	0.08739	0.35967	2.54	41646	14979	171403	323993	7.78
1974	85-89	0.13703	0.50426	2.38	26667	13447	98132	152590	5.72
1974	90-94	0.21552	0.67652	2.25	13220	8943	41497	54458	4.12
1974	95-99	0.31105	0.80663	2.02	4276	3449	11089	12961	3.03
1974	100-104	0.43138	0.90075	1.77	827	745	1727	1872	2.26
1974	105-109	0.56184	0.95210	1.53	82	78	139	145	1.77
1974	110+	0.66718	1.00000	1.5	4	4	6	6	1.50
1975	0	0.01514	0.01494	0.09	100000	1494	98641	7332866	73.33
1975	1-4	0.00083	0.00333	1.65	98506	328	393255	7234225	73.44
1975	5-9	0.00039	0.00193	2.26	98178	189	490374	6840970	69.68
1975	10-14	0.00041	0.00205	2.79	97989	201	489503	6350596	64.81
1975	15-19	0.00120	0.00598	2.87	97789	585	487697	5861093	59.94
1975	20-24	0.00156	0.00779	2.57	97204	757	484177	5373397	55.28
1975	25-29	0.00143	0.00713	2.47	96446	688	480491	4889220	50.69
1975	30-34	0.00162	0.00806	2.55	95759	772	476904	4408729	46.04
1975	35-39	0.00220	0.01095	2.59	94987	1040	472429	3931825	41.39
1975	40-44	0.00301	0.01494	2.64	93947	1404	466428	3459397	36.82
1975	45-49	0.00470	0.02326	2.65	92544	2153	457660	2992969	32.34
1975	50-54	0.00702	0.03454	2.67	90391	3122	444680	2535309	28.05
1975	55-59	0.01058	0.05161	2.64	87269	4504	425707	2090628	23.96
1975	60-64	0.01637	0.07881	2.64	82764	6523	398458	1664922	20.12
1975	65-69	0.02430	0.11476	2.59	76242	8750	360117	1266464	16.61
1975	70-74	0.03539	0.16319	2.62	67492	11014	311208	906347	13.43
1975	75-79	0.05409	0.23924	2.59	56478	13511	249775	595139	10.54
1975	80-84	0.08269	0.34365	2.54	42966	14765	178557	345364	8.04
1975	85-89	0.13177	0.49199	2.43	28201	13874	105295	166807	5.91
1975	90-94	0.20286	0.65023	2.24	14326	9315	45919	61513	4.29
1975	95-99	0.30163	0.79638	2.04	5011	3991	13230	15594	3.11
1975	100-104	0.42062	0.89463	1.79	1020	913	2170	2364	2.32
1975	105-109	0.55093	0.94910	1.55	108	102	185	194	1.80
1975	110+	0.65698	1.00000	1.52	5	5	8	8	1.52
1976	0	0.01462	0.01443	0.09	100000	1443	98685	7360045	73.60
1976	1-4	0.00082	0.00325	1.56	98557	321	393446	7261360	73.68
1976	5-9	0.00037	0.00184	2.44	98236	180	490719	6867914	69.91
1976	10-14	0.00039	0.00193	2.65	98056	189	489835	6377195	65.04
1976	15-19	0.00120	0.00600	2.87	97867	587	488084	5887360	60.16
1976	20-24	0.00149	0.00740	2.52	97280	720	484611	5399277	55.50
1976	25-29	0.00145	0.00721	2.52	96560	697	481072	4914666	50.90
1976	30-34	0.00159	0.00794	2.6	95863	762	477488	4433594	46.25
1976	35-39	0.00208	0.01033	2.66	95102	982	473214	3956106	41.60
1976	40-44	0.00294	0.01460	2.69	94120	1374	467430	3482892	37.00
1976	45-49	0.00440	0.02179	2.66	92746	2021	458990	3015461	32.51
1976	50-54	0.00690	0.03393	2.63	90725	3079	446319	2556471	28.18
1976	55-59	0.01035	0.05051	2.63	87646	4427	427740	2110153	24.08
1976	60-64	0.01611	0.07758	2.62	83219	6456	400708	1682412	20.22
1976	65-69	0.02340	0.11081	2.62	76763	8506	363569	1281705	16.70
1976	70-74	0.03443	0.15887	2.57	68256	10844	314924	918135	13.45
1976	75-79	0.05455	0.24102	2.59	57413	13837	253650	603211	10.51
1976	80-84	0.08202	0.34163	2.56	43575	14887	181493	349561	8.02
1976	85-89	0.13167	0.49276	2.45	28689	14136	107366	168068	5.86
1976	90-94	0.21002	0.66371	2.23	14552	9658	45989	60701	4.17
1976	95-99	0.31334	0.80985	2.02	4894	3963	12648	14713	3.01
1976	100-104	0.44047	0.90629	1.75	931	843	1915	2065	2.22
1976	105-109	0.57765	0.95652	1.5	87	83	144	150	1.72
1976	110+	0.68734	1.00000	1.45	4	4	6	6	1.45
1977	0	0.01310	0.01294	0.08	100000	1294	98816	7410421	74.10
1977	1-4	0.00076	0.00302	1.57	98706	298	394099	7311606	74.07
1977	5-9	0.00035	0.00176	2.38	98407	173	491585	6917507	70.29
1977	10-14	0.00043	0.00215	2.7	98235	211	490688	6425922	65.41
1977	15-19	0.00128	0.00640	2.78	98023	628	488724	5935234	60.55
1977	20-24	0.00149	0.00742	2.5	97396	723	485174	5446510	55.92
1977	25-29	0.00147	0.00731	2.47	96673	707	481575	4961336	51.32
1977	30-34	0.00151	0.00751	2.57	95966	721	478078	4479762	46.68
1977	35-39	0.00198	0.00985	2.66	95245	938	474029	4001684	42.01
1977	40-44	0.00292	0.01450	2.6	94307	1368	468255	3527655	37.41
1977	45-49	0.00432	0.02139	2.72	92939	1988	460169	3059400	32.92
1977	50-54	0.00679	0.03341	2.64	90951	3038	447582	2599231	28.58
1977	55-59	0.01014	0.04950	2.65	87913	4351	429323	2151649	24.47
1977	60-64	0.01533	0.07397	2.65	83561	6181	403293	1722327	20.61
1977	65-69	0.02277	0.10801	2.63	77380	8358	367104	1319034	17.05
1977	70-74	0.03377	0.15633	2.62	69023	10790	319470	951929	13.79
1977	75-79	0.05080	0.22615	2.58	58233	13169	259257	632459	10.86
1977	80-84	0.07992	0.33403	2.54	45063	15053	188352	373202	8.28
1977	85-89	0.12367	0.47094	2.47	30011	14133	114281	184850	6.16
1977	90-94	0.19392	0.63323	2.26	15878	10054	51846	70569	4.44
1977	95-99	0.29022	0.78330	2.06	5823	4561	15717	18722	3.22
1977	100-104	0.40812	0.88715	1.81	1262	1120	2743	3005	2.38
1977	105-109	0.53917	0.94572	1.57	142	135	250	262	1.84
1977	110+	0.64662	1.00000	1.55	8	8	12	12	1.55
1978	0	0.01267	0.01253	0.08	100000	1253	98852	7420745	74.21
1978	1-4	0.00077	0.00308	1.57	98747	304	394249	7321893	74.15
1978	5-9	0.00035	0.00177	2.28	98443	174	491741	6927644	70.37
1978	10-14	0.00039	0.00196	2.85	98269	193	490927	6435903	65.49
1978	15-19	0.00125	0.00621	2.85	98076	609	489066	5944976	60.62
1978	20-24	0.00163	0.00811	2.49	97466	791	485349	5455909	55.98
1978	25-29	0.00142	0.00707	2.53	96676	683	481688	4970560	51.41
1978	30-34	0.00151	0.00751	2.63	95992	721	478255	4488872	46.76
1978	35-39	0.00202	0.01003	2.58	95272	956	474050	4010617	42.10
1978	40-44	0.00281	0.01397	2.67	94316	1317	468506	3536567	37.50
1978	45-49	0.00434	0.02147	2.66	92999	1997	460312	3068061	32.99
1978	50-54	0.00646	0.03183	2.62	91002	2897	448113	2607749	28.66
1978	55-59	0.01008	0.04925	2.63	88105	4339	430257	2159636	24.51
1978	60-64	0.01531	0.07387	2.62	83766	6188	404084	1729379	20.65
1978	65-69	0.02206	0.10483	2.63	77578	8132	368625	1325295	17.08
1978	70-74	0.03367	0.15571	2.59	69446	10813	321160	956670	13.78
1978	75-79	0.05145	0.22884	2.59	58632	13418	260783	635511	10.84
1978	80-84	0.07778	0.32582	2.51	45215	14732	189410	374727	8.29
1978	85-89	0.12591	0.47529	2.42	30483	14488	115065	185317	6.08
1978	90-94	0.19777	0.64229	2.27	15995	10273	51946	70252	4.39
1978	95-99	0.29178	0.78526	2.06	5721	4493	15398	18306	3.20
1978	100-104	0.41079	0.88890	1.81	1229	1092	2659	2908	2.37
1978	105-109	0.54273	0.94684	1.56	136	129	238	249	1.83
1978	110+	0.65067	1.00000	1.54	7	7	11	11	1.54
1979	0	0.01237	0.01223	0.08	100000	1223	98878	7462595	74.63
1979	1-4	0.00078	0.00310	1.56	98777	306	394361	7363716	74.55
1979	5-9	0.00033	0.00166	2.23	98471	164	491901	6969355	70.78
1979	10-14	0.00036	0.00179	2.79	98307	176	491147	6477454	65.89
1979	15-19	0.00120	0.00600	2.89	98132	589	489417	5986307	61.00
1979	20-24	0.00156	0.00777	2.47	97542	758	485794	5496890	56.35
1979	25-29	0.00153	0.00764	2.5	96784	739	482072	5011095	51.78
1979	30-34	0.00145	0.00725	2.52	96045	696	478495	4529023	47.16
1979	35-39	0.00194	0.00965	2.56	95349	920	474499	4050528	42.48
1979	40-44	0.00259	0.01289	2.59	94429	1218	469215	3576028	37.87
1979	45-49	0.00406	0.02010	2.66	93211	1873	461675	3106813	33.33
1979	50-54	0.00620	0.03058	2.67	91338	2793	450180	2645138	28.96
1979	55-59	0.00956	0.04675	2.67	88545	4139	433098	2194958	24.79
1979	60-64	0.01457	0.07045	2.66	84405	5946	408106	1761860	20.87
1979	65-69	0.02169	0.10315	2.63	78459	8093	373088	1353754	17.25
1979	70-74	0.03262	0.15123	2.59	70366	10641	326168	980666	13.94
1979	75-79	0.04993	0.22231	2.54	59725	13277	265907	654498	10.96
1979	80-84	0.07743	0.32531	2.54	46448	15110	195141	388591	8.37
1979	85-89	0.12386	0.47036	2.44	31338	14740	119005	193450	6.17
1979	90-94	0.19133	0.62979	2.29	16598	10453	54633	74445	4.49
1979	95-99	0.28908	0.78212	2.07	6145	4806	16625	19812	3.22
1979	100-104	0.40817	0.88734	1.82	1339	1188	2910	3187	2.38
1979	105-109	0.54075	0.94630	1.57	151	143	264	276	1.83
1979	110+	0.64949	1.00000	1.54	8	8	12	12	1.54
1980	0	0.01133	0.01122	0.08	100000	1122	98968	7456177	74.56
1980	1-4	0.00072	0.00289	1.61	98878	286	394832	7357209	74.41
1980	5-9	0.00032	0.00162	2.39	98593	160	492545	6962378	70.62
1980	10-14	0.00033	0.00167	2.84	98433	164	491807	6469833	65.73
1980	15-19	0.00113	0.00564	2.84	98268	555	490141	5978025	60.83
1980	20-24	0.00150	0.00746	2.52	97714	728	486758	5487884	56.16
1980	25-29	0.00147	0.00731	2.48	96985	709	483135	5001126	51.57
1980	30-34	0.00146	0.00725	2.57	96276	698	479685	4517991	46.93
1980	35-39	0.00188	0.00934	2.6	95578	893	475742	4038306	42.25
1980	40-44	0.00255	0.01265	2.7	94685	1198	470669	3562564	37.63
1980	45-49	0.00413	0.02045	2.65	93487	1912	462935	3091895	33.07
1980	50-54	0.00645	0.03178	2.68	91576	2910	451122	2628960	28.71
1980	55-59	0.00982	0.04802	2.66	88666	4258	433368	2177838	24.56
1980	60-64	0.01462	0.07063	2.61	84408	5962	407786	1744470	20.67
1980	65-69	0.02244	0.10648	2.61	78446	8353	372286	1336684	17.04
1980	70-74	0.03361	0.15542	2.59	70093	10894	324175	964398	13.76
1980	75-79	0.05064	0.22531	2.56	59199	13338	263401	640223	10.81
1980	80-84	0.07980	0.33291	2.51	45861	15267	191317	376822	8.22
1980	85-89	0.12483	0.47253	2.43	30593	14456	115805	185506	6.06
1980	90-94	0.20305	0.65484	2.29	16137	10567	52042	69700	4.32
1980	95-99	0.29492	0.78895	2.05	5570	4394	14900	17658	3.17
1980	100-104	0.41472	0.89135	1.8	1175	1048	2526	2758	2.35
1980	105-109	0.54732	0.94823	1.55	128	121	221	231	1.81
1980	110+	0.65579	1.00000	1.52	7	7	10	10	1.52
1981	0	0.01051	0.01041	0.08	100000	1041	99040	7499727	75.00
1981	1-4	0.00063	0.00253	1.56	98959	251	395225	7400687	74.79
1981	5-9	0.00029	0.00144	2.39	98708	142	493171	7005462	70.97
1981	10-14	0.00035	0.00177	2.8	98566	174	492447	6512291	66.07
1981	15-19	0.00109	0.00544	2.86	98392	536	490815	6019844	61.18
1981	20-24	0.00145	0.00724	2.49	97856	709	487504	5529029	56.50
1981	25-29	0.00136	0.00679	2.53	97147	660	484109	5041526	51.90
1981	30-34	0.00146	0.00729	2.57	96487	704	480726	4557417	47.23
1981	35-39	0.00171	0.00850	2.6	95784	814	476968	4076691	42.56
1981	40-44	0.00265	0.01315	2.6	94970	1249	471847	3599723	37.90
1981	45-49	0.00422	0.02089	2.65	93721	1958	463995	3127875	33.37
1981	50-54	0.00607	0.02991	2.64	91762	2744	452325	2663880	29.03
1981	55-59	0.00958	0.04684	2.65	89018	4169	435278	2211555	24.84
1981	60-64	0.01416	0.06849	2.64	84849	5811	410506	1776277	20.93
1981	65-69	0.02150	0.10225	2.62	79037	8081	375927	1365770	17.28
1981	70-74	0.03289	0.15238	2.59	70956	10812	328744	989843	13.95
1981	75-79	0.04935	0.22022	2.56	60144	13245	268414	661099	10.99
1981	80-84	0.07801	0.32736	2.54	46898	15353	196796	392685	8.37
1981	85-89	0.12210	0.46502	2.44	31546	14669	120142	195890	6.21
1981	90-94	0.19279	0.63397	2.3	16876	10699	55498	75748	4.49
1981	95-99	0.28367	0.77532	2.08	6177	4789	16883	20250	3.28
1981	100-104	0.39992	0.88185	1.83	1388	1224	3060	3367	2.43
1981	105-109	0.53031	0.94295	1.58	164	155	292	306	1.87
1981	110+	0.63796	1.00000	1.57	9	9	15	15	1.57
1982	0	0.01010	0.01001	0.08	100000	1001	99076	7527461	75.27
1982	1-4	0.00067	0.00266	1.55	98999	263	395351	7428385	75.04
1982	5-9	0.00028	0.00140	2.44	98736	138	493324	7033034	71.23
1982	10-14	0.00033	0.00167	2.85	98597	164	492633	6539710	66.33
1982	15-19	0.00100	0.00501	2.83	98433	493	491094	6047077	61.43
1982	20-24	0.00138	0.00686	2.47	97940	672	488000	5555984	56.73
1982	25-29	0.00125	0.00621	2.46	97268	604	484806	5067984	52.10
1982	30-34	0.00134	0.00667	2.56	96664	645	481750	4583178	47.41
1982	35-39	0.00171	0.00852	2.67	96019	818	478189	4101428	42.71
1982	40-44	0.00239	0.01189	2.58	95201	1132	473266	3623239	38.06
1982	45-49	0.00389	0.01926	2.68	94069	1812	466149	3149973	33.49
1982	50-54	0.00584	0.02880	2.7	92257	2657	455171	2683824	29.09
1982	55-59	0.00934	0.04567	2.63	89600	4092	438287	2228653	24.87
1982	60-64	0.01398	0.06767	2.63	85508	5786	413806	1790366	20.94
1982	65-69	0.02161	0.10277	2.62	79722	8193	379138	1376560	17.27
1982	70-74	0.03249	0.15083	2.63	71529	10789	332085	997423	13.94
1982	75-79	0.05034	0.22433	2.58	60740	13626	270689	665338	10.95
1982	80-84	0.07708	0.32399	2.54	47114	15265	198047	394648	8.38
1982	85-89	0.12308	0.46760	2.43	31849	14893	121004	196601	6.17
1982	90-94	0.19286	0.63028	2.25	16957	10687	55416	75596	4.46
1982	95-99	0.28971	0.78282	2.06	6269	4908	16940	20180	3.22
1982	100-104	0.40840	0.88741	1.81	1362	1208	2958	3240	2.38
1982	105-109	0.54029	0.94612	1.57	153	145	268	281	1.83
1982	110+	0.64855	1.00000	1.54	8	8	13	13	1.54
1983	0	0.00970	0.00961	0.08	100000	961	99111	7563556	75.64
1983	1-4	0.00061	0.00243	1.62	99039	241	395583	7464445	75.37
1983	5-9	0.00030	0.00150	2.4	98798	148	493604	7068862	71.55
1983	10-14	0.00032	0.00160	2.77	98650	158	492897	6575259	66.65
1983	15-19	0.00094	0.00469	2.94	98492	461	491508	6082362	61.76
1983	20-24	0.00120	0.00597	2.52	98030	585	488699	5590854	57.03
1983	25-29	0.00125	0.00625	2.55	97445	609	485736	5102154	52.36
1983	30-34	0.00131	0.00651	2.56	96836	630	482642	4616418	47.67
1983	35-39	0.00158	0.00787	2.59	96206	757	479202	4133777	42.97
1983	40-44	0.00239	0.01188	2.57	95449	1134	474488	3654574	38.29
1983	45-49	0.00360	0.01786	2.65	94315	1685	467616	3180086	33.72
1983	50-54	0.00581	0.02865	2.66	92630	2654	456936	2712470	29.28
1983	55-59	0.00906	0.04438	2.69	89976	3993	440649	2255533	25.07
1983	60-64	0.01354	0.06563	2.65	85983	5643	416647	1814884	21.11
1983	65-69	0.02107	0.10042	2.68	80340	8067	382968	1398237	17.40
1983	70-74	0.03207	0.14889	2.6	72272	10761	335539	1015269	14.05
1983	75-79	0.04952	0.22084	2.55	61512	13584	274320	679730	11.05
1983	80-84	0.07592	0.32003	2.55	47927	15338	202037	405410	8.46
1983	85-89	0.12116	0.46282	2.45	32589	15083	124489	203372	6.24
1983	90-94	0.19049	0.63114	2.33	17506	11049	58002	78883	4.51
1983	95-99	0.28801	0.78094	2.07	6457	5043	17509	20880	3.23
1983	100-104	0.40761	0.88705	1.82	1415	1255	3078	3371	2.38
1983	105-109	0.54080	0.94636	1.57	160	151	280	293	1.83
1983	110+	0.65017	1.00000	1.54	9	9	13	13	1.54
1984	0	0.00974	0.00965	0.08	100000	965	99108	7558925	75.59
1984	1-4	0.00059	0.00236	1.5	99035	234	395556	7459818	75.33
1984	5-9	0.00026	0.00132	2.4	98801	131	493668	7064261	71.50
1984	10-14	0.00031	0.00155	2.62	98671	153	492989	6570594	66.59
1984	15-19	0.00099	0.00491	2.78	98518	484	491513	6077604	61.69
1984	20-24	0.00132	0.00656	2.5	98033	643	488561	5586091	56.98
1984	25-29	0.00118	0.00587	2.45	97390	571	485491	5097530	52.34
1984	30-34	0.00129	0.00642	2.63	96819	622	482622	4612038	47.64
1984	35-39	0.00159	0.00794	2.61	96197	764	479155	4129417	42.93
1984	40-44	0.00225	0.01118	2.63	95433	1067	474638	3650262	38.25
1984	45-49	0.00356	0.01767	2.6	94365	1668	467827	3175624	33.65
1984	50-54	0.00545	0.02692	2.68	92698	2495	457703	2707796	29.21
1984	55-59	0.00912	0.04468	2.7	90202	4031	441733	2250094	24.94
1984	60-64	0.01376	0.06666	2.65	86172	5744	417366	1808361	20.99
1984	65-69	0.02096	0.09987	2.65	80428	8032	383303	1390995	17.29
1984	70-74	0.03275	0.15189	2.62	72395	10996	335788	1007692	13.92
1984	75-79	0.05004	0.22309	2.57	61399	13698	273719	671904	10.94
1984	80-84	0.07704	0.32347	2.52	47702	15430	200295	398185	8.35
1984	85-89	0.12412	0.47065	2.43	32272	15189	122370	197890	6.13
1984	90-94	0.19421	0.63648	2.29	17083	10873	55987	75520	4.42
1984	95-99	0.29719	0.79211	2.05	6210	4919	16552	19533	3.15
1984	100-104	0.42162	0.89590	1.79	1291	1157	2743	2982	2.31
1984	105-109	0.55884	0.95173	1.54	134	128	229	239	1.78
1984	110+	0.67035	1.00000	1.49	6	6	10	10	1.49
1985	0	0.00999	0.00990	0.08	100000	990	99086	7579925	75.80
1985	1-4	0.00056	0.00223	1.55	99010	221	395501	7480839	75.56
1985	5-9	0.00029	0.00142	2.36	98789	141	493575	7085339	71.72
1985	10-14	0.00031	0.00153	2.79	98648	151	492908	6591764	66.82
1985	15-19	0.00096	0.00481	2.84	98497	474	491464	6098856	61.92
1985	20-24	0.00128	0.00639	2.56	98024	626	488592	5607392	57.20
1985	25-29	0.00119	0.00595	2.56	97397	580	485570	5118800	52.56
1985	30-34	0.00125	0.00625	2.5	96818	605	482576	4633230	47.86
1985	35-39	0.00161	0.00801	2.63	96212	770	479234	4150654	43.14
1985	40-44	0.00213	0.01062	2.65	95442	1014	474824	3671421	38.47
1985	45-49	0.00345	0.01710	2.66	94428	1615	468365	3196597	33.85
1985	50-54	0.00544	0.02688	2.69	92813	2495	458294	2728231	29.39
1985	55-59	0.00857	0.04199	2.65	90319	3792	442696	2269937	25.13
1985	60-64	0.01368	0.06624	2.62	86526	5731	419016	1827242	21.12
1985	65-69	0.02043	0.09740	2.61	80795	7870	385196	1408226	17.43
1985	70-74	0.03197	0.14856	2.62	72925	10834	338867	1023030	14.03
1985	75-79	0.04891	0.21873	2.59	62092	13581	277664	684162	11.02
1985	80-84	0.07752	0.32607	2.56	48510	15818	204033	406498	8.38
1985	85-89	0.12303	0.46886	2.46	32693	15328	124585	202466	6.19
1985	90-94	0.19132	0.62884	2.28	17364	10920	57074	77880	4.49
1985	95-99	0.28857	0.78159	2.07	6445	5037	17456	20807	3.23
1985	100-104	0.40815	0.88739	1.82	1408	1249	3060	3351	2.38
1985	105-109	0.54139	0.94654	1.56	159	150	277	290	1.83
1985	110+	0.65086	1.00000	1.54	8	8	13	13	1.54
1986	0	0.00933	0.00925	0.07	100000	925	99144	7582860	75.83
1986	1-4	0.00058	0.00231	1.68	99075	229	395770	7483716	75.54
1986	5-9	0.00024	0.00121	2.22	98846	119	493901	7087946	71.71
1986	10-14	0.00029	0.00145	2.99	98727	143	493348	6594045	66.79
1986	15-19	0.00109	0.00544	2.83	98584	536	491755	6100697	61.88
1986	20-24	0.00139	0.00691	2.47	98048	677	488525	5608942	57.21
1986	25-29	0.00125	0.00623	2.53	97371	606	485360	5120418	52.59
1986	30-34	0.00137	0.00683	2.65	96765	661	482268	4635058	47.90
1986	35-39	0.00173	0.00859	2.49	96104	826	478450	4152789	43.21
1986	40-44	0.00231	0.01147	2.66	95278	1093	473837	3674340	38.56
1986	45-49	0.00339	0.01682	2.67	94186	1584	467243	3200503	33.98
1986	50-54	0.00545	0.02692	2.67	92602	2493	457201	2733260	29.52
1986	55-59	0.00855	0.04192	2.68	90109	3778	441779	2276059	25.26
1986	60-64	0.01343	0.06508	2.65	86331	5618	418434	1834280	21.25
1986	65-69	0.02049	0.09768	2.61	80713	7884	384700	1415846	17.54
1986	70-74	0.03182	0.14778	2.59	72829	10763	338230	1031146	14.16
1986	75-79	0.04880	0.21819	2.57	62066	13542	277479	692917	11.16
1986	80-84	0.07362	0.31165	2.54	48524	15122	205416	415438	8.56
1986	85-89	0.11783	0.45288	2.45	33402	15127	128384	210021	6.29
1986	90-94	0.19291	0.63566	2.32	18275	11617	60217	81638	4.47
1986	95-99	0.28911	0.78297	2.07	6658	5213	18032	21420	3.22
1986	100-104	0.41459	0.89201	1.81	1445	1289	3109	3388	2.34
1986	105-109	0.55440	0.95069	1.54	156	148	268	279	1.79
1986	110+	0.66856	1.00000	1.5	8	8	12	12	1.50
1987	0	0.00943	0.00935	0.07	100000	935	99135	7595086	75.95
1987	1-4	0.00054	0.00216	1.54	99065	214	395735	7495951	75.67
1987	5-9	0.00025	0.00127	2.35	98851	125	493925	7100216	71.83
1987	10-14	0.00032	0.00161	2.82	98726	159	493284	6606292	66.92
1987	15-19	0.00092	0.00459	2.81	98567	452	491848	6113007	62.02
1987	20-24	0.00123	0.00614	2.5	98115	602	489069	5621160	57.29
1987	25-29	0.00123	0.00611	2.5	97513	596	486071	5132090	52.63
1987	30-34	0.00139	0.00693	2.63	96916	672	482988	4646020	47.94
1987	35-39	0.00171	0.00849	2.56	96245	817	479226	4163032	43.25
1987	40-44	0.00223	0.01110	2.63	95428	1059	474624	3683806	38.60
1987	45-49	0.00336	0.01669	2.65	94368	1575	468145	3209182	34.01
1987	50-54	0.00551	0.02720	2.68	92794	2524	458120	2741036	29.54
1987	55-59	0.00846	0.04150	2.66	90269	3746	442586	2282917	25.29
1987	60-64	0.01354	0.06558	2.6	86523	5674	419024	1840331	21.27
1987	65-69	0.02038	0.09723	2.64	80849	7861	385704	1421306	17.58
1987	70-74	0.03151	0.14651	2.61	72988	10694	339415	1035603	14.19
1987	75-79	0.04825	0.21600	2.58	62294	13456	278850	696187	11.18
1987	80-84	0.07375	0.31177	2.52	48839	15227	206461	417337	8.55
1987	85-89	0.12057	0.46168	2.46	33612	15518	128703	210876	6.27
1987	90-94	0.18758	0.62272	2.3	18094	11268	60068	82174	4.54
1987	95-99	0.28708	0.78028	2.08	6826	5326	18554	22106	3.24
1987	100-104	0.41020	0.88910	1.81	1500	1334	3251	3552	2.37
1987	105-109	0.54770	0.94867	1.56	166	158	288	301	1.81
1987	110+	0.66041	1.00000	1.51	9	9	13	13	1.51
1988	0	0.00938	0.00930	0.07	100000	930	99140	7605527	76.06
1988	1-4	0.00056	0.00222	1.55	99070	220	395744	7506387	75.77
1988	5-9	0.00021	0.00107	2.45	98851	106	493984	7110644	71.93
1988	10-14	0.00033	0.00165	2.84	98745	163	493372	6616660	67.01
1988	15-19	0.00095	0.00474	2.75	98581	467	491858	6123289	62.11
1988	20-24	0.00119	0.00594	2.52	98114	583	489127	5631431	57.40
1988	25-29	0.00119	0.00591	2.53	97531	577	486234	5142303	52.72
1988	30-34	0.00139	0.00690	2.59	96954	669	483156	4656070	48.02
1988	35-39	0.00169	0.00840	2.56	96285	808	479450	4172914	43.34
1988	40-44	0.00211	0.01050	2.62	95477	1003	474997	3693463	38.68
1988	45-49	0.00333	0.01652	2.64	94474	1561	468684	3218467	34.07
1988	50-54	0.00529	0.02612	2.66	92913	2427	458878	2749783	29.60
1988	55-59	0.00855	0.04191	2.68	90487	3792	443623	2290905	25.32
1988	60-64	0.01329	0.06441	2.64	86695	5584	420275	1847282	21.31
1988	65-69	0.02007	0.09577	2.6	81111	7768	386935	1427008	17.59
1988	70-74	0.03140	0.14608	2.61	73343	10714	341158	1040073	14.18
1988	75-79	0.04752	0.21318	2.59	62629	13351	280970	698915	11.16
1988	80-84	0.07513	0.31714	2.54	49278	15628	208022	417945	8.48
1988	85-89	0.12033	0.46101	2.46	33650	15513	128923	209923	6.24
1988	90-94	0.19061	0.62814	2.29	18137	11393	59769	81000	4.47
1988	95-99	0.29658	0.79181	2.06	6744	5340	18006	21231	3.15
1988	100-104	0.42402	0.89760	1.79	1404	1260	2972	3225	2.30
1988	105-109	0.56445	0.95341	1.53	144	137	243	253	1.76
1988	110+	0.67819	1.00000	1.47	7	7	10	10	1.47
1989	0	0.00910	0.00902	0.07	100000	902	99164	7635345	76.35
1989	1-4	0.00056	0.00222	1.5	99098	220	395840	7536181	76.05
1989	5-9	0.00025	0.00124	2.34	98877	122	494062	7140342	72.21
1989	10-14	0.00029	0.00143	2.82	98755	141	493466	6646280	67.30
1989	15-19	0.00094	0.00467	2.83	98614	461	492070	6152814	62.39
1989	20-24	0.00116	0.00578	2.55	98153	568	489376	5660744	57.67
1989	25-29	0.00120	0.00596	2.54	97585	582	486494	5171368	52.99
1989	30-34	0.00135	0.00674	2.56	97004	654	483421	4684874	48.30
1989	35-39	0.00166	0.00824	2.61	96350	794	479851	4201453	43.61
1989	40-44	0.00224	0.01115	2.62	95555	1065	475236	3721602	38.95
1989	45-49	0.00325	0.01613	2.68	94490	1524	468916	3246367	34.36
1989	50-54	0.00509	0.02515	2.73	92965	2338	459527	2777450	29.88
1989	55-59	0.00851	0.04175	2.69	90627	3784	444387	2317923	25.58
1989	60-64	0.01284	0.06234	2.66	86843	5414	421521	1873536	21.57
1989	65-69	0.01972	0.09421	2.63	81430	7671	388996	1452015	17.83
1989	70-74	0.03035	0.14154	2.62	73758	10440	343973	1063019	14.41
1989	75-79	0.04667	0.20969	2.58	63319	13277	284521	719046	11.36
1989	80-84	0.07230	0.30713	2.55	50041	15369	212580	434525	8.68
1989	85-89	0.11676	0.45007	2.45	34672	15605	133645	221945	6.40
1989	90-94	0.18280	0.61141	2.29	19067	11658	63774	88300	4.63
1989	95-99	0.27979	0.77118	2.09	7409	5714	20422	24527	3.31
1989	100-104	0.40045	0.88276	1.83	1695	1497	3737	4105	2.42
1989	105-109	0.53622	0.94517	1.57	199	188	350	367	1.85
1989	110+	0.64828	1.00000	1.54	11	11	17	17	1.54
1990	0	0.00883	0.00876	0.07	100000	876	99188	7656987	76.57
1990	1-4	0.00044	0.00177	1.62	99124	175	396078	7557799	76.25
1990	5-9	0.00021	0.00107	2.38	98949	106	494466	7161721	72.38
1990	10-14	0.00028	0.00141	2.99	98843	140	493935	6667255	67.45
1990	15-19	0.00097	0.00483	2.8	98703	477	492470	6173320	62.54
1990	20-24	0.00117	0.00581	2.44	98227	571	489674	5680850	57.83
1990	25-29	0.00115	0.00575	2.51	97656	562	486880	5191176	53.16
1990	30-34	0.00140	0.00699	2.57	97094	679	483822	4704296	48.45
1990	35-39	0.00173	0.00861	2.58	96415	830	480069	4220474	43.77
1990	40-44	0.00217	0.01078	2.6	95585	1031	475453	3740404	39.13
1990	45-49	0.00327	0.01623	2.65	94554	1534	469162	3264951	34.53
1990	50-54	0.00509	0.02517	2.69	93020	2341	459692	2795789	30.06
1990	55-59	0.00812	0.03984	2.67	90679	3613	444969	2336097	25.76
1990	60-64	0.01268	0.06155	2.66	87066	5359	422795	1891128	21.72
1990	65-69	0.01925	0.09207	2.63	81707	7523	390706	1468333	17.97
1990	70-74	0.02986	0.13947	2.64	74184	10347	346493	1077628	14.53
1990	75-79	0.04541	0.20460	2.58	63837	13061	287643	731135	11.45
1990	80-84	0.07181	0.30519	2.54	50776	15496	215796	443491	8.73
1990	85-89	0.11488	0.44462	2.46	35280	15686	136541	227695	6.45
1990	90-94	0.18222	0.61051	2.3	19594	11962	65646	91154	4.65
1990	95-99	0.27661	0.76710	2.1	7632	5854	21164	25508	3.34
1990	100-104	0.39624	0.87994	1.84	1777	1564	3947	4345	2.44
1990	105-109	0.53143	0.94366	1.58	213	201	379	398	1.86
1990	110+	0.64335	1.00000	1.55	12	12	19	19	1.55
1991	0	0.00823	0.00817	0.07	100000	817	99241	7655423	76.55
1991	1-4	0.00048	0.00192	1.6	99183	191	396276	7556181	76.18
1991	5-9	0.00022	0.00109	2.32	98992	108	494673	7159906	72.33
1991	10-14	0.00029	0.00143	2.86	98885	141	494121	6665233	67.40
1991	15-19	0.00091	0.00452	2.77	98744	446	492724	6171112	62.50
1991	20-24	0.00115	0.00573	2.5	98297	563	490078	5678388	57.77
1991	25-29	0.00119	0.00595	2.55	97734	581	487250	5188310	53.09
1991	30-34	0.00140	0.00695	2.58	97153	675	484134	4701060	48.39
1991	35-39	0.00183	0.00912	2.57	96478	880	480252	4216926	43.71
1991	40-44	0.00230	0.01142	2.58	95598	1092	475340	3736674	39.09
1991	45-49	0.00334	0.01656	2.71	94506	1565	468938	3261334	34.51
1991	50-54	0.00507	0.02505	2.63	92941	2328	459193	2792397	30.04
1991	55-59	0.00811	0.03978	2.66	90612	3605	444629	2333203	25.75
1991	60-64	0.01293	0.06275	2.63	87008	5460	422095	1888575	21.71
1991	65-69	0.01899	0.09086	2.63	81548	7410	390162	1466479	17.98
1991	70-74	0.02996	0.13980	2.62	74138	10364	345989	1076317	14.52
1991	75-79	0.04523	0.20358	2.55	63774	12983	287066	730329	11.45
1991	80-84	0.07112	0.30245	2.53	50791	15362	215991	443262	8.73
1991	85-89	0.11398	0.44265	2.48	35429	15683	137589	227272	6.41
1991	90-94	0.18852	0.62552	2.31	19747	12352	65521	89682	4.54
1991	95-99	0.28372	0.77656	2.09	7395	5742	20240	24161	3.27
1991	100-104	0.40915	0.88877	1.82	1652	1468	3589	3920	2.37
1991	105-109	0.54966	0.94942	1.55	184	174	317	331	1.80
1991	110+	0.66475	1.00000	1.5	9	9	14	14	1.50
1992	0	0.00806	0.00800	0.07	100000	800	99257	7681974	76.82
1992	1-4	0.00049	0.00196	1.51	99200	194	396318	7582717	76.44
1992	5-9	0.00023	0.00113	2.31	99006	112	494732	7186399	72.59
1992	10-14	0.00030	0.00150	2.87	98895	148	494158	6691666	67.66
1992	15-19	0.00089	0.00446	2.69	98746	440	492714	6197508	62.76
1992	20-24	0.00104	0.00519	2.52	98307	511	490267	5704794	58.03
1992	25-29	0.00122	0.00606	2.55	97796	592	487526	5214527	53.32
1992	30-34	0.00138	0.00687	2.58	97204	668	484400	4727001	48.63
1992	35-39	0.00182	0.00906	2.6	96535	875	480579	4242601	43.95
1992	40-44	0.00232	0.01152	2.63	95661	1102	475688	3762022	39.33
1992	45-49	0.00313	0.01556	2.67	94559	1471	469360	3286334	34.75
1992	50-54	0.00496	0.02454	2.7	93087	2284	460189	2816974	30.26
1992	55-59	0.00778	0.03821	2.69	90803	3470	446006	2356785	25.95
1992	60-64	0.01251	0.06072	2.61	87333	5303	424016	1910780	21.88
1992	65-69	0.01877	0.08984	2.63	82031	7370	392654	1486764	18.12
1992	70-74	0.02872	0.13440	2.62	74661	10035	349434	1094110	14.65
1992	75-79	0.04497	0.20267	2.56	64626	13098	291233	744676	11.52
1992	80-84	0.07070	0.30174	2.57	51528	15548	219915	453443	8.80
1992	85-89	0.11315	0.43874	2.44	35980	15786	139511	233528	6.49
1992	90-94	0.18168	0.61268	2.34	20194	12372	68098	94016	4.66
1992	95-99	0.27919	0.77071	2.09	7822	6028	21592	25918	3.31
1992	100-104	0.40193	0.88397	1.83	1793	1585	3944	4326	2.41
1992	105-109	0.54003	0.94647	1.57	208	197	365	382	1.83
1992	110+	0.65377	1.00000	1.53	11	11	17	17	1.53
1993	0	0.00752	0.00747	0.07	100000	747	99305	7656171	76.56
1993	1-4	0.00049	0.00197	1.57	99253	195	396538	7556865	76.14
1993	5-9	0.00022	0.00111	2.36	99058	109	495002	7160327	72.28
1993	10-14	0.00030	0.00149	3.01	98949	148	494450	6665325	67.36
1993	15-19	0.00096	0.00479	2.85	98801	473	492988	6170875	62.46
1993	20-24	0.00109	0.00544	2.56	98328	535	490336	5677887	57.74
1993	25-29	0.00118	0.00590	2.59	97793	577	487574	5187550	53.05
1993	30-34	0.00150	0.00747	2.59	97216	726	484328	4699977	48.35
1993	35-39	0.00184	0.00916	2.62	96490	883	480348	4215649	43.69
1993	40-44	0.00238	0.01185	2.62	95606	1133	475331	3735301	39.07
1993	45-49	0.00326	0.01619	2.66	94473	1529	468793	3259970	34.51
1993	50-54	0.00493	0.02437	2.65	92944	2265	459394	2791177	30.03
1993	55-59	0.00811	0.03979	2.68	90679	3608	445035	2331783	25.71
1993	60-64	0.01269	0.06163	2.65	87071	5366	422756	1886748	21.67
1993	65-69	0.01913	0.09152	2.63	81704	7478	390799	1463992	17.92
1993	70-74	0.02918	0.13640	2.61	74227	10124	346979	1073193	14.46
1993	75-79	0.04532	0.20417	2.58	64102	13088	288799	726214	11.33
1993	80-84	0.07217	0.30644	2.54	51014	15633	216611	437415	8.57
1993	85-89	0.11903	0.45663	2.45	35381	16156	135734	220804	6.24
1993	90-94	0.19418	0.64009	2.34	19225	12306	63373	85070	4.42
1993	95-99	0.29755	0.79342	2.06	6919	5490	18451	21698	3.14
1993	100-104	0.42896	0.90078	1.78	1429	1288	3002	3247	2.27
1993	105-109	0.57332	0.95588	1.51	142	136	236	246	1.73
1993	110+	0.68948	1.00000	1.45	6	6	9	9	1.45
1994	0	0.00737	0.00732	0.07	100000	732	99318	7672568	76.73
1994	1-4	0.00048	0.00191	1.66	99268	190	396629	7573250	76.29
1994	5-9	0.00018	0.00092	2.23	99078	91	495139	7176621	72.43
1994	10-14	0.00027	0.00133	2.94	98987	132	494665	6681482	67.50
1994	15-19	0.00096	0.00477	2.74	98856	472	493213	6186817	62.58
1994	20-24	0.00118	0.00586	2.53	98384	577	490493	5693604	57.87
1994	25-29	0.00118	0.00588	2.6	97807	575	487656	5203112	53.20
1994	30-34	0.00154	0.00767	2.63	97232	746	484390	4715456	48.50
1994	35-39	0.00186	0.00928	2.61	96486	895	480290	4231066	43.85
1994	40-44	0.00235	0.01169	2.57	95591	1117	475237	3750776	39.24
1994	45-49	0.00332	0.01647	2.59	94474	1556	468624	3275539	34.67
1994	50-54	0.00508	0.02508	2.64	92918	2330	459096	2806915	30.21
1994	55-59	0.00757	0.03721	2.68	90587	3371	445103	2347819	25.92
1994	60-64	0.01244	0.06038	2.58	87216	5267	423351	1902716	21.82
1994	65-69	0.01883	0.09016	2.65	81950	7389	392412	1479365	18.05
1994	70-74	0.02914	0.13622	2.62	74561	10156	348597	1086953	14.58
1994	75-79	0.04421	0.19980	2.6	64405	12868	291087	738356	11.46
1994	80-84	0.07179	0.30577	2.58	51537	15758	219516	447269	8.68
1994	85-89	0.11472	0.44398	2.45	35779	15885	138462	227753	6.37
1994	90-94	0.19085	0.63154	2.32	19894	12564	65831	89290	4.49
1994	95-99	0.29054	0.78510	2.07	7330	5755	19808	23460	3.20
1994	100-104	0.41954	0.89528	1.8	1575	1410	3361	3652	2.32
1994	105-109	0.56258	0.95307	1.53	165	157	279	291	1.76
1994	110+	0.67862	1.00000	1.47	8	8	11	11	1.47
1995	0	0.00665	0.00661	0.07	100000	661	99383	7681652	76.82
1995	1-4	0.00043	0.00173	1.61	99339	171	396948	7582269	76.33
1995	5-9	0.00021	0.00106	2.42	99168	105	495569	7185321	72.46
1995	10-14	0.00028	0.00141	3	99063	140	495037	6689752	67.53
1995	15-19	0.00098	0.00487	2.77	98924	482	493544	6194715	62.62
1995	20-24	0.00113	0.00563	2.47	98442	554	490805	5701171	57.91
1995	25-29	0.00121	0.00602	2.59	97887	589	488016	5210365	53.23
1995	30-34	0.00152	0.00758	2.6	97298	738	484717	4722349	48.53
1995	35-39	0.00191	0.00953	2.62	96560	920	480611	4237632	43.89
1995	40-44	0.00258	0.01282	2.66	95640	1226	475330	3757021	39.28
1995	45-49	0.00313	0.01554	2.61	94414	1467	468570	3281691	34.76
1995	50-54	0.00501	0.02474	2.65	92947	2299	459341	2813121	30.27
1995	55-59	0.00750	0.03687	2.69	90648	3343	445526	2353780	25.97
1995	60-64	0.01231	0.05982	2.65	87305	5223	424255	1908254	21.86
1995	65-69	0.01842	0.08825	2.64	82083	7244	393327	1484000	18.08
1995	70-74	0.02879	0.13466	2.6	74839	10078	350036	1090672	14.57
1995	75-79	0.04382	0.19806	2.57	64761	12826	292696	740636	11.44
1995	80-84	0.07257	0.30780	2.54	51935	15986	220284	447941	8.63
1995	85-89	0.11642	0.44954	2.47	35949	16161	138817	227657	6.33
1995	90-94	0.19113	0.63245	2.33	19789	12515	65480	88840	4.49
1995	95-99	0.28949	0.78365	2.07	7273	5700	19689	23361	3.21
1995	100-104	0.41667	0.89341	1.8	1574	1406	3374	3672	2.33
1995	105-109	0.55794	0.95174	1.54	168	160	286	298	1.78
1995	110+	0.67288	1.00000	1.49	8	8	12	12	1.49
1996	0	0.00701	0.00696	0.07	100000	696	99351	7705108	77.05
1996	1-4	0.00039	0.00157	1.7	99304	156	396857	7605756	76.59
1996	5-9	0.00019	0.00096	2.43	99148	95	495495	7208899	72.71
1996	10-14	0.00028	0.00142	2.84	99053	141	494961	6713405	67.78
1996	15-19	0.00090	0.00450	2.84	98912	445	493598	6218444	62.87
1996	20-24	0.00111	0.00551	2.47	98467	543	490961	5724846	58.14
1996	25-29	0.00108	0.00538	2.6	97924	527	488355	5233885	53.45
1996	30-34	0.00137	0.00684	2.65	97397	666	485421	4745530	48.72
1996	35-39	0.00176	0.00876	2.59	96732	847	481618	4260109	44.04
1996	40-44	0.00235	0.01169	2.6	95884	1120	476732	3778491	39.41
1996	45-49	0.00328	0.01628	2.61	94764	1543	470135	3301759	34.84
1996	50-54	0.00472	0.02333	2.68	93221	2174	461051	2831624	30.38
1996	55-59	0.00733	0.03603	2.69	91046	3280	447652	2370573	26.04
1996	60-64	0.01198	0.05825	2.65	87766	5112	426807	1922921	21.91
1996	65-69	0.01790	0.08590	2.65	82654	7100	396581	1496115	18.10
1996	70-74	0.02827	0.13243	2.62	75554	10006	353914	1099534	14.55
1996	75-79	0.04389	0.19859	2.61	65549	13017	296579	745620	11.38
1996	80-84	0.07240	0.30784	2.57	52531	16171	223361	449040	8.55
1996	85-89	0.11947	0.45853	2.47	36360	16672	139549	225679	6.21
1996	90-94	0.19594	0.63956	2.29	19688	12592	64262	86131	4.37
1996	95-99	0.30352	0.80040	2.05	7096	5680	18713	21869	3.08
1996	100-104	0.43802	0.90588	1.76	1416	1283	2929	3156	2.23
1996	105-109	0.58430	0.95860	1.5	133	128	219	227	1.70
1996	110+	0.70089	1.00000	1.43	6	6	8	8	1.43
1997	0	0.00677	0.00673	0.07	100000	673	99373	7732090	77.32
1997	1-4	0.00042	0.00169	1.59	99327	168	396905	7632718	76.84
1997	5-9	0.00018	0.00089	2.52	99159	89	495577	7235813	72.97
1997	10-14	0.00027	0.00136	2.9	99071	135	495070	6740236	68.03
1997	15-19	0.00082	0.00408	2.86	98936	404	493816	6245165	63.12
1997	20-24	0.00106	0.00527	2.51	98532	519	491369	5751350	58.37
1997	25-29	0.00102	0.00510	2.55	98013	500	488840	5259981	53.67
1997	30-34	0.00131	0.00651	2.66	97513	635	486079	4771140	48.93
1997	35-39	0.00162	0.00809	2.59	96878	784	482503	4285061	44.23
1997	40-44	0.00226	0.01125	2.6	96094	1081	477879	3802559	39.57
1997	45-49	0.00314	0.01560	2.62	95013	1483	471540	3324680	34.99
1997	50-54	0.00474	0.02344	2.71	93531	2192	462622	2853140	30.50
1997	55-59	0.00721	0.03544	2.67	91339	3237	449164	2390518	26.17
1997	60-64	0.01163	0.05657	2.64	88101	4984	428754	1941354	22.04
1997	65-69	0.01749	0.08398	2.64	83117	6980	399146	1512600	18.20
1997	70-74	0.02783	0.13045	2.6	76137	9932	356839	1113454	14.62
1997	75-79	0.04341	0.19652	2.59	66205	13010	299691	756615	11.43
1997	80-84	0.07198	0.30611	2.56	53194	16283	226214	456924	8.59
1997	85-89	0.11792	0.45448	2.48	36911	16775	142255	230710	6.25
1997	90-94	0.19557	0.64010	2.3	20136	12889	65906	88455	4.39
1997	95-99	0.30005	0.79655	2.06	7247	5772	19238	22549	3.11
1997	100-104	0.43427	0.90393	1.77	1474	1333	3069	3311	2.25
1997	105-109	0.58111	0.95789	1.5	142	136	233	242	1.71
1997	110+	0.69852	1.00000	1.43	6	6	9	9	1.43
1998	0	0.00715	0.00710	0.07	100000	710	99338	7732752	77.33
1998	1-4	0.00041	0.00163	1.56	99290	162	396763	7633414	76.88
1998	5-9	0.00018	0.00090	2.42	99128	89	495408	7236651	73.00
1998	10-14	0.00023	0.00115	2.84	99039	114	494947	6741242	68.07
1998	15-19	0.00083	0.00412	2.82	98925	408	493734	6246295	63.14
1998	20-24	0.00096	0.00479	2.47	98517	472	491391	5752562	58.39
1998	25-29	0.00102	0.00506	2.6	98045	497	489032	5261170	53.66
1998	30-34	0.00121	0.00602	2.65	97548	587	486363	4772139	48.92
1998	35-39	0.00166	0.00825	2.65	96962	800	482925	4285775	44.20
1998	40-44	0.00233	0.01158	2.65	96161	1113	478187	3802850	39.55
1998	45-49	0.00312	0.01551	2.62	95048	1474	471728	3324663	34.98
1998	50-54	0.00461	0.02279	2.66	93574	2132	462887	2852935	30.49
1998	55-59	0.00718	0.03530	2.64	91442	3228	449605	2390048	26.14
1998	60-64	0.01122	0.05468	2.65	88214	4823	429758	1940443	22.00
1998	65-69	0.01784	0.08554	2.61	83391	7133	399891	1510684	18.12
1998	70-74	0.02807	0.13157	2.62	76257	10033	357422	1110793	14.57
1998	75-79	0.04327	0.19608	2.61	66224	12985	300098	753371	11.38
1998	80-84	0.07324	0.31077	2.56	53239	16545	225896	453274	8.51
1998	85-89	0.12002	0.46005	2.46	36694	16881	140659	227378	6.20
1998	90-94	0.19614	0.64093	2.3	19813	12699	64744	86719	4.38
1998	95-99	0.30272	0.79947	2.05	7114	5688	18788	21975	3.09
1998	100-104	0.43680	0.90521	1.77	1427	1291	2956	3187	2.23
1998	105-109	0.58292	0.95827	1.5	135	130	222	230	1.70
1998	110+	0.69953	1.00000	1.43	6	6	8	8	1.43
1999	0	0.00668	0.00664	0.07	100000	664	99381	7729203	77.29
1999	1-4	0.00035	0.00139	1.52	99336	138	397002	7629823	76.81
1999	5-9	0.00018	0.00091	2.48	99198	90	495763	7232821	72.91
1999	10-14	0.00021	0.00106	2.85	99108	105	495312	6737058	67.98
1999	15-19	0.00078	0.00392	2.8	99002	388	494157	6241746	63.05
1999	20-24	0.00095	0.00476	2.39	98614	470	491848	5747589	58.28
1999	25-29	0.00095	0.00474	2.58	98145	465	489598	5255741	53.55
1999	30-34	0.00121	0.00604	2.59	97680	590	486974	4766143	48.79
1999	35-39	0.00172	0.00858	2.59	97090	833	483444	4279169	44.07
1999	40-44	0.00232	0.01152	2.65	96257	1109	478673	3795725	39.43
1999	45-49	0.00334	0.01658	2.63	95148	1578	471996	3317052	34.86
1999	50-54	0.00465	0.02300	2.64	93570	2152	462782	2845055	30.41
1999	55-59	0.00725	0.03566	2.66	91418	3260	449466	2382274	26.06
1999	60-64	0.01153	0.05612	2.66	88158	4947	429194	1932808	21.92
1999	65-69	0.01791	0.08594	2.66	83210	7151	399289	1503614	18.07
1999	70-74	0.02736	0.12844	2.62	76059	9769	357020	1104325	14.52
1999	75-79	0.04360	0.19746	2.61	66291	13090	300209	747305	11.27
1999	80-84	0.07441	0.31469	2.55	53201	16742	224977	447097	8.40
1999	85-89	0.12196	0.46539	2.46	36459	16968	139131	222120	6.09
1999	90-94	0.20382	0.65598	2.28	19492	12786	62733	82988	4.26
1999	95-99	0.31064	0.80827	2.03	6705	5420	17447	20256	3.02
1999	100-104	0.44748	0.91085	1.75	1286	1171	2617	2808	2.18
1999	105-109	0.59488	0.96104	1.48	115	110	185	191	1.67
1999	110+	0.71129	1.00000	1.41	4	4	6	6	1.41
2000	0	0.00672	0.00667	0.07	100000	667	99377	7752787	77.53
2000	1-4	0.00032	0.00128	1.62	99333	127	397027	7653410	77.05
2000	5-9	0.00017	0.00083	2.4	99205	83	495811	7256383	73.15
2000	10-14	0.00023	0.00115	2.86	99122	114	495369	6760572	68.20
2000	15-19	0.00073	0.00365	2.89	99009	361	494282	6265202	63.28
2000	20-24	0.00095	0.00474	2.49	98647	468	492062	5770921	58.50
2000	25-29	0.00095	0.00473	2.54	98179	464	489756	5278858	53.77
2000	30-34	0.00118	0.00590	2.62	97715	576	487206	4789102	49.01
2000	35-39	0.00165	0.00821	2.62	97139	797	483796	4301896	44.29
2000	40-44	0.00236	0.01171	2.65	96342	1128	479061	3818100	39.63
2000	45-49	0.00330	0.01637	2.66	95213	1558	472414	3339039	35.07
2000	50-54	0.00470	0.02322	2.64	93655	2175	463148	2866625	30.61
2000	55-59	0.00710	0.03494	2.7	91480	3196	450036	2403477	26.27
2000	60-64	0.01116	0.05436	2.61	88283	4799	429966	1953441	22.13
2000	65-69	0.01725	0.08289	2.65	83485	6920	401138	1523476	18.25
2000	70-74	0.02708	0.12722	2.63	76565	9741	359693	1122338	14.66
2000	75-79	0.04270	0.19369	2.61	66825	12943	303155	762645	11.41
2000	80-84	0.07198	0.30638	2.57	53881	16508	229340	459490	8.53
2000	85-89	0.11992	0.45963	2.46	37373	17178	143237	230150	6.16
2000	90-94	0.20089	0.65022	2.29	20195	13131	65365	86912	4.30
2000	95-99	0.30698	0.80450	2.04	7064	5683	18513	21548	3.05
2000	100-104	0.44447	0.90946	1.75	1381	1256	2826	3035	2.20
2000	105-109	0.59307	0.96070	1.48	125	120	203	209	1.68
2000	110+	0.71054	1.00000	1.41	5	5	7	7	1.41
2001	0	0.00626	0.00622	0.07	100000	622	99419	7756180	77.56
2001	1-4	0.00036	0.00144	1.6	99378	143	397169	7656761	77.05
2001	5-9	0.00017	0.00087	2.4	99235	86	495950	7259592	73.16
2001	10-14	0.00023	0.00117	2.85	99149	116	495494	6763641	68.22
2001	15-19	0.00074	0.00369	2.96	99033	365	494418	6268147	63.29
2001	20-24	0.00096	0.00476	2.42	98668	470	492124	5773729	58.52
2001	25-29	0.00100	0.00501	2.51	98198	492	489766	5281605	53.79
2001	30-34	0.00125	0.00621	2.57	97706	606	487053	4791839	49.04
2001	35-39	0.00172	0.00858	2.68	97099	834	483562	4304786	44.33
2001	40-44	0.00241	0.01198	2.62	96266	1154	478585	3821224	39.69
2001	45-49	0.00342	0.01697	2.67	95112	1614	471794	3342639	35.14
2001	50-54	0.00466	0.02307	2.67	93498	2157	462470	2870845	30.70
2001	55-59	0.00701	0.03451	2.7	91341	3152	449443	2408375	26.37
2001	60-64	0.01094	0.05332	2.67	88189	4702	430000	1958933	22.21
2001	65-69	0.01668	0.08024	2.64	83487	6699	401593	1528933	18.31
2001	70-74	0.02628	0.12366	2.62	76788	9496	361384	1127340	14.68
2001	75-79	0.04228	0.19202	2.61	67292	12921	305627	765955	11.38
2001	80-84	0.07166	0.30518	2.57	54371	16593	231550	460328	8.47
2001	85-89	0.12396	0.47192	2.47	37778	17828	143824	228778	6.06
2001	90-94	0.20246	0.65405	2.29	19950	13048	64448	84954	4.26
2001	95-99	0.31640	0.81480	2.02	6902	5623	17773	20506	2.97
2001	100-104	0.45786	0.91623	1.73	1278	1171	2558	2733	2.14
2001	105-109	0.60854	0.96406	1.46	107	103	170	175	1.63
2001	110+	0.72596	1.00000	1.38	4	4	5	5	1.38
2002	0	0.00633	0.00629	0.07	100000	629	99413	7754056	77.54
2002	1-4	0.00035	0.00142	1.6	99371	141	397147	7654644	77.03
2002	5-9	0.00015	0.00075	2.4	99231	74	495959	7257497	73.14
2002	10-14	0.00021	0.00104	3.01	99156	103	495576	6761538	68.19
2002	15-19	0.00079	0.00394	2.88	99053	390	494442	6265961	63.26
2002	20-24	0.00100	0.00501	2.42	98663	494	492040	5771519	58.50
2002	25-29	0.00099	0.00495	2.55	98169	485	489653	5279480	53.78
2002	30-34	0.00118	0.00589	2.6	97683	575	487034	4789827	49.03
2002	35-39	0.00172	0.00859	2.62	97108	834	483557	4302793	44.31
2002	40-44	0.00246	0.01225	2.61	96274	1179	478558	3819236	39.67
2002	45-49	0.00353	0.01748	2.61	95095	1663	471497	3340677	35.13
2002	50-54	0.00479	0.02367	2.62	93433	2212	461902	2869181	30.71
2002	55-59	0.00696	0.03426	2.65	91221	3126	448760	2407278	26.39
2002	60-64	0.01082	0.05276	2.68	88095	4648	429700	1958518	22.23
2002	65-69	0.01646	0.07922	2.65	83447	6611	401670	1528818	18.32
2002	70-74	0.02618	0.12325	2.63	76836	9470	361718	1127148	14.67
2002	75-79	0.04210	0.19127	2.61	67366	12885	306043	765430	11.36
2002	80-84	0.07224	0.30718	2.57	54481	16736	231682	459387	8.43
2002	85-89	0.12343	0.47008	2.47	37746	17744	143759	227705	6.03
2002	90-94	0.20630	0.66155	2.29	20002	13232	64143	83946	4.20
2002	95-99	0.32213	0.82077	2.01	6770	5556	17248	19803	2.93
2002	100-104	0.46547	0.91981	1.71	1213	1116	2398	2555	2.11
2002	105-109	0.61662	0.96567	1.44	97	94	152	157	1.61
2002	110+	0.73342	1.00000	1.36	3	3	5	5	1.36
2003	0	0.00621	0.00617	0.07	100000	617	99423	7759883	77.60
2003	1-4	0.00036	0.00143	1.66	99383	142	397198	7660459	77.08
2003	5-9	0.00015	0.00073	2.33	99241	72	496010	7263261	73.19
2003	10-14	0.00023	0.00114	2.87	99168	113	495602	6767251	68.24
2003	15-19	0.00076	0.00380	2.82	99056	377	494459	6271649	63.31
2003	20-24	0.00104	0.00518	2.46	98679	511	492096	5777191	58.55
2003	25-29	0.00102	0.00511	2.43	98168	502	489547	5285095	53.84
2003	30-34	0.00124	0.00617	2.62	97666	602	486893	4795548	49.10
2003	35-39	0.00171	0.00851	2.6	97064	826	483332	4308655	44.39
2003	40-44	0.00254	0.01262	2.63	96237	1214	478309	3825323	39.75
2003	45-49	0.00354	0.01755	2.65	95023	1668	471189	3347015	35.22
2003	50-54	0.00480	0.02372	2.65	93355	2215	461565	2875826	30.81
2003	55-59	0.00699	0.03438	2.65	91140	3133	448324	2414261	26.49
2003	60-64	0.01085	0.05290	2.63	88007	4655	429017	1965936	22.34
2003	65-69	0.01607	0.07743	2.64	83352	6454	401518	1536919	18.44
2003	70-74	0.02544	0.12003	2.65	76898	9230	362758	1135402	14.77
2003	75-79	0.04176	0.18979	2.6	67668	12843	307558	772644	11.42
2003	80-84	0.07061	0.30130	2.57	54825	16519	233935	465085	8.48
2003	85-89	0.12289	0.46811	2.46	38307	17932	145919	231151	6.03
2003	90-94	0.20589	0.65982	2.28	20375	13444	65297	85232	4.18
2003	95-99	0.32819	0.82727	2	6931	5734	17471	19935	2.88
2003	100-104	0.47689	0.92520	1.69	1197	1108	2323	2464	2.06
2003	105-109	0.63209	0.96871	1.42	90	87	137	141	1.57
2003	110+	0.75015	1.00000	1.33	3	3	4	4	1.33
2004	0	0.00647	0.00643	0.07	100000	643	99400	7810893	78.11
2004	1-4	0.00031	0.00126	1.53	99357	125	397119	7711494	77.61
2004	5-9	0.00013	0.00066	2.37	99232	66	495987	7314375	73.71
2004	10-14	0.00022	0.00108	2.95	99166	108	495611	6818387	68.76
2004	15-19	0.00076	0.00378	2.92	99059	375	494513	6322777	63.83
2004	20-24	0.00100	0.00500	2.49	98684	493	492182	5828263	59.06
2004	25-29	0.00108	0.00540	2.52	98191	530	489639	5336082	54.34
2004	30-34	0.00115	0.00571	2.64	97661	558	486985	4846442	49.63
2004	35-39	0.00164	0.00816	2.62	97103	792	483631	4359457	44.90
2004	40-44	0.00231	0.01146	2.66	96310	1104	478967	3875827	40.24
2004	45-49	0.00341	0.01692	2.62	95206	1611	472200	3396860	35.68
2004	50-54	0.00470	0.02326	2.61	93595	2177	462764	2924660	31.25
2004	55-59	0.00669	0.03291	2.62	91418	3008	449934	2461897	26.93
2004	60-64	0.01049	0.05119	2.62	88410	4525	431298	2011963	22.76
2004	65-69	0.01558	0.07515	2.64	83885	6304	404534	1580665	18.84
2004	70-74	0.02411	0.11417	2.68	77581	8857	367342	1176131	15.16
2004	75-79	0.03901	0.17862	2.64	68723	12275	314701	808789	11.77
2004	80-84	0.06822	0.29293	2.59	56448	16535	242379	494088	8.75
2004	85-89	0.11496	0.44645	2.5	39913	17819	154999	251709	6.31
2004	90-94	0.19526	0.64081	2.32	22094	14158	72507	96711	4.38
2004	95-99	0.30682	0.80469	2.05	7936	6386	20813	24203	3.05
2004	100-104	0.44678	0.91082	1.75	1550	1412	3160	3390	2.19
2004	105-109	0.59723	0.96168	1.48	138	133	223	230	1.66
2004	110+	0.71545	1.00000	1.4	5	5	7	7	1.40
2005	0	0.00638	0.00634	0.07	100000	634	99408	7793829	77.94
2005	1-4	0.00036	0.00143	1.56	99366	142	397119	7694421	77.44
2005	5-9	0.00016	0.00079	2.53	99224	78	495927	7297302	73.54
2005	10-14	0.00020	0.00102	3.02	99146	101	495529	6801375	68.60
2005	15-19	0.00072	0.00360	2.96	99045	357	494495	6305846	63.67
2005	20-24	0.00112	0.00557	2.46	98688	549	492043	5811351	58.89
2005	25-29	0.00105	0.00522	2.54	98138	512	489434	5319308	54.20
2005	30-34	0.00119	0.00593	2.58	97626	579	486730	4829874	49.47
2005	35-39	0.00161	0.00802	2.63	97047	778	483390	4343144	44.75
2005	40-44	0.00236	0.01173	2.65	96269	1129	478694	3859754	40.09
2005	45-49	0.00348	0.01727	2.64	95140	1643	471821	3381060	35.54
2005	50-54	0.00499	0.02466	2.61	93496	2306	461981	2909239	31.12
2005	55-59	0.00666	0.03278	2.62	91191	2990	448840	2447258	26.84
2005	60-64	0.01025	0.05002	2.65	88201	4412	430658	1998418	22.66
2005	65-69	0.01553	0.07490	2.62	83789	6276	404028	1567760	18.71
2005	70-74	0.02456	0.11607	2.64	77513	8997	366289	1163732	15.01
2005	75-79	0.03961	0.18096	2.61	68516	12399	312985	797443	11.64
2005	80-84	0.06823	0.29279	2.58	56118	16430	240813	484458	8.63
2005	85-89	0.11991	0.46011	2.47	39687	18260	152289	243645	6.14
2005	90-94	0.20117	0.65052	2.28	21427	13938	69287	91356	4.26
2005	95-99	0.31905	0.81806	2.02	7488	6126	19200	22069	2.95
2005	100-104	0.46524	0.92001	1.71	1362	1253	2694	2869	2.11
2005	105-109	0.61976	0.96642	1.44	109	105	170	175	1.60
2005	110+	0.73874	1.00000	1.35	4	4	5	5	1.35
2006	0	0.00636	0.00632	0.07	100000	632	99409	7818141	78.18
2006	1-4	0.00034	0.00135	1.57	99368	134	397144	7718732	77.68
2006	5-9	0.00014	0.00072	2.34	99233	71	495978	7321588	73.78
2006	10-14	0.00019	0.00097	2.77	99162	96	495596	6825610	68.83
2006	15-19	0.00077	0.00383	2.95	99066	380	494552	6330014	63.90
2006	20-24	0.00112	0.00559	2.52	98686	552	492063	5835462	59.13
2006	25-29	0.00112	0.00559	2.56	98134	549	489330	5343399	54.45
2006	30-34	0.00120	0.00599	2.58	97586	584	486515	4854069	49.74
2006	35-39	0.00164	0.00816	2.61	97001	792	483115	4367554	45.03
2006	40-44	0.00237	0.01177	2.66	96209	1132	478392	3884440	40.37
2006	45-49	0.00337	0.01672	2.65	95077	1590	471651	3406048	35.82
2006	50-54	0.00486	0.02403	2.64	93487	2246	462131	2934397	31.39
2006	55-59	0.00666	0.03280	2.69	91241	2993	449284	2472266	27.10
2006	60-64	0.00992	0.04851	2.7	88248	4281	431382	2022982	22.92
2006	65-69	0.01492	0.07206	2.65	83968	6050	405590	1591600	18.95
2006	70-74	0.02343	0.11104	2.64	77917	8652	369186	1186010	15.22
2006	75-79	0.03829	0.17556	2.64	69266	12160	317600	816824	11.79
2006	80-84	0.06711	0.28881	2.59	57105	16493	245749	499224	8.74
2006	85-89	0.11680	0.45167	2.49	40612	18343	157044	253475	6.24
2006	90-94	0.19720	0.64280	2.29	22269	14315	72588	96431	4.33
2006	95-99	0.31290	0.81155	2.03	7954	6455	20631	23842	3.00
2006	100-104	0.45678	0.91597	1.73	1499	1373	3006	3211	2.14
2006	105-109	0.60999	0.96446	1.46	126	121	199	205	1.63
2006	110+	0.72896	1.00000	1.37	4	4	6	6	1.37
2007	0	0.00666	0.00662	0.07	100000	662	99382	7849545	78.50
2007	1-4	0.00031	0.00122	1.59	99338	121	397061	7750162	78.02
2007	5-9	0.00014	0.00072	2.53	99217	72	495907	7353102	74.11
2007	10-14	0.00018	0.00088	2.76	99145	87	495530	6857195	69.16
2007	15-19	0.00070	0.00351	2.98	99058	348	494586	6361665	64.22
2007	20-24	0.00108	0.00540	2.54	98710	533	492238	5867078	59.44
2007	25-29	0.00108	0.00539	2.57	98177	529	489599	5374840	54.75
2007	30-34	0.00122	0.00608	2.53	97648	594	486777	4885241	50.03
2007	35-39	0.00156	0.00780	2.67	97054	757	483512	4398464	45.32
2007	40-44	0.00232	0.01155	2.7	96298	1112	478927	3914952	40.65
2007	45-49	0.00336	0.01667	2.65	95185	1587	472203	3436025	36.10
2007	50-54	0.00485	0.02398	2.61	93599	2244	462639	2963823	31.67
2007	55-59	0.00654	0.03217	2.59	91355	2939	449691	2501184	27.38
2007	60-64	0.00969	0.04738	2.65	88416	4189	432215	2051493	23.20
2007	65-69	0.01434	0.06935	2.65	84227	5841	407381	1619278	19.23
2007	70-74	0.02255	0.10708	2.65	78385	8393	372197	1211897	15.46
2007	75-79	0.03701	0.17003	2.61	69992	11901	321550	839700	12.00
2007	80-84	0.06408	0.27760	2.59	58091	16126	251669	518150	8.92
2007	85-89	0.11308	0.44052	2.49	41965	18486	163487	266481	6.35
2007	90-94	0.19386	0.63741	2.31	23479	14966	77199	102994	4.39
2007	95-99	0.30882	0.80739	2.05	8513	6873	22256	25795	3.03
2007	100-104	0.45312	0.91429	1.74	1640	1499	3309	3539	2.16
2007	105-109	0.60703	0.96388	1.46	141	135	223	230	1.64
2007	110+	0.72661	1.00000	1.38	5	5	7	7	1.38
2008	0	0.00617	0.00613	0.07	100000	613	99427	7867602	78.68
2008	1-4	0.00030	0.00118	1.54	99387	118	397257	7768175	78.16
2008	5-9	0.00015	0.00073	2.33	99269	73	496151	7370918	74.25
2008	10-14	0.00018	0.00091	2.88	99196	90	495792	6874767	69.30
2008	15-19	0.00063	0.00317	2.95	99106	314	494887	6378975	64.36
2008	20-24	0.00100	0.00498	2.49	98792	492	492729	5884088	59.56
2008	25-29	0.00103	0.00514	2.55	98301	505	490269	5391359	54.85
2008	30-34	0.00121	0.00605	2.53	97796	591	487517	4901090	50.12
2008	35-39	0.00156	0.00776	2.71	97204	755	484291	4413573	45.41
2008	40-44	0.00218	0.01085	2.68	96450	1047	479823	3929282	40.74
2008	45-49	0.00337	0.01673	2.62	95403	1596	473222	3449460	36.16
2008	50-54	0.00478	0.02361	2.62	93807	2215	463771	2976238	31.73
2008	55-59	0.00651	0.03206	2.6	91593	2937	450901	2512466	27.43
2008	60-64	0.00957	0.04677	2.63	88656	4146	433461	2061565	23.25
2008	65-69	0.01429	0.06909	2.63	84510	5839	408687	1628104	19.27
2008	70-74	0.02244	0.10655	2.64	78671	8382	373607	1219418	15.50
2008	75-79	0.03662	0.16828	2.59	70289	11828	322992	845810	12.03
2008	80-84	0.06309	0.27386	2.59	58460	16010	253763	522818	8.94
2008	85-89	0.11242	0.43893	2.5	42451	18633	165747	269055	6.34
2008	90-94	0.19626	0.64150	2.3	23818	15279	77852	103307	4.34
2008	95-99	0.31443	0.81386	2.04	8539	6949	22101	25456	2.98
2008	100-104	0.46404	0.91982	1.72	1589	1462	3151	3354	2.11
2008	105-109	0.62226	0.96704	1.44	127	123	198	204	1.60
2008	110+	0.74346	1.00000	1.35	4	4	6	6	1.35
2009	0	0.00593	0.00589	0.06	100000	589	99449	7898396	78.98
2009	1-4	0.00028	0.00113	1.6	99411	112	397374	7798947	78.45
2009	5-9	0.00014	0.00069	2.58	99299	68	496328	7401573	74.54
2009	10-14	0.00016	0.00080	2.86	99230	80	495982	6905246	69.59
2009	15-19	0.00061	0.00304	2.93	99151	302	495128	6409264	64.64
2009	20-24	0.00093	0.00466	2.55	98849	461	493117	5914137	59.83
2009	25-29	0.00105	0.00521	2.55	98388	513	490683	5421019	55.10
2009	30-34	0.00118	0.00590	2.58	97875	578	487977	4930336	50.37
2009	35-39	0.00154	0.00766	2.62	97297	745	484718	4442359	45.66
2009	40-44	0.00227	0.01128	2.63	96553	1089	480183	3957641	40.99
2009	45-49	0.00333	0.01652	2.64	95463	1577	473594	3477459	36.43
2009	50-54	0.00481	0.02379	2.62	93887	2233	464112	3003865	31.99
2009	55-59	0.00662	0.03256	2.59	91653	2985	451075	2539753	27.71
2009	60-64	0.00943	0.04609	2.61	88669	4087	433570	2088678	23.56
2009	65-69	0.01396	0.06756	2.61	84581	5714	409232	1655108	19.57
2009	70-74	0.02182	0.10375	2.64	78868	8182	375058	1245876	15.80
2009	75-79	0.03532	0.16302	2.64	70685	11523	326254	870818	12.32
2009	80-84	0.06027	0.26373	2.63	59162	15603	258890	544564	9.20
2009	85-89	0.10734	0.42341	2.51	43559	18443	171818	285674	6.56
2009	90-94	0.18550	0.62117	2.34	25116	15601	84102	113856	4.53
2009	95-99	0.29734	0.79481	2.07	9515	7562	25434	29755	3.13
2009	100-104	0.44081	0.90825	1.76	1952	1773	4023	4321	2.21
2009	105-109	0.59606	0.96166	1.48	179	172	289	299	1.67
2009	110+	0.71789	1.00000	1.39	7	7	10	10	1.39
2010	0	0.00559	0.00556	0.06	100000	556	99479	7916134	79.16
2010	1-4	0.00031	0.00123	1.49	99444	123	397466	7816655	78.60
2010	5-9	0.00012	0.00060	2.35	99321	60	496447	7419188	74.70
2010	10-14	0.00016	0.00079	2.86	99261	78	496140	6922741	69.74
2010	15-19	0.00054	0.00269	2.96	99183	267	495371	6426602	64.80
2010	20-24	0.00096	0.00479	2.58	98916	474	493434	5931230	59.96
2010	25-29	0.00105	0.00525	2.54	98443	517	490941	5437796	55.24
2010	30-34	0.00117	0.00584	2.52	97926	572	488213	4946855	50.52
2010	35-39	0.00145	0.00721	2.63	97354	702	485106	4458642	45.80
2010	40-44	0.00208	0.01034	2.64	96653	1000	480909	3973536	41.11
2010	45-49	0.00321	0.01595	2.66	95653	1526	474694	3492627	36.51
2010	50-54	0.00458	0.02267	2.64	94127	2134	465592	3017932	32.06
2010	55-59	0.00670	0.03296	2.63	91993	3032	452781	2552341	27.74
2010	60-64	0.00927	0.04533	2.62	88961	4033	435191	2099559	23.60
2010	65-69	0.01376	0.06665	2.65	84928	5660	411328	1664368	19.60
2010	70-74	0.02141	0.10190	2.64	79268	8078	377310	1253040	15.81
2010	75-79	0.03495	0.16127	2.61	71190	11481	328530	875730	12.30
2010	80-84	0.06085	0.26551	2.6	59710	15853	260544	547200	9.16
2010	85-89	0.10750	0.42424	2.52	43856	18606	173079	286657	6.54
2010	90-94	0.18737	0.62348	2.32	25251	15743	84021	113577	4.50
2010	95-99	0.29938	0.79722	2.07	9507	7580	25318	29556	3.11
2010	100-104	0.44403	0.90999	1.76	1928	1754	3951	4238	2.20
2010	105-109	0.60025	0.96260	1.47	174	167	278	287	1.66
2010	110+	0.72243	1.00000	1.38	6	6	9	9	1.38
2011	0	0.00560	0.00557	0.06	100000	557	99479	7914383	79.14
2011	1-4	0.00028	0.00114	1.6	99443	113	397501	7814904	78.59
2011	5-9	0.00012	0.00062	2.31	99330	62	496485	7417402	74.67
2011	10-14	0.00016	0.00080	2.88	99268	79	496175	6920917	69.72
2011	15-19	0.00056	0.00282	2.91	99190	279	495364	6424742	64.77
2011	20-24	0.00096	0.00479	2.56	98910	474	493393	5929379	59.95
2011	25-29	0.00103	0.00511	2.5	98436	503	490922	5435986	55.22
2011	30-34	0.00116	0.00579	2.56	97933	567	488278	4945064	50.49
2011	35-39	0.00148	0.00739	2.64	97366	720	485130	4456786	45.77
2011	40-44	0.00214	0.01064	2.63	96646	1028	480792	3971656	41.09
2011	45-49	0.00330	0.01636	2.67	95618	1564	474442	3490864	36.51
2011	50-54	0.00476	0.02354	2.67	94054	2214	465108	3016422	32.07
2011	55-59	0.00664	0.03269	2.62	91840	3002	452047	2551314	27.78
2011	60-64	0.00945	0.04624	2.64	88838	4108	434502	2099267	23.63
2011	65-69	0.01343	0.06513	2.69	84730	5519	410886	1664765	19.65
2011	70-74	0.02092	0.09967	2.65	79211	7895	377467	1253879	15.83
2011	75-79	0.03504	0.16182	2.64	71316	11541	329344	876412	12.29
2011	80-84	0.05977	0.26172	2.63	59775	15644	261740	547068	9.15
2011	85-89	0.10837	0.42697	2.52	44131	18843	173879	285328	6.47
2011	90-94	0.19180	0.63271	2.31	25288	16000	83421	111449	4.41
2011	95-99	0.30969	0.80926	2.05	9288	7517	24271	28028	3.02
2011	100-104	0.46161	0.91898	1.73	1772	1628	3527	3756	2.12
2011	105-109	0.62283	0.96727	1.44	144	139	223	229	1.60
2011	110+	0.74608	1.00000	1.34	5	5	6	6	1.34
2012	0	0.00536	0.00533	0.06	100000	533	99501	7930061	79.30
2012	1-4	0.00027	0.00110	1.54	99467	109	397599	7830561	78.73
2012	5-9	0.00012	0.00060	2.22	99358	59	496624	7432961	74.81
2012	10-14	0.00014	0.00069	2.99	99298	68	496354	6936338	69.85
2012	15-19	0.00051	0.00257	2.88	99230	255	495610	6439983	64.90
2012	20-24	0.00090	0.00450	2.56	98975	445	493790	5944374	60.06
2012	25-29	0.00108	0.00539	2.55	98530	531	491347	5450583	55.32
2012	30-34	0.00123	0.00615	2.59	97999	603	488543	4959237	50.61
2012	35-39	0.00147	0.00730	2.58	97396	711	485262	4470693	45.90
2012	40-44	0.00212	0.01056	2.65	96685	1021	481025	3985431	41.22
2012	45-49	0.00317	0.01574	2.71	95664	1505	474873	3504406	36.63
2012	50-54	0.00472	0.02333	2.66	94158	2197	465650	3029533	32.17
2012	55-59	0.00685	0.03372	2.64	91961	3101	452485	2563883	27.88
2012	60-64	0.00930	0.04547	2.62	88860	4041	434668	2111398	23.76
2012	65-69	0.01359	0.06582	2.64	84819	5583	410897	1676730	19.77
2012	70-74	0.02078	0.09905	2.65	79236	7848	377758	1265833	15.98
2012	75-79	0.03407	0.15767	2.64	71388	11256	330333	888075	12.44
2012	80-84	0.05840	0.25661	2.64	60132	15430	264196	557743	9.28
2012	85-89	0.10519	0.41777	2.54	44702	18675	177532	293547	6.57
2012	90-94	0.18894	0.62868	2.34	26027	16363	86601	116015	4.46
2012	95-99	0.30645	0.80590	2.06	9664	7789	25415	29415	3.04
2012	100-104	0.45883	0.91778	1.73	1876	1722	3752	3999	2.13
2012	105-109	0.62101	0.96697	1.44	154	149	240	247	1.60
2012	110+	0.74515	1.00000	1.34	5	5	7	7	1.34
2013	0	0.00527	0.00524	0.06	100000	524	99509	7933625	79.34
2013	1-4	0.00030	0.00121	1.55	99476	121	397608	7834116	78.75
2013	5-9	0.00011	0.00053	2.37	99355	53	496639	7436508	74.85
2013	10-14	0.00015	0.00077	3.03	99303	76	496364	6939869	69.89
2013	15-19	0.00050	0.00249	2.93	99226	247	495621	6443506	64.94
2013	20-24	0.00090	0.00451	2.6	98979	447	493825	5947885	60.09
2013	25-29	0.00110	0.00548	2.56	98533	540	491347	5454060	55.35
2013	30-34	0.00127	0.00634	2.56	97993	621	488452	4962713	50.64
2013	35-39	0.00148	0.00739	2.59	97372	719	485125	4474261	45.95
2013	40-44	0.00209	0.01040	2.65	96653	1005	480899	3989136	41.27
2013	45-49	0.00322	0.01597	2.7	95648	1528	474730	3508238	36.68
2013	50-54	0.00470	0.02325	2.62	94120	2189	465388	3033508	32.23
2013	55-59	0.00683	0.03361	2.62	91932	3090	452318	2568120	27.94
2013	60-64	0.00947	0.04629	2.62	88842	4112	434423	2115802	23.82
2013	65-69	0.01339	0.06491	2.62	84730	5500	410585	1681379	19.84
2013	70-74	0.02088	0.09950	2.64	79230	7883	377542	1270794	16.04
2013	75-79	0.03366	0.15588	2.63	71347	11121	330398	893252	12.52
2013	80-84	0.05708	0.25116	2.61	60226	15126	264979	562853	9.35
2013	85-89	0.10486	0.41645	2.53	45100	18782	179112	297875	6.60
2013	90-94	0.18570	0.62163	2.34	26318	16360	88100	118763	4.51
2013	95-99	0.30227	0.80124	2.07	9958	7979	26396	30663	3.08
2013	100-104	0.45343	0.91519	1.74	1979	1811	3995	4266	2.16
2013	105-109	0.61530	0.96588	1.45	168	162	263	271	1.62
2013	110+	0.73991	1.00000	1.35	6	6	8	8	1.35
2014	0	0.00546	0.00544	0.06	100000	544	99491	7934889	79.35
2014	1-4	0.00026	0.00102	1.62	99456	101	397584	7835398	78.78
2014	5-9	0.00011	0.00055	2.49	99355	55	496638	7437815	74.86
2014	10-14	0.00018	0.00088	2.76	99300	87	496306	6941177	69.90
2014	15-19	0.00052	0.00260	2.99	99213	258	495546	6444871	64.96
2014	20-24	0.00090	0.00449	2.6	98955	444	493709	5949325	60.12
2014	25-29	0.00110	0.00549	2.59	98511	540	491254	5455615	55.38
2014	30-34	0.00126	0.00626	2.57	97971	613	488360	4964362	50.67
2014	35-39	0.00160	0.00799	2.58	97357	778	484900	4476002	45.98
2014	40-44	0.00217	0.01077	2.61	96579	1040	480407	3991101	41.32
2014	45-49	0.00312	0.01548	2.66	95539	1479	474242	3510695	36.75
2014	50-54	0.00479	0.02368	2.62	94060	2227	464999	3036452	32.28
2014	55-59	0.00679	0.03342	2.62	91833	3069	451872	2571453	28.00
2014	60-64	0.00961	0.04695	2.59	88764	4168	433787	2119581	23.88
2014	65-69	0.01346	0.06520	2.62	84596	5515	409865	1685794	19.93
2014	70-74	0.02090	0.09959	2.63	79080	7875	376735	1275929	16.13
2014	75-79	0.03337	0.15467	2.64	71205	11013	329997	899193	12.63
2014	80-84	0.05638	0.24864	2.63	60191	14966	265439	569196	9.46
2014	85-89	0.10216	0.40797	2.53	45225	18451	180610	303757	6.72
2014	90-94	0.18205	0.61507	2.36	26775	16468	90461	123147	4.60
2014	95-99	0.29206	0.78914	2.09	10306	8133	27847	32686	3.17
2014	100-104	0.43781	0.90699	1.77	2173	1971	4502	4839	2.23
2014	105-109	0.59610	0.96181	1.48	202	194	326	337	1.67
2014	110+	0.72014	1.00000	1.39	8	8	11	11	1.39
2015	0	0.00512	0.00509	0.06	100000	509	99523	7926691	79.27
2015	1-4	0.00027	0.00108	1.56	99491	108	397700	7827168	78.67
2015	5-9	0.00012	0.00059	2.57	99383	58	496774	7429468	74.76
2015	10-14	0.00016	0.00079	3.04	99325	79	496470	6932694	69.80
2015	15-19	0.00055	0.00273	2.87	99246	271	495653	6436225	64.85
2015	20-24	0.00094	0.00470	2.59	98975	465	493756	5940571	60.02
2015	25-29	0.00113	0.00563	2.59	98510	555	491214	5446815	55.29
2015	30-34	0.00139	0.00693	2.56	97955	679	488117	4955601	50.59
2015	35-39	0.00162	0.00808	2.55	97276	786	484452	4467485	45.93
2015	40-44	0.00220	0.01094	2.65	96490	1056	479970	3983032	41.28
2015	45-49	0.00314	0.01557	2.7	95434	1486	473751	3503063	36.71
2015	50-54	0.00483	0.02389	2.66	93949	2244	464480	3029312	32.24
2015	55-59	0.00681	0.03352	2.63	91704	3074	451242	2564831	27.97
2015	60-64	0.00987	0.04823	2.63	88630	4274	433037	2113590	23.85
2015	65-69	0.01339	0.06486	2.6	84356	5472	408649	1680552	19.92
2015	70-74	0.02085	0.09931	2.62	78884	7834	375809	1271903	16.12
2015	75-79	0.03372	0.15616	2.64	71050	11096	329052	896095	12.61
2015	80-84	0.05638	0.24865	2.63	59955	14908	264390	567043	9.46
2015	85-89	0.10204	0.40774	2.54	45047	18368	180009	302653	6.72
2015	90-94	0.18100	0.61237	2.36	26680	16338	90262	122644	4.60
2015	95-99	0.29632	0.79444	2.08	10342	8216	27727	32382	3.13
2015	100-104	0.44571	0.91134	1.76	2126	1937	4347	4655	2.19
2015	105-109	0.60701	0.96422	1.46	188	182	299	309	1.64
2015	110+	0.73216	1.00000	1.37	7	7	9	9	1.37
2016	0	0.00542	0.00540	0.06	100000	540	99495	7914167	79.14
2016	1-4	0.00028	0.00110	1.55	99460	110	397572	7814672	78.57
2016	5-9	0.00013	0.00063	2.35	99351	63	496587	7417100	74.66
2016	10-14	0.00017	0.00084	2.76	99288	83	496254	6920513	69.70
2016	15-19	0.00057	0.00283	2.94	99205	281	495446	6424259	64.76
2016	20-24	0.00102	0.00507	2.57	98924	501	493403	5928813	59.93
2016	25-29	0.00118	0.00586	2.6	98423	577	490729	5435410	55.23
2016	30-34	0.00150	0.00747	2.58	97846	731	487460	4944681	50.54
2016	35-39	0.00172	0.00859	2.61	97115	834	483580	4457221	45.90
2016	40-44	0.00216	0.01076	2.62	96281	1036	478938	3973640	41.27
2016	45-49	0.00325	0.01612	2.66	95245	1535	472628	3494703	36.69
2016	50-54	0.00481	0.02379	2.69	93710	2229	463402	3022074	32.25
2016	55-59	0.00701	0.03445	2.62	91481	3152	449917	2558673	27.97
2016	60-64	0.00987	0.04822	2.61	88329	4259	431485	2108756	23.87
2016	65-69	0.01364	0.06607	2.64	84069	5555	407221	1677271	19.95
2016	70-74	0.02048	0.09778	2.68	78515	7677	374788	1270050	16.18
2016	75-79	0.03385	0.15671	2.64	70838	11101	327945	895263	12.64
2016	80-84	0.05591	0.24662	2.61	59737	14732	263509	567318	9.50
2016	85-89	0.10142	0.40604	2.55	45005	18274	180172	303809	6.75
2016	90-94	0.18049	0.61151	2.36	26731	16346	90566	123636	4.63
2016	95-99	0.29059	0.78745	2.09	10385	8177	28141	33070	3.18
2016	100-104	0.43639	0.90628	1.77	2207	2000	4584	4929	2.23
2016	105-109	0.59504	0.96160	1.48	207	199	334	345	1.67
2016	110+	0.71949	1.00000	1.39	8	8	11	11	1.39
2017	0	0.00532	0.00529	0.06	100000	529	99504	7929140	79.29
2017	1-4	0.00025	0.00100	1.58	99471	100	397642	7829636	78.71
2017	5-9	0.00011	0.00055	2.42	99371	55	496714	7431995	74.79
2017	10-14	0.00017	0.00083	3.06	99316	82	496422	6935281	69.83
2017	15-19	0.00058	0.00289	2.89	99234	287	495564	6438859	64.89
2017	20-24	0.00095	0.00474	2.53	98947	469	493574	5943295	60.07
2017	25-29	0.00125	0.00622	2.58	98478	613	490903	5449721	55.34
2017	30-34	0.00145	0.00725	2.6	97865	709	487624	4958818	50.67
2017	35-39	0.00170	0.00846	2.58	97156	822	483785	4471194	46.02
2017	40-44	0.00219	0.01091	2.58	96334	1051	479127	3987409	41.39
2017	45-49	0.00318	0.01577	2.63	95283	1503	472847	3508282	36.82
2017	50-54	0.00469	0.02321	2.67	93780	2177	463828	3035435	32.37
2017	55-59	0.00691	0.03401	2.63	91603	3115	450620	2571607	28.07
2017	60-64	0.00965	0.04716	2.63	88488	4173	432562	2120987	23.97
2017	65-69	0.01346	0.06517	2.6	84315	5495	408374	1688424	20.03
2017	70-74	0.02049	0.09777	2.66	78820	7706	376099	1280051	16.24
2017	75-79	0.03310	0.15346	2.63	71114	10913	329697	903952	12.71
2017	80-84	0.05605	0.24708	2.6	60201	14874	265375	574254	9.54
2017	85-89	0.09897	0.39767	2.53	45326	18025	182129	308879	6.81
2017	90-94	0.17968	0.60977	2.37	27301	16648	92652	126750	4.64
2017	95-99	0.28878	0.78533	2.1	10654	8367	28973	34098	3.20
2017	100-104	0.43475	0.90549	1.78	2287	2071	4763	5125	2.24
2017	105-109	0.59426	0.96148	1.48	216	208	350	361	1.67
2017	110+	0.71959	1.00000	1.39	8	8	12	12	1.39
2018	0	0.00532	0.00529	0.06	100000	529	99504	7943342	79.43
2018	1-4	0.00026	0.00104	1.54	99471	103	397629	7843838	78.86
2018	5-9	0.00011	0.00053	2.42	99368	52	496703	7446209	74.94
2018	10-14	0.00018	0.00090	2.97	99315	89	496396	6949506	69.97
2018	15-19	0.00060	0.00302	2.91	99226	300	495506	6453111	65.03
2018	20-24	0.00102	0.00507	2.54	98927	502	493401	5957604	60.22
2018	25-29	0.00121	0.00605	2.62	98425	595	490709	5464203	55.52
2018	30-34	0.00146	0.00726	2.55	97830	710	487410	4973494	50.84
2018	35-39	0.00177	0.00879	2.55	97120	854	483509	4486084	46.19
2018	40-44	0.00217	0.01079	2.6	96266	1038	478836	4002575	41.58
2018	45-49	0.00311	0.01544	2.67	95228	1470	472708	3523738	37.00
2018	50-54	0.00466	0.02303	2.66	93757	2159	463730	3051030	32.54
2018	55-59	0.00679	0.03342	2.61	91598	3061	450674	2587300	28.25
2018	60-64	0.00966	0.04722	2.6	88537	4181	432635	2136626	24.13
2018	65-69	0.01327	0.06430	2.6	84356	5424	408766	1703991	20.20
2018	70-74	0.01997	0.09535	2.63	78932	7527	376858	1295225	16.41
2018	75-79	0.03256	0.15110	2.62	71405	10790	331381	918367	12.86
2018	80-84	0.05447	0.24087	2.6	60616	14601	268033	586986	9.68
2018	85-89	0.09602	0.38902	2.56	46015	17901	186422	318953	6.93
2018	90-94	0.17530	0.59951	2.36	28114	16855	96151	132531	4.71
2018	95-99	0.28525	0.78135	2.11	11260	8798	30842	36380	3.23
2018	100-104	0.43275	0.90466	1.78	2462	2227	5147	5539	2.25
2018	105-109	0.59481	0.96173	1.48	235	226	380	392	1.67
2018	110+	0.72217	1.00000	1.38	9	9	12	12	1.38
2019	0	0.00521	0.00518	0.06	100000	518	99514	7953058	79.53
2019	1-4	0.00022	0.00087	1.58	99482	87	397717	7853544	78.94
2019	5-9	0.00013	0.00066	2.39	99395	66	496802	7455827	75.01
2019	10-14	0.00017	0.00087	2.92	99329	87	496465	6959025	70.06
2019	15-19	0.00061	0.00304	2.94	99242	301	495592	6462560	65.12
2019	20-24	0.00099	0.00493	2.55	98941	488	493509	5966968	60.31
2019	25-29	0.00121	0.00604	2.57	98453	595	490818	5473460	55.59
2019	30-34	0.00148	0.00735	2.56	97858	719	487538	4982642	50.92
2019	35-39	0.00184	0.00915	2.6	97139	889	483561	4495104	46.28
2019	40-44	0.00223	0.01111	2.58	96249	1069	478658	4011543	41.68
2019	45-49	0.00308	0.01529	2.66	95180	1456	472491	3532885	37.12
2019	50-54	0.00458	0.02267	2.64	93725	2124	463605	3060394	32.65
2019	55-59	0.00680	0.03347	2.62	91600	3066	450705	2596790	28.35
2019	60-64	0.00963	0.04708	2.62	88534	4168	432736	2146085	24.24
2019	65-69	0.01312	0.06361	2.59	84366	5367	408901	1713348	20.31
2019	70-74	0.01975	0.09435	2.63	78999	7454	377365	1304447	16.51
2019	75-79	0.03239	0.15036	2.62	71546	10757	332128	927082	12.96
2019	80-84	0.05467	0.24179	2.61	60788	14698	268830	594954	9.79
2019	85-89	0.09367	0.38184	2.58	46090	17599	187878	326124	7.08
2019	90-94	0.16917	0.58646	2.39	28491	16709	98768	138246	4.85
2019	95-99	0.27329	0.76573	2.13	11782	9022	33013	39478	3.35
2019	100-104	0.41416	0.89367	1.82	2760	2467	5956	6465	2.34
2019	105-109	0.57202	0.95630	1.52	293	281	491	509	1.73
2019	110+	0.69877	1.00000	1.43	13	13	18	18	1.43
