Div8: Mountain, Lifetables (period 1x10), Both sexes Last modified: 20 Dec 2020, MPv5 (May07) 

Year     	Age	mx	qx	ax	lx	dx	Lx	Tx	ex
1960-1969	0	0.02491	0.02438	0.12	100000	2438	97849	7068327	70.68
1960-1969	1	0.00197	0.00197	0.5	97562	192	97466	6970478	71.45
1960-1969	2	0.00115	0.00115	0.5	97370	112	97314	6873011	70.59
1960-1969	3	0.00090	0.00089	0.5	97258	87	97215	6775697	69.67
1960-1969	4	0.00070	0.00070	0.5	97171	68	97137	6678482	68.73
1960-1969	5	0.00061	0.00061	0.5	97103	59	97074	6581345	67.78
1960-1969	6	0.00051	0.00051	0.5	97044	50	97019	6484271	66.82
1960-1969	7	0.00045	0.00045	0.5	96994	44	96973	6387252	65.85
1960-1969	8	0.00041	0.00041	0.5	96951	40	96931	6290280	64.88
1960-1969	9	0.00039	0.00039	0.5	96911	38	96892	6193349	63.91
1960-1969	10	0.00039	0.00039	0.5	96873	38	96854	6096457	62.93
1960-1969	11	0.00039	0.00039	0.5	96835	37	96816	5999603	61.96
1960-1969	12	0.00042	0.00042	0.5	96798	41	96777	5902786	60.98
1960-1969	13	0.00051	0.00051	0.5	96757	49	96732	5806009	60.01
1960-1969	14	0.00064	0.00064	0.5	96708	62	96677	5709277	59.04
1960-1969	15	0.00080	0.00080	0.5	96646	77	96607	5612600	58.07
1960-1969	16	0.00107	0.00107	0.5	96569	103	96517	5515992	57.12
1960-1969	17	0.00120	0.00120	0.5	96465	116	96407	5419475	56.18
1960-1969	18	0.00144	0.00144	0.5	96349	139	96280	5323068	55.25
1960-1969	19	0.00149	0.00149	0.5	96210	144	96138	5226788	54.33
1960-1969	20	0.00158	0.00158	0.5	96067	152	95991	5130650	53.41
1960-1969	21	0.00166	0.00166	0.5	95914	159	95835	5034660	52.49
1960-1969	22	0.00163	0.00163	0.5	95755	156	95677	4938825	51.58
1960-1969	23	0.00159	0.00159	0.5	95599	152	95523	4843147	50.66
1960-1969	24	0.00149	0.00149	0.5	95447	142	95376	4747624	49.74
1960-1969	25	0.00160	0.00160	0.5	95305	153	95228	4652248	48.81
1960-1969	26	0.00154	0.00154	0.5	95152	146	95079	4557020	47.89
1960-1969	27	0.00149	0.00149	0.5	95006	142	94935	4461941	46.96
1960-1969	28	0.00154	0.00154	0.5	94864	146	94791	4367006	46.03
1960-1969	29	0.00159	0.00159	0.5	94718	151	94642	4272215	45.10
1960-1969	30	0.00166	0.00166	0.5	94567	157	94489	4177572	44.18
1960-1969	31	0.00163	0.00163	0.5	94410	154	94333	4083084	43.25
1960-1969	32	0.00174	0.00174	0.5	94256	164	94174	3988751	42.32
1960-1969	33	0.00190	0.00190	0.5	94092	179	94003	3894576	41.39
1960-1969	34	0.00196	0.00196	0.5	93913	184	93821	3800574	40.47
1960-1969	35	0.00205	0.00205	0.5	93729	192	93633	3706753	39.55
1960-1969	36	0.00230	0.00229	0.5	93537	214	93430	3613120	38.63
1960-1969	37	0.00240	0.00239	0.5	93323	223	93211	3519690	37.72
1960-1969	38	0.00262	0.00262	0.5	93099	244	92978	3426478	36.80
1960-1969	39	0.00279	0.00279	0.5	92856	259	92726	3333501	35.90
1960-1969	40	0.00304	0.00303	0.5	92597	281	92456	3240775	35.00
1960-1969	41	0.00314	0.00314	0.5	92316	289	92171	3148318	34.10
1960-1969	42	0.00359	0.00359	0.5	92026	330	91861	3056147	33.21
1960-1969	43	0.00393	0.00392	0.5	91696	359	91517	2964286	32.33
1960-1969	44	0.00429	0.00428	0.5	91337	391	91142	2872769	31.45
1960-1969	45	0.00442	0.00441	0.5	90946	402	90745	2781628	30.59
1960-1969	46	0.00481	0.00480	0.5	90545	435	90327	2690882	29.72
1960-1969	47	0.00570	0.00569	0.5	90110	512	89854	2600555	28.86
1960-1969	48	0.00596	0.00594	0.5	89598	532	89331	2510701	28.02
1960-1969	49	0.00650	0.00648	0.5	89065	577	88777	2421370	27.19
1960-1969	50	0.00708	0.00705	0.5	88488	624	88176	2332593	26.36
1960-1969	51	0.00780	0.00777	0.5	87864	682	87523	2244417	25.54
1960-1969	52	0.00846	0.00842	0.5	87182	734	86815	2156893	24.74
1960-1969	53	0.00916	0.00911	0.5	86448	788	86054	2070079	23.95
1960-1969	54	0.01003	0.00998	0.5	85660	855	85233	1984025	23.16
1960-1969	55	0.01069	0.01064	0.5	84805	902	84355	1898792	22.39
1960-1969	56	0.01159	0.01153	0.5	83904	967	83420	1814437	21.63
1960-1969	57	0.01245	0.01238	0.5	82936	1026	82423	1731017	20.87
1960-1969	58	0.01321	0.01313	0.5	81910	1075	81372	1648594	20.13
1960-1969	59	0.01480	0.01470	0.5	80835	1188	80241	1567222	19.39
1960-1969	60	0.01595	0.01582	0.5	79647	1260	79017	1486981	18.67
1960-1969	61	0.01705	0.01690	0.5	78387	1325	77724	1407964	17.96
1960-1969	62	0.01857	0.01840	0.5	77062	1418	76353	1330240	17.26
1960-1969	63	0.02035	0.02014	0.5	75644	1524	74882	1253887	16.58
1960-1969	64	0.02165	0.02141	0.5	74120	1587	73326	1179005	15.91
1960-1969	65	0.02395	0.02367	0.5	72533	1717	71674	1105679	15.24
1960-1969	66	0.02553	0.02521	0.5	70816	1785	69923	1034004	14.60
1960-1969	67	0.02772	0.02734	0.5	69031	1888	68087	964081	13.97
1960-1969	68	0.03010	0.02966	0.5	67143	1991	66148	895994	13.34
1960-1969	69	0.03257	0.03205	0.5	65152	2088	64108	829846	12.74
1960-1969	70	0.03606	0.03542	0.5	63064	2234	61947	765739	12.14
1960-1969	71	0.03858	0.03785	0.5	60830	2302	59679	703792	11.57
1960-1969	72	0.04285	0.04196	0.5	58528	2456	57300	644113	11.01
1960-1969	73	0.04574	0.04471	0.5	56072	2507	54819	586813	10.47
1960-1969	74	0.05091	0.04964	0.5	53565	2659	52235	531994	9.93
1960-1969	75	0.05574	0.05423	0.5	50906	2760	49525	479759	9.42
1960-1969	76	0.05884	0.05716	0.5	48145	2752	46769	430233	8.94
1960-1969	77	0.06463	0.06261	0.5	45393	2842	43973	383464	8.45
1960-1969	78	0.07066	0.06825	0.5	42552	2904	41099	339491	7.98
1960-1969	79	0.07813	0.07520	0.5	39647	2981	38157	298392	7.53
1960-1969	80	0.08419	0.08079	0.5	36666	2962	35185	260235	7.10
1960-1969	81	0.08918	0.08538	0.5	33704	2877	32265	225051	6.68
1960-1969	82	0.10141	0.09652	0.5	30826	2975	29338	192786	6.25
1960-1969	83	0.11289	0.10686	0.5	27851	2976	26363	163447	5.87
1960-1969	84	0.12174	0.11476	0.5	24875	2855	23447	137084	5.51
1960-1969	85	0.13634	0.12764	0.5	22020	2811	20615	113637	5.16
1960-1969	86	0.14842	0.13817	0.5	19209	2654	17882	93022	4.84
1960-1969	87	0.16569	0.15302	0.5	16555	2533	15289	75140	4.54
1960-1969	88	0.17758	0.16309	0.5	14022	2287	12879	59852	4.27
1960-1969	89	0.19687	0.17923	0.5	11735	2103	10683	46973	4.00
1960-1969	90	0.21583	0.19481	0.5	9632	1876	8694	36290	3.77
1960-1969	91	0.22809	0.20474	0.5	7755	1588	6961	27596	3.56
1960-1969	92	0.24514	0.21838	0.5	6168	1347	5494	20635	3.35
1960-1969	93	0.26742	0.23588	0.5	4821	1137	4252	15140	3.14
1960-1969	94	0.28879	0.25235	0.5	3684	930	3219	10888	2.96
1960-1969	95	0.31116	0.26927	0.5	2754	742	2383	7669	2.78
1960-1969	96	0.33449	0.28656	0.5	2012	577	1724	5286	2.63
1960-1969	97	0.35869	0.30414	0.5	1436	437	1217	3562	2.48
1960-1969	98	0.38366	0.32191	0.5	999	322	838	2345	2.35
1960-1969	99	0.40929	0.33976	0.5	677	230	562	1506	2.22
1960-1969	100	0.43546	0.35760	0.5	447	160	367	944	2.11
1960-1969	101	0.46202	0.37532	0.5	287	108	233	577	2.01
1960-1969	102	0.48882	0.39281	0.5	179	71	144	343	1.91
1960-1969	103	0.51572	0.41000	0.5	109	45	87	199	1.83
1960-1969	104	0.54254	0.42677	0.5	64	27	51	112	1.75
1960-1969	105	0.56915	0.44306	0.5	37	16	29	62	1.68
1960-1969	106	0.59538	0.45880	0.5	21	9	16	33	1.61
1960-1969	107	0.62109	0.47392	0.5	11	5	8	17	1.56
1960-1969	108	0.64615	0.48837	0.5	6	3	4	9	1.51
1960-1969	109	0.67045	0.50212	0.5	3	2	2	4	1.47
1960-1969	110+	0.69388	1.00000	1.44	1	1	2	2	1.44
1970-1979	0	0.01550	0.01528	0.09	100000	1528	98611	7303246	73.03
1970-1979	1	0.00135	0.00135	0.5	98472	133	98405	7204635	73.16
1970-1979	2	0.00090	0.00090	0.5	98339	88	98295	7106229	72.26
1970-1979	3	0.00070	0.00070	0.5	98250	68	98216	7007935	71.33
1970-1979	4	0.00050	0.00050	0.5	98182	49	98157	6909718	70.38
1970-1979	5	0.00049	0.00049	0.5	98133	48	98109	6811561	69.41
1970-1979	6	0.00045	0.00045	0.5	98085	44	98063	6713452	68.45
1970-1979	7	0.00041	0.00041	0.5	98041	41	98021	6615389	67.48
1970-1979	8	0.00034	0.00034	0.5	98001	34	97984	6517369	66.50
1970-1979	9	0.00033	0.00033	0.5	97967	32	97951	6419385	65.53
1970-1979	10	0.00036	0.00036	0.5	97935	35	97917	6321434	64.55
1970-1979	11	0.00035	0.00035	0.5	97900	34	97883	6223517	63.57
1970-1979	12	0.00038	0.00038	0.5	97866	37	97847	6125634	62.59
1970-1979	13	0.00047	0.00047	0.5	97828	46	97805	6027787	61.62
1970-1979	14	0.00057	0.00057	0.5	97782	56	97754	5929982	60.64
1970-1979	15	0.00080	0.00080	0.5	97726	78	97687	5832228	59.68
1970-1979	16	0.00109	0.00109	0.5	97648	106	97595	5734541	58.73
1970-1979	17	0.00134	0.00134	0.5	97542	131	97476	5636946	57.79
1970-1979	18	0.00154	0.00154	0.5	97411	150	97336	5539470	56.87
1970-1979	19	0.00163	0.00163	0.5	97261	159	97181	5442134	55.95
1970-1979	20	0.00160	0.00160	0.5	97102	155	97024	5344953	55.04
1970-1979	21	0.00158	0.00158	0.5	96946	153	96870	5247929	54.13
1970-1979	22	0.00164	0.00164	0.5	96794	159	96714	5151059	53.22
1970-1979	23	0.00160	0.00160	0.5	96635	155	96557	5054344	52.30
1970-1979	24	0.00157	0.00156	0.5	96480	151	96405	4957787	51.39
1970-1979	25	0.00151	0.00151	0.5	96329	145	96257	4861382	50.47
1970-1979	26	0.00150	0.00149	0.5	96184	144	96112	4765126	49.54
1970-1979	27	0.00147	0.00147	0.5	96040	141	95970	4669013	48.62
1970-1979	28	0.00151	0.00151	0.5	95899	145	95827	4573044	47.69
1970-1979	29	0.00151	0.00151	0.5	95755	144	95683	4477216	46.76
1970-1979	30	0.00155	0.00155	0.5	95611	148	95536	4381534	45.83
1970-1979	31	0.00159	0.00159	0.5	95462	152	95386	4285997	44.90
1970-1979	32	0.00149	0.00149	0.5	95310	142	95239	4190611	43.97
1970-1979	33	0.00173	0.00173	0.5	95168	164	95086	4095371	43.03
1970-1979	34	0.00177	0.00177	0.5	95004	168	94920	4000285	42.11
1970-1979	35	0.00200	0.00200	0.5	94836	189	94742	3905365	41.18
1970-1979	36	0.00212	0.00212	0.5	94647	201	94546	3810624	40.26
1970-1979	37	0.00216	0.00215	0.5	94446	203	94344	3716077	39.35
1970-1979	38	0.00229	0.00229	0.5	94243	215	94135	3621733	38.43
1970-1979	39	0.00247	0.00247	0.5	94027	232	93911	3527598	37.52
1970-1979	40	0.00266	0.00266	0.5	93795	250	93670	3433687	36.61
1970-1979	41	0.00286	0.00285	0.5	93545	267	93412	3340017	35.70
1970-1979	42	0.00322	0.00321	0.5	93279	300	93129	3246605	34.81
1970-1979	43	0.00332	0.00332	0.5	92979	308	92825	3153476	33.92
1970-1979	44	0.00371	0.00371	0.5	92671	344	92499	3060651	33.03
1970-1979	45	0.00403	0.00402	0.5	92327	372	92141	2968152	32.15
1970-1979	46	0.00442	0.00441	0.5	91955	405	91753	2876011	31.28
1970-1979	47	0.00463	0.00462	0.5	91550	423	91339	2784258	30.41
1970-1979	48	0.00519	0.00517	0.5	91128	471	90892	2692919	29.55
1970-1979	49	0.00561	0.00560	0.5	90656	508	90402	2602027	28.70
1970-1979	50	0.00605	0.00604	0.5	90149	544	89877	2511625	27.86
1970-1979	51	0.00668	0.00666	0.5	89604	596	89306	2421748	27.03
1970-1979	52	0.00716	0.00714	0.5	89008	635	88690	2332442	26.20
1970-1979	53	0.00757	0.00754	0.5	88373	667	88039	2243752	25.39
1970-1979	54	0.00847	0.00843	0.5	87706	740	87336	2155712	24.58
1970-1979	55	0.00933	0.00929	0.5	86966	808	86562	2068376	23.78
1970-1979	56	0.00988	0.00983	0.5	86158	847	85735	1981814	23.00
1970-1979	57	0.01081	0.01075	0.5	85311	917	84853	1896079	22.23
1970-1979	58	0.01205	0.01197	0.5	84394	1011	83889	1811226	21.46
1970-1979	59	0.01267	0.01259	0.5	83383	1050	82858	1727338	20.72
1970-1979	60	0.01392	0.01383	0.5	82333	1138	81764	1644479	19.97
1970-1979	61	0.01514	0.01502	0.5	81195	1220	80585	1562715	19.25
1970-1979	62	0.01655	0.01641	0.5	79975	1312	79319	1482130	18.53
1970-1979	63	0.01811	0.01794	0.5	78663	1412	77957	1402811	17.83
1970-1979	64	0.01911	0.01893	0.5	77251	1462	76520	1324854	17.15
1970-1979	65	0.02050	0.02029	0.5	75789	1538	75020	1248334	16.47
1970-1979	66	0.02182	0.02159	0.5	74251	1603	73450	1173313	15.80
1970-1979	67	0.02442	0.02412	0.5	72649	1753	71772	1099864	15.14
1970-1979	68	0.02545	0.02513	0.5	70896	1782	70005	1028091	14.50
1970-1979	69	0.02853	0.02813	0.5	69114	1944	68142	958086	13.86
1970-1979	70	0.03065	0.03018	0.5	67170	2027	66156	889944	13.25
1970-1979	71	0.03341	0.03286	0.5	65143	2141	64072	823788	12.65
1970-1979	72	0.03636	0.03571	0.5	63002	2250	61877	759715	12.06
1970-1979	73	0.03892	0.03817	0.5	60752	2319	59593	697838	11.49
1970-1979	74	0.04254	0.04165	0.5	58433	2434	57216	638246	10.92
1970-1979	75	0.04695	0.04587	0.5	55999	2569	54715	581030	10.38
1970-1979	76	0.05073	0.04948	0.5	53430	2644	52109	526315	9.85
1970-1979	77	0.05560	0.05410	0.5	50787	2747	49413	474206	9.34
1970-1979	78	0.06209	0.06022	0.5	48039	2893	46593	424793	8.84
1970-1979	79	0.06635	0.06422	0.5	45147	2899	43697	378200	8.38
1970-1979	80	0.07045	0.06805	0.5	42247	2875	40810	334503	7.92
1970-1979	81	0.07702	0.07416	0.5	39372	2920	37912	293693	7.46
1970-1979	82	0.08453	0.08111	0.5	36453	2957	34974	255781	7.02
1970-1979	83	0.09485	0.09056	0.5	33496	3033	31979	220806	6.59
1970-1979	84	0.10405	0.09890	0.5	30463	3013	28956	188827	6.20
1970-1979	85	0.11161	0.10571	0.5	27450	2902	25999	159871	5.82
1970-1979	86	0.12517	0.11780	0.5	24548	2892	23102	133872	5.45
1970-1979	87	0.13751	0.12866	0.5	21656	2786	20263	110770	5.11
1970-1979	88	0.14832	0.13808	0.5	18870	2606	17567	90506	4.80
1970-1979	89	0.16506	0.15247	0.5	16264	2480	15025	72939	4.48
1970-1979	90	0.18328	0.16790	0.5	13785	2314	12627	57915	4.20
1970-1979	91	0.19847	0.18056	0.5	11470	2071	10435	45287	3.95
1970-1979	92	0.21480	0.19397	0.5	9399	1823	8488	34852	3.71
1970-1979	93	0.23337	0.20899	0.5	7576	1583	6784	26365	3.48
1970-1979	94	0.25328	0.22481	0.5	5993	1347	5319	19580	3.27
1970-1979	95	0.27433	0.24124	0.5	4646	1121	4085	14261	3.07
1970-1979	96	0.29649	0.25821	0.5	3525	910	3070	10176	2.89
1970-1979	97	0.31971	0.27565	0.5	2615	721	2254	7106	2.72
1970-1979	98	0.34393	0.29346	0.5	1894	556	1616	4852	2.56
1970-1979	99	0.36904	0.31155	0.5	1338	417	1130	3236	2.42
1970-1979	100	0.39494	0.32981	0.5	921	304	769	2106	2.29
1970-1979	101	0.42149	0.34813	0.5	617	215	510	1337	2.17
1970-1979	102	0.44856	0.36639	0.5	402	147	329	827	2.05
1970-1979	103	0.47599	0.38449	0.5	255	98	206	498	1.95
1970-1979	104	0.50361	0.40231	0.5	157	63	125	292	1.86
1970-1979	105	0.53125	0.41975	0.5	94	39	74	167	1.78
1970-1979	106	0.55874	0.43673	0.5	54	24	43	93	1.70
1970-1979	107	0.58590	0.45315	0.5	31	14	24	50	1.64
1970-1979	108	0.61259	0.46895	0.5	17	8	13	27	1.58
1970-1979	109	0.63864	0.48406	0.5	9	4	7	14	1.54
1970-1979	110+	0.66392	1.00000	1.51	5	5	7	7	1.51
1980-1989	0	0.00985	0.00976	0.08	100000	976	99098	7563047	75.63
1980-1989	1	0.00096	0.00096	0.5	99024	96	98976	7463949	75.38
1980-1989	2	0.00065	0.00065	0.5	98928	64	98896	7364974	74.45
1980-1989	3	0.00043	0.00043	0.5	98864	43	98843	7266078	73.50
1980-1989	4	0.00035	0.00035	0.5	98821	34	98804	7167235	72.53
1980-1989	5	0.00031	0.00031	0.5	98787	31	98771	7068431	71.55
1980-1989	6	0.00028	0.00028	0.5	98756	28	98742	6969660	70.57
1980-1989	7	0.00024	0.00024	0.5	98728	24	98716	6870918	69.59
1980-1989	8	0.00026	0.00026	0.5	98704	26	98691	6772202	68.61
1980-1989	9	0.00024	0.00024	0.5	98678	24	98666	6673511	67.63
1980-1989	10	0.00024	0.00024	0.5	98654	23	98643	6574845	66.65
1980-1989	11	0.00027	0.00027	0.5	98631	27	98617	6476202	65.66
1980-1989	12	0.00029	0.00029	0.5	98604	28	98590	6377585	64.68
1980-1989	13	0.00035	0.00035	0.5	98576	34	98559	6278995	63.70
1980-1989	14	0.00045	0.00045	0.5	98542	44	98519	6180436	62.72
1980-1989	15	0.00061	0.00061	0.5	98497	60	98467	6081917	61.75
1980-1989	16	0.00086	0.00086	0.5	98437	85	98395	5983449	60.78
1980-1989	17	0.00103	0.00103	0.5	98352	102	98301	5885055	59.84
1980-1989	18	0.00125	0.00125	0.5	98251	123	98189	5786753	58.90
1980-1989	19	0.00126	0.00126	0.5	98128	123	98066	5688564	57.97
1980-1989	20	0.00126	0.00126	0.5	98005	123	97943	5590498	57.04
1980-1989	21	0.00133	0.00133	0.5	97881	131	97816	5492555	56.11
1980-1989	22	0.00134	0.00134	0.5	97751	131	97685	5394739	55.19
1980-1989	23	0.00134	0.00134	0.5	97620	131	97555	5297053	54.26
1980-1989	24	0.00129	0.00129	0.5	97489	126	97426	5199499	53.33
1980-1989	25	0.00124	0.00124	0.5	97363	121	97303	5102072	52.40
1980-1989	26	0.00124	0.00124	0.5	97243	121	97182	5004769	51.47
1980-1989	27	0.00122	0.00121	0.5	97122	118	97063	4907587	50.53
1980-1989	28	0.00133	0.00133	0.5	97004	129	96939	4810524	49.59
1980-1989	29	0.00124	0.00124	0.5	96875	120	96815	4713585	48.66
1980-1989	30	0.00122	0.00122	0.5	96755	118	96696	4616770	47.72
1980-1989	31	0.00132	0.00132	0.5	96637	127	96573	4520074	46.77
1980-1989	32	0.00137	0.00136	0.5	96510	132	96444	4423500	45.83
1980-1989	33	0.00144	0.00144	0.5	96378	138	96309	4327057	44.90
1980-1989	34	0.00145	0.00145	0.5	96240	140	96170	4230748	43.96
1980-1989	35	0.00150	0.00150	0.5	96100	144	96028	4134578	43.02
1980-1989	36	0.00164	0.00164	0.5	95956	157	95877	4038550	42.09
1980-1989	37	0.00164	0.00164	0.5	95798	157	95720	3942673	41.16
1980-1989	38	0.00182	0.00182	0.5	95641	174	95554	3846954	40.22
1980-1989	39	0.00180	0.00180	0.5	95468	172	95382	3751399	39.29
1980-1989	40	0.00200	0.00200	0.5	95296	191	95200	3656018	38.36
1980-1989	41	0.00218	0.00218	0.5	95105	207	95002	3560817	37.44
1980-1989	42	0.00230	0.00230	0.5	94898	218	94789	3465816	36.52
1980-1989	43	0.00244	0.00243	0.5	94680	231	94565	3371027	35.60
1980-1989	44	0.00263	0.00262	0.5	94450	248	94326	3276462	34.69
1980-1989	45	0.00304	0.00303	0.5	94202	286	94059	3182136	33.78
1980-1989	46	0.00327	0.00326	0.5	93916	306	93763	3088077	32.88
1980-1989	47	0.00353	0.00352	0.5	93610	330	93445	2994314	31.99
1980-1989	48	0.00399	0.00398	0.5	93280	371	93095	2900869	31.10
1980-1989	49	0.00414	0.00413	0.5	92909	384	92717	2807774	30.22
1980-1989	50	0.00446	0.00445	0.5	92525	412	92319	2715057	29.34
1980-1989	51	0.00515	0.00513	0.5	92113	473	91877	2622738	28.47
1980-1989	52	0.00583	0.00582	0.5	91640	533	91374	2530862	27.62
1980-1989	53	0.00606	0.00604	0.5	91107	550	90832	2439488	26.78
1980-1989	54	0.00668	0.00666	0.5	90557	603	90256	2348655	25.94
1980-1989	55	0.00747	0.00744	0.5	89954	669	89620	2258400	25.11
1980-1989	56	0.00806	0.00802	0.5	89285	716	88927	2168780	24.29
1980-1989	57	0.00866	0.00863	0.5	88569	764	88186	2079853	23.48
1980-1989	58	0.00994	0.00989	0.5	87804	868	87370	1991667	22.68
1980-1989	59	0.01068	0.01062	0.5	86936	924	86474	1904297	21.90
1980-1989	60	0.01141	0.01135	0.5	86012	976	85525	1817822	21.13
1980-1989	61	0.01248	0.01241	0.5	85037	1055	84509	1732298	20.37
1980-1989	62	0.01390	0.01380	0.5	83982	1159	83402	1647789	19.62
1980-1989	63	0.01505	0.01494	0.5	82822	1237	82204	1564387	18.89
1980-1989	64	0.01562	0.01549	0.5	81585	1264	80953	1482183	18.17
1980-1989	65	0.01753	0.01738	0.5	80321	1396	79623	1401229	17.45
1980-1989	66	0.01888	0.01870	0.5	78925	1476	78187	1321606	16.75
1980-1989	67	0.02062	0.02041	0.5	77449	1581	76659	1243419	16.05
1980-1989	68	0.02306	0.02280	0.5	75869	1730	75004	1166760	15.38
1980-1989	69	0.02430	0.02400	0.5	74139	1780	73249	1091756	14.73
1980-1989	70	0.02669	0.02634	0.5	72359	1906	71406	1018507	14.08
1980-1989	71	0.02911	0.02869	0.5	70453	2021	69443	947100	13.44
1980-1989	72	0.03239	0.03187	0.5	68432	2181	67342	877657	12.83
1980-1989	73	0.03510	0.03450	0.5	66251	2286	65108	810316	12.23
1980-1989	74	0.03765	0.03696	0.5	63966	2364	62784	745207	11.65
1980-1989	75	0.04095	0.04012	0.5	61602	2472	60366	682424	11.08
1980-1989	76	0.04534	0.04433	0.5	59130	2621	57819	622058	10.52
1980-1989	77	0.04887	0.04770	0.5	56508	2696	55161	564239	9.99
1980-1989	78	0.05298	0.05162	0.5	53813	2778	52424	509078	9.46
1980-1989	79	0.05826	0.05661	0.5	51035	2889	49591	456654	8.95
1980-1989	80	0.06251	0.06062	0.5	48146	2918	46687	407064	8.45
1980-1989	81	0.06965	0.06731	0.5	45228	3044	43706	360377	7.97
1980-1989	82	0.07609	0.07330	0.5	42184	3092	40638	316671	7.51
1980-1989	83	0.08365	0.08029	0.5	39092	3139	37522	276033	7.06
1980-1989	84	0.09251	0.08842	0.5	35953	3179	34363	238511	6.63
1980-1989	85	0.10131	0.09642	0.5	32774	3160	31194	204148	6.23
1980-1989	86	0.11103	0.10519	0.5	29614	3115	28056	172954	5.84
1980-1989	87	0.12391	0.11668	0.5	26499	3092	24953	144898	5.47
1980-1989	88	0.13405	0.12563	0.5	23407	2941	21936	119945	5.12
1980-1989	89	0.15021	0.13972	0.5	20466	2860	19036	98009	4.79
1980-1989	90	0.16468	0.15216	0.5	17607	2679	16267	78972	4.49
1980-1989	91	0.17718	0.16276	0.5	14928	2430	13713	62705	4.20
1980-1989	92	0.19780	0.18000	0.5	12498	2250	11373	48992	3.92
1980-1989	93	0.21451	0.19373	0.5	10248	1985	9256	37619	3.67
1980-1989	94	0.23595	0.21105	0.5	8263	1744	7391	28364	3.43
1980-1989	95	0.25675	0.22754	0.5	6519	1483	5777	20973	3.22
1980-1989	96	0.27878	0.24467	0.5	5036	1232	4420	15195	3.02
1980-1989	97	0.30200	0.26238	0.5	3804	998	3305	10775	2.83
1980-1989	98	0.32636	0.28057	0.5	2806	787	2412	7471	2.66
1980-1989	99	0.35176	0.29915	0.5	2018	604	1717	5059	2.51
1980-1989	100	0.37811	0.31799	0.5	1415	450	1190	3342	2.36
1980-1989	101	0.40527	0.33698	0.5	965	325	802	2153	2.23
1980-1989	102	0.43309	0.35600	0.5	640	228	526	1350	2.11
1980-1989	103	0.46142	0.37492	0.5	412	154	335	825	2.00
1980-1989	104	0.49006	0.39362	0.5	257	101	207	490	1.90
1980-1989	105	0.51884	0.41197	0.5	156	64	124	283	1.81
1980-1989	106	0.54755	0.42987	0.5	92	39	72	159	1.73
1980-1989	107	0.57601	0.44721	0.5	52	23	41	87	1.66
1980-1989	108	0.60403	0.46392	0.5	29	13	22	46	1.60
1980-1989	109	0.63143	0.47991	0.5	16	7	12	24	1.55
1980-1989	110+	0.65805	1.00000	1.52	8	8	12	12	1.52
1990-1999	0	0.00740	0.00735	0.07	100000	735	99316	7692171	76.92
1990-1999	1	0.00069	0.00068	0.5	99265	68	99231	7592855	76.49
1990-1999	2	0.00047	0.00047	0.5	99197	47	99173	7493624	75.54
1990-1999	3	0.00033	0.00033	0.5	99150	33	99134	7394451	74.58
1990-1999	4	0.00026	0.00026	0.5	99117	26	99104	7295317	73.60
1990-1999	5	0.00024	0.00024	0.5	99091	23	99080	7196213	72.62
1990-1999	6	0.00020	0.00020	0.5	99068	20	99058	7097133	71.64
1990-1999	7	0.00019	0.00019	0.5	99048	19	99039	6998075	70.65
1990-1999	8	0.00019	0.00019	0.5	99030	19	99020	6899036	69.67
1990-1999	9	0.00018	0.00018	0.5	99011	18	99002	6800016	68.68
1990-1999	10	0.00019	0.00019	0.5	98993	19	98983	6701014	67.69
1990-1999	11	0.00021	0.00021	0.5	98974	20	98964	6602031	66.70
1990-1999	12	0.00024	0.00024	0.5	98953	23	98942	6503067	65.72
1990-1999	13	0.00030	0.00030	0.5	98930	30	98915	6404125	64.73
1990-1999	14	0.00042	0.00042	0.5	98900	41	98880	6305210	63.75
1990-1999	15	0.00058	0.00058	0.5	98859	57	98830	6206330	62.78
1990-1999	16	0.00079	0.00079	0.5	98802	78	98763	6107500	61.82
1990-1999	17	0.00092	0.00092	0.5	98724	91	98678	6008737	60.86
1990-1999	18	0.00108	0.00108	0.5	98632	106	98579	5910059	59.92
1990-1999	19	0.00110	0.00110	0.5	98526	108	98472	5811480	58.98
1990-1999	20	0.00107	0.00107	0.5	98418	105	98366	5713008	58.05
1990-1999	21	0.00112	0.00112	0.5	98313	110	98258	5614642	57.11
1990-1999	22	0.00107	0.00107	0.5	98203	105	98150	5516384	56.17
1990-1999	23	0.00107	0.00107	0.5	98098	105	98046	5418233	55.23
1990-1999	24	0.00106	0.00106	0.5	97993	104	97941	5320188	54.29
1990-1999	25	0.00107	0.00107	0.5	97889	105	97837	5222247	53.35
1990-1999	26	0.00104	0.00104	0.5	97784	101	97734	5124410	52.41
1990-1999	27	0.00109	0.00109	0.5	97683	106	97630	5026677	51.46
1990-1999	28	0.00117	0.00117	0.5	97577	114	97520	4929047	50.51
1990-1999	29	0.00121	0.00121	0.5	97463	118	97404	4831527	49.57
1990-1999	30	0.00119	0.00119	0.5	97344	116	97287	4734124	48.63
1990-1999	31	0.00135	0.00134	0.5	97229	131	97163	4636837	47.69
1990-1999	32	0.00141	0.00141	0.5	97098	137	97029	4539674	46.75
1990-1999	33	0.00146	0.00146	0.5	96961	141	96890	4442645	45.82
1990-1999	34	0.00152	0.00152	0.5	96820	147	96746	4345754	44.89
1990-1999	35	0.00156	0.00156	0.5	96673	151	96597	4249008	43.95
1990-1999	36	0.00166	0.00166	0.5	96522	161	96441	4152411	43.02
1990-1999	37	0.00179	0.00179	0.5	96361	172	96275	4055970	42.09
1990-1999	38	0.00196	0.00196	0.5	96189	189	96095	3959695	41.17
1990-1999	39	0.00189	0.00189	0.5	96000	181	95910	3863600	40.25
1990-1999	40	0.00202	0.00202	0.5	95819	193	95722	3767690	39.32
1990-1999	41	0.00224	0.00224	0.5	95626	214	95519	3671968	38.40
1990-1999	42	0.00233	0.00232	0.5	95412	222	95301	3576449	37.48
1990-1999	43	0.00254	0.00253	0.5	95190	241	95070	3481148	36.57
1990-1999	44	0.00258	0.00257	0.5	94949	244	94827	3386078	35.66
1990-1999	45	0.00278	0.00277	0.5	94705	263	94574	3291251	34.75
1990-1999	46	0.00300	0.00299	0.5	94442	282	94301	3196678	33.85
1990-1999	47	0.00321	0.00321	0.5	94160	302	94009	3102376	32.95
1990-1999	48	0.00355	0.00354	0.5	93858	333	93691	3008368	32.05
1990-1999	49	0.00363	0.00362	0.5	93525	339	93356	2914676	31.16
1990-1999	50	0.00401	0.00400	0.5	93186	373	93000	2821321	30.28
1990-1999	51	0.00447	0.00446	0.5	92813	414	92606	2728321	29.40
1990-1999	52	0.00478	0.00476	0.5	92399	440	92179	2635715	28.53
1990-1999	53	0.00535	0.00533	0.5	91959	491	91714	2543536	27.66
1990-1999	54	0.00571	0.00569	0.5	91468	521	91208	2451822	26.81
1990-1999	55	0.00613	0.00611	0.5	90948	556	90670	2360614	25.96
1990-1999	56	0.00688	0.00685	0.5	90392	620	90082	2269944	25.11
1990-1999	57	0.00749	0.00746	0.5	89772	670	89437	2179862	24.28
1990-1999	58	0.00850	0.00846	0.5	89102	754	88725	2090425	23.46
1990-1999	59	0.00892	0.00888	0.5	88348	784	87956	2001700	22.66
1990-1999	60	0.01003	0.00998	0.5	87564	874	87127	1913744	21.86
1990-1999	61	0.01130	0.01123	0.5	86690	974	86203	1826617	21.07
1990-1999	62	0.01237	0.01229	0.5	85716	1054	85189	1740414	20.30
1990-1999	63	0.01302	0.01293	0.5	84662	1095	84115	1655225	19.55
1990-1999	64	0.01418	0.01408	0.5	83567	1177	82979	1571111	18.80
1990-1999	65	0.01548	0.01536	0.5	82390	1266	81757	1488132	18.06
1990-1999	66	0.01670	0.01656	0.5	81125	1344	80453	1406374	17.34
1990-1999	67	0.01833	0.01816	0.5	79781	1449	79057	1325922	16.62
1990-1999	68	0.02015	0.01995	0.5	78332	1563	77551	1246865	15.92
1990-1999	69	0.02176	0.02153	0.5	76769	1653	75943	1169314	15.23
1990-1999	70	0.02381	0.02353	0.5	75116	1768	74232	1093372	14.56
1990-1999	71	0.02639	0.02604	0.5	73349	1910	72393	1019139	13.89
1990-1999	72	0.02863	0.02823	0.5	71438	2017	70430	946746	13.25
1990-1999	73	0.03147	0.03098	0.5	69422	2151	68346	876316	12.62
1990-1999	74	0.03369	0.03314	0.5	67271	2229	66156	807970	12.01
1990-1999	75	0.03699	0.03632	0.5	65042	2362	63861	741813	11.41
1990-1999	76	0.04043	0.03963	0.5	62680	2484	61438	677953	10.82
1990-1999	77	0.04448	0.04351	0.5	60196	2619	58886	616515	10.24
1990-1999	78	0.04816	0.04703	0.5	57576	2708	56223	557629	9.69
1990-1999	79	0.05285	0.05149	0.5	54869	2825	53456	501406	9.14
1990-1999	80	0.05960	0.05788	0.5	52044	3012	50538	447950	8.61
1990-1999	81	0.06568	0.06360	0.5	49032	3118	47472	397412	8.11
1990-1999	82	0.07248	0.06994	0.5	45913	3211	44308	349940	7.62
1990-1999	83	0.07980	0.07674	0.5	42702	3277	41064	305632	7.16
1990-1999	84	0.08929	0.08547	0.5	39425	3370	37740	264569	6.71
1990-1999	85	0.09659	0.09214	0.5	36055	3322	34394	226828	6.29
1990-1999	86	0.10884	0.10322	0.5	32733	3379	31044	192434	5.88
1990-1999	87	0.11895	0.11228	0.5	29354	3296	27706	161390	5.50
1990-1999	88	0.13200	0.12383	0.5	26059	3227	24445	133684	5.13
1990-1999	89	0.14513	0.13532	0.5	22832	3089	21287	109239	4.78
1990-1999	90	0.16179	0.14968	0.5	19742	2955	18265	87952	4.45
1990-1999	91	0.17919	0.16446	0.5	16787	2761	15407	69687	4.15
1990-1999	92	0.19918	0.18114	0.5	14026	2541	12756	54280	3.87
1990-1999	93	0.21914	0.19750	0.5	11486	2268	10351	41524	3.62
1990-1999	94	0.23781	0.21253	0.5	9217	1959	8238	31172	3.38
1990-1999	95	0.26005	0.23013	0.5	7258	1670	6423	22935	3.16
1990-1999	96	0.28366	0.24843	0.5	5588	1388	4894	16512	2.95
1990-1999	97	0.30859	0.26734	0.5	4200	1123	3638	11618	2.77
1990-1999	98	0.33476	0.28677	0.5	3077	882	2636	7979	2.59
1990-1999	99	0.36206	0.30657	0.5	2195	673	1858	5344	2.43
1990-1999	100	0.39036	0.32661	0.5	1522	497	1273	3485	2.29
1990-1999	101	0.41948	0.34675	0.5	1025	355	847	2212	2.16
1990-1999	102	0.44924	0.36684	0.5	669	246	547	1365	2.04
1990-1999	103	0.47945	0.38674	0.5	424	164	342	818	1.93
1990-1999	104	0.50988	0.40630	0.5	260	106	207	476	1.83
1990-1999	105	0.54029	0.42538	0.5	154	66	122	269	1.74
1990-1999	106	0.57047	0.44387	0.5	89	39	69	148	1.67
1990-1999	107	0.60020	0.46165	0.5	49	23	38	79	1.60
1990-1999	108	0.62925	0.47866	0.5	27	13	20	41	1.54
1990-1999	109	0.65745	0.49480	0.5	14	7	10	21	1.49
1990-1999	110+	0.68462	1.00000	1.46	7	7	10	10	1.46
2000-2009	0	0.00634	0.00631	0.07	100000	631	99411	7808915	78.09
2000-2009	1	0.00053	0.00053	0.5	99369	53	99343	7709504	77.58
2000-2009	2	0.00034	0.00034	0.5	99317	34	99300	7610161	76.63
2000-2009	3	0.00024	0.00024	0.5	99283	24	99271	7510861	75.65
2000-2009	4	0.00020	0.00020	0.5	99259	20	99249	7411589	74.67
2000-2009	5	0.00016	0.00016	0.5	99239	16	99231	7312340	73.68
2000-2009	6	0.00016	0.00016	0.5	99223	16	99215	7213109	72.70
2000-2009	7	0.00014	0.00014	0.5	99207	14	99200	7113894	71.71
2000-2009	8	0.00013	0.00013	0.5	99193	13	99186	7014694	70.72
2000-2009	9	0.00015	0.00015	0.5	99180	14	99172	6915507	69.73
2000-2009	10	0.00014	0.00014	0.5	99165	14	99158	6816335	68.74
2000-2009	11	0.00016	0.00016	0.5	99151	16	99143	6717177	67.75
2000-2009	12	0.00018	0.00018	0.5	99135	18	99126	6618034	66.76
2000-2009	13	0.00023	0.00023	0.5	99118	23	99106	6518907	65.77
2000-2009	14	0.00030	0.00030	0.5	99095	30	99080	6419801	64.78
2000-2009	15	0.00042	0.00042	0.5	99065	41	99044	6320721	63.80
2000-2009	16	0.00058	0.00058	0.5	99024	57	98995	6221677	62.83
2000-2009	17	0.00068	0.00068	0.5	98967	68	98933	6122682	61.87
2000-2009	18	0.00092	0.00091	0.5	98899	90	98854	6023749	60.91
2000-2009	19	0.00101	0.00101	0.5	98809	100	98759	5924896	59.96
2000-2009	20	0.00102	0.00102	0.5	98709	101	98658	5826137	59.02
2000-2009	21	0.00104	0.00104	0.5	98608	103	98556	5727479	58.08
2000-2009	22	0.00103	0.00103	0.5	98505	102	98454	5628922	57.14
2000-2009	23	0.00099	0.00099	0.5	98403	98	98355	5530468	56.20
2000-2009	24	0.00102	0.00102	0.5	98306	100	98256	5432113	55.26
2000-2009	25	0.00101	0.00101	0.5	98206	99	98156	5333858	54.31
2000-2009	26	0.00101	0.00101	0.5	98106	99	98057	5235702	53.37
2000-2009	27	0.00104	0.00104	0.5	98007	102	97956	5137645	52.42
2000-2009	28	0.00104	0.00104	0.5	97905	102	97854	5039689	51.48
2000-2009	29	0.00109	0.00109	0.5	97803	106	97750	4941835	50.53
2000-2009	30	0.00111	0.00111	0.5	97697	109	97642	4844085	49.58
2000-2009	31	0.00115	0.00115	0.5	97588	112	97532	4746443	48.64
2000-2009	32	0.00117	0.00116	0.5	97476	114	97419	4648912	47.69
2000-2009	33	0.00125	0.00125	0.5	97362	121	97301	4551493	46.75
2000-2009	34	0.00132	0.00132	0.5	97241	129	97176	4454191	45.81
2000-2009	35	0.00143	0.00143	0.5	97112	139	97043	4357015	44.87
2000-2009	36	0.00151	0.00150	0.5	96973	146	96900	4259972	43.93
2000-2009	37	0.00161	0.00161	0.5	96827	155	96750	4163072	42.99
2000-2009	38	0.00173	0.00173	0.5	96672	167	96588	4066323	42.06
2000-2009	39	0.00190	0.00190	0.5	96505	183	96413	3969734	41.14
2000-2009	40	0.00202	0.00202	0.5	96322	194	96225	3873321	40.21
2000-2009	41	0.00216	0.00216	0.5	96128	208	96024	3777096	39.29
2000-2009	42	0.00234	0.00233	0.5	95920	224	95808	3681072	38.38
2000-2009	43	0.00255	0.00254	0.5	95696	243	95574	3585265	37.47
2000-2009	44	0.00273	0.00273	0.5	95453	260	95323	3489690	36.56
2000-2009	45	0.00293	0.00293	0.5	95192	279	95053	3394368	35.66
2000-2009	46	0.00315	0.00315	0.5	94914	299	94764	3299315	34.76
2000-2009	47	0.00338	0.00338	0.5	94615	319	94455	3204550	33.87
2000-2009	48	0.00367	0.00366	0.5	94295	346	94123	3110095	32.98
2000-2009	49	0.00392	0.00391	0.5	93950	368	93766	3015973	32.10
2000-2009	50	0.00418	0.00417	0.5	93582	391	93387	2922207	31.23
2000-2009	51	0.00440	0.00439	0.5	93192	409	92987	2828820	30.35
2000-2009	52	0.00482	0.00481	0.5	92783	446	92560	2735833	29.49
2000-2009	53	0.00514	0.00513	0.5	92337	473	92100	2643273	28.63
2000-2009	54	0.00547	0.00545	0.5	91863	501	91613	2551173	27.77
2000-2009	55	0.00586	0.00584	0.5	91362	534	91096	2459560	26.92
2000-2009	56	0.00614	0.00612	0.5	90829	556	90551	2368465	26.08
2000-2009	57	0.00673	0.00671	0.5	90273	606	89970	2277914	25.23
2000-2009	58	0.00719	0.00716	0.5	89667	642	89346	2187944	24.40
2000-2009	59	0.00784	0.00781	0.5	89025	695	88677	2098598	23.57
2000-2009	60	0.00864	0.00860	0.5	88330	760	87950	2009921	22.75
2000-2009	61	0.00937	0.00933	0.5	87570	817	87161	1921971	21.95
2000-2009	62	0.01009	0.01004	0.5	86753	871	86317	1834810	21.15
2000-2009	63	0.01099	0.01093	0.5	85882	939	85412	1748493	20.36
2000-2009	64	0.01209	0.01202	0.5	84943	1021	84432	1663080	19.58
2000-2009	65	0.01302	0.01294	0.5	83922	1086	83379	1578648	18.81
2000-2009	66	0.01413	0.01404	0.5	82836	1163	82255	1495269	18.05
2000-2009	67	0.01523	0.01512	0.5	81673	1235	81056	1413014	17.30
2000-2009	68	0.01645	0.01631	0.5	80439	1312	79783	1331958	16.56
2000-2009	69	0.01831	0.01815	0.5	79127	1436	78409	1252175	15.82
2000-2009	70	0.02018	0.01997	0.5	77691	1552	76915	1173767	15.11
2000-2009	71	0.02162	0.02139	0.5	76139	1628	75325	1096852	14.41
2000-2009	72	0.02416	0.02388	0.5	74511	1779	73621	1021527	13.71
2000-2009	73	0.02690	0.02654	0.5	72732	1930	71767	947905	13.03
2000-2009	74	0.02920	0.02878	0.5	70801	2038	69783	876139	12.37
2000-2009	75	0.03230	0.03179	0.5	68764	2186	67671	806356	11.73
2000-2009	76	0.03556	0.03494	0.5	66578	2326	65415	738685	11.10
2000-2009	77	0.03938	0.03862	0.5	64252	2481	63011	673270	10.48
2000-2009	78	0.04323	0.04231	0.5	61771	2614	60464	610259	9.88
2000-2009	79	0.04793	0.04680	0.5	59157	2769	57773	549796	9.29
2000-2009	80	0.05400	0.05258	0.5	56388	2965	54906	492023	8.73
2000-2009	81	0.06049	0.05871	0.5	53423	3137	51855	437117	8.18
2000-2009	82	0.06818	0.06593	0.5	50287	3315	48629	385262	7.66
2000-2009	83	0.07577	0.07300	0.5	46972	3429	45257	336633	7.17
2000-2009	84	0.08401	0.08062	0.5	43543	3511	41787	291376	6.69
2000-2009	85	0.09468	0.09040	0.5	40032	3619	38223	249588	6.23
2000-2009	86	0.10653	0.10114	0.5	36413	3683	34572	211366	5.80
2000-2009	87	0.11844	0.11182	0.5	32730	3660	30900	176794	5.40
2000-2009	88	0.13301	0.12472	0.5	29070	3626	27258	145894	5.02
2000-2009	89	0.14767	0.13752	0.5	25445	3499	23695	118636	4.66
2000-2009	90	0.16595	0.15323	0.5	21946	3363	20264	94941	4.33
2000-2009	91	0.18245	0.16720	0.5	18583	3107	17029	74677	4.02
2000-2009	92	0.20635	0.18705	0.5	15476	2895	14028	57647	3.72
2000-2009	93	0.22713	0.20396	0.5	12581	2566	11298	43619	3.47
2000-2009	94	0.24906	0.22148	0.5	10015	2218	8906	32321	3.23
2000-2009	95	0.27404	0.24102	0.5	7797	1879	6857	23415	3.00
2000-2009	96	0.30056	0.26129	0.5	5918	1546	5145	16558	2.80
2000-2009	97	0.32851	0.28216	0.5	4371	1233	3755	11413	2.61
2000-2009	98	0.35776	0.30348	0.5	3138	952	2662	7658	2.44
2000-2009	99	0.38815	0.32506	0.5	2186	710	1830	4997	2.29
2000-2009	100	0.41947	0.34675	0.5	1475	512	1219	3166	2.15
2000-2009	101	0.45150	0.36834	0.5	964	355	786	1947	2.02
2000-2009	102	0.48397	0.38967	0.5	609	237	490	1161	1.91
2000-2009	103	0.51661	0.41056	0.5	372	153	295	670	1.80
2000-2009	104	0.54916	0.43086	0.5	219	94	172	375	1.71
2000-2009	105	0.58133	0.45041	0.5	125	56	97	203	1.63
2000-2009	106	0.61285	0.46911	0.5	68	32	52	107	1.56
2000-2009	107	0.64350	0.48685	0.5	36	18	28	54	1.50
2000-2009	108	0.67304	0.50358	0.5	19	9	14	27	1.44
2000-2009	109	0.70130	0.51923	0.5	9	5	7	13	1.40
2000-2009	110+	0.72813	1.00000	1.37	4	4	6	6	1.37
2010-2019	0	0.00537	0.00534	0.06	100000	534	99500	7930601	79.31
2010-2019	1	0.00046	0.00046	0.5	99466	45	99443	7831101	78.73
2010-2019	2	0.00026	0.00026	0.5	99421	26	99407	7731658	77.77
2010-2019	3	0.00020	0.00020	0.5	99394	20	99384	7632251	76.79
2010-2019	4	0.00016	0.00016	0.5	99374	16	99366	7532866	75.80
2010-2019	5	0.00014	0.00014	0.5	99358	14	99351	7433500	74.82
2010-2019	6	0.00011	0.00011	0.5	99344	11	99339	7334149	73.83
2010-2019	7	0.00011	0.00011	0.5	99333	11	99328	7234811	72.83
2010-2019	8	0.00011	0.00011	0.5	99322	11	99317	7135483	71.84
2010-2019	9	0.00011	0.00011	0.5	99311	11	99305	7036166	70.85
2010-2019	10	0.00011	0.00011	0.5	99300	11	99295	6936861	69.86
2010-2019	11	0.00012	0.00012	0.5	99289	12	99283	6837566	68.87
2010-2019	12	0.00015	0.00015	0.5	99277	15	99270	6738283	67.87
2010-2019	13	0.00019	0.00019	0.5	99262	18	99253	6639013	66.88
2010-2019	14	0.00025	0.00025	0.5	99244	25	99232	6539760	65.90
2010-2019	15	0.00032	0.00032	0.5	99219	32	99203	6440528	64.91
2010-2019	16	0.00044	0.00044	0.5	99187	43	99165	6341326	63.93
2010-2019	17	0.00053	0.00053	0.5	99144	53	99117	6242160	62.96
2010-2019	18	0.00070	0.00070	0.5	99091	70	99056	6143043	61.99
2010-2019	19	0.00078	0.00078	0.5	99021	77	98983	6043987	61.04
2010-2019	20	0.00087	0.00087	0.5	98944	86	98901	5945004	60.08
2010-2019	21	0.00093	0.00093	0.5	98858	92	98812	5846103	59.14
2010-2019	22	0.00098	0.00098	0.5	98767	97	98718	5747291	58.19
2010-2019	23	0.00099	0.00099	0.5	98670	97	98621	5648572	57.25
2010-2019	24	0.00101	0.00101	0.5	98572	99	98523	5549952	56.30
2010-2019	25	0.00105	0.00105	0.5	98473	103	98422	5451429	55.36
2010-2019	26	0.00110	0.00110	0.5	98370	108	98316	5353007	54.42
2010-2019	27	0.00115	0.00114	0.5	98262	113	98206	5254692	53.48
2010-2019	28	0.00117	0.00116	0.5	98149	114	98092	5156486	52.54
2010-2019	29	0.00123	0.00123	0.5	98035	120	97975	5058394	51.60
2010-2019	30	0.00123	0.00123	0.5	97915	121	97855	4960419	50.66
2010-2019	31	0.00134	0.00134	0.5	97794	131	97729	4862565	49.72
2010-2019	32	0.00131	0.00130	0.5	97664	127	97600	4764836	48.79
2010-2019	33	0.00140	0.00140	0.5	97536	136	97468	4667236	47.85
2010-2019	34	0.00144	0.00144	0.5	97400	140	97330	4569768	46.92
2010-2019	35	0.00147	0.00147	0.5	97260	143	97188	4472438	45.98
2010-2019	36	0.00158	0.00158	0.5	97117	153	97040	4375250	45.05
2010-2019	37	0.00159	0.00159	0.5	96963	154	96886	4278210	44.12
2010-2019	38	0.00167	0.00167	0.5	96810	161	96729	4181323	43.19
2010-2019	39	0.00180	0.00180	0.5	96648	174	96561	4084594	42.26
2010-2019	40	0.00190	0.00190	0.5	96475	183	96383	3988033	41.34
2010-2019	41	0.00202	0.00202	0.5	96291	194	96194	3891650	40.42
2010-2019	42	0.00214	0.00214	0.5	96097	206	95994	3795456	39.50
2010-2019	43	0.00229	0.00228	0.5	95891	219	95782	3699462	38.58
2010-2019	44	0.00243	0.00243	0.5	95672	233	95556	3603680	37.67
2010-2019	45	0.00260	0.00260	0.5	95440	248	95316	3508124	36.76
2010-2019	46	0.00296	0.00295	0.5	95192	281	95051	3412808	35.85
2010-2019	47	0.00312	0.00312	0.5	94911	296	94763	3317757	34.96
2010-2019	48	0.00345	0.00345	0.5	94615	326	94452	3222994	34.06
2010-2019	49	0.00376	0.00375	0.5	94289	354	94112	3128542	33.18
2010-2019	50	0.00398	0.00397	0.5	93935	373	93748	3034431	32.30
2010-2019	51	0.00433	0.00432	0.5	93561	405	93359	2940683	31.43
2010-2019	52	0.00468	0.00467	0.5	93157	435	92939	2847324	30.56
2010-2019	53	0.00509	0.00508	0.5	92722	471	92486	2754384	29.71
2010-2019	54	0.00550	0.00548	0.5	92251	506	91998	2661898	28.86
2010-2019	55	0.00590	0.00588	0.5	91745	539	91475	2569900	28.01
2010-2019	56	0.00635	0.00633	0.5	91205	578	90917	2478425	27.17
2010-2019	57	0.00679	0.00677	0.5	90628	614	90321	2387509	26.34
2010-2019	58	0.00728	0.00725	0.5	90014	653	89688	2297188	25.52
2010-2019	59	0.00779	0.00776	0.5	89361	694	89015	2207500	24.70
2010-2019	60	0.00835	0.00832	0.5	88668	737	88299	2118485	23.89
2010-2019	61	0.00889	0.00885	0.5	87930	778	87541	2030186	23.09
2010-2019	62	0.00948	0.00944	0.5	87152	822	86741	1942645	22.29
2010-2019	63	0.01038	0.01032	0.5	86330	891	85884	1855904	21.50
2010-2019	64	0.01090	0.01084	0.5	85438	926	84975	1770020	20.72
2010-2019	65	0.01153	0.01146	0.5	84512	969	84028	1685044	19.94
2010-2019	66	0.01244	0.01236	0.5	83543	1032	83027	1601017	19.16
2010-2019	67	0.01347	0.01338	0.5	82511	1104	81959	1517990	18.40
2010-2019	68	0.01429	0.01419	0.5	81407	1155	80829	1436031	17.64
2010-2019	69	0.01560	0.01548	0.5	80252	1243	79630	1355202	16.89
2010-2019	70	0.01702	0.01688	0.5	79009	1333	78342	1275571	16.14
2010-2019	71	0.01855	0.01838	0.5	77676	1428	76962	1197229	15.41
2010-2019	72	0.02065	0.02044	0.5	76248	1559	75468	1120267	14.69
2010-2019	73	0.02234	0.02209	0.5	74689	1650	73864	1044799	13.99
2010-2019	74	0.02476	0.02446	0.5	73039	1786	72146	970935	13.29
2010-2019	75	0.02755	0.02718	0.5	71253	1937	70284	898789	12.61
2010-2019	76	0.03033	0.02988	0.5	69316	2071	68280	828505	11.95
2010-2019	77	0.03325	0.03270	0.5	67245	2199	66145	760225	11.31
2010-2019	78	0.03686	0.03619	0.5	65046	2354	63869	694079	10.67
2010-2019	79	0.04101	0.04018	0.5	62692	2519	61432	630211	10.05
2010-2019	80	0.04540	0.04439	0.5	60173	2671	58837	568778	9.45
2010-2019	81	0.05049	0.04924	0.5	57501	2832	56086	509941	8.87
2010-2019	82	0.05671	0.05515	0.5	54670	3015	53162	453856	8.30
2010-2019	83	0.06341	0.06147	0.5	51655	3175	50067	400694	7.76
2010-2019	84	0.07203	0.06953	0.5	48480	3371	46794	350626	7.23
2010-2019	85	0.07986	0.07679	0.5	45109	3464	43377	303832	6.74
2010-2019	86	0.09109	0.08712	0.5	41645	3628	39831	260455	6.25
2010-2019	87	0.10287	0.09784	0.5	38017	3720	36157	220624	5.80
2010-2019	88	0.11641	0.11001	0.5	34297	3773	32411	184467	5.38
2010-2019	89	0.13117	0.12310	0.5	30524	3758	28646	152056	4.98
2010-2019	90	0.14807	0.13787	0.5	26767	3690	24922	123410	4.61
2010-2019	91	0.16742	0.15449	0.5	23077	3565	21294	98488	4.27
2010-2019	92	0.18808	0.17192	0.5	19512	3354	17834	77194	3.96
2010-2019	93	0.20931	0.18948	0.5	16157	3061	14627	59360	3.67
2010-2019	94	0.22816	0.20479	0.5	13096	2682	11755	44733	3.42
2010-2019	95	0.25297	0.22457	0.5	10414	2339	9245	32978	3.17
2010-2019	96	0.27952	0.24524	0.5	8075	1980	7085	23734	2.94
2010-2019	97	0.30772	0.26669	0.5	6095	1625	5282	16649	2.73
2010-2019	98	0.33746	0.28874	0.5	4469	1291	3824	11366	2.54
2010-2019	99	0.36856	0.31121	0.5	3179	989	2684	7542	2.37
2010-2019	100	0.40081	0.33390	0.5	2190	731	1824	4858	2.22
2010-2019	101	0.43397	0.35659	0.5	1459	520	1198	3034	2.08
2010-2019	102	0.46775	0.37909	0.5	938	356	761	1835	1.96
2010-2019	103	0.50186	0.40119	0.5	583	234	466	1075	1.84
2010-2019	104	0.53598	0.42270	0.5	349	147	275	609	1.75
2010-2019	105	0.56979	0.44345	0.5	201	89	157	334	1.66
2010-2019	106	0.60299	0.46331	0.5	112	52	86	177	1.58
2010-2019	107	0.63529	0.48214	0.5	60	29	46	91	1.51
2010-2019	108	0.66644	0.49987	0.5	31	16	23	45	1.45
2010-2019	109	0.69622	0.51644	0.5	16	8	12	22	1.41
2010-2019	110+	0.72447	1.00000	1.38	8	8	10	10	1.38
