Div8: Mountain, Lifetables (period 1x5), Males Last modified: 20 Dec 2020, MPv5 (May07) 

Year     	Age	mx	qx	ax	lx	dx	Lx	Tx	ex
1960-1964	0	0.03061	0.02981	0.13	100000	2981	97398	6698537	66.99
1960-1964	1	0.00227	0.00227	0.5	97019	220	96909	6601139	68.04
1960-1964	2	0.00138	0.00138	0.5	96799	134	96732	6504230	67.19
1960-1964	3	0.00107	0.00107	0.5	96665	104	96613	6407499	66.29
1960-1964	4	0.00082	0.00082	0.5	96561	79	96521	6310886	65.36
1960-1964	5	0.00066	0.00066	0.5	96482	64	96450	6214365	64.41
1960-1964	6	0.00062	0.00062	0.5	96418	60	96388	6117915	63.45
1960-1964	7	0.00054	0.00054	0.5	96359	52	96333	6021526	62.49
1960-1964	8	0.00049	0.00049	0.5	96307	47	96283	5925194	61.52
1960-1964	9	0.00050	0.00050	0.5	96260	48	96236	5828910	60.55
1960-1964	10	0.00049	0.00049	0.5	96212	47	96188	5732675	59.58
1960-1964	11	0.00049	0.00049	0.5	96165	47	96141	5636487	58.61
1960-1964	12	0.00059	0.00059	0.5	96118	57	96089	5540345	57.64
1960-1964	13	0.00066	0.00066	0.5	96061	63	96029	5444256	56.68
1960-1964	14	0.00083	0.00083	0.5	95997	79	95958	5348227	55.71
1960-1964	15	0.00108	0.00108	0.5	95918	104	95866	5252270	54.76
1960-1964	16	0.00139	0.00138	0.5	95814	133	95748	5156404	53.82
1960-1964	17	0.00168	0.00168	0.5	95681	160	95601	5060656	52.89
1960-1964	18	0.00204	0.00204	0.5	95521	195	95424	4965055	51.98
1960-1964	19	0.00210	0.00210	0.5	95326	200	95226	4869631	51.08
1960-1964	20	0.00245	0.00245	0.5	95126	233	95010	4774405	50.19
1960-1964	21	0.00239	0.00239	0.5	94893	227	94780	4679395	49.31
1960-1964	22	0.00248	0.00247	0.5	94666	234	94549	4584615	48.43
1960-1964	23	0.00241	0.00240	0.5	94432	227	94319	4490066	47.55
1960-1964	24	0.00203	0.00203	0.5	94205	191	94109	4395748	46.66
1960-1964	25	0.00221	0.00221	0.5	94014	208	93910	4301638	45.76
1960-1964	26	0.00216	0.00216	0.5	93806	202	93705	4207728	44.86
1960-1964	27	0.00213	0.00213	0.5	93603	199	93504	4114024	43.95
1960-1964	28	0.00217	0.00217	0.5	93404	203	93303	4020520	43.04
1960-1964	29	0.00218	0.00217	0.5	93201	203	93100	3927217	42.14
1960-1964	30	0.00209	0.00208	0.5	92999	194	92902	3834117	41.23
1960-1964	31	0.00219	0.00219	0.5	92805	203	92703	3741215	40.31
1960-1964	32	0.00216	0.00216	0.5	92602	200	92502	3648512	39.40
1960-1964	33	0.00252	0.00252	0.5	92402	233	92285	3556010	38.48
1960-1964	34	0.00263	0.00263	0.5	92169	242	92048	3463725	37.58
1960-1964	35	0.00256	0.00256	0.5	91927	235	91809	3371677	36.68
1960-1964	36	0.00309	0.00309	0.5	91691	283	91550	3279868	35.77
1960-1964	37	0.00309	0.00308	0.5	91408	282	91267	3188319	34.88
1960-1964	38	0.00346	0.00345	0.5	91126	314	90969	3097051	33.99
1960-1964	39	0.00352	0.00351	0.5	90812	319	90652	3006082	33.10
1960-1964	40	0.00398	0.00397	0.5	90493	359	90313	2915430	32.22
1960-1964	41	0.00414	0.00413	0.5	90133	372	89947	2825117	31.34
1960-1964	42	0.00480	0.00478	0.5	89761	429	89546	2735169	30.47
1960-1964	43	0.00483	0.00482	0.5	89332	431	89116	2645623	29.62
1960-1964	44	0.00581	0.00579	0.5	88901	515	88643	2556507	28.76
1960-1964	45	0.00572	0.00570	0.5	88386	504	88134	2467863	27.92
1960-1964	46	0.00625	0.00623	0.5	87882	548	87608	2379729	27.08
1960-1964	47	0.00772	0.00769	0.5	87334	671	86999	2292121	26.25
1960-1964	48	0.00776	0.00773	0.5	86663	670	86328	2205122	25.44
1960-1964	49	0.00880	0.00877	0.5	85993	754	85616	2118794	24.64
1960-1964	50	0.00953	0.00948	0.5	85239	808	84835	2033178	23.85
1960-1964	51	0.01037	0.01031	0.5	84431	871	83996	1948343	23.08
1960-1964	52	0.01138	0.01132	0.5	83560	946	83087	1864347	22.31
1960-1964	53	0.01231	0.01223	0.5	82614	1010	82109	1781260	21.56
1960-1964	54	0.01298	0.01289	0.5	81604	1052	81078	1699151	20.82
1960-1964	55	0.01465	0.01454	0.5	80552	1171	79966	1618073	20.09
1960-1964	56	0.01573	0.01561	0.5	79380	1239	78761	1538107	19.38
1960-1964	57	0.01699	0.01684	0.5	78141	1316	77483	1459346	18.68
1960-1964	58	0.01800	0.01784	0.5	76825	1371	76140	1381863	17.99
1960-1964	59	0.01990	0.01970	0.5	75454	1486	74711	1305723	17.30
1960-1964	60	0.02200	0.02176	0.5	73968	1610	73163	1231012	16.64
1960-1964	61	0.02290	0.02265	0.5	72358	1639	71539	1157849	16.00
1960-1964	62	0.02521	0.02490	0.5	70719	1761	69839	1086310	15.36
1960-1964	63	0.02709	0.02673	0.5	68959	1843	68037	1016471	14.74
1960-1964	64	0.02981	0.02937	0.5	67115	1971	66130	948434	14.13
1960-1964	65	0.03260	0.03208	0.5	65144	2090	64099	882304	13.54
1960-1964	66	0.03493	0.03433	0.5	63054	2165	61972	818205	12.98
1960-1964	67	0.03736	0.03668	0.5	60890	2233	59773	756233	12.42
1960-1964	68	0.03996	0.03918	0.5	58656	2298	57507	696460	11.87
1960-1964	69	0.04364	0.04271	0.5	56358	2407	55155	638953	11.34
1960-1964	70	0.04687	0.04580	0.5	53952	2471	52716	583798	10.82
1960-1964	71	0.05035	0.04911	0.5	51481	2528	50217	531082	10.32
1960-1964	72	0.05494	0.05347	0.5	48952	2618	47644	480865	9.82
1960-1964	73	0.05745	0.05585	0.5	46335	2588	45041	433221	9.35
1960-1964	74	0.06472	0.06269	0.5	43747	2742	42376	388181	8.87
1960-1964	75	0.07028	0.06789	0.5	41005	2784	39613	345805	8.43
1960-1964	76	0.07140	0.06894	0.5	38221	2635	36903	306192	8.01
1960-1964	77	0.07827	0.07533	0.5	35586	2681	34245	269289	7.57
1960-1964	78	0.08364	0.08028	0.5	32905	2642	31584	235043	7.14
1960-1964	79	0.09409	0.08986	0.5	30264	2719	28904	203459	6.72
1960-1964	80	0.10429	0.09912	0.5	27544	2730	26179	174555	6.34
1960-1964	81	0.10803	0.10250	0.5	24814	2543	23542	148376	5.98
1960-1964	82	0.12465	0.11733	0.5	22271	2613	20964	124834	5.61
1960-1964	83	0.13693	0.12815	0.5	19658	2519	18398	103870	5.28
1960-1964	84	0.14352	0.13391	0.5	17138	2295	15991	85472	4.99
1960-1964	85	0.15650	0.14514	0.5	14843	2154	13766	69481	4.68
1960-1964	86	0.17272	0.15899	0.5	12689	2017	11680	55715	4.39
1960-1964	87	0.19351	0.17644	0.5	10672	1883	9730	44034	4.13
1960-1964	88	0.20439	0.18544	0.5	8789	1630	7974	34304	3.90
1960-1964	89	0.22300	0.20063	0.5	7159	1436	6441	26331	3.68
1960-1964	90	0.25505	0.22620	0.5	5723	1294	5075	19890	3.48
1960-1964	91	0.25177	0.22362	0.5	4428	990	3933	14814	3.35
1960-1964	92	0.26448	0.23359	0.5	3438	803	3036	10881	3.17
1960-1964	93	0.29021	0.25343	0.5	2635	668	2301	7845	2.98
1960-1964	94	0.31056	0.26881	0.5	1967	529	1703	5544	2.82
1960-1964	95	0.33166	0.28449	0.5	1438	409	1234	3841	2.67
1960-1964	96	0.35347	0.30038	0.5	1029	309	875	2607	2.53
1960-1964	97	0.37591	0.31643	0.5	720	228	606	1733	2.41
1960-1964	98	0.39889	0.33256	0.5	492	164	410	1127	2.29
1960-1964	99	0.42232	0.34869	0.5	328	115	271	717	2.18
1960-1964	100	0.44611	0.36475	0.5	214	78	175	445	2.08
1960-1964	101	0.47015	0.38066	0.5	136	52	110	270	1.99
1960-1964	102	0.49433	0.39636	0.5	84	33	67	160	1.90
1960-1964	103	0.51853	0.41177	0.5	51	21	40	93	1.83
1960-1964	104	0.54265	0.42684	0.5	30	13	24	52	1.76
1960-1964	105	0.56657	0.44150	0.5	17	8	13	29	1.69
1960-1964	106	0.59018	0.45571	0.5	10	4	7	16	1.63
1960-1964	107	0.61339	0.46942	0.5	5	2	4	8	1.58
1960-1964	108	0.63609	0.48260	0.5	3	1	2	4	1.53
1960-1964	109	0.65820	0.49522	0.5	1	1	1	2	1.50
1960-1964	110+	0.67964	1.00000	1.47	1	1	1	1	1.47
1965-1969	0	0.02595	0.02537	0.11	100000	2537	97754	6766920	67.67
1965-1969	1	0.00200	0.00200	0.5	97463	195	97366	6669166	68.43
1965-1969	2	0.00124	0.00124	0.5	97269	120	97208	6571800	67.56
1965-1969	3	0.00096	0.00096	0.5	97148	93	97102	6474592	66.65
1965-1969	4	0.00072	0.00072	0.5	97055	70	97020	6377490	65.71
1965-1969	5	0.00067	0.00067	0.5	96986	65	96953	6280470	64.76
1965-1969	6	0.00053	0.00053	0.5	96921	51	96895	6183516	63.80
1965-1969	7	0.00054	0.00054	0.5	96869	52	96843	6086621	62.83
1965-1969	8	0.00047	0.00047	0.5	96817	45	96794	5989778	61.87
1965-1969	9	0.00048	0.00048	0.5	96772	47	96748	5892984	60.90
1965-1969	10	0.00045	0.00045	0.5	96725	43	96704	5796235	59.92
1965-1969	11	0.00043	0.00043	0.5	96682	42	96661	5699532	58.95
1965-1969	12	0.00053	0.00053	0.5	96640	51	96614	5602871	57.98
1965-1969	13	0.00062	0.00062	0.5	96589	60	96558	5506257	57.01
1965-1969	14	0.00091	0.00091	0.5	96528	87	96485	5409698	56.04
1965-1969	15	0.00108	0.00108	0.5	96441	104	96389	5313214	55.09
1965-1969	16	0.00158	0.00158	0.5	96337	152	96261	5216825	54.15
1965-1969	17	0.00178	0.00177	0.5	96185	171	96100	5120563	53.24
1965-1969	18	0.00217	0.00217	0.5	96015	209	95910	5024463	52.33
1965-1969	19	0.00223	0.00223	0.5	95806	213	95699	4928553	51.44
1965-1969	20	0.00223	0.00223	0.5	95593	213	95486	4832854	50.56
1965-1969	21	0.00245	0.00245	0.5	95379	233	95263	4737368	49.67
1965-1969	22	0.00243	0.00243	0.5	95146	231	95031	4642105	48.79
1965-1969	23	0.00235	0.00234	0.5	94915	222	94804	4547075	47.91
1965-1969	24	0.00219	0.00219	0.5	94693	207	94589	4452271	47.02
1965-1969	25	0.00231	0.00231	0.5	94486	218	94377	4357681	46.12
1965-1969	26	0.00218	0.00218	0.5	94268	206	94165	4263304	45.23
1965-1969	27	0.00208	0.00208	0.5	94062	196	93965	4169139	44.32
1965-1969	28	0.00219	0.00219	0.5	93867	206	93764	4075175	43.41
1965-1969	29	0.00210	0.00210	0.5	93661	196	93563	3981411	42.51
1965-1969	30	0.00231	0.00231	0.5	93465	216	93357	3887848	41.60
1965-1969	31	0.00219	0.00219	0.5	93249	204	93147	3794491	40.69
1965-1969	32	0.00243	0.00243	0.5	93045	226	92932	3701343	39.78
1965-1969	33	0.00252	0.00251	0.5	92820	233	92703	3608411	38.88
1965-1969	34	0.00237	0.00236	0.5	92586	219	92477	3515708	37.97
1965-1969	35	0.00260	0.00260	0.5	92368	240	92248	3423231	37.06
1965-1969	36	0.00277	0.00276	0.5	92128	255	92000	3330984	36.16
1965-1969	37	0.00305	0.00305	0.5	91873	280	91733	3238983	35.25
1965-1969	38	0.00332	0.00332	0.5	91593	304	91441	3147250	34.36
1965-1969	39	0.00352	0.00352	0.5	91289	321	91129	3055809	33.47
1965-1969	40	0.00369	0.00369	0.5	90968	335	90800	2964680	32.59
1965-1969	41	0.00392	0.00391	0.5	90633	355	90455	2873880	31.71
1965-1969	42	0.00448	0.00447	0.5	90278	404	90076	2783425	30.83
1965-1969	43	0.00501	0.00499	0.5	89874	449	89650	2693349	29.97
1965-1969	44	0.00533	0.00532	0.5	89425	476	89187	2603699	29.12
1965-1969	45	0.00549	0.00548	0.5	88950	487	88706	2514511	28.27
1965-1969	46	0.00597	0.00595	0.5	88462	527	88199	2425805	27.42
1965-1969	47	0.00706	0.00704	0.5	87936	619	87626	2337606	26.58
1965-1969	48	0.00759	0.00756	0.5	87317	660	86987	2249980	25.77
1965-1969	49	0.00817	0.00813	0.5	86657	705	86305	2162993	24.96
1965-1969	50	0.00910	0.00905	0.5	85952	778	85563	2076689	24.16
1965-1969	51	0.01005	0.01000	0.5	85174	852	84748	1991125	23.38
1965-1969	52	0.01076	0.01070	0.5	84322	902	83871	1906377	22.61
1965-1969	53	0.01191	0.01184	0.5	83420	987	82927	1822506	21.85
1965-1969	54	0.01322	0.01313	0.5	82433	1083	81892	1739579	21.10
1965-1969	55	0.01390	0.01381	0.5	81350	1123	80789	1657688	20.38
1965-1969	56	0.01519	0.01508	0.5	80227	1210	79623	1576899	19.66
1965-1969	57	0.01616	0.01603	0.5	79018	1267	78384	1497276	18.95
1965-1969	58	0.01769	0.01754	0.5	77751	1363	77069	1418892	18.25
1965-1969	59	0.02000	0.01981	0.5	76387	1513	75631	1341823	17.57
1965-1969	60	0.02170	0.02146	0.5	74875	1607	74071	1266192	16.91
1965-1969	61	0.02290	0.02264	0.5	73267	1659	72438	1192121	16.27
1965-1969	62	0.02464	0.02434	0.5	71608	1743	70737	1119683	15.64
1965-1969	63	0.02684	0.02648	0.5	69866	1850	68941	1048946	15.01
1965-1969	64	0.02849	0.02809	0.5	68016	1911	67060	980005	14.41
1965-1969	65	0.03136	0.03087	0.5	66105	2041	65084	912945	13.81
1965-1969	66	0.03246	0.03194	0.5	64064	2046	63041	847860	13.23
1965-1969	67	0.03516	0.03456	0.5	62018	2143	60946	784820	12.65
1965-1969	68	0.03940	0.03864	0.5	59875	2313	58718	723873	12.09
1965-1969	69	0.04117	0.04034	0.5	57561	2322	56401	665155	11.56
1965-1969	70	0.04604	0.04501	0.5	55240	2486	53997	608755	11.02
1965-1969	71	0.04864	0.04748	0.5	52754	2505	51501	554758	10.52
1965-1969	72	0.05306	0.05169	0.5	50249	2597	48950	503257	10.02
1965-1969	73	0.05553	0.05403	0.5	47651	2574	46364	454307	9.53
1965-1969	74	0.06193	0.06007	0.5	45077	2708	43723	407942	9.05
1965-1969	75	0.06538	0.06331	0.5	42369	2682	41028	364219	8.60
1965-1969	76	0.07101	0.06858	0.5	39687	2722	38326	323191	8.14
1965-1969	77	0.07815	0.07521	0.5	36965	2780	35575	284865	7.71
1965-1969	78	0.08117	0.07800	0.5	34185	2667	32852	249290	7.29
1965-1969	79	0.08679	0.08318	0.5	31519	2622	30208	216438	6.87
1965-1969	80	0.10147	0.09657	0.5	28897	2791	27502	186230	6.44
1965-1969	81	0.10620	0.10085	0.5	26106	2633	24790	158728	6.08
1965-1969	82	0.11943	0.11270	0.5	23474	2645	22151	133938	5.71
1965-1969	83	0.13086	0.12283	0.5	20828	2558	19549	111787	5.37
1965-1969	84	0.14223	0.13279	0.5	18270	2426	17057	92238	5.05
1965-1969	85	0.15339	0.14246	0.5	15844	2257	14715	75181	4.75
1965-1969	86	0.16702	0.15415	0.5	13587	2094	12540	60466	4.45
1965-1969	87	0.18766	0.17156	0.5	11492	1972	10507	47926	4.17
1965-1969	88	0.20050	0.18223	0.5	9521	1735	8653	37420	3.93
1965-1969	89	0.22191	0.19975	0.5	7786	1555	7008	28767	3.69
1965-1969	90	0.23410	0.20957	0.5	6231	1306	5578	21758	3.49
1965-1969	91	0.26411	0.23330	0.5	4925	1149	4350	16181	3.29
1965-1969	92	0.27488	0.24166	0.5	3776	912	3320	11830	3.13
1965-1969	93	0.28963	0.25300	0.5	2863	724	2501	8511	2.97
1965-1969	94	0.31058	0.26883	0.5	2139	575	1851	6010	2.81
1965-1969	95	0.33233	0.28498	0.5	1564	446	1341	4158	2.66
1965-1969	96	0.35482	0.30136	0.5	1118	337	950	2817	2.52
1965-1969	97	0.37797	0.31790	0.5	781	248	657	1867	2.39
1965-1969	98	0.40170	0.33451	0.5	533	178	444	1210	2.27
1965-1969	99	0.42589	0.35112	0.5	355	125	292	767	2.16
1965-1969	100	0.45044	0.36764	0.5	230	85	188	474	2.06
1965-1969	101	0.47523	0.38399	0.5	146	56	118	286	1.97
1965-1969	102	0.50015	0.40010	0.5	90	36	72	169	1.88
1965-1969	103	0.52507	0.41588	0.5	54	22	43	97	1.80
1965-1969	104	0.54986	0.43128	0.5	31	14	25	54	1.73
1965-1969	105	0.57440	0.44624	0.5	18	8	14	30	1.67
1965-1969	106	0.59859	0.46070	0.5	10	5	8	16	1.61
1965-1969	107	0.62231	0.47462	0.5	5	3	4	8	1.56
1965-1969	108	0.64545	0.48797	0.5	3	1	2	4	1.51
1965-1969	109	0.66793	0.50071	0.5	1	1	1	2	1.47
1965-1969	110+	0.68967	1.00000	1.45	1	1	1	1	1.45
1970-1974	0	0.02001	0.01966	0.1	100000	1966	98228	6822789	68.23
1970-1974	1	0.00156	0.00156	0.5	98034	153	97958	6724561	68.59
1970-1974	2	0.00108	0.00108	0.5	97881	106	97828	6626603	67.70
1970-1974	3	0.00092	0.00092	0.5	97776	90	97731	6528774	66.77
1970-1974	4	0.00067	0.00067	0.5	97686	66	97653	6431044	65.83
1970-1974	5	0.00056	0.00056	0.5	97620	55	97593	6333391	64.88
1970-1974	6	0.00056	0.00056	0.5	97565	55	97538	6235798	63.91
1970-1974	7	0.00057	0.00057	0.5	97510	56	97482	6138261	62.95
1970-1974	8	0.00044	0.00044	0.5	97454	43	97433	6040779	61.99
1970-1974	9	0.00045	0.00045	0.5	97411	44	97389	5943346	61.01
1970-1974	10	0.00046	0.00046	0.5	97368	45	97345	5845957	60.04
1970-1974	11	0.00047	0.00047	0.5	97322	45	97300	5748612	59.07
1970-1974	12	0.00052	0.00052	0.5	97277	51	97251	5651312	58.10
1970-1974	13	0.00066	0.00066	0.5	97226	64	97194	5554061	57.13
1970-1974	14	0.00082	0.00082	0.5	97162	79	97123	5456867	56.16
1970-1974	15	0.00119	0.00119	0.5	97083	115	97025	5359744	55.21
1970-1974	16	0.00160	0.00160	0.5	96967	155	96890	5262719	54.27
1970-1974	17	0.00203	0.00203	0.5	96812	196	96714	5165829	53.36
1970-1974	18	0.00227	0.00227	0.5	96616	219	96506	5069115	52.47
1970-1974	19	0.00251	0.00250	0.5	96397	241	96276	4972608	51.58
1970-1974	20	0.00256	0.00255	0.5	96156	246	96033	4876332	50.71
1970-1974	21	0.00246	0.00246	0.5	95910	236	95792	4780299	49.84
1970-1974	22	0.00267	0.00267	0.5	95674	255	95547	4684507	48.96
1970-1974	23	0.00253	0.00253	0.5	95419	241	95298	4588961	48.09
1970-1974	24	0.00228	0.00228	0.5	95178	217	95069	4493662	47.21
1970-1974	25	0.00232	0.00232	0.5	94961	220	94851	4398593	46.32
1970-1974	26	0.00221	0.00221	0.5	94741	210	94636	4303743	45.43
1970-1974	27	0.00214	0.00214	0.5	94531	202	94430	4209107	44.53
1970-1974	28	0.00217	0.00217	0.5	94329	204	94227	4114677	43.62
1970-1974	29	0.00219	0.00219	0.5	94125	206	94021	4020450	42.71
1970-1974	30	0.00232	0.00231	0.5	93918	217	93810	3926428	41.81
1970-1974	31	0.00248	0.00248	0.5	93701	232	93585	3832619	40.90
1970-1974	32	0.00210	0.00210	0.5	93469	196	93371	3739034	40.00
1970-1974	33	0.00257	0.00257	0.5	93273	239	93153	3645663	39.09
1970-1974	34	0.00259	0.00259	0.5	93033	241	92913	3552510	38.19
1970-1974	35	0.00284	0.00284	0.5	92793	263	92661	3459597	37.28
1970-1974	36	0.00298	0.00298	0.5	92529	275	92392	3366936	36.39
1970-1974	37	0.00322	0.00322	0.5	92254	297	92106	3274544	35.49
1970-1974	38	0.00326	0.00326	0.5	91957	300	91807	3182438	34.61
1970-1974	39	0.00339	0.00339	0.5	91658	310	91503	3090631	33.72
1970-1974	40	0.00372	0.00372	0.5	91347	340	91178	2999128	32.83
1970-1974	41	0.00400	0.00399	0.5	91008	364	90826	2907951	31.95
1970-1974	42	0.00452	0.00451	0.5	90644	409	90440	2817125	31.08
1970-1974	43	0.00458	0.00457	0.5	90236	413	90029	2726685	30.22
1970-1974	44	0.00551	0.00549	0.5	89823	493	89576	2636656	29.35
1970-1974	45	0.00558	0.00557	0.5	89330	497	89081	2547079	28.51
1970-1974	46	0.00621	0.00619	0.5	88833	550	88558	2457998	27.67
1970-1974	47	0.00653	0.00651	0.5	88283	575	87995	2369440	26.84
1970-1974	48	0.00744	0.00741	0.5	87708	650	87383	2281445	26.01
1970-1974	49	0.00778	0.00775	0.5	87058	674	86721	2194062	25.20
1970-1974	50	0.00843	0.00839	0.5	86384	725	86021	2107341	24.40
1970-1974	51	0.00959	0.00955	0.5	85659	818	85250	2021319	23.60
1970-1974	52	0.01019	0.01013	0.5	84841	860	84411	1936069	22.82
1970-1974	53	0.01064	0.01059	0.5	83981	889	83537	1851658	22.05
1970-1974	54	0.01260	0.01252	0.5	83092	1040	82572	1768121	21.28
1970-1974	55	0.01380	0.01370	0.5	82052	1124	81490	1685549	20.54
1970-1974	56	0.01426	0.01416	0.5	80928	1146	80355	1604059	19.82
1970-1974	57	0.01562	0.01550	0.5	79782	1237	79163	1523704	19.10
1970-1974	58	0.01752	0.01736	0.5	78545	1364	77863	1444541	18.39
1970-1974	59	0.01844	0.01827	0.5	77181	1410	76476	1366677	17.71
1970-1974	60	0.02093	0.02071	0.5	75771	1569	74986	1290201	17.03
1970-1974	61	0.02192	0.02168	0.5	74202	1609	73397	1215215	16.38
1970-1974	62	0.02430	0.02401	0.5	72593	1743	71721	1141817	15.73
1970-1974	63	0.02662	0.02627	0.5	70850	1861	69919	1070096	15.10
1970-1974	64	0.02819	0.02780	0.5	68989	1918	68030	1000177	14.50
1970-1974	65	0.03037	0.02991	0.5	67071	2006	66068	932147	13.90
1970-1974	66	0.03244	0.03192	0.5	65064	2077	64026	866079	13.31
1970-1974	67	0.03570	0.03507	0.5	62988	2209	61883	802054	12.73
1970-1974	68	0.03715	0.03647	0.5	60778	2217	59670	740171	12.18
1970-1974	69	0.04180	0.04095	0.5	58562	2398	57363	680500	11.62
1970-1974	70	0.04478	0.04380	0.5	56164	2460	54934	623138	11.09
1970-1974	71	0.04925	0.04806	0.5	53704	2581	52413	568204	10.58
1970-1974	72	0.05240	0.05106	0.5	51123	2611	49818	515790	10.09
1970-1974	73	0.05574	0.05423	0.5	48512	2631	47197	465973	9.61
1970-1974	74	0.05987	0.05813	0.5	45882	2667	44548	418776	9.13
1970-1974	75	0.06897	0.06667	0.5	43215	2881	41774	374227	8.66
1970-1974	76	0.07261	0.07007	0.5	40334	2826	38921	332453	8.24
1970-1974	77	0.07820	0.07526	0.5	37508	2823	36096	293532	7.83
1970-1974	78	0.08736	0.08370	0.5	34685	2903	33233	257436	7.42
1970-1974	79	0.08975	0.08590	0.5	31782	2730	30417	224203	7.05
1970-1974	80	0.09712	0.09262	0.5	29052	2691	27706	193786	6.67
1970-1974	81	0.10520	0.09994	0.5	26361	2635	25044	166080	6.30
1970-1974	82	0.11246	0.10647	0.5	23726	2526	22463	141036	5.94
1970-1974	83	0.12297	0.11585	0.5	21200	2456	19972	118573	5.59
1970-1974	84	0.13492	0.12640	0.5	18744	2369	17560	98600	5.26
1970-1974	85	0.14774	0.13758	0.5	16375	2253	15249	81041	4.95
1970-1974	86	0.16272	0.15048	0.5	14122	2125	13060	65792	4.66
1970-1974	87	0.17958	0.16478	0.5	11997	1977	11009	52733	4.40
1970-1974	88	0.18727	0.17124	0.5	10020	1716	9162	41724	4.16
1970-1974	89	0.20253	0.18390	0.5	8304	1527	7541	32562	3.92
1970-1974	90	0.21360	0.19299	0.5	6777	1308	6123	25021	3.69
1970-1974	91	0.24145	0.21544	0.5	5469	1178	4880	18898	3.46
1970-1974	92	0.25770	0.22828	0.5	4291	980	3801	14018	3.27
1970-1974	93	0.28590	0.25014	0.5	3311	828	2897	10217	3.09
1970-1974	94	0.29364	0.25605	0.5	2483	636	2165	7320	2.95
1970-1974	95	0.31421	0.27155	0.5	1847	502	1596	5155	2.79
1970-1974	96	0.33554	0.28733	0.5	1346	387	1152	3558	2.64
1970-1974	97	0.35756	0.30333	0.5	959	291	814	2406	2.51
1970-1974	98	0.38020	0.31947	0.5	668	213	561	1592	2.38
1970-1974	99	0.40337	0.33567	0.5	455	153	378	1031	2.27
1970-1974	100	0.42698	0.35186	0.5	302	106	249	653	2.16
1970-1974	101	0.45093	0.36797	0.5	196	72	160	404	2.06
1970-1974	102	0.47511	0.38391	0.5	124	48	100	244	1.97
1970-1974	103	0.49941	0.39962	0.5	76	30	61	144	1.89
1970-1974	104	0.52371	0.41503	0.5	46	19	36	83	1.81
1970-1974	105	0.54789	0.43008	0.5	27	12	21	47	1.74
1970-1974	106	0.57186	0.44470	0.5	15	7	12	26	1.68
1970-1974	107	0.59549	0.45886	0.5	8	4	7	14	1.62
1970-1974	108	0.61868	0.47251	0.5	5	2	4	7	1.57
1970-1974	109	0.64135	0.48562	0.5	2	1	2	4	1.53
1970-1974	110+	0.66340	1.00000	1.51	1	1	2	2	1.51
1975-1979	0	0.01508	0.01487	0.09	100000	1487	98640	7021697	70.22
1975-1979	1	0.00140	0.00140	0.5	98513	138	98444	6923057	70.28
1975-1979	2	0.00091	0.00091	0.5	98375	89	98330	6824613	69.37
1975-1979	3	0.00075	0.00075	0.5	98286	73	98249	6726283	68.44
1975-1979	4	0.00052	0.00052	0.5	98212	51	98187	6628034	67.49
1975-1979	5	0.00053	0.00053	0.5	98161	52	98135	6529847	66.52
1975-1979	6	0.00046	0.00046	0.5	98109	45	98086	6431712	65.56
1975-1979	7	0.00039	0.00039	0.5	98064	38	98045	6333626	64.59
1975-1979	8	0.00040	0.00040	0.5	98026	39	98007	6235581	63.61
1975-1979	9	0.00037	0.00037	0.5	97987	37	97969	6137575	62.64
1975-1979	10	0.00043	0.00043	0.5	97950	42	97929	6039606	61.66
1975-1979	11	0.00041	0.00041	0.5	97908	40	97888	5941677	60.69
1975-1979	12	0.00045	0.00045	0.5	97868	44	97846	5843789	59.71
1975-1979	13	0.00058	0.00058	0.5	97823	57	97795	5745943	58.74
1975-1979	14	0.00068	0.00068	0.5	97766	67	97733	5648148	57.77
1975-1979	15	0.00095	0.00095	0.5	97699	93	97653	5550415	56.81
1975-1979	16	0.00145	0.00145	0.5	97607	141	97536	5452762	55.86
1975-1979	17	0.00183	0.00183	0.5	97466	178	97377	5355226	54.94
1975-1979	18	0.00218	0.00218	0.5	97288	212	97182	5257849	54.04
1975-1979	19	0.00238	0.00237	0.5	97076	230	96960	5160667	53.16
1975-1979	20	0.00229	0.00229	0.5	96845	222	96734	5063707	52.29
1975-1979	21	0.00229	0.00228	0.5	96623	221	96513	4966973	51.41
1975-1979	22	0.00240	0.00240	0.5	96403	231	96287	4870460	50.52
1975-1979	23	0.00234	0.00234	0.5	96172	225	96059	4774173	49.64
1975-1979	24	0.00239	0.00239	0.5	95947	229	95833	4678113	48.76
1975-1979	25	0.00221	0.00221	0.5	95718	212	95612	4582281	47.87
1975-1979	26	0.00210	0.00210	0.5	95506	201	95406	4486668	46.98
1975-1979	27	0.00214	0.00214	0.5	95306	204	95203	4391262	46.08
1975-1979	28	0.00210	0.00209	0.5	95101	199	95002	4296059	45.17
1975-1979	29	0.00211	0.00211	0.5	94902	200	94802	4201057	44.27
1975-1979	30	0.00210	0.00209	0.5	94702	198	94603	4106255	43.36
1975-1979	31	0.00202	0.00202	0.5	94504	191	94408	4011652	42.45
1975-1979	32	0.00196	0.00196	0.5	94313	185	94220	3917244	41.53
1975-1979	33	0.00232	0.00232	0.5	94128	219	94019	3823023	40.62
1975-1979	34	0.00218	0.00218	0.5	93909	204	93807	3729004	39.71
1975-1979	35	0.00255	0.00255	0.5	93705	239	93586	3635197	38.79
1975-1979	36	0.00271	0.00271	0.5	93467	253	93340	3541611	37.89
1975-1979	37	0.00243	0.00243	0.5	93213	226	93100	3448271	36.99
1975-1979	38	0.00283	0.00282	0.5	92987	263	92855	3355171	36.08
1975-1979	39	0.00305	0.00305	0.5	92724	283	92583	3262316	35.18
1975-1979	40	0.00310	0.00310	0.5	92442	286	92298	3169733	34.29
1975-1979	41	0.00345	0.00344	0.5	92155	317	91997	3077434	33.39
1975-1979	42	0.00381	0.00380	0.5	91838	349	91664	2985438	32.51
1975-1979	43	0.00385	0.00384	0.5	91489	352	91313	2893774	31.63
1975-1979	44	0.00394	0.00393	0.5	91138	358	90958	2802461	30.75
1975-1979	45	0.00456	0.00455	0.5	90779	413	90573	2711502	29.87
1975-1979	46	0.00515	0.00514	0.5	90366	465	90134	2620929	29.00
1975-1979	47	0.00538	0.00536	0.5	89902	482	89661	2530796	28.15
1975-1979	48	0.00605	0.00604	0.5	89420	540	89150	2441135	27.30
1975-1979	49	0.00692	0.00690	0.5	88880	613	88573	2351985	26.46
1975-1979	50	0.00726	0.00723	0.5	88267	638	87948	2263412	25.64
1975-1979	51	0.00822	0.00819	0.5	87628	718	87270	2175464	24.83
1975-1979	52	0.00860	0.00856	0.5	86911	744	86539	2088194	24.03
1975-1979	53	0.00928	0.00924	0.5	86167	796	85769	2001656	23.23
1975-1979	54	0.01030	0.01024	0.5	85371	875	84934	1915887	22.44
1975-1979	55	0.01143	0.01136	0.5	84496	960	84016	1830953	21.67
1975-1979	56	0.01215	0.01208	0.5	83536	1009	83032	1746937	20.91
1975-1979	57	0.01350	0.01341	0.5	82528	1106	81974	1663905	20.16
1975-1979	58	0.01488	0.01477	0.5	81421	1203	80820	1581930	19.43
1975-1979	59	0.01555	0.01543	0.5	80218	1238	79600	1501110	18.71
1975-1979	60	0.01718	0.01703	0.5	78981	1345	78308	1421511	18.00
1975-1979	61	0.01933	0.01914	0.5	77635	1486	76892	1343203	17.30
1975-1979	62	0.02131	0.02109	0.5	76149	1606	75346	1266311	16.63
1975-1979	63	0.02319	0.02293	0.5	74544	1709	73689	1190964	15.98
1975-1979	64	0.02454	0.02424	0.5	72835	1765	71952	1117275	15.34
1975-1979	65	0.02662	0.02627	0.5	71069	1867	70136	1045324	14.71
1975-1979	66	0.02895	0.02853	0.5	69202	1974	68215	975188	14.09
1975-1979	67	0.03210	0.03159	0.5	67228	2124	66166	906973	13.49
1975-1979	68	0.03301	0.03248	0.5	65104	2114	64047	840807	12.91
1975-1979	69	0.03701	0.03633	0.5	62990	2289	61845	776760	12.33
1975-1979	70	0.03973	0.03896	0.5	60701	2365	59519	714915	11.78
1975-1979	71	0.04252	0.04164	0.5	58336	2429	57122	655396	11.23
1975-1979	72	0.04610	0.04506	0.5	55907	2519	54648	598274	10.70
1975-1979	73	0.04966	0.04845	0.5	53388	2587	52095	543627	10.18
1975-1979	74	0.05519	0.05371	0.5	50801	2728	49437	491532	9.68
1975-1979	75	0.06099	0.05918	0.5	48073	2845	46651	442094	9.20
1975-1979	76	0.06360	0.06164	0.5	45228	2788	43834	395444	8.74
1975-1979	77	0.07080	0.06837	0.5	42440	2902	40989	351610	8.28
1975-1979	78	0.07756	0.07467	0.5	39539	2952	38062	310620	7.86
1975-1979	79	0.08154	0.07834	0.5	36586	2866	35153	272558	7.45
1975-1979	80	0.08908	0.08528	0.5	33720	2876	32282	237405	7.04
1975-1979	81	0.09533	0.09099	0.5	30844	2807	29441	205122	6.65
1975-1979	82	0.10657	0.10118	0.5	28038	2837	26619	175681	6.27
1975-1979	83	0.11731	0.11081	0.5	25201	2793	23805	149062	5.91
1975-1979	84	0.12550	0.11809	0.5	22408	2646	21085	125257	5.59
1975-1979	85	0.13393	0.12553	0.5	19762	2481	18522	104172	5.27
1975-1979	86	0.14708	0.13700	0.5	17282	2368	16098	85650	4.96
1975-1979	87	0.15847	0.14684	0.5	14914	2190	13819	69552	4.66
1975-1979	88	0.17435	0.16037	0.5	12724	2041	11704	55733	4.38
1975-1979	89	0.19020	0.17368	0.5	10684	1856	9756	44030	4.12
1975-1979	90	0.21140	0.19119	0.5	8828	1688	7984	34274	3.88
1975-1979	91	0.21860	0.19706	0.5	7140	1407	6437	26290	3.68
1975-1979	92	0.24144	0.21544	0.5	5733	1235	5116	19853	3.46
1975-1979	93	0.26380	0.23306	0.5	4498	1048	3974	14738	3.28
1975-1979	94	0.27384	0.24086	0.5	3450	831	3034	10764	3.12
1975-1979	95	0.29346	0.25591	0.5	2619	670	2284	7730	2.95
1975-1979	96	0.31388	0.27130	0.5	1949	529	1684	5446	2.79
1975-1979	97	0.33505	0.28697	0.5	1420	407	1216	3762	2.65
1975-1979	98	0.35690	0.30286	0.5	1012	307	859	2545	2.51
1975-1979	99	0.37937	0.31888	0.5	706	225	593	1686	2.39
1975-1979	100	0.40237	0.33497	0.5	481	161	400	1093	2.27
1975-1979	101	0.42580	0.35106	0.5	320	112	264	693	2.17
1975-1979	102	0.44957	0.36706	0.5	207	76	169	429	2.07
1975-1979	103	0.47358	0.38291	0.5	131	50	106	260	1.98
1975-1979	104	0.49770	0.39853	0.5	81	32	65	154	1.89
1975-1979	105	0.52184	0.41386	0.5	49	20	39	89	1.82
1975-1979	106	0.54588	0.42883	0.5	29	12	22	50	1.75
1975-1979	107	0.56970	0.44340	0.5	16	7	13	28	1.69
1975-1979	108	0.59321	0.45751	0.5	9	4	7	15	1.64
1975-1979	109	0.61629	0.47112	0.5	5	2	4	8	1.59
1975-1979	110+	0.63887	1.00000	1.57	3	3	4	4	1.57
1980-1984	0	0.01170	0.01158	0.08	100000	1158	98931	7170201	71.70
1980-1984	1	0.00112	0.00112	0.5	98842	111	98787	7071271	71.54
1980-1984	2	0.00080	0.00080	0.5	98731	79	98692	6972484	70.62
1980-1984	3	0.00053	0.00052	0.5	98652	52	98627	6873792	69.68
1980-1984	4	0.00045	0.00045	0.5	98601	45	98578	6775166	68.71
1980-1984	5	0.00040	0.00040	0.5	98556	39	98536	6676588	67.74
1980-1984	6	0.00034	0.00034	0.5	98516	33	98500	6578052	66.77
1980-1984	7	0.00030	0.00030	0.5	98483	29	98468	6479552	65.79
1980-1984	8	0.00036	0.00036	0.5	98454	36	98436	6381084	64.81
1980-1984	9	0.00032	0.00032	0.5	98418	31	98403	6282648	63.84
1980-1984	10	0.00032	0.00032	0.5	98387	32	98371	6184245	62.86
1980-1984	11	0.00034	0.00034	0.5	98355	33	98338	6085874	61.88
1980-1984	12	0.00037	0.00037	0.5	98322	36	98304	5987535	60.90
1980-1984	13	0.00045	0.00045	0.5	98285	44	98264	5889232	59.92
1980-1984	14	0.00062	0.00062	0.5	98242	61	98211	5790968	58.95
1980-1984	15	0.00085	0.00085	0.5	98181	83	98139	5692757	57.98
1980-1984	16	0.00116	0.00116	0.5	98098	114	98041	5594617	57.03
1980-1984	17	0.00145	0.00145	0.5	97984	142	97913	5496576	56.10
1980-1984	18	0.00189	0.00188	0.5	97842	184	97750	5398663	55.18
1980-1984	19	0.00199	0.00198	0.5	97658	194	97561	5300913	54.28
1980-1984	20	0.00192	0.00192	0.5	97464	187	97371	5203352	53.39
1980-1984	21	0.00205	0.00205	0.5	97277	200	97177	5105981	52.49
1980-1984	22	0.00214	0.00214	0.5	97078	207	96974	5008804	51.60
1980-1984	23	0.00209	0.00208	0.5	96870	202	96769	4911830	50.71
1980-1984	24	0.00198	0.00198	0.5	96669	191	96573	4815060	49.81
1980-1984	25	0.00195	0.00194	0.5	96477	188	96383	4718487	48.91
1980-1984	26	0.00186	0.00186	0.5	96290	179	96200	4622104	48.00
1980-1984	27	0.00187	0.00187	0.5	96111	180	96021	4525904	47.09
1980-1984	28	0.00195	0.00195	0.5	95931	187	95837	4429883	46.18
1980-1984	29	0.00180	0.00180	0.5	95744	172	95658	4334045	45.27
1980-1984	30	0.00176	0.00176	0.5	95572	168	95488	4238387	44.35
1980-1984	31	0.00196	0.00196	0.5	95404	187	95311	4142899	43.42
1980-1984	32	0.00193	0.00193	0.5	95217	183	95126	4047589	42.51
1980-1984	33	0.00199	0.00199	0.5	95034	189	94939	3952463	41.59
1980-1984	34	0.00196	0.00196	0.5	94845	186	94752	3857524	40.67
1980-1984	35	0.00194	0.00193	0.5	94659	183	94567	3762772	39.75
1980-1984	36	0.00223	0.00223	0.5	94476	211	94370	3668204	38.83
1980-1984	37	0.00224	0.00224	0.5	94265	211	94160	3573834	37.91
1980-1984	38	0.00242	0.00242	0.5	94054	228	93940	3479674	37.00
1980-1984	39	0.00245	0.00245	0.5	93827	230	93712	3385734	36.09
1980-1984	40	0.00277	0.00277	0.5	93597	259	93467	3292022	35.17
1980-1984	41	0.00301	0.00301	0.5	93338	281	93197	3198555	34.27
1980-1984	42	0.00304	0.00303	0.5	93057	282	92916	3105358	33.37
1980-1984	43	0.00337	0.00337	0.5	92775	312	92619	3012442	32.47
1980-1984	44	0.00335	0.00335	0.5	92462	309	92308	2919824	31.58
1980-1984	45	0.00424	0.00423	0.5	92153	390	91958	2827516	30.68
1980-1984	46	0.00457	0.00456	0.5	91763	418	91554	2735558	29.81
1980-1984	47	0.00494	0.00493	0.5	91345	450	91120	2644003	28.95
1980-1984	48	0.00524	0.00523	0.5	90895	475	90657	2552883	28.09
1980-1984	49	0.00564	0.00563	0.5	90420	509	90165	2462226	27.23
1980-1984	50	0.00586	0.00585	0.5	89911	526	89648	2372060	26.38
1980-1984	51	0.00715	0.00713	0.5	89386	637	89067	2282412	25.53
1980-1984	52	0.00809	0.00806	0.5	88749	715	88391	2193345	24.71
1980-1984	53	0.00802	0.00799	0.5	88033	703	87682	2104954	23.91
1980-1984	54	0.00905	0.00901	0.5	87330	787	86937	2017272	23.10
1980-1984	55	0.01034	0.01029	0.5	86543	891	86098	1930335	22.30
1980-1984	56	0.01093	0.01087	0.5	85652	931	85187	1844238	21.53
1980-1984	57	0.01206	0.01199	0.5	84721	1016	84214	1759051	20.76
1980-1984	58	0.01336	0.01327	0.5	83706	1111	83150	1674837	20.01
1980-1984	59	0.01482	0.01471	0.5	82595	1215	81988	1591687	19.27
1980-1984	60	0.01520	0.01508	0.5	81380	1227	80767	1509699	18.55
1980-1984	61	0.01643	0.01629	0.5	80153	1306	79500	1428933	17.83
1980-1984	62	0.01901	0.01883	0.5	78847	1485	78104	1349433	17.11
1980-1984	63	0.02048	0.02027	0.5	77362	1568	76578	1271328	16.43
1980-1984	64	0.02094	0.02072	0.5	75794	1571	75008	1194751	15.76
1980-1984	65	0.02378	0.02350	0.5	74223	1745	73351	1119742	15.09
1980-1984	66	0.02598	0.02565	0.5	72479	1859	71549	1046391	14.44
1980-1984	67	0.02845	0.02805	0.5	70620	1981	69629	974842	13.80
1980-1984	68	0.03148	0.03100	0.5	68639	2128	67575	905213	13.19
1980-1984	69	0.03443	0.03385	0.5	66511	2252	65385	837638	12.59
1980-1984	70	0.03661	0.03595	0.5	64259	2310	63104	772253	12.02
1980-1984	71	0.04034	0.03954	0.5	61949	2450	60724	709149	11.45
1980-1984	72	0.04382	0.04288	0.5	59500	2551	58224	648425	10.90
1980-1984	73	0.04889	0.04772	0.5	56948	2718	55589	590201	10.36
1980-1984	74	0.05135	0.05006	0.5	54231	2715	52873	534611	9.86
1980-1984	75	0.05616	0.05463	0.5	51516	2814	50109	481738	9.35
1980-1984	76	0.06248	0.06058	0.5	48701	2950	47226	431629	8.86
1980-1984	77	0.06831	0.06606	0.5	45751	3022	44240	384403	8.40
1980-1984	78	0.07291	0.07034	0.5	42729	3006	41226	340163	7.96
1980-1984	79	0.07986	0.07680	0.5	39723	3051	38198	298937	7.53
1980-1984	80	0.08629	0.08272	0.5	36673	3034	35156	260739	7.11
1980-1984	81	0.09563	0.09126	0.5	33639	3070	32104	225583	6.71
1980-1984	82	0.10407	0.09892	0.5	30569	3024	29057	193479	6.33
1980-1984	83	0.11428	0.10811	0.5	27545	2978	26056	164422	5.97
1980-1984	84	0.12354	0.11635	0.5	24567	2858	23138	138366	5.63
1980-1984	85	0.13183	0.12368	0.5	21709	2685	20366	115228	5.31
1980-1984	86	0.14734	0.13723	0.5	19024	2611	17719	94861	4.99
1980-1984	87	0.15588	0.14461	0.5	16413	2374	15227	77142	4.70
1980-1984	88	0.16980	0.15651	0.5	14040	2197	12941	61916	4.41
1980-1984	89	0.19218	0.17533	0.5	11842	2076	10804	48975	4.14
1980-1984	90	0.20684	0.18746	0.5	9766	1831	8851	38170	3.91
1980-1984	91	0.21373	0.19309	0.5	7935	1532	7169	29320	3.69
1980-1984	92	0.24367	0.21721	0.5	6403	1391	5708	22150	3.46
1980-1984	93	0.25560	0.22663	0.5	5012	1136	4444	16443	3.28
1980-1984	94	0.27551	0.24215	0.5	3876	939	3407	11998	3.10
1980-1984	95	0.29575	0.25765	0.5	2938	757	2559	8591	2.92
1980-1984	96	0.31683	0.27350	0.5	2181	596	1883	6032	2.77
1980-1984	97	0.33869	0.28964	0.5	1584	459	1355	4150	2.62
1980-1984	98	0.36125	0.30599	0.5	1125	344	953	2795	2.48
1980-1984	99	0.38445	0.32247	0.5	781	252	655	1841	2.36
1980-1984	100	0.40819	0.33900	0.5	529	179	440	1186	2.24
1980-1984	101	0.43236	0.35550	0.5	350	124	288	747	2.13
1980-1984	102	0.45685	0.37190	0.5	225	84	184	459	2.04
1980-1984	103	0.48156	0.38811	0.5	142	55	114	276	1.95
1980-1984	104	0.50636	0.40406	0.5	87	35	69	161	1.86
1980-1984	105	0.53113	0.41968	0.5	52	22	41	92	1.79
1980-1984	106	0.55574	0.43490	0.5	30	13	23	52	1.72
1980-1984	107	0.58009	0.44966	0.5	17	8	13	28	1.66
1980-1984	108	0.60405	0.46393	0.5	9	4	7	15	1.61
1980-1984	109	0.62752	0.47765	0.5	5	2	4	8	1.56
1980-1984	110+	0.65040	1.00000	1.54	3	3	4	4	1.54
1985-1989	0	0.01066	0.01056	0.07	100000	1056	99022	7264480	72.64
1985-1989	1	0.00099	0.00099	0.5	98944	98	98895	7165458	72.42
1985-1989	2	0.00071	0.00071	0.5	98847	71	98811	7066562	71.49
1985-1989	3	0.00048	0.00048	0.5	98776	47	98752	6967751	70.54
1985-1989	4	0.00038	0.00038	0.5	98729	37	98710	6868998	69.57
1985-1989	5	0.00035	0.00035	0.5	98692	35	98674	6770288	68.60
1985-1989	6	0.00033	0.00033	0.5	98657	33	98641	6671614	67.62
1985-1989	7	0.00025	0.00025	0.5	98624	25	98612	6572973	66.65
1985-1989	8	0.00028	0.00028	0.5	98600	28	98585	6474361	65.66
1985-1989	9	0.00026	0.00026	0.5	98571	26	98558	6375776	64.68
1985-1989	10	0.00029	0.00029	0.5	98546	28	98531	6277217	63.70
1985-1989	11	0.00033	0.00033	0.5	98517	32	98501	6178686	62.72
1985-1989	12	0.00033	0.00033	0.5	98485	33	98468	6080185	61.74
1985-1989	13	0.00047	0.00047	0.5	98452	46	98429	5981716	60.76
1985-1989	14	0.00056	0.00056	0.5	98406	55	98378	5883287	59.79
1985-1989	15	0.00075	0.00075	0.5	98351	74	98314	5784909	58.82
1985-1989	16	0.00115	0.00115	0.5	98277	113	98220	5686595	57.86
1985-1989	17	0.00135	0.00135	0.5	98164	133	98097	5588375	56.93
1985-1989	18	0.00175	0.00175	0.5	98031	172	97945	5490278	56.01
1985-1989	19	0.00174	0.00174	0.5	97859	170	97774	5392333	55.10
1985-1989	20	0.00175	0.00175	0.5	97689	171	97604	5294558	54.20
1985-1989	21	0.00191	0.00190	0.5	97518	186	97425	5196955	53.29
1985-1989	22	0.00189	0.00189	0.5	97333	184	97241	5099529	52.39
1985-1989	23	0.00186	0.00185	0.5	97149	180	97059	5002289	51.49
1985-1989	24	0.00185	0.00185	0.5	96969	180	96879	4905230	50.59
1985-1989	25	0.00172	0.00172	0.5	96789	167	96706	4808351	49.68
1985-1989	26	0.00173	0.00173	0.5	96622	167	96539	4711645	48.76
1985-1989	27	0.00176	0.00176	0.5	96455	169	96371	4615106	47.85
1985-1989	28	0.00188	0.00187	0.5	96286	180	96196	4518736	46.93
1985-1989	29	0.00178	0.00178	0.5	96106	171	96020	4422540	46.02
1985-1989	30	0.00172	0.00172	0.5	95935	165	95852	4326520	45.10
1985-1989	31	0.00188	0.00188	0.5	95770	180	95680	4230667	44.18
1985-1989	32	0.00199	0.00199	0.5	95590	190	95495	4134987	43.26
1985-1989	33	0.00202	0.00202	0.5	95400	193	95304	4039491	42.34
1985-1989	34	0.00205	0.00205	0.5	95208	195	95110	3944187	41.43
1985-1989	35	0.00219	0.00218	0.5	95012	207	94909	3849077	40.51
1985-1989	36	0.00222	0.00221	0.5	94805	210	94700	3754169	39.60
1985-1989	37	0.00218	0.00218	0.5	94595	206	94492	3659469	38.69
1985-1989	38	0.00252	0.00252	0.5	94389	238	94271	3564976	37.77
1985-1989	39	0.00239	0.00239	0.5	94152	225	94039	3470706	36.86
1985-1989	40	0.00252	0.00252	0.5	93927	236	93809	3376667	35.95
1985-1989	41	0.00275	0.00274	0.5	93690	257	93562	3282858	35.04
1985-1989	42	0.00293	0.00293	0.5	93433	274	93296	3189296	34.13
1985-1989	43	0.00299	0.00298	0.5	93160	278	93021	3096000	33.23
1985-1989	44	0.00322	0.00321	0.5	92882	298	92732	3002979	32.33
1985-1989	45	0.00370	0.00369	0.5	92583	342	92412	2910247	31.43
1985-1989	46	0.00395	0.00394	0.5	92241	364	92060	2817834	30.55
1985-1989	47	0.00423	0.00422	0.5	91878	387	91684	2725775	29.67
1985-1989	48	0.00487	0.00486	0.5	91490	445	91268	2634091	28.79
1985-1989	49	0.00482	0.00481	0.5	91046	438	90827	2542823	27.93
1985-1989	50	0.00543	0.00541	0.5	90608	491	90363	2451996	27.06
1985-1989	51	0.00621	0.00619	0.5	90117	558	89839	2361633	26.21
1985-1989	52	0.00696	0.00694	0.5	89560	621	89249	2271794	25.37
1985-1989	53	0.00726	0.00723	0.5	88938	643	88617	2182545	24.54
1985-1989	54	0.00797	0.00794	0.5	88295	701	87945	2093929	23.72
1985-1989	55	0.00925	0.00920	0.5	87594	806	87191	2005984	22.90
1985-1989	56	0.00987	0.00982	0.5	86788	852	86362	1918793	22.11
1985-1989	57	0.01061	0.01055	0.5	85936	907	85482	1832432	21.32
1985-1989	58	0.01260	0.01252	0.5	85028	1065	84496	1746950	20.55
1985-1989	59	0.01287	0.01279	0.5	83964	1074	83427	1662453	19.80
1985-1989	60	0.01415	0.01406	0.5	82890	1165	82307	1579026	19.05
1985-1989	61	0.01582	0.01570	0.5	81725	1283	81084	1496719	18.31
1985-1989	62	0.01733	0.01718	0.5	80442	1382	79751	1415636	17.60
1985-1989	63	0.01868	0.01851	0.5	79060	1463	78329	1335884	16.90
1985-1989	64	0.01999	0.01979	0.5	77597	1536	76829	1257556	16.21
1985-1989	65	0.02242	0.02217	0.5	76061	1686	75218	1180727	15.52
1985-1989	66	0.02390	0.02362	0.5	74375	1757	73496	1105509	14.86
1985-1989	67	0.02566	0.02533	0.5	72618	1840	71698	1032012	14.21
1985-1989	68	0.02895	0.02854	0.5	70778	2020	69768	960314	13.57
1985-1989	69	0.03028	0.02983	0.5	68759	2051	67733	890546	12.95
1985-1989	70	0.03452	0.03393	0.5	66708	2263	65576	822813	12.33
1985-1989	71	0.03790	0.03719	0.5	64444	2397	63246	757237	11.75
1985-1989	72	0.04157	0.04073	0.5	62047	2527	60784	693991	11.18
1985-1989	73	0.04534	0.04434	0.5	59520	2639	58201	633207	10.64
1985-1989	74	0.04847	0.04732	0.5	56882	2692	55536	575006	10.11
1985-1989	75	0.05243	0.05109	0.5	54190	2769	52806	519470	9.59
1985-1989	76	0.05818	0.05654	0.5	51421	2907	49968	466665	9.08
1985-1989	77	0.06369	0.06173	0.5	48514	2995	47017	416697	8.59
1985-1989	78	0.07129	0.06884	0.5	45520	3134	43953	369680	8.12
1985-1989	79	0.07631	0.07351	0.5	42386	3116	40828	325727	7.68
1985-1989	80	0.08286	0.07957	0.5	39270	3125	37708	284899	7.25
1985-1989	81	0.09053	0.08661	0.5	36146	3131	34580	247191	6.84
1985-1989	82	0.09905	0.09437	0.5	33015	3116	31457	212611	6.44
1985-1989	83	0.10764	0.10214	0.5	29899	3054	28372	181154	6.06
1985-1989	84	0.11893	0.11225	0.5	26845	3013	25339	152782	5.69
1985-1989	85	0.13115	0.12308	0.5	23832	2933	22365	127443	5.35
1985-1989	86	0.13772	0.12885	0.5	20899	2693	19552	105078	5.03
1985-1989	87	0.15959	0.14779	0.5	18206	2691	16861	85525	4.70
1985-1989	88	0.16974	0.15646	0.5	15515	2427	14302	68665	4.43
1985-1989	89	0.18853	0.17229	0.5	13088	2255	11960	54363	4.15
1985-1989	90	0.20404	0.18515	0.5	10833	2006	9830	42403	3.91
1985-1989	91	0.21615	0.19507	0.5	8827	1722	7966	32573	3.69
1985-1989	92	0.23392	0.20942	0.5	7105	1488	6361	24607	3.46
1985-1989	93	0.25590	0.22687	0.5	5617	1274	4980	18245	3.25
1985-1989	94	0.27800	0.24407	0.5	4343	1060	3813	13265	3.05
1985-1989	95	0.29944	0.26045	0.5	3283	855	2855	9452	2.88
1985-1989	96	0.32180	0.27720	0.5	2428	673	2091	6597	2.72
1985-1989	97	0.34501	0.29425	0.5	1755	516	1497	4506	2.57
1985-1989	98	0.36898	0.31151	0.5	1239	386	1046	3009	2.43
1985-1989	99	0.39361	0.32888	0.5	853	280	712	1963	2.30
1985-1989	100	0.41880	0.34629	0.5	572	198	473	1251	2.19
1985-1989	101	0.44442	0.36362	0.5	374	136	306	778	2.08
1985-1989	102	0.47033	0.38079	0.5	238	91	193	471	1.98
1985-1989	103	0.49641	0.39770	0.5	147	59	118	279	1.89
1985-1989	104	0.52251	0.41428	0.5	89	37	70	161	1.81
1985-1989	105	0.54848	0.43044	0.5	52	22	41	90	1.73
1985-1989	106	0.57420	0.44612	0.5	30	13	23	49	1.67
1985-1989	107	0.59952	0.46125	0.5	16	8	13	26	1.61
1985-1989	108	0.62432	0.47579	0.5	9	4	7	14	1.56
1985-1989	109	0.64848	0.48970	0.5	5	2	3	7	1.51
1985-1989	110+	0.67190	1.00000	1.49	2	2	4	4	1.49
1990-1994	0	0.00907	0.00900	0.07	100000	900	99163	7339090	73.39
1990-1994	1	0.00082	0.00082	0.5	99100	81	99060	7239927	73.06
1990-1994	2	0.00059	0.00059	0.5	99020	58	98990	7140867	72.12
1990-1994	3	0.00039	0.00039	0.5	98961	38	98942	7041877	71.16
1990-1994	4	0.00035	0.00035	0.5	98923	35	98906	6942935	70.19
1990-1994	5	0.00028	0.00028	0.5	98888	28	98874	6844029	69.21
1990-1994	6	0.00024	0.00024	0.5	98860	24	98848	6745155	68.23
1990-1994	7	0.00026	0.00026	0.5	98836	25	98824	6646307	67.25
1990-1994	8	0.00023	0.00023	0.5	98811	23	98799	6547483	66.26
1990-1994	9	0.00021	0.00021	0.5	98788	21	98777	6448684	65.28
1990-1994	10	0.00024	0.00024	0.5	98767	24	98755	6349906	64.29
1990-1994	11	0.00027	0.00027	0.5	98743	26	98729	6251151	63.31
1990-1994	12	0.00031	0.00031	0.5	98716	31	98701	6152422	62.32
1990-1994	13	0.00041	0.00041	0.5	98685	41	98665	6053721	61.34
1990-1994	14	0.00057	0.00057	0.5	98645	57	98616	5955056	60.37
1990-1994	15	0.00078	0.00078	0.5	98588	77	98550	5856440	59.40
1990-1994	16	0.00116	0.00116	0.5	98511	114	98454	5757890	58.45
1990-1994	17	0.00144	0.00144	0.5	98397	141	98326	5659436	57.52
1990-1994	18	0.00161	0.00161	0.5	98256	158	98177	5561110	56.60
1990-1994	19	0.00166	0.00166	0.5	98097	163	98016	5462933	55.69
1990-1994	20	0.00169	0.00169	0.5	97935	165	97852	5364917	54.78
1990-1994	21	0.00168	0.00168	0.5	97770	165	97687	5267065	53.87
1990-1994	22	0.00176	0.00176	0.5	97605	171	97519	5169378	52.96
1990-1994	23	0.00170	0.00170	0.5	97434	165	97351	5071858	52.05
1990-1994	24	0.00164	0.00164	0.5	97268	160	97189	4974507	51.14
1990-1994	25	0.00170	0.00170	0.5	97109	165	97026	4877319	50.23
1990-1994	26	0.00161	0.00161	0.5	96944	156	96866	4780292	49.31
1990-1994	27	0.00167	0.00167	0.5	96788	162	96707	4683426	48.39
1990-1994	28	0.00188	0.00188	0.5	96626	182	96535	4586719	47.47
1990-1994	29	0.00189	0.00188	0.5	96445	182	96354	4490184	46.56
1990-1994	30	0.00189	0.00189	0.5	96263	181	96172	4393830	45.64
1990-1994	31	0.00200	0.00200	0.5	96081	192	95985	4297658	44.73
1990-1994	32	0.00220	0.00220	0.5	95889	211	95784	4201673	43.82
1990-1994	33	0.00225	0.00225	0.5	95678	215	95570	4105889	42.91
1990-1994	34	0.00219	0.00219	0.5	95463	209	95358	4010319	42.01
1990-1994	35	0.00230	0.00230	0.5	95254	219	95144	3914961	41.10
1990-1994	36	0.00233	0.00233	0.5	95034	221	94924	3819817	40.19
1990-1994	37	0.00264	0.00263	0.5	94813	250	94689	3724893	39.29
1990-1994	38	0.00279	0.00279	0.5	94564	264	94432	3630204	38.39
1990-1994	39	0.00259	0.00258	0.5	94300	243	94178	3535772	37.49
1990-1994	40	0.00282	0.00281	0.5	94057	265	93924	3441594	36.59
1990-1994	41	0.00299	0.00298	0.5	93792	280	93652	3347670	35.69
1990-1994	42	0.00313	0.00313	0.5	93512	292	93366	3254018	34.80
1990-1994	43	0.00333	0.00332	0.5	93220	309	93065	3160652	33.91
1990-1994	44	0.00340	0.00340	0.5	92910	316	92753	3067587	33.02
1990-1994	45	0.00360	0.00359	0.5	92595	333	92428	2974834	32.13
1990-1994	46	0.00383	0.00383	0.5	92262	353	92086	2882406	31.24
1990-1994	47	0.00410	0.00409	0.5	91909	376	91721	2790320	30.36
1990-1994	48	0.00478	0.00477	0.5	91533	436	91315	2698599	29.48
1990-1994	49	0.00471	0.00470	0.5	91097	428	90883	2607283	28.62
1990-1994	50	0.00522	0.00521	0.5	90669	472	90433	2516400	27.75
1990-1994	51	0.00590	0.00588	0.5	90197	531	89932	2425967	26.90
1990-1994	52	0.00621	0.00619	0.5	89666	555	89388	2336035	26.05
1990-1994	53	0.00722	0.00719	0.5	89111	641	88790	2246647	25.21
1990-1994	54	0.00737	0.00734	0.5	88470	650	88145	2157857	24.39
1990-1994	55	0.00791	0.00788	0.5	87820	692	87474	2069712	23.57
1990-1994	56	0.00913	0.00909	0.5	87128	792	86732	1982238	22.75
1990-1994	57	0.01010	0.01005	0.5	86336	868	85902	1895506	21.96
1990-1994	58	0.01136	0.01129	0.5	85468	965	84985	1809604	21.17
1990-1994	59	0.01169	0.01162	0.5	84503	982	84012	1724619	20.41
1990-1994	60	0.01356	0.01347	0.5	83520	1125	82958	1640607	19.64
1990-1994	61	0.01484	0.01473	0.5	82395	1214	81788	1557649	18.90
1990-1994	62	0.01645	0.01632	0.5	81181	1325	80519	1475861	18.18
1990-1994	63	0.01745	0.01730	0.5	79857	1381	79166	1395342	17.47
1990-1994	64	0.01858	0.01841	0.5	78475	1445	77753	1316176	16.77
1990-1994	65	0.02030	0.02010	0.5	77031	1548	76257	1238423	16.08
1990-1994	66	0.02212	0.02188	0.5	75483	1652	74657	1162166	15.40
1990-1994	67	0.02406	0.02378	0.5	73831	1755	72953	1087509	14.73
1990-1994	68	0.02697	0.02662	0.5	72076	1918	71116	1014556	14.08
1990-1994	69	0.02858	0.02818	0.5	70157	1977	69169	943440	13.45
1990-1994	70	0.03138	0.03090	0.5	68180	2107	67127	874271	12.82
1990-1994	71	0.03419	0.03362	0.5	66074	2221	64963	807144	12.22
1990-1994	72	0.03666	0.03600	0.5	63852	2299	62703	742181	11.62
1990-1994	73	0.04152	0.04068	0.5	61554	2504	60302	679478	11.04
1990-1994	74	0.04443	0.04347	0.5	59050	2567	57766	619176	10.49
1990-1994	75	0.04785	0.04673	0.5	56483	2639	55163	561410	9.94
1990-1994	76	0.05369	0.05229	0.5	53844	2815	52436	506247	9.40
1990-1994	77	0.05795	0.05632	0.5	51028	2874	49591	453811	8.89
1990-1994	78	0.06197	0.06010	0.5	48154	2894	46707	404220	8.39
1990-1994	79	0.06836	0.06610	0.5	45260	2992	43764	357513	7.90
1990-1994	80	0.07903	0.07602	0.5	42268	3213	40662	313749	7.42
1990-1994	81	0.08664	0.08304	0.5	39055	3243	37433	273087	6.99
1990-1994	82	0.09202	0.08797	0.5	35812	3150	34237	235654	6.58
1990-1994	83	0.10280	0.09778	0.5	32661	3194	31065	201417	6.17
1990-1994	84	0.11630	0.10991	0.5	29468	3239	27848	170352	5.78
1990-1994	85	0.12533	0.11794	0.5	26229	3093	24682	142504	5.43
1990-1994	86	0.13903	0.13000	0.5	23136	3008	21632	117822	5.09
1990-1994	87	0.14887	0.13855	0.5	20128	2789	18734	96190	4.78
1990-1994	88	0.16672	0.15389	0.5	17339	2668	16005	77456	4.47
1990-1994	89	0.17652	0.16220	0.5	14671	2380	13481	61451	4.19
1990-1994	90	0.19727	0.17956	0.5	12291	2207	11188	47969	3.90
1990-1994	91	0.21662	0.19545	0.5	10084	1971	9099	36782	3.65
1990-1994	92	0.23882	0.21335	0.5	8113	1731	7248	27683	3.41
1990-1994	93	0.26735	0.23582	0.5	6382	1505	5630	20435	3.20
1990-1994	94	0.27944	0.24518	0.5	4877	1196	4279	14805	3.04
1990-1994	95	0.30030	0.26109	0.5	3681	961	3201	10526	2.86
1990-1994	96	0.32367	0.27858	0.5	2720	758	2341	7325	2.69
1990-1994	97	0.34796	0.29639	0.5	1962	582	1672	4984	2.54
1990-1994	98	0.37306	0.31441	0.5	1381	434	1164	3312	2.40
1990-1994	99	0.39887	0.33255	0.5	947	315	789	2148	2.27
1990-1994	100	0.42525	0.35069	0.5	632	222	521	1359	2.15
1990-1994	101	0.45207	0.36873	0.5	410	151	335	838	2.04
1990-1994	102	0.47917	0.38656	0.5	259	100	209	504	1.94
1990-1994	103	0.50639	0.40408	0.5	159	64	127	295	1.85
1990-1994	104	0.53357	0.42120	0.5	95	40	75	168	1.77
1990-1994	105	0.56055	0.43784	0.5	55	24	43	93	1.70
1990-1994	106	0.58719	0.45392	0.5	31	14	24	50	1.63
1990-1994	107	0.61332	0.46938	0.5	17	8	13	26	1.57
1990-1994	108	0.63881	0.48417	0.5	9	4	7	14	1.52
1990-1994	109	0.66355	0.49824	0.5	5	2	3	7	1.48
1990-1994	110+	0.68742	1.00000	1.45	2	2	3	3	1.45
1995-1999	0	0.00756	0.00751	0.07	100000	751	99298	7431402	74.31
1995-1999	1	0.00064	0.00064	0.5	99249	63	99217	7332104	73.88
1995-1999	2	0.00053	0.00053	0.5	99186	53	99159	7232887	72.92
1995-1999	3	0.00033	0.00033	0.5	99133	33	99117	7133727	71.96
1995-1999	4	0.00028	0.00028	0.5	99100	28	99086	7034611	70.98
1995-1999	5	0.00024	0.00024	0.5	99072	24	99060	6935525	70.00
1995-1999	6	0.00019	0.00019	0.5	99049	19	99039	6836464	69.02
1995-1999	7	0.00020	0.00020	0.5	99030	20	99020	6737425	68.03
1995-1999	8	0.00022	0.00022	0.5	99010	22	98999	6638406	67.05
1995-1999	9	0.00021	0.00021	0.5	98988	20	98978	6539407	66.06
1995-1999	10	0.00019	0.00019	0.5	98967	18	98958	6440429	65.08
1995-1999	11	0.00025	0.00025	0.5	98949	25	98937	6341471	64.09
1995-1999	12	0.00027	0.00027	0.5	98924	27	98911	6242534	63.10
1995-1999	13	0.00035	0.00035	0.5	98897	35	98880	6143624	62.12
1995-1999	14	0.00047	0.00047	0.5	98863	46	98839	6044744	61.14
1995-1999	15	0.00072	0.00072	0.5	98816	71	98781	5945905	60.17
1995-1999	16	0.00101	0.00101	0.5	98745	99	98695	5847124	59.21
1995-1999	17	0.00114	0.00114	0.5	98645	113	98589	5748429	58.27
1995-1999	18	0.00154	0.00154	0.5	98533	152	98457	5649840	57.34
1995-1999	19	0.00163	0.00163	0.5	98381	160	98301	5551383	56.43
1995-1999	20	0.00160	0.00159	0.5	98221	157	98142	5453082	55.52
1995-1999	21	0.00169	0.00169	0.5	98064	166	97981	5354940	54.61
1995-1999	22	0.00150	0.00150	0.5	97898	147	97825	5256959	53.70
1995-1999	23	0.00146	0.00146	0.5	97752	143	97680	5159134	52.78
1995-1999	24	0.00147	0.00147	0.5	97609	143	97538	5061453	51.85
1995-1999	25	0.00144	0.00144	0.5	97466	140	97396	4963916	50.93
1995-1999	26	0.00145	0.00145	0.5	97325	141	97255	4866520	50.00
1995-1999	27	0.00149	0.00149	0.5	97184	144	97112	4769265	49.07
1995-1999	28	0.00154	0.00154	0.5	97040	149	96965	4672153	48.15
1995-1999	29	0.00166	0.00166	0.5	96890	161	96810	4575188	47.22
1995-1999	30	0.00150	0.00150	0.5	96729	145	96657	4478378	46.30
1995-1999	31	0.00180	0.00180	0.5	96584	174	96497	4381722	45.37
1995-1999	32	0.00191	0.00190	0.5	96410	184	96318	4285224	44.45
1995-1999	33	0.00193	0.00193	0.5	96227	186	96134	4188906	43.53
1995-1999	34	0.00208	0.00208	0.5	96041	199	95941	4092772	42.61
1995-1999	35	0.00206	0.00205	0.5	95841	197	95743	3996831	41.70
1995-1999	36	0.00228	0.00228	0.5	95644	218	95536	3901088	40.79
1995-1999	37	0.00237	0.00237	0.5	95427	226	95314	3805553	39.88
1995-1999	38	0.00255	0.00254	0.5	95201	242	95080	3710239	38.97
1995-1999	39	0.00252	0.00252	0.5	94959	239	94839	3615159	38.07
1995-1999	40	0.00267	0.00267	0.5	94719	253	94593	3520320	37.17
1995-1999	41	0.00304	0.00304	0.5	94466	287	94323	3425728	36.26
1995-1999	42	0.00317	0.00317	0.5	94179	298	94030	3331405	35.37
1995-1999	43	0.00345	0.00345	0.5	93881	324	93719	3237375	34.48
1995-1999	44	0.00347	0.00346	0.5	93557	324	93395	3143656	33.60
1995-1999	45	0.00372	0.00371	0.5	93234	346	93060	3050260	32.72
1995-1999	46	0.00392	0.00391	0.5	92887	363	92706	2957200	31.84
1995-1999	47	0.00426	0.00425	0.5	92524	393	92327	2864494	30.96
1995-1999	48	0.00442	0.00441	0.5	92131	406	91928	2772167	30.09
1995-1999	49	0.00460	0.00459	0.5	91724	421	91514	2680239	29.22
1995-1999	50	0.00491	0.00490	0.5	91303	447	91079	2588725	28.35
1995-1999	51	0.00542	0.00540	0.5	90856	491	90610	2497646	27.49
1995-1999	52	0.00576	0.00575	0.5	90365	519	90105	2407036	26.64
1995-1999	53	0.00653	0.00651	0.5	89846	585	89553	2316930	25.79
1995-1999	54	0.00703	0.00700	0.5	89261	625	88948	2227377	24.95
1995-1999	55	0.00748	0.00745	0.5	88636	661	88305	2138429	24.13
1995-1999	56	0.00817	0.00814	0.5	87975	716	87617	2050124	23.30
1995-1999	57	0.00878	0.00875	0.5	87259	763	86878	1962507	22.49
1995-1999	58	0.01043	0.01037	0.5	86496	897	86047	1875629	21.68
1995-1999	59	0.01055	0.01050	0.5	85599	899	85150	1789581	20.91
1995-1999	60	0.01180	0.01173	0.5	84700	993	84204	1704432	20.12
1995-1999	61	0.01364	0.01355	0.5	83707	1134	83140	1620228	19.36
1995-1999	62	0.01459	0.01449	0.5	82573	1196	81975	1537088	18.61
1995-1999	63	0.01579	0.01566	0.5	81377	1275	80739	1455114	17.88
1995-1999	64	0.01687	0.01673	0.5	80102	1340	79432	1374375	17.16
1995-1999	65	0.01824	0.01808	0.5	78762	1424	78050	1294943	16.44
1995-1999	66	0.02025	0.02005	0.5	77338	1551	76563	1216893	15.73
1995-1999	67	0.02192	0.02168	0.5	75787	1643	74966	1140330	15.05
1995-1999	68	0.02441	0.02412	0.5	74144	1788	73250	1065364	14.37
1995-1999	69	0.02674	0.02639	0.5	72356	1910	71401	992114	13.71
1995-1999	70	0.02897	0.02855	0.5	70447	2011	69441	920713	13.07
1995-1999	71	0.03218	0.03167	0.5	68435	2167	67351	851272	12.44
1995-1999	72	0.03487	0.03427	0.5	66268	2271	65132	783920	11.83
1995-1999	73	0.03800	0.03729	0.5	63997	2386	62803	718788	11.23
1995-1999	74	0.04039	0.03959	0.5	61610	2439	60391	655985	10.65
1995-1999	75	0.04455	0.04358	0.5	59171	2579	57882	595594	10.07
1995-1999	76	0.04831	0.04717	0.5	56592	2670	55258	537713	9.50
1995-1999	77	0.05502	0.05355	0.5	53923	2887	52479	482455	8.95
1995-1999	78	0.05985	0.05811	0.5	51035	2966	49552	429976	8.43
1995-1999	79	0.06520	0.06314	0.5	48070	3035	46552	380424	7.91
1995-1999	80	0.07568	0.07292	0.5	45034	3284	43392	333872	7.41
1995-1999	81	0.08440	0.08098	0.5	41750	3381	40060	290479	6.96
1995-1999	82	0.09288	0.08876	0.5	38369	3405	36666	250420	6.53
1995-1999	83	0.10442	0.09924	0.5	34964	3470	33229	213753	6.11
1995-1999	84	0.11467	0.10845	0.5	31494	3415	29786	180524	5.73
1995-1999	85	0.12523	0.11785	0.5	28078	3309	26424	150738	5.37
1995-1999	86	0.13982	0.13069	0.5	24769	3237	23151	124315	5.02
1995-1999	87	0.15212	0.14137	0.5	21532	3044	20010	101164	4.70
1995-1999	88	0.16832	0.15526	0.5	18488	2870	17053	81154	4.39
1995-1999	89	0.18264	0.16736	0.5	15618	2614	14311	64101	4.10
1995-1999	90	0.20340	0.18462	0.5	13004	2401	11804	49790	3.83
1995-1999	91	0.22077	0.19882	0.5	10603	2108	9549	37986	3.58
1995-1999	92	0.24099	0.21507	0.5	8495	1827	7582	28437	3.35
1995-1999	93	0.26584	0.23465	0.5	6668	1565	5886	20855	3.13
1995-1999	94	0.28855	0.25217	0.5	5103	1287	4460	14970	2.93
1995-1999	95	0.31261	0.27035	0.5	3816	1032	3301	10510	2.75
1995-1999	96	0.33773	0.28894	0.5	2785	805	2382	7209	2.59
1995-1999	97	0.36379	0.30781	0.5	1980	609	1675	4827	2.44
1995-1999	98	0.39069	0.32684	0.5	1371	448	1147	3152	2.30
1995-1999	99	0.41826	0.34592	0.5	923	319	763	2005	2.17
1995-1999	100	0.44635	0.36491	0.5	603	220	493	1242	2.06
1995-1999	101	0.47479	0.38370	0.5	383	147	310	749	1.95
1995-1999	102	0.50340	0.40217	0.5	236	95	189	439	1.86
1995-1999	103	0.53198	0.42021	0.5	141	59	112	250	1.77
1995-1999	104	0.56035	0.43771	0.5	82	36	64	139	1.69
1995-1999	105	0.58834	0.45461	0.5	46	21	36	75	1.62
1995-1999	106	0.61576	0.47081	0.5	25	12	19	39	1.56
1995-1999	107	0.64247	0.48626	0.5	13	6	10	20	1.51
1995-1999	108	0.66832	0.50093	0.5	7	3	5	10	1.46
1995-1999	109	0.69320	0.51478	0.5	3	2	3	5	1.42
1995-1999	110+	0.71699	1.00000	1.39	2	2	2	2	1.39
2000-2004	0	0.00704	0.00700	0.06	100000	700	99345	7512394	75.12
2000-2004	1	0.00059	0.00059	0.5	99300	59	99271	7413049	74.65
2000-2004	2	0.00039	0.00039	0.5	99242	38	99222	7313778	73.70
2000-2004	3	0.00026	0.00026	0.5	99203	26	99190	7214556	72.73
2000-2004	4	0.00022	0.00022	0.5	99177	22	99166	7115365	71.74
2000-2004	5	0.00018	0.00018	0.5	99155	18	99146	7016199	70.76
2000-2004	6	0.00019	0.00019	0.5	99137	19	99128	6917053	69.77
2000-2004	7	0.00016	0.00016	0.5	99118	16	99111	6817926	68.79
2000-2004	8	0.00014	0.00014	0.5	99103	14	99096	6718815	67.80
2000-2004	9	0.00018	0.00018	0.5	99088	17	99080	6619720	66.81
2000-2004	10	0.00017	0.00017	0.5	99071	17	99063	6520640	65.82
2000-2004	11	0.00022	0.00022	0.5	99054	22	99043	6421577	64.83
2000-2004	12	0.00027	0.00027	0.5	99032	26	99019	6322534	63.84
2000-2004	13	0.00030	0.00030	0.5	99006	29	98991	6223515	62.86
2000-2004	14	0.00041	0.00041	0.5	98977	41	98956	6124523	61.88
2000-2004	15	0.00058	0.00058	0.5	98936	57	98907	6025567	60.90
2000-2004	16	0.00082	0.00082	0.5	98878	81	98838	5926660	59.94
2000-2004	17	0.00094	0.00094	0.5	98798	93	98751	5827822	58.99
2000-2004	18	0.00139	0.00139	0.5	98704	137	98636	5729071	58.04
2000-2004	19	0.00148	0.00148	0.5	98567	146	98494	5630435	57.12
2000-2004	20	0.00150	0.00149	0.5	98421	147	98348	5531941	56.21
2000-2004	21	0.00155	0.00155	0.5	98274	152	98198	5433593	55.29
2000-2004	22	0.00149	0.00149	0.5	98122	146	98049	5335395	54.38
2000-2004	23	0.00139	0.00139	0.5	97975	136	97907	5237347	53.46
2000-2004	24	0.00139	0.00139	0.5	97839	136	97771	5139439	52.53
2000-2004	25	0.00143	0.00143	0.5	97704	139	97634	5041668	51.60
2000-2004	26	0.00143	0.00143	0.5	97564	140	97494	4944034	50.67
2000-2004	27	0.00146	0.00145	0.5	97424	142	97354	4846540	49.75
2000-2004	28	0.00144	0.00144	0.5	97283	140	97213	4749186	48.82
2000-2004	29	0.00140	0.00140	0.5	97143	136	97074	4651974	47.89
2000-2004	30	0.00151	0.00151	0.5	97006	147	96933	4554899	46.95
2000-2004	31	0.00153	0.00153	0.5	96860	148	96786	4457966	46.02
2000-2004	32	0.00156	0.00156	0.5	96712	151	96636	4361180	45.09
2000-2004	33	0.00169	0.00169	0.5	96561	163	96479	4264544	44.16
2000-2004	34	0.00178	0.00177	0.5	96398	171	96312	4168064	43.24
2000-2004	35	0.00197	0.00196	0.5	96227	189	96132	4071752	42.31
2000-2004	36	0.00205	0.00205	0.5	96038	197	95939	3975620	41.40
2000-2004	37	0.00216	0.00216	0.5	95841	207	95737	3879681	40.48
2000-2004	38	0.00229	0.00228	0.5	95634	218	95525	3783943	39.57
2000-2004	39	0.00249	0.00248	0.5	95416	237	95297	3688419	38.66
2000-2004	40	0.00272	0.00272	0.5	95179	259	95049	3593121	37.75
2000-2004	41	0.00294	0.00294	0.5	94920	279	94781	3498072	36.85
2000-2004	42	0.00308	0.00308	0.5	94641	291	94496	3403291	35.96
2000-2004	43	0.00331	0.00330	0.5	94350	311	94195	3308796	35.07
2000-2004	44	0.00352	0.00351	0.5	94039	330	93874	3214601	34.18
2000-2004	45	0.00372	0.00372	0.5	93709	348	93534	3120727	33.30
2000-2004	46	0.00416	0.00415	0.5	93360	387	93167	3027193	32.42
2000-2004	47	0.00442	0.00441	0.5	92973	410	92768	2934026	31.56
2000-2004	48	0.00483	0.00482	0.5	92563	446	92340	2841258	30.70
2000-2004	49	0.00508	0.00507	0.5	92117	467	91883	2748918	29.84
2000-2004	50	0.00542	0.00541	0.5	91650	496	91402	2657035	28.99
2000-2004	51	0.00557	0.00555	0.5	91154	506	90901	2565633	28.15
2000-2004	52	0.00594	0.00592	0.5	90648	537	90379	2474732	27.30
2000-2004	53	0.00646	0.00644	0.5	90111	580	89821	2384352	26.46
2000-2004	54	0.00683	0.00681	0.5	89531	610	89226	2294531	25.63
2000-2004	55	0.00717	0.00715	0.5	88921	636	88604	2205305	24.80
2000-2004	56	0.00785	0.00781	0.5	88286	690	87941	2116702	23.98
2000-2004	57	0.00860	0.00856	0.5	87596	750	87221	2028761	23.16
2000-2004	58	0.00934	0.00929	0.5	86846	807	86442	1941540	22.36
2000-2004	59	0.01026	0.01021	0.5	86039	878	85600	1855098	21.56
2000-2004	60	0.01116	0.01110	0.5	85161	945	84688	1769498	20.78
2000-2004	61	0.01221	0.01214	0.5	84215	1022	83704	1684810	20.01
2000-2004	62	0.01313	0.01304	0.5	83193	1085	82651	1601105	19.25
2000-2004	63	0.01443	0.01432	0.5	82108	1176	81520	1518454	18.49
2000-2004	64	0.01530	0.01518	0.5	80932	1229	80318	1436934	17.75
2000-2004	65	0.01631	0.01618	0.5	79703	1289	79059	1356617	17.02
2000-2004	66	0.01824	0.01808	0.5	78414	1417	77705	1277558	16.29
2000-2004	67	0.01963	0.01944	0.5	76997	1497	76248	1199852	15.58
2000-2004	68	0.02157	0.02134	0.5	75500	1611	74694	1123604	14.88
2000-2004	69	0.02383	0.02355	0.5	73888	1740	73018	1048910	14.20
2000-2004	70	0.02594	0.02561	0.5	72148	1848	71224	975892	13.53
2000-2004	71	0.02759	0.02722	0.5	70300	1913	69344	904668	12.87
2000-2004	72	0.03126	0.03078	0.5	68387	2105	67335	835324	12.21
2000-2004	73	0.03432	0.03374	0.5	66282	2236	65164	767989	11.59
2000-2004	74	0.03716	0.03648	0.5	64046	2337	62878	702825	10.97
2000-2004	75	0.04106	0.04023	0.5	61709	2483	60468	639947	10.37
2000-2004	76	0.04492	0.04393	0.5	59227	2602	57926	579479	9.78
2000-2004	77	0.04858	0.04743	0.5	56625	2686	55282	521554	9.21
2000-2004	78	0.05555	0.05405	0.5	53939	2915	52482	466272	8.64
2000-2004	79	0.06071	0.05892	0.5	51024	3007	49521	413790	8.11
2000-2004	80	0.07048	0.06808	0.5	48017	3269	46383	364269	7.59
2000-2004	81	0.07706	0.07420	0.5	44748	3320	43088	317887	7.10
2000-2004	82	0.08744	0.08378	0.5	41428	3471	39693	274799	6.63
2000-2004	83	0.09712	0.09262	0.5	37957	3516	36199	235106	6.19
2000-2004	84	0.10737	0.10190	0.5	34442	3510	32687	198907	5.78
2000-2004	85	0.11991	0.11313	0.5	30932	3499	29182	166220	5.37
2000-2004	86	0.13440	0.12594	0.5	27433	3455	25705	137038	5.00
2000-2004	87	0.14919	0.13884	0.5	23978	3329	22313	111332	4.64
2000-2004	88	0.16853	0.15543	0.5	20649	3209	19044	89019	4.31
2000-2004	89	0.18766	0.17156	0.5	17439	2992	15943	69975	4.01
2000-2004	90	0.20359	0.18478	0.5	14447	2670	13113	54032	3.74
2000-2004	91	0.21978	0.19802	0.5	11778	2332	10612	40919	3.47
2000-2004	92	0.25411	0.22546	0.5	9445	2130	8381	30308	3.21
2000-2004	93	0.27709	0.24337	0.5	7316	1780	6426	21927	3.00
2000-2004	94	0.30606	0.26544	0.5	5535	1469	4801	15501	2.80
2000-2004	95	0.32686	0.28094	0.5	4066	1142	3495	10700	2.63
2000-2004	96	0.35505	0.30152	0.5	2924	882	2483	7205	2.46
2000-2004	97	0.38428	0.32234	0.5	2042	658	1713	4722	2.31
2000-2004	98	0.41437	0.34326	0.5	1384	475	1146	3009	2.17
2000-2004	99	0.44512	0.36409	0.5	909	331	743	1863	2.05
2000-2004	100	0.47629	0.38468	0.5	578	222	467	1120	1.94
2000-2004	101	0.50765	0.40488	0.5	356	144	284	653	1.84
2000-2004	102	0.53895	0.42455	0.5	212	90	167	369	1.74
2000-2004	103	0.56994	0.44355	0.5	122	54	95	202	1.66
2000-2004	104	0.60040	0.46177	0.5	68	31	52	108	1.59
2000-2004	105	0.63010	0.47914	0.5	36	17	28	56	1.52
2000-2004	106	0.65884	0.49559	0.5	19	9	14	28	1.47
2000-2004	107	0.68647	0.51106	0.5	10	5	7	14	1.41
2000-2004	108	0.71283	0.52552	0.5	5	2	3	6	1.37
2000-2004	109	0.73782	0.53898	0.5	2	1	2	3	1.34
2000-2004	110+	0.76136	1.00000	1.31	1	1	1	1	1.31
2005-2009	0	0.00690	0.00686	0.06	100000	686	99358	7604310	76.04
2005-2009	1	0.00058	0.00058	0.5	99314	58	99285	7504952	75.57
2005-2009	2	0.00035	0.00035	0.5	99256	34	99239	7405667	74.61
2005-2009	3	0.00026	0.00026	0.5	99222	26	99209	7306427	73.64
2005-2009	4	0.00021	0.00021	0.5	99196	21	99186	7207218	72.66
2005-2009	5	0.00016	0.00016	0.5	99175	16	99167	7108033	71.67
2005-2009	6	0.00016	0.00016	0.5	99159	15	99151	7008866	70.68
2005-2009	7	0.00014	0.00014	0.5	99144	14	99137	6909714	69.69
2005-2009	8	0.00014	0.00014	0.5	99130	13	99123	6810578	68.70
2005-2009	9	0.00016	0.00016	0.5	99116	15	99108	6711455	67.71
2005-2009	10	0.00016	0.00016	0.5	99101	16	99093	6612346	66.72
2005-2009	11	0.00015	0.00015	0.5	99085	15	99078	6513253	65.73
2005-2009	12	0.00019	0.00019	0.5	99070	19	99061	6414176	64.74
2005-2009	13	0.00025	0.00025	0.5	99051	25	99039	6315115	63.76
2005-2009	14	0.00035	0.00035	0.5	99026	34	99009	6216077	62.77
2005-2009	15	0.00045	0.00045	0.5	98992	44	98970	6117068	61.79
2005-2009	16	0.00066	0.00066	0.5	98947	66	98915	6018098	60.82
2005-2009	17	0.00090	0.00090	0.5	98882	89	98837	5919184	59.86
2005-2009	18	0.00124	0.00123	0.5	98793	122	98732	5820346	58.91
2005-2009	19	0.00147	0.00146	0.5	98671	145	98599	5721614	57.99
2005-2009	20	0.00149	0.00149	0.5	98526	147	98453	5623016	57.07
2005-2009	21	0.00152	0.00152	0.5	98380	150	98305	5524563	56.16
2005-2009	22	0.00155	0.00155	0.5	98230	153	98154	5426258	55.24
2005-2009	23	0.00151	0.00151	0.5	98078	148	98003	5328104	54.33
2005-2009	24	0.00158	0.00158	0.5	97929	155	97852	5230101	53.41
2005-2009	25	0.00148	0.00148	0.5	97775	144	97703	5132249	52.49
2005-2009	26	0.00148	0.00148	0.5	97630	145	97558	5034546	51.57
2005-2009	27	0.00154	0.00154	0.5	97486	150	97410	4936988	50.64
2005-2009	28	0.00146	0.00146	0.5	97335	142	97264	4839578	49.72
2005-2009	29	0.00163	0.00163	0.5	97193	158	97114	4742314	48.79
2005-2009	30	0.00150	0.00150	0.5	97035	146	96962	4645199	47.87
2005-2009	31	0.00167	0.00166	0.5	96890	161	96809	4548237	46.94
2005-2009	32	0.00157	0.00157	0.5	96728	151	96653	4451428	46.02
2005-2009	33	0.00160	0.00160	0.5	96577	154	96500	4354776	45.09
2005-2009	34	0.00172	0.00171	0.5	96423	165	96340	4258276	44.16
2005-2009	35	0.00187	0.00187	0.5	96257	180	96168	4161936	43.24
2005-2009	36	0.00186	0.00186	0.5	96078	179	95988	4065768	42.32
2005-2009	37	0.00191	0.00191	0.5	95899	183	95807	3969780	41.40
2005-2009	38	0.00216	0.00216	0.5	95716	207	95613	3873972	40.47
2005-2009	39	0.00236	0.00236	0.5	95509	225	95396	3778360	39.56
2005-2009	40	0.00248	0.00247	0.5	95284	236	95166	3682963	38.65
2005-2009	41	0.00261	0.00261	0.5	95048	248	94924	3587797	37.75
2005-2009	42	0.00300	0.00299	0.5	94800	284	94658	3492873	36.84
2005-2009	43	0.00310	0.00309	0.5	94517	292	94370	3398215	35.95
2005-2009	44	0.00329	0.00329	0.5	94224	310	94070	3303844	35.06
2005-2009	45	0.00366	0.00365	0.5	93915	343	93743	3209775	34.18
2005-2009	46	0.00388	0.00387	0.5	93572	362	93391	3116031	33.30
2005-2009	47	0.00418	0.00417	0.5	93210	389	93015	3022640	32.43
2005-2009	48	0.00459	0.00457	0.5	92821	425	92608	2929625	31.56
2005-2009	49	0.00492	0.00491	0.5	92396	453	92169	2837017	30.70
2005-2009	50	0.00539	0.00537	0.5	91943	494	91696	2744847	29.85
2005-2009	51	0.00560	0.00558	0.5	91449	511	91193	2653152	29.01
2005-2009	52	0.00628	0.00626	0.5	90938	570	90653	2561958	28.17
2005-2009	53	0.00662	0.00660	0.5	90368	596	90070	2471305	27.35
2005-2009	54	0.00703	0.00700	0.5	89772	629	89458	2381235	26.53
2005-2009	55	0.00750	0.00747	0.5	89143	666	88810	2291777	25.71
2005-2009	56	0.00770	0.00767	0.5	88477	679	88138	2202967	24.90
2005-2009	57	0.00828	0.00825	0.5	87798	724	87436	2114829	24.09
2005-2009	58	0.00866	0.00862	0.5	87074	751	86699	2027393	23.28
2005-2009	59	0.00952	0.00947	0.5	86323	818	85914	1940695	22.48
2005-2009	60	0.01041	0.01035	0.5	85505	885	85063	1854781	21.69
2005-2009	61	0.01099	0.01093	0.5	84620	925	84158	1769718	20.91
2005-2009	62	0.01193	0.01186	0.5	83695	992	83199	1685560	20.14
2005-2009	63	0.01265	0.01257	0.5	82703	1040	82183	1602361	19.37
2005-2009	64	0.01420	0.01410	0.5	81663	1152	81087	1520179	18.62
2005-2009	65	0.01550	0.01538	0.5	80511	1238	79892	1439092	17.87
2005-2009	66	0.01643	0.01629	0.5	79273	1292	78627	1359199	17.15
2005-2009	67	0.01735	0.01720	0.5	77982	1341	77311	1280572	16.42
2005-2009	68	0.01869	0.01852	0.5	76640	1419	75931	1203261	15.70
2005-2009	69	0.02089	0.02067	0.5	75221	1555	74444	1127330	14.99
2005-2009	70	0.02246	0.02221	0.5	73666	1636	72848	1052887	14.29
2005-2009	71	0.02413	0.02384	0.5	72030	1717	71171	980038	13.61
2005-2009	72	0.02677	0.02642	0.5	70313	1858	69384	908867	12.93
2005-2009	73	0.03006	0.02961	0.5	68455	2027	67441	839483	12.26
2005-2009	74	0.03228	0.03176	0.5	66428	2110	65373	772042	11.62
2005-2009	75	0.03619	0.03554	0.5	64318	2286	63175	706669	10.99
2005-2009	76	0.03913	0.03838	0.5	62032	2380	60842	643494	10.37
2005-2009	77	0.04416	0.04321	0.5	59651	2577	58363	582652	9.77
2005-2009	78	0.04753	0.04643	0.5	57074	2650	55749	524290	9.19
2005-2009	79	0.05286	0.05149	0.5	54424	2803	53023	468541	8.61
2005-2009	80	0.05962	0.05790	0.5	51622	2989	50127	415518	8.05
2005-2009	81	0.06916	0.06684	0.5	48633	3251	47008	365391	7.51
2005-2009	82	0.07833	0.07538	0.5	45382	3421	43672	318383	7.02
2005-2009	83	0.08771	0.08403	0.5	41961	3526	40198	274711	6.55
2005-2009	84	0.09688	0.09240	0.5	38435	3552	36660	234513	6.10
2005-2009	85	0.10917	0.10352	0.5	34884	3611	33078	197853	5.67
2005-2009	86	0.12227	0.11523	0.5	31273	3603	29471	164775	5.27
2005-2009	87	0.13709	0.12829	0.5	27669	3550	25894	135304	4.89
2005-2009	88	0.15233	0.14155	0.5	24120	3414	22413	109409	4.54
2005-2009	89	0.17067	0.15725	0.5	20706	3256	19078	86997	4.20
2005-2009	90	0.18999	0.17351	0.5	17450	3028	15936	67919	3.89
2005-2009	91	0.21332	0.19276	0.5	14422	2780	13032	51984	3.60
2005-2009	92	0.23593	0.21104	0.5	11642	2457	10413	38952	3.35
2005-2009	93	0.25958	0.22976	0.5	9185	2110	8130	28538	3.11
2005-2009	94	0.29150	0.25442	0.5	7075	1800	6175	20408	2.88
2005-2009	95	0.31446	0.27174	0.5	5275	1433	4558	14234	2.70
2005-2009	96	0.34342	0.29310	0.5	3841	1126	3278	9676	2.52
2005-2009	97	0.37360	0.31479	0.5	2715	855	2288	6397	2.36
2005-2009	98	0.40479	0.33665	0.5	1861	626	1547	4109	2.21
2005-2009	99	0.43676	0.35848	0.5	1234	442	1013	2562	2.08
2005-2009	100	0.46927	0.38009	0.5	792	301	641	1549	1.96
2005-2009	101	0.50205	0.40131	0.5	491	197	392	907	1.85
2005-2009	102	0.53481	0.42197	0.5	294	124	232	515	1.75
2005-2009	103	0.56727	0.44192	0.5	170	75	132	283	1.67
2005-2009	104	0.59916	0.46104	0.5	95	44	73	151	1.59
2005-2009	105	0.63023	0.47922	0.5	51	24	39	78	1.52
2005-2009	106	0.66026	0.49639	0.5	27	13	20	39	1.46
2005-2009	107	0.68906	0.51249	0.5	13	7	10	19	1.41
2005-2009	108	0.71646	0.52750	0.5	7	3	5	9	1.36
2005-2009	109	0.74235	0.54140	0.5	3	2	2	4	1.33
2005-2009	110+	0.76665	1.00000	1.3	1	1	2	2	1.30
2010-2014	0	0.00606	0.00603	0.06	100000	603	99434	7696873	76.97
2010-2014	1	0.00055	0.00055	0.5	99397	55	99370	7597440	76.44
2010-2014	2	0.00031	0.00031	0.5	99342	31	99327	7498070	75.48
2010-2014	3	0.00024	0.00024	0.5	99311	24	99299	7398743	74.50
2010-2014	4	0.00019	0.00019	0.5	99287	19	99277	7299444	73.52
2010-2014	5	0.00016	0.00016	0.5	99268	16	99260	7200167	72.53
2010-2014	6	0.00011	0.00011	0.5	99252	11	99246	7100907	71.54
2010-2014	7	0.00013	0.00013	0.5	99241	13	99234	7001661	70.55
2010-2014	8	0.00011	0.00011	0.5	99228	11	99222	6902426	69.56
2010-2014	9	0.00012	0.00012	0.5	99217	12	99211	6803204	68.57
2010-2014	10	0.00013	0.00013	0.5	99205	13	99198	6703993	67.58
2010-2014	11	0.00014	0.00014	0.5	99192	14	99185	6604795	66.59
2010-2014	12	0.00017	0.00017	0.5	99178	17	99169	6505610	65.60
2010-2014	13	0.00021	0.00021	0.5	99161	20	99151	6406441	64.61
2010-2014	14	0.00029	0.00029	0.5	99140	29	99126	6307290	63.62
2010-2014	15	0.00040	0.00040	0.5	99111	40	99091	6208164	62.64
2010-2014	16	0.00052	0.00052	0.5	99071	52	99046	6109073	61.66
2010-2014	17	0.00067	0.00067	0.5	99020	66	98987	6010027	60.70
2010-2014	18	0.00093	0.00093	0.5	98954	92	98908	5911040	59.74
2010-2014	19	0.00106	0.00106	0.5	98862	105	98809	5812133	58.79
2010-2014	20	0.00116	0.00116	0.5	98757	115	98699	5713323	57.85
2010-2014	21	0.00122	0.00122	0.5	98642	120	98582	5614624	56.92
2010-2014	22	0.00144	0.00144	0.5	98522	142	98451	5516042	55.99
2010-2014	23	0.00137	0.00137	0.5	98380	135	98313	5417591	55.07
2010-2014	24	0.00135	0.00135	0.5	98245	132	98179	5319278	54.14
2010-2014	25	0.00144	0.00144	0.5	98113	142	98042	5221099	53.22
2010-2014	26	0.00151	0.00151	0.5	97971	148	97897	5123057	52.29
2010-2014	27	0.00146	0.00146	0.5	97823	143	97752	5025160	51.37
2010-2014	28	0.00153	0.00153	0.5	97680	149	97606	4927408	50.44
2010-2014	29	0.00152	0.00152	0.5	97531	149	97457	4829802	49.52
2010-2014	30	0.00154	0.00154	0.5	97383	150	97308	4732345	48.60
2010-2014	31	0.00166	0.00165	0.5	97233	161	97153	4635037	47.67
2010-2014	32	0.00148	0.00148	0.5	97072	144	97000	4537885	46.75
2010-2014	33	0.00161	0.00161	0.5	96928	156	96851	4440884	45.82
2010-2014	34	0.00170	0.00170	0.5	96773	164	96691	4344034	44.89
2010-2014	35	0.00174	0.00174	0.5	96609	168	96525	4247343	43.96
2010-2014	36	0.00180	0.00180	0.5	96441	174	96354	4150819	43.04
2010-2014	37	0.00190	0.00190	0.5	96267	183	96175	4054465	42.12
2010-2014	38	0.00196	0.00196	0.5	96084	189	95990	3958290	41.20
2010-2014	39	0.00209	0.00209	0.5	95895	201	95795	3862300	40.28
2010-2014	40	0.00224	0.00224	0.5	95695	214	95588	3766505	39.36
2010-2014	41	0.00243	0.00243	0.5	95481	232	95365	3670917	38.45
2010-2014	42	0.00265	0.00264	0.5	95249	252	95123	3575552	37.54
2010-2014	43	0.00279	0.00279	0.5	94998	265	94865	3480429	36.64
2010-2014	44	0.00295	0.00294	0.5	94733	279	94593	3385564	35.74
2010-2014	45	0.00319	0.00318	0.5	94454	301	94304	3290971	34.84
2010-2014	46	0.00356	0.00355	0.5	94153	334	93986	3196667	33.95
2010-2014	47	0.00398	0.00397	0.5	93819	373	93633	3102681	33.07
2010-2014	48	0.00425	0.00424	0.5	93446	397	93248	3009048	32.20
2010-2014	49	0.00472	0.00471	0.5	93050	438	92831	2915800	31.34
2010-2014	50	0.00503	0.00502	0.5	92611	465	92379	2822970	30.48
2010-2014	51	0.00535	0.00533	0.5	92147	491	91901	2730591	29.63
2010-2014	52	0.00591	0.00589	0.5	91655	540	91385	2638690	28.79
2010-2014	53	0.00628	0.00626	0.5	91115	571	90830	2547304	27.96
2010-2014	54	0.00681	0.00679	0.5	90545	614	90238	2456474	27.13
2010-2014	55	0.00754	0.00751	0.5	89930	675	89593	2366237	26.31
2010-2014	56	0.00785	0.00782	0.5	89255	698	88906	2276644	25.51
2010-2014	57	0.00853	0.00849	0.5	88557	752	88181	2187738	24.70
2010-2014	58	0.00920	0.00915	0.5	87805	804	87403	2099557	23.91
2010-2014	59	0.00999	0.00994	0.5	87001	865	86569	2012154	23.13
2010-2014	60	0.01050	0.01044	0.5	86136	899	85687	1925585	22.36
2010-2014	61	0.01110	0.01104	0.5	85237	941	84767	1839898	21.59
2010-2014	62	0.01179	0.01172	0.5	84296	988	83802	1755132	20.82
2010-2014	63	0.01258	0.01250	0.5	83308	1041	82788	1671329	20.06
2010-2014	64	0.01326	0.01317	0.5	82267	1084	81725	1588541	19.31
2010-2014	65	0.01380	0.01370	0.5	81183	1112	80627	1506816	18.56
2010-2014	66	0.01535	0.01524	0.5	80071	1220	79461	1426189	17.81
2010-2014	67	0.01671	0.01658	0.5	78851	1307	78198	1346728	17.08
2010-2014	68	0.01771	0.01755	0.5	77544	1361	76864	1268530	16.36
2010-2014	69	0.01910	0.01892	0.5	76183	1442	75462	1191666	15.64
2010-2014	70	0.02091	0.02070	0.5	74741	1547	73968	1116204	14.93
2010-2014	71	0.02217	0.02193	0.5	73194	1605	72392	1042236	14.24
2010-2014	72	0.02541	0.02509	0.5	71589	1796	70691	969844	13.55
2010-2014	73	0.02714	0.02677	0.5	69793	1869	68859	899153	12.88
2010-2014	74	0.02966	0.02923	0.5	67924	1985	66932	830294	12.22
2010-2014	75	0.03220	0.03169	0.5	65939	2090	64894	763363	11.58
2010-2014	76	0.03672	0.03606	0.5	63850	2303	62698	698468	10.94
2010-2014	77	0.03978	0.03900	0.5	61547	2401	60347	635770	10.33
2010-2014	78	0.04310	0.04219	0.5	59147	2495	57899	575423	9.73
2010-2014	79	0.04859	0.04744	0.5	56651	2688	55307	517524	9.14
2010-2014	80	0.05310	0.05172	0.5	53964	2791	52568	462217	8.57
2010-2014	81	0.05894	0.05725	0.5	51173	2930	49708	409648	8.01
2010-2014	82	0.06763	0.06541	0.5	48243	3156	46665	359941	7.46
2010-2014	83	0.07503	0.07231	0.5	45087	3260	43457	313276	6.95
2010-2014	84	0.08690	0.08328	0.5	41827	3484	40085	269819	6.45
2010-2014	85	0.09595	0.09156	0.5	38343	3511	36588	229734	5.99
2010-2014	86	0.11082	0.10500	0.5	34833	3657	33004	193146	5.54
2010-2014	87	0.12374	0.11653	0.5	31175	3633	29359	160142	5.14
2010-2014	88	0.14286	0.13333	0.5	27542	3672	25706	130783	4.75
2010-2014	89	0.15461	0.14351	0.5	23870	3426	22157	105077	4.40
2010-2014	90	0.17437	0.16038	0.5	20444	3279	18805	82920	4.06
2010-2014	91	0.19831	0.18042	0.5	17165	3097	15617	64115	3.74
2010-2014	92	0.22714	0.20397	0.5	14068	2870	12634	48498	3.45
2010-2014	93	0.24911	0.22152	0.5	11199	2481	9958	35864	3.20
2010-2014	94	0.27702	0.24332	0.5	8718	2121	7657	25906	2.97
2010-2014	95	0.30200	0.26238	0.5	6597	1731	5731	18248	2.77
2010-2014	96	0.33190	0.28466	0.5	4866	1385	4173	12517	2.57
2010-2014	97	0.36322	0.30739	0.5	3481	1070	2946	8343	2.40
2010-2014	98	0.39574	0.33037	0.5	2411	796	2013	5398	2.24
2010-2014	99	0.42921	0.35338	0.5	1614	570	1329	3385	2.10
2010-2014	100	0.46335	0.37619	0.5	1044	393	848	2056	1.97
2010-2014	101	0.49783	0.39861	0.5	651	260	521	1208	1.86
2010-2014	102	0.53233	0.42043	0.5	392	165	309	687	1.75
2010-2014	103	0.56652	0.44147	0.5	227	100	177	378	1.66
2010-2014	104	0.60010	0.46160	0.5	127	59	98	201	1.58
2010-2014	105	0.63275	0.48068	0.5	68	33	52	103	1.51
2010-2014	106	0.66424	0.49863	0.5	35	18	27	51	1.45
2010-2014	107	0.69433	0.51540	0.5	18	9	13	25	1.40
2010-2014	108	0.72284	0.53095	0.5	9	5	6	12	1.35
2010-2014	109	0.74966	0.54527	0.5	4	2	3	5	1.31
2010-2014	110+	0.77469	1.00000	1.29	2	2	2	2	1.29
2015-2019	0	0.00573	0.00570	0.06	100000	570	99465	7695302	76.95
2015-2019	1	0.00047	0.00047	0.5	99430	47	99407	7595838	76.39
2015-2019	2	0.00030	0.00030	0.5	99383	30	99368	7496431	75.43
2015-2019	3	0.00020	0.00020	0.5	99353	20	99343	7397063	74.45
2015-2019	4	0.00016	0.00016	0.5	99333	16	99325	7297720	73.47
2015-2019	5	0.00015	0.00015	0.5	99317	15	99310	7198394	72.48
2015-2019	6	0.00011	0.00011	0.5	99302	11	99297	7099085	71.49
2015-2019	7	0.00013	0.00013	0.5	99291	13	99285	6999788	70.50
2015-2019	8	0.00013	0.00013	0.5	99278	13	99272	6900503	69.51
2015-2019	9	0.00013	0.00013	0.5	99266	13	99259	6801231	68.52
2015-2019	10	0.00013	0.00013	0.5	99253	13	99246	6701971	67.52
2015-2019	11	0.00013	0.00013	0.5	99239	12	99233	6602725	66.53
2015-2019	12	0.00018	0.00018	0.5	99227	17	99218	6503492	65.54
2015-2019	13	0.00025	0.00025	0.5	99210	24	99197	6404274	64.55
2015-2019	14	0.00031	0.00031	0.5	99185	31	99170	6305076	63.57
2015-2019	15	0.00045	0.00045	0.5	99154	44	99132	6205907	62.59
2015-2019	16	0.00061	0.00061	0.5	99110	60	99080	6106774	61.62
2015-2019	17	0.00079	0.00079	0.5	99050	78	99011	6007695	60.65
2015-2019	18	0.00102	0.00102	0.5	98972	101	98921	5908684	59.70
2015-2019	19	0.00114	0.00114	0.5	98870	113	98814	5809763	58.76
2015-2019	20	0.00135	0.00135	0.5	98757	133	98691	5710949	57.83
2015-2019	21	0.00142	0.00142	0.5	98624	140	98554	5612258	56.91
2015-2019	22	0.00141	0.00140	0.5	98484	138	98415	5513704	55.99
2015-2019	23	0.00143	0.00143	0.5	98346	141	98276	5415289	55.06
2015-2019	24	0.00148	0.00148	0.5	98205	146	98132	5317014	54.14
2015-2019	25	0.00150	0.00150	0.5	98060	147	97986	5218881	53.22
2015-2019	26	0.00162	0.00161	0.5	97913	158	97834	5120895	52.30
2015-2019	27	0.00173	0.00173	0.5	97755	169	97670	5023061	51.38
2015-2019	28	0.00166	0.00165	0.5	97586	162	97505	4925391	50.47
2015-2019	29	0.00180	0.00179	0.5	97424	175	97337	4827886	49.56
2015-2019	30	0.00179	0.00179	0.5	97249	174	97162	4730550	48.64
2015-2019	31	0.00191	0.00191	0.5	97075	186	96983	4633387	47.73
2015-2019	32	0.00192	0.00192	0.5	96890	186	96797	4536405	46.82
2015-2019	33	0.00202	0.00202	0.5	96704	195	96606	4439608	45.91
2015-2019	34	0.00207	0.00207	0.5	96509	200	96409	4343001	45.00
2015-2019	35	0.00207	0.00207	0.5	96309	199	96210	4246592	44.09
2015-2019	36	0.00223	0.00223	0.5	96110	214	96003	4150383	43.18
2015-2019	37	0.00210	0.00210	0.5	95896	201	95795	4054380	42.28
2015-2019	38	0.00225	0.00225	0.5	95694	215	95587	3958585	41.37
2015-2019	39	0.00243	0.00243	0.5	95479	232	95363	3862998	40.46
2015-2019	40	0.00251	0.00251	0.5	95248	239	95128	3767634	39.56
2015-2019	41	0.00258	0.00257	0.5	95009	245	94886	3672506	38.65
2015-2019	42	0.00274	0.00273	0.5	94764	259	94634	3577620	37.75
2015-2019	43	0.00280	0.00279	0.5	94505	264	94373	3482986	36.86
2015-2019	44	0.00307	0.00307	0.5	94241	289	94097	3388613	35.96
2015-2019	45	0.00327	0.00326	0.5	93952	306	93799	3294516	35.07
2015-2019	46	0.00361	0.00361	0.5	93646	338	93477	3200717	34.18
2015-2019	47	0.00379	0.00378	0.5	93308	353	93131	3107240	33.30
2015-2019	48	0.00421	0.00421	0.5	92955	391	92759	3014109	32.43
2015-2019	49	0.00456	0.00454	0.5	92564	421	92354	2921350	31.56
2015-2019	50	0.00491	0.00489	0.5	92143	451	91918	2828996	30.70
2015-2019	51	0.00525	0.00524	0.5	91692	480	91452	2737078	29.85
2015-2019	52	0.00578	0.00576	0.5	91212	526	90949	2645626	29.01
2015-2019	53	0.00643	0.00641	0.5	90687	581	90396	2554677	28.17
2015-2019	54	0.00691	0.00689	0.5	90105	621	89795	2464281	27.35
2015-2019	55	0.00741	0.00738	0.5	89485	660	89154	2374486	26.54
2015-2019	56	0.00812	0.00809	0.5	88824	719	88465	2285331	25.73
2015-2019	57	0.00866	0.00863	0.5	88106	760	87726	2196866	24.93
2015-2019	58	0.00908	0.00904	0.5	87345	789	86951	2109141	24.15
2015-2019	59	0.00991	0.00986	0.5	86556	853	86130	2022190	23.36
2015-2019	60	0.01075	0.01069	0.5	85703	916	85245	1936060	22.59
2015-2019	61	0.01158	0.01152	0.5	84787	976	84299	1850815	21.83
2015-2019	62	0.01231	0.01224	0.5	83811	1026	83298	1766516	21.08
2015-2019	63	0.01344	0.01335	0.5	82785	1105	82233	1683219	20.33
2015-2019	64	0.01408	0.01398	0.5	81680	1142	81109	1600986	19.60
2015-2019	65	0.01501	0.01490	0.5	80538	1200	79938	1519877	18.87
2015-2019	66	0.01578	0.01566	0.5	79338	1242	78717	1439939	18.15
2015-2019	67	0.01662	0.01649	0.5	78096	1288	77452	1361222	17.43
2015-2019	68	0.01740	0.01725	0.5	76808	1325	76146	1283770	16.71
2015-2019	69	0.01897	0.01879	0.5	75483	1418	74774	1207624	16.00
2015-2019	70	0.02025	0.02005	0.5	74065	1485	73323	1132849	15.30
2015-2019	71	0.02220	0.02196	0.5	72580	1594	71784	1059527	14.60
2015-2019	72	0.02421	0.02392	0.5	70987	1698	70138	987743	13.91
2015-2019	73	0.02616	0.02582	0.5	69289	1789	68394	917605	13.24
2015-2019	74	0.02898	0.02857	0.5	67500	1928	66535	849211	12.58
2015-2019	75	0.03226	0.03174	0.5	65571	2082	64531	782676	11.94
2015-2019	76	0.03517	0.03456	0.5	63490	2194	62393	718145	11.31
2015-2019	77	0.03871	0.03798	0.5	61296	2328	60132	655752	10.70
2015-2019	78	0.04193	0.04107	0.5	58968	2422	57757	595621	10.10
2015-2019	79	0.04609	0.04505	0.5	56546	2547	55272	537864	9.51
2015-2019	80	0.05119	0.04991	0.5	53999	2695	52651	482592	8.94
2015-2019	81	0.05669	0.05513	0.5	51303	2828	49889	429941	8.38
2015-2019	82	0.06315	0.06122	0.5	48475	2968	46991	380051	7.84
2015-2019	83	0.07027	0.06789	0.5	45507	3089	43963	333060	7.32
2015-2019	84	0.07881	0.07582	0.5	42418	3216	40810	289097	6.82
2015-2019	85	0.08662	0.08303	0.5	39202	3255	37574	248288	6.33
2015-2019	86	0.09935	0.09465	0.5	35947	3402	34246	210713	5.86
2015-2019	87	0.11255	0.10655	0.5	32545	3468	30811	176468	5.42
2015-2019	88	0.12719	0.11958	0.5	29077	3477	27338	145657	5.01
2015-2019	89	0.14635	0.13637	0.5	25600	3491	23854	118319	4.62
2015-2019	90	0.16332	0.15099	0.5	22109	3338	20440	94464	4.27
2015-2019	91	0.18436	0.16880	0.5	18770	3168	17186	74025	3.94
2015-2019	92	0.20855	0.18886	0.5	15602	2947	14129	56838	3.64
2015-2019	93	0.23480	0.21013	0.5	12655	2659	11326	42710	3.37
2015-2019	94	0.26182	0.23151	0.5	9996	2314	8839	31384	3.14
2015-2019	95	0.28014	0.24572	0.5	7682	1888	6738	22545	2.93
2015-2019	96	0.30835	0.26716	0.5	5794	1548	5020	15807	2.73
2015-2019	97	0.33808	0.28919	0.5	4246	1228	3632	10787	2.54
2015-2019	98	0.36913	0.31162	0.5	3018	941	2548	7155	2.37
2015-2019	99	0.40131	0.33424	0.5	2078	694	1730	4607	2.22
2015-2019	100	0.43436	0.35686	0.5	1383	494	1136	2876	2.08
2015-2019	101	0.46801	0.37926	0.5	890	337	721	1740	1.96
2015-2019	102	0.50195	0.40125	0.5	552	222	441	1019	1.84
2015-2019	103	0.53588	0.42264	0.5	331	140	261	577	1.75
2015-2019	104	0.56947	0.44326	0.5	191	85	149	317	1.66
2015-2019	105	0.60244	0.46298	0.5	106	49	82	168	1.58
2015-2019	106	0.63450	0.48169	0.5	57	27	43	86	1.51
2015-2019	107	0.66541	0.49929	0.5	30	15	22	43	1.45
2015-2019	108	0.69497	0.51575	0.5	15	8	11	21	1.40
2015-2019	109	0.72300	0.53103	0.5	7	4	5	10	1.36
2015-2019	110+	0.74938	1.00000	1.33	3	3	4	4	1.33
