Div8: Mountain, Lifetables (period 5x10), Both sexes Last modified: 20 Dec 2020, MPv5 (May07) 

Year     	Age	mx	qx	ax	lx	dx	Lx	Tx	ex
1960-1969	0	0.02491	0.02438	0.12	100000	2438	97849	7068327	70.68
1960-1969	1-4	0.00118	0.00471	1.57	97562	459	389133	6970478	71.45
1960-1969	5-9	0.00047	0.00237	2.27	97103	230	484888	6581345	67.78
1960-1969	10-14	0.00047	0.00235	2.76	96873	227	483857	6096457	62.93
1960-1969	15-19	0.00120	0.00600	2.79	96646	579	481950	5612600	58.07
1960-1969	20-24	0.00159	0.00793	2.47	96067	762	478402	5130650	53.41
1960-1969	25-29	0.00155	0.00774	2.5	95305	738	474676	4652248	48.81
1960-1969	30-34	0.00178	0.00886	2.59	94567	838	470820	4177572	44.18
1960-1969	35-39	0.00243	0.01208	2.64	93729	1132	465978	3706753	39.55
1960-1969	40-44	0.00360	0.01783	2.68	92597	1651	459147	3240775	35.00
1960-1969	45-49	0.00547	0.02703	2.68	90946	2458	449035	2781628	30.59
1960-1969	50-54	0.00849	0.04162	2.65	88488	3683	433801	2332593	26.36
1960-1969	55-59	0.01253	0.06083	2.63	84805	5159	411811	1898792	22.39
1960-1969	60-64	0.01866	0.08932	2.62	79647	7114	381302	1486981	18.67
1960-1969	65-69	0.02785	0.13055	2.6	72533	9469	339940	1105679	15.24
1960-1969	70-74	0.04251	0.19279	2.59	63064	12158	285980	765739	12.14
1960-1969	75-79	0.06487	0.27973	2.54	50906	14240	219523	479759	9.42
1960-1969	80-84	0.09991	0.39944	2.49	36666	14646	146598	260235	7.10
1960-1969	85-89	0.16016	0.56259	2.36	22020	12388	77348	113637	5.16
1960-1969	90-94	0.24031	0.71407	2.16	9632	6878	28620	36290	3.77
1960-1969	95-99	0.34299	0.83759	1.95	2754	2307	6725	7669	2.78
1960-1969	100-104	0.46523	0.91759	1.7	447	410	882	944	2.11
1960-1969	105-109	0.59299	0.95961	1.48	37	35	60	62	1.68
1960-1969	110+	0.69388	1.00000	1.44	1	1	2	2	1.44
1970-1979	0	0.01550	0.01528	0.09	100000	1528	98611	7303246	73.03
1970-1979	1-4	0.00086	0.00344	1.6	98472	339	393074	7204635	73.16
1970-1979	5-9	0.00040	0.00202	2.29	98133	198	490127	6811561	69.41
1970-1979	10-14	0.00043	0.00213	2.76	97935	208	489206	6321434	64.55
1970-1979	15-19	0.00128	0.00639	2.83	97726	624	487275	5832228	59.68
1970-1979	20-24	0.00160	0.00796	2.49	97102	773	483571	5344953	55.04
1970-1979	25-29	0.00150	0.00746	2.5	96329	719	479848	4861382	50.47
1970-1979	30-34	0.00163	0.00810	2.57	95611	774	476169	4381534	45.83
1970-1979	35-39	0.00221	0.01098	2.6	94836	1041	471678	3905365	41.18
1970-1979	40-44	0.00315	0.01565	2.66	93795	1468	465535	3433687	36.61
1970-1979	45-49	0.00477	0.02360	2.66	92327	2178	456527	2968152	32.15
1970-1979	50-54	0.00718	0.03530	2.64	90149	3182	443249	2511625	27.86
1970-1979	55-59	0.01093	0.05328	2.64	86966	4633	423897	2068376	23.78
1970-1979	60-64	0.01652	0.07948	2.63	82333	6544	396146	1644479	19.97
1970-1979	65-69	0.02405	0.11373	2.62	75789	8619	358390	1248334	16.47
1970-1979	70-74	0.03616	0.16631	2.59	67170	11171	308914	889944	13.25
1970-1979	75-79	0.05578	0.24557	2.57	55999	13752	246527	581030	10.38
1970-1979	80-84	0.08474	0.35026	2.53	42247	14798	174632	334503	7.92
1970-1979	85-89	0.13403	0.49783	2.42	27450	13665	101956	159871	5.82
1970-1979	90-94	0.20936	0.66299	2.23	13785	9139	43653	57915	4.20
1970-1979	95-99	0.30640	0.80169	2.03	4646	3724	12155	14261	3.07
1970-1979	100-104	0.42664	0.89816	1.78	921	827	1939	2106	2.29
1970-1979	105-109	0.55772	0.95103	1.54	94	89	160	167	1.78
1970-1979	110+	0.66392	1.00000	1.51	5	5	7	7	1.51
1980-1989	0	0.00985	0.00976	0.08	100000	976	99098	7563047	75.63
1980-1989	1-4	0.00060	0.00239	1.57	99024	237	395518	7463949	75.38
1980-1989	5-9	0.00027	0.00134	2.38	98787	132	493586	7068431	71.55
1980-1989	10-14	0.00032	0.00159	2.81	98654	157	492928	6574845	66.65
1980-1989	15-19	0.00100	0.00500	2.83	98497	493	491419	6081917	61.75
1980-1989	20-24	0.00131	0.00654	2.51	98005	641	488425	5590498	57.04
1980-1989	25-29	0.00125	0.00625	2.51	97363	608	485303	5102072	52.40
1980-1989	30-34	0.00136	0.00677	2.58	96755	655	482192	4616770	47.72
1980-1989	35-39	0.00168	0.00837	2.59	96100	804	478560	4134578	43.02
1980-1989	40-44	0.00231	0.01148	2.63	95296	1094	473881	3656018	38.36
1980-1989	45-49	0.00359	0.01780	2.66	94202	1677	467079	3182136	33.78
1980-1989	50-54	0.00563	0.02778	2.68	92525	2570	456658	2715057	29.34
1980-1989	55-59	0.00895	0.04382	2.67	89954	3942	440577	2258400	25.11
1980-1989	60-64	0.01366	0.06617	2.63	86012	5691	416593	1817822	21.13
1980-1989	65-69	0.02080	0.09913	2.63	80321	7962	382723	1401229	17.45
1980-1989	70-74	0.03201	0.14867	2.61	72359	10758	336083	1018507	14.08
1980-1989	75-79	0.04887	0.21843	2.57	61602	13455	275360	682424	11.08
1980-1989	80-84	0.07576	0.31929	2.54	48146	15372	202916	407064	8.45
1980-1989	85-89	0.12117	0.46278	2.45	32774	15167	125175	204148	6.23
1980-1989	90-94	0.19116	0.62974	2.29	17607	11088	58000	78972	4.49
1980-1989	95-99	0.28953	0.78300	2.07	6519	5104	17630	20973	3.22
1980-1989	100-104	0.41136	0.88962	1.81	1415	1258	3059	3342	2.36
1980-1989	105-109	0.54696	0.94833	1.56	156	148	271	283	1.81
1980-1989	110+	0.65805	1.00000	1.52	8	8	12	12	1.52
1990-1999	0	0.00740	0.00735	0.07	100000	735	99316	7692171	76.92
1990-1999	1-4	0.00044	0.00175	1.59	99265	174	396642	7592855	76.49
1990-1999	5-9	0.00020	0.00100	2.39	99091	99	495199	7196213	72.62
1990-1999	10-14	0.00027	0.00135	2.91	98993	134	494684	6701014	67.69
1990-1999	15-19	0.00089	0.00446	2.79	98859	441	493323	6206330	62.78
1990-1999	20-24	0.00108	0.00538	2.49	98418	529	490761	5713008	58.05
1990-1999	25-29	0.00112	0.00556	2.57	97889	544	488123	5222247	53.35
1990-1999	30-34	0.00138	0.00690	2.61	97344	672	485116	4734124	48.63
1990-1999	35-39	0.00177	0.00883	2.6	96673	854	481318	4249008	43.95
1990-1999	40-44	0.00234	0.01163	2.62	95819	1114	476439	3767690	39.32
1990-1999	45-49	0.00323	0.01604	2.63	94705	1519	469930	3291251	34.75
1990-1999	50-54	0.00486	0.02402	2.67	93186	2238	460707	2821321	30.28
1990-1999	55-59	0.00757	0.03721	2.67	90948	3384	446870	2360614	25.96
1990-1999	60-64	0.01216	0.05908	2.64	87564	5174	425612	1913744	21.86
1990-1999	65-69	0.01843	0.08829	2.64	82390	7274	394760	1488132	18.06
1990-1999	70-74	0.02866	0.13412	2.62	75116	10075	351558	1093372	14.56
1990-1999	75-79	0.04423	0.19984	2.59	65042	12998	293863	741813	11.41
1990-1999	80-84	0.07231	0.30721	2.55	52044	15988	221122	447950	8.61
1990-1999	85-89	0.11747	0.45245	2.46	36055	16313	138877	226828	6.29
1990-1999	90-94	0.19201	0.63235	2.3	19742	12484	65017	87952	4.45
1990-1999	95-99	0.29494	0.79033	2.06	7258	5736	19449	22935	3.16
1990-1999	100-104	0.42520	0.89859	1.79	1522	1367	3216	3485	2.29
1990-1999	105-109	0.56875	0.95469	1.52	154	147	259	269	1.74
1990-1999	110+	0.68462	1.00000	1.46	7	7	10	10	1.46
2000-2009	0	0.00634	0.00631	0.07	100000	631	99411	7808915	78.09
2000-2009	1-4	0.00033	0.00131	1.59	99369	130	397164	7709504	77.58
2000-2009	5-9	0.00015	0.00075	2.42	99239	74	496005	7312340	73.68
2000-2009	10-14	0.00020	0.00101	2.88	99165	100	495613	6816335	68.74
2000-2009	15-19	0.00072	0.00359	2.92	99065	356	494585	6320721	63.80
2000-2009	20-24	0.00102	0.00510	2.49	98709	503	492279	5826137	59.02
2000-2009	25-29	0.00104	0.00518	2.53	98206	509	489772	5333858	54.31
2000-2009	30-34	0.00120	0.00598	2.58	97697	584	487070	4844085	49.58
2000-2009	35-39	0.00163	0.00814	2.64	97112	790	483694	4357015	44.87
2000-2009	40-44	0.00236	0.01172	2.65	96322	1129	478953	3873321	40.21
2000-2009	45-49	0.00341	0.01692	2.64	95192	1610	472161	3394368	35.66
2000-2009	50-54	0.00480	0.02372	2.63	93582	2220	462646	2922207	31.23
2000-2009	55-59	0.00675	0.03320	2.64	91362	3033	449639	2459560	26.92
2000-2009	60-64	0.01022	0.04990	2.65	88330	4408	431273	2009921	22.75
2000-2009	65-69	0.01539	0.07425	2.64	83922	6231	404881	1578648	18.81
2000-2009	70-74	0.02430	0.11490	2.64	77691	8927	367411	1173767	15.11
2000-2009	75-79	0.03937	0.17997	2.62	68764	12376	314333	806356	11.73
2000-2009	80-84	0.06747	0.29006	2.58	56388	16356	242435	492023	8.73
2000-2009	85-89	0.11695	0.45180	2.48	40032	18086	154648	249588	6.23
2000-2009	90-94	0.19781	0.64472	2.3	21946	14149	71526	94941	4.33
2000-2009	95-99	0.31220	0.81080	2.04	7797	6322	20249	23415	3.00
2000-2009	100-104	0.45584	0.91551	1.73	1475	1351	2963	3166	2.15
2000-2009	105-109	0.60903	0.96427	1.46	125	120	197	203	1.63
2000-2009	110+	0.72813	1.00000	1.37	4	4	6	6	1.37
2010-2019	0	0.00537	0.00534	0.06	100000	534	99500	7930601	79.31
2010-2019	1-4	0.00027	0.00108	1.56	99466	108	397601	7831101	78.73
2010-2019	5-9	0.00012	0.00059	2.39	99358	58	496639	7433500	74.82
2010-2019	10-14	0.00016	0.00082	2.93	99300	81	496332	6936861	69.86
2010-2019	15-19	0.00055	0.00277	2.92	99219	275	495524	6440528	64.91
2010-2019	20-24	0.00095	0.00476	2.57	98944	471	493575	5945004	60.08
2010-2019	25-29	0.00114	0.00567	2.57	98473	558	491010	5451429	55.36
2010-2019	30-34	0.00134	0.00669	2.57	97915	655	487981	4960419	50.66
2010-2019	35-39	0.00162	0.00808	2.59	97260	785	484405	4472438	45.98
2010-2019	40-44	0.00216	0.01073	2.62	96475	1035	479909	3988033	41.34
2010-2019	45-49	0.00318	0.01577	2.67	95440	1505	473693	3508124	36.76
2010-2019	50-54	0.00471	0.02331	2.65	93935	2190	464530	3034431	32.30
2010-2019	55-59	0.00682	0.03354	2.62	91745	3077	451415	2569900	28.01
2010-2019	60-64	0.00959	0.04687	2.62	88668	4156	433441	2118485	23.89
2010-2019	65-69	0.01344	0.06512	2.62	84512	5503	409473	1685044	19.94
2010-2019	70-74	0.02059	0.09817	2.65	79009	7756	376782	1275571	16.14
2010-2019	75-79	0.03357	0.15550	2.63	71253	11080	330011	898789	12.61
2010-2019	80-84	0.05686	0.25034	2.62	60173	15064	264946	568778	9.45
2010-2019	85-89	0.10166	0.40662	2.54	45109	18342	180422	303832	6.74
2010-2019	90-94	0.18083	0.61094	2.35	26767	16353	90432	123410	4.61
2010-2019	95-99	0.29247	0.78974	2.09	10414	8224	28120	32978	3.17
2010-2019	100-104	0.43947	0.90801	1.77	2190	1988	4524	4858	2.22
2010-2019	105-109	0.59938	0.96259	1.47	201	194	323	334	1.66
2010-2019	110+	0.72447	1.00000	1.38	8	8	10	10	1.38
