Div8: Mountain, Lifetables (period 1x10), Males Last modified: 20 Dec 2020, MPv5 (May07) 

Year     	Age	mx	qx	ax	lx	dx	Lx	Tx	ex
1960-1969	0	0.02847	0.02777	0.12	100000	2777	97560	6732063	67.32
1960-1969	1	0.00215	0.00214	0.5	97223	208	97118	6634503	68.24
1960-1969	2	0.00132	0.00131	0.5	97014	128	96950	6537385	67.39
1960-1969	3	0.00102	0.00102	0.5	96887	99	96837	6440434	66.47
1960-1969	4	0.00077	0.00077	0.5	96788	75	96751	6343597	65.54
1960-1969	5	0.00066	0.00066	0.5	96714	64	96682	6246846	64.59
1960-1969	6	0.00057	0.00057	0.5	96649	55	96622	6150164	63.63
1960-1969	7	0.00054	0.00054	0.5	96594	52	96568	6053542	62.67
1960-1969	8	0.00048	0.00048	0.5	96542	46	96519	5956974	61.70
1960-1969	9	0.00049	0.00049	0.5	96496	47	96472	5860455	60.73
1960-1969	10	0.00047	0.00046	0.5	96449	45	96426	5763983	59.76
1960-1969	11	0.00046	0.00046	0.5	96404	44	96382	5667557	58.79
1960-1969	12	0.00056	0.00056	0.5	96359	54	96332	5571176	57.82
1960-1969	13	0.00064	0.00064	0.5	96305	62	96275	5474843	56.85
1960-1969	14	0.00087	0.00087	0.5	96244	84	96202	5378569	55.88
1960-1969	15	0.00108	0.00108	0.5	96160	104	96108	5282367	54.93
1960-1969	16	0.00149	0.00149	0.5	96056	143	95985	5186259	53.99
1960-1969	17	0.00173	0.00173	0.5	95913	166	95830	5090274	53.07
1960-1969	18	0.00212	0.00211	0.5	95747	202	95646	4994444	52.16
1960-1969	19	0.00217	0.00217	0.5	95545	207	95441	4898797	51.27
1960-1969	20	0.00233	0.00233	0.5	95337	222	95227	4803356	50.38
1960-1969	21	0.00243	0.00242	0.5	95116	230	95001	4708130	49.50
1960-1969	22	0.00245	0.00245	0.5	94885	232	94769	4613129	48.62
1960-1969	23	0.00237	0.00237	0.5	94653	224	94541	4518360	47.74
1960-1969	24	0.00212	0.00212	0.5	94429	200	94329	4423819	46.85
1960-1969	25	0.00227	0.00226	0.5	94229	213	94122	4329490	45.95
1960-1969	26	0.00217	0.00217	0.5	94016	204	93914	4235368	45.05
1960-1969	27	0.00211	0.00210	0.5	93812	197	93713	4141454	44.15
1960-1969	28	0.00218	0.00218	0.5	93614	204	93512	4047741	43.24
1960-1969	29	0.00214	0.00213	0.5	93410	199	93311	3954228	42.33
1960-1969	30	0.00220	0.00220	0.5	93211	205	93109	3860918	41.42
1960-1969	31	0.00219	0.00219	0.5	93006	204	92904	3767809	40.51
1960-1969	32	0.00230	0.00229	0.5	92803	213	92696	3674905	39.60
1960-1969	33	0.00252	0.00252	0.5	92590	233	92473	3582209	38.69
1960-1969	34	0.00250	0.00250	0.5	92357	231	92242	3489735	37.79
1960-1969	35	0.00258	0.00258	0.5	92126	238	92008	3397494	36.88
1960-1969	36	0.00293	0.00293	0.5	91889	269	91754	3305486	35.97
1960-1969	37	0.00307	0.00306	0.5	91620	281	91480	3213732	35.08
1960-1969	38	0.00339	0.00338	0.5	91339	309	91185	3122252	34.18
1960-1969	39	0.00352	0.00352	0.5	91030	320	90870	3031068	33.30
1960-1969	40	0.00384	0.00383	0.5	90710	347	90536	2940198	32.41
1960-1969	41	0.00403	0.00402	0.5	90363	363	90181	2849661	31.54
1960-1969	42	0.00464	0.00463	0.5	89999	416	89791	2759480	30.66
1960-1969	43	0.00492	0.00491	0.5	89583	440	89363	2669689	29.80
1960-1969	44	0.00556	0.00555	0.5	89143	494	88896	2580326	28.95
1960-1969	45	0.00560	0.00558	0.5	88649	495	88401	2491430	28.10
1960-1969	46	0.00611	0.00609	0.5	88154	537	87885	2403029	27.26
1960-1969	47	0.00737	0.00735	0.5	87617	644	87295	2315144	26.42
1960-1969	48	0.00767	0.00764	0.5	86973	665	86641	2227849	25.62
1960-1969	49	0.00847	0.00843	0.5	86309	728	85945	2141208	24.81
1960-1969	50	0.00930	0.00926	0.5	85581	792	85184	2055263	24.02
1960-1969	51	0.01020	0.01015	0.5	84788	860	84358	1970079	23.24
1960-1969	52	0.01105	0.01099	0.5	83928	923	83466	1885721	22.47
1960-1969	53	0.01210	0.01202	0.5	83005	998	82506	1802255	21.71
1960-1969	54	0.01311	0.01302	0.5	82007	1068	81473	1719748	20.97
1960-1969	55	0.01425	0.01415	0.5	80939	1145	80367	1638275	20.24
1960-1969	56	0.01544	0.01532	0.5	79794	1223	79183	1557908	19.52
1960-1969	57	0.01654	0.01641	0.5	78572	1289	77927	1478725	18.82
1960-1969	58	0.01783	0.01768	0.5	77282	1366	76599	1400798	18.13
1960-1969	59	0.01995	0.01976	0.5	75916	1500	75166	1324199	17.44
1960-1969	60	0.02184	0.02160	0.5	74417	1608	73613	1249033	16.78
1960-1969	61	0.02290	0.02264	0.5	72809	1649	71985	1175420	16.14
1960-1969	62	0.02490	0.02460	0.5	71160	1750	70285	1103435	15.51
1960-1969	63	0.02695	0.02660	0.5	69410	1846	68487	1033150	14.88
1960-1969	64	0.02910	0.02868	0.5	67564	1938	66595	964663	14.28
1960-1969	65	0.03193	0.03143	0.5	65626	2063	64595	898068	13.68
1960-1969	66	0.03361	0.03306	0.5	63563	2101	62513	833473	13.11
1960-1969	67	0.03621	0.03556	0.5	61462	2186	60369	770960	12.54
1960-1969	68	0.03967	0.03890	0.5	59276	2306	58124	710591	11.99
1960-1969	69	0.04236	0.04148	0.5	56971	2363	55789	652467	11.45
1960-1969	70	0.04644	0.04539	0.5	54608	2478	53369	596678	10.93
1960-1969	71	0.04946	0.04827	0.5	52129	2516	50871	543309	10.42
1960-1969	72	0.05396	0.05254	0.5	49613	2607	48310	492438	9.93
1960-1969	73	0.05644	0.05489	0.5	47006	2580	45716	444128	9.45
1960-1969	74	0.06325	0.06131	0.5	44426	2724	43064	398412	8.97
1960-1969	75	0.06768	0.06547	0.5	41703	2730	40338	355348	8.52
1960-1969	76	0.07119	0.06875	0.5	38972	2679	37633	315010	8.08
1960-1969	77	0.07821	0.07526	0.5	36293	2732	34928	277377	7.64
1960-1969	78	0.08232	0.07906	0.5	33562	2654	32235	242450	7.22
1960-1969	79	0.09012	0.08624	0.5	30908	2665	29575	210215	6.80
1960-1969	80	0.10276	0.09774	0.5	28243	2760	26863	180639	6.40
1960-1969	81	0.10703	0.10159	0.5	25482	2589	24188	153777	6.03
1960-1969	82	0.12176	0.11478	0.5	22894	2628	21580	129589	5.66
1960-1969	83	0.13356	0.12520	0.5	20266	2537	18997	108009	5.33
1960-1969	84	0.14281	0.13329	0.5	17729	2363	16547	89012	5.02
1960-1969	85	0.15478	0.14366	0.5	15366	2207	14262	72465	4.72
1960-1969	86	0.16959	0.15634	0.5	13158	2057	12130	58203	4.42
1960-1969	87	0.19032	0.17378	0.5	11101	1929	10136	46073	4.15
1960-1969	88	0.20226	0.18368	0.5	9172	1685	8329	35937	3.92
1960-1969	89	0.22240	0.20014	0.5	7487	1498	6738	27607	3.69
1960-1969	90	0.24345	0.21703	0.5	5989	1300	5339	20869	3.48
1960-1969	91	0.25862	0.22901	0.5	4689	1074	4152	15531	3.31
1960-1969	92	0.27023	0.23807	0.5	3615	861	3185	11379	3.15
1960-1969	93	0.28987	0.25318	0.5	2754	697	2406	8194	2.97
1960-1969	94	0.31054	0.26881	0.5	2057	553	1781	5788	2.81
1960-1969	95	0.33200	0.28473	0.5	1504	428	1290	4008	2.66
1960-1969	96	0.35418	0.30089	0.5	1076	324	914	2718	2.53
1960-1969	97	0.37700	0.31721	0.5	752	239	633	1804	2.40
1960-1969	98	0.40038	0.33360	0.5	514	171	428	1171	2.28
1960-1969	99	0.42423	0.34999	0.5	342	120	282	743	2.17
1960-1969	100	0.44843	0.36630	0.5	222	81	182	460	2.07
1960-1969	101	0.47288	0.38245	0.5	141	54	114	279	1.98
1960-1969	102	0.49746	0.39837	0.5	87	35	70	165	1.89
1960-1969	103	0.52205	0.41399	0.5	52	22	42	95	1.81
1960-1969	104	0.54653	0.42924	0.5	31	13	24	54	1.74
1960-1969	105	0.57080	0.44406	0.5	18	8	14	29	1.68
1960-1969	106	0.59472	0.45841	0.5	10	4	8	16	1.62
1960-1969	107	0.61821	0.47224	0.5	5	2	4	8	1.57
1960-1969	108	0.64115	0.48551	0.5	3	1	2	4	1.52
1960-1969	109	0.66347	0.49820	0.5	1	1	1	2	1.48
1960-1969	110+	0.68508	1.00000	1.46	1	1	1	1	1.46
1970-1979	0	0.01739	0.01712	0.09	100000	1712	98445	6927363	69.27
1970-1979	1	0.00148	0.00148	0.5	98288	145	98216	6828917	69.48
1970-1979	2	0.00099	0.00099	0.5	98143	97	98095	6730702	68.58
1970-1979	3	0.00083	0.00083	0.5	98046	81	98005	6632607	67.65
1970-1979	4	0.00059	0.00059	0.5	97965	58	97936	6534602	66.70
1970-1979	5	0.00055	0.00055	0.5	97907	54	97880	6436666	65.74
1970-1979	6	0.00051	0.00051	0.5	97853	50	97828	6338786	64.78
1970-1979	7	0.00048	0.00048	0.5	97803	47	97780	6240958	63.81
1970-1979	8	0.00042	0.00042	0.5	97757	41	97736	6143178	62.84
1970-1979	9	0.00041	0.00041	0.5	97716	40	97696	6045442	61.87
1970-1979	10	0.00045	0.00045	0.5	97675	44	97653	5947746	60.89
1970-1979	11	0.00044	0.00044	0.5	97632	43	97610	5850093	59.92
1970-1979	12	0.00049	0.00049	0.5	97589	48	97565	5752482	58.95
1970-1979	13	0.00062	0.00062	0.5	97541	60	97511	5654918	57.97
1970-1979	14	0.00075	0.00075	0.5	97481	73	97444	5557407	57.01
1970-1979	15	0.00106	0.00106	0.5	97408	104	97356	5459963	56.05
1970-1979	16	0.00152	0.00152	0.5	97304	148	97230	5362607	55.11
1970-1979	17	0.00192	0.00192	0.5	97156	186	97063	5265377	54.20
1970-1979	18	0.00222	0.00222	0.5	96970	215	96862	5168314	53.30
1970-1979	19	0.00243	0.00243	0.5	96754	235	96637	5071452	52.42
1970-1979	20	0.00241	0.00241	0.5	96519	233	96403	4974816	51.54
1970-1979	21	0.00236	0.00236	0.5	96286	227	96173	4878413	50.67
1970-1979	22	0.00252	0.00251	0.5	96059	242	95938	4782240	49.78
1970-1979	23	0.00242	0.00242	0.5	95817	232	95702	4686302	48.91
1970-1979	24	0.00234	0.00234	0.5	95586	224	95474	4590600	48.03
1970-1979	25	0.00226	0.00226	0.5	95362	215	95254	4495127	47.14
1970-1979	26	0.00215	0.00215	0.5	95147	204	95044	4399872	46.24
1970-1979	27	0.00214	0.00214	0.5	94942	203	94841	4304828	45.34
1970-1979	28	0.00213	0.00212	0.5	94739	201	94638	4209988	44.44
1970-1979	29	0.00214	0.00214	0.5	94538	202	94436	4115349	43.53
1970-1979	30	0.00219	0.00218	0.5	94335	206	94232	4020913	42.62
1970-1979	31	0.00221	0.00221	0.5	94129	208	94025	3926680	41.72
1970-1979	32	0.00202	0.00202	0.5	93921	189	93827	3832655	40.81
1970-1979	33	0.00243	0.00242	0.5	93732	227	93618	3738829	39.89
1970-1979	34	0.00235	0.00235	0.5	93505	220	93395	3645210	38.98
1970-1979	35	0.00268	0.00267	0.5	93285	249	93160	3551816	38.07
1970-1979	36	0.00283	0.00283	0.5	93035	263	92904	3458656	37.18
1970-1979	37	0.00278	0.00278	0.5	92772	258	92643	3365752	36.28
1970-1979	38	0.00303	0.00302	0.5	92514	279	92375	3273108	35.38
1970-1979	39	0.00321	0.00320	0.5	92235	295	92087	3180733	34.49
1970-1979	40	0.00339	0.00339	0.5	91940	311	91784	3088646	33.59
1970-1979	41	0.00371	0.00370	0.5	91628	339	91459	2996862	32.71
1970-1979	42	0.00415	0.00414	0.5	91289	378	91100	2905404	31.83
1970-1979	43	0.00421	0.00420	0.5	90911	381	90720	2814304	30.96
1970-1979	44	0.00470	0.00469	0.5	90530	424	90317	2723583	30.08
1970-1979	45	0.00506	0.00504	0.5	90105	454	89878	2633266	29.22
1970-1979	46	0.00566	0.00565	0.5	89651	506	89398	2543388	28.37
1970-1979	47	0.00593	0.00592	0.5	89145	527	88881	2453990	27.53
1970-1979	48	0.00672	0.00670	0.5	88617	594	88321	2365109	26.69
1970-1979	49	0.00733	0.00731	0.5	88024	643	87702	2276788	25.87
1970-1979	50	0.00783	0.00779	0.5	87381	681	87040	2189086	25.05
1970-1979	51	0.00889	0.00885	0.5	86699	767	86316	2102046	24.25
1970-1979	52	0.00936	0.00932	0.5	85932	800	85532	2015730	23.46
1970-1979	53	0.00992	0.00987	0.5	85132	841	84712	1930198	22.67
1970-1979	54	0.01137	0.01131	0.5	84291	953	83815	1845486	21.89
1970-1979	55	0.01253	0.01245	0.5	83338	1038	82819	1761672	21.14
1970-1979	56	0.01313	0.01304	0.5	82300	1073	81764	1678852	20.40
1970-1979	57	0.01448	0.01438	0.5	81227	1168	80643	1597089	19.66
1970-1979	58	0.01610	0.01598	0.5	80059	1279	79420	1516445	18.94
1970-1979	59	0.01690	0.01675	0.5	78780	1320	78120	1437026	18.24
1970-1979	60	0.01892	0.01874	0.5	77460	1452	76735	1358905	17.54
1970-1979	61	0.02053	0.02032	0.5	76009	1544	75237	1282171	16.87
1970-1979	62	0.02269	0.02243	0.5	74464	1670	73629	1206934	16.21
1970-1979	63	0.02476	0.02446	0.5	72794	1780	71904	1133305	15.57
1970-1979	64	0.02620	0.02586	0.5	71014	1836	70095	1061401	14.95
1970-1979	65	0.02831	0.02791	0.5	69177	1931	68212	991306	14.33
1970-1979	66	0.03051	0.03006	0.5	67246	2021	66236	923094	13.73
1970-1979	67	0.03371	0.03315	0.5	65225	2162	64144	856859	13.14
1970-1979	68	0.03487	0.03427	0.5	63063	2161	61982	792715	12.57
1970-1979	69	0.03916	0.03841	0.5	60902	2339	59732	730732	12.00
1970-1979	70	0.04196	0.04110	0.5	58562	2407	57359	671000	11.46
1970-1979	71	0.04550	0.04449	0.5	56156	2498	54906	613641	10.93
1970-1979	72	0.04890	0.04774	0.5	53657	2561	52377	558735	10.41
1970-1979	73	0.05239	0.05106	0.5	51096	2609	49791	506358	9.91
1970-1979	74	0.05731	0.05572	0.5	48487	2702	47136	456567	9.42
1970-1979	75	0.06461	0.06259	0.5	45786	2866	44353	409431	8.94
1970-1979	76	0.06775	0.06553	0.5	42920	2812	41514	365078	8.51
1970-1979	77	0.07427	0.07161	0.5	40107	2872	38671	323564	8.07
1970-1979	78	0.08221	0.07896	0.5	37235	2940	35765	284893	7.65
1970-1979	79	0.08546	0.08196	0.5	34295	2811	32890	249128	7.26
1970-1979	80	0.09292	0.08879	0.5	31485	2796	30087	216238	6.87
1970-1979	81	0.10002	0.09526	0.5	28689	2733	27322	186151	6.49
1970-1979	82	0.10934	0.10367	0.5	25956	2691	24611	158829	6.12
1970-1979	83	0.11996	0.11317	0.5	23265	2633	21949	134218	5.77
1970-1979	84	0.12991	0.12199	0.5	20632	2517	19374	112269	5.44
1970-1979	85	0.14038	0.13117	0.5	18115	2376	16927	92896	5.13
1970-1979	86	0.15430	0.14325	0.5	15739	2255	14612	75969	4.83
1970-1979	87	0.16808	0.15505	0.5	13484	2091	12439	61357	4.55
1970-1979	88	0.18016	0.16527	0.5	11394	1883	10452	48918	4.29
1970-1979	89	0.19565	0.17822	0.5	9511	1695	8663	38466	4.04
1970-1979	90	0.21236	0.19197	0.5	7816	1500	7066	29802	3.81
1970-1979	91	0.22841	0.20500	0.5	6315	1295	5668	22737	3.60
1970-1979	92	0.24828	0.22086	0.5	5021	1109	4466	17069	3.40
1970-1979	93	0.26309	0.23251	0.5	3912	910	3457	12603	3.22
1970-1979	94	0.28222	0.24732	0.5	3002	743	2631	9146	3.05
1970-1979	95	0.30217	0.26251	0.5	2260	593	1963	6514	2.88
1970-1979	96	0.32290	0.27802	0.5	1667	463	1435	4551	2.73
1970-1979	97	0.34435	0.29377	0.5	1203	353	1026	3116	2.59
1970-1979	98	0.36645	0.30970	0.5	850	263	718	2090	2.46
1970-1979	99	0.38913	0.32575	0.5	587	191	491	1372	2.34
1970-1979	100	0.41229	0.34183	0.5	396	135	328	881	2.23
1970-1979	101	0.43586	0.35787	0.5	260	93	214	553	2.12
1970-1979	102	0.45971	0.37379	0.5	167	62	136	339	2.03
1970-1979	103	0.48375	0.38953	0.5	105	41	84	203	1.94
1970-1979	104	0.50787	0.40502	0.5	64	26	51	119	1.86
1970-1979	105	0.53195	0.42019	0.5	38	16	30	68	1.79
1970-1979	106	0.55588	0.43498	0.5	22	10	17	38	1.72
1970-1979	107	0.57956	0.44935	0.5	12	6	10	21	1.66
1970-1979	108	0.60288	0.46324	0.5	7	3	5	11	1.61
1970-1979	109	0.62573	0.47662	0.5	4	2	3	6	1.57
1970-1979	110+	0.64804	1.00000	1.54	2	2	3	3	1.54
1980-1989	0	0.01118	0.01107	0.08	100000	1107	98976	7219226	72.19
1980-1989	1	0.00105	0.00105	0.5	98893	104	98841	7120249	72.00
1980-1989	2	0.00075	0.00075	0.5	98789	74	98752	7021408	71.07
1980-1989	3	0.00050	0.00050	0.5	98715	50	98690	6922656	70.13
1980-1989	4	0.00041	0.00041	0.5	98665	41	98645	6823966	69.16
1980-1989	5	0.00037	0.00037	0.5	98624	37	98606	6725321	68.19
1980-1989	6	0.00033	0.00033	0.5	98588	33	98571	6626715	67.22
1980-1989	7	0.00027	0.00027	0.5	98555	27	98541	6528144	66.24
1980-1989	8	0.00032	0.00032	0.5	98528	32	98512	6429603	65.26
1980-1989	9	0.00029	0.00029	0.5	98496	28	98482	6331091	64.28
1980-1989	10	0.00030	0.00030	0.5	98468	30	98453	6232609	63.30
1980-1989	11	0.00033	0.00033	0.5	98438	33	98421	6134156	62.32
1980-1989	12	0.00035	0.00035	0.5	98405	35	98388	6035735	61.34
1980-1989	13	0.00046	0.00046	0.5	98370	45	98348	5937348	60.36
1980-1989	14	0.00059	0.00059	0.5	98325	58	98296	5839000	59.38
1980-1989	15	0.00080	0.00080	0.5	98267	78	98228	5740703	58.42
1980-1989	16	0.00116	0.00115	0.5	98189	113	98132	5642475	57.47
1980-1989	17	0.00140	0.00140	0.5	98075	137	98007	5544343	56.53
1980-1989	18	0.00182	0.00182	0.5	97938	178	97849	5446336	55.61
1980-1989	19	0.00187	0.00187	0.5	97760	182	97669	5348487	54.71
1980-1989	20	0.00184	0.00184	0.5	97578	180	97488	5250818	53.81
1980-1989	21	0.00198	0.00198	0.5	97398	193	97302	5153330	52.91
1980-1989	22	0.00202	0.00202	0.5	97205	196	97107	5056028	52.01
1980-1989	23	0.00197	0.00197	0.5	97009	191	96914	4958921	51.12
1980-1989	24	0.00192	0.00192	0.5	96818	186	96725	4862007	50.22
1980-1989	25	0.00184	0.00183	0.5	96632	177	96544	4765282	49.31
1980-1989	26	0.00179	0.00179	0.5	96455	173	96369	4668739	48.40
1980-1989	27	0.00181	0.00181	0.5	96282	174	96195	4572370	47.49
1980-1989	28	0.00191	0.00191	0.5	96108	184	96016	4476175	46.57
1980-1989	29	0.00179	0.00179	0.5	95924	171	95838	4380159	45.66
1980-1989	30	0.00174	0.00174	0.5	95753	166	95670	4284321	44.74
1980-1989	31	0.00192	0.00191	0.5	95587	183	95495	4188651	43.82
1980-1989	32	0.00196	0.00196	0.5	95404	187	95310	4093156	42.90
1980-1989	33	0.00201	0.00201	0.5	95217	191	95121	3997846	41.99
1980-1989	34	0.00201	0.00201	0.5	95026	191	94930	3902725	41.07
1980-1989	35	0.00207	0.00207	0.5	94835	196	94736	3807795	40.15
1980-1989	36	0.00222	0.00222	0.5	94638	210	94533	3713058	39.23
1980-1989	37	0.00220	0.00220	0.5	94428	208	94324	3618525	38.32
1980-1989	38	0.00248	0.00248	0.5	94220	233	94104	3524201	37.40
1980-1989	39	0.00242	0.00241	0.5	93987	227	93873	3430098	36.50
1980-1989	40	0.00263	0.00263	0.5	93760	246	93637	3336224	35.58
1980-1989	41	0.00286	0.00286	0.5	93514	267	93380	3242587	34.67
1980-1989	42	0.00298	0.00297	0.5	93246	277	93108	3149207	33.77
1980-1989	43	0.00316	0.00315	0.5	92969	293	92823	3056099	32.87
1980-1989	44	0.00328	0.00327	0.5	92676	303	92525	2963277	31.97
1980-1989	45	0.00394	0.00393	0.5	92373	363	92191	2870752	31.08
1980-1989	46	0.00423	0.00422	0.5	92010	388	91816	2778561	30.20
1980-1989	47	0.00455	0.00454	0.5	91621	416	91413	2686745	29.32
1980-1989	48	0.00505	0.00503	0.5	91205	459	90976	2595332	28.46
1980-1989	49	0.00520	0.00519	0.5	90746	471	90511	2504356	27.60
1980-1989	50	0.00563	0.00562	0.5	90275	507	90022	2413846	26.74
1980-1989	51	0.00667	0.00664	0.5	89768	596	89470	2323824	25.89
1980-1989	52	0.00751	0.00748	0.5	89172	667	88838	2234354	25.06
1980-1989	53	0.00764	0.00761	0.5	88504	673	88168	2145516	24.24
1980-1989	54	0.00851	0.00847	0.5	87831	744	87459	2057348	23.42
1980-1989	55	0.00979	0.00974	0.5	87087	848	86663	1969889	22.62
1980-1989	56	0.01039	0.01033	0.5	86239	891	85794	1883226	21.84
1980-1989	57	0.01131	0.01125	0.5	85348	960	84868	1797432	21.06
1980-1989	58	0.01297	0.01289	0.5	84388	1088	83844	1712564	20.29
1980-1989	59	0.01382	0.01372	0.5	83300	1143	82729	1628720	19.55
1980-1989	60	0.01467	0.01456	0.5	82157	1196	81559	1545991	18.82
1980-1989	61	0.01612	0.01599	0.5	80961	1294	80314	1464432	18.09
1980-1989	62	0.01814	0.01798	0.5	79667	1432	78951	1384118	17.37
1980-1989	63	0.01953	0.01934	0.5	78235	1513	77478	1305167	16.68
1980-1989	64	0.02043	0.02023	0.5	76721	1552	75945	1227690	16.00
1980-1989	65	0.02306	0.02280	0.5	75169	1714	74313	1151744	15.32
1980-1989	66	0.02487	0.02456	0.5	73456	1804	72554	1077431	14.67
1980-1989	67	0.02694	0.02659	0.5	71651	1905	70699	1004878	14.02
1980-1989	68	0.03013	0.02968	0.5	69747	2070	68711	934179	13.39
1980-1989	69	0.03218	0.03167	0.5	67676	2143	66605	865467	12.79
1980-1989	70	0.03548	0.03486	0.5	65533	2285	64391	798863	12.19
1980-1989	71	0.03902	0.03827	0.5	63249	2421	62038	734472	11.61
1980-1989	72	0.04262	0.04173	0.5	60828	2538	59559	672434	11.05
1980-1989	73	0.04697	0.04589	0.5	58290	2675	56952	612875	10.51
1980-1989	74	0.04977	0.04856	0.5	55615	2701	54264	555923	10.00
1980-1989	75	0.05410	0.05267	0.5	52914	2787	51520	501658	9.48
1980-1989	76	0.06011	0.05836	0.5	50127	2925	48664	450138	8.98
1980-1989	77	0.06574	0.06364	0.5	47201	3004	45699	401474	8.51
1980-1989	78	0.07200	0.06950	0.5	44197	3072	42661	355775	8.05
1980-1989	79	0.07789	0.07497	0.5	41126	3083	39584	313113	7.61
1980-1989	80	0.08437	0.08095	0.5	38042	3080	36503	273529	7.19
1980-1989	81	0.09276	0.08865	0.5	34963	3099	33413	237027	6.78
1980-1989	82	0.10124	0.09636	0.5	31864	3070	30328	203613	6.39
1980-1989	83	0.11057	0.10477	0.5	28793	3017	27285	173285	6.02
1980-1989	84	0.12097	0.11407	0.5	25776	2940	24306	146000	5.66
1980-1989	85	0.13145	0.12335	0.5	22836	2817	21428	121694	5.33
1980-1989	86	0.14212	0.13269	0.5	20019	2656	18691	100267	5.01
1980-1989	87	0.15786	0.14631	0.5	17363	2540	16093	81576	4.70
1980-1989	88	0.16977	0.15649	0.5	14822	2319	13663	65483	4.42
1980-1989	89	0.19026	0.17373	0.5	12503	2172	11417	51820	4.14
1980-1989	90	0.20536	0.18624	0.5	10331	1924	9369	40403	3.91
1980-1989	91	0.21502	0.19415	0.5	8407	1632	7591	31035	3.69
1980-1989	92	0.23842	0.21302	0.5	6775	1443	6053	23444	3.46
1980-1989	93	0.25576	0.22676	0.5	5332	1209	4727	17391	3.26
1980-1989	94	0.27695	0.24327	0.5	4123	1003	3621	12664	3.07
1980-1989	95	0.29787	0.25925	0.5	3120	809	2715	9043	2.90
1980-1989	96	0.31966	0.27561	0.5	2311	637	1992	6327	2.74
1980-1989	97	0.34227	0.29226	0.5	1674	489	1429	4335	2.59
1980-1989	98	0.36562	0.30911	0.5	1185	366	1002	2906	2.45
1980-1989	99	0.38963	0.32610	0.5	819	267	685	1904	2.33
1980-1989	100	0.41417	0.34312	0.5	552	189	457	1219	2.21
1980-1989	101	0.43916	0.36009	0.5	362	130	297	762	2.10
1980-1989	102	0.46445	0.37692	0.5	232	87	188	465	2.00
1980-1989	103	0.48993	0.39353	0.5	144	57	116	277	1.91
1980-1989	104	0.51546	0.40983	0.5	88	36	70	161	1.83
1980-1989	105	0.54091	0.42576	0.5	52	22	41	91	1.76
1980-1989	106	0.56615	0.44125	0.5	30	13	23	50	1.69
1980-1989	107	0.59105	0.45623	0.5	17	8	13	27	1.63
1980-1989	108	0.61549	0.47065	0.5	9	4	7	14	1.58
1980-1989	109	0.63937	0.48449	0.5	5	2	4	7	1.54
1980-1989	110+	0.66257	1.00000	1.51	2	2	4	4	1.51
1990-1999	0	0.00829	0.00822	0.07	100000	822	99233	7388177	73.88
1990-1999	1	0.00072	0.00072	0.5	99178	72	99142	7288944	73.49
1990-1999	2	0.00056	0.00056	0.5	99106	55	99078	7189802	72.55
1990-1999	3	0.00036	0.00036	0.5	99051	36	99033	7090724	71.59
1990-1999	4	0.00031	0.00031	0.5	99015	31	98999	6991691	70.61
1990-1999	5	0.00026	0.00026	0.5	98984	26	98971	6892692	69.63
1990-1999	6	0.00021	0.00021	0.5	98958	21	98947	6793721	68.65
1990-1999	7	0.00023	0.00023	0.5	98937	23	98926	6694773	67.67
1990-1999	8	0.00023	0.00023	0.5	98914	22	98903	6595848	66.68
1990-1999	9	0.00021	0.00021	0.5	98892	21	98881	6496945	65.70
1990-1999	10	0.00021	0.00021	0.5	98871	21	98861	6398063	64.71
1990-1999	11	0.00026	0.00026	0.5	98850	26	98837	6299203	63.72
1990-1999	12	0.00029	0.00029	0.5	98824	29	98810	6200366	62.74
1990-1999	13	0.00038	0.00038	0.5	98796	37	98777	6101556	61.76
1990-1999	14	0.00052	0.00052	0.5	98758	51	98733	6002779	60.78
1990-1999	15	0.00075	0.00075	0.5	98707	74	98670	5904046	59.81
1990-1999	16	0.00107	0.00107	0.5	98633	106	98580	5805376	58.86
1990-1999	17	0.00127	0.00127	0.5	98527	126	98464	5706796	57.92
1990-1999	18	0.00157	0.00157	0.5	98402	155	98324	5608332	56.99
1990-1999	19	0.00164	0.00164	0.5	98247	161	98166	5510007	56.08
1990-1999	20	0.00164	0.00164	0.5	98086	161	98005	5411841	55.17
1990-1999	21	0.00169	0.00169	0.5	97925	165	97843	5313836	54.26
1990-1999	22	0.00162	0.00162	0.5	97760	158	97681	5215993	53.36
1990-1999	23	0.00157	0.00157	0.5	97602	153	97525	5118312	52.44
1990-1999	24	0.00155	0.00155	0.5	97449	151	97373	5020787	51.52
1990-1999	25	0.00156	0.00156	0.5	97298	152	97222	4923414	50.60
1990-1999	26	0.00152	0.00152	0.5	97146	148	97072	4826192	49.68
1990-1999	27	0.00158	0.00157	0.5	96998	153	96922	4729120	48.75
1990-1999	28	0.00170	0.00170	0.5	96845	165	96763	4632199	47.83
1990-1999	29	0.00177	0.00177	0.5	96680	171	96595	4535436	46.91
1990-1999	30	0.00169	0.00169	0.5	96509	163	96427	4438841	45.99
1990-1999	31	0.00190	0.00190	0.5	96346	183	96254	4342414	45.07
1990-1999	32	0.00205	0.00205	0.5	96163	197	96064	4246159	44.16
1990-1999	33	0.00209	0.00209	0.5	95966	200	95866	4150095	43.25
1990-1999	34	0.00213	0.00213	0.5	95766	204	95663	4054229	42.33
1990-1999	35	0.00217	0.00217	0.5	95561	207	95458	3958566	41.42
1990-1999	36	0.00230	0.00230	0.5	95354	219	95244	3863108	40.51
1990-1999	37	0.00249	0.00249	0.5	95135	237	95016	3767864	39.61
1990-1999	38	0.00266	0.00265	0.5	94898	252	94772	3672847	38.70
1990-1999	39	0.00255	0.00255	0.5	94646	241	94525	3578075	37.80
1990-1999	40	0.00274	0.00274	0.5	94405	258	94275	3483550	36.90
1990-1999	41	0.00302	0.00301	0.5	94146	284	94004	3389275	36.00
1990-1999	42	0.00315	0.00315	0.5	93863	295	93715	3295270	35.11
1990-1999	43	0.00340	0.00339	0.5	93567	317	93409	3201555	34.22
1990-1999	44	0.00344	0.00343	0.5	93250	320	93090	3108147	33.33
1990-1999	45	0.00367	0.00366	0.5	92930	340	92760	3015057	32.44
1990-1999	46	0.00388	0.00388	0.5	92590	359	92410	2922297	31.56
1990-1999	47	0.00419	0.00418	0.5	92231	386	92038	2829887	30.68
1990-1999	48	0.00457	0.00456	0.5	91845	418	91636	2737849	29.81
1990-1999	49	0.00465	0.00464	0.5	91427	424	91215	2646213	28.94
1990-1999	50	0.00504	0.00503	0.5	91003	458	90774	2554998	28.08
1990-1999	51	0.00562	0.00560	0.5	90545	507	90292	2464224	27.22
1990-1999	52	0.00595	0.00593	0.5	90038	534	89771	2373932	26.37
1990-1999	53	0.00683	0.00680	0.5	89504	609	89199	2284161	25.52
1990-1999	54	0.00717	0.00715	0.5	88895	635	88577	2194961	24.69
1990-1999	55	0.00767	0.00764	0.5	88260	674	87923	2106384	23.87
1990-1999	56	0.00859	0.00855	0.5	87586	749	87211	2018462	23.05
1990-1999	57	0.00937	0.00933	0.5	86836	810	86431	1931251	22.24
1990-1999	58	0.01084	0.01078	0.5	86026	927	85563	1844819	21.44
1990-1999	59	0.01107	0.01101	0.5	85099	937	84630	1759257	20.67
1990-1999	60	0.01260	0.01252	0.5	84162	1054	83635	1674626	19.90
1990-1999	61	0.01420	0.01410	0.5	83108	1172	82522	1590991	19.14
1990-1999	62	0.01547	0.01535	0.5	81936	1258	81307	1508469	18.41
1990-1999	63	0.01658	0.01644	0.5	80679	1326	80015	1427162	17.69
1990-1999	64	0.01769	0.01753	0.5	79352	1391	78656	1347146	16.98
1990-1999	65	0.01922	0.01904	0.5	77961	1484	77219	1268490	16.27
1990-1999	66	0.02114	0.02092	0.5	76476	1600	75676	1191271	15.58
1990-1999	67	0.02292	0.02266	0.5	74877	1697	74028	1115595	14.90
1990-1999	68	0.02561	0.02528	0.5	73180	1850	72254	1041567	14.23
1990-1999	69	0.02762	0.02724	0.5	71329	1943	70358	969312	13.59
1990-1999	70	0.03011	0.02966	0.5	69386	2058	68357	898955	12.96
1990-1999	71	0.03313	0.03259	0.5	67328	2194	66231	830598	12.34
1990-1999	72	0.03572	0.03509	0.5	65134	2286	63991	764367	11.74
1990-1999	73	0.03962	0.03885	0.5	62848	2442	61627	700376	11.14
1990-1999	74	0.04221	0.04134	0.5	60406	2497	59158	638749	10.57
1990-1999	75	0.04603	0.04499	0.5	57909	2605	56607	579591	10.01
1990-1999	76	0.05071	0.04946	0.5	55304	2735	53937	522984	9.46
1990-1999	77	0.05633	0.05479	0.5	52569	2880	51129	469047	8.92
1990-1999	78	0.06081	0.05901	0.5	49689	2932	48223	417919	8.41
1990-1999	79	0.06662	0.06448	0.5	46757	3015	45249	369696	7.91
1990-1999	80	0.07719	0.07432	0.5	43742	3251	42116	324447	7.42
1990-1999	81	0.08540	0.08190	0.5	40491	3316	38833	282330	6.97
1990-1999	82	0.09250	0.08841	0.5	37175	3286	35531	243498	6.55
1990-1999	83	0.10371	0.09859	0.5	33888	3341	32218	207966	6.14
1990-1999	84	0.11539	0.10909	0.5	30547	3333	28881	175748	5.75
1990-1999	85	0.12527	0.11789	0.5	27215	3208	25610	146868	5.40
1990-1999	86	0.13947	0.13038	0.5	24006	3130	22441	121257	5.05
1990-1999	87	0.15070	0.14014	0.5	20876	2926	19413	98816	4.73
1990-1999	88	0.16762	0.15466	0.5	17951	2776	16563	79403	4.42
1990-1999	89	0.17999	0.16513	0.5	15174	2506	13922	62840	4.14
1990-1999	90	0.20076	0.18245	0.5	12669	2311	11513	48918	3.86
1990-1999	91	0.21898	0.19737	0.5	10357	2044	9335	37405	3.61
1990-1999	92	0.24006	0.21433	0.5	8313	1782	7422	28070	3.38
1990-1999	93	0.26650	0.23516	0.5	6531	1536	5763	20648	3.16
1990-1999	94	0.28380	0.24853	0.5	4995	1242	4375	14885	2.98
1990-1999	95	0.30711	0.26623	0.5	3754	999	3254	10510	2.80
1990-1999	96	0.33145	0.28433	0.5	2754	783	2363	7256	2.63
1990-1999	97	0.35672	0.30273	0.5	1971	597	1673	4893	2.48
1990-1999	98	0.38282	0.32132	0.5	1375	442	1154	3220	2.34
1990-1999	99	0.40961	0.33998	0.5	933	317	774	2066	2.22
1990-1999	100	0.43695	0.35860	0.5	616	221	505	1292	2.10
1990-1999	101	0.46467	0.37707	0.5	395	149	320	787	1.99
1990-1999	102	0.49262	0.39526	0.5	246	97	197	466	1.90
1990-1999	103	0.52061	0.41308	0.5	149	61	118	269	1.81
1990-1999	104	0.54848	0.43044	0.5	87	38	69	151	1.73
1990-1999	105	0.57604	0.44723	0.5	50	22	39	82	1.66
1990-1999	106	0.60314	0.46339	0.5	27	13	21	44	1.59
1990-1999	107	0.62962	0.47887	0.5	15	7	11	23	1.53
1990-1999	108	0.65534	0.49360	0.5	8	4	6	11	1.49
1990-1999	109	0.68018	0.50757	0.5	4	2	3	6	1.45
1990-1999	110+	0.70405	1.00000	1.42	2	2	3	3	1.42
2000-2009	0	0.00697	0.00692	0.06	100000	692	99352	7560984	75.61
2000-2009	1	0.00059	0.00059	0.5	99308	58	99278	7461632	75.14
2000-2009	2	0.00037	0.00037	0.5	99249	36	99231	7362353	74.18
2000-2009	3	0.00026	0.00026	0.5	99213	26	99200	7263122	73.21
2000-2009	4	0.00022	0.00022	0.5	99187	21	99176	7163922	72.23
2000-2009	5	0.00017	0.00017	0.5	99166	17	99157	7064746	71.24
2000-2009	6	0.00017	0.00017	0.5	99149	17	99140	6965589	70.25
2000-2009	7	0.00015	0.00015	0.5	99132	15	99124	6866448	69.27
2000-2009	8	0.00014	0.00014	0.5	99117	14	99110	6767324	68.28
2000-2009	9	0.00017	0.00017	0.5	99103	16	99095	6668214	67.29
2000-2009	10	0.00016	0.00016	0.5	99087	16	99078	6569119	66.30
2000-2009	11	0.00018	0.00018	0.5	99070	18	99061	6470041	65.31
2000-2009	12	0.00023	0.00023	0.5	99052	23	99041	6370980	64.32
2000-2009	13	0.00027	0.00027	0.5	99029	27	99016	6271939	63.33
2000-2009	14	0.00038	0.00038	0.5	99002	37	98983	6172923	62.35
2000-2009	15	0.00051	0.00051	0.5	98965	50	98939	6073940	61.37
2000-2009	16	0.00074	0.00074	0.5	98914	73	98878	5975000	60.41
2000-2009	17	0.00092	0.00092	0.5	98841	91	98796	5876123	59.45
2000-2009	18	0.00131	0.00131	0.5	98750	129	98686	5777327	58.50
2000-2009	19	0.00147	0.00147	0.5	98621	145	98548	5678641	57.58
2000-2009	20	0.00149	0.00149	0.5	98476	147	98402	5580093	56.66
2000-2009	21	0.00154	0.00154	0.5	98329	151	98254	5481690	55.75
2000-2009	22	0.00152	0.00152	0.5	98178	150	98103	5383437	54.83
2000-2009	23	0.00146	0.00145	0.5	98028	143	97957	5285334	53.92
2000-2009	24	0.00149	0.00149	0.5	97886	146	97813	5187376	52.99
2000-2009	25	0.00145	0.00145	0.5	97740	142	97669	5089563	52.07
2000-2009	26	0.00146	0.00146	0.5	97598	142	97527	4991894	51.15
2000-2009	27	0.00150	0.00150	0.5	97456	146	97383	4894367	50.22
2000-2009	28	0.00145	0.00145	0.5	97310	141	97239	4796984	49.30
2000-2009	29	0.00152	0.00152	0.5	97168	148	97095	4699745	48.37
2000-2009	30	0.00151	0.00150	0.5	97021	146	96948	4602651	47.44
2000-2009	31	0.00160	0.00160	0.5	96875	155	96797	4505703	46.51
2000-2009	32	0.00156	0.00156	0.5	96720	151	96644	4408906	45.58
2000-2009	33	0.00164	0.00164	0.5	96569	159	96490	4312261	44.65
2000-2009	34	0.00174	0.00174	0.5	96410	168	96326	4215771	43.73
2000-2009	35	0.00191	0.00191	0.5	96242	184	96150	4119445	42.80
2000-2009	36	0.00196	0.00195	0.5	96058	188	95964	4023295	41.88
2000-2009	37	0.00203	0.00203	0.5	95871	195	95773	3927330	40.96
2000-2009	38	0.00222	0.00222	0.5	95676	213	95570	3831557	40.05
2000-2009	39	0.00242	0.00242	0.5	95463	231	95348	3735988	39.14
2000-2009	40	0.00260	0.00260	0.5	95232	247	95109	3640640	38.23
2000-2009	41	0.00278	0.00277	0.5	94985	263	94853	3545531	37.33
2000-2009	42	0.00304	0.00303	0.5	94721	287	94578	3450678	36.43
2000-2009	43	0.00320	0.00319	0.5	94434	302	94283	3356101	35.54
2000-2009	44	0.00340	0.00340	0.5	94132	320	93972	3261817	34.65
2000-2009	45	0.00369	0.00368	0.5	93812	345	93640	3167845	33.77
2000-2009	46	0.00401	0.00400	0.5	93467	374	93280	3074205	32.89
2000-2009	47	0.00430	0.00429	0.5	93093	399	92893	2980925	32.02
2000-2009	48	0.00470	0.00469	0.5	92694	435	92476	2888032	31.16
2000-2009	49	0.00499	0.00498	0.5	92259	460	92029	2795555	30.30
2000-2009	50	0.00541	0.00539	0.5	91799	495	91552	2703526	29.45
2000-2009	51	0.00558	0.00557	0.5	91305	508	91050	2611974	28.61
2000-2009	52	0.00612	0.00611	0.5	90796	554	90519	2520924	27.76
2000-2009	53	0.00655	0.00652	0.5	90242	589	89947	2430405	26.93
2000-2009	54	0.00694	0.00691	0.5	89653	620	89343	2340458	26.11
2000-2009	55	0.00735	0.00733	0.5	89033	652	88707	2251115	25.28
2000-2009	56	0.00777	0.00774	0.5	88381	684	88039	2162408	24.47
2000-2009	57	0.00842	0.00838	0.5	87697	735	87329	2074369	23.65
2000-2009	58	0.00894	0.00890	0.5	86962	774	86575	1987040	22.85
2000-2009	59	0.00983	0.00978	0.5	86187	843	85766	1900465	22.05
2000-2009	60	0.01073	0.01067	0.5	85344	911	84889	1814699	21.26
2000-2009	61	0.01151	0.01144	0.5	84434	966	83951	1729810	20.49
2000-2009	62	0.01244	0.01236	0.5	83468	1032	82952	1645860	19.72
2000-2009	63	0.01342	0.01333	0.5	82436	1099	81886	1562908	18.96
2000-2009	64	0.01468	0.01457	0.5	81337	1185	80744	1481022	18.21
2000-2009	65	0.01585	0.01573	0.5	80152	1261	79521	1400277	17.47
2000-2009	66	0.01723	0.01708	0.5	78891	1348	78217	1320756	16.74
2000-2009	67	0.01837	0.01820	0.5	77543	1411	76838	1242539	16.02
2000-2009	68	0.02000	0.01980	0.5	76132	1507	75378	1165701	15.31
2000-2009	69	0.02224	0.02199	0.5	74625	1641	73804	1090323	14.61
2000-2009	70	0.02408	0.02380	0.5	72983	1737	72115	1016519	13.93
2000-2009	71	0.02575	0.02543	0.5	71247	1812	70341	944404	13.26
2000-2009	72	0.02890	0.02849	0.5	69435	1978	68446	874063	12.59
2000-2009	73	0.03208	0.03158	0.5	67457	2130	66392	805617	11.94
2000-2009	74	0.03461	0.03402	0.5	65327	2223	64216	739225	11.32
2000-2009	75	0.03852	0.03779	0.5	63104	2385	61912	675010	10.70
2000-2009	76	0.04187	0.04101	0.5	60719	2490	59474	613098	10.10
2000-2009	77	0.04625	0.04521	0.5	58229	2632	56913	553624	9.51
2000-2009	78	0.05131	0.05003	0.5	55597	2781	54206	496711	8.93
2000-2009	79	0.05654	0.05499	0.5	52815	2904	51363	442505	8.38
2000-2009	80	0.06471	0.06268	0.5	49911	3129	48347	391141	7.84
2000-2009	81	0.07283	0.07027	0.5	46783	3287	45139	342795	7.33
2000-2009	82	0.08254	0.07927	0.5	43495	3448	41771	297656	6.84
2000-2009	83	0.09199	0.08794	0.5	40048	3522	38287	255884	6.39
2000-2009	84	0.10155	0.09664	0.5	36526	3530	34761	217598	5.96
2000-2009	85	0.11390	0.10777	0.5	32996	3556	31218	182837	5.54
2000-2009	86	0.12760	0.11994	0.5	29440	3531	27674	151619	5.15
2000-2009	87	0.14236	0.13290	0.5	25909	3443	24187	123945	4.78
2000-2009	88	0.15938	0.14762	0.5	22465	3316	20807	99757	4.44
2000-2009	89	0.17808	0.16352	0.5	19149	3131	17583	78950	4.12
2000-2009	90	0.19589	0.17842	0.5	16018	2858	14589	61367	3.83
2000-2009	91	0.21612	0.19505	0.5	13160	2567	11877	46778	3.55
2000-2009	92	0.24388	0.21737	0.5	10593	2303	9442	34901	3.29
2000-2009	93	0.26723	0.23573	0.5	8291	1954	7313	25459	3.07
2000-2009	94	0.29222	0.25497	0.5	6336	1616	5528	18146	2.86
2000-2009	95	0.31944	0.27545	0.5	4721	1300	4070	12618	2.67
2000-2009	96	0.34794	0.29638	0.5	3420	1014	2913	8547	2.50
2000-2009	97	0.37758	0.31762	0.5	2407	764	2024	5634	2.34
2000-2009	98	0.40816	0.33898	0.5	1642	557	1364	3609	2.20
2000-2009	99	0.43947	0.36030	0.5	1086	391	890	2245	2.07
2000-2009	100	0.47127	0.38140	0.5	694	265	562	1355	1.95
2000-2009	101	0.50330	0.40211	0.5	430	173	343	793	1.85
2000-2009	102	0.53531	0.42228	0.5	257	108	203	450	1.75
2000-2009	103	0.56703	0.44178	0.5	148	66	116	248	1.67
2000-2009	104	0.59821	0.46048	0.5	83	38	64	132	1.59
2000-2009	105	0.62861	0.47828	0.5	45	21	34	68	1.53
2000-2009	106	0.65803	0.49513	0.5	23	12	18	34	1.47
2000-2009	107	0.68628	0.51095	0.5	12	6	9	17	1.41
2000-2009	108	0.71321	0.52573	0.5	6	3	4	8	1.37
2000-2009	109	0.73872	0.53946	0.5	3	1	2	4	1.33
2000-2009	110+	0.76270	1.00000	1.31	1	1	2	2	1.31
2010-2019	0	0.00590	0.00587	0.06	100000	587	99449	7696763	76.97
2010-2019	1	0.00051	0.00051	0.5	99413	51	99388	7597314	76.42
2010-2019	2	0.00031	0.00031	0.5	99362	31	99347	7497926	75.46
2010-2019	3	0.00022	0.00022	0.5	99332	22	99321	7398579	74.48
2010-2019	4	0.00017	0.00017	0.5	99310	17	99301	7299258	73.50
2010-2019	5	0.00016	0.00016	0.5	99292	15	99285	7199957	72.51
2010-2019	6	0.00011	0.00011	0.5	99277	11	99271	7100673	71.52
2010-2019	7	0.00013	0.00013	0.5	99266	13	99259	7001402	70.53
2010-2019	8	0.00012	0.00012	0.5	99253	12	99247	6902142	69.54
2010-2019	9	0.00013	0.00013	0.5	99241	12	99235	6802895	68.55
2010-2019	10	0.00013	0.00013	0.5	99228	13	99222	6703661	67.56
2010-2019	11	0.00013	0.00013	0.5	99215	13	99209	6604439	66.57
2010-2019	12	0.00018	0.00018	0.5	99202	17	99193	6505230	65.58
2010-2019	13	0.00023	0.00023	0.5	99185	22	99174	6406037	64.59
2010-2019	14	0.00030	0.00030	0.5	99162	30	99147	6306863	63.60
2010-2019	15	0.00043	0.00043	0.5	99132	42	99111	6207716	62.62
2010-2019	16	0.00057	0.00057	0.5	99090	56	99062	6108605	61.65
2010-2019	17	0.00073	0.00073	0.5	99034	72	98998	6009543	60.68
2010-2019	18	0.00098	0.00098	0.5	98962	97	98914	5910545	59.73
2010-2019	19	0.00110	0.00110	0.5	98865	109	98811	5811631	58.78
2010-2019	20	0.00125	0.00125	0.5	98756	124	98694	5712820	57.85
2010-2019	21	0.00132	0.00132	0.5	98632	130	98567	5614126	56.92
2010-2019	22	0.00142	0.00142	0.5	98502	140	98432	5515559	55.99
2010-2019	23	0.00140	0.00140	0.5	98362	138	98293	5417126	55.07
2010-2019	24	0.00142	0.00142	0.5	98224	139	98155	5318833	54.15
2010-2019	25	0.00147	0.00147	0.5	98085	144	98013	5220678	53.23
2010-2019	26	0.00157	0.00157	0.5	97941	153	97864	5122665	52.30
2010-2019	27	0.00160	0.00160	0.5	97787	157	97709	5024801	51.38
2010-2019	28	0.00159	0.00159	0.5	97631	156	97553	4927092	50.47
2010-2019	29	0.00167	0.00166	0.5	97475	162	97394	4829540	49.55
2010-2019	30	0.00167	0.00166	0.5	97313	162	97232	4732146	48.63
2010-2019	31	0.00179	0.00179	0.5	97151	174	97064	4634914	47.71
2010-2019	32	0.00171	0.00171	0.5	96977	166	96894	4537850	46.79
2010-2019	33	0.00182	0.00182	0.5	96811	176	96723	4440956	45.87
2010-2019	34	0.00189	0.00189	0.5	96635	183	96544	4344233	44.95
2010-2019	35	0.00192	0.00191	0.5	96452	185	96360	4247689	44.04
2010-2019	36	0.00203	0.00203	0.5	96268	195	96170	4151329	43.12
2010-2019	37	0.00201	0.00201	0.5	96072	193	95976	4055159	42.21
2010-2019	38	0.00211	0.00211	0.5	95880	202	95778	3959183	41.29
2010-2019	39	0.00227	0.00227	0.5	95677	217	95569	3863404	40.38
2010-2019	40	0.00238	0.00238	0.5	95460	227	95347	3767836	39.47
2010-2019	41	0.00250	0.00250	0.5	95234	238	95114	3672489	38.56
2010-2019	42	0.00269	0.00269	0.5	94995	255	94868	3577374	37.66
2010-2019	43	0.00279	0.00279	0.5	94740	264	94608	3482506	36.76
2010-2019	44	0.00301	0.00301	0.5	94476	284	94334	3387898	35.86
2010-2019	45	0.00323	0.00322	0.5	94192	304	94040	3293565	34.97
2010-2019	46	0.00359	0.00358	0.5	93888	336	93720	3199525	34.08
2010-2019	47	0.00388	0.00388	0.5	93552	363	93371	3105805	33.20
2010-2019	48	0.00423	0.00422	0.5	93190	394	92993	3012434	32.33
2010-2019	49	0.00464	0.00463	0.5	92796	430	92581	2919441	31.46
2010-2019	50	0.00497	0.00496	0.5	92366	458	92137	2826860	30.60
2010-2019	51	0.00530	0.00529	0.5	91908	486	91665	2734723	29.75
2010-2019	52	0.00585	0.00583	0.5	91422	533	91156	2643057	28.91
2010-2019	53	0.00635	0.00633	0.5	90890	576	90602	2551901	28.08
2010-2019	54	0.00686	0.00684	0.5	90314	617	90005	2461300	27.25
2010-2019	55	0.00747	0.00744	0.5	89696	668	89362	2371295	26.44
2010-2019	56	0.00799	0.00796	0.5	89029	708	88674	2281932	25.63
2010-2019	57	0.00860	0.00856	0.5	88320	756	87942	2193258	24.83
2010-2019	58	0.00913	0.00909	0.5	87564	796	87166	2105316	24.04
2010-2019	59	0.00995	0.00990	0.5	86768	859	86338	2018150	23.26
2010-2019	60	0.01063	0.01057	0.5	85909	908	85455	1931811	22.49
2010-2019	61	0.01135	0.01129	0.5	85001	960	84521	1846357	21.72
2010-2019	62	0.01206	0.01199	0.5	84041	1008	83537	1761836	20.96
2010-2019	63	0.01303	0.01295	0.5	83033	1075	82496	1678298	20.21
2010-2019	64	0.01369	0.01360	0.5	81958	1115	81401	1595802	19.47
2010-2019	65	0.01445	0.01435	0.5	80844	1160	80264	1514401	18.73
2010-2019	66	0.01558	0.01546	0.5	79684	1232	79068	1434138	18.00
2010-2019	67	0.01666	0.01653	0.5	78452	1297	77803	1355070	17.27
2010-2019	68	0.01753	0.01738	0.5	77155	1341	76485	1277267	16.55
2010-2019	69	0.01903	0.01885	0.5	75814	1429	75100	1200782	15.84
2010-2019	70	0.02054	0.02033	0.5	74385	1512	73629	1125682	15.13
2010-2019	71	0.02219	0.02194	0.5	72873	1599	72074	1052053	14.44
2010-2019	72	0.02472	0.02442	0.5	71274	1741	70404	979979	13.75
2010-2019	73	0.02658	0.02623	0.5	69534	1824	68622	909575	13.08
2010-2019	74	0.02928	0.02886	0.5	67709	1954	66733	840954	12.42
2010-2019	75	0.03223	0.03172	0.5	65756	2086	64713	774221	11.77
2010-2019	76	0.03585	0.03522	0.5	63670	2242	62549	709509	11.14
2010-2019	77	0.03918	0.03843	0.5	61427	2361	60247	646960	10.53
2010-2019	78	0.04245	0.04157	0.5	59067	2455	57839	586713	9.93
2010-2019	79	0.04722	0.04613	0.5	56611	2611	55306	528874	9.34
2010-2019	80	0.05206	0.05074	0.5	54000	2740	52630	473568	8.77
2010-2019	81	0.05772	0.05610	0.5	51260	2876	49822	420939	8.21
2010-2019	82	0.06520	0.06314	0.5	48384	3055	46856	371117	7.67
2010-2019	83	0.07244	0.06990	0.5	45329	3169	43744	324260	7.15
2010-2019	84	0.08245	0.07919	0.5	42160	3338	40491	280516	6.65
2010-2019	85	0.09079	0.08684	0.5	38822	3371	37136	240025	6.18
2010-2019	86	0.10445	0.09927	0.5	35450	3519	33691	202889	5.72
2010-2019	87	0.11750	0.11098	0.5	31931	3544	30159	169199	5.30
2010-2019	88	0.13411	0.12568	0.5	28388	3568	26604	139039	4.90
2010-2019	89	0.15001	0.13954	0.5	24820	3463	23088	112436	4.53
2010-2019	90	0.16820	0.15515	0.5	21356	3314	19700	89347	4.18
2010-2019	91	0.19046	0.17390	0.5	18043	3138	16474	69648	3.86
2010-2019	92	0.21660	0.19543	0.5	14905	2913	13449	53174	3.57
2010-2019	93	0.24087	0.21498	0.5	11992	2578	10703	39725	3.31
2010-2019	94	0.26209	0.23172	0.5	9414	2181	8323	29022	3.08
2010-2019	95	0.28936	0.25279	0.5	7233	1828	6319	20698	2.86
2010-2019	96	0.31825	0.27456	0.5	5404	1484	4662	14380	2.66
2010-2019	97	0.34861	0.29687	0.5	3921	1164	3339	9717	2.48
2010-2019	98	0.38025	0.31951	0.5	2757	881	2316	6379	2.31
2010-2019	99	0.41294	0.34227	0.5	1876	642	1555	4062	2.17
2010-2019	100	0.44642	0.36496	0.5	1234	450	1009	2508	2.03
2010-2019	101	0.48039	0.38735	0.5	784	304	632	1499	1.91
2010-2019	102	0.51454	0.40925	0.5	480	196	382	867	1.81
2010-2019	103	0.54856	0.43049	0.5	284	122	223	485	1.71
2010-2019	104	0.58213	0.45089	0.5	162	73	125	263	1.63
2010-2019	105	0.61495	0.47034	0.5	89	42	68	138	1.55
2010-2019	106	0.64677	0.48872	0.5	47	23	35	70	1.49
2010-2019	107	0.67733	0.50597	0.5	24	12	18	34	1.43
2010-2019	108	0.70645	0.52205	0.5	12	6	9	16	1.38
2010-2019	109	0.73397	0.53693	0.5	6	3	4	8	1.34
2010-2019	110+	0.75979	1.00000	1.32	3	3	3	3	1.32
