USA: United States of America, Lifetables (period 1x5), Both sexes Last modified: 20 Dec 2020, MPv5 (May07) 

Year     	Age	mx	qx	ax	lx	dx	Lx	Tx	ex
1960-1964	0	0.02576	0.02519	0.12	100000	2519	97783	7007700	70.08
1960-1964	1	0.00165	0.00164	0.5	97481	160	97401	6909917	70.88
1960-1964	2	0.00100	0.00100	0.5	97321	98	97272	6812515	70.00
1960-1964	3	0.00077	0.00077	0.5	97223	75	97186	6715243	69.07
1960-1964	4	0.00063	0.00063	0.5	97148	61	97118	6618058	68.12
1960-1964	5	0.00056	0.00056	0.5	97087	54	97060	6520940	67.17
1960-1964	6	0.00050	0.00050	0.5	97033	48	97008	6423880	66.20
1960-1964	7	0.00045	0.00045	0.5	96984	43	96963	6326872	65.24
1960-1964	8	0.00040	0.00040	0.5	96941	39	96921	6229909	64.26
1960-1964	9	0.00037	0.00037	0.5	96902	36	96884	6132988	63.29
1960-1964	10	0.00036	0.00036	0.5	96866	35	96848	6036104	62.31
1960-1964	11	0.00038	0.00038	0.5	96831	37	96812	5939256	61.34
1960-1964	12	0.00040	0.00040	0.5	96794	39	96774	5842444	60.36
1960-1964	13	0.00045	0.00045	0.5	96755	44	96733	5745670	59.38
1960-1964	14	0.00053	0.00053	0.5	96711	51	96686	5648937	58.41
1960-1964	15	0.00063	0.00063	0.5	96660	61	96630	5552251	57.44
1960-1964	16	0.00079	0.00079	0.5	96600	77	96561	5455621	56.48
1960-1964	17	0.00093	0.00093	0.5	96523	90	96478	5359059	55.52
1960-1964	18	0.00106	0.00106	0.5	96433	102	96382	5262581	54.57
1960-1964	19	0.00115	0.00115	0.5	96331	111	96276	5166199	53.63
1960-1964	20	0.00118	0.00118	0.5	96220	114	96164	5069923	52.69
1960-1964	21	0.00127	0.00127	0.5	96107	122	96046	4973759	51.75
1960-1964	22	0.00125	0.00125	0.5	95985	120	95925	4877713	50.82
1960-1964	23	0.00124	0.00124	0.5	95865	119	95805	4781789	49.88
1960-1964	24	0.00123	0.00123	0.5	95746	118	95687	4685983	48.94
1960-1964	25	0.00127	0.00127	0.5	95628	121	95567	4590297	48.00
1960-1964	26	0.00127	0.00126	0.5	95507	121	95446	4494730	47.06
1960-1964	27	0.00128	0.00128	0.5	95386	122	95325	4399283	46.12
1960-1964	28	0.00133	0.00133	0.5	95264	127	95200	4303958	45.18
1960-1964	29	0.00137	0.00137	0.5	95137	130	95072	4208758	44.24
1960-1964	30	0.00146	0.00145	0.5	95007	138	94938	4113686	43.30
1960-1964	31	0.00150	0.00149	0.5	94869	142	94798	4018748	42.36
1960-1964	32	0.00161	0.00161	0.5	94727	153	94651	3923951	41.42
1960-1964	33	0.00171	0.00171	0.5	94574	162	94493	3829300	40.49
1960-1964	34	0.00185	0.00185	0.5	94412	175	94325	3734807	39.56
1960-1964	35	0.00200	0.00199	0.5	94238	188	94144	3640482	38.63
1960-1964	36	0.00215	0.00214	0.5	94050	202	93949	3546338	37.71
1960-1964	37	0.00234	0.00233	0.5	93848	219	93739	3452389	36.79
1960-1964	38	0.00257	0.00257	0.5	93629	240	93509	3358650	35.87
1960-1964	39	0.00280	0.00280	0.5	93389	261	93258	3265142	34.96
1960-1964	40	0.00304	0.00304	0.5	93127	283	92986	3171884	34.06
1960-1964	41	0.00323	0.00322	0.5	92845	299	92695	3078898	33.16
1960-1964	42	0.00369	0.00368	0.5	92545	341	92375	2986203	32.27
1960-1964	43	0.00397	0.00396	0.5	92204	365	92022	2893828	31.38
1960-1964	44	0.00435	0.00434	0.5	91839	399	91639	2801806	30.51
1960-1964	45	0.00479	0.00478	0.5	91440	437	91222	2710167	29.64
1960-1964	46	0.00520	0.00519	0.5	91003	472	90767	2618945	28.78
1960-1964	47	0.00585	0.00583	0.5	90531	528	90267	2528178	27.93
1960-1964	48	0.00634	0.00632	0.5	90004	569	89719	2437911	27.09
1960-1964	49	0.00695	0.00693	0.5	89434	619	89125	2348191	26.26
1960-1964	50	0.00781	0.00778	0.5	88815	691	88469	2259067	25.44
1960-1964	51	0.00833	0.00830	0.5	88124	731	87758	2170597	24.63
1960-1964	52	0.00936	0.00932	0.5	87393	815	86985	2082839	23.83
1960-1964	53	0.01003	0.00998	0.5	86578	864	86146	1995854	23.05
1960-1964	54	0.01087	0.01081	0.5	85714	926	85251	1909707	22.28
1960-1964	55	0.01169	0.01162	0.5	84788	985	84295	1824456	21.52
1960-1964	56	0.01269	0.01261	0.5	83803	1057	83274	1740161	20.76
1960-1964	57	0.01375	0.01366	0.5	82746	1130	82181	1656887	20.02
1960-1964	58	0.01492	0.01481	0.5	81616	1209	81012	1574705	19.29
1960-1964	59	0.01617	0.01604	0.5	80408	1290	79763	1493694	18.58
1960-1964	60	0.01769	0.01753	0.5	79118	1387	78424	1413931	17.87
1960-1964	61	0.01850	0.01833	0.5	77731	1425	77018	1335507	17.18
1960-1964	62	0.02117	0.02095	0.5	76306	1598	75507	1258489	16.49
1960-1964	63	0.02252	0.02227	0.5	74707	1664	73875	1182982	15.83
1960-1964	64	0.02428	0.02399	0.5	73044	1752	72167	1109107	15.18
1960-1964	65	0.02753	0.02716	0.5	71291	1936	70323	1036940	14.55
1960-1964	66	0.02823	0.02784	0.5	69355	1931	68390	966616	13.94
1960-1964	67	0.03148	0.03099	0.5	67424	2090	66380	898227	13.32
1960-1964	68	0.03361	0.03305	0.5	65335	2159	64255	831847	12.73
1960-1964	69	0.03580	0.03517	0.5	63175	2222	62064	767592	12.15
1960-1964	70	0.04023	0.03944	0.5	60953	2404	59751	705528	11.57
1960-1964	71	0.04137	0.04053	0.5	58549	2373	57363	645777	11.03
1960-1964	72	0.04792	0.04680	0.5	56176	2629	54862	588414	10.47
1960-1964	73	0.05073	0.04947	0.5	53547	2649	52223	533552	9.96
1960-1964	74	0.05515	0.05367	0.5	50898	2732	49532	481329	9.46
1960-1964	75	0.06084	0.05905	0.5	48167	2844	46745	431797	8.96
1960-1964	76	0.06418	0.06218	0.5	45322	2818	43913	385052	8.50
1960-1964	77	0.06828	0.06602	0.5	42504	2806	41101	341139	8.03
1960-1964	78	0.07635	0.07354	0.5	39698	2919	38238	300038	7.56
1960-1964	79	0.08305	0.07974	0.5	36778	2933	35312	261800	7.12
1960-1964	80	0.09510	0.09078	0.5	33846	3073	32309	226488	6.69
1960-1964	81	0.09844	0.09382	0.5	30773	2887	29329	194179	6.31
1960-1964	82	0.11245	0.10646	0.5	27886	2969	26401	164850	5.91
1960-1964	83	0.12395	0.11672	0.5	24917	2908	23463	138448	5.56
1960-1964	84	0.13695	0.12817	0.5	22009	2821	20598	114985	5.22
1960-1964	85	0.14886	0.13855	0.5	19188	2658	17859	94387	4.92
1960-1964	86	0.16161	0.14953	0.5	16529	2472	15294	76528	4.63
1960-1964	87	0.17759	0.16311	0.5	14058	2293	12911	61235	4.36
1960-1964	88	0.19055	0.17397	0.5	11765	2047	10741	48324	4.11
1960-1964	89	0.20687	0.18748	0.5	9718	1822	8807	37582	3.87
1960-1964	90	0.22896	0.20544	0.5	7896	1622	7085	28775	3.64
1960-1964	91	0.23372	0.20926	0.5	6274	1313	5617	21690	3.46
1960-1964	92	0.25880	0.22915	0.5	4961	1137	4393	16072	3.24
1960-1964	93	0.27987	0.24552	0.5	3824	939	3355	11680	3.05
1960-1964	94	0.29758	0.25904	0.5	2885	747	2512	8325	2.89
1960-1964	95	0.32230	0.27757	0.5	2138	593	1841	5813	2.72
1960-1964	96	0.34501	0.29425	0.5	1544	454	1317	3972	2.57
1960-1964	97	0.36848	0.31115	0.5	1090	339	920	2655	2.44
1960-1964	98	0.39262	0.32819	0.5	751	246	628	1735	2.31
1960-1964	99	0.41733	0.34528	0.5	504	174	417	1107	2.19
1960-1964	100	0.44250	0.36233	0.5	330	120	270	690	2.09
1960-1964	101	0.46800	0.37925	0.5	211	80	171	419	1.99
1960-1964	102	0.49369	0.39595	0.5	131	52	105	248	1.90
1960-1964	103	0.51944	0.41235	0.5	79	33	63	144	1.82
1960-1964	104	0.54513	0.42837	0.5	46	20	36	81	1.74
1960-1964	105	0.57059	0.44394	0.5	27	12	21	44	1.68
1960-1964	106	0.59572	0.45900	0.5	15	7	11	24	1.61
1960-1964	107	0.62038	0.47350	0.5	8	4	6	12	1.56
1960-1964	108	0.64445	0.48740	0.5	4	2	3	6	1.51
1960-1964	109	0.66783	0.50065	0.5	2	1	2	3	1.47
1960-1964	110+	0.69043	1.00000	1.45	1	1	2	2	1.45
1965-1969	0	0.02296	0.02250	0.11	100000	2250	98002	7032979	70.33
1965-1969	1	0.00145	0.00145	0.5	97750	142	97679	6934977	70.95
1965-1969	2	0.00092	0.00092	0.5	97608	90	97563	6837298	70.05
1965-1969	3	0.00071	0.00071	0.5	97518	69	97483	6739735	69.11
1965-1969	4	0.00061	0.00061	0.5	97449	59	97419	6642251	68.16
1965-1969	5	0.00053	0.00053	0.5	97390	52	97364	6544832	67.20
1965-1969	6	0.00047	0.00047	0.5	97338	46	97315	6447468	66.24
1965-1969	7	0.00043	0.00043	0.5	97292	42	97271	6350153	65.27
1965-1969	8	0.00039	0.00039	0.5	97251	38	97232	6252882	64.30
1965-1969	9	0.00037	0.00037	0.5	97213	36	97195	6155650	63.32
1965-1969	10	0.00035	0.00035	0.5	97177	34	97160	6058456	62.34
1965-1969	11	0.00035	0.00035	0.5	97143	34	97126	5961296	61.37
1965-1969	12	0.00039	0.00039	0.5	97109	37	97090	5864170	60.39
1965-1969	13	0.00044	0.00044	0.5	97071	43	97050	5767080	59.41
1965-1969	14	0.00053	0.00053	0.5	97028	52	97003	5670030	58.44
1965-1969	15	0.00067	0.00067	0.5	96977	65	96944	5573027	57.47
1965-1969	16	0.00089	0.00089	0.5	96911	86	96868	5476083	56.51
1965-1969	17	0.00108	0.00108	0.5	96825	105	96773	5379215	55.56
1965-1969	18	0.00131	0.00131	0.5	96720	127	96657	5282442	54.62
1965-1969	19	0.00135	0.00135	0.5	96594	130	96529	5185785	53.69
1965-1969	20	0.00131	0.00131	0.5	96464	127	96400	5089256	52.76
1965-1969	21	0.00138	0.00138	0.5	96337	133	96271	4992856	51.83
1965-1969	22	0.00140	0.00140	0.5	96204	135	96137	4896585	50.90
1965-1969	23	0.00135	0.00135	0.5	96070	129	96005	4800448	49.97
1965-1969	24	0.00133	0.00133	0.5	95940	128	95876	4704444	49.04
1965-1969	25	0.00136	0.00136	0.5	95812	130	95747	4608567	48.10
1965-1969	26	0.00135	0.00135	0.5	95682	129	95618	4512820	47.16
1965-1969	27	0.00138	0.00138	0.5	95553	132	95487	4417202	46.23
1965-1969	28	0.00143	0.00143	0.5	95422	136	95353	4321714	45.29
1965-1969	29	0.00145	0.00145	0.5	95285	138	95216	4226361	44.35
1965-1969	30	0.00153	0.00153	0.5	95147	146	95074	4131145	43.42
1965-1969	31	0.00160	0.00160	0.5	95001	152	94925	4036071	42.48
1965-1969	32	0.00171	0.00170	0.5	94850	162	94769	3941146	41.55
1965-1969	33	0.00180	0.00180	0.5	94688	170	94603	3846377	40.62
1965-1969	34	0.00193	0.00192	0.5	94518	182	94427	3751774	39.69
1965-1969	35	0.00211	0.00211	0.5	94336	199	94236	3657347	38.77
1965-1969	36	0.00221	0.00221	0.5	94137	208	94033	3563111	37.85
1965-1969	37	0.00240	0.00239	0.5	93929	225	93816	3469079	36.93
1965-1969	38	0.00266	0.00266	0.5	93704	249	93579	3375262	36.02
1965-1969	39	0.00288	0.00287	0.5	93455	268	93320	3281683	35.12
1965-1969	40	0.00317	0.00317	0.5	93186	295	93039	3188363	34.21
1965-1969	41	0.00340	0.00340	0.5	92891	315	92733	3095324	33.32
1965-1969	42	0.00382	0.00381	0.5	92575	353	92399	3002591	32.43
1965-1969	43	0.00412	0.00411	0.5	92223	379	92033	2910192	31.56
1965-1969	44	0.00442	0.00441	0.5	91843	405	91641	2818159	30.68
1965-1969	45	0.00493	0.00491	0.5	91438	449	91214	2726518	29.82
1965-1969	46	0.00524	0.00523	0.5	90989	476	90751	2635304	28.96
1965-1969	47	0.00579	0.00578	0.5	90514	523	90252	2544553	28.11
1965-1969	48	0.00631	0.00629	0.5	89991	566	89708	2454301	27.27
1965-1969	49	0.00691	0.00688	0.5	89425	616	89117	2364593	26.44
1965-1969	50	0.00769	0.00766	0.5	88809	680	88469	2275476	25.62
1965-1969	51	0.00820	0.00816	0.5	88129	719	87770	2187006	24.82
1965-1969	52	0.00915	0.00911	0.5	87410	796	87012	2099237	24.02
1965-1969	53	0.00987	0.00982	0.5	86614	851	86188	2012225	23.23
1965-1969	54	0.01083	0.01077	0.5	85763	924	85301	1926037	22.46
1965-1969	55	0.01162	0.01156	0.5	84839	980	84349	1840736	21.70
1965-1969	56	0.01259	0.01251	0.5	83859	1049	83334	1756387	20.94
1965-1969	57	0.01370	0.01361	0.5	82810	1127	82246	1673052	20.20
1965-1969	58	0.01500	0.01489	0.5	81683	1216	81075	1590806	19.48
1965-1969	59	0.01610	0.01597	0.5	80466	1285	79824	1509731	18.76
1965-1969	60	0.01759	0.01744	0.5	79182	1381	78491	1429907	18.06
1965-1969	61	0.01864	0.01846	0.5	77801	1437	77082	1351416	17.37
1965-1969	62	0.02096	0.02074	0.5	76364	1584	75572	1274334	16.69
1965-1969	63	0.02194	0.02170	0.5	74780	1623	73969	1198761	16.03
1965-1969	64	0.02368	0.02340	0.5	73157	1712	72302	1124792	15.37
1965-1969	65	0.02655	0.02620	0.5	71446	1872	70510	1052491	14.73
1965-1969	66	0.02759	0.02721	0.5	69573	1893	68627	981981	14.11
1965-1969	67	0.03062	0.03016	0.5	67680	2041	66659	913354	13.50
1965-1969	68	0.03310	0.03256	0.5	65639	2137	64570	846695	12.90
1965-1969	69	0.03518	0.03457	0.5	63502	2195	62404	782125	12.32
1965-1969	70	0.03901	0.03826	0.5	61306	2346	60133	719721	11.74
1965-1969	71	0.04067	0.03986	0.5	58960	2350	57785	659588	11.19
1965-1969	72	0.04649	0.04543	0.5	56610	2572	55324	601802	10.63
1965-1969	73	0.04960	0.04840	0.5	54038	2616	52730	546478	10.11
1965-1969	74	0.05422	0.05279	0.5	51422	2715	50065	493748	9.60
1965-1969	75	0.05993	0.05818	0.5	48708	2834	47291	443683	9.11
1965-1969	76	0.06387	0.06189	0.5	45874	2839	44454	396392	8.64
1965-1969	77	0.06856	0.06629	0.5	43035	2853	41608	351938	8.18
1965-1969	78	0.07548	0.07274	0.5	40182	2923	38721	310330	7.72
1965-1969	79	0.08154	0.07835	0.5	37259	2919	35800	271609	7.29
1965-1969	80	0.09157	0.08756	0.5	34340	3007	32837	235809	6.87
1965-1969	81	0.09527	0.09094	0.5	31333	2849	29909	202973	6.48
1965-1969	82	0.10715	0.10170	0.5	28484	2897	27035	173064	6.08
1965-1969	83	0.11915	0.11245	0.5	25587	2877	24148	146029	5.71
1965-1969	84	0.13107	0.12301	0.5	22710	2794	21313	121880	5.37
1965-1969	85	0.14326	0.13368	0.5	19916	2662	18585	100567	5.05
1965-1969	86	0.15590	0.14463	0.5	17254	2495	16006	81982	4.75
1965-1969	87	0.17058	0.15718	0.5	14758	2320	13599	65976	4.47
1965-1969	88	0.18224	0.16702	0.5	12439	2077	11400	52377	4.21
1965-1969	89	0.20027	0.18204	0.5	10361	1886	9418	40977	3.95
1965-1969	90	0.21960	0.19787	0.5	8475	1677	7637	31559	3.72
1965-1969	91	0.23025	0.20648	0.5	6798	1404	6096	23922	3.52
1965-1969	92	0.25256	0.22424	0.5	5394	1210	4790	17826	3.30
1965-1969	93	0.27233	0.23970	0.5	4185	1003	3683	13036	3.12
1965-1969	94	0.29349	0.25593	0.5	3182	814	2775	9353	2.94
1965-1969	95	0.31356	0.27106	0.5	2367	642	2047	6578	2.78
1965-1969	96	0.33608	0.28773	0.5	1726	497	1477	4532	2.63
1965-1969	97	0.35942	0.30467	0.5	1229	374	1042	3054	2.48
1965-1969	98	0.38348	0.32178	0.5	855	275	717	2012	2.35
1965-1969	99	0.40817	0.33899	0.5	580	196	481	1295	2.23
1965-1969	100	0.43337	0.35619	0.5	383	136	315	814	2.12
1965-1969	101	0.45895	0.37329	0.5	247	92	201	499	2.02
1965-1969	102	0.48479	0.39021	0.5	155	60	124	298	1.93
1965-1969	103	0.51075	0.40685	0.5	94	38	75	174	1.84
1965-1969	104	0.53669	0.42314	0.5	56	24	44	99	1.77
1965-1969	105	0.56246	0.43900	0.5	32	14	25	55	1.70
1965-1969	106	0.58792	0.45436	0.5	18	8	14	30	1.63
1965-1969	107	0.61296	0.46917	0.5	10	5	8	16	1.58
1965-1969	108	0.63743	0.48337	0.5	5	3	4	8	1.53
1965-1969	109	0.66124	0.49694	0.5	3	1	2	4	1.49
1965-1969	110+	0.68427	1.00000	1.46	1	1	2	2	1.46
1970-1974	0	0.01880	0.01848	0.1	100000	1848	98337	7127981	71.28
1970-1974	1	0.00120	0.00120	0.5	98152	118	98093	7029643	71.62
1970-1974	2	0.00081	0.00081	0.5	98034	79	97994	6931551	70.71
1970-1974	3	0.00065	0.00065	0.5	97954	64	97922	6833557	69.76
1970-1974	4	0.00054	0.00054	0.5	97890	53	97864	6735634	68.81
1970-1974	5	0.00049	0.00049	0.5	97837	48	97813	6637770	67.84
1970-1974	6	0.00044	0.00044	0.5	97789	43	97768	6539957	66.88
1970-1974	7	0.00041	0.00041	0.5	97746	40	97726	6442190	65.91
1970-1974	8	0.00036	0.00036	0.5	97706	35	97689	6344463	64.93
1970-1974	9	0.00035	0.00035	0.5	97671	34	97654	6246775	63.96
1970-1974	10	0.00034	0.00034	0.5	97637	33	97621	6149120	62.98
1970-1974	11	0.00033	0.00033	0.5	97604	32	97588	6051500	62.00
1970-1974	12	0.00036	0.00036	0.5	97572	35	97554	5953912	61.02
1970-1974	13	0.00043	0.00043	0.5	97536	42	97515	5856358	60.04
1970-1974	14	0.00054	0.00054	0.5	97495	52	97468	5758842	59.07
1970-1974	15	0.00069	0.00069	0.5	97442	67	97409	5661374	58.10
1970-1974	16	0.00093	0.00093	0.5	97375	90	97330	5563965	57.14
1970-1974	17	0.00113	0.00113	0.5	97285	110	97230	5466635	56.19
1970-1974	18	0.00134	0.00134	0.5	97175	130	97110	5369406	55.26
1970-1974	19	0.00141	0.00141	0.5	97045	137	96976	5272296	54.33
1970-1974	20	0.00141	0.00140	0.5	96908	136	96840	5175320	53.40
1970-1974	21	0.00147	0.00147	0.5	96772	142	96701	5078480	52.48
1970-1974	22	0.00147	0.00147	0.5	96630	142	96559	4981779	51.56
1970-1974	23	0.00143	0.00143	0.5	96488	138	96419	4885220	50.63
1970-1974	24	0.00141	0.00141	0.5	96350	136	96282	4788801	49.70
1970-1974	25	0.00140	0.00140	0.5	96214	134	96147	4692519	48.77
1970-1974	26	0.00137	0.00136	0.5	96079	131	96014	4596372	47.84
1970-1974	27	0.00140	0.00139	0.5	95948	134	95881	4500359	46.90
1970-1974	28	0.00141	0.00141	0.5	95814	135	95747	4404477	45.97
1970-1974	29	0.00147	0.00147	0.5	95680	140	95610	4308730	45.03
1970-1974	30	0.00151	0.00151	0.5	95539	145	95467	4213120	44.10
1970-1974	31	0.00155	0.00154	0.5	95395	147	95321	4117653	43.16
1970-1974	32	0.00164	0.00164	0.5	95247	156	95169	4022332	42.23
1970-1974	33	0.00175	0.00175	0.5	95091	166	95008	3927163	41.30
1970-1974	34	0.00186	0.00186	0.5	94925	176	94837	3832155	40.37
1970-1974	35	0.00202	0.00202	0.5	94749	191	94653	3737318	39.44
1970-1974	36	0.00216	0.00216	0.5	94558	204	94456	3642664	38.52
1970-1974	37	0.00234	0.00233	0.5	94354	220	94244	3548208	37.61
1970-1974	38	0.00253	0.00253	0.5	94134	238	94015	3453964	36.69
1970-1974	39	0.00276	0.00275	0.5	93896	258	93767	3359949	35.78
1970-1974	40	0.00302	0.00301	0.5	93638	282	93497	3266182	34.88
1970-1974	41	0.00320	0.00320	0.5	93356	298	93206	3172685	33.98
1970-1974	42	0.00364	0.00364	0.5	93057	339	92888	3079479	33.09
1970-1974	43	0.00391	0.00390	0.5	92719	362	92538	2986591	32.21
1970-1974	44	0.00426	0.00425	0.5	92357	393	92161	2894053	31.34
1970-1974	45	0.00473	0.00472	0.5	91964	434	91747	2801893	30.47
1970-1974	46	0.00522	0.00520	0.5	91531	476	91292	2710145	29.61
1970-1974	47	0.00564	0.00563	0.5	91054	512	90798	2618853	28.76
1970-1974	48	0.00610	0.00608	0.5	90542	550	90267	2528054	27.92
1970-1974	49	0.00665	0.00663	0.5	89992	596	89693	2437788	27.09
1970-1974	50	0.00722	0.00719	0.5	89395	643	89074	2348094	26.27
1970-1974	51	0.00771	0.00768	0.5	88752	682	88411	2259020	25.45
1970-1974	52	0.00850	0.00846	0.5	88070	745	87698	2170609	24.65
1970-1974	53	0.00914	0.00910	0.5	87325	795	86928	2082911	23.85
1970-1974	54	0.01002	0.00997	0.5	86530	863	86099	1995984	23.07
1970-1974	55	0.01087	0.01081	0.5	85667	926	85204	1909885	22.29
1970-1974	56	0.01192	0.01185	0.5	84741	1004	84239	1824681	21.53
1970-1974	57	0.01297	0.01288	0.5	83737	1079	83197	1740442	20.78
1970-1974	58	0.01399	0.01389	0.5	82658	1148	82084	1657244	20.05
1970-1974	59	0.01520	0.01509	0.5	81510	1230	80895	1575161	19.32
1970-1974	60	0.01668	0.01655	0.5	80280	1328	79616	1494266	18.61
1970-1974	61	0.01771	0.01756	0.5	78951	1386	78258	1414650	17.92
1970-1974	62	0.01973	0.01953	0.5	77565	1515	76808	1336392	17.23
1970-1974	63	0.02111	0.02089	0.5	76050	1589	75256	1259584	16.56
1970-1974	64	0.02278	0.02252	0.5	74461	1677	73623	1184329	15.91
1970-1974	65	0.02487	0.02456	0.5	72784	1788	71890	1110706	15.26
1970-1974	66	0.02609	0.02576	0.5	70996	1829	70082	1038816	14.63
1970-1974	67	0.02850	0.02810	0.5	69167	1944	68196	968734	14.01
1970-1974	68	0.03028	0.02983	0.5	67224	2005	66221	900539	13.40
1970-1974	69	0.03289	0.03236	0.5	65219	2110	64164	834317	12.79
1970-1974	70	0.03657	0.03591	0.5	63109	2266	61976	770153	12.20
1970-1974	71	0.03855	0.03783	0.5	60842	2301	59692	708178	11.64
1970-1974	72	0.04313	0.04222	0.5	58541	2472	57305	648486	11.08
1970-1974	73	0.04622	0.04518	0.5	56069	2533	54803	591181	10.54
1970-1974	74	0.05034	0.04911	0.5	53536	2629	52222	536378	10.02
1970-1974	75	0.05532	0.05383	0.5	50907	2740	49537	484156	9.51
1970-1974	76	0.05987	0.05813	0.5	48167	2800	46767	434619	9.02
1970-1974	77	0.06439	0.06238	0.5	45367	2830	43952	387852	8.55
1970-1974	78	0.07138	0.06892	0.5	42537	2931	41071	343901	8.08
1970-1974	79	0.07756	0.07467	0.5	39605	2957	38127	302830	7.65
1970-1974	80	0.08458	0.08115	0.5	36648	2974	35161	264703	7.22
1970-1974	81	0.08973	0.08588	0.5	33674	2892	32228	229542	6.82
1970-1974	82	0.09953	0.09481	0.5	30782	2919	29323	197314	6.41
1970-1974	83	0.10959	0.10390	0.5	27864	2895	26416	167991	6.03
1970-1974	84	0.12149	0.11453	0.5	24969	2860	23539	141575	5.67
1970-1974	85	0.13208	0.12389	0.5	22109	2739	20739	118036	5.34
1970-1974	86	0.14483	0.13505	0.5	19370	2616	18062	97297	5.02
1970-1974	87	0.15665	0.14527	0.5	16754	2434	15537	79235	4.73
1970-1974	88	0.17032	0.15695	0.5	14320	2248	13196	63698	4.45
1970-1974	89	0.18503	0.16936	0.5	12073	2045	11050	50502	4.18
1970-1974	90	0.20275	0.18409	0.5	10028	1846	9105	39451	3.93
1970-1974	91	0.21431	0.19357	0.5	8182	1584	7390	30347	3.71
1970-1974	92	0.23582	0.21095	0.5	6598	1392	5902	22957	3.48
1970-1974	93	0.25623	0.22713	0.5	5206	1182	4615	17054	3.28
1970-1974	94	0.27712	0.24340	0.5	4024	979	3534	12439	3.09
1970-1974	95	0.29422	0.25649	0.5	3044	781	2654	8905	2.93
1970-1974	96	0.31594	0.27284	0.5	2264	618	1955	6251	2.76
1970-1974	97	0.33854	0.28953	0.5	1646	477	1408	4297	2.61
1970-1974	98	0.36196	0.30649	0.5	1169	358	990	2889	2.47
1970-1974	99	0.38609	0.32362	0.5	811	262	680	1899	2.34
1970-1974	100	0.41086	0.34084	0.5	549	187	455	1219	2.22
1970-1974	101	0.43613	0.35805	0.5	362	129	297	764	2.11
1970-1974	102	0.46179	0.37516	0.5	232	87	189	467	2.01
1970-1974	103	0.48769	0.39208	0.5	145	57	117	278	1.92
1970-1974	104	0.51371	0.40873	0.5	88	36	70	162	1.84
1970-1974	105	0.53969	0.42500	0.5	52	22	41	92	1.76
1970-1974	106	0.56550	0.44085	0.5	30	13	23	51	1.69
1970-1974	107	0.59099	0.45619	0.5	17	8	13	27	1.63
1970-1974	108	0.61603	0.47097	0.5	9	4	7	14	1.58
1970-1974	109	0.64051	0.48514	0.5	5	2	4	7	1.53
1970-1974	110+	0.66430	1.00000	1.51	2	2	4	4	1.51
1975-1979	0	0.01485	0.01465	0.09	100000	1465	98666	7316279	73.16
1975-1979	1	0.00102	0.00102	0.5	98535	100	98484	7217613	73.25
1975-1979	2	0.00069	0.00069	0.5	98434	68	98400	7119129	72.32
1975-1979	3	0.00054	0.00053	0.5	98366	53	98340	7020729	71.37
1975-1979	4	0.00045	0.00045	0.5	98313	44	98291	6922389	70.41
1975-1979	5	0.00040	0.00040	0.5	98269	40	98250	6824098	69.44
1975-1979	6	0.00036	0.00036	0.5	98230	35	98212	6725848	68.47
1975-1979	7	0.00032	0.00032	0.5	98194	31	98179	6627636	67.50
1975-1979	8	0.00030	0.00030	0.5	98163	29	98148	6529457	66.52
1975-1979	9	0.00028	0.00028	0.5	98133	28	98120	6431309	65.54
1975-1979	10	0.00027	0.00027	0.5	98106	27	98092	6333190	64.55
1975-1979	11	0.00028	0.00028	0.5	98079	28	98065	6235098	63.57
1975-1979	12	0.00031	0.00031	0.5	98051	30	98036	6137033	62.59
1975-1979	13	0.00037	0.00037	0.5	98021	36	98003	6038997	61.61
1975-1979	14	0.00045	0.00045	0.5	97985	45	97963	5940994	60.63
1975-1979	15	0.00060	0.00060	0.5	97940	58	97911	5843031	59.66
1975-1979	16	0.00081	0.00081	0.5	97882	79	97842	5745120	58.69
1975-1979	17	0.00101	0.00101	0.5	97803	99	97753	5647277	57.74
1975-1979	18	0.00123	0.00123	0.5	97704	120	97644	5549524	56.80
1975-1979	19	0.00129	0.00129	0.5	97584	126	97521	5451880	55.87
1975-1979	20	0.00131	0.00131	0.5	97458	127	97395	5354358	54.94
1975-1979	21	0.00133	0.00133	0.5	97331	130	97266	5256964	54.01
1975-1979	22	0.00133	0.00133	0.5	97201	130	97136	5159698	53.08
1975-1979	23	0.00131	0.00131	0.5	97072	127	97008	5062561	52.15
1975-1979	24	0.00130	0.00129	0.5	96944	126	96881	4965553	51.22
1975-1979	25	0.00130	0.00130	0.5	96819	125	96756	4868672	50.29
1975-1979	26	0.00128	0.00128	0.5	96693	124	96631	4771916	49.35
1975-1979	27	0.00129	0.00129	0.5	96569	125	96507	4675285	48.41
1975-1979	28	0.00129	0.00129	0.5	96444	124	96382	4578778	47.48
1975-1979	29	0.00129	0.00129	0.5	96320	124	96258	4482396	46.54
1975-1979	30	0.00130	0.00130	0.5	96196	125	96133	4386137	45.60
1975-1979	31	0.00133	0.00133	0.5	96071	128	96007	4290004	44.65
1975-1979	32	0.00140	0.00140	0.5	95943	135	95876	4193997	43.71
1975-1979	33	0.00145	0.00145	0.5	95809	139	95739	4098121	42.77
1975-1979	34	0.00155	0.00155	0.5	95670	148	95596	4002381	41.84
1975-1979	35	0.00168	0.00168	0.5	95522	160	95442	3906785	40.90
1975-1979	36	0.00180	0.00180	0.5	95362	171	95276	3811343	39.97
1975-1979	37	0.00193	0.00193	0.5	95191	184	95099	3716067	39.04
1975-1979	38	0.00210	0.00210	0.5	95007	199	94907	3620968	38.11
1975-1979	39	0.00228	0.00228	0.5	94808	216	94700	3526061	37.19
1975-1979	40	0.00249	0.00248	0.5	94592	235	94474	3431361	36.28
1975-1979	41	0.00272	0.00272	0.5	94357	256	94228	3336887	35.36
1975-1979	42	0.00307	0.00306	0.5	94100	288	93956	3242659	34.46
1975-1979	43	0.00333	0.00333	0.5	93812	312	93656	3148703	33.56
1975-1979	44	0.00361	0.00360	0.5	93500	337	93332	3055047	32.67
1975-1979	45	0.00401	0.00400	0.5	93163	373	92977	2961715	31.79
1975-1979	46	0.00435	0.00434	0.5	92790	403	92589	2868739	30.92
1975-1979	47	0.00480	0.00479	0.5	92387	443	92166	2776150	30.05
1975-1979	48	0.00523	0.00521	0.5	91944	479	91705	2683984	29.19
1975-1979	49	0.00577	0.00575	0.5	91465	526	91202	2592280	28.34
1975-1979	50	0.00636	0.00634	0.5	90939	577	90651	2501078	27.50
1975-1979	51	0.00687	0.00685	0.5	90362	619	90053	2410427	26.68
1975-1979	52	0.00753	0.00750	0.5	89743	673	89407	2320375	25.86
1975-1979	53	0.00815	0.00812	0.5	89070	723	88709	2230968	25.05
1975-1979	54	0.00882	0.00878	0.5	88347	776	87959	2142259	24.25
1975-1979	55	0.00960	0.00955	0.5	87571	837	87153	2054300	23.46
1975-1979	56	0.01038	0.01033	0.5	86734	896	86287	1967148	22.68
1975-1979	57	0.01136	0.01130	0.5	85839	970	85354	1880861	21.91
1975-1979	58	0.01236	0.01229	0.5	84869	1043	84347	1795507	21.16
1975-1979	59	0.01338	0.01329	0.5	83826	1114	83269	1711160	20.41
1975-1979	60	0.01456	0.01446	0.5	82712	1196	82114	1627891	19.68
1975-1979	61	0.01570	0.01558	0.5	81516	1270	80881	1545777	18.96
1975-1979	62	0.01755	0.01740	0.5	80246	1396	79548	1464896	18.26
1975-1979	63	0.01879	0.01862	0.5	78849	1468	78115	1385349	17.57
1975-1979	64	0.02029	0.02009	0.5	77381	1554	76604	1307233	16.89
1975-1979	65	0.02191	0.02167	0.5	75827	1643	75005	1230629	16.23
1975-1979	66	0.02309	0.02283	0.5	74184	1693	73337	1155624	15.58
1975-1979	67	0.02532	0.02501	0.5	72490	1813	71584	1082286	14.93
1975-1979	68	0.02734	0.02697	0.5	70678	1906	69725	1010702	14.30
1975-1979	69	0.02964	0.02921	0.5	68772	2009	67767	940978	13.68
1975-1979	70	0.03213	0.03162	0.5	66763	2111	65707	873210	13.08
1975-1979	71	0.03428	0.03371	0.5	64652	2179	63562	807503	12.49
1975-1979	72	0.03771	0.03701	0.5	62472	2312	61316	743941	11.91
1975-1979	73	0.04041	0.03961	0.5	60160	2383	58969	682625	11.35
1975-1979	74	0.04409	0.04314	0.5	57777	2492	56531	623656	10.79
1975-1979	75	0.04862	0.04746	0.5	55285	2624	53973	567125	10.26
1975-1979	76	0.05178	0.05048	0.5	52661	2658	51332	513152	9.74
1975-1979	77	0.05639	0.05485	0.5	50003	2742	48631	461820	9.24
1975-1979	78	0.06171	0.05986	0.5	47260	2829	45846	413189	8.74
1975-1979	79	0.06714	0.06496	0.5	44431	2886	42988	367343	8.27
1975-1979	80	0.07468	0.07199	0.5	41545	2991	40050	324355	7.81
1975-1979	81	0.07999	0.07692	0.5	38554	2965	37071	284306	7.37
1975-1979	82	0.08868	0.08491	0.5	35589	3022	34078	247234	6.95
1975-1979	83	0.09791	0.09334	0.5	32567	3040	31047	213156	6.55
1975-1979	84	0.10707	0.10163	0.5	29527	3001	28026	182110	6.17
1975-1979	85	0.11597	0.10961	0.5	26526	2908	25072	154083	5.81
1975-1979	86	0.12805	0.12035	0.5	23618	2842	22197	129011	5.46
1975-1979	87	0.13894	0.12992	0.5	20776	2699	19426	106814	5.14
1975-1979	88	0.15001	0.13954	0.5	18077	2522	16816	87387	4.83
1975-1979	89	0.16494	0.15237	0.5	15554	2370	14369	70572	4.54
1975-1979	90	0.18186	0.16670	0.5	13184	2198	12085	56202	4.26
1975-1979	91	0.19339	0.17634	0.5	10986	1937	10018	44117	4.02
1975-1979	92	0.21238	0.19199	0.5	9049	1737	8180	34099	3.77
1975-1979	93	0.23131	0.20733	0.5	7312	1516	6554	25919	3.54
1975-1979	94	0.24913	0.22153	0.5	5796	1284	5154	19365	3.34
1975-1979	95	0.26781	0.23618	0.5	4512	1066	3979	14211	3.15
1975-1979	96	0.28847	0.25210	0.5	3446	869	3012	10232	2.97
1975-1979	97	0.31010	0.26847	0.5	2577	692	2231	7220	2.80
1975-1979	98	0.33266	0.28522	0.5	1885	538	1617	4989	2.65
1975-1979	99	0.35608	0.30226	0.5	1348	407	1144	3372	2.50
1975-1979	100	0.38026	0.31951	0.5	940	300	790	2228	2.37
1975-1979	101	0.40512	0.33688	0.5	640	216	532	1438	2.25
1975-1979	102	0.43053	0.35427	0.5	424	150	349	906	2.13
1975-1979	103	0.45637	0.37158	0.5	274	102	223	557	2.03
1975-1979	104	0.48250	0.38872	0.5	172	67	139	334	1.94
1975-1979	105	0.50878	0.40560	0.5	105	43	84	195	1.85
1975-1979	106	0.53506	0.42213	0.5	63	26	49	111	1.77
1975-1979	107	0.56119	0.43823	0.5	36	16	28	62	1.71
1975-1979	108	0.58703	0.45383	0.5	20	9	16	33	1.65
1975-1979	109	0.61244	0.46887	0.5	11	5	8	18	1.60
1975-1979	110+	0.63729	1.00000	1.57	6	6	9	9	1.57
1980-1984	0	0.01174	0.01161	0.08	100000	1161	98933	7430869	74.31
1980-1984	1	0.00090	0.00090	0.5	98839	89	98794	7331937	74.18
1980-1984	2	0.00060	0.00060	0.5	98750	59	98720	7233143	73.25
1980-1984	3	0.00045	0.00045	0.5	98690	45	98668	7134423	72.29
1980-1984	4	0.00036	0.00036	0.5	98645	35	98628	7035755	71.32
1980-1984	5	0.00032	0.00032	0.5	98610	31	98594	6937127	70.35
1980-1984	6	0.00030	0.00030	0.5	98579	29	98564	6838533	69.37
1980-1984	7	0.00028	0.00028	0.5	98550	27	98536	6739968	68.39
1980-1984	8	0.00026	0.00026	0.5	98522	26	98509	6641433	67.41
1980-1984	9	0.00024	0.00024	0.5	98496	24	98484	6542923	66.43
1980-1984	10	0.00023	0.00023	0.5	98473	23	98461	6444439	65.44
1980-1984	11	0.00024	0.00024	0.5	98450	24	98438	6345978	64.46
1980-1984	12	0.00027	0.00027	0.5	98426	27	98413	6247540	63.47
1980-1984	13	0.00031	0.00031	0.5	98399	30	98384	6149127	62.49
1980-1984	14	0.00038	0.00038	0.5	98369	38	98350	6050743	61.51
1980-1984	15	0.00050	0.00050	0.5	98331	49	98307	5952393	60.53
1980-1984	16	0.00071	0.00071	0.5	98282	70	98247	5854087	59.56
1980-1984	17	0.00089	0.00089	0.5	98212	87	98169	5755840	58.61
1980-1984	18	0.00109	0.00109	0.5	98125	107	98072	5657671	57.66
1980-1984	19	0.00112	0.00112	0.5	98018	110	97963	5559599	56.72
1980-1984	20	0.00113	0.00113	0.5	97908	111	97853	5461636	55.78
1980-1984	21	0.00119	0.00119	0.5	97797	116	97739	5363783	54.85
1980-1984	22	0.00119	0.00119	0.5	97681	116	97623	5266044	53.91
1980-1984	23	0.00120	0.00120	0.5	97565	117	97506	5168421	52.97
1980-1984	24	0.00118	0.00118	0.5	97448	115	97391	5070915	52.04
1980-1984	25	0.00119	0.00119	0.5	97333	115	97275	4973524	51.10
1980-1984	26	0.00119	0.00119	0.5	97218	116	97160	4876249	50.16
1980-1984	27	0.00121	0.00121	0.5	97102	117	97043	4779089	49.22
1980-1984	28	0.00126	0.00126	0.5	96985	123	96924	4682045	48.28
1980-1984	29	0.00121	0.00121	0.5	96862	117	96804	4585122	47.34
1980-1984	30	0.00125	0.00125	0.5	96745	121	96685	4488318	46.39
1980-1984	31	0.00130	0.00130	0.5	96624	125	96562	4391633	45.45
1980-1984	32	0.00133	0.00133	0.5	96499	129	96435	4295071	44.51
1980-1984	33	0.00140	0.00140	0.5	96370	135	96303	4198637	43.57
1980-1984	34	0.00141	0.00141	0.5	96235	136	96168	4102334	42.63
1980-1984	35	0.00148	0.00148	0.5	96100	142	96029	4006166	41.69
1980-1984	36	0.00160	0.00160	0.5	95958	154	95881	3910138	40.75
1980-1984	37	0.00172	0.00172	0.5	95804	165	95722	3814257	39.81
1980-1984	38	0.00191	0.00191	0.5	95639	182	95548	3718535	38.88
1980-1984	39	0.00198	0.00198	0.5	95457	189	95363	3622987	37.95
1980-1984	40	0.00218	0.00218	0.5	95268	208	95165	3527624	37.03
1980-1984	41	0.00242	0.00241	0.5	95061	229	94946	3432459	36.11
1980-1984	42	0.00263	0.00262	0.5	94832	249	94707	3337513	35.19
1980-1984	43	0.00284	0.00284	0.5	94583	268	94448	3242806	34.29
1980-1984	44	0.00308	0.00307	0.5	94314	290	94169	3148358	33.38
1980-1984	45	0.00346	0.00346	0.5	94024	325	93862	3054189	32.48
1980-1984	46	0.00377	0.00376	0.5	93699	352	93523	2960327	31.59
1980-1984	47	0.00416	0.00415	0.5	93347	388	93153	2866804	30.71
1980-1984	48	0.00478	0.00477	0.5	92959	443	92737	2773651	29.84
1980-1984	49	0.00503	0.00502	0.5	92516	464	92284	2680914	28.98
1980-1984	50	0.00555	0.00554	0.5	92051	510	91797	2588630	28.12
1980-1984	51	0.00625	0.00623	0.5	91542	570	91257	2496833	27.28
1980-1984	52	0.00682	0.00680	0.5	90972	619	90662	2405577	26.44
1980-1984	53	0.00738	0.00735	0.5	90353	664	90021	2314914	25.62
1980-1984	54	0.00795	0.00792	0.5	89689	710	89334	2224893	24.81
1980-1984	55	0.00883	0.00879	0.5	88978	782	88587	2135559	24.00
1980-1984	56	0.00971	0.00966	0.5	88196	852	87770	2046972	23.21
1980-1984	57	0.01036	0.01031	0.5	87344	900	86894	1959202	22.43
1980-1984	58	0.01163	0.01156	0.5	86444	999	85944	1872308	21.66
1980-1984	59	0.01236	0.01228	0.5	85444	1049	84920	1786364	20.91
1980-1984	60	0.01340	0.01331	0.5	84395	1124	83833	1701444	20.16
1980-1984	61	0.01450	0.01440	0.5	83271	1199	82672	1617611	19.43
1980-1984	62	0.01656	0.01642	0.5	82073	1348	81399	1534939	18.70
1980-1984	63	0.01749	0.01734	0.5	80725	1400	80025	1453540	18.01
1980-1984	64	0.01847	0.01831	0.5	79325	1452	78599	1373515	17.32
1980-1984	65	0.02022	0.02002	0.5	77873	1559	77093	1294917	16.63
1980-1984	66	0.02205	0.02181	0.5	76314	1664	75482	1217823	15.96
1980-1984	67	0.02382	0.02353	0.5	74650	1757	73771	1142341	15.30
1980-1984	68	0.02601	0.02568	0.5	72893	1872	71957	1068570	14.66
1980-1984	69	0.02786	0.02748	0.5	71021	1952	70045	996613	14.03
1980-1984	70	0.03070	0.03024	0.5	69069	2089	68025	926568	13.42
1980-1984	71	0.03272	0.03219	0.5	66981	2156	65903	858543	12.82
1980-1984	72	0.03604	0.03540	0.5	64824	2295	63677	792640	12.23
1980-1984	73	0.03955	0.03879	0.5	62530	2425	61317	728963	11.66
1980-1984	74	0.04162	0.04077	0.5	60104	2450	58879	667646	11.11
1980-1984	75	0.04559	0.04458	0.5	57654	2570	56369	608767	10.56
1980-1984	76	0.04978	0.04857	0.5	55084	2675	53746	552398	10.03
1980-1984	77	0.05331	0.05193	0.5	52409	2722	51048	498651	9.51
1980-1984	78	0.05799	0.05635	0.5	49687	2800	48287	447603	9.01
1980-1984	79	0.06241	0.06052	0.5	46887	2838	45468	399316	8.52
1980-1984	80	0.07114	0.06869	0.5	44050	3026	42537	353848	8.03
1980-1984	81	0.07707	0.07421	0.5	41024	3044	39502	311311	7.59
1980-1984	82	0.08474	0.08130	0.5	37979	3088	36436	271810	7.16
1980-1984	83	0.09336	0.08919	0.5	34892	3112	33336	235374	6.75
1980-1984	84	0.10164	0.09672	0.5	31780	3074	30243	202039	6.36
1980-1984	85	0.11068	0.10487	0.5	28706	3010	27201	171796	5.98
1980-1984	86	0.12232	0.11527	0.5	25695	2962	24214	144595	5.63
1980-1984	87	0.13335	0.12501	0.5	22733	2842	21312	120381	5.30
1980-1984	88	0.14375	0.13411	0.5	19891	2668	18558	99068	4.98
1980-1984	89	0.15739	0.14591	0.5	17224	2513	15967	80511	4.67
1980-1984	90	0.17266	0.15894	0.5	14711	2338	13542	64544	4.39
1980-1984	91	0.18626	0.17039	0.5	12373	2108	11318	51002	4.12
1980-1984	92	0.20407	0.18518	0.5	10264	1901	9314	39684	3.87
1980-1984	93	0.22289	0.20054	0.5	8364	1677	7525	30370	3.63
1980-1984	94	0.24160	0.21556	0.5	6686	1441	5966	22844	3.42
1980-1984	95	0.26006	0.23014	0.5	5245	1207	4642	16879	3.22
1980-1984	96	0.28059	0.24607	0.5	4038	994	3541	12237	3.03
1980-1984	97	0.30215	0.26250	0.5	3044	799	2645	8696	2.86
1980-1984	98	0.32468	0.27934	0.5	2245	627	1932	6051	2.70
1980-1984	99	0.34812	0.29651	0.5	1618	480	1378	4120	2.55
1980-1984	100	0.37239	0.31394	0.5	1138	357	960	2741	2.41
1980-1984	101	0.39738	0.33151	0.5	781	259	651	1782	2.28
1980-1984	102	0.42299	0.34915	0.5	522	182	431	1130	2.17
1980-1984	103	0.44908	0.36673	0.5	340	125	277	699	2.06
1980-1984	104	0.47552	0.38418	0.5	215	83	174	422	1.96
1980-1984	105	0.50215	0.40138	0.5	133	53	106	248	1.87
1980-1984	106	0.52883	0.41824	0.5	79	33	63	142	1.79
1980-1984	107	0.55540	0.43469	0.5	46	20	36	79	1.72
1980-1984	108	0.58170	0.45063	0.5	26	12	20	43	1.66
1980-1984	109	0.60759	0.46602	0.5	14	7	11	23	1.61
1980-1984	110+	0.63294	1.00000	1.58	8	8	12	12	1.58
1985-1989	0	0.01050	0.01040	0.08	100000	1040	99041	7485245	74.85
1985-1989	1	0.00080	0.00080	0.5	98960	79	98920	7386205	74.64
1985-1989	2	0.00053	0.00053	0.5	98881	52	98855	7287284	73.70
1985-1989	3	0.00040	0.00040	0.5	98829	40	98809	7188429	72.74
1985-1989	4	0.00033	0.00033	0.5	98789	32	98772	7089621	71.77
1985-1989	5	0.00028	0.00028	0.5	98756	27	98743	6990848	70.79
1985-1989	6	0.00026	0.00026	0.5	98729	25	98716	6892106	69.81
1985-1989	7	0.00023	0.00023	0.5	98704	23	98692	6793389	68.83
1985-1989	8	0.00023	0.00023	0.5	98681	23	98669	6694697	67.84
1985-1989	9	0.00022	0.00022	0.5	98657	22	98647	6596028	66.86
1985-1989	10	0.00021	0.00021	0.5	98636	21	98625	6497382	65.87
1985-1989	11	0.00023	0.00023	0.5	98615	22	98604	6398757	64.89
1985-1989	12	0.00026	0.00026	0.5	98592	25	98580	6300153	63.90
1985-1989	13	0.00030	0.00030	0.5	98567	30	98552	6201573	62.92
1985-1989	14	0.00039	0.00039	0.5	98537	38	98518	6103021	61.94
1985-1989	15	0.00051	0.00051	0.5	98499	50	98474	6004503	60.96
1985-1989	16	0.00074	0.00074	0.5	98449	73	98412	5906029	59.99
1985-1989	17	0.00087	0.00087	0.5	98376	85	98333	5807616	59.03
1985-1989	18	0.00105	0.00105	0.5	98291	103	98239	5709283	58.09
1985-1989	19	0.00104	0.00103	0.5	98188	102	98137	5611043	57.15
1985-1989	20	0.00105	0.00105	0.5	98086	103	98035	5512906	56.20
1985-1989	21	0.00111	0.00111	0.5	97983	109	97929	5414872	55.26
1985-1989	22	0.00111	0.00111	0.5	97874	109	97820	5316943	54.32
1985-1989	23	0.00113	0.00113	0.5	97765	111	97710	5219123	53.38
1985-1989	24	0.00113	0.00113	0.5	97655	110	97600	5121413	52.44
1985-1989	25	0.00115	0.00115	0.5	97545	112	97489	5023813	51.50
1985-1989	26	0.00117	0.00117	0.5	97433	114	97376	4926325	50.56
1985-1989	27	0.00120	0.00120	0.5	97318	117	97260	4828949	49.62
1985-1989	28	0.00129	0.00129	0.5	97201	126	97139	4731689	48.68
1985-1989	29	0.00124	0.00124	0.5	97076	120	97016	4634551	47.74
1985-1989	30	0.00135	0.00135	0.5	96956	130	96890	4537535	46.80
1985-1989	31	0.00142	0.00142	0.5	96825	137	96757	4440644	45.86
1985-1989	32	0.00149	0.00149	0.5	96688	144	96616	4343888	44.93
1985-1989	33	0.00157	0.00157	0.5	96544	151	96468	4247271	43.99
1985-1989	34	0.00158	0.00158	0.5	96393	152	96317	4150803	43.06
1985-1989	35	0.00169	0.00169	0.5	96241	163	96160	4054486	42.13
1985-1989	36	0.00178	0.00177	0.5	96078	171	95993	3958327	41.20
1985-1989	37	0.00184	0.00183	0.5	95908	176	95820	3862334	40.27
1985-1989	38	0.00206	0.00205	0.5	95732	197	95633	3766514	39.34
1985-1989	39	0.00196	0.00196	0.5	95535	187	95442	3670880	38.42
1985-1989	40	0.00215	0.00215	0.5	95348	205	95245	3575439	37.50
1985-1989	41	0.00232	0.00232	0.5	95143	221	95032	3480194	36.58
1985-1989	42	0.00257	0.00257	0.5	94922	244	94800	3385161	35.66
1985-1989	43	0.00273	0.00272	0.5	94678	258	94550	3290361	34.75
1985-1989	44	0.00292	0.00291	0.5	94421	275	94283	3195811	33.85
1985-1989	45	0.00323	0.00322	0.5	94146	303	93994	3101528	32.94
1985-1989	46	0.00356	0.00355	0.5	93842	333	93676	3007534	32.05
1985-1989	47	0.00385	0.00384	0.5	93509	359	93330	2913858	31.16
1985-1989	48	0.00439	0.00439	0.5	93150	408	92946	2820529	30.28
1985-1989	49	0.00447	0.00446	0.5	92742	414	92535	2727583	29.41
1985-1989	50	0.00509	0.00508	0.5	92328	469	92093	2635048	28.54
1985-1989	51	0.00571	0.00570	0.5	91859	523	91597	2542955	27.68
1985-1989	52	0.00633	0.00631	0.5	91335	576	91047	2451357	26.84
1985-1989	53	0.00689	0.00687	0.5	90759	623	90448	2360310	26.01
1985-1989	54	0.00738	0.00735	0.5	90136	663	89805	2269862	25.18
1985-1989	55	0.00823	0.00819	0.5	89473	733	89107	2180057	24.37
1985-1989	56	0.00891	0.00887	0.5	88740	788	88347	2090950	23.56
1985-1989	57	0.00959	0.00954	0.5	87953	839	87533	2002604	22.77
1985-1989	58	0.01115	0.01109	0.5	87113	966	86630	1915071	21.98
1985-1989	59	0.01154	0.01147	0.5	86147	988	85653	1828441	21.22
1985-1989	60	0.01286	0.01278	0.5	85159	1088	84615	1742787	20.47
1985-1989	61	0.01410	0.01400	0.5	84071	1177	83482	1658172	19.72
1985-1989	62	0.01566	0.01553	0.5	82894	1288	82250	1574690	19.00
1985-1989	63	0.01664	0.01650	0.5	81606	1346	80933	1492440	18.29
1985-1989	64	0.01760	0.01744	0.5	80260	1400	79560	1411507	17.59
1985-1989	65	0.01951	0.01932	0.5	78860	1524	78098	1331947	16.89
1985-1989	66	0.02092	0.02071	0.5	77336	1601	76535	1253849	16.21
1985-1989	67	0.02238	0.02213	0.5	75734	1676	74896	1177314	15.55
1985-1989	68	0.02488	0.02457	0.5	74058	1820	73148	1102418	14.89
1985-1989	69	0.02624	0.02590	0.5	72239	1871	71303	1029269	14.25
1985-1989	70	0.02888	0.02847	0.5	70368	2004	69366	957966	13.61
1985-1989	71	0.03139	0.03091	0.5	68364	2113	67308	888600	13.00
1985-1989	72	0.03527	0.03466	0.5	66251	2296	65103	821293	12.40
1985-1989	73	0.03800	0.03730	0.5	63955	2385	62762	756189	11.82
1985-1989	74	0.04039	0.03960	0.5	61570	2438	60351	693427	11.26
1985-1989	75	0.04365	0.04272	0.5	59132	2526	57869	633076	10.71
1985-1989	76	0.04782	0.04671	0.5	56606	2644	55284	575208	10.16
1985-1989	77	0.05149	0.05019	0.5	53962	2708	52607	519924	9.64
1985-1989	78	0.05635	0.05480	0.5	51253	2809	49849	467317	9.12
1985-1989	79	0.06112	0.05931	0.5	48444	2873	47008	417468	8.62
1985-1989	80	0.06892	0.06663	0.5	45571	3036	44053	370460	8.13
1985-1989	81	0.07499	0.07228	0.5	42535	3074	40998	326407	7.67
1985-1989	82	0.08225	0.07900	0.5	39461	3118	37902	285409	7.23
1985-1989	83	0.08990	0.08603	0.5	36343	3127	34780	247507	6.81
1985-1989	84	0.09874	0.09409	0.5	33216	3125	31654	212728	6.40
1985-1989	85	0.10836	0.10279	0.5	30091	3093	28544	181074	6.02
1985-1989	86	0.11866	0.11201	0.5	26998	3024	25486	152529	5.65
1985-1989	87	0.13087	0.12283	0.5	23974	2945	22501	127043	5.30
1985-1989	88	0.14264	0.13315	0.5	21029	2800	19629	104542	4.97
1985-1989	89	0.15636	0.14503	0.5	18229	2644	16907	84913	4.66
1985-1989	90	0.17163	0.15806	0.5	15585	2463	14354	68006	4.36
1985-1989	91	0.18625	0.17038	0.5	13122	2236	12004	53652	4.09
1985-1989	92	0.20557	0.18641	0.5	10886	2029	9872	41648	3.83
1985-1989	93	0.22446	0.20181	0.5	8857	1787	7963	31776	3.59
1985-1989	94	0.24384	0.21734	0.5	7069	1537	6301	23813	3.37
1985-1989	95	0.26361	0.23291	0.5	5533	1289	4889	17512	3.17
1985-1989	96	0.28531	0.24969	0.5	4244	1060	3714	12623	2.97
1985-1989	97	0.30813	0.26700	0.5	3185	850	2759	8909	2.80
1985-1989	98	0.33200	0.28473	0.5	2334	665	2002	6150	2.63
1985-1989	99	0.35684	0.30281	0.5	1670	506	1417	4148	2.48
1985-1989	100	0.38255	0.32113	0.5	1164	374	977	2731	2.35
1985-1989	101	0.40902	0.33957	0.5	790	268	656	1754	2.22
1985-1989	102	0.43609	0.35803	0.5	522	187	428	1098	2.10
1985-1989	103	0.46362	0.37638	0.5	335	126	272	669	2.00
1985-1989	104	0.49145	0.39451	0.5	209	82	168	397	1.90
1985-1989	105	0.51939	0.41232	0.5	127	52	100	229	1.81
1985-1989	106	0.54728	0.42970	0.5	74	32	58	129	1.73
1985-1989	107	0.57493	0.44656	0.5	42	19	33	71	1.67
1985-1989	108	0.60217	0.46282	0.5	23	11	18	38	1.61
1985-1989	109	0.62885	0.47842	0.5	13	6	10	20	1.56
1985-1989	110+	0.65480	1.00000	1.53	7	7	10	10	1.53
1990-1994	0	0.00898	0.00890	0.07	100000	890	99175	7561812	75.62
1990-1994	1	0.00070	0.00070	0.5	99110	70	99075	7462637	75.30
1990-1994	2	0.00046	0.00046	0.5	99040	46	99017	7363562	74.35
1990-1994	3	0.00035	0.00035	0.5	98994	35	98977	7264544	73.38
1990-1994	4	0.00028	0.00028	0.5	98959	28	98945	7165568	72.41
1990-1994	5	0.00024	0.00024	0.5	98931	24	98919	7066622	71.43
1990-1994	6	0.00022	0.00022	0.5	98907	22	98897	6967703	70.45
1990-1994	7	0.00020	0.00020	0.5	98886	20	98876	6868806	69.46
1990-1994	8	0.00020	0.00020	0.5	98866	20	98856	6769931	68.48
1990-1994	9	0.00018	0.00018	0.5	98846	18	98837	6671075	67.49
1990-1994	10	0.00018	0.00018	0.5	98828	18	98819	6572238	66.50
1990-1994	11	0.00019	0.00019	0.5	98810	19	98800	6473419	65.51
1990-1994	12	0.00022	0.00022	0.5	98791	22	98780	6374619	64.53
1990-1994	13	0.00028	0.00028	0.5	98768	28	98755	6275840	63.54
1990-1994	14	0.00039	0.00039	0.5	98741	39	98721	6177085	62.56
1990-1994	15	0.00053	0.00053	0.5	98702	52	98676	6078364	61.58
1990-1994	16	0.00076	0.00076	0.5	98650	75	98613	5979688	60.62
1990-1994	17	0.00089	0.00089	0.5	98576	88	98532	5881075	59.66
1990-1994	18	0.00107	0.00107	0.5	98488	105	98435	5782543	58.71
1990-1994	19	0.00105	0.00105	0.5	98383	104	98331	5684108	57.78
1990-1994	20	0.00105	0.00105	0.5	98279	103	98228	5585777	56.84
1990-1994	21	0.00111	0.00111	0.5	98176	109	98122	5487550	55.89
1990-1994	22	0.00109	0.00109	0.5	98067	107	98014	5389428	54.96
1990-1994	23	0.00109	0.00109	0.5	97960	107	97907	5291414	54.02
1990-1994	24	0.00106	0.00106	0.5	97853	104	97801	5193507	53.07
1990-1994	25	0.00110	0.00110	0.5	97749	108	97696	5095706	52.13
1990-1994	26	0.00114	0.00114	0.5	97642	111	97586	4998010	51.19
1990-1994	27	0.00120	0.00120	0.5	97530	117	97472	4900424	50.25
1990-1994	28	0.00130	0.00130	0.5	97413	127	97350	4802953	49.30
1990-1994	29	0.00128	0.00128	0.5	97286	124	97224	4705603	48.37
1990-1994	30	0.00139	0.00139	0.5	97162	135	97095	4608378	47.43
1990-1994	31	0.00148	0.00148	0.5	97027	144	96955	4511284	46.49
1990-1994	32	0.00155	0.00154	0.5	96884	150	96809	4414328	45.56
1990-1994	33	0.00165	0.00165	0.5	96734	160	96654	4317520	44.63
1990-1994	34	0.00169	0.00169	0.5	96574	163	96493	4220866	43.71
1990-1994	35	0.00179	0.00179	0.5	96411	173	96325	4124373	42.78
1990-1994	36	0.00191	0.00190	0.5	96238	183	96147	4028048	41.85
1990-1994	37	0.00201	0.00200	0.5	96055	193	95959	3931901	40.93
1990-1994	38	0.00221	0.00221	0.5	95863	212	95757	3835942	40.01
1990-1994	39	0.00215	0.00215	0.5	95651	205	95548	3740185	39.10
1990-1994	40	0.00233	0.00232	0.5	95446	222	95335	3644637	38.19
1990-1994	41	0.00250	0.00250	0.5	95224	238	95105	3549302	37.27
1990-1994	42	0.00264	0.00264	0.5	94986	250	94861	3454198	36.37
1990-1994	43	0.00280	0.00279	0.5	94736	264	94603	3359337	35.46
1990-1994	44	0.00289	0.00288	0.5	94471	272	94335	3264733	34.56
1990-1994	45	0.00314	0.00313	0.5	94199	295	94051	3170398	33.66
1990-1994	46	0.00347	0.00346	0.5	93904	325	93741	3076347	32.76
1990-1994	47	0.00374	0.00373	0.5	93579	349	93404	2982605	31.87
1990-1994	48	0.00415	0.00414	0.5	93230	386	93037	2889201	30.99
1990-1994	49	0.00427	0.00426	0.5	92844	395	92646	2796164	30.12
1990-1994	50	0.00473	0.00472	0.5	92448	436	92230	2703518	29.24
1990-1994	51	0.00528	0.00527	0.5	92013	485	91770	2611287	28.38
1990-1994	52	0.00576	0.00575	0.5	91528	526	91265	2519517	27.53
1990-1994	53	0.00625	0.00623	0.5	91002	567	90719	2428252	26.68
1990-1994	54	0.00668	0.00666	0.5	90435	602	90134	2337533	25.85
1990-1994	55	0.00749	0.00746	0.5	89833	670	89498	2247399	25.02
1990-1994	56	0.00816	0.00813	0.5	89163	725	88801	2157901	24.20
1990-1994	57	0.00885	0.00882	0.5	88438	780	88049	2069100	23.40
1990-1994	58	0.01024	0.01019	0.5	87659	893	87212	1981052	22.60
1990-1994	59	0.01062	0.01056	0.5	86765	917	86307	1893840	21.83
1990-1994	60	0.01184	0.01177	0.5	85849	1010	85344	1807533	21.05
1990-1994	61	0.01304	0.01295	0.5	84839	1099	84289	1722189	20.30
1990-1994	62	0.01426	0.01416	0.5	83740	1186	83147	1637900	19.56
1990-1994	63	0.01530	0.01518	0.5	82554	1253	81927	1554753	18.83
1990-1994	64	0.01638	0.01625	0.5	81301	1321	80640	1472825	18.12
1990-1994	65	0.01797	0.01781	0.5	79979	1424	79267	1392185	17.41
1990-1994	66	0.01949	0.01930	0.5	78555	1516	77797	1312918	16.71
1990-1994	67	0.02110	0.02088	0.5	77039	1608	76235	1235121	16.03
1990-1994	68	0.02334	0.02307	0.5	75430	1740	74560	1158887	15.36
1990-1994	69	0.02472	0.02442	0.5	73690	1800	72791	1084326	14.71
1990-1994	70	0.02691	0.02655	0.5	71891	1909	70936	1011536	14.07
1990-1994	71	0.02930	0.02888	0.5	69982	2021	68972	940599	13.44
1990-1994	72	0.03177	0.03127	0.5	67961	2125	66898	871628	12.83
1990-1994	73	0.03495	0.03435	0.5	65836	2262	64705	804729	12.22
1990-1994	74	0.03752	0.03683	0.5	63574	2341	62403	740024	11.64
1990-1994	75	0.04036	0.03956	0.5	61233	2422	60021	677621	11.07
1990-1994	76	0.04454	0.04357	0.5	58810	2562	57529	617600	10.50
1990-1994	77	0.04839	0.04724	0.5	56248	2657	54919	560071	9.96
1990-1994	78	0.05191	0.05059	0.5	53591	2711	52235	505151	9.43
1990-1994	79	0.05669	0.05513	0.5	50879	2805	49477	452916	8.90
1990-1994	80	0.06508	0.06303	0.5	48074	3030	46559	403439	8.39
1990-1994	81	0.07098	0.06855	0.5	45044	3088	43501	356880	7.92
1990-1994	82	0.07790	0.07498	0.5	41957	3146	40384	313379	7.47
1990-1994	83	0.08558	0.08206	0.5	38811	3185	37218	272995	7.03
1990-1994	84	0.09350	0.08932	0.5	35626	3182	34035	235777	6.62
1990-1994	85	0.10268	0.09766	0.5	32444	3169	30859	201742	6.22
1990-1994	86	0.11265	0.10665	0.5	29275	3122	27714	170883	5.84
1990-1994	87	0.12316	0.11601	0.5	26153	3034	24636	143169	5.47
1990-1994	88	0.13522	0.12666	0.5	23119	2928	21655	118533	5.13
1990-1994	89	0.14893	0.13861	0.5	20191	2799	18791	96878	4.80
1990-1994	90	0.16375	0.15136	0.5	17392	2632	16076	78087	4.49
1990-1994	91	0.17803	0.16347	0.5	14760	2413	13553	62011	4.20
1990-1994	92	0.19702	0.17935	0.5	12347	2214	11240	48458	3.92
1990-1994	93	0.21711	0.19585	0.5	10132	1984	9140	37218	3.67
1990-1994	94	0.23715	0.21201	0.5	8148	1727	7284	28078	3.45
1990-1994	95	0.25516	0.22629	0.5	6420	1453	5694	20794	3.24
1990-1994	96	0.27679	0.24314	0.5	4968	1208	4364	15100	3.04
1990-1994	97	0.29959	0.26056	0.5	3760	980	3270	10736	2.86
1990-1994	98	0.32349	0.27845	0.5	2780	774	2393	7467	2.69
1990-1994	99	0.34842	0.29673	0.5	2006	595	1708	5074	2.53
1990-1994	100	0.37428	0.31528	0.5	1411	445	1188	3365	2.39
1990-1994	101	0.40096	0.33400	0.5	966	323	805	2177	2.25
1990-1994	102	0.42830	0.35276	0.5	643	227	530	1372	2.13
1990-1994	103	0.45616	0.37144	0.5	416	155	339	842	2.02
1990-1994	104	0.48436	0.38993	0.5	262	102	211	503	1.92
1990-1994	105	0.51273	0.40811	0.5	160	65	127	293	1.83
1990-1994	106	0.54108	0.42587	0.5	95	40	74	165	1.75
1990-1994	107	0.56922	0.44311	0.5	54	24	42	91	1.68
1990-1994	108	0.59698	0.45975	0.5	30	14	23	49	1.62
1990-1994	109	0.62418	0.47571	0.5	16	8	12	26	1.57
1990-1994	110+	0.65066	1.00000	1.54	9	9	13	13	1.54
1995-1999	0	0.00757	0.00751	0.07	100000	751	99301	7639774	76.40
1995-1999	1	0.00057	0.00057	0.5	99249	57	99220	7540474	75.98
1995-1999	2	0.00037	0.00037	0.5	99192	37	99173	7441253	75.02
1995-1999	3	0.00029	0.00029	0.5	99155	29	99140	7342080	74.05
1995-1999	4	0.00023	0.00023	0.5	99126	23	99114	7242940	73.07
1995-1999	5	0.00021	0.00021	0.5	99103	21	99093	7143826	72.08
1995-1999	6	0.00018	0.00018	0.5	99082	18	99073	7044733	71.10
1995-1999	7	0.00018	0.00018	0.5	99064	18	99055	6945660	70.11
1995-1999	8	0.00017	0.00017	0.5	99046	17	99038	6846604	69.13
1995-1999	9	0.00016	0.00016	0.5	99029	16	99021	6747567	68.14
1995-1999	10	0.00017	0.00017	0.5	99013	17	99005	6648545	67.15
1995-1999	11	0.00018	0.00018	0.5	98997	18	98988	6549540	66.16
1995-1999	12	0.00021	0.00021	0.5	98979	20	98969	6450553	65.17
1995-1999	13	0.00025	0.00025	0.5	98959	25	98946	6351584	64.18
1995-1999	14	0.00033	0.00033	0.5	98934	32	98918	6252637	63.20
1995-1999	15	0.00043	0.00043	0.5	98901	43	98880	6153720	62.22
1995-1999	16	0.00065	0.00065	0.5	98859	64	98827	6054840	61.25
1995-1999	17	0.00077	0.00077	0.5	98795	76	98757	5956013	60.29
1995-1999	18	0.00092	0.00092	0.5	98718	91	98673	5857256	59.33
1995-1999	19	0.00095	0.00095	0.5	98627	93	98581	5758583	58.39
1995-1999	20	0.00095	0.00095	0.5	98534	93	98487	5660002	57.44
1995-1999	21	0.00100	0.00100	0.5	98441	99	98391	5561515	56.50
1995-1999	22	0.00098	0.00098	0.5	98342	96	98294	5463124	55.55
1995-1999	23	0.00097	0.00097	0.5	98246	95	98199	5364830	54.61
1995-1999	24	0.00094	0.00094	0.5	98151	92	98105	5266632	53.66
1995-1999	25	0.00094	0.00094	0.5	98059	92	98013	5168527	52.71
1995-1999	26	0.00096	0.00096	0.5	97966	94	97919	5070514	51.76
1995-1999	27	0.00099	0.00099	0.5	97872	97	97823	4972595	50.81
1995-1999	28	0.00103	0.00103	0.5	97775	100	97725	4874772	49.86
1995-1999	29	0.00106	0.00106	0.5	97675	103	97623	4777047	48.91
1995-1999	30	0.00111	0.00111	0.5	97571	108	97517	4679424	47.96
1995-1999	31	0.00124	0.00124	0.5	97463	121	97403	4581906	47.01
1995-1999	32	0.00130	0.00130	0.5	97342	126	97279	4484504	46.07
1995-1999	33	0.00138	0.00138	0.5	97216	134	97149	4387224	45.13
1995-1999	34	0.00146	0.00146	0.5	97082	141	97012	4290075	44.19
1995-1999	35	0.00153	0.00153	0.5	96941	148	96867	4193063	43.25
1995-1999	36	0.00165	0.00165	0.5	96793	160	96713	4096196	42.32
1995-1999	37	0.00177	0.00177	0.5	96633	171	96548	3999483	41.39
1995-1999	38	0.00192	0.00192	0.5	96463	185	96370	3902935	40.46
1995-1999	39	0.00198	0.00198	0.5	96278	190	96182	3806565	39.54
1995-1999	40	0.00211	0.00211	0.5	96087	203	95986	3710383	38.61
1995-1999	41	0.00236	0.00236	0.5	95884	226	95771	3614397	37.70
1995-1999	42	0.00248	0.00247	0.5	95658	237	95540	3518626	36.78
1995-1999	43	0.00271	0.00270	0.5	95422	258	95293	3423086	35.87
1995-1999	44	0.00286	0.00286	0.5	95164	272	95028	3327793	34.97
1995-1999	45	0.00302	0.00302	0.5	94892	286	94749	3232765	34.07
1995-1999	46	0.00331	0.00330	0.5	94606	313	94449	3138017	33.17
1995-1999	47	0.00353	0.00352	0.5	94293	332	94127	3043567	32.28
1995-1999	48	0.00390	0.00389	0.5	93961	366	93778	2949440	31.39
1995-1999	49	0.00402	0.00401	0.5	93595	375	93408	2855662	30.51
1995-1999	50	0.00429	0.00428	0.5	93220	399	93021	2762254	29.63
1995-1999	51	0.00483	0.00482	0.5	92821	447	92598	2669233	28.76
1995-1999	52	0.00529	0.00528	0.5	92374	488	92130	2576636	27.89
1995-1999	53	0.00581	0.00579	0.5	91886	532	91620	2484506	27.04
1995-1999	54	0.00621	0.00619	0.5	91354	565	91071	2392886	26.19
1995-1999	55	0.00684	0.00682	0.5	90789	619	90479	2301814	25.35
1995-1999	56	0.00761	0.00758	0.5	90170	684	89828	2211335	24.52
1995-1999	57	0.00822	0.00819	0.5	89486	733	89120	2121507	23.71
1995-1999	58	0.00913	0.00909	0.5	88753	806	88350	2032387	22.90
1995-1999	59	0.00978	0.00974	0.5	87947	856	87519	1944037	22.10
1995-1999	60	0.01072	0.01066	0.5	87091	928	86627	1856518	21.32
1995-1999	61	0.01211	0.01203	0.5	86162	1037	85644	1769892	20.54
1995-1999	62	0.01326	0.01318	0.5	85126	1122	84565	1684248	19.79
1995-1999	63	0.01434	0.01423	0.5	84004	1196	83406	1599683	19.04
1995-1999	64	0.01548	0.01536	0.5	82808	1272	82172	1516277	18.31
1995-1999	65	0.01683	0.01669	0.5	81536	1361	80856	1434105	17.59
1995-1999	66	0.01823	0.01806	0.5	80175	1448	79451	1353249	16.88
1995-1999	67	0.01947	0.01928	0.5	78727	1518	77968	1273797	16.18
1995-1999	68	0.02164	0.02141	0.5	77209	1653	76383	1195829	15.49
1995-1999	69	0.02356	0.02328	0.5	75556	1759	74676	1119446	14.82
1995-1999	70	0.02556	0.02524	0.5	73797	1863	72866	1044770	14.16
1995-1999	71	0.02844	0.02804	0.5	71934	2017	70926	971905	13.51
1995-1999	72	0.03087	0.03040	0.5	69917	2125	68854	900979	12.89
1995-1999	73	0.03314	0.03260	0.5	67792	2210	66687	832125	12.27
1995-1999	74	0.03559	0.03497	0.5	65582	2293	64435	765438	11.67
1995-1999	75	0.03871	0.03797	0.5	63288	2403	62086	701003	11.08
1995-1999	76	0.04241	0.04153	0.5	60885	2529	59620	638917	10.49
1995-1999	77	0.04656	0.04550	0.5	58356	2655	57029	579297	9.93
1995-1999	78	0.05090	0.04964	0.5	55701	2765	54319	522268	9.38
1995-1999	79	0.05563	0.05413	0.5	52936	2865	51504	467949	8.84
1995-1999	80	0.06391	0.06194	0.5	50071	3101	48520	416446	8.32
1995-1999	81	0.07020	0.06782	0.5	46970	3186	45377	367925	7.83
1995-1999	82	0.07754	0.07465	0.5	43784	3268	42150	322549	7.37
1995-1999	83	0.08555	0.08204	0.5	40516	3324	38854	280398	6.92
1995-1999	84	0.09420	0.08996	0.5	37192	3346	35519	241545	6.49
1995-1999	85	0.10384	0.09872	0.5	33846	3341	32175	206026	6.09
1995-1999	86	0.11484	0.10860	0.5	30505	3313	28848	173850	5.70
1995-1999	87	0.12650	0.11898	0.5	27192	3235	25574	145002	5.33
1995-1999	88	0.13910	0.13006	0.5	23957	3116	22399	119428	4.99
1995-1999	89	0.15312	0.14223	0.5	20841	2964	19359	97029	4.66
1995-1999	90	0.16946	0.15622	0.5	17877	2793	16480	77670	4.34
1995-1999	91	0.18616	0.17030	0.5	15084	2569	13800	61190	4.06
1995-1999	92	0.20496	0.18591	0.5	12515	2327	11352	47390	3.79
1995-1999	93	0.22489	0.20216	0.5	10188	2060	9159	36038	3.54
1995-1999	94	0.24741	0.22017	0.5	8129	1790	7234	26879	3.31
1995-1999	95	0.26785	0.23622	0.5	6339	1497	5590	19646	3.10
1995-1999	96	0.29133	0.25429	0.5	4842	1231	4226	14055	2.90
1995-1999	97	0.31603	0.27290	0.5	3610	985	3118	9829	2.72
1995-1999	98	0.34187	0.29197	0.5	2625	766	2242	6711	2.56
1995-1999	99	0.36876	0.31135	0.5	1859	579	1569	4469	2.40
1995-1999	100	0.39655	0.33094	0.5	1280	424	1068	2900	2.27
1995-1999	101	0.42509	0.35058	0.5	856	300	706	1832	2.14
1995-1999	102	0.45420	0.37014	0.5	556	206	453	1126	2.02
1995-1999	103	0.48369	0.38950	0.5	350	136	282	672	1.92
1995-1999	104	0.51336	0.40850	0.5	214	87	170	390	1.82
1995-1999	105	0.54299	0.42705	0.5	126	54	99	220	1.74
1995-1999	106	0.57237	0.44501	0.5	72	32	56	121	1.66
1995-1999	107	0.60130	0.46230	0.5	40	19	31	64	1.60
1995-1999	108	0.62958	0.47885	0.5	22	10	16	33	1.54
1995-1999	109	0.65705	0.49457	0.5	11	6	8	17	1.49
1995-1999	110+	0.68354	1.00000	1.46	6	6	8	8	1.46
2000-2004	0	0.00707	0.00703	0.07	100000	703	99345	7710436	77.10
2000-2004	1	0.00050	0.00050	0.5	99297	49	99273	7611091	76.65
2000-2004	2	0.00033	0.00033	0.5	99248	32	99232	7511818	75.69
2000-2004	3	0.00024	0.00024	0.5	99216	24	99203	7412587	74.71
2000-2004	4	0.00020	0.00020	0.5	99191	20	99181	7313383	73.73
2000-2004	5	0.00017	0.00017	0.5	99171	17	99163	7214202	72.74
2000-2004	6	0.00015	0.00015	0.5	99154	15	99146	7115039	71.76
2000-2004	7	0.00015	0.00015	0.5	99139	14	99131	7015893	70.77
2000-2004	8	0.00014	0.00014	0.5	99124	14	99117	6916761	69.78
2000-2004	9	0.00014	0.00014	0.5	99110	14	99103	6817644	68.79
2000-2004	10	0.00015	0.00015	0.5	99096	15	99088	6718541	67.80
2000-2004	11	0.00016	0.00016	0.5	99081	15	99073	6619453	66.81
2000-2004	12	0.00018	0.00018	0.5	99066	18	99057	6520379	65.82
2000-2004	13	0.00021	0.00021	0.5	99048	21	99038	6421323	64.83
2000-2004	14	0.00027	0.00027	0.5	99027	27	99014	6322285	63.84
2000-2004	15	0.00036	0.00036	0.5	99000	35	98983	6223271	62.86
2000-2004	16	0.00054	0.00054	0.5	98965	53	98938	6124289	61.88
2000-2004	17	0.00067	0.00067	0.5	98912	66	98879	6025350	60.92
2000-2004	18	0.00084	0.00084	0.5	98846	83	98804	5926472	59.96
2000-2004	19	0.00091	0.00091	0.5	98763	89	98718	5827667	59.01
2000-2004	20	0.00092	0.00092	0.5	98674	91	98628	5728949	58.06
2000-2004	21	0.00098	0.00098	0.5	98583	97	98534	5630320	57.11
2000-2004	22	0.00096	0.00096	0.5	98486	94	98439	5531786	56.17
2000-2004	23	0.00095	0.00095	0.5	98392	93	98345	5433347	55.22
2000-2004	24	0.00095	0.00095	0.5	98298	93	98252	5335002	54.27
2000-2004	25	0.00093	0.00093	0.5	98205	91	98160	5236750	53.32
2000-2004	26	0.00096	0.00096	0.5	98114	94	98067	5138591	52.37
2000-2004	27	0.00095	0.00095	0.5	98020	93	97974	5040523	51.42
2000-2004	28	0.00095	0.00095	0.5	97927	93	97881	4942550	50.47
2000-2004	29	0.00100	0.00100	0.5	97834	98	97786	4844669	49.52
2000-2004	30	0.00100	0.00100	0.5	97737	98	97688	4746883	48.57
2000-2004	31	0.00106	0.00106	0.5	97639	104	97587	4649196	47.62
2000-2004	32	0.00111	0.00111	0.5	97535	108	97481	4551609	46.67
2000-2004	33	0.00118	0.00118	0.5	97427	115	97370	4454127	45.72
2000-2004	34	0.00125	0.00125	0.5	97312	122	97251	4356758	44.77
2000-2004	35	0.00135	0.00135	0.5	97190	131	97125	4259506	43.83
2000-2004	36	0.00145	0.00145	0.5	97059	141	96989	4162382	42.88
2000-2004	37	0.00159	0.00159	0.5	96918	154	96841	4065393	41.95
2000-2004	38	0.00172	0.00172	0.5	96764	167	96681	3968551	41.01
2000-2004	39	0.00186	0.00186	0.5	96598	180	96508	3871870	40.08
2000-2004	40	0.00203	0.00203	0.5	96418	196	96320	3775363	39.16
2000-2004	41	0.00220	0.00220	0.5	96222	212	96116	3679043	38.23
2000-2004	42	0.00237	0.00237	0.5	96011	227	95897	3582926	37.32
2000-2004	43	0.00261	0.00260	0.5	95783	249	95659	3487029	36.41
2000-2004	44	0.00281	0.00280	0.5	95534	268	95400	3391371	35.50
2000-2004	45	0.00303	0.00303	0.5	95266	289	95122	3295970	34.60
2000-2004	46	0.00331	0.00331	0.5	94978	314	94821	3200848	33.70
2000-2004	47	0.00356	0.00355	0.5	94664	336	94496	3106028	32.81
2000-2004	48	0.00385	0.00384	0.5	94328	363	94146	3011532	31.93
2000-2004	49	0.00413	0.00412	0.5	93965	387	93771	2917386	31.05
2000-2004	50	0.00443	0.00442	0.5	93578	413	93371	2823614	30.17
2000-2004	51	0.00474	0.00473	0.5	93164	441	92944	2730243	29.31
2000-2004	52	0.00506	0.00504	0.5	92723	468	92490	2637299	28.44
2000-2004	53	0.00556	0.00554	0.5	92256	511	92000	2544810	27.58
2000-2004	54	0.00592	0.00591	0.5	91744	542	91474	2452810	26.74
2000-2004	55	0.00643	0.00640	0.5	91203	584	90910	2361336	25.89
2000-2004	56	0.00693	0.00691	0.5	90618	626	90305	2270426	25.05
2000-2004	57	0.00767	0.00764	0.5	89992	687	89649	2180120	24.23
2000-2004	58	0.00833	0.00829	0.5	89305	740	88935	2090472	23.41
2000-2004	59	0.00918	0.00914	0.5	88565	809	88160	2001537	22.60
2000-2004	60	0.01002	0.00997	0.5	87755	875	87318	1913377	21.80
2000-2004	61	0.01088	0.01082	0.5	86880	940	86410	1826059	21.02
2000-2004	62	0.01190	0.01183	0.5	85940	1016	85432	1739649	20.24
2000-2004	63	0.01292	0.01283	0.5	84924	1090	84379	1654217	19.48
2000-2004	64	0.01411	0.01401	0.5	83834	1175	83247	1569837	18.73
2000-2004	65	0.01529	0.01517	0.5	82660	1254	82033	1486591	17.98
2000-2004	66	0.01659	0.01645	0.5	81406	1339	80736	1404558	17.25
2000-2004	67	0.01812	0.01796	0.5	80066	1438	79347	1323822	16.53
2000-2004	68	0.01965	0.01946	0.5	78628	1530	77864	1244475	15.83
2000-2004	69	0.02141	0.02118	0.5	77099	1633	76282	1166611	15.13
2000-2004	70	0.02354	0.02327	0.5	75465	1756	74587	1090329	14.45
2000-2004	71	0.02549	0.02517	0.5	73709	1856	72781	1015742	13.78
2000-2004	72	0.02795	0.02757	0.5	71854	1981	70863	942961	13.12
2000-2004	73	0.03055	0.03009	0.5	69873	2103	68821	872098	12.48
2000-2004	74	0.03323	0.03269	0.5	67770	2215	66662	803276	11.85
2000-2004	75	0.03669	0.03603	0.5	65555	2362	64374	736614	11.24
2000-2004	76	0.04007	0.03928	0.5	63193	2482	61952	672240	10.64
2000-2004	77	0.04381	0.04287	0.5	60710	2603	59409	610288	10.05
2000-2004	78	0.04790	0.04678	0.5	58108	2718	56748	550879	9.48
2000-2004	79	0.05311	0.05173	0.5	55389	2865	53956	494131	8.92
2000-2004	80	0.06074	0.05895	0.5	52524	3096	50976	440175	8.38
2000-2004	81	0.06687	0.06471	0.5	49427	3198	47828	389199	7.87
2000-2004	82	0.07452	0.07184	0.5	46229	3321	44568	341371	7.38
2000-2004	83	0.08256	0.07928	0.5	42908	3402	41207	296803	6.92
2000-2004	84	0.09202	0.08797	0.5	39506	3475	37768	255596	6.47
2000-2004	85	0.10177	0.09684	0.5	36031	3489	34286	217828	6.05
2000-2004	86	0.11374	0.10762	0.5	32541	3502	30790	183542	5.64
2000-2004	87	0.12622	0.11873	0.5	29039	3448	27315	152751	5.26
2000-2004	88	0.13992	0.13077	0.5	25591	3347	23918	125436	4.90
2000-2004	89	0.15564	0.14440	0.5	22245	3212	20639	101518	4.56
2000-2004	90	0.17161	0.15805	0.5	19032	3008	17528	80880	4.25
2000-2004	91	0.18994	0.17347	0.5	16024	2780	14635	63351	3.95
2000-2004	92	0.21045	0.19041	0.5	13245	2522	11984	48717	3.68
2000-2004	93	0.23358	0.20915	0.5	10723	2243	9601	36733	3.43
2000-2004	94	0.25635	0.22722	0.5	8480	1927	7517	27132	3.20
2000-2004	95	0.27760	0.24377	0.5	6553	1597	5754	19615	2.99
2000-2004	96	0.30300	0.26313	0.5	4956	1304	4304	13861	2.80
2000-2004	97	0.32971	0.28304	0.5	3652	1034	3135	9557	2.62
2000-2004	98	0.35760	0.30336	0.5	2618	794	2221	6422	2.45
2000-2004	99	0.38655	0.32394	0.5	1824	591	1528	4201	2.30
2000-2004	100	0.41637	0.34463	0.5	1233	425	1021	2673	2.17
2000-2004	101	0.44687	0.36526	0.5	808	295	661	1652	2.04
2000-2004	102	0.47782	0.38568	0.5	513	198	414	991	1.93
2000-2004	103	0.50900	0.40574	0.5	315	128	251	577	1.83
2000-2004	104	0.54015	0.42529	0.5	187	80	147	326	1.74
2000-2004	105	0.57103	0.44420	0.5	108	48	84	179	1.66
2000-2004	106	0.60142	0.46238	0.5	60	28	46	95	1.59
2000-2004	107	0.63108	0.47971	0.5	32	15	24	49	1.53
2000-2004	108	0.65982	0.49614	0.5	17	8	13	25	1.47
2000-2004	109	0.68746	0.51161	0.5	8	4	6	12	1.43
2000-2004	110+	0.71387	1.00000	1.4	4	4	6	6	1.40
2005-2009	0	0.00691	0.00687	0.07	100000	687	99359	7804679	78.05
2005-2009	1	0.00047	0.00047	0.5	99313	47	99290	7705319	77.59
2005-2009	2	0.00030	0.00030	0.5	99266	30	99252	7606030	76.62
2005-2009	3	0.00022	0.00022	0.5	99237	22	99226	7506778	75.65
2005-2009	4	0.00017	0.00017	0.5	99215	17	99206	7407552	74.66
2005-2009	5	0.00015	0.00015	0.5	99198	15	99190	7308346	73.67
2005-2009	6	0.00014	0.00014	0.5	99183	14	99176	7209155	72.69
2005-2009	7	0.00013	0.00013	0.5	99169	13	99163	7109979	71.70
2005-2009	8	0.00013	0.00013	0.5	99156	13	99150	7010817	70.70
2005-2009	9	0.00013	0.00013	0.5	99144	13	99137	6911667	69.71
2005-2009	10	0.00012	0.00012	0.5	99131	12	99125	6812529	68.72
2005-2009	11	0.00014	0.00014	0.5	99119	13	99112	6713404	67.73
2005-2009	12	0.00014	0.00014	0.5	99105	14	99098	6614292	66.74
2005-2009	13	0.00018	0.00018	0.5	99091	18	99083	6515194	65.75
2005-2009	14	0.00023	0.00023	0.5	99074	23	99063	6416111	64.76
2005-2009	15	0.00031	0.00031	0.5	99051	31	99036	6317048	63.78
2005-2009	16	0.00045	0.00045	0.5	99020	44	98998	6218013	62.80
2005-2009	17	0.00058	0.00058	0.5	98976	57	98947	6119014	61.82
2005-2009	18	0.00076	0.00076	0.5	98919	76	98881	6020067	60.86
2005-2009	19	0.00085	0.00085	0.5	98843	84	98801	5921186	59.90
2005-2009	20	0.00089	0.00089	0.5	98759	87	98716	5822385	58.96
2005-2009	21	0.00097	0.00097	0.5	98672	95	98624	5723669	58.01
2005-2009	22	0.00097	0.00097	0.5	98577	96	98529	5625045	57.06
2005-2009	23	0.00098	0.00098	0.5	98481	96	98433	5526516	56.12
2005-2009	24	0.00099	0.00098	0.5	98385	97	98336	5428083	55.17
2005-2009	25	0.00098	0.00098	0.5	98288	96	98240	5329746	54.23
2005-2009	26	0.00099	0.00099	0.5	98192	97	98143	5231506	53.28
2005-2009	27	0.00100	0.00100	0.5	98095	98	98046	5133363	52.33
2005-2009	28	0.00102	0.00102	0.5	97997	100	97947	5035318	51.38
2005-2009	29	0.00105	0.00105	0.5	97897	103	97845	4937371	50.43
2005-2009	30	0.00105	0.00105	0.5	97794	103	97743	4839526	49.49
2005-2009	31	0.00110	0.00109	0.5	97691	107	97638	4741783	48.54
2005-2009	32	0.00111	0.00111	0.5	97584	108	97530	4644145	47.59
2005-2009	33	0.00115	0.00115	0.5	97476	112	97420	4546615	46.64
2005-2009	34	0.00122	0.00122	0.5	97364	119	97305	4449196	45.70
2005-2009	35	0.00129	0.00129	0.5	97245	125	97182	4351891	44.75
2005-2009	36	0.00135	0.00135	0.5	97120	131	97054	4254709	43.81
2005-2009	37	0.00146	0.00146	0.5	96989	141	96918	4157654	42.87
2005-2009	38	0.00157	0.00157	0.5	96848	152	96771	4060736	41.93
2005-2009	39	0.00169	0.00169	0.5	96695	163	96614	3963965	40.99
2005-2009	40	0.00186	0.00186	0.5	96532	179	96443	3867351	40.06
2005-2009	41	0.00203	0.00202	0.5	96353	195	96256	3770908	39.14
2005-2009	42	0.00222	0.00222	0.5	96158	213	96051	3674653	38.21
2005-2009	43	0.00242	0.00242	0.5	95945	232	95829	3578601	37.30
2005-2009	44	0.00267	0.00267	0.5	95712	256	95585	3482773	36.39
2005-2009	45	0.00290	0.00289	0.5	95457	276	95319	3387188	35.48
2005-2009	46	0.00314	0.00314	0.5	95181	299	95032	3291869	34.59
2005-2009	47	0.00342	0.00341	0.5	94882	324	94720	3196837	33.69
2005-2009	48	0.00372	0.00371	0.5	94558	351	94383	3102117	32.81
2005-2009	49	0.00403	0.00402	0.5	94207	379	94018	3007735	31.93
2005-2009	50	0.00441	0.00441	0.5	93828	413	93622	2913717	31.05
2005-2009	51	0.00473	0.00471	0.5	93415	440	93195	2820095	30.19
2005-2009	52	0.00514	0.00513	0.5	92975	477	92736	2726900	29.33
2005-2009	53	0.00547	0.00546	0.5	92498	505	92245	2634164	28.48
2005-2009	54	0.00582	0.00580	0.5	91993	534	91726	2541919	27.63
2005-2009	55	0.00631	0.00629	0.5	91459	575	91171	2450193	26.79
2005-2009	56	0.00666	0.00663	0.5	90883	603	90582	2359022	25.96
2005-2009	57	0.00717	0.00714	0.5	90281	645	89958	2268440	25.13
2005-2009	58	0.00776	0.00773	0.5	89636	692	89290	2178482	24.30
2005-2009	59	0.00831	0.00828	0.5	88943	736	88575	2089193	23.49
2005-2009	60	0.00916	0.00911	0.5	88207	804	87805	2000617	22.68
2005-2009	61	0.00970	0.00965	0.5	87403	844	86981	1912812	21.88
2005-2009	62	0.01071	0.01066	0.5	86560	923	86098	1825831	21.09
2005-2009	63	0.01166	0.01159	0.5	85637	993	85141	1739732	20.32
2005-2009	64	0.01273	0.01265	0.5	84644	1071	84109	1654592	19.55
2005-2009	65	0.01373	0.01363	0.5	83573	1139	83004	1570483	18.79
2005-2009	66	0.01480	0.01469	0.5	82434	1211	81829	1487479	18.04
2005-2009	67	0.01600	0.01588	0.5	81223	1290	80578	1405651	17.31
2005-2009	68	0.01730	0.01716	0.5	79933	1371	79248	1325072	16.58
2005-2009	69	0.01891	0.01874	0.5	78562	1472	77826	1245825	15.86
2005-2009	70	0.02083	0.02061	0.5	77090	1589	76296	1167998	15.15
2005-2009	71	0.02246	0.02221	0.5	75501	1677	74663	1091703	14.46
2005-2009	72	0.02473	0.02442	0.5	73824	1803	72923	1017040	13.78
2005-2009	73	0.02714	0.02678	0.5	72021	1929	71057	944117	13.11
2005-2009	74	0.02969	0.02925	0.5	70093	2051	69067	873060	12.46
2005-2009	75	0.03279	0.03226	0.5	68042	2195	66945	803993	11.82
2005-2009	76	0.03555	0.03493	0.5	65847	2300	64697	737048	11.19
2005-2009	77	0.03932	0.03856	0.5	63547	2450	62322	672351	10.58
2005-2009	78	0.04331	0.04239	0.5	61097	2590	59802	610029	9.98
2005-2009	79	0.04746	0.04636	0.5	58507	2713	57151	550227	9.40
2005-2009	80	0.05389	0.05248	0.5	55795	2928	54331	493076	8.84
2005-2009	81	0.05990	0.05816	0.5	52867	3075	51329	438745	8.30
2005-2009	82	0.06677	0.06461	0.5	49792	3217	48184	387416	7.78
2005-2009	83	0.07416	0.07150	0.5	46575	3330	44910	339232	7.28
2005-2009	84	0.08266	0.07938	0.5	43245	3433	41528	294322	6.81
2005-2009	85	0.09269	0.08858	0.5	39812	3527	38049	252794	6.35
2005-2009	86	0.10362	0.09852	0.5	36285	3575	34498	214745	5.92
2005-2009	87	0.11534	0.10905	0.5	32710	3567	30927	180247	5.51
2005-2009	88	0.12929	0.12144	0.5	29143	3539	27374	149320	5.12
2005-2009	89	0.14418	0.13448	0.5	25604	3443	23882	121947	4.76
2005-2009	90	0.16085	0.14888	0.5	22161	3299	20511	98064	4.43
2005-2009	91	0.17904	0.16433	0.5	18861	3100	17312	77553	4.11
2005-2009	92	0.19946	0.18137	0.5	15762	2859	14333	60241	3.82
2005-2009	93	0.22056	0.19865	0.5	12903	2563	11622	45909	3.56
2005-2009	94	0.24347	0.21705	0.5	10340	2244	9218	34287	3.32
2005-2009	95	0.26405	0.23326	0.5	8096	1888	7152	25069	3.10
2005-2009	96	0.28949	0.25289	0.5	6207	1570	5422	17918	2.89
2005-2009	97	0.31637	0.27316	0.5	4638	1267	4004	12495	2.69
2005-2009	98	0.34457	0.29393	0.5	3371	991	2875	8491	2.52
2005-2009	99	0.37394	0.31504	0.5	2380	750	2005	5616	2.36
2005-2009	100	0.40433	0.33633	0.5	1630	548	1356	3611	2.21
2005-2009	101	0.43550	0.35763	0.5	1082	387	888	2255	2.08
2005-2009	102	0.46724	0.37876	0.5	695	263	563	1366	1.97
2005-2009	103	0.49929	0.39954	0.5	432	173	346	803	1.86
2005-2009	104	0.53139	0.41984	0.5	259	109	205	457	1.76
2005-2009	105	0.56327	0.43949	0.5	150	66	117	253	1.68
2005-2009	106	0.59467	0.45838	0.5	84	39	65	135	1.60
2005-2009	107	0.62536	0.47640	0.5	46	22	35	70	1.54
2005-2009	108	0.65510	0.49346	0.5	24	12	18	35	1.48
2005-2009	109	0.68371	0.50952	0.5	12	6	9	17	1.44
2005-2009	110+	0.71102	1.00000	1.41	6	6	8	8	1.41
2010-2014	0	0.00602	0.00598	0.07	100000	598	99441	7887033	78.87
2010-2014	1	0.00041	0.00041	0.5	99402	41	99381	7787593	78.34
2010-2014	2	0.00026	0.00026	0.5	99361	26	99348	7688211	77.38
2010-2014	3	0.00020	0.00020	0.5	99335	20	99325	7588863	76.40
2010-2014	4	0.00016	0.00016	0.5	99315	16	99307	7489538	75.41
2010-2014	5	0.00013	0.00013	0.5	99299	13	99293	7390231	74.42
2010-2014	6	0.00012	0.00012	0.5	99286	12	99280	7290938	73.43
2010-2014	7	0.00011	0.00011	0.5	99274	11	99269	7191658	72.44
2010-2014	8	0.00011	0.00011	0.5	99263	11	99258	7092389	71.45
2010-2014	9	0.00011	0.00011	0.5	99252	11	99247	6993131	70.46
2010-2014	10	0.00011	0.00011	0.5	99241	11	99236	6893884	69.47
2010-2014	11	0.00012	0.00012	0.5	99231	12	99225	6794648	68.47
2010-2014	12	0.00013	0.00013	0.5	99219	13	99213	6695423	67.48
2010-2014	13	0.00016	0.00016	0.5	99207	15	99199	6596210	66.49
2010-2014	14	0.00020	0.00020	0.5	99191	19	99181	6497011	65.50
2010-2014	15	0.00025	0.00025	0.5	99172	25	99159	6397829	64.51
2010-2014	16	0.00035	0.00035	0.5	99147	35	99129	6298670	63.53
2010-2014	17	0.00045	0.00045	0.5	99112	44	99090	6199541	62.55
2010-2014	18	0.00060	0.00060	0.5	99068	60	99038	6100451	61.58
2010-2014	19	0.00069	0.00069	0.5	99008	68	98974	6001413	60.62
2010-2014	20	0.00074	0.00074	0.5	98940	74	98903	5902439	59.66
2010-2014	21	0.00083	0.00083	0.5	98866	82	98825	5803536	58.70
2010-2014	22	0.00088	0.00087	0.5	98784	86	98741	5704711	57.75
2010-2014	23	0.00088	0.00088	0.5	98697	87	98654	5605970	56.80
2010-2014	24	0.00091	0.00091	0.5	98610	90	98565	5507316	55.85
2010-2014	25	0.00093	0.00093	0.5	98520	91	98475	5408751	54.90
2010-2014	26	0.00096	0.00096	0.5	98429	95	98382	5310276	53.95
2010-2014	27	0.00096	0.00096	0.5	98335	94	98287	5211895	53.00
2010-2014	28	0.00100	0.00100	0.5	98240	98	98191	5113607	52.05
2010-2014	29	0.00104	0.00103	0.5	98142	102	98091	5015416	51.10
2010-2014	30	0.00106	0.00106	0.5	98041	104	97989	4917324	50.16
2010-2014	31	0.00111	0.00111	0.5	97937	108	97883	4819336	49.21
2010-2014	32	0.00113	0.00113	0.5	97828	110	97773	4721453	48.26
2010-2014	33	0.00118	0.00118	0.5	97718	115	97661	4623680	47.32
2010-2014	34	0.00123	0.00123	0.5	97603	120	97543	4526019	46.37
2010-2014	35	0.00128	0.00128	0.5	97484	125	97421	4428475	45.43
2010-2014	36	0.00134	0.00133	0.5	97359	130	97294	4331054	44.49
2010-2014	37	0.00140	0.00140	0.5	97229	136	97161	4233760	43.54
2010-2014	38	0.00147	0.00147	0.5	97093	143	97022	4136599	42.60
2010-2014	39	0.00158	0.00158	0.5	96951	153	96874	4039577	41.67
2010-2014	40	0.00170	0.00170	0.5	96797	165	96715	3942703	40.73
2010-2014	41	0.00185	0.00185	0.5	96632	178	96543	3845988	39.80
2010-2014	42	0.00200	0.00200	0.5	96454	193	96358	3749444	38.87
2010-2014	43	0.00215	0.00215	0.5	96261	207	96158	3653087	37.95
2010-2014	44	0.00234	0.00234	0.5	96054	225	95942	3556929	37.03
2010-2014	45	0.00256	0.00256	0.5	95829	245	95707	3460987	36.12
2010-2014	46	0.00287	0.00286	0.5	95584	274	95447	3365280	35.21
2010-2014	47	0.00316	0.00316	0.5	95310	301	95160	3269833	34.31
2010-2014	48	0.00345	0.00345	0.5	95009	328	94846	3174673	33.41
2010-2014	49	0.00380	0.00380	0.5	94682	359	94502	3079828	32.53
2010-2014	50	0.00417	0.00416	0.5	94322	392	94126	2985325	31.65
2010-2014	51	0.00455	0.00454	0.5	93930	426	93717	2891199	30.78
2010-2014	52	0.00492	0.00491	0.5	93504	459	93274	2797482	29.92
2010-2014	53	0.00532	0.00531	0.5	93045	494	92798	2704208	29.06
2010-2014	54	0.00573	0.00571	0.5	92551	529	92286	2611411	28.22
2010-2014	55	0.00623	0.00622	0.5	92022	572	91736	2519124	27.38
2010-2014	56	0.00674	0.00672	0.5	91450	614	91143	2427388	26.54
2010-2014	57	0.00721	0.00718	0.5	90836	652	90509	2336246	25.72
2010-2014	58	0.00772	0.00769	0.5	90183	693	89836	2245736	24.90
2010-2014	59	0.00825	0.00822	0.5	89490	735	89122	2155900	24.09
2010-2014	60	0.00885	0.00881	0.5	88754	782	88364	2066778	23.29
2010-2014	61	0.00945	0.00941	0.5	87973	827	87559	1978414	22.49
2010-2014	62	0.01009	0.01004	0.5	87145	875	86708	1890855	21.70
2010-2014	63	0.01110	0.01104	0.5	86270	952	85794	1804148	20.91
2010-2014	64	0.01181	0.01174	0.5	85318	1002	84817	1718354	20.14
2010-2014	65	0.01259	0.01251	0.5	84316	1055	83789	1633537	19.37
2010-2014	66	0.01363	0.01354	0.5	83261	1128	82697	1549748	18.61
2010-2014	67	0.01493	0.01482	0.5	82134	1217	81525	1467051	17.86
2010-2014	68	0.01615	0.01602	0.5	80916	1296	80268	1385526	17.12
2010-2014	69	0.01770	0.01755	0.5	79620	1397	78922	1305257	16.39
2010-2014	70	0.01936	0.01918	0.5	78223	1500	77473	1226336	15.68
2010-2014	71	0.02104	0.02082	0.5	76723	1597	75925	1148862	14.97
2010-2014	72	0.02285	0.02259	0.5	75126	1697	74277	1072938	14.28
2010-2014	73	0.02486	0.02456	0.5	73429	1803	72527	998660	13.60
2010-2014	74	0.02724	0.02687	0.5	71626	1925	70663	926133	12.93
2010-2014	75	0.03011	0.02966	0.5	69701	2068	68667	855470	12.27
2010-2014	76	0.03308	0.03254	0.5	67633	2201	66533	786802	11.63
2010-2014	77	0.03640	0.03575	0.5	65433	2339	64263	720270	11.01
2010-2014	78	0.04013	0.03934	0.5	63093	2482	61852	656007	10.40
2010-2014	79	0.04415	0.04319	0.5	60611	2618	59302	594154	9.80
2010-2014	80	0.04847	0.04732	0.5	57993	2744	56621	534852	9.22
2010-2014	81	0.05431	0.05288	0.5	55249	2921	53788	478231	8.66
2010-2014	82	0.06086	0.05906	0.5	52327	3091	50782	424444	8.11
2010-2014	83	0.06781	0.06559	0.5	49237	3229	47622	373662	7.59
2010-2014	84	0.07635	0.07354	0.5	46007	3383	44316	326040	7.09
2010-2014	85	0.08548	0.08197	0.5	42624	3494	40877	281724	6.61
2010-2014	86	0.09553	0.09117	0.5	39130	3568	37346	240847	6.16
2010-2014	87	0.10755	0.10206	0.5	35562	3630	33748	203501	5.72
2010-2014	88	0.12051	0.11366	0.5	31933	3629	30118	169753	5.32
2010-2014	89	0.13512	0.12657	0.5	28303	3582	26512	139635	4.93
2010-2014	90	0.15288	0.14202	0.5	24721	3511	22966	113123	4.58
2010-2014	91	0.16947	0.15623	0.5	21210	3314	19553	90157	4.25
2010-2014	92	0.18965	0.17323	0.5	17896	3100	16346	70604	3.95
2010-2014	93	0.21032	0.19031	0.5	14796	2816	13388	54258	3.67
2010-2014	94	0.23420	0.20965	0.5	11980	2512	10725	40869	3.41
2010-2014	95	0.25328	0.22481	0.5	9469	2129	8404	30145	3.18
2010-2014	96	0.27873	0.24464	0.5	7340	1796	6442	21740	2.96
2010-2014	97	0.30571	0.26518	0.5	5544	1470	4809	15298	2.76
2010-2014	98	0.33412	0.28629	0.5	4074	1166	3491	10489	2.57
2010-2014	99	0.36382	0.30782	0.5	2908	895	2460	6998	2.41
2010-2014	100	0.39462	0.32959	0.5	2013	663	1681	4538	2.25
2010-2014	101	0.42631	0.35140	0.5	1349	474	1112	2857	2.12
2010-2014	102	0.45865	0.37309	0.5	875	327	712	1745	1.99
2010-2014	103	0.49137	0.39446	0.5	549	216	440	1033	1.88
2010-2014	104	0.52421	0.41535	0.5	332	138	263	592	1.78
2010-2014	105	0.55687	0.43559	0.5	194	85	152	329	1.69
2010-2014	106	0.58908	0.45505	0.5	110	50	85	177	1.62
2010-2014	107	0.62057	0.47362	0.5	60	28	46	92	1.55
2010-2014	108	0.65111	0.49120	0.5	31	15	24	47	1.49
2010-2014	109	0.68048	0.50773	0.5	16	8	12	23	1.44
2010-2014	110+	0.70852	1.00000	1.41	8	8	11	11	1.41
2015-2019	0	0.00573	0.00570	0.06	100000	570	99466	7891720	78.92
2015-2019	1	0.00039	0.00039	0.5	99430	38	99410	7792253	78.37
2015-2019	2	0.00025	0.00025	0.5	99391	25	99379	7692843	77.40
2015-2019	3	0.00019	0.00019	0.5	99366	19	99357	7593464	76.42
2015-2019	4	0.00015	0.00015	0.5	99347	15	99340	7494107	75.43
2015-2019	5	0.00013	0.00013	0.5	99333	13	99326	7394767	74.44
2015-2019	6	0.00012	0.00012	0.5	99319	12	99313	7295441	73.45
2015-2019	7	0.00011	0.00011	0.5	99308	11	99302	7196128	72.46
2015-2019	8	0.00011	0.00011	0.5	99296	11	99291	7096826	71.47
2015-2019	9	0.00011	0.00011	0.5	99285	11	99280	6997535	70.48
2015-2019	10	0.00011	0.00011	0.5	99274	11	99269	6898255	69.49
2015-2019	11	0.00012	0.00012	0.5	99263	12	99257	6798987	68.49
2015-2019	12	0.00014	0.00014	0.5	99251	14	99244	6699729	67.50
2015-2019	13	0.00016	0.00016	0.5	99237	16	99229	6600485	66.51
2015-2019	14	0.00021	0.00021	0.5	99221	21	99211	6501256	65.52
2015-2019	15	0.00028	0.00028	0.5	99200	28	99186	6402045	64.54
2015-2019	16	0.00037	0.00037	0.5	99173	36	99154	6302859	63.55
2015-2019	17	0.00047	0.00047	0.5	99136	47	99113	6203705	62.58
2015-2019	18	0.00064	0.00064	0.5	99089	63	99058	6104592	61.61
2015-2019	19	0.00073	0.00073	0.5	99026	72	98990	6005534	60.65
2015-2019	20	0.00079	0.00079	0.5	98954	78	98915	5906544	59.69
2015-2019	21	0.00090	0.00090	0.5	98876	89	98831	5807629	58.74
2015-2019	22	0.00093	0.00093	0.5	98787	92	98741	5708798	57.79
2015-2019	23	0.00098	0.00098	0.5	98695	97	98647	5610057	56.84
2015-2019	24	0.00102	0.00102	0.5	98598	101	98548	5511410	55.90
2015-2019	25	0.00107	0.00107	0.5	98498	105	98445	5412862	54.95
2015-2019	26	0.00110	0.00110	0.5	98392	108	98338	5314418	54.01
2015-2019	27	0.00116	0.00116	0.5	98284	114	98227	5216079	53.07
2015-2019	28	0.00121	0.00121	0.5	98170	119	98110	5117852	52.13
2015-2019	29	0.00124	0.00124	0.5	98051	122	97990	5019742	51.20
2015-2019	30	0.00129	0.00129	0.5	97930	127	97866	4921752	50.26
2015-2019	31	0.00133	0.00133	0.5	97803	130	97738	4823885	49.32
2015-2019	32	0.00140	0.00140	0.5	97673	137	97604	4726148	48.39
2015-2019	33	0.00145	0.00145	0.5	97536	142	97465	4628543	47.45
2015-2019	34	0.00151	0.00150	0.5	97394	147	97321	4531078	46.52
2015-2019	35	0.00157	0.00157	0.5	97248	152	97172	4433757	45.59
2015-2019	36	0.00163	0.00163	0.5	97096	158	97017	4336585	44.66
2015-2019	37	0.00170	0.00170	0.5	96937	165	96855	4239569	43.74
2015-2019	38	0.00178	0.00178	0.5	96773	172	96687	4142713	42.81
2015-2019	39	0.00186	0.00186	0.5	96601	180	96511	4046026	41.88
2015-2019	40	0.00194	0.00194	0.5	96421	187	96328	3949515	40.96
2015-2019	41	0.00202	0.00202	0.5	96235	194	96138	3853187	40.04
2015-2019	42	0.00213	0.00213	0.5	96040	204	95938	3757050	39.12
2015-2019	43	0.00227	0.00227	0.5	95836	217	95727	3661112	38.20
2015-2019	44	0.00244	0.00244	0.5	95619	233	95502	3565384	37.29
2015-2019	45	0.00265	0.00264	0.5	95386	252	95260	3469882	36.38
2015-2019	46	0.00289	0.00288	0.5	95134	274	94997	3374622	35.47
2015-2019	47	0.00309	0.00308	0.5	94860	292	94713	3279625	34.57
2015-2019	48	0.00336	0.00335	0.5	94567	317	94409	3184912	33.68
2015-2019	49	0.00367	0.00366	0.5	94250	345	94077	3090503	32.79
2015-2019	50	0.00401	0.00401	0.5	93905	376	93717	2996426	31.91
2015-2019	51	0.00441	0.00440	0.5	93529	411	93323	2902709	31.04
2015-2019	52	0.00482	0.00480	0.5	93117	447	92894	2809386	30.17
2015-2019	53	0.00525	0.00523	0.5	92670	485	92427	2716492	29.31
2015-2019	54	0.00576	0.00575	0.5	92185	530	91920	2624065	28.47
2015-2019	55	0.00627	0.00625	0.5	91655	573	91369	2532145	27.63
2015-2019	56	0.00677	0.00674	0.5	91082	614	90775	2440776	26.80
2015-2019	57	0.00737	0.00734	0.5	90468	664	90136	2350001	25.98
2015-2019	58	0.00789	0.00786	0.5	89804	706	89451	2259865	25.16
2015-2019	59	0.00850	0.00847	0.5	89098	755	88720	2170414	24.36
2015-2019	60	0.00911	0.00907	0.5	88343	801	87943	2081694	23.56
2015-2019	61	0.00981	0.00976	0.5	87542	855	87115	1993751	22.77
2015-2019	62	0.01053	0.01047	0.5	86687	908	86233	1906636	21.99
2015-2019	63	0.01131	0.01125	0.5	85779	965	85297	1820403	21.22
2015-2019	64	0.01203	0.01195	0.5	84814	1014	84307	1735106	20.46
2015-2019	65	0.01281	0.01273	0.5	83801	1067	83267	1650798	19.70
2015-2019	66	0.01364	0.01355	0.5	82734	1121	82174	1567531	18.95
2015-2019	67	0.01459	0.01448	0.5	81613	1182	81022	1485358	18.20
2015-2019	68	0.01582	0.01569	0.5	80431	1262	79800	1404336	17.46
2015-2019	69	0.01703	0.01688	0.5	79169	1336	78500	1324536	16.73
2015-2019	70	0.01850	0.01834	0.5	77832	1427	77119	1246035	16.01
2015-2019	71	0.02023	0.02003	0.5	76405	1531	75640	1168917	15.30
2015-2019	72	0.02233	0.02208	0.5	74875	1653	74048	1093277	14.60
2015-2019	73	0.02411	0.02382	0.5	73221	1744	72349	1019229	13.92
2015-2019	74	0.02666	0.02631	0.5	71477	1881	70537	946880	13.25
2015-2019	75	0.02932	0.02889	0.5	69597	2011	68591	876343	12.59
2015-2019	76	0.03200	0.03150	0.5	67586	2129	66521	807752	11.95
2015-2019	77	0.03506	0.03446	0.5	65457	2256	64329	741231	11.32
2015-2019	78	0.03843	0.03771	0.5	63201	2383	62010	676902	10.71
2015-2019	79	0.04269	0.04180	0.5	60818	2542	59547	614892	10.11
2015-2019	80	0.04730	0.04621	0.5	58276	2693	56930	555345	9.53
2015-2019	81	0.05188	0.05057	0.5	55583	2811	54178	498415	8.97
2015-2019	82	0.05752	0.05592	0.5	52772	2951	51297	444238	8.42
2015-2019	83	0.06366	0.06170	0.5	49821	3074	48285	392941	7.89
2015-2019	84	0.07072	0.06830	0.5	46748	3193	45151	344656	7.37
2015-2019	85	0.07887	0.07588	0.5	43555	3305	41902	299505	6.88
2015-2019	86	0.08890	0.08512	0.5	40250	3426	38537	257603	6.40
2015-2019	87	0.10044	0.09563	0.5	36824	3522	35063	219066	5.95
2015-2019	88	0.11304	0.10700	0.5	33302	3563	31521	184003	5.53
2015-2019	89	0.12718	0.11958	0.5	29739	3556	27961	152482	5.13
2015-2019	90	0.14339	0.13380	0.5	26183	3503	24431	124521	4.76
2015-2019	91	0.16075	0.14879	0.5	22680	3374	20992	100090	4.41
2015-2019	92	0.17973	0.16491	0.5	19305	3184	17713	79098	4.10
2015-2019	93	0.20036	0.18212	0.5	16121	2936	14653	61384	3.81
2015-2019	94	0.22246	0.20019	0.5	13185	2640	11866	46731	3.54
2015-2019	95	0.24077	0.21490	0.5	10546	2266	9413	34865	3.31
2015-2019	96	0.26539	0.23430	0.5	8280	1940	7310	25453	3.07
2015-2019	97	0.29158	0.25448	0.5	6340	1613	5533	18143	2.86
2015-2019	98	0.31926	0.27531	0.5	4726	1301	4076	12610	2.67
2015-2019	99	0.34830	0.29664	0.5	3425	1016	2917	8534	2.49
2015-2019	100	0.37855	0.31830	0.5	2409	767	2026	5617	2.33
2015-2019	101	0.40980	0.34011	0.5	1642	559	1363	3591	2.19
2015-2019	102	0.44183	0.36189	0.5	1084	392	888	2228	2.06
2015-2019	103	0.47439	0.38344	0.5	692	265	559	1341	1.94
2015-2019	104	0.50720	0.40459	0.5	426	173	340	782	1.83
2015-2019	105	0.53998	0.42518	0.5	254	108	200	442	1.74
2015-2019	106	0.57245	0.44506	0.5	146	65	113	242	1.66
2015-2019	107	0.60433	0.46410	0.5	81	38	62	128	1.58
2015-2019	108	0.63539	0.48220	0.5	43	21	33	66	1.52
2015-2019	109	0.66538	0.49928	0.5	22	11	17	33	1.47
2015-2019	110+	0.69412	1.00000	1.44	11	11	16	16	1.44
