USA: United States of America, Lifetables (period 5x10), Males Last modified: 20 Dec 2020, MPv5 (May07) 

Year     	Age	mx	qx	ax	lx	dx	Lx	Tx	ex
1960-1969	0	0.02760	0.02694	0.12	100000	2694	97627	6677841	66.78
1960-1969	1-4	0.00106	0.00421	1.63	97306	410	388251	6580214	67.62
1960-1969	5-9	0.00052	0.00257	2.33	96896	249	483815	6191963	63.90
1960-1969	10-14	0.00053	0.00263	2.75	96646	254	482661	5708149	59.06
1960-1969	15-19	0.00142	0.00710	2.86	96392	685	480494	5225488	54.21
1960-1969	20-24	0.00190	0.00947	2.48	95708	907	476257	4744994	49.58
1960-1969	25-29	0.00185	0.00920	2.51	94801	873	471830	4268737	45.03
1960-1969	30-34	0.00213	0.01058	2.59	93928	994	467251	3796907	40.42
1960-1969	35-39	0.00301	0.01494	2.66	92935	1389	461424	3329655	35.83
1960-1969	40-44	0.00470	0.02325	2.67	91546	2129	452779	2868231	31.33
1960-1969	45-49	0.00751	0.03692	2.67	89418	3301	439407	2415452	27.01
1960-1969	50-54	0.01222	0.05939	2.66	86117	5114	418606	1976045	22.95
1960-1969	55-59	0.01874	0.08970	2.63	81002	7266	387801	1557439	19.23
1960-1969	60-64	0.02815	0.13185	2.6	73736	9722	345384	1169637	15.86
1960-1969	65-69	0.04158	0.18869	2.55	64014	12079	290518	824253	12.88
1960-1969	70-74	0.06015	0.26185	2.53	51935	13599	226102	533735	10.28
1960-1969	75-79	0.08605	0.35318	2.46	38336	13540	157338	307633	8.02
1960-1969	80-84	0.12981	0.48574	2.41	24796	12045	92786	150294	6.06
1960-1969	85-89	0.19385	0.63280	2.26	12752	8069	41627	57509	4.51
1960-1969	90-94	0.27490	0.76210	2.08	4682	3568	12981	15881	3.39
1960-1969	95-99	0.37104	0.85929	1.88	1114	957	2580	2901	2.60
1960-1969	100-104	0.48142	0.92347	1.66	157	145	301	321	2.05
1960-1969	105-109	0.59414	0.95910	1.47	12	12	19	20	1.67
1960-1969	110+	0.68303	1.00000	1.46	0	0	1	1	1.46
1970-1979	0	0.01887	0.01855	0.1	100000	1855	98322	6844385	68.44
1970-1979	1-4	0.00082	0.00328	1.69	98145	322	391834	6746063	68.74
1970-1979	5-9	0.00044	0.00219	2.34	97823	214	488546	6354228	64.96
1970-1979	10-14	0.00046	0.00232	2.8	97609	227	487546	5865682	60.09
1970-1979	15-19	0.00150	0.00748	2.9	97382	729	485378	5378136	55.23
1970-1979	20-24	0.00208	0.01034	2.49	96654	999	480762	4892758	50.62
1970-1979	25-29	0.00194	0.00964	2.48	95655	922	475948	4411996	46.12
1970-1979	30-34	0.00206	0.01025	2.57	94732	971	471300	3936048	41.55
1970-1979	35-39	0.00280	0.01389	2.65	93762	1303	465740	3464748	36.95
1970-1979	40-44	0.00426	0.02110	2.68	92459	1951	457759	2999008	32.44
1970-1979	45-49	0.00684	0.03368	2.67	90508	3048	445426	2541249	28.08
1970-1979	50-54	0.01067	0.05202	2.65	87460	4550	426613	2095822	23.96
1970-1979	55-59	0.01650	0.07940	2.64	82910	6583	399018	1669209	20.13
1970-1979	60-64	0.02542	0.11987	2.62	76327	9149	359857	1270191	16.64
1970-1979	65-69	0.03740	0.17143	2.57	67178	11517	307949	910333	13.55
1970-1979	70-74	0.05488	0.24181	2.54	55661	13459	245256	602384	10.82
1970-1979	75-79	0.08090	0.33620	2.49	42202	14188	175384	357129	8.46
1970-1979	80-84	0.11912	0.45565	2.42	28014	12765	107158	181745	6.49
1970-1979	85-89	0.17489	0.59368	2.3	15249	9053	51764	74587	4.89
1970-1979	90-94	0.24992	0.72824	2.14	6196	4512	18055	22823	3.68
1970-1979	95-99	0.33823	0.83115	1.94	1684	1399	4138	4768	2.83
1970-1979	100-104	0.44212	0.90453	1.73	284	257	582	631	2.22
1970-1979	105-109	0.55162	0.94794	1.54	27	26	47	49	1.80
1970-1979	110+	0.63986	1.00000	1.56	1	1	2	2	1.56
1980-1989	0	0.01231	0.01217	0.08	100000	1217	98878	7096981	70.97
1980-1989	1-4	0.00061	0.00243	1.65	98783	240	394567	6998103	70.84
1980-1989	5-9	0.00030	0.00152	2.4	98543	149	492324	6603536	67.01
1980-1989	10-14	0.00035	0.00176	2.82	98393	173	491587	6111212	62.11
1980-1989	15-19	0.00121	0.00604	2.91	98220	593	489857	5619625	57.21
1980-1989	20-24	0.00172	0.00857	2.52	97626	837	486054	5129768	52.54
1980-1989	25-29	0.00178	0.00887	2.52	96790	858	481820	4643714	47.98
1980-1989	30-34	0.00202	0.01004	2.55	95931	963	477297	4161895	43.38
1980-1989	35-39	0.00248	0.01232	2.59	94968	1170	472024	3684598	38.80
1980-1989	40-44	0.00340	0.01684	2.64	93798	1580	465262	3212573	34.25
1980-1989	45-49	0.00526	0.02599	2.67	92218	2397	455501	2747311	29.79
1980-1989	50-54	0.00851	0.04172	2.67	89821	3748	440363	2291810	25.52
1980-1989	55-59	0.01352	0.06552	2.65	86073	5639	417109	1851447	21.51
1980-1989	60-64	0.02086	0.09934	2.62	80434	7991	383148	1434338	17.83
1980-1989	65-69	0.03138	0.14594	2.6	72443	10573	336875	1051190	14.51
1980-1989	70-74	0.04800	0.21495	2.57	61871	13299	277052	714315	11.55
1980-1989	75-79	0.07125	0.30268	2.52	48572	14702	206353	437263	9.00
1980-1989	80-84	0.11002	0.42933	2.44	33870	14541	132171	230910	6.82
1980-1989	85-89	0.16411	0.57029	2.33	19328	11023	67169	98739	5.11
1980-1989	90-94	0.23955	0.71355	2.17	8305	5926	24740	31570	3.80
1980-1989	95-99	0.33253	0.82647	1.96	2379	1966	5913	6830	2.87
1980-1989	100-104	0.44113	0.90452	1.74	413	373	847	917	2.22
1980-1989	105-109	0.55599	0.94952	1.53	39	37	67	70	1.79
1980-1989	110+	0.64843	1.00000	1.54	2	2	3	3	1.54
1990-1999	0	0.00912	0.00904	0.07	100000	904	99158	7277775	72.78
1990-1999	1-4	0.00045	0.00180	1.64	99096	178	395962	7178616	72.44
1990-1999	5-9	0.00022	0.00110	2.38	98917	109	494301	6782655	68.57
1990-1999	10-14	0.00029	0.00147	2.92	98808	145	493740	6288354	63.64
1990-1999	15-19	0.00114	0.00569	2.9	98663	562	492135	5794614	58.73
1990-1999	20-24	0.00154	0.00766	2.48	98102	752	488617	5302479	54.05
1990-1999	25-29	0.00160	0.00797	2.56	97350	776	484860	4813862	49.45
1990-1999	30-34	0.00203	0.01008	2.6	96574	973	480530	4329002	44.83
1990-1999	35-39	0.00260	0.01290	2.6	95601	1233	475041	3848472	40.26
1990-1999	40-44	0.00345	0.01709	2.61	94367	1613	467981	3373431	35.75
1990-1999	45-49	0.00475	0.02350	2.63	92754	2180	458598	2905450	31.32
1990-1999	50-54	0.00698	0.03435	2.66	90575	3112	445591	2446852	27.01
1990-1999	55-59	0.01100	0.05360	2.66	87463	4688	426345	2001261	22.88
1990-1999	60-64	0.01743	0.08371	2.64	82775	6929	397510	1574916	19.03
1990-1999	65-69	0.02654	0.12479	2.62	75845	9465	356678	1177406	15.52
1990-1999	70-74	0.04037	0.18389	2.58	66381	12207	302393	820727	12.36
1990-1999	75-79	0.06124	0.26628	2.55	54174	14426	235572	518334	9.57
1990-1999	80-84	0.10057	0.40126	2.48	39749	15949	158589	282762	7.11
1990-1999	85-89	0.15698	0.55468	2.36	23799	13201	84094	124173	5.22
1990-1999	90-94	0.23918	0.71445	2.18	10598	7572	31658	40079	3.78
1990-1999	95-99	0.34334	0.83788	1.95	3026	2536	7385	8421	2.78
1990-1999	100-104	0.46517	0.91749	1.7	491	450	968	1036	2.11
1990-1999	105-109	0.59191	0.95929	1.48	40	39	66	68	1.68
1990-1999	110+	0.69179	1.00000	1.45	2	2	2	2	1.45
2000-2009	0	0.00768	0.00763	0.07	100000	763	99287	7497113	74.97
2000-2009	1-4	0.00034	0.00134	1.62	99237	133	396632	7397826	74.55
2000-2009	5-9	0.00016	0.00079	2.4	99104	78	495318	7001194	70.64
2000-2009	10-14	0.00021	0.00105	2.85	99026	104	494908	6505877	65.70
2000-2009	15-19	0.00087	0.00434	3.01	98922	429	493758	6010969	60.76
2000-2009	20-24	0.00141	0.00704	2.52	98493	694	490746	5517211	56.02
2000-2009	25-29	0.00140	0.00699	2.5	97800	684	487290	5026466	51.40
2000-2009	30-34	0.00151	0.00752	2.56	97116	730	483801	4539175	46.74
2000-2009	35-39	0.00197	0.00981	2.63	96386	945	479692	4055374	42.07
2000-2009	40-44	0.00292	0.01451	2.66	95441	1385	473965	3575682	37.46
2000-2009	45-49	0.00442	0.02188	2.65	94056	2058	465453	3101717	32.98
2000-2009	50-54	0.00651	0.03207	2.63	91998	2951	452999	2636264	28.66
2000-2009	55-59	0.00936	0.04579	2.63	89047	4078	435572	2183266	24.52
2000-2009	60-64	0.01398	0.06768	2.64	84970	5750	411268	1747694	20.57
2000-2009	65-69	0.02098	0.09991	2.62	79219	7915	377277	1336426	16.87
2000-2009	70-74	0.03240	0.15036	2.61	71305	10721	330928	959149	13.45
2000-2009	75-79	0.05104	0.22715	2.58	60583	13761	269632	628221	10.37
2000-2009	80-84	0.08579	0.35401	2.53	46822	16576	193204	358589	7.66
2000-2009	85-89	0.14324	0.52291	2.42	30246	15816	110414	165385	5.47
2000-2009	90-94	0.23491	0.71030	2.22	14430	10250	43634	54971	3.81
2000-2009	95-99	0.35213	0.84761	1.94	4180	3543	10063	11337	2.71
2000-2009	100-104	0.49215	0.93038	1.66	637	593	1204	1274	2.00
2000-2009	105-109	0.63456	0.96861	1.41	44	43	68	70	1.57
2000-2009	110+	0.74267	1.00000	1.35	1	1	2	2	1.35
2010-2019	0	0.00640	0.00636	0.06	100000	636	99403	7641450	76.41
2010-2019	1-4	0.00028	0.00112	1.62	99364	111	397190	7542047	75.90
2010-2019	5-9	0.00013	0.00064	2.42	99252	64	496097	7144858	71.99
2010-2019	10-14	0.00017	0.00085	2.86	99189	84	495763	6648760	67.03
2010-2019	15-19	0.00067	0.00336	3.03	99105	333	494866	6152998	62.09
2010-2019	20-24	0.00129	0.00643	2.6	98772	635	492335	5658131	57.29
2010-2019	25-29	0.00151	0.00752	2.55	98137	738	488874	5165797	52.64
2010-2019	30-34	0.00171	0.00850	2.56	97399	828	484970	4676923	48.02
2010-2019	35-39	0.00201	0.01001	2.57	96571	967	480509	4191953	43.41
2010-2019	40-44	0.00259	0.01286	2.62	95604	1229	475093	3711445	38.82
2010-2019	45-49	0.00388	0.01920	2.67	94375	1812	467654	3236351	34.29
2010-2019	50-54	0.00607	0.02993	2.66	92563	2770	456339	2768697	29.91
2010-2019	55-59	0.00920	0.04501	2.63	89793	4041	439397	2312359	25.75
2010-2019	60-64	0.01315	0.06373	2.61	85751	5465	415710	1872962	21.84
2010-2019	65-69	0.01837	0.08797	2.61	80287	7063	384537	1457252	18.15
2010-2019	70-74	0.02735	0.12839	2.62	73224	9401	343709	1072715	14.65
2010-2019	75-79	0.04286	0.19428	2.6	63823	12399	289331	729006	11.42
2010-2019	80-84	0.06976	0.29824	2.57	51424	15336	219845	439675	8.55
2010-2019	85-89	0.12000	0.46104	2.49	36087	16638	138643	219829	6.09
2010-2019	90-94	0.20770	0.66446	2.29	19449	12923	62220	81186	4.17
2010-2019	95-99	0.32451	0.82331	2.01	6526	5373	16557	18966	2.91
2010-2019	100-104	0.46937	0.92161	1.71	1153	1063	2264	2409	2.09
2010-2019	105-109	0.62074	0.96644	1.44	90	87	141	145	1.60
2010-2019	110+	0.73670	1.00000	1.36	3	3	4	4	1.36
