USA: United States of America, Lifetables (period 1x5), Males Last modified: 20 Dec 2020, MPv5 (May07) 

Year     	Age	mx	qx	ax	lx	dx	Lx	Tx	ex
1960-1964	0	0.02909	0.02837	0.12	100000	2837	97512	6682141	66.82
1960-1964	1	0.00174	0.00174	0.5	97163	169	97079	6584629	67.77
1960-1964	2	0.00110	0.00110	0.5	96994	107	96941	6487550	66.89
1960-1964	3	0.00085	0.00085	0.5	96887	82	96846	6390609	65.96
1960-1964	4	0.00070	0.00070	0.5	96805	68	96771	6293763	65.01
1960-1964	5	0.00061	0.00061	0.5	96737	59	96708	6196992	64.06
1960-1964	6	0.00058	0.00057	0.5	96678	56	96651	6100284	63.10
1960-1964	7	0.00051	0.00051	0.5	96623	50	96598	6003633	62.13
1960-1964	8	0.00047	0.00047	0.5	96573	46	96550	5907035	61.17
1960-1964	9	0.00045	0.00044	0.5	96528	43	96506	5810485	60.20
1960-1964	10	0.00044	0.00044	0.5	96485	43	96463	5713979	59.22
1960-1964	11	0.00046	0.00046	0.5	96442	45	96420	5617515	58.25
1960-1964	12	0.00049	0.00049	0.5	96397	47	96374	5521096	57.27
1960-1964	13	0.00059	0.00059	0.5	96350	56	96322	5424722	56.30
1960-1964	14	0.00069	0.00069	0.5	96293	67	96260	5328400	55.33
1960-1964	15	0.00084	0.00084	0.5	96227	81	96187	5232140	54.37
1960-1964	16	0.00109	0.00109	0.5	96146	104	96094	5135953	53.42
1960-1964	17	0.00131	0.00131	0.5	96042	126	95979	5039859	52.48
1960-1964	18	0.00152	0.00152	0.5	95916	145	95843	4943880	51.54
1960-1964	19	0.00167	0.00166	0.5	95771	159	95691	4848037	50.62
1960-1964	20	0.00173	0.00173	0.5	95611	165	95528	4752346	49.70
1960-1964	21	0.00185	0.00185	0.5	95446	176	95358	4656818	48.79
1960-1964	22	0.00181	0.00181	0.5	95269	173	95183	4561460	47.88
1960-1964	23	0.00180	0.00180	0.5	95097	171	95011	4466277	46.97
1960-1964	24	0.00173	0.00173	0.5	94925	164	94843	4371266	46.05
1960-1964	25	0.00175	0.00175	0.5	94761	166	94679	4276423	45.13
1960-1964	26	0.00172	0.00172	0.5	94596	163	94515	4181744	44.21
1960-1964	27	0.00172	0.00171	0.5	94433	162	94352	4087230	43.28
1960-1964	28	0.00176	0.00176	0.5	94271	166	94188	3992878	42.36
1960-1964	29	0.00177	0.00177	0.5	94106	167	94022	3898689	41.43
1960-1964	30	0.00186	0.00186	0.5	93939	175	93852	3804667	40.50
1960-1964	31	0.00188	0.00188	0.5	93764	177	93676	3710815	39.58
1960-1964	32	0.00201	0.00201	0.5	93588	188	93494	3617139	38.65
1960-1964	33	0.00215	0.00215	0.5	93400	201	93299	3523645	37.73
1960-1964	34	0.00230	0.00229	0.5	93199	214	93092	3430346	36.81
1960-1964	35	0.00246	0.00245	0.5	92985	228	92871	3337254	35.89
1960-1964	36	0.00265	0.00265	0.5	92757	246	92634	3244383	34.98
1960-1964	37	0.00291	0.00290	0.5	92511	268	92377	3151749	34.07
1960-1964	38	0.00318	0.00318	0.5	92243	293	92096	3059372	33.17
1960-1964	39	0.00347	0.00347	0.5	91950	319	91790	2967276	32.27
1960-1964	40	0.00381	0.00380	0.5	91631	348	91457	2875485	31.38
1960-1964	41	0.00404	0.00403	0.5	91283	368	91099	2784028	30.50
1960-1964	42	0.00461	0.00460	0.5	90915	418	90706	2692930	29.62
1960-1964	43	0.00496	0.00495	0.5	90497	448	90273	2602224	28.75
1960-1964	44	0.00556	0.00554	0.5	90049	499	89799	2511951	27.90
1960-1964	45	0.00611	0.00609	0.5	89550	545	89277	2422152	27.05
1960-1964	46	0.00667	0.00665	0.5	89004	592	88708	2332875	26.21
1960-1964	47	0.00750	0.00747	0.5	88412	660	88082	2244167	25.38
1960-1964	48	0.00821	0.00818	0.5	87752	718	87393	2156084	24.57
1960-1964	49	0.00904	0.00900	0.5	87034	783	86643	2068691	23.77
1960-1964	50	0.01020	0.01015	0.5	86251	875	85814	1982048	22.98
1960-1964	51	0.01100	0.01094	0.5	85376	934	84909	1896235	22.21
1960-1964	52	0.01238	0.01230	0.5	84442	1039	83923	1811325	21.45
1960-1964	53	0.01335	0.01326	0.5	83404	1106	82851	1727403	20.71
1960-1964	54	0.01457	0.01447	0.5	82298	1190	81702	1644552	19.98
1960-1964	55	0.01577	0.01565	0.5	81107	1269	80473	1562849	19.27
1960-1964	56	0.01708	0.01694	0.5	79838	1352	79162	1482377	18.57
1960-1964	57	0.01861	0.01844	0.5	78486	1447	77762	1403215	17.88
1960-1964	58	0.02015	0.01995	0.5	77039	1537	76270	1325452	17.21
1960-1964	59	0.02191	0.02167	0.5	75502	1636	74684	1249182	16.54
1960-1964	60	0.02374	0.02347	0.5	73866	1733	72999	1174498	15.90
1960-1964	61	0.02506	0.02475	0.5	72133	1785	71240	1101498	15.27
1960-1964	62	0.02838	0.02799	0.5	70347	1969	69363	1030258	14.65
1960-1964	63	0.03013	0.02968	0.5	68379	2029	67364	960895	14.05
1960-1964	64	0.03282	0.03229	0.5	66349	2143	65278	893531	13.47
1960-1964	65	0.03702	0.03635	0.5	64206	2334	63040	828253	12.90
1960-1964	66	0.03812	0.03741	0.5	61873	2315	60715	765214	12.37
1960-1964	67	0.04206	0.04120	0.5	59558	2454	58331	704498	11.83
1960-1964	68	0.04455	0.04358	0.5	57105	2489	55860	646167	11.32
1960-1964	69	0.04722	0.04613	0.5	54616	2519	53356	590307	10.81
1960-1964	70	0.05225	0.05092	0.5	52096	2653	50770	536951	10.31
1960-1964	71	0.05404	0.05262	0.5	49444	2602	48143	486181	9.83
1960-1964	72	0.06134	0.05952	0.5	46842	2788	45448	438038	9.35
1960-1964	73	0.06426	0.06226	0.5	44054	2743	42683	392590	8.91
1960-1964	74	0.06937	0.06704	0.5	41311	2770	39926	349908	8.47
1960-1964	75	0.07529	0.07255	0.5	38541	2796	37143	309981	8.04
1960-1964	76	0.07899	0.07598	0.5	35745	2716	34387	272838	7.63
1960-1964	77	0.08367	0.08031	0.5	33029	2652	31703	238451	7.22
1960-1964	78	0.09175	0.08773	0.5	30377	2665	29044	206748	6.81
1960-1964	79	0.09898	0.09431	0.5	27712	2613	26405	177704	6.41
1960-1964	80	0.11349	0.10739	0.5	25098	2695	23750	151299	6.03
1960-1964	81	0.11796	0.11139	0.5	22403	2495	21155	127549	5.69
1960-1964	82	0.13305	0.12475	0.5	19907	2484	18666	106394	5.34
1960-1964	83	0.14521	0.13538	0.5	17424	2359	16244	87728	5.03
1960-1964	84	0.15902	0.14731	0.5	15065	2219	13955	71484	4.75
1960-1964	85	0.17210	0.15846	0.5	12846	2036	11828	57528	4.48
1960-1964	86	0.18532	0.16960	0.5	10810	1833	9893	45700	4.23
1960-1964	87	0.20262	0.18398	0.5	8977	1652	8151	35807	3.99
1960-1964	88	0.21579	0.19478	0.5	7325	1427	6612	27656	3.78
1960-1964	89	0.23467	0.21003	0.5	5898	1239	5279	21044	3.57
1960-1964	90	0.25344	0.22494	0.5	4660	1048	4136	15765	3.38
1960-1964	91	0.25815	0.22864	0.5	3612	826	3199	11629	3.22
1960-1964	92	0.28364	0.24841	0.5	2786	692	2440	8431	3.03
1960-1964	93	0.30801	0.26690	0.5	2094	559	1814	5991	2.86
1960-1964	94	0.32416	0.27895	0.5	1535	428	1321	4177	2.72
1960-1964	95	0.34645	0.29530	0.5	1107	327	943	2856	2.58
1960-1964	96	0.36829	0.31102	0.5	780	243	659	1912	2.45
1960-1964	97	0.39069	0.32684	0.5	537	176	450	1254	2.33
1960-1964	98	0.41356	0.34269	0.5	362	124	300	804	2.22
1960-1964	99	0.43680	0.35850	0.5	238	85	195	504	2.12
1960-1964	100	0.46033	0.37420	0.5	153	57	124	309	2.03
1960-1964	101	0.48404	0.38972	0.5	95	37	77	185	1.94
1960-1964	102	0.50781	0.40499	0.5	58	24	46	108	1.86
1960-1964	103	0.53156	0.41994	0.5	35	15	27	62	1.79
1960-1964	104	0.55516	0.43454	0.5	20	9	16	35	1.72
1960-1964	105	0.57851	0.44872	0.5	11	5	9	19	1.66
1960-1964	106	0.60152	0.46244	0.5	6	3	5	10	1.60
1960-1964	107	0.62409	0.47566	0.5	3	2	3	5	1.55
1960-1964	108	0.64613	0.48836	0.5	2	1	1	3	1.51
1960-1964	109	0.66757	0.50051	0.5	1	0	1	1	1.48
1960-1964	110+	0.68834	1.00000	1.45	0	0	1	1	1.45
1965-1969	0	0.02588	0.02530	0.11	100000	2530	97760	6676474	66.76
1965-1969	1	0.00155	0.00155	0.5	97470	151	97395	6578714	67.49
1965-1969	2	0.00101	0.00101	0.5	97319	98	97270	6481320	66.60
1965-1969	3	0.00079	0.00079	0.5	97221	77	97182	6384050	65.67
1965-1969	4	0.00068	0.00068	0.5	97144	66	97111	6286868	64.72
1965-1969	5	0.00061	0.00061	0.5	97078	59	97048	6189757	63.76
1965-1969	6	0.00054	0.00054	0.5	97019	53	96993	6092708	62.80
1965-1969	7	0.00050	0.00049	0.5	96966	48	96942	5995716	61.83
1965-1969	8	0.00046	0.00046	0.5	96918	44	96896	5898774	60.86
1965-1969	9	0.00044	0.00044	0.5	96874	43	96853	5801877	59.89
1965-1969	10	0.00042	0.00042	0.5	96832	41	96811	5705025	58.92
1965-1969	11	0.00043	0.00043	0.5	96791	42	96770	5608213	57.94
1965-1969	12	0.00048	0.00048	0.5	96749	46	96726	5511443	56.97
1965-1969	13	0.00056	0.00056	0.5	96703	55	96676	5414717	55.99
1965-1969	14	0.00070	0.00070	0.5	96649	68	96615	5318041	55.02
1965-1969	15	0.00090	0.00090	0.5	96581	87	96537	5221427	54.06
1965-1969	16	0.00127	0.00127	0.5	96494	122	96433	5124889	53.11
1965-1969	17	0.00158	0.00157	0.5	96372	152	96296	5028457	52.18
1965-1969	18	0.00196	0.00196	0.5	96220	188	96126	4932161	51.26
1965-1969	19	0.00202	0.00201	0.5	96032	193	95935	4836035	50.36
1965-1969	20	0.00195	0.00195	0.5	95838	187	95745	4740100	49.46
1965-1969	21	0.00207	0.00207	0.5	95652	198	95553	4644355	48.55
1965-1969	22	0.00209	0.00209	0.5	95454	199	95354	4548802	47.65
1965-1969	23	0.00198	0.00197	0.5	95255	188	95161	4453448	46.75
1965-1969	24	0.00191	0.00191	0.5	95067	181	94976	4358288	45.84
1965-1969	25	0.00192	0.00192	0.5	94885	182	94794	4263312	44.93
1965-1969	26	0.00192	0.00192	0.5	94703	182	94612	4168518	44.02
1965-1969	27	0.00193	0.00193	0.5	94521	182	94430	4073906	43.10
1965-1969	28	0.00197	0.00197	0.5	94339	186	94246	3979476	42.18
1965-1969	29	0.00197	0.00197	0.5	94153	186	94060	3885230	41.27
1965-1969	30	0.00205	0.00204	0.5	93967	192	93871	3791170	40.35
1965-1969	31	0.00210	0.00210	0.5	93775	197	93677	3697298	39.43
1965-1969	32	0.00219	0.00219	0.5	93578	205	93476	3603622	38.51
1965-1969	33	0.00232	0.00231	0.5	93373	216	93265	3510146	37.59
1965-1969	34	0.00243	0.00242	0.5	93157	226	93044	3416881	36.68
1965-1969	35	0.00268	0.00267	0.5	92931	248	92807	3323837	35.77
1965-1969	36	0.00280	0.00279	0.5	92683	259	92553	3231030	34.86
1965-1969	37	0.00301	0.00300	0.5	92424	278	92285	3138476	33.96
1965-1969	38	0.00337	0.00336	0.5	92146	310	91991	3046191	33.06
1965-1969	39	0.00361	0.00360	0.5	91836	331	91671	2954200	32.17
1965-1969	40	0.00400	0.00399	0.5	91506	365	91323	2862529	31.28
1965-1969	41	0.00434	0.00433	0.5	91140	394	90943	2771206	30.41
1965-1969	42	0.00485	0.00484	0.5	90746	439	90526	2680263	29.54
1965-1969	43	0.00523	0.00522	0.5	90306	471	90071	2589737	28.68
1965-1969	44	0.00565	0.00563	0.5	89835	506	89582	2499667	27.83
1965-1969	45	0.00633	0.00631	0.5	89329	564	89047	2410084	26.98
1965-1969	46	0.00673	0.00671	0.5	88765	595	88468	2321037	26.15
1965-1969	47	0.00748	0.00745	0.5	88170	657	87842	2232569	25.32
1965-1969	48	0.00815	0.00812	0.5	87513	710	87158	2144728	24.51
1965-1969	49	0.00901	0.00897	0.5	86803	779	86414	2057570	23.70
1965-1969	50	0.01012	0.01007	0.5	86024	866	85591	1971156	22.91
1965-1969	51	0.01087	0.01081	0.5	85158	920	84698	1885565	22.14
1965-1969	52	0.01218	0.01210	0.5	84238	1020	83728	1800867	21.38
1965-1969	53	0.01324	0.01315	0.5	83218	1094	82671	1717139	20.63
1965-1969	54	0.01456	0.01446	0.5	82124	1187	81530	1634468	19.90
1965-1969	55	0.01576	0.01564	0.5	80936	1265	80304	1552938	19.19
1965-1969	56	0.01715	0.01701	0.5	79671	1355	78993	1472635	18.48
1965-1969	57	0.01872	0.01854	0.5	78316	1452	77590	1393641	17.80
1965-1969	58	0.02055	0.02034	0.5	76864	1564	76082	1316051	17.12
1965-1969	59	0.02222	0.02198	0.5	75300	1655	74473	1239969	16.47
1965-1969	60	0.02426	0.02397	0.5	73645	1765	72763	1165497	15.83
1965-1969	61	0.02589	0.02556	0.5	71880	1837	70961	1092734	15.20
1965-1969	62	0.02887	0.02846	0.5	70043	1993	69046	1021773	14.59
1965-1969	63	0.03061	0.03015	0.5	68049	2052	67024	952727	14.00
1965-1969	64	0.03291	0.03238	0.5	65998	2137	64929	885703	13.42
1965-1969	65	0.03646	0.03581	0.5	63861	2287	62718	820774	12.85
1965-1969	66	0.03776	0.03706	0.5	61574	2282	60433	758056	12.31
1965-1969	67	0.04194	0.04108	0.5	59292	2436	58074	697623	11.77
1965-1969	68	0.04508	0.04409	0.5	56856	2507	55603	639549	11.25
1965-1969	69	0.04796	0.04683	0.5	54350	2545	53077	583946	10.74
1965-1969	70	0.05251	0.05116	0.5	51804	2650	50479	530869	10.25
1965-1969	71	0.05483	0.05337	0.5	49154	2623	47842	480389	9.77
1965-1969	72	0.06176	0.05991	0.5	46531	2787	45137	432547	9.30
1965-1969	73	0.06558	0.06350	0.5	43743	2778	42354	387410	8.86
1965-1969	74	0.07100	0.06856	0.5	40966	2809	39561	345056	8.42
1965-1969	75	0.07724	0.07437	0.5	38157	2838	36738	305494	8.01
1965-1969	76	0.08198	0.07875	0.5	35319	2781	33928	268756	7.61
1965-1969	77	0.08741	0.08375	0.5	32538	2725	31175	234828	7.22
1965-1969	78	0.09436	0.09011	0.5	29813	2686	28470	203652	6.83
1965-1969	79	0.10076	0.09593	0.5	27126	2602	25825	175183	6.46
1965-1969	80	0.11309	0.10704	0.5	24524	2625	23212	149357	6.09
1965-1969	81	0.11702	0.11055	0.5	21899	2421	20689	126146	5.76
1965-1969	82	0.13000	0.12207	0.5	19478	2378	18289	105457	5.41
1965-1969	83	0.14306	0.13351	0.5	17101	2283	15959	87167	5.10
1965-1969	84	0.15674	0.14535	0.5	14818	2154	13741	71208	4.81
1965-1969	85	0.16893	0.15577	0.5	12664	1973	11678	57468	4.54
1965-1969	86	0.18308	0.16772	0.5	10691	1793	9795	45790	4.28
1965-1969	87	0.19713	0.17944	0.5	8898	1597	8100	35995	4.05
1965-1969	88	0.20950	0.18963	0.5	7301	1385	6609	27896	3.82
1965-1969	89	0.22907	0.20553	0.5	5917	1216	5309	21287	3.60
1965-1969	90	0.24892	0.22137	0.5	4701	1041	4180	15978	3.40
1965-1969	91	0.26260	0.23212	0.5	3660	850	3235	11797	3.22
1965-1969	92	0.28578	0.25005	0.5	2811	703	2459	8562	3.05
1965-1969	93	0.30489	0.26456	0.5	2108	558	1829	6103	2.90
1965-1969	94	0.32234	0.27760	0.5	1550	430	1335	4274	2.76
1965-1969	95	0.33986	0.29049	0.5	1120	325	957	2939	2.62
1965-1969	96	0.36126	0.30599	0.5	795	243	673	1982	2.49
1965-1969	97	0.38323	0.32161	0.5	551	177	463	1309	2.37
1965-1969	98	0.40569	0.33728	0.5	374	126	311	846	2.26
1965-1969	99	0.42855	0.35293	0.5	248	87	204	535	2.16
1965-1969	100	0.45172	0.36849	0.5	160	59	131	331	2.06
1965-1969	101	0.47510	0.38390	0.5	101	39	82	200	1.97
1965-1969	102	0.49859	0.39909	0.5	62	25	50	118	1.89
1965-1969	103	0.52208	0.41401	0.5	38	16	30	68	1.82
1965-1969	104	0.54548	0.42859	0.5	22	9	17	38	1.75
1965-1969	105	0.56868	0.44278	0.5	13	6	10	21	1.69
1965-1969	106	0.59158	0.45654	0.5	7	3	5	11	1.63
1965-1969	107	0.61409	0.46983	0.5	4	2	3	6	1.58
1965-1969	108	0.63612	0.48262	0.5	2	1	2	3	1.53
1965-1969	109	0.65760	0.49488	0.5	1	1	1	2	1.50
1965-1969	110+	0.67845	1.00000	1.47	1	1	1	1	1.47
1970-1974	0	0.02114	0.02075	0.1	100000	2075	98136	6753220	67.53
1970-1974	1	0.00129	0.00129	0.5	97925	127	97862	6655084	67.96
1970-1974	2	0.00090	0.00090	0.5	97799	88	97755	6557222	67.05
1970-1974	3	0.00074	0.00074	0.5	97711	73	97675	6459467	66.11
1970-1974	4	0.00062	0.00062	0.5	97638	60	97608	6361793	65.16
1970-1974	5	0.00056	0.00056	0.5	97578	55	97550	6264185	64.20
1970-1974	6	0.00050	0.00050	0.5	97523	49	97499	6166634	63.23
1970-1974	7	0.00048	0.00048	0.5	97474	46	97451	6069136	62.26
1970-1974	8	0.00043	0.00043	0.5	97428	42	97407	5971685	61.29
1970-1974	9	0.00042	0.00042	0.5	97386	41	97365	5874278	60.32
1970-1974	10	0.00041	0.00041	0.5	97345	40	97325	5776913	59.34
1970-1974	11	0.00040	0.00040	0.5	97305	39	97285	5679588	58.37
1970-1974	12	0.00045	0.00045	0.5	97266	44	97244	5582303	57.39
1970-1974	13	0.00054	0.00054	0.5	97222	53	97196	5485059	56.42
1970-1974	14	0.00071	0.00071	0.5	97169	69	97135	5387863	55.45
1970-1974	15	0.00093	0.00093	0.5	97101	90	97056	5290728	54.49
1970-1974	16	0.00131	0.00131	0.5	97011	127	96947	5193672	53.54
1970-1974	17	0.00163	0.00162	0.5	96884	157	96805	5096725	52.61
1970-1974	18	0.00197	0.00197	0.5	96726	190	96631	4999920	51.69
1970-1974	19	0.00209	0.00209	0.5	96536	201	96435	4903289	50.79
1970-1974	20	0.00210	0.00210	0.5	96334	202	96233	4806854	49.90
1970-1974	21	0.00223	0.00223	0.5	96132	214	96025	4710621	49.00
1970-1974	22	0.00224	0.00223	0.5	95918	214	95811	4614596	48.11
1970-1974	23	0.00219	0.00219	0.5	95704	210	95599	4518785	47.22
1970-1974	24	0.00212	0.00212	0.5	95494	203	95393	4423186	46.32
1970-1974	25	0.00206	0.00206	0.5	95291	197	95193	4327794	45.42
1970-1974	26	0.00196	0.00196	0.5	95095	186	95002	4232601	44.51
1970-1974	27	0.00198	0.00198	0.5	94909	187	94815	4137599	43.60
1970-1974	28	0.00197	0.00197	0.5	94721	186	94628	4042784	42.68
1970-1974	29	0.00203	0.00203	0.5	94535	192	94439	3948156	41.76
1970-1974	30	0.00209	0.00208	0.5	94343	197	94245	3853717	40.85
1970-1974	31	0.00208	0.00207	0.5	94146	195	94049	3759472	39.93
1970-1974	32	0.00222	0.00222	0.5	93951	208	93847	3665423	39.01
1970-1974	33	0.00230	0.00229	0.5	93743	215	93635	3571576	38.10
1970-1974	34	0.00242	0.00242	0.5	93528	226	93415	3477941	37.19
1970-1974	35	0.00261	0.00261	0.5	93302	244	93180	3384526	36.28
1970-1974	36	0.00279	0.00279	0.5	93058	260	92928	3291346	35.37
1970-1974	37	0.00299	0.00299	0.5	92799	277	92660	3198418	34.47
1970-1974	38	0.00324	0.00324	0.5	92521	299	92372	3105758	33.57
1970-1974	39	0.00354	0.00354	0.5	92222	326	92059	3013386	32.68
1970-1974	40	0.00385	0.00384	0.5	91896	353	91719	2921327	31.79
1970-1974	41	0.00409	0.00408	0.5	91543	374	91356	2829608	30.91
1970-1974	42	0.00463	0.00462	0.5	91169	421	90958	2738252	30.03
1970-1974	43	0.00496	0.00495	0.5	90748	449	90523	2647294	29.17
1970-1974	44	0.00546	0.00545	0.5	90299	492	90053	2556770	28.31
1970-1974	45	0.00616	0.00614	0.5	89807	551	89532	2466717	27.47
1970-1974	46	0.00673	0.00671	0.5	89256	599	88956	2377186	26.63
1970-1974	47	0.00730	0.00727	0.5	88657	645	88335	2288229	25.81
1970-1974	48	0.00799	0.00796	0.5	88012	700	87662	2199895	25.00
1970-1974	49	0.00872	0.00868	0.5	87312	758	86933	2112232	24.19
1970-1974	50	0.00952	0.00947	0.5	86554	820	86144	2025300	23.40
1970-1974	51	0.01025	0.01020	0.5	85734	874	85297	1939156	22.62
1970-1974	52	0.01127	0.01121	0.5	84860	951	84384	1853859	21.85
1970-1974	53	0.01214	0.01207	0.5	83909	1012	83403	1769475	21.09
1970-1974	54	0.01350	0.01341	0.5	82896	1111	82341	1686072	20.34
1970-1974	55	0.01474	0.01463	0.5	81785	1197	81187	1603732	19.61
1970-1974	56	0.01612	0.01599	0.5	80588	1289	79944	1522545	18.89
1970-1974	57	0.01772	0.01757	0.5	79300	1393	78603	1442601	18.19
1970-1974	58	0.01916	0.01898	0.5	77907	1479	77167	1363998	17.51
1970-1974	59	0.02088	0.02066	0.5	76428	1579	75638	1286831	16.84
1970-1974	60	0.02301	0.02275	0.5	74849	1703	73997	1211192	16.18
1970-1974	61	0.02453	0.02423	0.5	73146	1773	72259	1137195	15.55
1970-1974	62	0.02729	0.02693	0.5	71373	1922	70412	1064935	14.92
1970-1974	63	0.02954	0.02911	0.5	69451	2022	68440	994523	14.32
1970-1974	64	0.03181	0.03131	0.5	67429	2111	66374	926083	13.73
1970-1974	65	0.03461	0.03402	0.5	65318	2222	64207	859709	13.16
1970-1974	66	0.03638	0.03573	0.5	63096	2254	61969	795502	12.61
1970-1974	67	0.03972	0.03894	0.5	60842	2369	59657	733533	12.06
1970-1974	68	0.04219	0.04132	0.5	58472	2416	57264	673876	11.52
1970-1974	69	0.04573	0.04470	0.5	56056	2506	54803	616611	11.00
1970-1974	70	0.05025	0.04902	0.5	53550	2625	52238	561808	10.49
1970-1974	71	0.05314	0.05176	0.5	50925	2636	49607	509570	10.01
1970-1974	72	0.05885	0.05717	0.5	48289	2761	46909	459963	9.53
1970-1974	73	0.06269	0.06079	0.5	45528	2767	44145	413054	9.07
1970-1974	74	0.06770	0.06549	0.5	42761	2800	41361	368910	8.63
1970-1974	75	0.07415	0.07150	0.5	39961	2857	38532	327549	8.20
1970-1974	76	0.07984	0.07677	0.5	37103	2849	35679	289017	7.79
1970-1974	77	0.08546	0.08196	0.5	34255	2808	32851	253338	7.40
1970-1974	78	0.09301	0.08888	0.5	31447	2795	30050	220487	7.01
1970-1974	79	0.10061	0.09579	0.5	28652	2745	27280	190437	6.65
1970-1974	80	0.10760	0.10211	0.5	25908	2645	24585	163157	6.30
1970-1974	81	0.11454	0.10833	0.5	23262	2520	22002	138572	5.96
1970-1974	82	0.12536	0.11796	0.5	20742	2447	19519	116570	5.62
1970-1974	83	0.13571	0.12709	0.5	18295	2325	17133	97051	5.30
1970-1974	84	0.14947	0.13908	0.5	15970	2221	14860	79918	5.00
1970-1974	85	0.16052	0.14859	0.5	13749	2043	12728	65058	4.73
1970-1974	86	0.17432	0.16034	0.5	11706	1877	10768	52331	4.47
1970-1974	87	0.18611	0.17027	0.5	9829	1674	8992	41563	4.23
1970-1974	88	0.20001	0.18183	0.5	8156	1483	7414	32570	3.99
1970-1974	89	0.21692	0.19569	0.5	6673	1306	6020	25156	3.77
1970-1974	90	0.23255	0.20833	0.5	5367	1118	4808	19137	3.57
1970-1974	91	0.24755	0.22028	0.5	4249	936	3781	14329	3.37
1970-1974	92	0.26930	0.23734	0.5	3313	786	2920	10548	3.18
1970-1974	93	0.29104	0.25407	0.5	2527	642	2206	7628	3.02
1970-1974	94	0.30810	0.26697	0.5	1885	503	1633	5422	2.88
1970-1974	95	0.32298	0.27807	0.5	1382	384	1189	3789	2.74
1970-1974	96	0.34341	0.29309	0.5	997	292	851	2600	2.61
1970-1974	97	0.36444	0.30827	0.5	705	217	596	1749	2.48
1970-1974	98	0.38600	0.32356	0.5	488	158	409	1152	2.36
1970-1974	99	0.40802	0.33888	0.5	330	112	274	744	2.25
1970-1974	100	0.43041	0.35419	0.5	218	77	179	470	2.15
1970-1974	101	0.45309	0.36941	0.5	141	52	115	290	2.06
1970-1974	102	0.47597	0.38447	0.5	89	34	72	175	1.97
1970-1974	103	0.49895	0.39933	0.5	55	22	44	104	1.89
1970-1974	104	0.52193	0.41392	0.5	33	14	26	60	1.82
1970-1974	105	0.54482	0.42818	0.5	19	8	15	34	1.75
1970-1974	106	0.56753	0.44208	0.5	11	5	9	19	1.69
1970-1974	107	0.58995	0.45557	0.5	6	3	5	10	1.64
1970-1974	108	0.61200	0.46861	0.5	3	2	3	5	1.59
1970-1974	109	0.63361	0.48117	0.5	2	1	1	3	1.55
1970-1974	110+	0.65469	1.00000	1.53	1	1	1	1	1.53
1975-1979	0	0.01652	0.01627	0.09	100000	1627	98518	6935299	69.35
1975-1979	1	0.00109	0.00109	0.5	98373	108	98319	6836781	69.50
1975-1979	2	0.00078	0.00078	0.5	98265	76	98227	6738462	68.57
1975-1979	3	0.00062	0.00062	0.5	98189	61	98159	6640235	67.63
1975-1979	4	0.00051	0.00051	0.5	98128	50	98103	6542076	66.67
1975-1979	5	0.00047	0.00047	0.5	98078	46	98055	6443973	65.70
1975-1979	6	0.00043	0.00043	0.5	98032	42	98011	6345917	64.73
1975-1979	7	0.00038	0.00038	0.5	97990	37	97972	6247906	63.76
1975-1979	8	0.00035	0.00035	0.5	97953	34	97936	6149934	62.78
1975-1979	9	0.00034	0.00034	0.5	97919	33	97902	6051998	61.81
1975-1979	10	0.00033	0.00033	0.5	97886	32	97870	5954096	60.83
1975-1979	11	0.00035	0.00035	0.5	97853	34	97836	5856226	59.85
1975-1979	12	0.00038	0.00038	0.5	97820	38	97801	5758390	58.87
1975-1979	13	0.00047	0.00047	0.5	97782	46	97759	5660589	57.89
1975-1979	14	0.00060	0.00060	0.5	97736	58	97707	5562830	56.92
1975-1979	15	0.00079	0.00079	0.5	97677	77	97639	5465123	55.95
1975-1979	16	0.00112	0.00112	0.5	97601	109	97546	5367484	54.99
1975-1979	17	0.00146	0.00146	0.5	97492	142	97421	5269938	54.06
1975-1979	18	0.00181	0.00181	0.5	97350	176	97262	5172517	53.13
1975-1979	19	0.00195	0.00195	0.5	97173	189	97079	5075256	52.23
1975-1979	20	0.00198	0.00198	0.5	96984	192	96888	4978177	51.33
1975-1979	21	0.00202	0.00202	0.5	96792	196	96695	4881289	50.43
1975-1979	22	0.00202	0.00202	0.5	96597	195	96499	4784594	49.53
1975-1979	23	0.00198	0.00198	0.5	96401	191	96306	4688095	48.63
1975-1979	24	0.00195	0.00195	0.5	96211	188	96117	4591789	47.73
1975-1979	25	0.00195	0.00194	0.5	96023	187	95930	4495672	46.82
1975-1979	26	0.00189	0.00189	0.5	95836	181	95746	4399743	45.91
1975-1979	27	0.00190	0.00190	0.5	95655	182	95564	4303997	44.99
1975-1979	28	0.00186	0.00185	0.5	95474	177	95385	4208432	44.08
1975-1979	29	0.00184	0.00184	0.5	95297	176	95209	4113047	43.16
1975-1979	30	0.00185	0.00185	0.5	95121	176	95033	4017838	42.24
1975-1979	31	0.00185	0.00185	0.5	94946	175	94858	3922805	41.32
1975-1979	32	0.00191	0.00190	0.5	94770	181	94680	3827947	40.39
1975-1979	33	0.00196	0.00196	0.5	94590	186	94497	3733267	39.47
1975-1979	34	0.00209	0.00209	0.5	94404	198	94306	3638770	38.54
1975-1979	35	0.00225	0.00225	0.5	94207	212	94101	3544464	37.62
1975-1979	36	0.00239	0.00238	0.5	93995	224	93883	3450363	36.71
1975-1979	37	0.00253	0.00253	0.5	93771	237	93653	3356480	35.79
1975-1979	38	0.00276	0.00275	0.5	93534	257	93406	3262827	34.88
1975-1979	39	0.00300	0.00299	0.5	93277	279	93137	3169422	33.98
1975-1979	40	0.00320	0.00319	0.5	92998	297	92849	3076285	33.08
1975-1979	41	0.00352	0.00352	0.5	92700	326	92537	2983436	32.18
1975-1979	42	0.00395	0.00394	0.5	92374	364	92192	2890898	31.30
1975-1979	43	0.00429	0.00428	0.5	92010	394	91813	2798706	30.42
1975-1979	44	0.00465	0.00463	0.5	91616	425	91404	2706893	29.55
1975-1979	45	0.00520	0.00519	0.5	91192	473	90955	2615489	28.68
1975-1979	46	0.00565	0.00564	0.5	90719	511	90463	2524534	27.83
1975-1979	47	0.00623	0.00621	0.5	90207	561	89927	2434071	26.98
1975-1979	48	0.00682	0.00680	0.5	89647	609	89342	2344143	26.15
1975-1979	49	0.00760	0.00758	0.5	89038	675	88700	2254801	25.32
1975-1979	50	0.00836	0.00833	0.5	88363	736	87995	2166101	24.51
1975-1979	51	0.00913	0.00909	0.5	87627	796	87229	2078106	23.72
1975-1979	52	0.01004	0.00999	0.5	86831	867	86397	1990877	22.93
1975-1979	53	0.01087	0.01081	0.5	85963	929	85499	1904480	22.15
1975-1979	54	0.01186	0.01179	0.5	85034	1002	84533	1818981	21.39
1975-1979	55	0.01293	0.01285	0.5	84032	1080	83492	1734449	20.64
1975-1979	56	0.01395	0.01385	0.5	82952	1149	82378	1650956	19.90
1975-1979	57	0.01539	0.01527	0.5	81803	1249	81179	1568579	19.17
1975-1979	58	0.01671	0.01657	0.5	80554	1335	79887	1487400	18.46
1975-1979	59	0.01823	0.01807	0.5	79220	1431	78504	1407513	17.77
1975-1979	60	0.01984	0.01965	0.5	77788	1528	77024	1329009	17.08
1975-1979	61	0.02154	0.02131	0.5	76260	1625	75447	1251984	16.42
1975-1979	62	0.02416	0.02387	0.5	74635	1781	73744	1176537	15.76
1975-1979	63	0.02605	0.02571	0.5	72853	1873	71917	1102793	15.14
1975-1979	64	0.02817	0.02778	0.5	70980	1972	69994	1030876	14.52
1975-1979	65	0.03057	0.03011	0.5	69008	2078	67969	960882	13.92
1975-1979	66	0.03241	0.03189	0.5	66931	2134	65863	892913	13.34
1975-1979	67	0.03555	0.03492	0.5	64796	2263	63665	827049	12.76
1975-1979	68	0.03844	0.03771	0.5	62533	2358	61354	763385	12.21
1975-1979	69	0.04156	0.04071	0.5	60175	2450	58950	702030	11.67
1975-1979	70	0.04472	0.04374	0.5	57725	2525	56463	643080	11.14
1975-1979	71	0.04786	0.04674	0.5	55200	2580	53910	586618	10.63
1975-1979	72	0.05266	0.05130	0.5	52620	2700	51270	532708	10.12
1975-1979	73	0.05614	0.05461	0.5	49920	2726	48557	481438	9.64
1975-1979	74	0.06115	0.05933	0.5	47194	2800	45794	432880	9.17
1975-1979	75	0.06685	0.06469	0.5	44394	2872	42958	387087	8.72
1975-1979	76	0.07082	0.06840	0.5	41522	2840	40102	344129	8.29
1975-1979	77	0.07676	0.07392	0.5	38682	2859	37252	304027	7.86
1975-1979	78	0.08323	0.07991	0.5	35823	2863	34391	266774	7.45
1975-1979	79	0.08988	0.08602	0.5	32960	2835	31543	232383	7.05
1975-1979	80	0.09942	0.09471	0.5	30125	2853	28698	200840	6.67
1975-1979	81	0.10590	0.10058	0.5	27272	2743	25900	172142	6.31
1975-1979	82	0.11577	0.10944	0.5	24529	2684	23187	146241	5.96
1975-1979	83	0.12669	0.11915	0.5	21844	2603	20543	123055	5.63
1975-1979	84	0.13630	0.12761	0.5	19242	2455	18014	102512	5.33
1975-1979	85	0.14640	0.13641	0.5	16786	2290	15641	84498	5.03
1975-1979	86	0.15960	0.14780	0.5	14497	2143	13425	68856	4.75
1975-1979	87	0.17266	0.15894	0.5	12354	1964	11372	55431	4.49
1975-1979	88	0.18456	0.16896	0.5	10390	1756	9513	44059	4.24
1975-1979	89	0.20069	0.18238	0.5	8635	1575	7847	34546	4.00
1975-1979	90	0.21744	0.19612	0.5	7060	1385	6368	26699	3.78
1975-1979	91	0.22950	0.20587	0.5	5675	1168	5091	20331	3.58
1975-1979	92	0.25029	0.22245	0.5	4507	1003	4006	15240	3.38
1975-1979	93	0.27015	0.23800	0.5	3504	834	3087	11234	3.21
1975-1979	94	0.28605	0.25026	0.5	2670	668	2336	8147	3.05
1975-1979	95	0.30171	0.26216	0.5	2002	525	1740	5811	2.90
1975-1979	96	0.32133	0.27685	0.5	1477	409	1273	4071	2.76
1975-1979	97	0.34160	0.29177	0.5	1068	312	912	2798	2.62
1975-1979	98	0.36246	0.30685	0.5	757	232	640	1886	2.49
1975-1979	99	0.38386	0.32205	0.5	524	169	440	1246	2.38
1975-1979	100	0.40572	0.33729	0.5	356	120	296	806	2.27
1975-1979	101	0.42795	0.35252	0.5	236	83	194	510	2.16
1975-1979	102	0.45048	0.36767	0.5	153	56	125	316	2.07
1975-1979	103	0.47322	0.38267	0.5	96	37	78	191	1.98
1975-1979	104	0.49607	0.39748	0.5	60	24	48	113	1.91
1975-1979	105	0.51893	0.41202	0.5	36	15	28	66	1.83
1975-1979	106	0.54171	0.42626	0.5	21	9	17	37	1.77
1975-1979	107	0.56432	0.44014	0.5	12	5	9	21	1.71
1975-1979	108	0.58667	0.45361	0.5	7	3	5	11	1.65
1975-1979	109	0.60867	0.46665	0.5	4	2	3	6	1.61
1975-1979	110+	0.63023	1.00000	1.59	2	2	3	3	1.59
1980-1984	0	0.01298	0.01283	0.08	100000	1283	98819	7064853	70.65
1980-1984	1	0.00098	0.00098	0.5	98717	96	98669	6966033	70.57
1980-1984	2	0.00067	0.00067	0.5	98621	66	98587	6867365	69.63
1980-1984	3	0.00052	0.00052	0.5	98554	51	98529	6768777	68.68
1980-1984	4	0.00042	0.00042	0.5	98503	41	98483	6670249	67.72
1980-1984	5	0.00036	0.00036	0.5	98462	36	98444	6571766	66.74
1980-1984	6	0.00034	0.00034	0.5	98426	34	98409	6473322	65.77
1980-1984	7	0.00033	0.00033	0.5	98393	32	98377	6374913	64.79
1980-1984	8	0.00031	0.00031	0.5	98360	31	98345	6276536	63.81
1980-1984	9	0.00028	0.00028	0.5	98330	28	98316	6178191	62.83
1980-1984	10	0.00028	0.00028	0.5	98302	27	98288	6079875	61.85
1980-1984	11	0.00029	0.00029	0.5	98275	29	98260	5981587	60.87
1980-1984	12	0.00034	0.00034	0.5	98246	33	98230	5883327	59.88
1980-1984	13	0.00039	0.00039	0.5	98213	38	98194	5785097	58.90
1980-1984	14	0.00049	0.00049	0.5	98175	48	98151	5686903	57.93
1980-1984	15	0.00066	0.00066	0.5	98127	64	98094	5588753	56.95
1980-1984	16	0.00097	0.00097	0.5	98062	95	98015	5490658	55.99
1980-1984	17	0.00126	0.00126	0.5	97967	123	97906	5392644	55.05
1980-1984	18	0.00161	0.00161	0.5	97844	158	97765	5294738	54.11
1980-1984	19	0.00167	0.00167	0.5	97686	163	97605	5196973	53.20
1980-1984	20	0.00171	0.00171	0.5	97523	167	97440	5099368	52.29
1980-1984	21	0.00180	0.00180	0.5	97357	175	97269	5001928	51.38
1980-1984	22	0.00180	0.00180	0.5	97182	175	97094	4904658	50.47
1980-1984	23	0.00181	0.00181	0.5	97007	176	96919	4807564	49.56
1980-1984	24	0.00176	0.00176	0.5	96831	170	96746	4710645	48.65
1980-1984	25	0.00178	0.00178	0.5	96661	172	96575	4613899	47.73
1980-1984	26	0.00176	0.00175	0.5	96489	169	96404	4517325	46.82
1980-1984	27	0.00178	0.00178	0.5	96319	171	96234	4420921	45.90
1980-1984	28	0.00185	0.00185	0.5	96148	178	96059	4324687	44.98
1980-1984	29	0.00175	0.00175	0.5	95971	168	95887	4228627	44.06
1980-1984	30	0.00181	0.00180	0.5	95803	173	95716	4132741	43.14
1980-1984	31	0.00186	0.00186	0.5	95630	178	95541	4037024	42.22
1980-1984	32	0.00190	0.00190	0.5	95453	181	95362	3941483	41.29
1980-1984	33	0.00195	0.00195	0.5	95271	186	95179	3846121	40.37
1980-1984	34	0.00193	0.00193	0.5	95086	183	94994	3750942	39.45
1980-1984	35	0.00201	0.00201	0.5	94903	191	94807	3655948	38.52
1980-1984	36	0.00217	0.00217	0.5	94712	205	94609	3561141	37.60
1980-1984	37	0.00230	0.00230	0.5	94507	217	94398	3466532	36.68
1980-1984	38	0.00253	0.00253	0.5	94290	239	94170	3372134	35.76
1980-1984	39	0.00261	0.00261	0.5	94051	246	93928	3277964	34.85
1980-1984	40	0.00286	0.00285	0.5	93805	268	93672	3184035	33.94
1980-1984	41	0.00316	0.00316	0.5	93538	295	93390	3090364	33.04
1980-1984	42	0.00340	0.00340	0.5	93242	317	93084	2996974	32.14
1980-1984	43	0.00369	0.00369	0.5	92926	342	92754	2903890	31.25
1980-1984	44	0.00396	0.00396	0.5	92583	366	92400	2811135	30.36
1980-1984	45	0.00445	0.00444	0.5	92217	410	92012	2718735	29.48
1980-1984	46	0.00487	0.00486	0.5	91807	446	91584	2626723	28.61
1980-1984	47	0.00545	0.00544	0.5	91361	497	91113	2535139	27.75
1980-1984	48	0.00619	0.00617	0.5	90865	561	90584	2444026	26.90
1980-1984	49	0.00653	0.00651	0.5	90304	587	90010	2353442	26.06
1980-1984	50	0.00726	0.00724	0.5	89717	649	89392	2263431	25.23
1980-1984	51	0.00812	0.00809	0.5	89067	721	88707	2174039	24.41
1980-1984	52	0.00898	0.00894	0.5	88347	790	87952	2085332	23.60
1980-1984	53	0.00970	0.00965	0.5	87557	845	87134	1997380	22.81
1980-1984	54	0.01054	0.01048	0.5	86712	909	86257	1910246	22.03
1980-1984	55	0.01178	0.01171	0.5	85803	1005	85300	1823988	21.26
1980-1984	56	0.01291	0.01283	0.5	84798	1088	84254	1738688	20.50
1980-1984	57	0.01384	0.01374	0.5	83710	1150	83135	1654434	19.76
1980-1984	58	0.01557	0.01545	0.5	82560	1275	81922	1571299	19.03
1980-1984	59	0.01653	0.01639	0.5	81284	1332	80618	1489378	18.32
1980-1984	60	0.01798	0.01782	0.5	79952	1424	79240	1408760	17.62
1980-1984	61	0.01942	0.01923	0.5	78527	1510	77772	1329520	16.93
1980-1984	62	0.02214	0.02190	0.5	77017	1686	76174	1251747	16.25
1980-1984	63	0.02347	0.02320	0.5	75331	1748	74457	1175573	15.61
1980-1984	64	0.02494	0.02463	0.5	73583	1812	72677	1101116	14.96
1980-1984	65	0.02731	0.02695	0.5	71771	1934	70804	1028439	14.33
1980-1984	66	0.03000	0.02956	0.5	69837	2064	68805	957635	13.71
1980-1984	67	0.03255	0.03203	0.5	67773	2171	66687	888830	13.11
1980-1984	68	0.03566	0.03503	0.5	65602	2298	64453	822143	12.53
1980-1984	69	0.03856	0.03783	0.5	63304	2395	62106	757690	11.97
1980-1984	70	0.04222	0.04135	0.5	60909	2518	59650	695584	11.42
1980-1984	71	0.04520	0.04421	0.5	58390	2581	57100	635934	10.89
1980-1984	72	0.04941	0.04822	0.5	55809	2691	54464	578834	10.37
1980-1984	73	0.05448	0.05303	0.5	53118	2817	51709	524370	9.87
1980-1984	74	0.05756	0.05595	0.5	50301	2814	48894	472661	9.40
1980-1984	75	0.06261	0.06071	0.5	47487	2883	46045	423767	8.92
1980-1984	76	0.06843	0.06617	0.5	44604	2951	43128	377722	8.47
1980-1984	77	0.07339	0.07079	0.5	41653	2949	40178	334593	8.03
1980-1984	78	0.07941	0.07637	0.5	38704	2956	37226	294415	7.61
1980-1984	79	0.08476	0.08132	0.5	35748	2907	34295	257189	7.19
1980-1984	80	0.09588	0.09149	0.5	32841	3005	31339	222894	6.79
1980-1984	81	0.10336	0.09828	0.5	29836	2932	28370	191556	6.42
1980-1984	82	0.11239	0.10641	0.5	26904	2863	25473	163185	6.07
1980-1984	83	0.12283	0.11572	0.5	24041	2782	22650	137713	5.73
1980-1984	84	0.13303	0.12474	0.5	21259	2652	19933	115062	5.41
1980-1984	85	0.14290	0.13337	0.5	18608	2482	17367	95129	5.11
1980-1984	86	0.15624	0.14492	0.5	16126	2337	14957	77762	4.82
1980-1984	87	0.16949	0.15624	0.5	13789	2154	12712	62805	4.55
1980-1984	88	0.18051	0.16556	0.5	11634	1926	10671	50093	4.31
1980-1984	89	0.19552	0.17811	0.5	9708	1729	8844	39422	4.06
1980-1984	90	0.21032	0.19030	0.5	7979	1518	7220	30578	3.83
1980-1984	91	0.22670	0.20362	0.5	6461	1316	5803	23358	3.62
1980-1984	92	0.24430	0.21771	0.5	5145	1120	4585	17555	3.41
1980-1984	93	0.26530	0.23423	0.5	4025	943	3554	12970	3.22
1980-1984	94	0.28629	0.25044	0.5	3082	772	2696	9416	3.06
1980-1984	95	0.30006	0.26091	0.5	2310	603	2009	6720	2.91
1980-1984	96	0.32006	0.27591	0.5	1708	471	1472	4711	2.76
1980-1984	97	0.34075	0.29115	0.5	1236	360	1056	3239	2.62
1980-1984	98	0.36207	0.30657	0.5	876	269	742	2183	2.49
1980-1984	99	0.38394	0.32211	0.5	608	196	510	1441	2.37
1980-1984	100	0.40630	0.33769	0.5	412	139	342	931	2.26
1980-1984	101	0.42904	0.35326	0.5	273	96	225	589	2.16
1980-1984	102	0.45209	0.36874	0.5	176	65	144	364	2.06
1980-1984	103	0.47535	0.38407	0.5	111	43	90	220	1.97
1980-1984	104	0.49872	0.39918	0.5	69	27	55	130	1.89
1980-1984	105	0.52209	0.41401	0.5	41	17	33	75	1.82
1980-1984	106	0.54537	0.42852	0.5	24	10	19	42	1.75
1980-1984	107	0.56845	0.44264	0.5	14	6	11	23	1.69
1980-1984	108	0.59123	0.45633	0.5	8	4	6	13	1.64
1980-1984	109	0.61363	0.46956	0.5	4	2	3	7	1.60
1980-1984	110+	0.63556	1.00000	1.57	2	2	3	3	1.57
1985-1989	0	0.01166	0.01154	0.08	100000	1154	98934	7128988	71.29
1985-1989	1	0.00086	0.00085	0.5	98846	85	98804	7030053	71.12
1985-1989	2	0.00059	0.00059	0.5	98762	59	98733	6931249	70.18
1985-1989	3	0.00047	0.00047	0.5	98703	46	98680	6832516	69.22
1985-1989	4	0.00038	0.00038	0.5	98657	37	98639	6733836	68.25
1985-1989	5	0.00031	0.00031	0.5	98620	31	98605	6635197	67.28
1985-1989	6	0.00030	0.00030	0.5	98589	29	98575	6536593	66.30
1985-1989	7	0.00027	0.00027	0.5	98560	26	98547	6438018	65.32
1985-1989	8	0.00028	0.00027	0.5	98534	27	98520	6339472	64.34
1985-1989	9	0.00026	0.00026	0.5	98506	26	98493	6240952	63.36
1985-1989	10	0.00025	0.00025	0.5	98480	25	98468	6142458	62.37
1985-1989	11	0.00028	0.00028	0.5	98456	28	98442	6043990	61.39
1985-1989	12	0.00032	0.00032	0.5	98428	32	98412	5945548	60.41
1985-1989	13	0.00039	0.00039	0.5	98396	38	98377	5847136	59.42
1985-1989	14	0.00050	0.00050	0.5	98358	49	98334	5748759	58.45
1985-1989	15	0.00067	0.00067	0.5	98309	66	98276	5650426	57.48
1985-1989	16	0.00100	0.00100	0.5	98243	98	98194	5552149	56.51
1985-1989	17	0.00121	0.00121	0.5	98145	119	98086	5453955	55.57
1985-1989	18	0.00152	0.00152	0.5	98026	149	97952	5355869	54.64
1985-1989	19	0.00154	0.00154	0.5	97877	151	97802	5257917	53.72
1985-1989	20	0.00158	0.00158	0.5	97726	155	97649	5160116	52.80
1985-1989	21	0.00167	0.00167	0.5	97572	163	97490	5062467	51.88
1985-1989	22	0.00167	0.00167	0.5	97409	163	97327	4964976	50.97
1985-1989	23	0.00169	0.00169	0.5	97246	164	97164	4867649	50.05
1985-1989	24	0.00169	0.00169	0.5	97082	164	97000	4770485	49.14
1985-1989	25	0.00169	0.00169	0.5	96917	164	96835	4673485	48.22
1985-1989	26	0.00173	0.00173	0.5	96753	167	96670	4576650	47.30
1985-1989	27	0.00177	0.00177	0.5	96586	171	96501	4479980	46.38
1985-1989	28	0.00190	0.00189	0.5	96415	183	96324	4383480	45.46
1985-1989	29	0.00181	0.00180	0.5	96233	174	96146	4287156	44.55
1985-1989	30	0.00198	0.00197	0.5	96059	190	95964	4191010	43.63
1985-1989	31	0.00205	0.00204	0.5	95869	196	95771	4095046	42.71
1985-1989	32	0.00215	0.00215	0.5	95673	206	95571	3999275	41.80
1985-1989	33	0.00226	0.00226	0.5	95468	216	95360	3903704	40.89
1985-1989	34	0.00223	0.00223	0.5	95252	213	95146	3808344	39.98
1985-1989	35	0.00241	0.00241	0.5	95040	229	94925	3713198	39.07
1985-1989	36	0.00250	0.00250	0.5	94811	237	94692	3618273	38.16
1985-1989	37	0.00259	0.00259	0.5	94574	244	94452	3523581	37.26
1985-1989	38	0.00286	0.00285	0.5	94330	269	94195	3429129	36.35
1985-1989	39	0.00269	0.00268	0.5	94061	252	93934	3334934	35.46
1985-1989	40	0.00291	0.00291	0.5	93808	273	93672	3240999	34.55
1985-1989	41	0.00313	0.00312	0.5	93536	292	93390	3147327	33.65
1985-1989	42	0.00344	0.00343	0.5	93243	320	93083	3053938	32.75
1985-1989	43	0.00360	0.00359	0.5	92923	334	92756	2960854	31.86
1985-1989	44	0.00383	0.00382	0.5	92589	354	92412	2868098	30.98
1985-1989	45	0.00425	0.00424	0.5	92235	391	92040	2775686	30.09
1985-1989	46	0.00465	0.00464	0.5	91844	426	91631	2683646	29.22
1985-1989	47	0.00499	0.00498	0.5	91418	455	91190	2592015	28.35
1985-1989	48	0.00567	0.00565	0.5	90963	514	90706	2500824	27.49
1985-1989	49	0.00573	0.00571	0.5	90449	517	90191	2410118	26.65
1985-1989	50	0.00661	0.00659	0.5	89932	592	89636	2319928	25.80
1985-1989	51	0.00735	0.00732	0.5	89340	654	89013	2230292	24.96
1985-1989	52	0.00814	0.00810	0.5	88685	719	88326	2141279	24.14
1985-1989	53	0.00891	0.00887	0.5	87967	780	87577	2052953	23.34
1985-1989	54	0.00955	0.00950	0.5	87186	829	86772	1965377	22.54
1985-1989	55	0.01078	0.01072	0.5	86358	926	85895	1878605	21.75
1985-1989	56	0.01167	0.01160	0.5	85432	991	84936	1792710	20.98
1985-1989	57	0.01253	0.01245	0.5	84440	1051	83915	1707774	20.22
1985-1989	58	0.01462	0.01451	0.5	83389	1210	82784	1623859	19.47
1985-1989	59	0.01519	0.01507	0.5	82179	1239	81560	1541075	18.75
1985-1989	60	0.01702	0.01687	0.5	80940	1366	80257	1459516	18.03
1985-1989	61	0.01855	0.01838	0.5	79574	1462	78843	1379258	17.33
1985-1989	62	0.02067	0.02046	0.5	78112	1598	77313	1300415	16.65
1985-1989	63	0.02195	0.02171	0.5	76514	1661	75683	1223102	15.99
1985-1989	64	0.02325	0.02298	0.5	74853	1720	73993	1147419	15.33
1985-1989	65	0.02594	0.02561	0.5	73132	1873	72196	1073427	14.68
1985-1989	66	0.02770	0.02732	0.5	71260	1947	70286	1001231	14.05
1985-1989	67	0.02968	0.02925	0.5	69313	2027	68299	930944	13.43
1985-1989	68	0.03324	0.03270	0.5	67285	2200	66185	862645	12.82
1985-1989	69	0.03533	0.03472	0.5	65085	2260	63955	796460	12.24
1985-1989	70	0.03896	0.03822	0.5	62825	2401	61625	732505	11.66
1985-1989	71	0.04250	0.04162	0.5	60424	2515	59167	670880	11.10
1985-1989	72	0.04776	0.04665	0.5	57910	2702	56559	611713	10.56
1985-1989	73	0.05138	0.05009	0.5	55208	2766	53825	555154	10.06
1985-1989	74	0.05500	0.05353	0.5	52443	2807	51039	501329	9.56
1985-1989	75	0.05902	0.05733	0.5	49636	2846	48213	450290	9.07
1985-1989	76	0.06470	0.06268	0.5	46790	2933	45324	402077	8.59
1985-1989	77	0.06986	0.06750	0.5	43857	2960	42377	356753	8.13
1985-1989	78	0.07657	0.07375	0.5	40897	3016	39389	314376	7.69
1985-1989	79	0.08299	0.07968	0.5	37881	3018	36372	274987	7.26
1985-1989	80	0.09314	0.08900	0.5	34862	3103	33311	238615	6.84
1985-1989	81	0.10128	0.09640	0.5	31760	3062	30229	205304	6.46
1985-1989	82	0.11010	0.10436	0.5	28698	2995	27201	175075	6.10
1985-1989	83	0.11952	0.11278	0.5	25703	2899	24254	147875	5.75
1985-1989	84	0.13008	0.12214	0.5	22804	2785	21412	123621	5.42
1985-1989	85	0.14154	0.13218	0.5	20019	2646	18696	102209	5.11
1985-1989	86	0.15326	0.14235	0.5	17373	2473	16136	83513	4.81
1985-1989	87	0.16757	0.15462	0.5	14900	2304	13748	67376	4.52
1985-1989	88	0.18218	0.16697	0.5	12596	2103	11545	53628	4.26
1985-1989	89	0.19616	0.17864	0.5	10493	1874	9556	42084	4.01
1985-1989	90	0.21347	0.19288	0.5	8619	1662	7787	32528	3.77
1985-1989	91	0.22864	0.20518	0.5	6956	1427	6243	24741	3.56
1985-1989	92	0.25088	0.22292	0.5	5529	1232	4913	18498	3.35
1985-1989	93	0.27069	0.23842	0.5	4296	1024	3784	13586	3.16
1985-1989	94	0.28912	0.25261	0.5	3272	827	2859	9801	3.00
1985-1989	95	0.30724	0.26633	0.5	2446	651	2120	6943	2.84
1985-1989	96	0.32853	0.28218	0.5	1794	506	1541	4823	2.69
1985-1989	97	0.35056	0.29827	0.5	1288	384	1096	3282	2.55
1985-1989	98	0.37323	0.31454	0.5	904	284	762	2186	2.42
1985-1989	99	0.39648	0.33089	0.5	619	205	517	1424	2.30
1985-1989	100	0.42021	0.34725	0.5	415	144	343	907	2.19
1985-1989	101	0.44431	0.36355	0.5	271	98	221	565	2.09
1985-1989	102	0.46868	0.37970	0.5	172	65	140	343	1.99
1985-1989	103	0.49320	0.39563	0.5	107	42	86	204	1.91
1985-1989	104	0.51775	0.41128	0.5	65	27	51	118	1.83
1985-1989	105	0.54221	0.42657	0.5	38	16	30	67	1.76
1985-1989	106	0.56647	0.44144	0.5	22	10	17	37	1.69
1985-1989	107	0.59042	0.45585	0.5	12	6	9	20	1.63
1985-1989	108	0.61395	0.46975	0.5	7	3	5	10	1.58
1985-1989	109	0.63696	0.48310	0.5	4	2	3	5	1.54
1985-1989	110+	0.65935	1.00000	1.52	2	2	3	3	1.52
1990-1994	0	0.00993	0.00984	0.07	100000	984	99086	7215097	72.15
1990-1994	1	0.00074	0.00074	0.5	99016	74	98979	7116010	71.87
1990-1994	2	0.00052	0.00052	0.5	98942	51	98917	7017031	70.92
1990-1994	3	0.00041	0.00041	0.5	98891	40	98871	6918115	69.96
1990-1994	4	0.00032	0.00032	0.5	98851	32	98835	6819243	68.99
1990-1994	5	0.00027	0.00027	0.5	98819	27	98806	6720408	68.01
1990-1994	6	0.00025	0.00025	0.5	98792	25	98780	6621602	67.03
1990-1994	7	0.00023	0.00023	0.5	98768	22	98757	6522822	66.04
1990-1994	8	0.00023	0.00023	0.5	98745	23	98734	6424066	65.06
1990-1994	9	0.00021	0.00021	0.5	98722	21	98712	6325332	64.07
1990-1994	10	0.00022	0.00022	0.5	98702	21	98691	6226620	63.09
1990-1994	11	0.00023	0.00023	0.5	98680	23	98669	6127929	62.10
1990-1994	12	0.00027	0.00027	0.5	98657	27	98644	6029260	61.11
1990-1994	13	0.00036	0.00036	0.5	98630	35	98613	5930616	60.13
1990-1994	14	0.00050	0.00050	0.5	98595	50	98570	5832004	59.15
1990-1994	15	0.00070	0.00070	0.5	98546	69	98511	5733433	58.18
1990-1994	16	0.00105	0.00105	0.5	98476	104	98424	5634922	57.22
1990-1994	17	0.00128	0.00128	0.5	98373	126	98310	5536498	56.28
1990-1994	18	0.00159	0.00159	0.5	98247	156	98169	5438188	55.35
1990-1994	19	0.00161	0.00160	0.5	98091	157	98012	5340020	54.44
1990-1994	20	0.00159	0.00159	0.5	97933	156	97856	5242007	53.53
1990-1994	21	0.00168	0.00168	0.5	97778	164	97696	5144152	52.61
1990-1994	22	0.00166	0.00166	0.5	97614	162	97533	5046456	51.70
1990-1994	23	0.00164	0.00164	0.5	97452	160	97372	4948923	50.78
1990-1994	24	0.00158	0.00158	0.5	97292	154	97215	4851552	49.87
1990-1994	25	0.00163	0.00163	0.5	97138	158	97059	4754337	48.94
1990-1994	26	0.00168	0.00168	0.5	96980	163	96899	4657277	48.02
1990-1994	27	0.00177	0.00177	0.5	96817	171	96732	4560379	47.10
1990-1994	28	0.00192	0.00192	0.5	96646	186	96553	4463647	46.19
1990-1994	29	0.00188	0.00188	0.5	96460	181	96370	4367094	45.27
1990-1994	30	0.00204	0.00204	0.5	96279	196	96181	4270724	44.36
1990-1994	31	0.00216	0.00215	0.5	96083	207	95980	4174543	43.45
1990-1994	32	0.00227	0.00226	0.5	95876	217	95768	4078563	42.54
1990-1994	33	0.00240	0.00240	0.5	95659	229	95545	3982796	41.64
1990-1994	34	0.00241	0.00241	0.5	95430	230	95315	3887251	40.73
1990-1994	35	0.00257	0.00256	0.5	95200	244	95078	3791937	39.83
1990-1994	36	0.00272	0.00271	0.5	94956	257	94827	3696859	38.93
1990-1994	37	0.00285	0.00284	0.5	94698	269	94563	3602032	38.04
1990-1994	38	0.00311	0.00311	0.5	94429	293	94282	3507469	37.14
1990-1994	39	0.00301	0.00300	0.5	94135	282	93994	3413187	36.26
1990-1994	40	0.00325	0.00324	0.5	93853	304	93701	3319193	35.37
1990-1994	41	0.00347	0.00346	0.5	93549	324	93387	3225492	34.48
1990-1994	42	0.00363	0.00363	0.5	93225	338	93056	3132105	33.60
1990-1994	43	0.00382	0.00381	0.5	92886	354	92709	3039050	32.72
1990-1994	44	0.00387	0.00386	0.5	92532	357	92354	2946340	31.84
1990-1994	45	0.00417	0.00416	0.5	92175	384	91983	2853986	30.96
1990-1994	46	0.00457	0.00456	0.5	91791	419	91582	2762003	30.09
1990-1994	47	0.00491	0.00490	0.5	91373	448	91149	2670421	29.23
1990-1994	48	0.00541	0.00539	0.5	90925	490	90680	2579272	28.37
1990-1994	49	0.00549	0.00547	0.5	90435	495	90187	2488592	27.52
1990-1994	50	0.00611	0.00609	0.5	89940	548	89666	2398405	26.67
1990-1994	51	0.00676	0.00674	0.5	89392	602	89091	2308740	25.83
1990-1994	52	0.00739	0.00737	0.5	88790	654	88463	2219649	25.00
1990-1994	53	0.00797	0.00794	0.5	88136	700	87786	2131186	24.18
1990-1994	54	0.00858	0.00854	0.5	87436	747	87063	2043400	23.37
1990-1994	55	0.00962	0.00957	0.5	86689	830	86275	1956337	22.57
1990-1994	56	0.01047	0.01041	0.5	85860	894	85413	1870063	21.78
1990-1994	57	0.01135	0.01128	0.5	84966	959	84486	1784650	21.00
1990-1994	58	0.01320	0.01311	0.5	84007	1101	83456	1700164	20.24
1990-1994	59	0.01357	0.01348	0.5	82905	1117	82347	1616708	19.50
1990-1994	60	0.01533	0.01522	0.5	81788	1244	81166	1534361	18.76
1990-1994	61	0.01675	0.01661	0.5	80544	1338	79875	1453195	18.04
1990-1994	62	0.01851	0.01834	0.5	79206	1453	78479	1373321	17.34
1990-1994	63	0.01977	0.01957	0.5	77753	1522	76992	1294842	16.65
1990-1994	64	0.02136	0.02114	0.5	76231	1611	75425	1217850	15.98
1990-1994	65	0.02350	0.02323	0.5	74620	1733	73753	1142424	15.31
1990-1994	66	0.02548	0.02516	0.5	72886	1834	71969	1068671	14.66
1990-1994	67	0.02755	0.02717	0.5	71052	1931	70087	996702	14.03
1990-1994	68	0.03060	0.03014	0.5	69121	2083	68080	926615	13.41
1990-1994	69	0.03257	0.03204	0.5	67038	2148	65964	858535	12.81
1990-1994	70	0.03531	0.03470	0.5	64890	2252	63764	792571	12.21
1990-1994	71	0.03843	0.03771	0.5	62638	2362	61457	728807	11.64
1990-1994	72	0.04134	0.04050	0.5	60276	2441	59056	667350	11.07
1990-1994	73	0.04585	0.04482	0.5	57835	2592	56539	608294	10.52
1990-1994	74	0.04953	0.04833	0.5	55243	2670	53908	551755	9.99
1990-1994	75	0.05319	0.05182	0.5	52573	2724	51211	497847	9.47
1990-1994	76	0.05874	0.05707	0.5	49849	2845	48427	446636	8.96
1990-1994	77	0.06415	0.06215	0.5	47004	2921	45543	398209	8.47
1990-1994	78	0.06897	0.06667	0.5	44083	2939	42613	352666	8.00
1990-1994	79	0.07506	0.07234	0.5	41144	2976	39656	310052	7.54
1990-1994	80	0.08692	0.08330	0.5	38167	3179	36578	270397	7.08
1990-1994	81	0.09457	0.09030	0.5	34988	3160	33408	233819	6.68
1990-1994	82	0.10341	0.09833	0.5	31828	3130	30264	200411	6.30
1990-1994	83	0.11332	0.10725	0.5	28699	3078	27160	170147	5.93
1990-1994	84	0.12343	0.11626	0.5	25621	2979	24132	142988	5.58
1990-1994	85	0.13506	0.12651	0.5	22642	2865	21210	118856	5.25
1990-1994	86	0.14707	0.13699	0.5	19778	2709	18423	97646	4.94
1990-1994	87	0.15896	0.14726	0.5	17068	2513	15812	79223	4.64
1990-1994	88	0.17382	0.15992	0.5	14555	2328	13391	63411	4.36
1990-1994	89	0.18922	0.17287	0.5	12227	2114	11170	50020	4.09
1990-1994	90	0.20664	0.18729	0.5	10114	1894	9167	38850	3.84
1990-1994	91	0.22165	0.19954	0.5	8219	1640	7399	29683	3.61
1990-1994	92	0.24292	0.21661	0.5	6579	1425	5867	22284	3.39
1990-1994	93	0.26585	0.23466	0.5	5154	1209	4549	16417	3.19
1990-1994	94	0.28796	0.25172	0.5	3945	993	3448	11868	3.01
1990-1994	95	0.30378	0.26372	0.5	2952	778	2563	8420	2.85
1990-1994	96	0.32586	0.28021	0.5	2173	609	1869	5857	2.69
1990-1994	97	0.34874	0.29696	0.5	1564	465	1332	3988	2.55
1990-1994	98	0.37234	0.31390	0.5	1100	345	927	2656	2.42
1990-1994	99	0.39657	0.33095	0.5	755	250	630	1729	2.29
1990-1994	100	0.42131	0.34800	0.5	505	176	417	1099	2.18
1990-1994	101	0.44646	0.36498	0.5	329	120	269	682	2.07
1990-1994	102	0.47188	0.38180	0.5	209	80	169	413	1.98
1990-1994	103	0.49745	0.39837	0.5	129	51	103	244	1.89
1990-1994	104	0.52303	0.41461	0.5	78	32	62	141	1.81
1990-1994	105	0.54850	0.43045	0.5	46	20	36	79	1.74
1990-1994	106	0.57371	0.44582	0.5	26	12	20	43	1.67
1990-1994	107	0.59854	0.46067	0.5	14	7	11	23	1.61
1990-1994	108	0.62288	0.47496	0.5	8	4	6	12	1.56
1990-1994	109	0.64661	0.48863	0.5	4	2	3	6	1.52
1990-1994	110+	0.66964	1.00000	1.49	2	2	3	3	1.49
1995-1999	0	0.00828	0.00821	0.07	100000	821	99234	7338663	73.39
1995-1999	1	0.00062	0.00062	0.5	99179	61	99148	7239430	72.99
1995-1999	2	0.00042	0.00042	0.5	99118	42	99097	7140281	72.04
1995-1999	3	0.00033	0.00033	0.5	99076	32	99060	7041185	71.07
1995-1999	4	0.00025	0.00025	0.5	99044	25	99031	6942125	70.09
1995-1999	5	0.00024	0.00024	0.5	99018	23	99007	6843094	69.11
1995-1999	6	0.00021	0.00021	0.5	98995	20	98985	6744087	68.13
1995-1999	7	0.00020	0.00020	0.5	98975	20	98965	6645102	67.14
1995-1999	8	0.00019	0.00019	0.5	98955	19	98945	6546138	66.15
1995-1999	9	0.00018	0.00018	0.5	98936	18	98927	6447192	65.17
1995-1999	10	0.00019	0.00019	0.5	98918	19	98908	6348265	64.18
1995-1999	11	0.00020	0.00020	0.5	98899	20	98889	6249357	63.19
1995-1999	12	0.00024	0.00024	0.5	98879	24	98867	6150468	62.20
1995-1999	13	0.00031	0.00031	0.5	98855	31	98839	6051601	61.22
1995-1999	14	0.00041	0.00041	0.5	98824	41	98803	5952762	60.24
1995-1999	15	0.00056	0.00056	0.5	98783	55	98755	5853959	59.26
1995-1999	16	0.00086	0.00086	0.5	98728	85	98686	5755203	58.29
1995-1999	17	0.00106	0.00106	0.5	98643	105	98591	5656518	57.34
1995-1999	18	0.00134	0.00134	0.5	98539	132	98472	5557927	56.40
1995-1999	19	0.00141	0.00141	0.5	98406	139	98337	5459455	55.48
1995-1999	20	0.00142	0.00141	0.5	98267	139	98198	5361118	54.56
1995-1999	21	0.00152	0.00152	0.5	98128	149	98054	5262921	53.63
1995-1999	22	0.00145	0.00145	0.5	97979	142	97908	5164867	52.71
1995-1999	23	0.00144	0.00143	0.5	97837	140	97767	5066959	51.79
1995-1999	24	0.00139	0.00138	0.5	97697	135	97629	4969192	50.86
1995-1999	25	0.00136	0.00136	0.5	97561	133	97495	4871563	49.93
1995-1999	26	0.00139	0.00139	0.5	97428	135	97361	4774068	49.00
1995-1999	27	0.00140	0.00140	0.5	97293	137	97225	4676708	48.07
1995-1999	28	0.00144	0.00144	0.5	97156	140	97086	4579483	47.14
1995-1999	29	0.00149	0.00148	0.5	97016	144	96944	4482397	46.20
1995-1999	30	0.00154	0.00154	0.5	96872	149	96798	4385453	45.27
1995-1999	31	0.00172	0.00172	0.5	96723	166	96640	4288655	44.34
1995-1999	32	0.00180	0.00180	0.5	96557	174	96470	4192015	43.41
1995-1999	33	0.00189	0.00189	0.5	96383	182	96292	4095545	42.49
1995-1999	34	0.00199	0.00199	0.5	96201	191	96105	3999253	41.57
1995-1999	35	0.00206	0.00206	0.5	96010	198	95911	3903147	40.65
1995-1999	36	0.00222	0.00222	0.5	95812	213	95706	3807236	39.74
1995-1999	37	0.00236	0.00236	0.5	95599	225	95487	3711531	38.82
1995-1999	38	0.00255	0.00255	0.5	95374	243	95252	3616044	37.91
1995-1999	39	0.00263	0.00262	0.5	95131	249	95006	3520792	37.01
1995-1999	40	0.00279	0.00279	0.5	94881	265	94749	3425786	36.11
1995-1999	41	0.00313	0.00313	0.5	94617	296	94469	3331037	35.21
1995-1999	42	0.00327	0.00327	0.5	94321	308	94167	3236568	34.31
1995-1999	43	0.00357	0.00356	0.5	94012	335	93845	3142402	33.43
1995-1999	44	0.00376	0.00375	0.5	93677	352	93502	3048557	32.54
1995-1999	45	0.00398	0.00397	0.5	93326	370	93141	2955055	31.66
1995-1999	46	0.00436	0.00435	0.5	92955	405	92753	2861914	30.79
1995-1999	47	0.00461	0.00460	0.5	92551	426	92338	2769161	29.92
1995-1999	48	0.00505	0.00504	0.5	92125	464	91893	2676824	29.06
1995-1999	49	0.00516	0.00514	0.5	91661	471	91425	2584931	28.20
1995-1999	50	0.00545	0.00544	0.5	91189	496	90942	2493506	27.34
1995-1999	51	0.00618	0.00616	0.5	90694	558	90414	2402564	26.49
1995-1999	52	0.00666	0.00664	0.5	90135	599	89836	2312150	25.65
1995-1999	53	0.00734	0.00731	0.5	89537	655	89209	2222314	24.82
1995-1999	54	0.00784	0.00781	0.5	88882	694	88535	2133105	24.00
1995-1999	55	0.00863	0.00859	0.5	88187	757	87809	2044570	23.18
1995-1999	56	0.00956	0.00952	0.5	87430	832	87014	1956762	22.38
1995-1999	57	0.01034	0.01029	0.5	86598	891	86152	1869748	21.59
1995-1999	58	0.01149	0.01143	0.5	85707	979	85217	1783596	20.81
1995-1999	59	0.01232	0.01224	0.5	84727	1037	84209	1698379	20.05
1995-1999	60	0.01353	0.01344	0.5	83690	1125	83128	1614170	19.29
1995-1999	61	0.01524	0.01513	0.5	82565	1249	81941	1531043	18.54
1995-1999	62	0.01671	0.01657	0.5	81316	1347	80642	1449102	17.82
1995-1999	63	0.01804	0.01788	0.5	79969	1430	79254	1368460	17.11
1995-1999	64	0.01960	0.01941	0.5	78539	1524	77777	1289206	16.41
1995-1999	65	0.02121	0.02099	0.5	77015	1617	76206	1211429	15.73
1995-1999	66	0.02312	0.02286	0.5	75398	1723	74537	1135222	15.06
1995-1999	67	0.02475	0.02445	0.5	73675	1801	72774	1060686	14.40
1995-1999	68	0.02761	0.02724	0.5	71874	1958	70895	987911	13.75
1995-1999	69	0.03015	0.02970	0.5	69916	2077	68878	917016	13.12
1995-1999	70	0.03292	0.03239	0.5	67839	2197	66741	848138	12.50
1995-1999	71	0.03640	0.03575	0.5	65642	2347	64469	781398	11.90
1995-1999	72	0.03938	0.03862	0.5	63295	2445	62073	716929	11.33
1995-1999	73	0.04215	0.04128	0.5	60851	2512	59595	654856	10.76
1995-1999	74	0.04557	0.04456	0.5	58339	2599	57039	595261	10.20
1995-1999	75	0.04958	0.04838	0.5	55739	2697	54391	538223	9.66
1995-1999	76	0.05430	0.05286	0.5	53042	2804	51640	483832	9.12
1995-1999	77	0.05953	0.05781	0.5	50238	2904	48786	432191	8.60
1995-1999	78	0.06537	0.06330	0.5	47334	2996	45836	383405	8.10
1995-1999	79	0.07141	0.06895	0.5	44338	3057	42810	337569	7.61
1995-1999	80	0.08216	0.07892	0.5	41281	3258	39652	294759	7.14
1995-1999	81	0.09050	0.08658	0.5	38023	3292	36377	255107	6.71
1995-1999	82	0.09991	0.09516	0.5	34731	3305	33079	218730	6.30
1995-1999	83	0.11070	0.10489	0.5	31426	3296	29778	185651	5.91
1995-1999	84	0.12116	0.11424	0.5	28130	3214	26523	155873	5.54
1995-1999	85	0.13369	0.12531	0.5	24916	3122	23355	129350	5.19
1995-1999	86	0.14688	0.13684	0.5	21794	2982	20303	105995	4.86
1995-1999	87	0.16053	0.14860	0.5	18812	2795	17414	85692	4.56
1995-1999	88	0.17587	0.16165	0.5	16016	2589	14722	68278	4.26
1995-1999	89	0.19268	0.17575	0.5	13427	2360	12247	53556	3.99
1995-1999	90	0.21089	0.19077	0.5	11067	2111	10012	41308	3.73
1995-1999	91	0.22991	0.20620	0.5	8956	1847	8033	31297	3.49
1995-1999	92	0.25146	0.22337	0.5	7109	1588	6315	23264	3.27
1995-1999	93	0.27485	0.24164	0.5	5521	1334	4854	16949	3.07
1995-1999	94	0.29763	0.25907	0.5	4187	1085	3645	12094	2.89
1995-1999	95	0.31848	0.27473	0.5	3102	852	2676	8450	2.72
1995-1999	96	0.34295	0.29275	0.5	2250	659	1921	5773	2.57
1995-1999	97	0.36829	0.31102	0.5	1591	495	1344	3853	2.42
1995-1999	98	0.39438	0.32942	0.5	1096	361	916	2509	2.29
1995-1999	99	0.42109	0.34785	0.5	735	256	607	1593	2.17
1995-1999	100	0.44826	0.36619	0.5	479	176	392	986	2.06
1995-1999	101	0.47575	0.38433	0.5	304	117	246	594	1.95
1995-1999	102	0.50339	0.40216	0.5	187	75	149	348	1.86
1995-1999	103	0.53100	0.41960	0.5	112	47	88	199	1.78
1995-1999	104	0.55843	0.43654	0.5	65	28	51	111	1.70
1995-1999	105	0.58550	0.45291	0.5	37	17	28	60	1.63
1995-1999	106	0.61207	0.46865	0.5	20	9	15	31	1.57
1995-1999	107	0.63799	0.48369	0.5	11	5	8	16	1.52
1995-1999	108	0.66313	0.49801	0.5	5	3	4	8	1.47
1995-1999	109	0.68737	0.51156	0.5	3	1	2	4	1.43
1995-1999	110+	0.71064	1.00000	1.41	1	1	2	2	1.41
2000-2004	0	0.00778	0.00773	0.07	100000	773	99278	7443645	74.44
2000-2004	1	0.00054	0.00054	0.5	99227	54	99200	7344367	74.02
2000-2004	2	0.00036	0.00036	0.5	99174	36	99156	7245166	73.06
2000-2004	3	0.00028	0.00028	0.5	99138	28	99124	7146011	72.08
2000-2004	4	0.00022	0.00022	0.5	99110	22	99099	7046887	71.10
2000-2004	5	0.00019	0.00019	0.5	99088	19	99078	6947788	70.12
2000-2004	6	0.00017	0.00017	0.5	99069	17	99060	6848710	69.13
2000-2004	7	0.00016	0.00016	0.5	99051	16	99044	6749650	68.14
2000-2004	8	0.00016	0.00016	0.5	99036	16	99028	6650606	67.15
2000-2004	9	0.00016	0.00016	0.5	99020	15	99012	6551578	66.16
2000-2004	10	0.00017	0.00017	0.5	99004	17	98996	6452566	65.17
2000-2004	11	0.00018	0.00018	0.5	98987	18	98979	6353570	64.19
2000-2004	12	0.00021	0.00021	0.5	98970	21	98959	6254592	63.20
2000-2004	13	0.00025	0.00025	0.5	98949	25	98936	6155633	62.21
2000-2004	14	0.00033	0.00033	0.5	98923	32	98907	6056697	61.23
2000-2004	15	0.00045	0.00045	0.5	98891	45	98869	5957789	60.25
2000-2004	16	0.00070	0.00070	0.5	98846	70	98812	5858921	59.27
2000-2004	17	0.00090	0.00090	0.5	98777	89	98732	5760109	58.31
2000-2004	18	0.00118	0.00118	0.5	98688	117	98629	5661377	57.37
2000-2004	19	0.00133	0.00133	0.5	98571	131	98505	5562748	56.43
2000-2004	20	0.00136	0.00136	0.5	98439	134	98372	5464242	55.51
2000-2004	21	0.00146	0.00145	0.5	98306	143	98234	5365870	54.58
2000-2004	22	0.00143	0.00143	0.5	98163	140	98093	5267636	53.66
2000-2004	23	0.00140	0.00140	0.5	98023	137	97954	5169543	52.74
2000-2004	24	0.00139	0.00139	0.5	97885	136	97817	5071589	51.81
2000-2004	25	0.00135	0.00135	0.5	97749	132	97683	4973772	50.88
2000-2004	26	0.00138	0.00138	0.5	97617	135	97550	4876089	49.95
2000-2004	27	0.00135	0.00135	0.5	97482	131	97416	4778540	49.02
2000-2004	28	0.00133	0.00133	0.5	97351	130	97286	4681123	48.09
2000-2004	29	0.00138	0.00138	0.5	97221	134	97154	4583837	47.15
2000-2004	30	0.00137	0.00137	0.5	97087	133	97020	4486683	46.21
2000-2004	31	0.00145	0.00145	0.5	96954	140	96884	4389663	45.28
2000-2004	32	0.00148	0.00148	0.5	96813	143	96742	4292779	44.34
2000-2004	33	0.00156	0.00156	0.5	96670	151	96595	4196037	43.41
2000-2004	34	0.00164	0.00164	0.5	96519	158	96440	4099443	42.47
2000-2004	35	0.00176	0.00176	0.5	96361	170	96277	4003002	41.54
2000-2004	36	0.00188	0.00188	0.5	96192	181	96101	3906726	40.61
2000-2004	37	0.00205	0.00205	0.5	96011	197	95913	3810624	39.69
2000-2004	38	0.00222	0.00221	0.5	95814	212	95708	3714712	38.77
2000-2004	39	0.00236	0.00235	0.5	95602	225	95490	3619004	37.85
2000-2004	40	0.00257	0.00257	0.5	95377	245	95254	3523514	36.94
2000-2004	41	0.00280	0.00279	0.5	95132	266	94999	3428260	36.04
2000-2004	42	0.00300	0.00299	0.5	94866	284	94724	3333261	35.14
2000-2004	43	0.00329	0.00328	0.5	94582	310	94427	3238537	34.24
2000-2004	44	0.00356	0.00355	0.5	94272	335	94104	3144110	33.35
2000-2004	45	0.00383	0.00382	0.5	93937	359	93758	3050005	32.47
2000-2004	46	0.00422	0.00422	0.5	93578	394	93381	2956248	31.59
2000-2004	47	0.00456	0.00455	0.5	93184	424	92971	2862867	30.72
2000-2004	48	0.00496	0.00494	0.5	92759	459	92530	2769895	29.86
2000-2004	49	0.00528	0.00527	0.5	92301	486	92058	2677366	29.01
2000-2004	50	0.00568	0.00566	0.5	91815	520	91555	2585308	28.16
2000-2004	51	0.00608	0.00606	0.5	91295	553	91018	2493753	27.32
2000-2004	52	0.00646	0.00644	0.5	90742	584	90450	2402735	26.48
2000-2004	53	0.00704	0.00701	0.5	90158	632	89842	2312286	25.65
2000-2004	54	0.00745	0.00742	0.5	89525	665	89193	2222444	24.82
2000-2004	55	0.00809	0.00806	0.5	88861	716	88503	2133251	24.01
2000-2004	56	0.00868	0.00864	0.5	88145	762	87764	2044748	23.20
2000-2004	57	0.00954	0.00950	0.5	87383	830	86968	1956984	22.40
2000-2004	58	0.01033	0.01028	0.5	86553	890	86108	1870016	21.61
2000-2004	59	0.01139	0.01133	0.5	85663	970	85178	1783908	20.82
2000-2004	60	0.01246	0.01238	0.5	84693	1048	84169	1698729	20.06
2000-2004	61	0.01344	0.01335	0.5	83644	1117	83086	1614561	19.30
2000-2004	62	0.01474	0.01463	0.5	82528	1207	81924	1531475	18.56
2000-2004	63	0.01598	0.01586	0.5	81320	1290	80676	1449551	17.83
2000-2004	64	0.01739	0.01724	0.5	80031	1380	79341	1368875	17.10
2000-2004	65	0.01887	0.01869	0.5	78651	1470	77916	1289534	16.40
2000-2004	66	0.02044	0.02023	0.5	77181	1561	76400	1211618	15.70
2000-2004	67	0.02233	0.02209	0.5	75619	1670	74784	1135218	15.01
2000-2004	68	0.02427	0.02398	0.5	73949	1773	73063	1060433	14.34
2000-2004	69	0.02656	0.02622	0.5	72176	1892	71230	987371	13.68
2000-2004	70	0.02911	0.02869	0.5	70284	2016	69275	916141	13.03
2000-2004	71	0.03159	0.03110	0.5	68267	2123	67206	846865	12.41
2000-2004	72	0.03462	0.03403	0.5	66144	2251	65019	779660	11.79
2000-2004	73	0.03806	0.03734	0.5	63893	2386	62700	714641	11.18
2000-2004	74	0.04117	0.04034	0.5	61507	2481	60267	651941	10.60
2000-2004	75	0.04560	0.04458	0.5	59026	2631	57710	591675	10.02
2000-2004	76	0.04975	0.04854	0.5	56395	2738	55026	533964	9.47
2000-2004	77	0.05435	0.05291	0.5	53657	2839	52238	478938	8.93
2000-2004	78	0.05938	0.05767	0.5	50818	2931	49353	426701	8.40
2000-2004	79	0.06597	0.06386	0.5	47887	3058	46358	377348	7.88
2000-2004	80	0.07540	0.07266	0.5	44829	3257	43201	330990	7.38
2000-2004	81	0.08308	0.07977	0.5	41572	3316	39914	287789	6.92
2000-2004	82	0.09222	0.08816	0.5	38256	3373	36570	247875	6.48
2000-2004	83	0.10228	0.09730	0.5	34883	3394	33186	211306	6.06
2000-2004	84	0.11353	0.10743	0.5	31489	3383	29798	178120	5.66
2000-2004	85	0.12517	0.11780	0.5	28106	3311	26451	148322	5.28
2000-2004	86	0.14062	0.13139	0.5	24795	3258	23166	121871	4.92
2000-2004	87	0.15469	0.14358	0.5	21538	3092	19991	98705	4.58
2000-2004	88	0.17150	0.15796	0.5	18445	2914	16988	78714	4.27
2000-2004	89	0.19027	0.17374	0.5	15532	2699	14182	61725	3.97
2000-2004	90	0.20900	0.18923	0.5	12833	2428	11619	47543	3.70
2000-2004	91	0.22879	0.20530	0.5	10405	2136	9337	35924	3.45
2000-2004	92	0.25335	0.22486	0.5	8269	1859	7339	26588	3.22
2000-2004	93	0.27849	0.24445	0.5	6409	1567	5626	19249	3.00
2000-2004	94	0.30694	0.26610	0.5	4842	1289	4198	13623	2.81
2000-2004	95	0.32573	0.28011	0.5	3554	995	3056	9425	2.65
2000-2004	96	0.35261	0.29976	0.5	2558	767	2175	6368	2.49
2000-2004	97	0.38045	0.31965	0.5	1792	573	1505	4193	2.34
2000-2004	98	0.40910	0.33963	0.5	1219	414	1012	2688	2.21
2000-2004	99	0.43838	0.35957	0.5	805	289	660	1676	2.08
2000-2004	100	0.46810	0.37932	0.5	515	196	418	1016	1.97
2000-2004	101	0.49804	0.39875	0.5	320	128	256	598	1.87
2000-2004	102	0.52800	0.41772	0.5	192	80	152	342	1.78
2000-2004	103	0.55776	0.43613	0.5	112	49	88	190	1.70
2000-2004	104	0.58711	0.45387	0.5	63	29	49	103	1.62
2000-2004	105	0.61585	0.47086	0.5	34	16	26	54	1.56
2000-2004	106	0.64381	0.48703	0.5	18	9	14	27	1.50
2000-2004	107	0.67082	0.50233	0.5	9	5	7	14	1.45
2000-2004	108	0.69675	0.51673	0.5	5	2	3	7	1.40
2000-2004	109	0.72148	0.53021	0.5	2	1	2	3	1.37
2000-2004	110+	0.74493	1.00000	1.34	1	1	1	1	1.34
2005-2009	0	0.00758	0.00753	0.07	100000	753	99296	7548287	75.48
2005-2009	1	0.00051	0.00051	0.5	99247	50	99222	7448991	75.06
2005-2009	2	0.00033	0.00033	0.5	99197	33	99180	7349769	74.09
2005-2009	3	0.00025	0.00025	0.5	99164	25	99151	7250589	73.12
2005-2009	4	0.00019	0.00019	0.5	99139	19	99130	7151438	72.14
2005-2009	5	0.00017	0.00017	0.5	99120	17	99112	7052308	71.15
2005-2009	6	0.00015	0.00015	0.5	99103	14	99096	6953196	70.16
2005-2009	7	0.00014	0.00014	0.5	99089	14	99082	6854100	69.17
2005-2009	8	0.00014	0.00014	0.5	99075	14	99068	6755019	68.18
2005-2009	9	0.00014	0.00014	0.5	99061	14	99054	6655951	67.19
2005-2009	10	0.00013	0.00013	0.5	99047	13	99041	6556897	66.20
2005-2009	11	0.00015	0.00015	0.5	99034	15	99026	6457856	65.21
2005-2009	12	0.00016	0.00016	0.5	99019	16	99011	6358830	64.22
2005-2009	13	0.00021	0.00021	0.5	99003	21	98992	6259819	63.23
2005-2009	14	0.00028	0.00028	0.5	98981	28	98967	6160827	62.24
2005-2009	15	0.00040	0.00040	0.5	98953	40	98933	6061860	61.26
2005-2009	16	0.00059	0.00059	0.5	98914	58	98885	5962927	60.28
2005-2009	17	0.00080	0.00080	0.5	98856	79	98816	5864042	59.32
2005-2009	18	0.00110	0.00110	0.5	98777	108	98722	5765226	58.37
2005-2009	19	0.00124	0.00124	0.5	98668	123	98607	5666504	57.43
2005-2009	20	0.00131	0.00131	0.5	98546	129	98481	5567897	56.50
2005-2009	21	0.00143	0.00143	0.5	98416	141	98346	5469416	55.57
2005-2009	22	0.00145	0.00145	0.5	98275	142	98204	5371070	54.65
2005-2009	23	0.00145	0.00145	0.5	98133	142	98062	5272866	53.73
2005-2009	24	0.00145	0.00145	0.5	97991	142	97920	5174804	52.81
2005-2009	25	0.00143	0.00143	0.5	97849	140	97779	5076884	51.89
2005-2009	26	0.00144	0.00144	0.5	97709	140	97639	4979105	50.96
2005-2009	27	0.00144	0.00144	0.5	97568	141	97498	4881467	50.03
2005-2009	28	0.00145	0.00144	0.5	97428	141	97357	4783969	49.10
2005-2009	29	0.00146	0.00146	0.5	97287	142	97216	4686611	48.17
2005-2009	30	0.00145	0.00145	0.5	97145	141	97074	4589395	47.24
2005-2009	31	0.00150	0.00150	0.5	97004	146	96931	4492321	46.31
2005-2009	32	0.00149	0.00148	0.5	96858	144	96786	4395390	45.38
2005-2009	33	0.00153	0.00153	0.5	96714	148	96640	4298603	44.45
2005-2009	34	0.00162	0.00162	0.5	96566	156	96488	4201963	43.51
2005-2009	35	0.00168	0.00168	0.5	96410	162	96329	4105475	42.58
2005-2009	36	0.00174	0.00174	0.5	96249	167	96165	4009145	41.65
2005-2009	37	0.00188	0.00188	0.5	96082	180	95991	3912980	40.73
2005-2009	38	0.00201	0.00201	0.5	95901	192	95805	3816989	39.80
2005-2009	39	0.00212	0.00212	0.5	95709	203	95607	3721184	38.88
2005-2009	40	0.00233	0.00233	0.5	95506	222	95395	3625576	37.96
2005-2009	41	0.00254	0.00254	0.5	95284	242	95163	3530181	37.05
2005-2009	42	0.00279	0.00278	0.5	95042	265	94910	3435018	36.14
2005-2009	43	0.00301	0.00301	0.5	94778	285	94635	3340108	35.24
2005-2009	44	0.00333	0.00332	0.5	94493	314	94336	3245473	34.35
2005-2009	45	0.00361	0.00360	0.5	94179	339	94010	3151136	33.46
2005-2009	46	0.00392	0.00391	0.5	93840	367	93657	3057127	32.58
2005-2009	47	0.00423	0.00422	0.5	93473	395	93276	2963470	31.70
2005-2009	48	0.00463	0.00462	0.5	93079	430	92863	2870194	30.84
2005-2009	49	0.00505	0.00504	0.5	92648	467	92415	2777331	29.98
2005-2009	50	0.00555	0.00554	0.5	92181	510	91926	2684916	29.13
2005-2009	51	0.00597	0.00595	0.5	91671	546	91398	2592990	28.29
2005-2009	52	0.00654	0.00652	0.5	91125	594	90828	2501591	27.45
2005-2009	53	0.00701	0.00698	0.5	90531	632	90215	2410763	26.63
2005-2009	54	0.00745	0.00742	0.5	89899	667	89566	2320548	25.81
2005-2009	55	0.00811	0.00808	0.5	89233	721	88872	2230982	25.00
2005-2009	56	0.00849	0.00846	0.5	88512	748	88138	2142109	24.20
2005-2009	57	0.00913	0.00909	0.5	87764	797	87365	2053972	23.40
2005-2009	58	0.00980	0.00975	0.5	86966	848	86542	1966607	22.61
2005-2009	59	0.01043	0.01038	0.5	86118	894	85671	1880065	21.83
2005-2009	60	0.01146	0.01140	0.5	85224	972	84738	1794394	21.06
2005-2009	61	0.01202	0.01195	0.5	84253	1007	83749	1709655	20.29
2005-2009	62	0.01327	0.01318	0.5	83246	1097	82697	1625906	19.53
2005-2009	63	0.01441	0.01431	0.5	82148	1176	81560	1543210	18.79
2005-2009	64	0.01575	0.01563	0.5	80973	1266	80340	1461649	18.05
2005-2009	65	0.01691	0.01677	0.5	79707	1337	79039	1381309	17.33
2005-2009	66	0.01822	0.01806	0.5	78370	1415	77663	1302271	16.62
2005-2009	67	0.01955	0.01936	0.5	76955	1490	76210	1224608	15.91
2005-2009	68	0.02115	0.02093	0.5	75465	1579	74675	1148398	15.22
2005-2009	69	0.02308	0.02282	0.5	73886	1686	73043	1073722	14.53
2005-2009	70	0.02536	0.02504	0.5	72200	1808	71296	1000680	13.86
2005-2009	71	0.02726	0.02689	0.5	70392	1893	69445	929384	13.20
2005-2009	72	0.03002	0.02957	0.5	68499	2026	67486	859939	12.55
2005-2009	73	0.03301	0.03247	0.5	66473	2159	65394	792453	11.92
2005-2009	74	0.03593	0.03530	0.5	64314	2270	63179	727059	11.30
2005-2009	75	0.03986	0.03908	0.5	62044	2425	60832	663880	10.70
2005-2009	76	0.04300	0.04210	0.5	59619	2510	58364	603048	10.11
2005-2009	77	0.04771	0.04660	0.5	57109	2661	55779	544683	9.54
2005-2009	78	0.05248	0.05114	0.5	54448	2784	53056	488904	8.98
2005-2009	79	0.05757	0.05596	0.5	51664	2891	50219	435848	8.44
2005-2009	80	0.06581	0.06372	0.5	48773	3108	47219	385630	7.91
2005-2009	81	0.07320	0.07061	0.5	45665	3225	44053	338411	7.41
2005-2009	82	0.08117	0.07801	0.5	42441	3311	40785	294358	6.94
2005-2009	83	0.09007	0.08618	0.5	39130	3372	37444	253572	6.48
2005-2009	84	0.10039	0.09559	0.5	35757	3418	34048	216129	6.04
2005-2009	85	0.11205	0.10611	0.5	32339	3431	30624	182080	5.63
2005-2009	86	0.12480	0.11747	0.5	28908	3396	27210	151457	5.24
2005-2009	87	0.13880	0.12979	0.5	25512	3311	23856	124247	4.87
2005-2009	88	0.15476	0.14364	0.5	22201	3189	20606	100390	4.52
2005-2009	89	0.17274	0.15900	0.5	19012	3023	17500	79784	4.20
2005-2009	90	0.19207	0.17524	0.5	15989	2802	14588	62284	3.90
2005-2009	91	0.21343	0.19285	0.5	13187	2543	11915	47696	3.62
2005-2009	92	0.23699	0.21189	0.5	10644	2255	9516	35780	3.36
2005-2009	93	0.26317	0.23257	0.5	8389	1951	7413	26264	3.13
2005-2009	94	0.29086	0.25393	0.5	6438	1635	5620	18851	2.93
2005-2009	95	0.30857	0.26732	0.5	4803	1284	4161	13231	2.75
2005-2009	96	0.33583	0.28755	0.5	3519	1012	3013	9070	2.58
2005-2009	97	0.36423	0.30812	0.5	2507	772	2121	6056	2.42
2005-2009	98	0.39361	0.32889	0.5	1735	570	1449	3936	2.27
2005-2009	99	0.42379	0.34969	0.5	1164	407	961	2486	2.14
2005-2009	100	0.45454	0.37036	0.5	757	280	617	1526	2.02
2005-2009	101	0.48564	0.39076	0.5	477	186	384	909	1.91
2005-2009	102	0.51685	0.41071	0.5	290	119	231	525	1.81
2005-2009	103	0.54794	0.43010	0.5	171	74	134	294	1.72
2005-2009	104	0.57865	0.44880	0.5	98	44	76	160	1.64
2005-2009	105	0.60876	0.46671	0.5	54	25	41	84	1.57
2005-2009	106	0.63808	0.48374	0.5	29	14	22	43	1.51
2005-2009	107	0.66639	0.49985	0.5	15	7	11	22	1.45
2005-2009	108	0.69356	0.51498	0.5	7	4	5	10	1.41
2005-2009	109	0.71944	0.52911	0.5	4	2	3	5	1.37
2005-2009	110+	0.74395	1.00000	1.34	2	2	2	2	1.34
2010-2014	0	0.00655	0.00651	0.06	100000	651	99390	7642857	76.43
2010-2014	1	0.00044	0.00044	0.5	99349	44	99327	7543467	75.93
2010-2014	2	0.00030	0.00030	0.5	99305	30	99291	7444140	74.96
2010-2014	3	0.00023	0.00023	0.5	99276	22	99265	7344850	73.98
2010-2014	4	0.00018	0.00018	0.5	99253	18	99244	7245585	73.00
2010-2014	5	0.00015	0.00015	0.5	99235	14	99228	7146341	72.01
2010-2014	6	0.00013	0.00013	0.5	99221	13	99214	7047113	71.02
2010-2014	7	0.00013	0.00013	0.5	99208	13	99202	6947899	70.03
2010-2014	8	0.00012	0.00012	0.5	99195	12	99189	6848697	69.04
2010-2014	9	0.00012	0.00012	0.5	99183	12	99177	6749508	68.05
2010-2014	10	0.00012	0.00012	0.5	99171	12	99165	6650331	67.06
2010-2014	11	0.00013	0.00013	0.5	99159	13	99153	6551166	66.07
2010-2014	12	0.00015	0.00015	0.5	99146	15	99139	6452014	65.08
2010-2014	13	0.00018	0.00018	0.5	99131	18	99122	6352875	64.09
2010-2014	14	0.00024	0.00024	0.5	99113	24	99101	6253753	63.10
2010-2014	15	0.00032	0.00032	0.5	99089	32	99073	6154652	62.11
2010-2014	16	0.00047	0.00047	0.5	99057	46	99034	6055579	61.13
2010-2014	17	0.00061	0.00061	0.5	99011	61	98981	5956545	60.16
2010-2014	18	0.00087	0.00087	0.5	98951	86	98907	5857564	59.20
2010-2014	19	0.00100	0.00100	0.5	98864	99	98815	5758656	58.25
2010-2014	20	0.00108	0.00108	0.5	98766	107	98712	5659841	57.31
2010-2014	21	0.00122	0.00122	0.5	98659	120	98599	5561129	56.37
2010-2014	22	0.00128	0.00128	0.5	98539	126	98475	5462530	55.44
2010-2014	23	0.00129	0.00129	0.5	98412	127	98349	5364054	54.51
2010-2014	24	0.00132	0.00132	0.5	98286	130	98221	5265705	53.58
2010-2014	25	0.00133	0.00133	0.5	98156	130	98091	5167485	52.65
2010-2014	26	0.00136	0.00136	0.5	98025	134	97959	5069394	51.72
2010-2014	27	0.00136	0.00136	0.5	97892	133	97825	4971435	50.79
2010-2014	28	0.00139	0.00139	0.5	97759	136	97691	4873610	49.85
2010-2014	29	0.00143	0.00143	0.5	97623	140	97553	4775919	48.92
2010-2014	30	0.00145	0.00144	0.5	97483	141	97413	4678366	47.99
2010-2014	31	0.00151	0.00151	0.5	97342	147	97269	4580954	47.06
2010-2014	32	0.00150	0.00150	0.5	97196	146	97123	4483685	46.13
2010-2014	33	0.00156	0.00156	0.5	97050	152	96974	4386562	45.20
2010-2014	34	0.00161	0.00161	0.5	96898	156	96820	4289588	44.27
2010-2014	35	0.00164	0.00164	0.5	96742	159	96663	4192768	43.34
2010-2014	36	0.00171	0.00171	0.5	96583	165	96501	4096105	42.41
2010-2014	37	0.00177	0.00177	0.5	96419	171	96333	3999604	41.48
2010-2014	38	0.00185	0.00184	0.5	96248	177	96159	3903271	40.55
2010-2014	39	0.00198	0.00198	0.5	96070	190	95975	3807112	39.63
2010-2014	40	0.00212	0.00212	0.5	95880	203	95778	3711137	38.71
2010-2014	41	0.00229	0.00229	0.5	95677	219	95567	3615359	37.79
2010-2014	42	0.00246	0.00245	0.5	95458	234	95341	3519792	36.87
2010-2014	43	0.00263	0.00262	0.5	95224	250	95099	3424451	35.96
2010-2014	44	0.00285	0.00285	0.5	94974	270	94839	3329352	35.06
2010-2014	45	0.00313	0.00313	0.5	94703	296	94555	3234514	34.15
2010-2014	46	0.00350	0.00350	0.5	94407	330	94242	3139959	33.26
2010-2014	47	0.00389	0.00389	0.5	94077	366	93894	3045717	32.37
2010-2014	48	0.00425	0.00424	0.5	93711	398	93513	2951822	31.50
2010-2014	49	0.00467	0.00466	0.5	93314	435	93096	2858310	30.63
2010-2014	50	0.00515	0.00514	0.5	92879	477	92640	2765214	29.77
2010-2014	51	0.00562	0.00560	0.5	92401	518	92143	2672574	28.92
2010-2014	52	0.00610	0.00608	0.5	91884	559	91604	2580431	28.08
2010-2014	53	0.00666	0.00664	0.5	91325	606	91022	2488827	27.25
2010-2014	54	0.00716	0.00713	0.5	90718	647	90395	2397805	26.43
2010-2014	55	0.00787	0.00784	0.5	90071	706	89718	2307410	25.62
2010-2014	56	0.00854	0.00850	0.5	89365	760	88985	2217692	24.82
2010-2014	57	0.00913	0.00909	0.5	88605	805	88202	2128707	24.02
2010-2014	58	0.00985	0.00980	0.5	87800	861	87369	2040505	23.24
2010-2014	59	0.01055	0.01049	0.5	86939	912	86483	1953136	22.47
2010-2014	60	0.01129	0.01123	0.5	86027	966	85544	1866652	21.70
2010-2014	61	0.01200	0.01193	0.5	85061	1015	84554	1781108	20.94
2010-2014	62	0.01276	0.01268	0.5	84046	1066	83513	1696555	20.19
2010-2014	63	0.01390	0.01380	0.5	82980	1145	82408	1613042	19.44
2010-2014	64	0.01469	0.01459	0.5	81835	1194	81238	1530634	18.70
2010-2014	65	0.01552	0.01540	0.5	80641	1242	80020	1449396	17.97
2010-2014	66	0.01680	0.01666	0.5	79399	1323	78738	1369375	17.25
2010-2014	67	0.01830	0.01814	0.5	78077	1416	77368	1290638	16.53
2010-2014	68	0.01977	0.01958	0.5	76660	1501	75910	1213269	15.83
2010-2014	69	0.02157	0.02134	0.5	75160	1604	74358	1137359	15.13
2010-2014	70	0.02354	0.02326	0.5	73556	1711	72700	1063002	14.45
2010-2014	71	0.02550	0.02518	0.5	71845	1809	70940	990301	13.78
2010-2014	72	0.02772	0.02734	0.5	70036	1915	69078	919361	13.13
2010-2014	73	0.03016	0.02971	0.5	68121	2024	67109	850283	12.48
2010-2014	74	0.03285	0.03232	0.5	66097	2136	65029	783175	11.85
2010-2014	75	0.03623	0.03559	0.5	63961	2276	62823	718146	11.23
2010-2014	76	0.03972	0.03895	0.5	61685	2402	60483	655323	10.62
2010-2014	77	0.04368	0.04274	0.5	59282	2534	58015	594840	10.03
2010-2014	78	0.04802	0.04689	0.5	56748	2661	55418	536825	9.46
2010-2014	79	0.05267	0.05132	0.5	54087	2776	52699	481407	8.90
2010-2014	80	0.05769	0.05607	0.5	51312	2877	49873	428708	8.36
2010-2014	81	0.06478	0.06275	0.5	48434	3039	46915	378835	7.82
2010-2014	82	0.07270	0.07015	0.5	45395	3184	43803	331920	7.31
2010-2014	83	0.08091	0.07776	0.5	42211	3282	40570	288117	6.83
2010-2014	84	0.09117	0.08720	0.5	38928	3394	37231	247547	6.36
2010-2014	85	0.10149	0.09659	0.5	35534	3432	33818	210316	5.92
2010-2014	86	0.11361	0.10750	0.5	32102	3451	30376	176499	5.50
2010-2014	87	0.12780	0.12012	0.5	28651	3442	26930	146122	5.10
2010-2014	88	0.14320	0.13364	0.5	25209	3369	23525	119192	4.73
2010-2014	89	0.15961	0.14781	0.5	21840	3228	20226	95667	4.38
2010-2014	90	0.18041	0.16548	0.5	18612	3080	17072	75441	4.05
2010-2014	91	0.19986	0.18170	0.5	15532	2822	14121	58369	3.76
2010-2014	92	0.22433	0.20170	0.5	12710	2564	11428	44248	3.48
2010-2014	93	0.24992	0.22216	0.5	10146	2254	9019	32820	3.23
2010-2014	94	0.27591	0.24246	0.5	7892	1914	6935	23800	3.02
2010-2014	95	0.29722	0.25876	0.5	5979	1547	5205	16865	2.82
2010-2014	96	0.32516	0.27969	0.5	4432	1239	3812	11660	2.63
2010-2014	97	0.35441	0.30106	0.5	3192	961	2712	7848	2.46
2010-2014	98	0.38478	0.32270	0.5	2231	720	1871	5136	2.30
2010-2014	99	0.41608	0.34443	0.5	1511	520	1251	3265	2.16
2010-2014	100	0.44808	0.36606	0.5	991	363	809	2014	2.03
2010-2014	101	0.48050	0.38742	0.5	628	243	506	1205	1.92
2010-2014	102	0.51310	0.40834	0.5	385	157	306	698	1.82
2010-2014	103	0.54558	0.42865	0.5	228	98	179	392	1.72
2010-2014	104	0.57768	0.44822	0.5	130	58	101	213	1.64
2010-2014	105	0.60913	0.46692	0.5	72	34	55	112	1.57
2010-2014	106	0.63971	0.48468	0.5	38	19	29	57	1.50
2010-2014	107	0.66919	0.50142	0.5	20	10	15	29	1.45
2010-2014	108	0.69740	0.51709	0.5	10	5	7	14	1.40
2010-2014	109	0.72420	0.53168	0.5	5	3	3	6	1.36
2010-2014	110+	0.74947	1.00000	1.33	2	2	3	3	1.33
2015-2019	0	0.00625	0.00622	0.06	100000	622	99417	7639418	76.39
2015-2019	1	0.00043	0.00043	0.5	99378	43	99357	7540002	75.87
2015-2019	2	0.00028	0.00028	0.5	99336	28	99322	7440645	74.90
2015-2019	3	0.00022	0.00022	0.5	99308	22	99297	7341323	73.92
2015-2019	4	0.00016	0.00016	0.5	99286	16	99278	7242026	72.94
2015-2019	5	0.00015	0.00015	0.5	99270	14	99263	7142748	71.95
2015-2019	6	0.00013	0.00013	0.5	99256	13	99249	7043485	70.96
2015-2019	7	0.00012	0.00012	0.5	99243	12	99237	6944236	69.97
2015-2019	8	0.00012	0.00012	0.5	99231	12	99225	6844999	68.98
2015-2019	9	0.00012	0.00012	0.5	99219	12	99213	6745774	67.99
2015-2019	10	0.00013	0.00013	0.5	99207	13	99200	6646562	67.00
2015-2019	11	0.00013	0.00013	0.5	99194	13	99187	6547362	66.01
2015-2019	12	0.00016	0.00016	0.5	99180	16	99173	6448175	65.01
2015-2019	13	0.00019	0.00019	0.5	99165	19	99155	6349002	64.02
2015-2019	14	0.00026	0.00026	0.5	99146	26	99133	6249847	63.04
2015-2019	15	0.00036	0.00036	0.5	99121	36	99103	6150713	62.05
2015-2019	16	0.00049	0.00049	0.5	99085	49	99060	6051611	61.08
2015-2019	17	0.00065	0.00065	0.5	99036	65	99003	5952550	60.11
2015-2019	18	0.00091	0.00091	0.5	98971	90	98926	5853547	59.14
2015-2019	19	0.00105	0.00105	0.5	98881	104	98829	5754621	58.20
2015-2019	20	0.00114	0.00114	0.5	98777	113	98721	5655791	57.26
2015-2019	21	0.00131	0.00130	0.5	98664	129	98600	5557071	56.32
2015-2019	22	0.00136	0.00136	0.5	98536	134	98469	5458471	55.40
2015-2019	23	0.00141	0.00141	0.5	98402	139	98332	5360002	54.47
2015-2019	24	0.00148	0.00148	0.5	98263	145	98190	5261669	53.55
2015-2019	25	0.00154	0.00153	0.5	98118	151	98042	5163479	52.63
2015-2019	26	0.00156	0.00156	0.5	97967	153	97891	5065437	51.71
2015-2019	27	0.00164	0.00164	0.5	97814	161	97734	4967546	50.79
2015-2019	28	0.00170	0.00169	0.5	97654	165	97571	4869812	49.87
2015-2019	29	0.00173	0.00173	0.5	97488	168	97404	4772242	48.95
2015-2019	30	0.00177	0.00176	0.5	97320	172	97234	4674838	48.04
2015-2019	31	0.00181	0.00181	0.5	97148	176	97060	4577604	47.12
2015-2019	32	0.00188	0.00188	0.5	96972	182	96881	4480544	46.20
2015-2019	33	0.00193	0.00193	0.5	96790	187	96697	4383662	45.29
2015-2019	34	0.00201	0.00201	0.5	96604	194	96507	4286965	44.38
2015-2019	35	0.00207	0.00207	0.5	96410	200	96310	4190458	43.46
2015-2019	36	0.00213	0.00212	0.5	96210	204	96108	4094148	42.55
2015-2019	37	0.00222	0.00221	0.5	96006	212	95900	3998040	41.64
2015-2019	38	0.00230	0.00230	0.5	95794	220	95684	3902140	40.73
2015-2019	39	0.00238	0.00238	0.5	95574	227	95460	3806456	39.83
2015-2019	40	0.00247	0.00247	0.5	95347	236	95229	3710996	38.92
2015-2019	41	0.00256	0.00256	0.5	95111	243	94989	3615767	38.02
2015-2019	42	0.00267	0.00266	0.5	94868	253	94742	3520778	37.11
2015-2019	43	0.00282	0.00281	0.5	94615	266	94482	3426036	36.21
2015-2019	44	0.00304	0.00304	0.5	94349	287	94206	3331554	35.31
2015-2019	45	0.00328	0.00327	0.5	94062	308	93908	3237349	34.42
2015-2019	46	0.00356	0.00356	0.5	93755	333	93588	3143440	33.53
2015-2019	47	0.00382	0.00381	0.5	93421	356	93243	3049852	32.65
2015-2019	48	0.00413	0.00413	0.5	93065	384	92873	2956609	31.77
2015-2019	49	0.00452	0.00451	0.5	92681	418	92472	2863736	30.90
2015-2019	50	0.00495	0.00493	0.5	92263	455	92035	2771264	30.04
2015-2019	51	0.00544	0.00543	0.5	91808	499	91559	2679228	29.18
2015-2019	52	0.00596	0.00595	0.5	91309	543	91038	2587670	28.34
2015-2019	53	0.00651	0.00649	0.5	90766	589	90472	2496632	27.51
2015-2019	54	0.00719	0.00717	0.5	90178	646	89854	2406160	26.68
2015-2019	55	0.00784	0.00781	0.5	89531	700	89182	2316306	25.87
2015-2019	56	0.00845	0.00841	0.5	88832	747	88458	2227124	25.07
2015-2019	57	0.00923	0.00919	0.5	88085	809	87680	2138666	24.28
2015-2019	58	0.00990	0.00985	0.5	87275	860	86845	2050986	23.50
2015-2019	59	0.01073	0.01068	0.5	86416	923	85954	1964140	22.73
2015-2019	60	0.01147	0.01141	0.5	85493	975	85005	1878186	21.97
2015-2019	61	0.01244	0.01236	0.5	84518	1045	83995	1793181	21.22
2015-2019	62	0.01335	0.01326	0.5	83473	1107	82919	1709185	20.48
2015-2019	63	0.01440	0.01430	0.5	82366	1178	81777	1626266	19.74
2015-2019	64	0.01526	0.01514	0.5	81188	1229	80573	1544489	19.02
2015-2019	65	0.01623	0.01610	0.5	79959	1287	79315	1463916	18.31
2015-2019	66	0.01721	0.01706	0.5	78671	1342	78000	1384601	17.60
2015-2019	67	0.01824	0.01807	0.5	77329	1398	76630	1306601	16.90
2015-2019	68	0.01959	0.01940	0.5	75931	1473	75195	1229971	16.20
2015-2019	69	0.02096	0.02074	0.5	74459	1544	73686	1154776	15.51
2015-2019	70	0.02259	0.02234	0.5	72914	1629	72100	1081089	14.83
2015-2019	71	0.02468	0.02438	0.5	71285	1738	70416	1008990	14.15
2015-2019	72	0.02697	0.02662	0.5	69548	1851	68622	938573	13.50
2015-2019	73	0.02910	0.02868	0.5	67697	1942	66726	869951	12.85
2015-2019	74	0.03219	0.03168	0.5	65755	2083	64713	803225	12.22
2015-2019	75	0.03525	0.03464	0.5	63672	2205	62569	738512	11.60
2015-2019	76	0.03847	0.03774	0.5	61467	2320	60307	675943	11.00
2015-2019	77	0.04203	0.04116	0.5	59147	2435	57929	615636	10.41
2015-2019	78	0.04578	0.04475	0.5	56712	2538	55443	557707	9.83
2015-2019	79	0.05075	0.04950	0.5	54174	2681	52833	502264	9.27
2015-2019	80	0.05598	0.05446	0.5	51492	2804	50090	449431	8.73
2015-2019	81	0.06138	0.05956	0.5	48688	2900	47238	399341	8.20
2015-2019	82	0.06748	0.06528	0.5	45788	2989	44294	352103	7.69
2015-2019	83	0.07439	0.07172	0.5	42800	3070	41265	307809	7.19
2015-2019	84	0.08271	0.07943	0.5	39730	3156	38152	266544	6.71
2015-2019	85	0.09175	0.08773	0.5	36574	3209	34970	228392	6.24
2015-2019	86	0.10363	0.09852	0.5	33366	3287	31722	193422	5.80
2015-2019	87	0.11710	0.11063	0.5	30078	3327	28415	161700	5.38
2015-2019	88	0.13189	0.12373	0.5	26751	3310	25096	133285	4.98
2015-2019	89	0.14816	0.13794	0.5	23441	3233	21824	108189	4.62
2015-2019	90	0.16638	0.15360	0.5	20207	3104	18656	86365	4.27
2015-2019	91	0.18606	0.17023	0.5	17104	2912	15648	67710	3.96
2015-2019	92	0.20901	0.18923	0.5	14192	2686	12849	52062	3.67
2015-2019	93	0.23390	0.20941	0.5	11506	2410	10302	39213	3.41
2015-2019	94	0.25854	0.22895	0.5	9097	2083	8056	28911	3.18
2015-2019	95	0.27784	0.24395	0.5	7014	1711	6159	20855	2.97
2015-2019	96	0.30452	0.26428	0.5	5303	1402	4602	14697	2.77
2015-2019	97	0.33259	0.28517	0.5	3902	1113	3345	10094	2.59
2015-2019	98	0.36190	0.30645	0.5	2789	855	2362	6749	2.42
2015-2019	99	0.39228	0.32795	0.5	1934	634	1617	4387	2.27
2015-2019	100	0.42351	0.34950	0.5	1300	454	1073	2770	2.13
2015-2019	101	0.45536	0.37091	0.5	846	314	689	1697	2.01
2015-2019	102	0.48759	0.39202	0.5	532	209	428	1009	1.90
2015-2019	103	0.51992	0.41265	0.5	323	133	257	581	1.80
2015-2019	104	0.55208	0.43265	0.5	190	82	149	324	1.71
2015-2019	105	0.58381	0.45190	0.5	108	49	83	175	1.63
2015-2019	106	0.61487	0.47029	0.5	59	28	45	92	1.56
2015-2019	107	0.64501	0.48772	0.5	31	15	24	47	1.49
2015-2019	108	0.67405	0.50414	0.5	16	8	12	23	1.44
2015-2019	109	0.70181	0.51951	0.5	8	4	6	11	1.40
2015-2019	110+	0.72816	1.00000	1.37	4	4	5	5	1.37
