USA: United States of America, Lifetables (period 5x1), Males Last modified: 20 Dec 2020, MPv5 (May07) 

Year	Age	mx	qx	ax	lx	dx	Lx	Tx	ex
1959	0	0.03060	0.02980	0.13	100000	2980	97399	6680542	66.81
1959	1-4	0.00116	0.00461	1.61	97020	448	387008	6583143	67.85
1959	5-9	0.00057	0.00285	2.36	96572	275	482134	6196135	64.16
1959	10-14	0.00059	0.00294	2.69	96297	283	480831	5714001	59.34
1959	15-19	0.00136	0.00676	2.78	96014	649	478633	5233170	54.50
1959	20-24	0.00180	0.00897	2.44	95365	856	474637	4754536	49.86
1959	25-29	0.00170	0.00849	2.49	94510	802	470535	4279900	45.29
1959	30-34	0.00204	0.01013	2.6	93708	949	466259	3809365	40.65
1959	35-39	0.00285	0.01417	2.66	92758	1315	460716	3343106	36.04
1959	40-44	0.00455	0.02254	2.7	91444	2061	452484	2882390	31.52
1959	45-49	0.00755	0.03710	2.69	89383	3316	439269	2429906	27.19
1959	50-54	0.01224	0.05951	2.65	86067	5122	418313	1990638	23.13
1959	55-59	0.01837	0.08804	2.63	80945	7126	387822	1572324	19.42
1959	60-64	0.02756	0.12924	2.59	73819	9540	346133	1184502	16.05
1959	65-69	0.04059	0.18466	2.56	64278	11870	292452	838369	13.04
1959	70-74	0.05764	0.25235	2.53	52409	13225	229430	545917	10.42
1959	75-79	0.08516	0.35110	2.5	39183	13757	161553	316487	8.08
1959	80-84	0.12893	0.48328	2.41	25426	12288	95307	154934	6.09
1959	85-89	0.19309	0.63210	2.27	13138	8305	43010	59626	4.54
1959	90-94	0.27064	0.75679	2.09	4834	3658	13516	16616	3.44
1959	95-99	0.36596	0.85516	1.89	1176	1005	2747	3100	2.64
1959	100-104	0.47467	0.92044	1.67	170	157	330	353	2.07
1959	105-109	0.58628	0.95720	1.48	14	13	22	23	1.70
1959	110+	0.67470	1.00000	1.48	1	1	1	1	1.48
1960	0	0.03027	0.02949	0.13	100000	2949	97423	6664412	66.64
1960	1-4	0.00119	0.00474	1.62	97051	460	387108	6566989	67.67
1960	5-9	0.00056	0.00278	2.35	96591	268	482243	6179880	63.98
1960	10-14	0.00055	0.00274	2.69	96322	264	481004	5697637	59.15
1960	15-19	0.00131	0.00653	2.85	96059	627	478942	5216633	54.31
1960	20-24	0.00178	0.00888	2.45	95431	848	474997	4737691	49.65
1960	25-29	0.00175	0.00869	2.49	94583	822	470853	4262694	45.07
1960	30-34	0.00201	0.01000	2.61	93762	938	466567	3791842	40.44
1960	35-39	0.00290	0.01440	2.68	92824	1337	461021	3325275	35.82
1960	40-44	0.00462	0.02284	2.69	91487	2089	452611	2864254	31.31
1960	45-49	0.00764	0.03755	2.7	89398	3357	439254	2411643	26.98
1960	50-54	0.01251	0.06074	2.65	86041	5227	417901	1972390	22.92
1960	55-59	0.01865	0.08929	2.62	80815	7216	386927	1554489	19.24
1960	60-64	0.02827	0.13244	2.62	73599	9748	344805	1167562	15.86
1960	65-69	0.04141	0.18804	2.56	63851	12006	289947	822757	12.89
1960	70-74	0.05976	0.26030	2.53	51845	13495	225838	532810	10.28
1960	75-79	0.08613	0.35417	2.49	38350	13582	157701	306971	8.00
1960	80-84	0.13115	0.48912	2.4	24767	12114	92366	149270	6.03
1960	85-89	0.19514	0.63495	2.25	12653	8034	41170	56905	4.50
1960	90-94	0.27357	0.76059	2.08	4619	3513	12842	15734	3.41
1960	95-99	0.36934	0.85778	1.88	1106	949	2568	2892	2.62
1960	100-104	0.47793	0.92183	1.67	157	145	303	324	2.06
1960	105-109	0.58910	0.95785	1.48	12	12	20	21	1.69
1960	110+	0.67704	1.00000	1.48	1	1	1	1	1.48
1961	0	0.02922	0.02849	0.12	100000	2849	97503	6704285	67.04
1961	1-4	0.00110	0.00439	1.62	97151	426	387589	6606782	68.01
1961	5-9	0.00052	0.00259	2.32	96725	251	482951	6219193	64.30
1961	10-14	0.00054	0.00270	2.72	96474	260	481776	5736242	59.46
1961	15-19	0.00121	0.00605	2.82	96213	582	479802	5254466	54.61
1961	20-24	0.00177	0.00880	2.48	95632	841	476036	4774665	49.93
1961	25-29	0.00168	0.00836	2.52	94790	792	471990	4298629	45.35
1961	30-34	0.00198	0.00987	2.59	93998	928	467751	3826639	40.71
1961	35-39	0.00284	0.01412	2.67	93070	1314	462287	3358888	36.09
1961	40-44	0.00454	0.02247	2.69	91756	2062	454010	2896601	31.57
1961	45-49	0.00735	0.03613	2.68	89694	3241	440953	2442591	27.23
1961	50-54	0.01211	0.05889	2.64	86453	5092	420273	2001638	23.15
1961	55-59	0.01823	0.08733	2.62	81362	7106	389866	1581365	19.44
1961	60-64	0.02756	0.12929	2.61	74256	9600	348337	1191499	16.05
1961	65-69	0.04068	0.18496	2.55	64656	11959	293936	843162	13.04
1961	70-74	0.05803	0.25361	2.52	52697	13365	230311	549226	10.42
1961	75-79	0.08411	0.34748	2.5	39332	13667	162501	318915	8.11
1961	80-84	0.12899	0.48337	2.41	25665	12406	96179	156414	6.09
1961	85-89	0.19310	0.63098	2.25	13259	8366	43326	60235	4.54
1961	90-94	0.26894	0.75684	2.11	4893	3703	13770	16909	3.46
1961	95-99	0.36581	0.85503	1.89	1190	1017	2781	3139	2.64
1961	100-104	0.47439	0.92031	1.68	172	159	335	358	2.08
1961	105-109	0.58589	0.95710	1.48	14	13	22	23	1.70
1961	110+	0.67424	1.00000	1.48	1	1	1	1	1.48
1962	0	0.02887	0.02816	0.12	100000	2816	97529	6690736	66.91
1962	1-4	0.00105	0.00419	1.61	97184	408	387761	6593208	67.84
1962	5-9	0.00051	0.00256	2.34	96776	247	483223	6205446	64.12
1962	10-14	0.00054	0.00268	2.74	96529	258	482061	5722224	59.28
1962	15-19	0.00124	0.00619	2.85	96271	596	480073	5240163	54.43
1962	20-24	0.00177	0.00883	2.51	95674	845	476264	4760090	49.75
1962	25-29	0.00170	0.00844	2.51	94830	801	472155	4283826	45.17
1962	30-34	0.00201	0.00999	2.6	94029	939	467894	3811671	40.54
1962	35-39	0.00293	0.01455	2.65	93090	1354	462270	3343777	35.92
1962	40-44	0.00453	0.02242	2.69	91735	2057	453918	2881507	31.41
1962	45-49	0.00745	0.03660	2.68	89679	3282	440783	2427589	27.07
1962	50-54	0.01231	0.05981	2.67	86396	5167	419916	1986805	23.00
1962	55-59	0.01855	0.08886	2.64	81229	7218	389095	1566889	19.29
1962	60-64	0.02771	0.13000	2.62	74011	9621	347173	1177794	15.91
1962	65-69	0.04160	0.18864	2.53	64390	12146	292009	830621	12.90
1962	70-74	0.05927	0.25855	2.53	52244	13508	227907	538612	10.31
1962	75-79	0.08514	0.35096	2.5	38736	13595	159665	310705	8.02
1962	80-84	0.13076	0.48852	2.41	25141	12282	93926	151039	6.01
1962	85-89	0.19760	0.64074	2.26	12859	8239	41698	57113	4.44
1962	90-94	0.27937	0.76720	2.06	4620	3544	12686	15415	3.34
1962	95-99	0.38155	0.86751	1.86	1075	933	2445	2729	2.54
1962	100-104	0.49564	0.92951	1.64	142	132	267	284	1.99
1962	105-109	0.61078	0.96286	1.44	10	10	16	16	1.63
1962	110+	0.70067	1.00000	1.43	0	0	1	1	1.43
1963	0	0.02886	0.02815	0.12	100000	2815	97530	6666280	66.66
1963	1-4	0.00109	0.00434	1.6	97185	422	387727	6568750	67.59
1963	5-9	0.00052	0.00258	2.34	96763	249	483153	6181023	63.88
1963	10-14	0.00052	0.00259	2.74	96514	250	482004	5697871	59.04
1963	15-19	0.00128	0.00638	2.78	96264	614	479959	5215866	54.18
1963	20-24	0.00179	0.00892	2.5	95650	853	476118	4735907	49.51
1963	25-29	0.00178	0.00884	2.5	94797	838	471892	4259789	44.94
1963	30-34	0.00205	0.01022	2.63	93959	961	467514	3787897	40.31
1963	35-39	0.00298	0.01481	2.66	92998	1377	461771	3320383	35.70
1963	40-44	0.00459	0.02268	2.67	91621	2078	453266	2858611	31.20
1963	45-49	0.00757	0.03719	2.68	89543	3331	439973	2405346	26.86
1963	50-54	0.01234	0.05995	2.66	86212	5168	418975	1965373	22.80
1963	55-59	0.01907	0.09124	2.63	81044	7394	387679	1546398	19.08
1963	60-64	0.02807	0.13149	2.6	73650	9684	344994	1158718	15.73
1963	65-69	0.04269	0.19306	2.53	63965	12349	289293	813724	12.72
1963	70-74	0.06145	0.26662	2.52	51616	13762	223966	524431	10.16
1963	75-79	0.08562	0.35107	2.44	37854	13289	155221	300465	7.94
1963	80-84	0.13362	0.49617	2.41	24565	12188	91216	145244	5.91
1963	85-89	0.20209	0.64931	2.25	12377	8036	39767	54028	4.37
1963	90-94	0.28431	0.77330	2.05	4340	3356	11805	14262	3.29
1963	95-99	0.38837	0.87243	1.84	984	858	2210	2457	2.50
1963	100-104	0.50321	0.93243	1.62	126	117	233	246	1.96
1963	105-109	0.61832	0.96441	1.43	8	8	13	14	1.61
1963	110+	0.70778	1.00000	1.41	0	0	0	0	1.41
1964	0	0.02820	0.02752	0.12	100000	2752	97580	6685228	66.85
1964	1-4	0.00107	0.00426	1.64	97248	414	388015	6587648	67.74
1964	5-9	0.00051	0.00256	2.34	96834	248	483512	6199633	64.02
1964	10-14	0.00053	0.00265	2.76	96586	256	482359	5716122	59.18
1964	15-19	0.00136	0.00680	2.82	96330	655	480222	5233763	54.33
1964	20-24	0.00181	0.00901	2.51	95675	862	476229	4753541	49.68
1964	25-29	0.00182	0.00907	2.51	94813	860	471925	4277312	45.11
1964	30-34	0.00215	0.01070	2.61	93954	1006	467367	3805387	40.50
1964	35-39	0.00301	0.01494	2.68	92948	1389	461511	3338020	35.91
1964	40-44	0.00468	0.02316	2.68	91559	2121	452877	2876509	31.42
1964	45-49	0.00747	0.03670	2.68	89438	3283	439569	2423632	27.10
1964	50-54	0.01210	0.05885	2.66	86156	5070	418929	1984063	23.03
1964	55-59	0.01871	0.08956	2.63	81085	7262	388202	1565134	19.30
1964	60-64	0.02786	0.13058	2.6	73824	9640	345974	1176932	15.94
1964	65-69	0.04153	0.18853	2.56	64184	12101	291349	830958	12.95
1964	70-74	0.06007	0.26165	2.54	52083	13627	226870	539609	10.36
1964	75-79	0.08320	0.34264	2.43	38456	13176	158364	312740	8.13
1964	80-84	0.12878	0.48353	2.42	25279	12223	94918	154375	6.11
1964	85-89	0.19201	0.62975	2.27	13056	8222	42820	59457	4.55
1964	90-94	0.26963	0.75380	2.08	4834	3644	13514	16637	3.44
1964	95-99	0.36788	0.85680	1.88	1190	1020	2772	3123	2.62
1964	100-104	0.47785	0.92192	1.67	170	157	329	351	2.06
1964	105-109	0.59048	0.95825	1.48	13	13	22	22	1.68
1964	110+	0.67950	1.00000	1.47	1	1	1	1	1.47
1965	0	0.02742	0.02677	0.12	100000	2677	97641	6681703	66.82
1965	1-4	0.00104	0.00415	1.64	97323	404	388340	6584062	67.65
1965	5-9	0.00050	0.00251	2.35	96919	243	483949	6195722	63.93
1965	10-14	0.00052	0.00257	2.74	96676	249	482816	5711772	59.08
1965	15-19	0.00140	0.00699	2.82	96427	674	480667	5228957	54.23
1965	20-24	0.00182	0.00905	2.49	95753	866	476587	4748289	49.59
1965	25-29	0.00185	0.00922	2.53	94887	875	472269	4271702	45.02
1965	30-34	0.00213	0.01060	2.57	94011	997	467635	3799433	40.41
1965	35-39	0.00302	0.01499	2.66	93015	1394	461812	3331798	35.82
1965	40-44	0.00468	0.02313	2.66	91621	2119	453152	2869986	31.32
1965	45-49	0.00745	0.03662	2.68	89502	3277	439914	2416834	27.00
1965	50-54	0.01222	0.05939	2.66	86224	5121	419141	1976920	22.93
1965	55-59	0.01873	0.08970	2.64	81103	7275	388332	1557779	19.21
1965	60-64	0.02821	0.13212	2.6	73829	9754	345739	1169447	15.84
1965	65-69	0.04182	0.18989	2.58	64074	12167	290946	823708	12.86
1965	70-74	0.06018	0.26209	2.54	51907	13604	226056	532762	10.26
1965	75-79	0.08616	0.35338	2.46	38303	13536	157091	306706	8.01
1965	80-84	0.13013	0.48650	2.41	24767	12049	92597	149615	6.04
1965	85-89	0.19541	0.63533	2.25	12718	8080	41349	57018	4.48
1965	90-94	0.27606	0.76298	2.07	4638	3539	12818	15669	3.38
1965	95-99	0.37267	0.86056	1.87	1099	946	2538	2851	2.59
1965	100-104	0.48334	0.92429	1.66	153	142	293	312	2.04
1965	105-109	0.59617	0.95957	1.47	12	11	19	19	1.67
1965	110+	0.68505	1.00000	1.46	0	0	1	1	1.46
1966	0	0.02666	0.02605	0.12	100000	2605	97699	6670178	66.70
1966	1-4	0.00105	0.00420	1.61	97395	409	388605	6572480	67.48
1966	5-9	0.00051	0.00255	2.31	96986	247	484266	6183875	63.76
1966	10-14	0.00052	0.00259	2.75	96739	250	483134	5699609	58.92
1966	15-19	0.00152	0.00759	2.87	96489	732	480884	5216475	54.06
1966	20-24	0.00189	0.00942	2.49	95757	902	476525	4735591	49.45
1966	25-29	0.00188	0.00937	2.49	94855	889	472048	4259065	44.90
1966	30-34	0.00218	0.01084	2.59	93966	1019	467375	3787017	40.30
1966	35-39	0.00303	0.01506	2.67	92947	1400	461472	3319642	35.72
1966	40-44	0.00478	0.02363	2.67	91548	2163	452694	2858170	31.22
1966	45-49	0.00753	0.03698	2.67	89385	3306	439220	2405476	26.91
1966	50-54	0.01229	0.05974	2.65	86079	5143	418302	1966256	22.84
1966	55-59	0.01904	0.09113	2.64	80936	7375	387288	1547953	19.13
1966	60-64	0.02850	0.13336	2.59	73561	9810	344164	1160666	15.78
1966	65-69	0.04193	0.19021	2.56	63751	12126	289167	816502	12.81
1966	70-74	0.06056	0.26342	2.53	51625	13599	224566	527335	10.21
1966	75-79	0.08782	0.35886	2.45	38026	13646	155387	302769	7.96
1966	80-84	0.13029	0.48692	2.41	24380	11871	91110	147381	6.05
1966	85-89	0.19427	0.63302	2.25	12509	7918	40758	56271	4.50
1966	90-94	0.27628	0.76228	2.06	4591	3499	12665	15512	3.38
1966	95-99	0.37032	0.85866	1.88	1091	937	2530	2847	2.61
1966	100-104	0.47997	0.92279	1.67	154	142	297	317	2.05
1966	105-109	0.59205	0.95858	1.47	12	11	19	20	1.68
1966	110+	0.68056	1.00000	1.47	0	0	1	1	1.47
1967	0	0.02552	0.02496	0.11	100000	2496	97787	6695437	66.95
1967	1-4	0.00100	0.00397	1.66	97504	387	389107	6597650	67.67
1967	5-9	0.00049	0.00247	2.32	97117	239	484941	6208543	63.93
1967	10-14	0.00051	0.00256	2.76	96877	248	483831	5723602	59.08
1967	15-19	0.00151	0.00751	2.9	96629	725	481621	5239771	54.23
1967	20-24	0.00194	0.00966	2.49	95904	926	477194	4758149	49.61
1967	25-29	0.00190	0.00946	2.52	94977	899	472656	4280955	45.07
1967	30-34	0.00219	0.01089	2.61	94079	1024	467939	3808299	40.48
1967	35-39	0.00307	0.01526	2.66	93054	1420	461945	3340359	35.90
1967	40-44	0.00476	0.02355	2.66	91634	2158	453130	2878414	31.41
1967	45-49	0.00744	0.03655	2.67	89476	3270	439755	2425284	27.11
1967	50-54	0.01206	0.05864	2.67	86206	5055	419241	1985529	23.03
1967	55-59	0.01865	0.08933	2.64	81150	7249	388677	1566288	19.30
1967	60-64	0.02804	0.13135	2.6	73902	9707	346198	1177611	15.93
1967	65-69	0.04080	0.18555	2.56	64195	11912	291951	831412	12.95
1967	70-74	0.05997	0.26125	2.54	52283	13659	227783	539461	10.32
1967	75-79	0.08642	0.35443	2.46	38624	13690	158414	311678	8.07
1967	80-84	0.12729	0.47901	2.42	24935	11944	93830	153264	6.15
1967	85-89	0.18982	0.62474	2.26	12991	8116	42756	59434	4.58
1967	90-94	0.27257	0.75986	2.09	4875	3704	13590	16678	3.42
1967	95-99	0.36575	0.85514	1.89	1171	1001	2737	3088	2.64
1967	100-104	0.47574	0.92102	1.67	170	156	328	351	2.07
1967	105-109	0.58860	0.95781	1.48	13	13	22	23	1.69
1967	110+	0.67788	1.00000	1.48	1	1	1	1	1.48
1968	0	0.02510	0.02456	0.11	100000	2456	97820	6659410	66.59
1968	1-4	0.00099	0.00394	1.65	97544	385	389273	6561590	67.27
1968	5-9	0.00052	0.00258	2.31	97160	251	485123	6172317	63.53
1968	10-14	0.00053	0.00265	2.78	96909	257	483975	5687194	58.69
1968	15-19	0.00160	0.00799	2.89	96652	772	481628	5203219	53.83
1968	20-24	0.00209	0.01038	2.46	95880	995	476877	4721590	49.24
1968	25-29	0.00200	0.00997	2.51	94885	946	472068	4244713	44.74
1968	30-34	0.00228	0.01136	2.57	93939	1067	467104	3772646	40.16
1968	35-39	0.00315	0.01565	2.63	92872	1454	460913	3305541	35.59
1968	40-44	0.00490	0.02423	2.65	91418	2215	451889	2844629	31.12
1968	45-49	0.00764	0.03752	2.66	89204	3347	438174	2392739	26.82
1968	50-54	0.01230	0.05976	2.66	85856	5131	417256	1954565	22.77
1968	55-59	0.01902	0.09096	2.62	80725	7343	386170	1537309	19.04
1968	60-64	0.02898	0.13545	2.59	73382	9940	343005	1151139	15.69
1968	65-69	0.04203	0.19044	2.54	63443	12082	287495	808134	12.74
1968	70-74	0.06204	0.26881	2.52	51360	13806	222535	520639	10.14
1968	75-79	0.08894	0.36257	2.45	37554	13616	153086	298105	7.94
1968	80-84	0.12978	0.48547	2.41	23938	11621	89545	145019	6.06
1968	85-89	0.19300	0.63089	2.26	12317	7771	40262	55475	4.50
1968	90-94	0.27988	0.76789	2.06	4546	3491	12473	15212	3.35
1968	95-99	0.37230	0.86031	1.87	1055	908	2438	2739	2.60
1968	100-104	0.48324	0.92428	1.66	147	136	282	301	2.04
1968	105-109	0.59637	0.95963	1.47	11	11	18	19	1.67
1968	110+	0.68547	1.00000	1.46	0	0	1	1	1.46
1969	0	0.02449	0.02397	0.11	100000	2397	97869	6678897	66.79
1969	1-4	0.00096	0.00382	1.67	97603	373	389547	6581028	67.43
1969	5-9	0.00052	0.00259	2.38	97231	251	485494	6191482	63.68
1969	10-14	0.00052	0.00258	2.8	96979	250	484346	5705987	58.84
1969	15-19	0.00166	0.00828	2.89	96729	801	481958	5221642	53.98
1969	20-24	0.00222	0.01103	2.47	95928	1058	476964	4739684	49.41
1969	25-29	0.00206	0.01023	2.52	94870	970	471942	4262719	44.93
1969	30-34	0.00230	0.01142	2.58	93900	1073	466908	3790777	40.37
1969	35-39	0.00318	0.01580	2.64	92827	1466	460679	3323869	35.81
1969	40-44	0.00493	0.02439	2.67	91361	2228	451623	2863191	31.34
1969	45-49	0.00760	0.03731	2.65	89133	3326	437835	2411567	27.06
1969	50-54	0.01197	0.05821	2.67	85807	4995	417389	1973732	23.00
1969	55-59	0.01866	0.08934	2.63	80812	7219	386960	1556344	19.26
1969	60-64	0.02818	0.13197	2.6	73593	9712	344695	1169384	15.89
1969	65-69	0.04136	0.18785	2.56	63880	12000	290162	824688	12.91
1969	70-74	0.06006	0.26170	2.55	51880	13577	226071	534526	10.30
1969	75-79	0.08721	0.35708	2.46	38303	13677	156827	308455	8.05
1969	80-84	0.12795	0.48041	2.41	24626	11831	92463	151628	6.16
1969	85-89	0.18767	0.62079	2.27	12795	7943	42325	59165	4.62
1969	90-94	0.26843	0.75565	2.11	4852	3667	13659	16840	3.47
1969	95-99	0.35918	0.84953	1.9	1186	1007	2804	3181	2.68
1969	100-104	0.46602	0.91643	1.69	178	163	351	377	2.11
1969	105-109	0.57646	0.95472	1.5	15	14	25	26	1.72
1969	110+	0.66441	1.00000	1.51	1	1	1	1	1.51
1970	0	0.02360	0.02312	0.11	100000	2312	97939	6703925	67.04
1970	1-4	0.00093	0.00373	1.7	97688	364	389917	6605986	67.62
1970	5-9	0.00050	0.00250	2.34	97325	244	485975	6216070	63.87
1970	10-14	0.00051	0.00256	2.79	97081	249	484854	5730094	59.02
1970	15-19	0.00159	0.00791	2.89	96832	766	482541	5245240	54.17
1970	20-24	0.00220	0.01095	2.47	96066	1052	477664	4762700	49.58
1970	25-29	0.00201	0.00999	2.47	95013	950	472667	4285035	45.10
1970	30-34	0.00229	0.01138	2.58	94064	1070	467731	3812368	40.53
1970	35-39	0.00314	0.01557	2.64	92994	1448	461552	3344637	35.97
1970	40-44	0.00485	0.02399	2.67	91546	2197	452623	2883085	31.49
1970	45-49	0.00756	0.03713	2.66	89350	3317	438978	2430462	27.20
1970	50-54	0.01179	0.05738	2.67	86032	4936	418650	1991484	23.15
1970	55-59	0.01850	0.08863	2.63	81096	7188	388438	1572834	19.39
1970	60-64	0.02785	0.13059	2.62	73908	9652	346533	1184396	16.03
1970	65-69	0.04091	0.18602	2.56	64257	11953	292154	837863	13.04
1970	70-74	0.05886	0.25720	2.55	52304	13452	228567	545710	10.43
1970	75-79	0.08647	0.35484	2.47	38851	13786	159431	317142	8.16
1970	80-84	0.12432	0.47028	2.41	25065	11788	94818	157711	6.29
1970	85-89	0.18268	0.60943	2.27	13278	8092	44294	62893	4.74
1970	90-94	0.25812	0.73937	2.11	5186	3834	14854	18599	3.59
1970	95-99	0.34669	0.83865	1.92	1352	1134	3270	3745	2.77
1970	100-104	0.45038	0.90869	1.72	218	198	440	475	2.18
1970	105-109	0.55888	0.94994	1.53	20	19	34	35	1.78
1970	110+	0.64600	1.00000	1.55	1	1	2	2	1.55
1971	0	0.02162	0.02121	0.1	100000	2121	98098	6739374	67.39
1971	1-4	0.00090	0.00360	1.7	97879	352	390708	6641276	67.85
1971	5-9	0.00049	0.00247	2.33	97528	241	486994	6250568	64.09
1971	10-14	0.00050	0.00248	2.79	97287	241	485899	5763574	59.24
1971	15-19	0.00159	0.00791	2.87	97045	768	483594	5277675	54.38
1971	20-24	0.00221	0.01100	2.53	96277	1059	478768	4794081	49.79
1971	25-29	0.00201	0.00999	2.51	95219	951	473726	4315313	45.32
1971	30-34	0.00224	0.01113	2.58	94267	1049	468798	3841587	40.75
1971	35-39	0.00312	0.01548	2.65	93219	1443	462696	3372789	36.18
1971	40-44	0.00466	0.02305	2.69	91776	2115	453983	2910093	31.71
1971	45-49	0.00737	0.03623	2.65	89660	3248	440662	2456110	27.39
1971	50-54	0.01146	0.05580	2.66	86413	4822	420786	2015448	23.32
1971	55-59	0.01794	0.08602	2.63	81591	7018	391317	1594662	19.54
1971	60-64	0.02724	0.12791	2.62	74572	9539	350117	1203345	16.14
1971	65-69	0.03967	0.18077	2.55	65034	11756	296340	853227	13.12
1971	70-74	0.05806	0.25377	2.52	53278	13521	232865	556888	10.45
1971	75-79	0.08668	0.35566	2.48	39757	14140	163136	324023	8.15
1971	80-84	0.12369	0.46839	2.41	25617	11999	97007	160887	6.28
1971	85-89	0.18486	0.61456	2.27	13618	8369	45273	63879	4.69
1971	90-94	0.26101	0.74361	2.11	5249	3903	14954	18606	3.54
1971	95-99	0.35454	0.84578	1.91	1346	1138	3210	3652	2.71
1971	100-104	0.46205	0.91466	1.7	208	190	411	442	2.13
1971	105-109	0.57360	0.95405	1.5	18	17	29	31	1.73
1971	110+	0.66255	1.00000	1.51	1	1	1	1	1.51
1972	0	0.02049	0.02012	0.1	100000	2012	98189	6743466	67.43
1972	1-4	0.00089	0.00356	1.68	97988	349	391141	6645277	67.82
1972	5-9	0.00047	0.00235	2.37	97639	229	487590	6254135	64.05
1972	10-14	0.00050	0.00252	2.75	97409	246	486495	5766546	59.20
1972	15-19	0.00160	0.00796	2.84	97164	774	484149	5280050	54.34
1972	20-24	0.00219	0.01090	2.49	96390	1051	479317	4795901	49.76
1972	25-29	0.00202	0.01003	2.53	95340	956	474333	4316584	45.28
1972	30-34	0.00223	0.01108	2.59	94383	1046	469398	3842251	40.71
1972	35-39	0.00304	0.01509	2.64	93337	1409	463364	3372853	36.14
1972	40-44	0.00463	0.02289	2.67	91929	2104	454731	2909489	31.65
1972	45-49	0.00749	0.03681	2.65	89825	3306	441357	2454758	27.33
1972	50-54	0.01146	0.05582	2.65	86519	4829	421227	2013401	23.27
1972	55-59	0.01782	0.08550	2.63	81690	6985	391913	1592174	19.49
1972	60-64	0.02758	0.12941	2.62	74705	9668	350473	1200261	16.07
1972	65-69	0.03979	0.18136	2.57	65037	11795	296475	849789	13.07
1972	70-74	0.05890	0.25720	2.54	53242	13694	232486	553313	10.39
1972	75-79	0.08779	0.35932	2.48	39548	14210	161868	320827	8.11
1972	80-84	0.12522	0.47309	2.42	25338	11987	95730	158959	6.27
1972	85-89	0.18211	0.60925	2.28	13351	8134	44664	63229	4.74
1972	90-94	0.26066	0.74615	2.14	5217	3893	14933	18565	3.56
1972	95-99	0.35055	0.84215	1.92	1324	1115	3181	3632	2.74
1972	100-104	0.45578	0.91148	1.71	209	191	418	451	2.16
1972	105-109	0.56544	0.95181	1.52	19	18	31	33	1.76
1972	110+	0.65325	1.00000	1.53	1	1	1	1	1.53
1973	0	0.02018	0.01982	0.1	100000	1982	98214	6762202	67.62
1973	1-4	0.00089	0.00354	1.69	98018	347	391269	6663988	67.99
1973	5-9	0.00048	0.00241	2.34	97671	235	487729	6272718	64.22
1973	10-14	0.00051	0.00255	2.8	97436	249	486630	5784990	59.37
1973	15-19	0.00161	0.00803	2.86	97187	780	484269	5298360	54.52
1973	20-24	0.00220	0.01093	2.49	96407	1054	479389	4814091	49.94
1973	25-29	0.00204	0.01013	2.49	95353	966	474336	4334702	45.46
1973	30-34	0.00223	0.01109	2.55	94387	1046	469372	3860366	40.90
1973	35-39	0.00304	0.01509	2.64	93341	1409	463376	3390994	36.33
1973	40-44	0.00452	0.02236	2.64	91932	2056	454818	2927618	31.85
1973	45-49	0.00734	0.03609	2.66	89876	3244	441791	2472801	27.51
1973	50-54	0.01110	0.05408	2.64	86633	4685	422102	2031010	23.44
1973	55-59	0.01746	0.08383	2.64	81947	6870	393543	1608908	19.63
1973	60-64	0.02700	0.12682	2.6	75077	9521	352572	1215365	16.19
1973	65-69	0.03922	0.17898	2.56	65556	11733	299166	862793	13.16
1973	70-74	0.05795	0.25338	2.52	53823	13638	235332	563627	10.47
1973	75-79	0.08535	0.35110	2.48	40185	14109	165310	328295	8.17
1973	80-84	0.12537	0.47322	2.41	26076	12340	98431	162985	6.25
1973	85-89	0.18376	0.61226	2.28	13736	8410	45766	64554	4.70
1973	90-94	0.26289	0.74625	2.1	5326	3975	15119	18788	3.53
1973	95-99	0.35451	0.84566	1.91	1352	1143	3224	3669	2.71
1973	100-104	0.46120	0.91419	1.7	209	191	413	445	2.13
1973	105-109	0.57193	0.95358	1.51	18	17	30	31	1.74
1973	110+	0.66031	1.00000	1.51	1	1	1	1	1.51
1974	0	0.01941	0.01907	0.1	100000	1907	98278	6819382	68.19
1974	1-4	0.00083	0.00330	1.7	98093	324	391625	6721104	68.52
1974	5-9	0.00044	0.00221	2.38	97769	216	488278	6329480	64.74
1974	10-14	0.00048	0.00241	2.85	97553	235	487259	5841201	59.88
1974	15-19	0.00154	0.00766	2.9	97318	745	485026	5353942	55.01
1974	20-24	0.00209	0.01038	2.5	96573	1003	480360	4868916	50.42
1974	25-29	0.00193	0.00961	2.45	95570	919	475512	4388556	45.92
1974	30-34	0.00213	0.01059	2.58	94652	1003	470829	3913043	41.34
1974	35-39	0.00285	0.01415	2.66	93649	1325	465152	3442214	36.76
1974	40-44	0.00430	0.02127	2.68	92324	1964	457058	2977062	32.25
1974	45-49	0.00709	0.03485	2.68	90360	3149	444487	2520004	27.89
1974	50-54	0.01079	0.05263	2.64	87211	4590	425240	2075517	23.80
1974	55-59	0.01667	0.08023	2.66	82621	6629	397564	1650276	19.97
1974	60-64	0.02596	0.12222	2.61	75992	9288	357757	1252712	16.48
1974	65-69	0.03807	0.17423	2.57	66705	11622	305299	894955	13.42
1974	70-74	0.05635	0.24752	2.55	55083	13634	241963	589656	10.70
1974	75-79	0.08126	0.33763	2.5	41448	13994	172225	347693	8.39
1974	80-84	0.12114	0.46150	2.42	27454	12670	104588	175468	6.39
1974	85-89	0.17941	0.60305	2.28	14784	8916	49692	70880	4.79
1974	90-94	0.25587	0.73754	2.13	5869	4328	16916	21188	3.61
1974	95-99	0.34614	0.83842	1.93	1540	1291	3731	4271	2.77
1974	100-104	0.45197	0.90969	1.72	249	226	501	541	2.17
1974	105-109	0.56267	0.95112	1.52	22	21	38	40	1.77
1974	110+	0.65143	1.00000	1.54	1	1	2	2	1.54
1975	0	0.01833	0.01803	0.09	100000	1803	98367	6870612	68.71
1975	1-4	0.00078	0.00310	1.68	98197	304	392080	6772245	68.97
1975	5-9	0.00041	0.00206	2.34	97892	202	488924	6380165	65.18
1975	10-14	0.00045	0.00224	2.81	97691	219	487972	5891241	60.31
1975	15-19	0.00146	0.00728	2.9	97472	709	485871	5403269	55.43
1975	20-24	0.00206	0.01027	2.5	96762	994	481332	4917397	50.82
1975	25-29	0.00195	0.00968	2.43	95769	927	476457	4436066	46.32
1975	30-34	0.00204	0.01015	2.57	94842	963	471864	3959609	41.75
1975	35-39	0.00276	0.01369	2.64	93879	1285	466366	3487745	37.15
1975	40-44	0.00416	0.02060	2.65	92594	1908	458493	3021379	32.63
1975	45-49	0.00669	0.03294	2.67	90686	2987	446483	2562886	28.26
1975	50-54	0.01049	0.05119	2.64	87699	4489	427905	2116402	24.13
1975	55-59	0.01612	0.07767	2.65	83210	6463	400831	1688498	20.29
1975	60-64	0.02505	0.11823	2.62	76747	9074	362184	1287666	16.78
1975	65-69	0.03698	0.16974	2.58	67674	11487	310587	925483	13.68
1975	70-74	0.05414	0.23912	2.56	56187	13435	248141	614895	10.94
1975	75-79	0.07929	0.33096	2.5	42751	14149	178439	366754	8.58
1975	80-84	0.11713	0.44993	2.42	28602	12869	109869	188315	6.58
1975	85-89	0.17073	0.58446	2.3	15733	9195	53858	78447	4.99
1975	90-94	0.24395	0.71906	2.15	6538	4701	19271	24588	3.76
1975	95-99	0.33010	0.82333	1.96	1837	1512	4581	5317	2.89
1975	100-104	0.43178	0.89879	1.75	325	292	675	736	2.27
1975	105-109	0.53977	0.94431	1.56	33	31	57	60	1.84
1975	110+	0.62724	1.00000	1.59	2	2	3	3	1.59
1976	0	0.01727	0.01700	0.09	100000	1700	98455	6906466	69.06
1976	1-4	0.00077	0.00306	1.69	98300	301	392505	6808011	69.26
1976	5-9	0.00040	0.00201	2.32	97999	197	489467	6415506	65.47
1976	10-14	0.00043	0.00215	2.82	97802	210	488551	5926039	60.59
1976	15-19	0.00138	0.00690	2.91	97592	674	486555	5437488	55.72
1976	20-24	0.00195	0.00968	2.5	96918	938	482246	4950933	51.08
1976	25-29	0.00185	0.00919	2.49	95980	882	477687	4468687	46.56
1976	30-34	0.00190	0.00947	2.59	95098	901	473316	3991000	41.97
1976	35-39	0.00261	0.01295	2.67	94197	1220	468137	3517684	37.34
1976	40-44	0.00404	0.01999	2.68	92977	1859	460578	3049547	32.80
1976	45-49	0.00649	0.03197	2.67	91119	2913	448814	2588969	28.41
1976	50-54	0.01024	0.04999	2.65	88206	4409	430670	2140155	24.26
1976	55-59	0.01585	0.07641	2.65	83797	6403	403924	1709484	20.40
1976	60-64	0.02463	0.11630	2.62	77394	9001	365521	1305560	16.87
1976	65-69	0.03657	0.16803	2.59	68393	11492	314237	940039	13.74
1976	70-74	0.05269	0.23319	2.54	56901	13269	251813	625802	11.00
1976	75-79	0.07898	0.32948	2.49	43632	14376	182023	373990	8.57
1976	80-84	0.11664	0.44882	2.43	29256	13131	112578	191966	6.56
1976	85-89	0.17256	0.58930	2.31	16126	9503	55070	79388	4.92
1976	90-94	0.25056	0.72925	2.13	6623	4830	19276	24319	3.67
1976	95-99	0.34058	0.83365	1.94	1793	1495	4389	5043	2.81
1976	100-104	0.44759	0.90764	1.73	298	271	605	654	2.19
1976	105-109	0.56001	0.95049	1.53	28	26	47	49	1.77
1976	110+	0.65028	1.00000	1.54	1	1	2	2	1.54
1977	0	0.01652	0.01627	0.09	100000	1627	98518	6938653	69.39
1977	1-4	0.00074	0.00297	1.64	98373	292	392803	6840135	69.53
1977	5-9	0.00040	0.00199	2.33	98081	195	489882	6447332	65.73
1977	10-14	0.00043	0.00215	2.82	97885	211	488968	5957451	60.86
1977	15-19	0.00143	0.00713	2.93	97675	696	486930	5468483	55.99
1977	20-24	0.00197	0.00982	2.48	96979	953	482490	4981553	51.37
1977	25-29	0.00187	0.00928	2.48	96026	892	477887	4499062	46.85
1977	30-34	0.00192	0.00956	2.58	95134	909	473472	4021176	42.27
1977	35-39	0.00257	0.01279	2.64	94225	1205	468287	3547703	37.65
1977	40-44	0.00391	0.01936	2.69	93020	1801	460946	3079416	33.10
1977	45-49	0.00626	0.03085	2.7	91219	2814	449624	2618470	28.71
1977	50-54	0.01002	0.04895	2.65	88405	4328	431856	2168847	24.53
1977	55-59	0.01544	0.07448	2.64	84077	6262	405583	1736991	20.66
1977	60-64	0.02377	0.11252	2.63	77816	8756	368337	1331408	17.11
1977	65-69	0.03543	0.16319	2.59	69059	11270	318108	963071	13.95
1977	70-74	0.05197	0.23051	2.55	57790	13321	256318	644964	11.16
1977	75-79	0.07641	0.32086	2.5	44469	14268	186741	388645	8.74
1977	80-84	0.11451	0.44254	2.43	30200	13365	116716	201904	6.69
1977	85-89	0.16720	0.57686	2.31	16836	9712	58087	85188	5.06
1977	90-94	0.24063	0.71365	2.15	7124	5084	21127	27101	3.80
1977	95-99	0.32576	0.81917	1.97	2040	1671	5130	5974	2.93
1977	100-104	0.42747	0.89641	1.76	369	331	774	844	2.29
1977	105-109	0.53590	0.94314	1.56	38	36	67	71	1.85
1977	110+	0.62388	1.00000	1.6	2	2	3	3	1.60
1978	0	0.01561	0.01539	0.09	100000	1539	98595	6960040	69.60
1978	1-4	0.00076	0.00303	1.67	98461	298	393149	6861445	69.69
1978	5-9	0.00038	0.00191	2.32	98162	187	490311	6468296	65.89
1978	10-14	0.00042	0.00211	2.8	97975	207	489420	5977985	61.02
1978	15-19	0.00142	0.00707	2.93	97768	691	487414	5488565	56.14
1978	20-24	0.00198	0.00986	2.47	97077	957	482963	5001151	51.52
1978	25-29	0.00185	0.00921	2.48	96120	885	478370	4518188	47.01
1978	30-34	0.00189	0.00939	2.56	95235	894	473993	4039818	42.42
1978	35-39	0.00255	0.01266	2.63	94341	1194	468879	3565826	37.80
1978	40-44	0.00380	0.01886	2.67	93147	1756	461651	3096947	33.25
1978	45-49	0.00609	0.03001	2.67	91391	2743	450554	2635296	28.84
1978	50-54	0.00987	0.04824	2.66	88648	4276	433245	2184741	24.65
1978	55-59	0.01508	0.07280	2.63	84372	6142	407328	1751496	20.76
1978	60-64	0.02345	0.11108	2.63	78229	8690	370586	1344169	17.18
1978	65-69	0.03495	0.16117	2.59	69540	11208	320657	973583	14.00
1978	70-74	0.05163	0.22917	2.55	58332	13368	258940	652926	11.19
1978	75-79	0.07535	0.31674	2.49	44964	14242	189022	393986	8.76
1978	80-84	0.11428	0.44141	2.42	30722	13561	118666	204964	6.67
1978	85-89	0.16866	0.58063	2.32	17161	9964	59080	86298	5.03
1978	90-94	0.24184	0.71654	2.16	7197	5157	21323	27218	3.78
1978	95-99	0.33051	0.82400	1.96	2040	1681	5086	5895	2.89
1978	100-104	0.43452	0.90053	1.75	359	323	744	809	2.25
1978	105-109	0.54488	0.94602	1.55	36	34	62	65	1.82
1978	110+	0.63411	1.00000	1.58	2	2	3	3	1.58
1979	0	0.01504	0.01484	0.09	100000	1484	98643	6998547	69.99
1979	1-4	0.00070	0.00281	1.7	98516	277	393429	6899904	70.04
1979	5-9	0.00037	0.00185	2.32	98239	181	490711	6506475	66.23
1979	10-14	0.00040	0.00197	2.8	98058	194	489864	6015764	61.35
1979	15-19	0.00143	0.00712	2.93	97864	697	487879	5525900	56.46
1979	20-24	0.00200	0.00993	2.49	97167	965	483409	5038022	51.85
1979	25-29	0.00193	0.00960	2.47	96202	923	478679	4554612	47.34
1979	30-34	0.00191	0.00953	2.51	95279	908	474136	4075934	42.78
1979	35-39	0.00246	0.01222	2.61	94371	1153	469103	3601798	38.17
1979	40-44	0.00369	0.01832	2.69	93218	1708	462146	3132695	33.61
1979	45-49	0.00593	0.02923	2.67	91511	2675	451331	2670549	29.18
1979	50-54	0.00954	0.04665	2.67	88836	4145	434508	2219218	24.98
1979	55-59	0.01457	0.07046	2.65	84692	5967	409441	1784710	21.07
1979	60-64	0.02245	0.10659	2.64	78724	8391	373824	1375269	17.47
1979	65-69	0.03375	0.15604	2.59	70333	10975	325174	1001446	14.24
1979	70-74	0.05018	0.22357	2.56	59358	13271	264440	676272	11.39
1979	75-79	0.07339	0.31008	2.5	46088	14291	194730	411832	8.94
1979	80-84	0.11085	0.43154	2.43	31797	13722	123787	217102	6.83
1979	85-89	0.16279	0.56679	2.32	18075	10245	62933	93315	5.16
1979	90-94	0.23480	0.70480	2.16	7830	5519	23504	30382	3.88
1979	95-99	0.31990	0.81339	1.98	2311	1880	5877	6877	2.98
1979	100-104	0.42156	0.89305	1.77	431	385	914	1000	2.32
1979	105-109	0.53051	0.94146	1.57	46	43	82	86	1.87
1979	110+	0.61914	1.00000	1.62	3	3	4	4	1.62
1980	0	0.01434	0.01415	0.08	100000	1415	98703	6995631	69.96
1980	1-4	0.00072	0.00287	1.65	98585	283	393675	6896928	69.96
1980	5-9	0.00035	0.00176	2.41	98302	173	491062	6503253	66.16
1980	10-14	0.00038	0.00190	2.81	98129	187	490235	6012191	61.27
1980	15-19	0.00141	0.00703	2.93	97942	688	488288	5521956	56.38
1980	20-24	0.00203	0.01011	2.49	97254	983	483805	5033668	51.76
1980	25-29	0.00195	0.00972	2.47	96271	935	478990	4549864	47.26
1980	30-34	0.00195	0.00970	2.53	95336	925	474393	4070874	42.70
1980	35-39	0.00246	0.01222	2.62	94411	1154	469315	3596481	38.09
1980	40-44	0.00364	0.01806	2.65	93257	1684	462337	3127166	33.53
1980	45-49	0.00583	0.02877	2.67	91574	2634	451739	2664829	29.10
1980	50-54	0.00942	0.04610	2.67	88939	4100	435130	2213090	24.88
1980	55-59	0.01465	0.07080	2.64	84839	6007	410037	1777960	20.96
1980	60-64	0.02228	0.10579	2.63	78833	8339	374359	1367923	17.35
1980	65-69	0.03405	0.15734	2.59	70493	11091	325740	993564	14.09
1980	70-74	0.05087	0.22620	2.55	59402	13437	264134	667824	11.24
1980	75-79	0.07479	0.31483	2.49	45965	14471	193482	403690	8.78
1980	80-84	0.11369	0.44018	2.44	31494	13863	121935	210207	6.67
1980	85-89	0.16884	0.58017	2.3	17631	10229	60583	88272	5.01
1980	90-94	0.24448	0.72122	2.16	7402	5338	21836	27690	3.74
1980	95-99	0.33717	0.83065	1.95	2064	1714	5084	5854	2.84
1980	100-104	0.44492	0.90637	1.73	349	317	712	770	2.20
1980	105-109	0.55844	0.95013	1.53	33	31	56	58	1.78
1980	110+	0.64968	1.00000	1.54	2	2	3	3	1.54
1981	0	0.01328	0.01312	0.08	100000	1312	98793	7038443	70.38
1981	1-4	0.00068	0.00270	1.67	98688	267	394129	6939650	70.32
1981	5-9	0.00034	0.00170	2.37	98421	168	491663	6545521	66.51
1981	10-14	0.00037	0.00184	2.75	98253	181	490858	6053858	61.61
1981	15-19	0.00127	0.00633	2.94	98072	621	489083	5562999	56.72
1981	20-24	0.00187	0.00933	2.52	97451	909	484996	5073917	52.07
1981	25-29	0.00190	0.00947	2.5	96542	914	480424	4588920	47.53
1981	30-34	0.00195	0.00970	2.53	95628	927	475853	4108496	42.96
1981	35-39	0.00240	0.01191	2.65	94700	1128	470854	3632643	38.36
1981	40-44	0.00356	0.01763	2.65	93572	1650	463979	3161789	33.79
1981	45-49	0.00573	0.02828	2.67	91922	2600	453562	2697810	29.35
1981	50-54	0.00915	0.04482	2.67	89323	4003	437284	2244248	25.13
1981	55-59	0.01433	0.06930	2.63	85319	5913	412599	1806964	21.18
1981	60-64	0.02175	0.10342	2.63	79407	8213	377540	1394365	17.56
1981	65-69	0.03305	0.15306	2.59	71194	10897	329681	1016825	14.28
1981	70-74	0.04986	0.22223	2.56	60297	13400	268736	687144	11.40
1981	75-79	0.07276	0.30759	2.49	46897	14425	198268	418408	8.92
1981	80-84	0.11185	0.43419	2.43	32472	14099	126056	220140	6.78
1981	85-89	0.16493	0.57208	2.32	18373	10511	63729	94084	5.12
1981	90-94	0.23575	0.70820	2.18	7862	5568	23619	30355	3.86
1981	95-99	0.32465	0.81827	1.97	2294	1877	5782	6736	2.94
1981	100-104	0.42783	0.89678	1.76	417	374	874	953	2.29
1981	105-109	0.53790	0.94387	1.56	43	41	76	79	1.84
1981	110+	0.62718	1.00000	1.59	2	2	4	4	1.59
1982	0	0.01293	0.01277	0.08	100000	1277	98824	7080175	70.80
1982	1-4	0.00064	0.00254	1.64	98723	251	394297	6981350	70.72
1982	5-9	0.00033	0.00164	2.41	98472	161	491941	6587054	66.89
1982	10-14	0.00035	0.00175	2.83	98310	172	491179	6095113	62.00
1982	15-19	0.00121	0.00605	2.94	98139	594	489473	5603934	57.10
1982	20-24	0.00174	0.00864	2.52	97545	843	485636	5114461	52.43
1982	25-29	0.00175	0.00872	2.52	96702	843	481420	4628825	47.87
1982	30-34	0.00186	0.00926	2.5	95859	888	477077	4147405	43.27
1982	35-39	0.00230	0.01146	2.62	94971	1088	472268	3670328	38.65
1982	40-44	0.00333	0.01652	2.67	93883	1550	465798	3198060	34.06
1982	45-49	0.00546	0.02695	2.7	92332	2488	455938	2732262	29.59
1982	50-54	0.00883	0.04326	2.67	89844	3887	440165	2276323	25.34
1982	55-59	0.01391	0.06736	2.64	85957	5790	416123	1836158	21.36
1982	60-64	0.02133	0.10148	2.61	80167	8135	381431	1420036	17.71
1982	65-69	0.03249	0.15073	2.61	72032	10858	334223	1038604	14.42
1982	70-74	0.04877	0.21796	2.57	61174	13333	273404	704381	11.51
1982	75-79	0.07226	0.30624	2.51	47841	14651	202759	430977	9.01
1982	80-84	0.10988	0.42894	2.44	33190	14236	129567	228218	6.88
1982	85-89	0.16146	0.56375	2.32	18954	10685	66178	98650	5.20
1982	90-94	0.23094	0.70007	2.19	8269	5789	25065	32473	3.93
1982	95-99	0.31844	0.81196	1.98	2480	2014	6323	7407	2.99
1982	100-104	0.42033	0.89237	1.78	466	416	990	1084	2.32
1982	105-109	0.52967	0.94121	1.58	50	47	89	94	1.87
1982	110+	0.61866	1.00000	1.62	3	3	5	5	1.62
1983	0	0.01236	0.01222	0.08	100000	1222	98874	7096448	70.96
1983	1-4	0.00063	0.00253	1.67	98778	250	394529	6997574	70.84
1983	5-9	0.00031	0.00153	2.35	98528	151	492240	6603044	67.02
1983	10-14	0.00034	0.00170	2.81	98377	167	491519	6110805	62.12
1983	15-19	0.00113	0.00565	2.93	98210	554	489900	5619286	57.22
1983	20-24	0.00161	0.00802	2.52	97655	783	486333	5129386	52.53
1983	25-29	0.00167	0.00831	2.51	96872	805	482358	4643052	47.93
1983	30-34	0.00183	0.00910	2.55	96067	874	478192	4160694	43.31
1983	35-39	0.00222	0.01105	2.64	95193	1051	473478	3682502	38.68
1983	40-44	0.00328	0.01628	2.65	94141	1533	467107	3209024	34.09
1983	45-49	0.00527	0.02601	2.69	92609	2409	457485	2741917	29.61
1983	50-54	0.00863	0.04229	2.66	90200	3814	442085	2284432	25.33
1983	55-59	0.01392	0.06739	2.64	86386	5822	418204	1842348	21.33
1983	60-64	0.02118	0.10083	2.62	80564	8123	383526	1424144	17.68
1983	65-69	0.03216	0.14939	2.62	72441	10822	336458	1040618	14.37
1983	70-74	0.04908	0.21922	2.57	61619	13508	275224	704160	11.43
1983	75-79	0.07311	0.30924	2.51	48111	14878	203489	428936	8.92
1983	80-84	0.11152	0.43388	2.44	33233	14419	129297	225447	6.78
1983	85-89	0.16465	0.57110	2.32	18814	10745	65257	96150	5.11
1983	90-94	0.23793	0.71016	2.16	8069	5730	24084	30892	3.83
1983	95-99	0.32763	0.82138	1.96	2339	1921	5863	6809	2.91
1983	100-104	0.43266	0.89964	1.75	418	376	869	945	2.26
1983	105-109	0.54435	0.94595	1.55	42	40	73	76	1.82
1983	110+	0.63472	1.00000	1.58	2	2	4	4	1.58
1984	0	0.01206	0.01193	0.08	100000	1193	98899	7112409	71.12
1984	1-4	0.00058	0.00230	1.61	98807	227	394686	7013510	70.98
1984	5-9	0.00030	0.00148	2.36	98580	146	492514	6618824	67.14
1984	10-14	0.00034	0.00172	2.77	98434	169	491793	6126311	62.24
1984	15-19	0.00112	0.00558	2.9	98265	548	490173	5634518	57.34
1984	20-24	0.00164	0.00816	2.51	97716	798	486594	5144344	52.65
1984	25-29	0.00166	0.00825	2.5	96919	800	482592	4657751	48.06
1984	30-34	0.00186	0.00927	2.54	96119	891	478406	4175159	43.44
1984	35-39	0.00227	0.01127	2.61	95228	1074	473573	3696753	38.82
1984	40-44	0.00330	0.01637	2.64	94154	1541	467139	3223179	34.23
1984	45-49	0.00518	0.02562	2.7	92613	2372	457607	2756040	29.76
1984	50-54	0.00846	0.04150	2.65	90240	3745	442419	2298433	25.47
1984	55-59	0.01363	0.06604	2.66	86496	5713	419128	1856015	21.46
1984	60-64	0.02106	0.10031	2.63	80783	8103	384697	1436886	17.79
1984	65-69	0.03150	0.14650	2.62	72680	10648	338078	1052189	14.48
1984	70-74	0.04844	0.21665	2.57	62032	13439	277462	714112	11.51
1984	75-79	0.07181	0.30473	2.52	48593	14808	206201	436650	8.99
1984	80-84	0.11018	0.43003	2.45	33785	14528	131856	230448	6.82
1984	85-89	0.16354	0.56909	2.33	19257	10959	67008	98592	5.12
1984	90-94	0.23918	0.71279	2.17	8298	5915	24729	31584	3.81
1984	95-99	0.33185	0.82578	1.96	2383	1968	5930	6855	2.88
1984	100-104	0.44013	0.90396	1.74	415	375	853	924	2.23
1984	105-109	0.55473	0.94915	1.53	40	38	68	71	1.79
1984	110+	0.64702	1.00000	1.55	2	2	3	3	1.55
1985	0	0.01226	0.01212	0.08	100000	1212	98883	7107599	71.08
1985	1-4	0.00059	0.00234	1.66	98788	231	394610	7008716	70.95
1985	5-9	0.00028	0.00142	2.41	98557	140	492422	6614106	67.11
1985	10-14	0.00035	0.00173	2.85	98417	170	491718	6121684	62.20
1985	15-19	0.00113	0.00562	2.89	98247	552	490070	5629966	57.30
1985	20-24	0.00162	0.00807	2.53	97694	789	486524	5139896	52.61
1985	25-29	0.00168	0.00837	2.52	96906	811	482522	4653372	48.02
1985	30-34	0.00193	0.00960	2.55	96095	923	478216	4170850	43.40
1985	35-39	0.00237	0.01176	2.57	95172	1119	473138	3692634	38.80
1985	40-44	0.00334	0.01656	2.64	94053	1558	466594	3219496	34.23
1985	45-49	0.00515	0.02547	2.67	92495	2356	456989	2752902	29.76
1985	50-54	0.00840	0.04118	2.66	90139	3712	441998	2295913	25.47
1985	55-59	0.01355	0.06566	2.66	86427	5675	418849	1853915	21.45
1985	60-64	0.02093	0.09965	2.61	80753	8047	384539	1435067	17.77
1985	65-69	0.03122	0.14521	2.6	72705	10558	338191	1050528	14.45
1985	70-74	0.04853	0.21692	2.56	62148	13481	277818	712337	11.46
1985	75-79	0.07208	0.30575	2.52	48667	14880	206428	434519	8.93
1985	80-84	0.11151	0.43389	2.44	33787	14660	131465	228091	6.75
1985	85-89	0.16637	0.57594	2.33	19127	11016	66212	96627	5.05
1985	90-94	0.24374	0.72076	2.17	8111	5846	23985	30414	3.75
1985	95-99	0.33676	0.83048	1.95	2265	1881	5585	6429	2.84
1985	100-104	0.44619	0.90719	1.73	384	348	781	844	2.20
1985	105-109	0.56145	0.95105	1.52	36	34	60	63	1.77
1985	110+	0.65395	1.00000	1.53	2	2	3	3	1.53
1986	0	0.01174	0.01162	0.08	100000	1162	98927	7114403	71.14
1986	1-4	0.00059	0.00234	1.66	98838	231	394813	7015475	70.98
1986	5-9	0.00028	0.00139	2.39	98607	137	492679	6620662	67.14
1986	10-14	0.00036	0.00179	2.87	98470	176	491976	6127983	62.23
1986	15-19	0.00123	0.00614	2.86	98294	603	490180	5636007	57.34
1986	20-24	0.00172	0.00858	2.49	97691	838	486353	5145827	52.67
1986	25-29	0.00179	0.00892	2.55	96853	864	482148	4659474	48.11
1986	30-34	0.00213	0.01058	2.55	95988	1016	477456	4177326	43.52
1986	35-39	0.00254	0.01264	2.57	94973	1201	471944	3699869	38.96
1986	40-44	0.00334	0.01657	2.66	93772	1554	465220	3227925	34.42
1986	45-49	0.00506	0.02500	2.65	92218	2306	455673	2762705	29.96
1986	50-54	0.00823	0.04036	2.66	89912	3629	441066	2307032	25.66
1986	55-59	0.01308	0.06345	2.66	86284	5475	418609	1865966	21.63
1986	60-64	0.02050	0.09773	2.62	80809	7898	385230	1447357	17.91
1986	65-69	0.03066	0.14277	2.6	72911	10410	339528	1062127	14.57
1986	70-74	0.04777	0.21391	2.56	62501	13370	279854	722599	11.56
1986	75-79	0.07097	0.30175	2.52	49132	14826	208901	442745	9.01
1986	80-84	0.10968	0.42797	2.43	34306	14682	133861	233845	6.82
1986	85-89	0.16421	0.57042	2.32	19624	11194	68168	99983	5.09
1986	90-94	0.24206	0.71665	2.15	8430	6041	24959	31815	3.77
1986	95-99	0.33258	0.82652	1.96	2389	1974	5936	6856	2.87
1986	100-104	0.44123	0.90458	1.74	414	375	850	920	2.22
1986	105-109	0.55614	0.94957	1.53	40	38	68	71	1.79
1986	110+	0.64860	1.00000	1.54	2	2	3	3	1.54
1987	0	0.01145	0.01133	0.08	100000	1133	98952	7131498	71.31
1987	1-4	0.00058	0.00232	1.68	98867	229	394934	7032545	71.13
1987	5-9	0.00030	0.00147	2.38	98637	145	492806	6637612	67.29
1987	10-14	0.00035	0.00175	2.83	98492	172	492086	6144805	62.39
1987	15-19	0.00117	0.00585	2.88	98320	575	490382	5652719	57.49
1987	20-24	0.00166	0.00827	2.52	97745	808	486716	5162338	52.81
1987	25-29	0.00177	0.00883	2.54	96936	856	482577	4675622	48.23
1987	30-34	0.00215	0.01067	2.57	96080	1025	477909	4193044	43.64
1987	35-39	0.00261	0.01295	2.55	95055	1231	472262	3715135	39.08
1987	40-44	0.00335	0.01661	2.64	93824	1559	465435	3242873	34.56
1987	45-49	0.00501	0.02476	2.65	92265	2285	455950	2777439	30.10
1987	50-54	0.00815	0.04000	2.67	89981	3599	441520	2321489	25.80
1987	55-59	0.01283	0.06229	2.66	86381	5381	419313	1879969	21.76
1987	60-64	0.02023	0.09648	2.61	81000	7815	386316	1460657	18.03
1987	65-69	0.03022	0.14084	2.59	73186	10308	341138	1074340	14.68
1987	70-74	0.04695	0.21087	2.59	62878	13259	282425	733203	11.66
1987	75-79	0.06986	0.29807	2.54	49619	14790	211716	450778	9.08
1987	80-84	0.10838	0.42425	2.44	34829	14776	136335	239062	6.86
1987	85-89	0.16329	0.56819	2.32	20053	11394	69776	102726	5.12
1987	90-94	0.23870	0.71216	2.17	8659	6167	25834	32950	3.81
1987	95-99	0.33441	0.82848	1.96	2492	2065	6175	7116	2.86
1987	100-104	0.44514	0.90679	1.73	428	388	871	941	2.20
1987	105-109	0.56194	0.95128	1.52	40	38	67	70	1.77
1987	110+	0.65568	1.00000	1.53	2	2	3	3	1.53
1988	0	0.01141	0.01129	0.08	100000	1129	98957	7132050	71.32
1988	1-4	0.00057	0.00228	1.65	98871	225	394956	7033093	71.13
1988	5-9	0.00028	0.00142	2.4	98646	140	492868	6638137	67.29
1988	10-14	0.00034	0.00172	2.82	98507	169	492163	6145269	62.38
1988	15-19	0.00122	0.00609	2.88	98337	599	490415	5653105	57.49
1988	20-24	0.00169	0.00840	2.52	97738	821	486658	5162690	52.82
1988	25-29	0.00181	0.00899	2.53	96917	871	482439	4676032	48.25
1988	30-34	0.00220	0.01093	2.55	96047	1050	477656	4193594	43.66
1988	35-39	0.00271	0.01347	2.57	94997	1280	471875	3715938	39.12
1988	40-44	0.00341	0.01689	2.62	93717	1583	464813	3244063	34.62
1988	45-49	0.00504	0.02489	2.63	92133	2293	455239	2779250	30.17
1988	50-54	0.00796	0.03907	2.67	89840	3510	441039	2324011	25.87
1988	55-59	0.01270	0.06164	2.64	86330	5321	419106	1882972	21.81
1988	60-64	0.02004	0.09564	2.61	81009	7748	386558	1463866	18.07
1988	65-69	0.03000	0.13994	2.6	73261	10252	341699	1077308	14.70
1988	70-74	0.04621	0.20798	2.6	63009	13105	283592	735609	11.67
1988	75-79	0.06936	0.29613	2.53	49905	14778	213065	452017	9.06
1988	80-84	0.10922	0.42716	2.45	35126	15005	137381	238953	6.80
1988	85-89	0.16540	0.57378	2.33	20122	11545	69801	101571	5.05
1988	90-94	0.24632	0.72408	2.15	8576	6210	25210	31770	3.70
1988	95-99	0.34540	0.83891	1.94	2366	1985	5748	6560	2.77
1988	100-104	0.46078	0.91485	1.7	381	349	757	812	2.13
1988	105-109	0.58102	0.95638	1.49	32	31	53	56	1.71
1988	110+	0.67648	1.00000	1.48	1	1	2	2	1.48
1989	0	0.01146	0.01134	0.08	100000	1134	98952	7159848	71.60
1989	1-4	0.00055	0.00218	1.65	98866	216	394956	7060897	71.42
1989	5-9	0.00028	0.00138	2.5	98650	136	492908	6665941	67.57
1989	10-14	0.00034	0.00170	2.84	98514	168	492208	6173033	62.66
1989	15-19	0.00119	0.00594	2.88	98346	585	490493	5680824	57.76
1989	20-24	0.00162	0.00806	2.57	97762	788	486890	5190331	53.09
1989	25-29	0.00184	0.00918	2.55	96973	890	482681	4703441	48.50
1989	30-34	0.00225	0.01119	2.6	96083	1075	477830	4220759	43.93
1989	35-39	0.00278	0.01382	2.56	95008	1313	471833	3742929	39.40
1989	40-44	0.00344	0.01707	2.6	93695	1599	464641	3271096	34.91
1989	45-49	0.00501	0.02478	2.64	92095	2282	455080	2806455	30.47
1989	50-54	0.00778	0.03819	2.67	89813	3430	441091	2351375	26.18
1989	55-59	0.01245	0.06047	2.66	86383	5224	419690	1910284	22.11
1989	60-64	0.01940	0.09275	2.63	81159	7527	387965	1490594	18.37
1989	65-69	0.02914	0.13621	2.61	73632	10029	344176	1102629	14.97
1989	70-74	0.04439	0.20057	2.6	63603	12757	287366	758453	11.92
1989	75-79	0.06699	0.28742	2.53	50845	14614	218150	471087	9.27
1989	80-84	0.10565	0.41647	2.46	36231	15089	142827	252937	6.98
1989	85-89	0.15911	0.55961	2.35	21142	11831	74359	110111	5.21
1989	90-94	0.23564	0.70757	2.18	9311	6588	27958	35752	3.84
1989	95-99	0.33321	0.82761	1.96	2723	2253	6763	7794	2.86
1989	100-104	0.44603	0.90746	1.73	469	426	955	1031	2.20
1989	105-109	0.56508	0.95226	1.52	43	41	73	76	1.76
1989	110+	0.66048	1.00000	1.51	2	2	3	3	1.51
1990	0	0.01093	0.01082	0.07	100000	1082	98998	7184841	71.85
1990	1-4	0.00052	0.00207	1.64	98918	205	395186	7085843	71.63
1990	5-9	0.00026	0.00128	2.38	98713	126	493232	6690657	67.78
1990	10-14	0.00032	0.00158	2.94	98586	156	492612	6197425	62.86
1990	15-19	0.00126	0.00630	2.89	98431	620	490843	5704814	57.96
1990	20-24	0.00166	0.00827	2.52	97810	809	487044	5213971	53.31
1990	25-29	0.00185	0.00922	2.55	97001	895	482817	4726927	48.73
1990	30-34	0.00222	0.01105	2.57	96107	1062	477956	4244110	44.16
1990	35-39	0.00279	0.01385	2.56	95045	1316	472013	3766153	39.63
1990	40-44	0.00341	0.01690	2.59	93728	1584	464816	3294140	35.15
1990	45-49	0.00491	0.02428	2.64	92144	2237	455443	2829324	30.71
1990	50-54	0.00753	0.03701	2.66	89907	3327	441755	2373881	26.40
1990	55-59	0.01207	0.05869	2.65	86579	5082	420954	1932126	22.32
1990	60-64	0.01896	0.09073	2.63	81498	7394	389989	1511172	18.54
1990	65-69	0.02856	0.13360	2.59	74103	9900	346694	1121183	15.13
1990	70-74	0.04319	0.19561	2.59	64203	12559	290761	774489	12.06
1990	75-79	0.06565	0.28244	2.53	51644	14586	222193	483728	9.37
1990	80-84	0.10392	0.41091	2.45	37058	15227	146531	261535	7.06
1990	85-89	0.15614	0.55217	2.35	21830	12054	77199	115004	5.27
1990	90-94	0.23441	0.70598	2.18	9776	6902	29443	37805	3.87
1990	95-99	0.32724	0.82178	1.97	2874	2362	7218	8362	2.91
1990	100-104	0.43852	0.90345	1.75	512	463	1055	1144	2.23
1990	105-109	0.55667	0.94992	1.53	49	47	84	88	1.78
1990	110+	0.65177	1.00000	1.53	2	2	4	4	1.53
1991	0	0.01041	0.01031	0.07	100000	1031	99044	7202911	72.03
1991	1-4	0.00052	0.00206	1.65	98969	204	395395	7103867	71.78
1991	5-9	0.00025	0.00123	2.35	98765	121	493503	6708472	67.92
1991	10-14	0.00033	0.00166	2.91	98644	164	492876	6214969	63.00
1991	15-19	0.00126	0.00629	2.88	98480	619	491085	5722093	58.10
1991	20-24	0.00166	0.00825	2.48	97860	807	487265	5231008	53.45
1991	25-29	0.00181	0.00900	2.55	97053	873	483129	4743742	48.88
1991	30-34	0.00223	0.01108	2.58	96180	1065	478318	4260613	44.30
1991	35-39	0.00280	0.01392	2.57	95114	1324	472362	3782295	39.77
1991	40-44	0.00351	0.01738	2.59	93791	1630	465022	3309933	35.29
1991	45-49	0.00490	0.02422	2.66	92160	2232	455574	2844911	30.87
1991	50-54	0.00735	0.03611	2.65	89929	3247	442023	2389337	26.57
1991	55-59	0.01186	0.05769	2.66	86681	5001	421701	1947315	22.47
1991	60-64	0.01858	0.08901	2.64	81680	7270	391212	1525613	18.68
1991	65-69	0.02810	0.13162	2.6	74410	9794	348573	1134401	15.25
1991	70-74	0.04246	0.19261	2.59	64617	12446	293083	785829	12.16
1991	75-79	0.06408	0.27659	2.53	52171	14430	225201	492746	9.44
1991	80-84	0.10312	0.40889	2.47	37741	15432	149647	267545	7.09
1991	85-89	0.15567	0.55066	2.34	22309	12285	78914	117898	5.28
1991	90-94	0.23201	0.70185	2.19	10024	7036	30324	38984	3.89
1991	95-99	0.32859	0.82325	1.97	2989	2460	7488	8660	2.90
1991	100-104	0.44131	0.90506	1.74	528	478	1083	1172	2.22
1991	105-109	0.56079	0.95113	1.53	50	48	85	89	1.77
1991	110+	0.65675	1.00000	1.52	2	2	4	4	1.52
1992	0	0.00969	0.00961	0.07	100000	961	99107	7232386	72.32
1992	1-4	0.00048	0.00191	1.65	99039	189	395712	7133279	72.02
1992	5-9	0.00024	0.00118	2.42	98850	117	493948	6737567	68.16
1992	10-14	0.00031	0.00154	2.93	98733	152	493349	6243619	63.24
1992	15-19	0.00121	0.00602	2.85	98581	594	491626	5750270	58.33
1992	20-24	0.00159	0.00790	2.48	97987	774	487985	5258643	53.67
1992	25-29	0.00175	0.00870	2.58	97213	845	484021	4770658	49.07
1992	30-34	0.00222	0.01103	2.59	96368	1063	479274	4286637	44.48
1992	35-39	0.00283	0.01403	2.58	95305	1337	473294	3807363	39.95
1992	40-44	0.00359	0.01779	2.57	93968	1672	465777	3334069	35.48
1992	45-49	0.00493	0.02434	2.64	92296	2247	456173	2868292	31.08
1992	50-54	0.00723	0.03555	2.65	90049	3201	442738	2412119	26.79
1992	55-59	0.01152	0.05607	2.66	86848	4869	422861	1969381	22.68
1992	60-64	0.01804	0.08651	2.62	81978	7092	393041	1546520	18.86
1992	65-69	0.02764	0.12960	2.61	74887	9705	351194	1153479	15.40
1992	70-74	0.04136	0.18805	2.59	65181	12258	296397	802285	12.31
1992	75-79	0.06256	0.27124	2.55	52924	14355	229446	505887	9.56
1992	80-84	0.10072	0.40149	2.48	38569	15485	153752	276441	7.17
1992	85-89	0.15384	0.54685	2.36	23084	12623	82053	122689	5.32
1992	90-94	0.23211	0.70354	2.2	10460	7359	31706	40636	3.88
1992	95-99	0.33062	0.82555	1.97	3101	2560	7743	8930	2.88
1992	100-104	0.44641	0.90797	1.73	541	491	1100	1187	2.19
1992	105-109	0.56874	0.95341	1.51	50	47	83	87	1.75
1992	110+	0.66658	1.00000	1.5	2	2	3	3	1.50
1993	0	0.00952	0.00943	0.07	100000	943	99123	7216936	72.17
1993	1-4	0.00050	0.00198	1.67	99057	196	395769	7117812	71.86
1993	5-9	0.00023	0.00115	2.4	98861	114	494006	6722043	68.00
1993	10-14	0.00032	0.00158	2.98	98747	156	493418	6228037	63.07
1993	15-19	0.00124	0.00620	2.87	98591	611	491650	5734619	58.17
1993	20-24	0.00163	0.00813	2.49	97979	797	487894	5242968	53.51
1993	25-29	0.00175	0.00872	2.61	97183	847	483886	4755074	48.93
1993	30-34	0.00230	0.01143	2.58	96335	1101	479018	4271188	44.34
1993	35-39	0.00290	0.01440	2.59	95234	1372	472869	3792171	39.82
1993	40-44	0.00372	0.01844	2.58	93863	1730	465126	3319302	35.36
1993	45-49	0.00488	0.02412	2.62	92132	2222	455379	2854176	30.98
1993	50-54	0.00734	0.03607	2.64	89910	3243	441892	2398797	26.68
1993	55-59	0.01150	0.05598	2.66	86667	4852	421995	1956904	22.58
1993	60-64	0.01807	0.08661	2.62	81816	7086	392194	1534909	18.76
1993	65-69	0.02780	0.13037	2.62	74730	9743	350460	1142715	15.29
1993	70-74	0.04146	0.18842	2.58	64987	12245	295336	792255	12.19
1993	75-79	0.06336	0.27418	2.55	52742	14461	228218	496919	9.42
1993	80-84	0.10331	0.40934	2.47	38281	15670	151689	268700	7.02
1993	85-89	0.15970	0.56108	2.35	22611	12687	79441	117011	5.17
1993	90-94	0.23916	0.71531	2.19	9924	7099	29683	37570	3.79
1993	95-99	0.34235	0.83665	1.94	2825	2364	6905	7887	2.79
1993	100-104	0.46128	0.91543	1.71	462	422	916	982	2.13
1993	105-109	0.58534	0.95763	1.49	39	37	64	66	1.70
1993	110+	0.68356	1.00000	1.46	2	2	2	2	1.46
1994	0	0.00908	0.00900	0.07	100000	900	99162	7238928	72.39
1994	1-4	0.00047	0.00190	1.67	99100	188	395962	7139765	72.05
1994	5-9	0.00023	0.00112	2.38	98912	111	494269	6743804	68.18
1994	10-14	0.00031	0.00154	2.94	98801	153	493690	6249535	63.25
1994	15-19	0.00125	0.00623	2.88	98648	615	491937	5755845	58.35
1994	20-24	0.00162	0.00805	2.48	98033	789	488181	5263908	53.70
1994	25-29	0.00172	0.00854	2.61	97244	831	484235	4775727	49.11
1994	30-34	0.00231	0.01148	2.59	96414	1107	479406	4291492	44.51
1994	35-39	0.00292	0.01449	2.6	95307	1381	473225	3812086	40.00
1994	40-44	0.00379	0.01876	2.58	93926	1762	465374	3338861	35.55
1994	45-49	0.00491	0.02425	2.61	92164	2235	455471	2873488	31.18
1994	50-54	0.00732	0.03600	2.65	89930	3238	442054	2418017	26.89
1994	55-59	0.01116	0.05439	2.66	86692	4715	422434	1975962	22.79
1994	60-64	0.01777	0.08528	2.63	81977	6991	393319	1553528	18.95
1994	65-69	0.02697	0.12677	2.63	74986	9506	352431	1160209	15.47
1994	70-74	0.04066	0.18506	2.58	65480	12118	298057	807778	12.34
1994	75-79	0.06125	0.26632	2.55	53362	14212	232036	509721	9.55
1994	80-84	0.10133	0.40355	2.48	39151	15799	155921	277685	7.09
1994	85-89	0.15738	0.55516	2.35	23352	12964	82373	121764	5.21
1994	90-94	0.23852	0.71294	2.18	10388	7406	31049	39392	3.79
1994	95-99	0.34137	0.83593	1.95	2982	2493	7302	8342	2.80
1994	100-104	0.46155	0.91568	1.71	489	448	971	1040	2.13
1994	105-109	0.58693	0.95807	1.48	41	40	67	70	1.69
1994	110+	0.68609	1.00000	1.46	2	2	3	3	1.46
1995	0	0.00859	0.00852	0.07	100000	852	99206	7258702	72.59
1995	1-4	0.00045	0.00179	1.63	99148	178	396169	7159496	72.21
1995	5-9	0.00022	0.00111	2.44	98970	110	494569	6763327	68.34
1995	10-14	0.00031	0.00153	2.97	98860	151	493994	6268758	63.41
1995	15-19	0.00118	0.00589	2.88	98709	581	492316	5774764	58.50
1995	20-24	0.00158	0.00788	2.49	98128	773	488699	5282448	53.83
1995	25-29	0.00167	0.00830	2.61	97355	808	484839	4793749	49.24
1995	30-34	0.00225	0.01121	2.59	96547	1082	480125	4308910	44.63
1995	35-39	0.00290	0.01438	2.61	95464	1373	474039	3828784	40.11
1995	40-44	0.00380	0.01881	2.6	94091	1770	466204	3354745	35.65
1995	45-49	0.00493	0.02434	2.59	92321	2248	456193	2888542	31.29
1995	50-54	0.00721	0.03546	2.65	90074	3194	442857	2432349	27.00
1995	55-59	0.01096	0.05342	2.65	86880	4641	423506	1989492	22.90
1995	60-64	0.01743	0.08370	2.62	82238	6883	394824	1565985	19.04
1995	65-69	0.02635	0.12400	2.63	75355	9344	354667	1171161	15.54
1995	70-74	0.04025	0.18335	2.57	66011	12103	300674	816495	12.37
1995	75-79	0.06086	0.26476	2.55	53908	14273	234524	515820	9.57
1995	80-84	0.10056	0.40119	2.48	39635	15901	158118	281296	7.10
1995	85-89	0.15813	0.55736	2.35	23734	13228	83655	123178	5.19
1995	90-94	0.24051	0.71654	2.18	10506	7528	31299	39523	3.76
1995	95-99	0.34623	0.84055	1.94	2978	2503	7230	8224	2.76
1995	100-104	0.46927	0.91943	1.69	475	437	930	994	2.09
1995	105-109	0.59682	0.96044	1.47	38	37	62	64	1.67
1995	110+	0.69700	1.00000	1.43	2	2	2	2	1.43
1996	0	0.00832	0.00825	0.07	100000	825	99230	7307299	73.07
1996	1-4	0.00042	0.00168	1.67	99175	167	396311	7208069	72.68
1996	5-9	0.00022	0.00108	2.33	99008	107	494756	6811758	68.80
1996	10-14	0.00028	0.00141	2.92	98901	140	494216	6317002	63.87
1996	15-19	0.00111	0.00552	2.91	98762	545	492669	5822786	58.96
1996	20-24	0.00149	0.00742	2.46	98216	729	489228	5330118	54.27
1996	25-29	0.00149	0.00740	2.55	97488	721	485672	4840890	49.66
1996	30-34	0.00193	0.00959	2.62	96766	928	481625	4355218	45.01
1996	35-39	0.00255	0.01266	2.61	95838	1213	476297	3873593	40.42
1996	40-44	0.00347	0.01723	2.62	94625	1630	469241	3397296	35.90
1996	45-49	0.00477	0.02360	2.62	92995	2194	459745	2928055	31.49
1996	50-54	0.00684	0.03365	2.68	90801	3056	446924	2468310	27.18
1996	55-59	0.01069	0.05216	2.66	87745	4577	428023	2021386	23.04
1996	60-64	0.01719	0.08260	2.65	83168	6870	399663	1593363	19.16
1996	65-69	0.02570	0.12112	2.64	76298	9241	359642	1193700	15.65
1996	70-74	0.03964	0.18078	2.57	67056	12122	305793	834058	12.44
1996	75-79	0.06018	0.26238	2.56	54934	14413	239525	528265	9.62
1996	80-84	0.09984	0.39916	2.49	40520	16174	162001	288740	7.13
1996	85-89	0.15695	0.55427	2.35	24346	13495	85978	126739	5.21
1996	90-94	0.24099	0.71735	2.18	10852	7785	32303	40762	3.76
1996	95-99	0.34669	0.84107	1.94	3067	2580	7441	8459	2.76
1996	100-104	0.47071	0.92015	1.69	487	449	953	1018	2.09
1996	105-109	0.59912	0.96099	1.47	39	37	62	65	1.66
1996	110+	0.69981	1.00000	1.43	2	2	2	2	1.43
1997	0	0.00823	0.00817	0.07	100000	817	99238	7354410	73.54
1997	1-4	0.00040	0.00159	1.63	99183	157	396359	7255172	73.15
1997	5-9	0.00020	0.00099	2.38	99026	98	494873	6858813	69.26
1997	10-14	0.00027	0.00135	2.91	98928	134	494360	6363940	64.33
1997	15-19	0.00104	0.00517	2.93	98794	511	492912	5869580	59.41
1997	20-24	0.00142	0.00710	2.47	98283	698	489650	5376669	54.71
1997	25-29	0.00138	0.00686	2.49	97586	669	486250	4887019	50.08
1997	30-34	0.00166	0.00828	2.62	96916	802	482672	4400769	45.41
1997	35-39	0.00220	0.01095	2.61	96114	1053	478050	3918097	40.77
1997	40-44	0.00315	0.01564	2.63	95061	1487	471782	3440047	36.19
1997	45-49	0.00450	0.02228	2.63	93575	2085	462924	2968265	31.72
1997	50-54	0.00663	0.03263	2.68	91490	2985	450515	2505341	27.38
1997	55-59	0.01033	0.05045	2.66	88504	4465	432083	2054826	23.22
1997	60-64	0.01650	0.07940	2.65	84039	6673	404516	1622743	19.31
1997	65-69	0.02521	0.11894	2.63	77366	9202	364998	1218226	15.75
1997	70-74	0.03895	0.17789	2.57	68165	12126	311334	853228	12.52
1997	75-79	0.05926	0.25894	2.57	56039	14511	244867	541894	9.67
1997	80-84	0.09852	0.39512	2.5	41528	16409	166554	297027	7.15
1997	85-89	0.15705	0.55510	2.36	25119	13944	88787	130473	5.19
1997	90-94	0.24261	0.71970	2.17	11176	8043	33153	41686	3.73
1997	95-99	0.35134	0.84542	1.93	3133	2648	7538	8533	2.72
1997	100-104	0.47860	0.92382	1.68	484	447	935	995	2.05
1997	105-109	0.60948	0.96331	1.45	37	36	58	60	1.63
1997	110+	0.71129	1.00000	1.41	1	1	2	2	1.41
1998	0	0.00818	0.00812	0.07	100000	812	99242	7381257	73.81
1998	1-4	0.00037	0.00149	1.61	99188	148	396398	7282015	73.42
1998	5-9	0.00019	0.00097	2.36	99040	97	494943	6885617	69.52
1998	10-14	0.00026	0.00130	2.85	98943	129	494438	6390674	64.59
1998	15-19	0.00098	0.00488	2.94	98814	482	493078	5896235	59.67
1998	20-24	0.00138	0.00687	2.48	98333	676	489962	5403157	54.95
1998	25-29	0.00129	0.00645	2.5	97657	630	486711	4913195	50.31
1998	30-34	0.00155	0.00770	2.63	97027	747	483364	4426484	45.62
1998	35-39	0.00211	0.01047	2.63	96280	1008	479010	3943120	40.95
1998	40-44	0.00309	0.01532	2.67	95271	1460	472957	3464110	36.36
1998	45-49	0.00445	0.02201	2.63	93812	2065	464170	2991153	31.88
1998	50-54	0.00640	0.03154	2.64	91746	2894	451909	2526983	27.54
1998	55-59	0.01015	0.04957	2.65	88852	4405	433898	2075074	23.35
1998	60-64	0.01607	0.07743	2.65	84448	6539	406875	1641176	19.43
1998	65-69	0.02469	0.11658	2.61	77909	9083	367841	1234302	15.84
1998	70-74	0.03850	0.17616	2.59	68826	12124	314889	866461	12.59
1998	75-79	0.05835	0.25546	2.56	56702	14485	248236	551572	9.73
1998	80-84	0.09802	0.39363	2.5	42217	16618	169534	303336	7.19
1998	85-89	0.15561	0.55265	2.38	25599	14147	90913	133801	5.23
1998	90-94	0.24132	0.71834	2.18	11452	8226	34089	42888	3.75
1998	95-99	0.35067	0.84491	1.93	3225	2725	7771	8800	2.73
1998	100-104	0.47835	0.92375	1.68	500	462	966	1028	2.06
1998	105-109	0.60970	0.96338	1.45	38	37	60	62	1.63
1998	110+	0.71185	1.00000	1.4	1	1	2	2	1.40
1999	0	0.00806	0.00800	0.07	100000	800	99253	7389963	73.90
1999	1-4	0.00038	0.00152	1.63	99200	151	396443	7290710	73.50
1999	5-9	0.00019	0.00093	2.39	99049	92	495004	6894267	69.60
1999	10-14	0.00025	0.00123	2.85	98957	121	494523	6399263	64.67
1999	15-19	0.00095	0.00473	2.94	98835	467	493213	5904739	59.74
1999	20-24	0.00134	0.00666	2.48	98368	655	490190	5411527	55.01
1999	25-29	0.00127	0.00631	2.54	97713	617	487047	4921337	50.37
1999	30-34	0.00151	0.00754	2.63	97096	732	483752	4434290	45.67
1999	35-39	0.00208	0.01035	2.64	96365	997	479469	3950539	41.00
1999	40-44	0.00306	0.01520	2.68	95368	1450	473471	3471070	36.40
1999	45-49	0.00452	0.02234	2.64	93918	2098	464645	2997599	31.92
1999	50-54	0.00644	0.03171	2.66	91820	2912	452300	2532954	27.59
1999	55-59	0.01018	0.04973	2.66	88908	4421	434187	2080654	23.40
1999	60-64	0.01575	0.07596	2.66	84487	6417	407439	1646466	19.49
1999	65-69	0.02431	0.11493	2.62	78070	8972	369014	1239027	15.87
1999	70-74	0.03790	0.17372	2.61	69097	12003	316737	870013	12.59
1999	75-79	0.05846	0.25602	2.58	57094	14617	250041	553276	9.69
1999	80-84	0.09790	0.39347	2.51	42477	16713	170721	303235	7.14
1999	85-89	0.15876	0.55959	2.36	25763	14417	90808	132514	5.14
1999	90-94	0.24623	0.72584	2.17	11347	8236	33447	41706	3.68
1999	95-99	0.36133	0.85423	1.91	3111	2657	7354	8259	2.65
1999	100-104	0.49367	0.93029	1.65	453	422	855	905	1.99
1999	105-109	0.62785	0.96706	1.42	32	31	49	50	1.59
1999	110+	0.73066	1.00000	1.37	1	1	1	1	1.37
2000	0	0.00799	0.00793	0.07	100000	793	99260	7407539	74.08
2000	1-4	0.00036	0.00144	1.6	99207	143	396485	7308279	73.67
2000	5-9	0.00018	0.00088	2.35	99064	87	495088	6911794	69.77
2000	10-14	0.00024	0.00122	2.82	98977	121	494620	6416705	64.83
2000	15-19	0.00093	0.00464	2.95	98856	459	493340	5922085	59.91
2000	20-24	0.00138	0.00687	2.48	98397	676	490282	5428745	55.17
2000	25-29	0.00129	0.00644	2.52	97721	629	487045	4938464	50.54
2000	30-34	0.00148	0.00736	2.62	97092	714	483760	4451419	45.85
2000	35-39	0.00206	0.01023	2.65	96378	986	479576	3967659	41.17
2000	40-44	0.00307	0.01526	2.66	95392	1455	473559	3488084	36.57
2000	45-49	0.00459	0.02271	2.65	93937	2133	464672	3014525	32.09
2000	50-54	0.00647	0.03185	2.63	91803	2924	452101	2549853	27.78
2000	55-59	0.00999	0.04883	2.66	88879	4340	434247	2097752	23.60
2000	60-64	0.01539	0.07426	2.66	84539	6278	407982	1663505	19.68
2000	65-69	0.02358	0.11164	2.62	78261	8737	370479	1255523	16.04
2000	70-74	0.03678	0.16900	2.6	69524	11750	319422	885044	12.73
2000	75-79	0.05718	0.25111	2.58	57774	14508	253719	565623	9.79
2000	80-84	0.09581	0.38657	2.5	43267	16726	174578	311904	7.21
2000	85-89	0.15664	0.55506	2.38	26541	14732	94052	137326	5.17
2000	90-94	0.24719	0.72839	2.18	11809	8602	34798	43274	3.66
2000	95-99	0.36305	0.85590	1.91	3207	2745	7562	8476	2.64
2000	100-104	0.49805	0.93217	1.64	462	431	865	914	1.98
2000	105-109	0.63436	0.96834	1.41	31	30	48	49	1.57
2000	110+	0.73815	1.00000	1.35	1	1	1	1	1.35
2001	0	0.00769	0.00764	0.07	100000	764	99286	7424537	74.25
2001	1-4	0.00037	0.00147	1.65	99236	146	396601	7325250	73.82
2001	5-9	0.00017	0.00084	2.42	99090	83	495237	6928650	69.92
2001	10-14	0.00023	0.00115	2.81	99007	113	494789	6433412	64.98
2001	15-19	0.00093	0.00463	3	98894	457	493555	5938624	60.05
2001	20-24	0.00142	0.00705	2.49	98437	694	490440	5445069	55.32
2001	25-29	0.00136	0.00676	2.51	97742	661	487065	4954629	50.69
2001	30-34	0.00152	0.00758	2.58	97081	736	483626	4467564	46.02
2001	35-39	0.00213	0.01061	2.64	96345	1022	479317	3983938	41.35
2001	40-44	0.00306	0.01521	2.66	95323	1449	473222	3504620	36.77
2001	45-49	0.00460	0.02275	2.65	93874	2136	464358	3031399	32.29
2001	50-54	0.00651	0.03204	2.65	91738	2939	451782	2567041	27.98
2001	55-59	0.00970	0.04743	2.68	88799	4212	434224	2115259	23.82
2001	60-64	0.01500	0.07242	2.64	84588	6126	408494	1681035	19.87
2001	65-69	0.02309	0.10944	2.63	78462	8587	371936	1272542	16.22
2001	70-74	0.03570	0.16450	2.61	69875	11494	321931	900606	12.89
2001	75-79	0.05586	0.24593	2.57	58381	14358	257041	578674	9.91
2001	80-84	0.09351	0.37931	2.51	44023	16698	178572	321633	7.31
2001	85-89	0.15387	0.54844	2.38	27325	14986	97396	143061	5.24
2001	90-94	0.24398	0.72349	2.19	12339	8927	36589	45666	3.70
2001	95-99	0.36024	0.85376	1.92	3412	2913	8086	9076	2.66
2001	100-104	0.49611	0.93152	1.65	499	465	937	990	1.99
2001	105-109	0.63361	0.96825	1.41	34	33	52	54	1.57
2001	110+	0.73832	1.00000	1.35	1	1	1	1	1.35
2002	0	0.00774	0.00769	0.07	100000	769	99282	7435073	74.35
2002	1-4	0.00035	0.00141	1.65	99231	140	396597	7335791	73.93
2002	5-9	0.00017	0.00084	2.44	99092	83	495246	6939194	70.03
2002	10-14	0.00023	0.00115	2.83	99009	114	494796	6443948	65.08
2002	15-19	0.00093	0.00462	3	98895	457	493562	5949152	60.16
2002	20-24	0.00141	0.00705	2.51	98438	694	490461	5455590	55.42
2002	25-29	0.00137	0.00682	2.5	97745	666	487058	4965128	50.80
2002	30-34	0.00152	0.00759	2.57	97078	737	483599	4478071	46.13
2002	35-39	0.00208	0.01034	2.65	96341	996	479366	3994471	41.46
2002	40-44	0.00309	0.01533	2.64	95345	1461	473283	3515105	36.87
2002	45-49	0.00458	0.02264	2.65	93884	2125	464419	3041822	32.40
2002	50-54	0.00653	0.03216	2.61	91759	2951	451741	2577403	28.09
2002	55-59	0.00966	0.04725	2.66	88808	4196	434212	2125662	23.94
2002	60-64	0.01483	0.07166	2.64	84611	6063	408766	1691450	19.99
2002	65-69	0.02248	0.10670	2.63	78548	8381	372885	1282684	16.33
2002	70-74	0.03500	0.16146	2.6	70167	11329	323690	909799	12.97
2002	75-79	0.05475	0.24159	2.57	58838	14215	259640	586109	9.96
2002	80-84	0.09244	0.37597	2.52	44623	16777	181480	326469	7.32
2002	85-89	0.15428	0.55011	2.39	27846	15318	99288	144990	5.21
2002	90-94	0.24804	0.73093	2.19	12528	9157	36917	45701	3.65
2002	95-99	0.36843	0.86074	1.91	3371	2901	7875	8784	2.61
2002	100-104	0.50896	0.93657	1.63	469	440	864	909	1.94
2002	105-109	0.64931	0.97106	1.39	30	29	45	46	1.53
2002	110+	0.75456	1.00000	1.33	1	1	1	1	1.33
2003	0	0.00782	0.00776	0.07	100000	776	99275	7453227	74.53
2003	1-4	0.00035	0.00141	1.65	99224	140	396568	7353952	74.11
2003	5-9	0.00016	0.00082	2.34	99084	81	495207	6957384	70.22
2003	10-14	0.00023	0.00115	2.84	99003	113	494772	6462177	65.27
2003	15-19	0.00090	0.00451	3.01	98890	446	493561	5967405	60.34
2003	20-24	0.00143	0.00710	2.51	98444	699	490475	5473844	55.60
2003	25-29	0.00137	0.00684	2.5	97745	669	487049	4983370	50.98
2003	30-34	0.00151	0.00755	2.56	97076	733	483595	4496320	46.32
2003	35-39	0.00204	0.01014	2.65	96343	977	479417	4012725	41.65
2003	40-44	0.00306	0.01517	2.66	95366	1447	473445	3533308	37.05
2003	45-49	0.00461	0.02280	2.65	93919	2142	464571	3059863	32.58
2003	50-54	0.00660	0.03247	2.61	91778	2980	451780	2595292	28.28
2003	55-59	0.00949	0.04639	2.64	88798	4120	434267	2143511	24.14
2003	60-64	0.01463	0.07070	2.62	84678	5986	409150	1709245	20.19
2003	65-69	0.02196	0.10438	2.63	78692	8214	373979	1300095	16.52
2003	70-74	0.03379	0.15628	2.6	70478	11015	325988	926116	13.14
2003	75-79	0.05359	0.23705	2.57	59463	14096	263040	600127	10.09
2003	80-84	0.09022	0.36878	2.53	45367	16731	185433	337088	7.43
2003	85-89	0.15011	0.54015	2.41	28637	15468	103047	151655	5.30
2003	90-94	0.24423	0.72340	2.18	13169	9526	39005	48607	3.69
2003	95-99	0.36364	0.85704	1.92	3642	3122	8585	9602	2.64
2003	100-104	0.50440	0.93498	1.63	521	487	965	1017	1.95
2003	105-109	0.64569	0.97049	1.4	34	33	51	52	1.54
2003	110+	0.75193	1.00000	1.33	1	1	1	1	1.33
2004	0	0.00768	0.00762	0.07	100000	762	99288	7496822	74.97
2004	1-4	0.00033	0.00131	1.61	99238	130	396640	7397534	74.54
2004	5-9	0.00017	0.00083	2.42	99108	82	495326	7000894	70.64
2004	10-14	0.00021	0.00107	2.88	99026	106	494904	6505568	65.70
2004	15-19	0.00089	0.00445	2.98	98920	440	493710	6010664	60.76
2004	20-24	0.00140	0.00699	2.51	98480	688	490688	5516954	56.02
2004	25-29	0.00141	0.00701	2.48	97792	686	487229	5026266	51.40
2004	30-34	0.00146	0.00728	2.59	97106	707	483824	4539036	46.74
2004	35-39	0.00195	0.00973	2.63	96399	938	479769	4055213	42.07
2004	40-44	0.00293	0.01454	2.65	95461	1388	474047	3575443	37.45
2004	45-49	0.00447	0.02211	2.64	94074	2080	465470	3101396	32.97
2004	50-54	0.00656	0.03231	2.62	91994	2972	452881	2635926	28.65
2004	55-59	0.00918	0.04490	2.63	89021	3997	435620	2183044	24.52
2004	60-64	0.01408	0.06814	2.63	85024	5793	411378	1747425	20.55
2004	65-69	0.02104	0.10017	2.63	79231	7937	377305	1336046	16.86
2004	70-74	0.03218	0.14940	2.61	71294	10651	331029	958742	13.45
2004	75-79	0.05106	0.22724	2.58	60643	13780	269911	627713	10.35
2004	80-84	0.08654	0.35673	2.54	46863	16717	193169	357802	7.64
2004	85-89	0.14380	0.52487	2.43	30145	15822	110032	164633	5.46
2004	90-94	0.23462	0.70996	2.22	14323	10169	43341	54601	3.81
2004	95-99	0.35234	0.84773	1.94	4154	3522	9995	11260	2.71
2004	100-104	0.49190	0.93024	1.66	633	588	1196	1266	2.00
2004	105-109	0.63385	0.96847	1.41	44	43	67	69	1.57
2004	110+	0.74171	1.00000	1.35	1	1	2	2	1.35
2005	0	0.00780	0.00774	0.07	100000	774	99277	7496033	74.96
2005	1-4	0.00034	0.00136	1.6	99226	135	396578	7396756	74.54
2005	5-9	0.00016	0.00078	2.43	99091	78	495253	7000178	70.64
2005	10-14	0.00021	0.00105	2.95	99013	104	494852	6504925	65.70
2005	15-19	0.00090	0.00449	3.01	98909	444	493662	6010073	60.76
2005	20-24	0.00146	0.00726	2.53	98465	714	490559	5516411	56.02
2005	25-29	0.00145	0.00720	2.47	97751	704	486971	5025852	51.41
2005	30-34	0.00152	0.00756	2.56	97047	734	483447	4538882	46.77
2005	35-39	0.00192	0.00957	2.65	96313	922	479400	4055434	42.11
2005	40-44	0.00296	0.01470	2.67	95391	1403	473686	3576034	37.49
2005	45-49	0.00447	0.02211	2.66	93989	2078	465082	3102348	33.01
2005	50-54	0.00666	0.03280	2.63	91911	3015	452398	2637265	28.69
2005	55-59	0.00923	0.04514	2.62	88896	4013	434911	2184867	24.58
2005	60-64	0.01401	0.06783	2.64	84883	5757	410812	1749956	20.62
2005	65-69	0.02052	0.09784	2.62	79126	7742	377214	1339144	16.92
2005	70-74	0.03211	0.14910	2.61	71384	10643	331498	961930	13.48
2005	75-79	0.05039	0.22471	2.59	60741	13649	270854	630431	10.38
2005	80-84	0.08547	0.35280	2.53	47092	16614	194385	359578	7.64
2005	85-89	0.14435	0.52570	2.42	30478	16022	110992	165193	5.42
2005	90-94	0.23947	0.71772	2.21	14456	10375	43325	54201	3.75
2005	95-99	0.35891	0.85357	1.93	4080	3483	9704	10876	2.67
2005	100-104	0.50217	0.93438	1.64	598	558	1112	1172	1.96
2005	105-109	0.64636	0.97071	1.4	39	38	59	60	1.54
2005	110+	0.75454	1.00000	1.33	1	1	2	2	1.33
2006	0	0.00770	0.00764	0.07	100000	764	99286	7524515	75.25
2006	1-4	0.00031	0.00125	1.63	99236	124	396649	7425229	74.82
2006	5-9	0.00015	0.00077	2.36	99112	76	495357	7028580	70.92
2006	10-14	0.00019	0.00096	2.88	99035	95	494974	6533223	65.97
2006	15-19	0.00089	0.00444	3.04	98940	440	493838	6038249	61.03
2006	20-24	0.00150	0.00747	2.53	98501	735	490688	5544411	56.29
2006	25-29	0.00150	0.00750	2.49	97765	733	486986	5053723	51.69
2006	30-34	0.00155	0.00770	2.55	97032	747	483332	4566737	47.06
2006	35-39	0.00193	0.00962	2.62	96285	926	479219	4083406	42.41
2006	40-44	0.00289	0.01436	2.66	95359	1370	473592	3604187	37.80
2006	45-49	0.00439	0.02173	2.67	93989	2042	465188	3130595	33.31
2006	50-54	0.00659	0.03246	2.63	91947	2985	452676	2665407	28.99
2006	55-59	0.00925	0.04525	2.64	88962	4026	435324	2212731	24.87
2006	60-64	0.01341	0.06503	2.66	84937	5523	411756	1777407	20.93
2006	65-69	0.02000	0.09545	2.62	79414	7580	379056	1365651	17.20
2006	70-74	0.03063	0.14275	2.62	71834	10254	334764	986595	13.73
2006	75-79	0.04863	0.21763	2.59	61580	13402	275589	651831	10.59
2006	80-84	0.08277	0.34368	2.53	48178	16558	200042	376242	7.81
2006	85-89	0.13868	0.51140	2.43	31620	16171	116601	176201	5.57
2006	90-94	0.23121	0.70452	2.23	15450	10885	47076	59600	3.86
2006	95-99	0.34741	0.84373	1.95	4565	3852	11087	12524	2.74
2006	100-104	0.48844	0.92904	1.67	713	663	1357	1437	2.01
2006	105-109	0.63248	0.96830	1.42	51	49	78	80	1.57
2006	110+	0.74196	1.00000	1.35	2	2	2	2	1.35
2007	0	0.00775	0.00769	0.07	100000	769	99282	7551605	75.52
2007	1-4	0.00032	0.00129	1.6	99231	128	396618	7452324	75.10
2007	5-9	0.00015	0.00075	2.41	99103	75	495324	7055706	71.20
2007	10-14	0.00019	0.00097	2.86	99029	96	494939	6560382	66.25
2007	15-19	0.00085	0.00423	3.05	98933	418	493849	6065443	61.31
2007	20-24	0.00146	0.00727	2.56	98515	716	490823	5571594	56.56
2007	25-29	0.00147	0.00730	2.52	97799	714	487221	5080770	51.95
2007	30-34	0.00152	0.00759	2.54	97085	737	483614	4593549	47.31
2007	35-39	0.00189	0.00943	2.61	96348	909	479569	4109935	42.66
2007	40-44	0.00279	0.01388	2.68	95439	1325	474124	3630365	38.04
2007	45-49	0.00427	0.02112	2.65	94115	1987	465903	3156241	33.54
2007	50-54	0.00646	0.03181	2.63	92127	2931	453698	2690337	29.20
2007	55-59	0.00910	0.04453	2.6	89197	3972	436442	2236640	25.08
2007	60-64	0.01330	0.06449	2.65	85225	5496	413214	1800197	21.12
2007	65-69	0.01955	0.09343	2.62	79729	7449	380934	1386983	17.40
2007	70-74	0.02982	0.13922	2.62	72280	10063	337464	1006049	13.92
2007	75-79	0.04717	0.21174	2.59	62217	13174	279313	668585	10.75
2007	80-84	0.08039	0.33578	2.55	49043	16468	204839	389272	7.94
2007	85-89	0.13551	0.50274	2.43	32576	16377	120852	184433	5.66
2007	90-94	0.22589	0.69587	2.24	16198	11272	49901	63581	3.93
2007	95-99	0.34257	0.83955	1.96	4926	4136	12074	13679	2.78
2007	100-104	0.48383	0.92724	1.67	790	733	1515	1606	2.03
2007	105-109	0.62887	0.96769	1.42	58	56	88	91	1.58
2007	110+	0.73941	1.00000	1.35	2	2	3	3	1.35
2008	0	0.00747	0.00742	0.07	100000	742	99306	7566118	75.66
2008	1-4	0.00033	0.00130	1.58	99258	129	396720	7466811	75.23
2008	5-9	0.00014	0.00068	2.43	99129	68	495470	7070091	71.32
2008	10-14	0.00018	0.00088	2.87	99061	88	495118	6574622	66.37
2008	15-19	0.00078	0.00391	3.04	98973	387	494108	6079503	61.43
2008	20-24	0.00139	0.00692	2.53	98586	682	491248	5585395	56.65
2008	25-29	0.00143	0.00713	2.52	97904	698	487793	5094147	52.03
2008	30-34	0.00151	0.00752	2.52	97206	731	484219	4606354	47.39
2008	35-39	0.00184	0.00915	2.61	96475	883	480269	4122135	42.73
2008	40-44	0.00268	0.01330	2.68	95592	1272	475014	3641866	38.10
2008	45-49	0.00420	0.02079	2.66	94320	1960	467016	3166852	33.58
2008	50-54	0.00641	0.03159	2.64	92360	2918	454922	2699836	29.23
2008	55-59	0.00916	0.04480	2.6	89442	4007	437575	2244913	25.10
2008	60-64	0.01315	0.06377	2.62	85435	5448	414226	1807339	21.15
2008	65-69	0.01955	0.09338	2.6	79987	7469	382044	1393113	17.42
2008	70-74	0.02967	0.13855	2.61	72518	10047	338623	1011069	13.94
2008	75-79	0.04709	0.21144	2.59	62470	13208	280521	672446	10.76
2008	80-84	0.07948	0.33284	2.56	49262	16396	206291	391925	7.96
2008	85-89	0.13555	0.50325	2.44	32866	16540	122020	185634	5.65
2008	90-94	0.22766	0.69917	2.24	16326	11415	50141	63614	3.90
2008	95-99	0.34717	0.84394	1.96	4911	4145	11939	13473	2.74
2008	100-104	0.49163	0.93057	1.66	766	713	1451	1534	2.00
2008	105-109	0.63876	0.96953	1.41	53	52	81	83	1.56
2008	110+	0.74979	1.00000	1.33	2	2	2	2	1.33
2009	0	0.00720	0.00716	0.06	100000	716	99330	7601987	76.02
2009	1-4	0.00030	0.00120	1.61	99284	119	396852	7502657	75.57
2009	5-9	0.00014	0.00068	2.44	99165	67	495652	7105805	71.66
2009	10-14	0.00017	0.00087	2.82	99098	86	495299	6610153	66.70
2009	15-19	0.00071	0.00355	3.03	99011	352	494361	6114853	61.76
2009	20-24	0.00130	0.00646	2.54	98659	637	491730	5620493	56.97
2009	25-29	0.00138	0.00686	2.54	98022	672	488456	5128762	52.32
2009	30-34	0.00149	0.00742	2.54	97349	723	484970	4640306	47.67
2009	35-39	0.00183	0.00911	2.6	96627	880	481022	4155336	43.00
2009	40-44	0.00265	0.01314	2.66	95747	1259	475787	3674314	38.38
2009	45-49	0.00411	0.02035	2.66	94488	1923	467935	3198527	33.85
2009	50-54	0.00637	0.03138	2.64	92565	2905	455972	2730592	29.50
2009	55-59	0.00918	0.04490	2.61	89660	4026	438662	2274620	25.37
2009	60-64	0.01296	0.06286	2.62	85635	5383	415345	1835958	21.44
2009	65-69	0.01910	0.09133	2.6	80252	7329	383689	1420613	17.70
2009	70-74	0.02866	0.13414	2.62	72923	9782	341296	1036924	14.22
2009	75-79	0.04522	0.20392	2.6	63141	12876	284754	695628	11.02
2009	80-84	0.07596	0.32054	2.57	50266	16112	212117	410874	8.17
2009	85-89	0.12989	0.48830	2.46	34154	16677	128395	198757	5.82
2009	90-94	0.21819	0.68341	2.27	17476	11944	54741	70362	4.03
2009	95-99	0.33588	0.83376	1.98	5533	4613	13735	15621	2.82
2009	100-104	0.47887	0.92540	1.69	920	851	1777	1886	2.05
2009	105-109	0.62657	0.96738	1.43	69	66	106	109	1.59
2009	110+	0.73926	1.00000	1.35	2	2	3	3	1.35
2010	0	0.00675	0.00671	0.06	100000	671	99371	7623558	76.24
2010	1-4	0.00030	0.00119	1.62	99329	118	397034	7524187	75.75
2010	5-9	0.00013	0.00064	2.44	99211	63	495892	7127153	71.84
2010	10-14	0.00016	0.00082	2.87	99147	81	495564	6631261	66.88
2010	15-19	0.00069	0.00344	3.04	99066	341	494663	6135697	61.94
2010	20-24	0.00126	0.00630	2.57	98725	622	492118	5641035	57.14
2010	25-29	0.00136	0.00675	2.52	98104	663	488878	5148916	52.48
2010	30-34	0.00148	0.00736	2.52	97441	717	485429	4660038	47.82
2010	35-39	0.00175	0.00870	2.61	96725	842	481613	4174609	43.16
2010	40-44	0.00248	0.01232	2.67	95883	1181	476661	3692997	38.52
2010	45-49	0.00401	0.01987	2.68	94701	1882	469140	3216335	33.96
2010	50-54	0.00616	0.03036	2.65	92819	2818	457472	2747195	29.60
2010	55-59	0.00915	0.04477	2.63	90001	4030	440439	2289723	25.44
2010	60-64	0.01280	0.06213	2.62	85971	5342	417170	1849284	21.51
2010	65-69	0.01888	0.09034	2.63	80630	7284	385876	1432114	17.76
2010	70-74	0.02840	0.13300	2.62	73345	9755	343469	1046238	14.26
2010	75-79	0.04493	0.20267	2.59	63591	12888	286836	702770	11.05
2010	80-84	0.07494	0.31692	2.57	50703	16069	214432	415933	8.20
2010	85-89	0.12910	0.48571	2.45	34634	16822	130303	201501	5.82
2010	90-94	0.22008	0.68572	2.25	17812	12214	55498	71198	4.00
2010	95-99	0.33831	0.83624	1.98	5598	4681	13837	15700	2.80
2010	100-104	0.48350	0.92747	1.68	917	850	1759	1863	2.03
2010	105-109	0.63277	0.96856	1.42	66	64	102	105	1.57
2010	110+	0.74595	1.00000	1.34	2	2	3	3	1.34
2011	0	0.00660	0.00656	0.06	100000	656	99386	7633990	76.34
2011	1-4	0.00029	0.00117	1.62	99344	116	397102	7534605	75.84
2011	5-9	0.00013	0.00066	2.37	99228	66	495969	7137503	71.93
2011	10-14	0.00017	0.00085	2.85	99163	84	495631	6641534	66.98
2011	15-19	0.00068	0.00338	3.08	99078	335	494748	6145903	62.03
2011	20-24	0.00127	0.00633	2.58	98743	625	492208	5651155	57.23
2011	25-29	0.00137	0.00682	2.52	98118	669	488933	5158948	52.58
2011	30-34	0.00150	0.00750	2.55	97449	730	485452	4670015	47.92
2011	35-39	0.00176	0.00878	2.62	96718	849	481572	4184562	43.27
2011	40-44	0.00248	0.01234	2.63	95870	1183	476550	3702990	38.63
2011	45-49	0.00395	0.01959	2.69	94687	1854	469152	3226440	34.07
2011	50-54	0.00619	0.03052	2.66	92832	2834	457522	2757288	29.70
2011	55-59	0.00914	0.04473	2.62	89999	4025	440423	2299767	25.55
2011	60-64	0.01283	0.06228	2.64	85973	5354	417214	1859344	21.63
2011	65-69	0.01826	0.08756	2.66	80619	7059	386583	1442129	17.89
2011	70-74	0.02806	0.13150	2.61	73559	9673	344695	1055546	14.35
2011	75-79	0.04419	0.19973	2.6	63887	12760	288759	710851	11.13
2011	80-84	0.07408	0.31398	2.57	51126	16052	216677	422091	8.26
2011	85-89	0.12764	0.48206	2.46	35074	16908	132460	205415	5.86
2011	90-94	0.21865	0.68360	2.26	18166	12418	56795	72954	4.02
2011	95-99	0.33732	0.83542	1.98	5748	4802	14236	16159	2.81
2011	100-104	0.48318	0.92741	1.68	946	877	1816	1924	2.03
2011	105-109	0.63322	0.96868	1.42	69	67	105	108	1.57
2011	110+	0.74690	1.00000	1.34	2	2	3	3	1.34
2012	0	0.00652	0.00648	0.06	100000	648	99392	7649124	76.49
2012	1-4	0.00029	0.00117	1.65	99352	116	397134	7549731	75.99
2012	5-9	0.00013	0.00063	2.43	99236	63	496017	7152597	72.08
2012	10-14	0.00016	0.00081	2.87	99173	80	495693	6656581	67.12
2012	15-19	0.00065	0.00325	3.04	99092	322	494831	6160888	62.17
2012	20-24	0.00124	0.00616	2.57	98770	608	492373	5666057	57.37
2012	25-29	0.00138	0.00688	2.54	98162	675	489149	5173684	52.71
2012	30-34	0.00151	0.00754	2.55	97486	735	485628	4684535	48.05
2012	35-39	0.00178	0.00888	2.58	96751	859	481675	4198907	43.40
2012	40-44	0.00245	0.01219	2.63	95892	1169	476694	3717233	38.76
2012	45-49	0.00384	0.01904	2.69	94723	1803	469459	3240539	34.21
2012	50-54	0.00613	0.03021	2.65	92920	2807	457991	2771080	29.82
2012	55-59	0.00916	0.04481	2.62	90113	4038	440970	2313089	25.67
2012	60-64	0.01276	0.06192	2.6	86075	5330	417564	1872120	21.75
2012	65-69	0.01831	0.08773	2.63	80745	7084	386956	1454556	18.01
2012	70-74	0.02749	0.12899	2.62	73661	9501	345691	1067601	14.49
2012	75-79	0.04335	0.19640	2.61	64160	12601	290701	721910	11.25
2012	80-84	0.07200	0.30668	2.58	51559	15812	219601	431209	8.36
2012	85-89	0.12529	0.47579	2.47	35747	17008	135751	211607	5.92
2012	90-94	0.21578	0.67914	2.27	18739	12726	58977	75856	4.05
2012	95-99	0.33766	0.83607	1.98	6013	5027	14888	16880	2.81
2012	100-104	0.48625	0.92887	1.67	986	916	1883	1992	2.02
2012	105-109	0.63869	0.96972	1.41	70	68	106	109	1.56
2012	110+	0.75344	1.00000	1.33	2	2	3	3	1.33
2013	0	0.00651	0.00647	0.06	100000	647	99393	7650005	76.50
2013	1-4	0.00029	0.00114	1.6	99353	113	397139	7550612	76.00
2013	5-9	0.00013	0.00066	2.44	99239	65	496029	7153474	72.08
2013	10-14	0.00016	0.00080	2.87	99174	79	495700	6657445	67.13
2013	15-19	0.00062	0.00308	3	99094	306	494862	6161744	62.18
2013	20-24	0.00121	0.00602	2.59	98789	595	492511	5666882	57.36
2013	25-29	0.00137	0.00683	2.53	98194	671	489313	5174371	52.70
2013	30-34	0.00154	0.00769	2.55	97523	750	485778	4685057	48.04
2013	35-39	0.00179	0.00892	2.57	96773	864	481766	4199279	43.39
2013	40-44	0.00246	0.01225	2.64	95909	1175	476773	3717513	38.76
2013	45-49	0.00384	0.01903	2.69	94734	1802	469510	3240740	34.21
2013	50-54	0.00610	0.03005	2.65	92932	2792	458100	2771230	29.82
2013	55-59	0.00919	0.04498	2.63	90140	4054	441089	2313130	25.66
2013	60-64	0.01298	0.06292	2.6	86085	5416	417407	1872041	21.75
2013	65-69	0.01817	0.08710	2.62	80669	7026	386600	1454633	18.03
2013	70-74	0.02770	0.12988	2.6	73643	9565	345263	1068034	14.50
2013	75-79	0.04329	0.19610	2.6	64078	12566	290243	722771	11.28
2013	80-84	0.07134	0.30424	2.58	51512	15672	219693	432529	8.40
2013	85-89	0.12469	0.47431	2.48	35840	16999	136328	212835	5.94
2013	90-94	0.21490	0.67737	2.27	18841	12762	59386	76507	4.06
2013	95-99	0.33636	0.83490	1.98	6079	5075	15088	17121	2.82
2013	100-104	0.48500	0.92839	1.68	1004	932	1921	2033	2.03
2013	105-109	0.63771	0.96956	1.41	72	70	109	112	1.56
2013	110+	0.75276	1.00000	1.33	2	2	3	3	1.33
2014	0	0.00636	0.00632	0.06	100000	632	99407	7656931	76.57
2014	1-4	0.00027	0.00107	1.68	99368	106	397224	7557524	76.06
2014	5-9	0.00013	0.00065	2.44	99261	64	496143	7160300	72.14
2014	10-14	0.00017	0.00084	2.85	99197	83	495807	6664157	67.18
2014	15-19	0.00063	0.00314	3.03	99114	311	494956	6168349	62.23
2014	20-24	0.00122	0.00608	2.61	98803	601	492577	5673393	57.42
2014	25-29	0.00140	0.00697	2.54	98202	685	489323	5180816	52.76
2014	30-34	0.00158	0.00789	2.57	97517	770	485713	4691493	48.11
2014	35-39	0.00186	0.00928	2.56	96748	898	481553	4205779	43.47
2014	40-44	0.00247	0.01225	2.62	95850	1174	476461	3724227	38.85
2014	45-49	0.00379	0.01877	2.69	94676	1777	469275	3247765	34.30
2014	50-54	0.00608	0.02998	2.66	92899	2786	457980	2778490	29.91
2014	55-59	0.00923	0.04519	2.63	90113	4072	440918	2320510	25.75
2014	60-64	0.01315	0.06372	2.59	86041	5483	417005	1879592	21.85
2014	65-69	0.01809	0.08668	2.6	80559	6983	386050	1462587	18.16
2014	70-74	0.02754	0.12917	2.61	73576	9504	345144	1076537	14.63
2014	75-79	0.04287	0.19435	2.6	64073	12453	290490	731393	11.42
2014	80-84	0.06911	0.29633	2.6	51620	15297	221325	440902	8.54
2014	85-89	0.12110	0.46433	2.49	36323	16866	139272	219578	6.05
2014	90-94	0.21032	0.67006	2.29	19457	13038	61990	80305	4.13
2014	95-99	0.33131	0.83029	2	6420	5330	16088	18316	2.85
2014	100-104	0.48033	0.92656	1.69	1089	1009	2102	2227	2.04
2014	105-109	0.63427	0.96901	1.42	80	78	122	126	1.57
2014	110+	0.75059	1.00000	1.33	2	2	3	3	1.33
2015	0	0.00640	0.00636	0.06	100000	636	99404	7641100	76.41
2015	1-4	0.00028	0.00112	1.6	99364	111	397189	7541696	75.90
2015	5-9	0.00013	0.00066	2.39	99253	65	496093	7144507	71.98
2015	10-14	0.00017	0.00084	2.88	99187	84	495759	6648415	67.03
2015	15-19	0.00066	0.00332	3.03	99104	329	494870	6152655	62.08
2015	20-24	0.00130	0.00648	2.61	98775	640	492343	5657785	57.28
2015	25-29	0.00151	0.00751	2.56	98135	737	488873	5165442	52.64
2015	30-34	0.00171	0.00851	2.57	97398	829	484972	4676569	48.02
2015	35-39	0.00199	0.00992	2.56	96569	958	480508	4191597	43.41
2015	40-44	0.00254	0.01264	2.64	95611	1208	475206	3711089	38.81
2015	45-49	0.00377	0.01867	2.68	94403	1763	467924	3235883	34.28
2015	50-54	0.00611	0.03013	2.67	92640	2791	456702	2767959	29.88
2015	55-59	0.00923	0.04515	2.64	89849	4057	439659	2311258	25.72
2015	60-64	0.01332	0.06453	2.61	85792	5536	415748	1871599	21.82
2015	65-69	0.01823	0.08732	2.59	80256	7008	384404	1455850	18.14
2015	70-74	0.02760	0.12947	2.61	73248	9483	343608	1071447	14.63
2015	75-79	0.04284	0.19423	2.6	63765	12385	289073	727839	11.41
2015	80-84	0.06900	0.29557	2.58	51380	15187	220107	438766	8.54
2015	85-89	0.12090	0.46367	2.49	36194	16782	138813	218659	6.04
2015	90-94	0.21108	0.67115	2.29	19412	13028	61722	79846	4.11
2015	95-99	0.33314	0.83213	1.99	6384	5312	15945	18123	2.84
2015	100-104	0.48318	0.92780	1.68	1072	994	2058	2178	2.03
2015	105-109	0.63771	0.96963	1.41	77	75	118	121	1.56
2015	110+	0.75404	1.00000	1.33	2	2	3	3	1.33
2016	0	0.00637	0.00633	0.06	100000	633	99406	7631544	76.32
2016	1-4	0.00028	0.00110	1.62	99367	110	397207	7532138	75.80
2016	5-9	0.00013	0.00066	2.42	99257	66	496117	7134931	71.88
2016	10-14	0.00017	0.00084	2.83	99192	83	495778	6638814	66.93
2016	15-19	0.00071	0.00356	3.04	99109	353	494851	6143036	61.98
2016	20-24	0.00142	0.00705	2.62	98756	697	492120	5648185	57.19
2016	25-29	0.00168	0.00834	2.54	98059	818	488284	5156065	52.58
2016	30-34	0.00189	0.00940	2.56	97241	914	483977	4667781	48.00
2016	35-39	0.00220	0.01095	2.56	96327	1055	479065	4183804	43.43
2016	40-44	0.00269	0.01335	2.63	95272	1272	473346	3704739	38.89
2016	45-49	0.00386	0.01910	2.66	94000	1796	465795	3231393	34.38
2016	50-54	0.00608	0.02998	2.68	92204	2764	454602	2765599	29.99
2016	55-59	0.00928	0.04542	2.64	89440	4063	437623	2310997	25.84
2016	60-64	0.01335	0.06469	2.61	85377	5523	413709	1873374	21.94
2016	65-69	0.01846	0.08841	2.62	79854	7060	382461	1459665	18.28
2016	70-74	0.02703	0.12705	2.65	72794	9248	342198	1077204	14.80
2016	75-79	0.04227	0.19182	2.59	63546	12190	288400	735006	11.57
2016	80-84	0.06702	0.28799	2.56	51356	14790	220694	446606	8.70
2016	85-89	0.11687	0.45236	2.5	36566	16541	141528	225911	6.18
2016	90-94	0.20485	0.65913	2.3	20025	13199	64432	84383	4.21
2016	95-99	0.32216	0.82127	2.02	6826	5606	17401	19951	2.92
2016	100-104	0.46901	0.92165	1.71	1220	1124	2397	2550	2.09
2016	105-109	0.62264	0.96690	1.43	96	92	148	153	1.60
2016	110+	0.74004	1.00000	1.35	3	3	4	4	1.35
2017	0	0.00627	0.00623	0.06	100000	623	99416	7627137	76.27
2017	1-4	0.00027	0.00109	1.61	99377	109	397248	7527721	75.75
2017	5-9	0.00013	0.00063	2.4	99268	62	496181	7130473	71.83
2017	10-14	0.00019	0.00093	2.84	99206	92	495832	6634293	66.87
2017	15-19	0.00073	0.00362	3.02	99114	359	494860	6138460	61.93
2017	20-24	0.00138	0.00687	2.62	98755	679	492161	5643601	57.15
2017	25-29	0.00172	0.00856	2.55	98076	839	488330	5151439	52.52
2017	30-34	0.00196	0.00977	2.57	97237	950	483879	4663110	47.96
2017	35-39	0.00228	0.01133	2.56	96287	1091	478767	4179231	43.40
2017	40-44	0.00274	0.01360	2.58	95196	1295	472840	3700463	38.87
2017	45-49	0.00390	0.01930	2.62	93901	1812	465200	3227623	34.37
2017	50-54	0.00604	0.02976	2.67	92089	2740	454061	2762423	30.00
2017	55-59	0.00923	0.04516	2.64	89348	4035	437210	2308362	25.84
2017	60-64	0.01338	0.06483	2.61	85314	5531	413375	1871152	21.93
2017	65-69	0.01831	0.08767	2.58	79783	6995	382019	1457777	18.27
2017	70-74	0.02724	0.12792	2.63	72789	9311	341876	1075759	14.78
2017	75-79	0.04220	0.19168	2.61	63477	12167	288352	733883	11.56
2017	80-84	0.06776	0.29059	2.55	51310	14910	220054	445531	8.68
2017	85-89	0.11655	0.45132	2.5	36400	16428	140952	225477	6.19
2017	90-94	0.20377	0.65737	2.3	19972	13129	64431	84525	4.23
2017	95-99	0.32052	0.81947	2.02	6843	5608	17496	20094	2.94
2017	100-104	0.46592	0.92017	1.71	1235	1137	2440	2598	2.10
2017	105-109	0.61849	0.96607	1.44	99	95	154	159	1.61
2017	110+	0.73558	1.00000	1.36	3	3	5	5	1.36
2018	0	0.00617	0.00613	0.06	100000	613	99424	7642491	76.42
2018	1-4	0.00028	0.00111	1.63	99387	110	397285	7543067	75.90
2018	5-9	0.00012	0.00062	2.44	99277	62	496225	7145782	71.98
2018	10-14	0.00017	0.00084	2.94	99215	84	495902	6649557	67.02
2018	15-19	0.00068	0.00341	2.98	99131	338	494975	6153655	62.08
2018	20-24	0.00131	0.00651	2.63	98794	643	492443	5658679	57.28
2018	25-29	0.00164	0.00815	2.57	98151	800	488809	5166237	52.64
2018	30-34	0.00190	0.00943	2.54	97350	918	484495	4677428	48.05
2018	35-39	0.00228	0.01134	2.57	96432	1093	479504	4192933	43.48
2018	40-44	0.00274	0.01363	2.59	95339	1299	473562	3713430	38.95
2018	45-49	0.00390	0.01930	2.64	94040	1815	465915	3239867	34.45
2018	50-54	0.00592	0.02917	2.68	92224	2691	454875	2773953	30.08
2018	55-59	0.00922	0.04509	2.64	89534	4037	438125	2319078	25.90
2018	60-64	0.01343	0.06508	2.62	85497	5564	414228	1880953	22.00
2018	65-69	0.01852	0.08865	2.58	79932	7086	382539	1466724	18.35
2018	70-74	0.02678	0.12584	2.61	72846	9167	342341	1084185	14.88
2018	75-79	0.04214	0.19123	2.58	63679	12178	288963	741844	11.65
2018	80-84	0.06698	0.28755	2.54	51502	14810	221091	452881	8.79
2018	85-89	0.11328	0.44174	2.51	36692	16209	143080	231790	6.32
2018	90-94	0.19809	0.64653	2.31	20484	13243	66856	88710	4.33
2018	95-99	0.31052	0.80880	2.04	7240	5856	18858	21854	3.02
2018	100-104	0.45185	0.91336	1.74	1384	1264	2798	2996	2.16
2018	105-109	0.60233	0.96274	1.47	120	115	192	198	1.65
2018	110+	0.71956	1.00000	1.39	4	4	6	6	1.39
2019	0	0.00606	0.00602	0.06	100000	602	99435	7654904	76.55
2019	1-4	0.00025	0.00102	1.57	99398	101	397345	7555469	76.01
2019	5-9	0.00012	0.00062	2.4	99297	62	496322	7158124	72.09
2019	10-14	0.00018	0.00089	2.79	99235	88	495977	6661802	67.13
2019	15-19	0.00068	0.00340	3.01	99146	338	495060	6165825	62.19
2019	20-24	0.00130	0.00646	2.59	98809	639	492501	5670765	57.39
2019	25-29	0.00162	0.00808	2.58	98170	793	488930	5178264	52.75
2019	30-34	0.00193	0.00959	2.56	97377	934	484606	4689333	48.16
2019	35-39	0.00232	0.01154	2.58	96443	1113	479519	4204728	43.60
2019	40-44	0.00284	0.01412	2.56	95330	1346	473363	3725208	39.08
2019	45-49	0.00389	0.01927	2.65	93984	1811	465665	3251845	34.60
2019	50-54	0.00587	0.02893	2.67	92173	2667	454640	2786181	30.23
2019	55-59	0.00914	0.04471	2.64	89507	4002	438082	2331541	26.05
2019	60-64	0.01331	0.06452	2.62	85504	5517	414386	1893459	22.14
2019	65-69	0.01846	0.08835	2.58	79987	7067	382818	1479073	18.49
2019	70-74	0.02630	0.12371	2.6	72921	9021	342974	1096255	15.03
2019	75-79	0.04133	0.18795	2.59	63900	12010	290585	753281	11.79
2019	80-84	0.06681	0.28725	2.56	51890	14905	223113	462696	8.92
2019	85-89	0.10929	0.42995	2.52	36985	15902	145500	239583	6.48
2019	90-94	0.19105	0.63282	2.33	21083	13342	69834	94082	4.46
2019	95-99	0.29757	0.79402	2.06	7741	6147	20656	24248	3.13
2019	100-104	0.43284	0.90319	1.77	1595	1440	3327	3592	2.25
2019	105-109	0.57957	0.95747	1.5	154	148	255	264	1.71
2019	110+	0.69609	1.00000	1.44	7	7	9	9	1.44
