Div4: West North Central, Lifetables (period 5x1), Females Last modified: 20 Dec 2020, MPv5 (May07) 

Year	Age	mx	qx	ax	lx	dx	Lx	Tx	ex
1959	0	0.02037	0.02001	0.11	100000	2001	98219	7496801	74.97
1959	1-4	0.00088	0.00351	1.57	97999	344	391159	7398582	75.50
1959	5-9	0.00036	0.00181	2.33	97655	177	487801	7007422	71.76
1959	10-14	0.00035	0.00176	2.58	97478	171	486975	6519622	66.88
1959	15-19	0.00061	0.00306	2.48	97307	298	485783	6032646	62.00
1959	20-24	0.00060	0.00298	2.41	97009	290	484295	5546864	57.18
1959	25-29	0.00077	0.00383	2.52	96719	370	482678	5062569	52.34
1959	30-34	0.00105	0.00524	2.74	96349	505	480600	4579891	47.53
1959	35-39	0.00139	0.00694	2.65	95844	665	477654	4099291	42.77
1959	40-44	0.00208	0.01034	2.71	95179	984	473643	3621636	38.05
1959	45-49	0.00351	0.01741	2.7	94194	1640	467206	3147993	33.42
1959	50-54	0.00507	0.02505	2.67	92555	2318	457374	2680787	28.96
1959	55-59	0.00740	0.03639	2.67	90237	3284	443517	2223413	24.64
1959	60-64	0.01206	0.05861	2.62	86953	5096	422659	1779896	20.47
1959	65-69	0.01956	0.09363	2.73	81857	7664	391896	1357236	16.58
1959	70-74	0.03291	0.15289	2.68	74193	11343	344654	965341	13.01
1959	75-79	0.05626	0.24796	2.61	62849	15584	277018	620687	9.88
1959	80-84	0.09413	0.38245	2.55	47265	18077	192035	343669	7.27
1959	85-89	0.15760	0.55758	2.38	29189	16275	103268	151634	5.19
1959	90-94	0.24002	0.71832	2.21	12914	9276	38647	48366	3.75
1959	95-99	0.35858	0.85224	1.92	3638	3100	8645	9719	2.67
1959	100-104	0.49286	0.93015	1.65	537	500	1014	1074	2.00
1959	105-109	0.62916	0.96739	1.42	38	36	58	59	1.58
1959	110+	0.73340	1.00000	1.36	1	1	2	2	1.36
1960	0	0.02005	0.01969	0.11	100000	1969	98245	7480324	74.80
1960	1-4	0.00083	0.00330	1.57	98031	323	391337	7382079	75.30
1960	5-9	0.00040	0.00201	2.29	97707	197	488003	6990741	71.55
1960	10-14	0.00031	0.00154	2.59	97511	150	487192	6502738	66.69
1960	15-19	0.00053	0.00264	2.56	97361	257	486178	6015546	61.79
1960	20-24	0.00062	0.00311	2.41	97104	302	484737	5529368	56.94
1960	25-29	0.00074	0.00371	2.49	96802	359	483105	5044631	52.11
1960	30-34	0.00102	0.00511	2.69	96443	493	481075	4561525	47.30
1960	35-39	0.00148	0.00739	2.64	95950	709	478077	4080451	42.53
1960	40-44	0.00227	0.01129	2.6	95241	1075	473622	3602373	37.82
1960	45-49	0.00352	0.01745	2.66	94166	1643	466988	3128751	33.23
1960	50-54	0.00525	0.02593	2.62	92523	2400	456905	2661764	28.77
1960	55-59	0.00762	0.03743	2.65	90123	3373	442700	2204859	24.46
1960	60-64	0.01248	0.06066	2.69	86750	5262	421579	1762159	20.31
1960	65-69	0.01985	0.09491	2.7	81488	7734	389628	1340579	16.45
1960	70-74	0.03313	0.15378	2.67	73754	11342	342329	950951	12.89
1960	75-79	0.05723	0.25174	2.61	62412	15711	274547	608622	9.75
1960	80-84	0.09749	0.39289	2.53	46700	18348	188210	334075	7.15
1960	85-89	0.15901	0.56041	2.37	28352	15889	99923	145866	5.14
1960	90-94	0.24537	0.72479	2.18	12463	9033	36815	45943	3.69
1960	95-99	0.36039	0.85347	1.92	3430	2927	8123	9128	2.66
1960	100-104	0.49269	0.92992	1.65	503	467	949	1005	2.00
1960	105-109	0.62697	0.96690	1.42	35	34	54	56	1.59
1960	110+	0.72993	1.00000	1.37	1	1	2	2	1.37
1961	0	0.02009	0.01974	0.11	100000	1974	98242	7526983	75.27
1961	1-4	0.00082	0.00326	1.59	98026	320	391331	7428741	75.78
1961	5-9	0.00032	0.00161	2.27	97706	157	488101	7037410	72.03
1961	10-14	0.00032	0.00161	2.69	97549	157	487380	6549309	67.14
1961	15-19	0.00049	0.00247	2.77	97391	241	486421	6061929	62.24
1961	20-24	0.00061	0.00305	2.52	97151	297	485018	5575508	57.39
1961	25-29	0.00071	0.00356	2.53	96854	345	483419	5090490	52.56
1961	30-34	0.00104	0.00520	2.62	96509	502	481353	4607071	47.74
1961	35-39	0.00149	0.00744	2.74	96007	714	478425	4125718	42.97
1961	40-44	0.00221	0.01102	2.72	95293	1050	474071	3647293	38.27
1961	45-49	0.00341	0.01693	2.65	94243	1596	467468	3173221	33.67
1961	50-54	0.00524	0.02586	2.65	92648	2396	457606	2705753	29.20
1961	55-59	0.00745	0.03662	2.65	90252	3305	443501	2248147	24.91
1961	60-64	0.01184	0.05758	2.66	86947	5007	423023	1804646	20.76
1961	65-69	0.01848	0.08857	2.67	81941	7258	392780	1381623	16.86
1961	70-74	0.03136	0.14613	2.68	74683	10914	348053	988843	13.24
1961	75-79	0.05427	0.24042	2.63	63769	15332	282522	640790	10.05
1961	80-84	0.09054	0.36966	2.52	48438	17906	197774	358268	7.40
1961	85-89	0.15365	0.54837	2.39	30532	16743	108965	160494	5.26
1961	90-94	0.24042	0.71142	2.13	13789	9810	40803	51529	3.74
1961	95-99	0.35493	0.84939	1.93	3979	3380	9523	10726	2.70
1961	100-104	0.49034	0.92928	1.66	599	557	1136	1203	2.01
1961	105-109	0.62818	0.96727	1.42	42	41	65	67	1.58
1961	110+	0.73361	1.00000	1.36	1	1	2	2	1.36
1962	0	0.01888	0.01857	0.11	100000	1857	98340	7522841	75.23
1962	1-4	0.00081	0.00323	1.51	98143	317	391784	7424501	75.65
1962	5-9	0.00039	0.00195	2.3	97826	191	488616	7032717	71.89
1962	10-14	0.00030	0.00150	2.71	97635	146	487842	6544101	67.03
1962	15-19	0.00063	0.00315	2.74	97489	307	486752	6056259	62.12
1962	20-24	0.00065	0.00325	2.5	97183	316	485122	5569507	57.31
1962	25-29	0.00077	0.00384	2.55	96867	372	483420	5084384	52.49
1962	30-34	0.00098	0.00487	2.73	96494	470	481407	4600964	47.68
1962	35-39	0.00149	0.00741	2.65	96025	711	478456	4119557	42.90
1962	40-44	0.00221	0.01098	2.66	95314	1047	474120	3641101	38.20
1962	45-49	0.00317	0.01573	2.69	94267	1483	467909	3166981	33.60
1962	50-54	0.00517	0.02556	2.65	92784	2372	458350	2699072	29.09
1962	55-59	0.00754	0.03702	2.63	90412	3347	444142	2240722	24.78
1962	60-64	0.01164	0.05666	2.7	87066	4934	423969	1796580	20.63
1962	65-69	0.01842	0.08830	2.65	82132	7252	393616	1372611	16.71
1962	70-74	0.03196	0.14861	2.64	74880	11128	348191	978995	13.07
1962	75-79	0.05504	0.24336	2.62	63752	15515	281893	630804	9.89
1962	80-84	0.09580	0.38780	2.55	48237	18706	195268	348910	7.23
1962	85-89	0.15680	0.55482	2.37	29531	16385	104491	153643	5.20
1962	90-94	0.24047	0.71695	2.18	13146	9425	39195	49152	3.74
1962	95-99	0.35809	0.85169	1.92	3721	3169	8850	9957	2.68
1962	100-104	0.49106	0.92934	1.66	552	513	1044	1106	2.00
1962	105-109	0.62626	0.96681	1.43	39	38	60	62	1.59
1962	110+	0.72994	1.00000	1.37	1	1	2	2	1.37
1963	0	0.01910	0.01878	0.11	100000	1878	98322	7515756	75.16
1963	1-4	0.00083	0.00333	1.56	98122	327	391691	7417434	75.59
1963	5-9	0.00040	0.00198	2.28	97795	194	488447	7025743	71.84
1963	10-14	0.00031	0.00153	2.68	97601	149	487660	6537296	66.98
1963	15-19	0.00059	0.00293	2.72	97452	286	486610	6049636	62.08
1963	20-24	0.00067	0.00334	2.43	97166	324	484998	5563026	57.25
1963	25-29	0.00074	0.00370	2.67	96842	359	483373	5078028	52.44
1963	30-34	0.00090	0.00449	2.67	96483	434	481408	4594654	47.62
1963	35-39	0.00150	0.00750	2.72	96050	720	478608	4113247	42.82
1963	40-44	0.00228	0.01132	2.62	95330	1079	474083	3634638	38.13
1963	45-49	0.00345	0.01713	2.73	94250	1614	467592	3160555	33.53
1963	50-54	0.00522	0.02578	2.58	92636	2388	457400	2692963	29.07
1963	55-59	0.00775	0.03805	2.69	90248	3434	443291	2235564	24.77
1963	60-64	0.01187	0.05773	2.66	86814	5012	422365	1792273	20.64
1963	65-69	0.01878	0.08988	2.63	81802	7353	391573	1369907	16.75
1963	70-74	0.03197	0.14874	2.66	74450	11074	346372	978334	13.14
1963	75-79	0.05335	0.23628	2.58	63376	14974	280697	631962	9.97
1963	80-84	0.09348	0.37957	2.53	48402	18372	196541	351264	7.26
1963	85-89	0.15725	0.55680	2.38	30030	16721	106333	154723	5.15
1963	90-94	0.24961	0.73218	2.18	13309	9745	39040	48391	3.64
1963	95-99	0.36588	0.85846	1.91	3565	3060	8363	9351	2.62
1963	100-104	0.50377	0.93451	1.63	505	471	936	987	1.96
1963	105-109	0.64223	0.96980	1.4	33	32	50	51	1.55
1963	110+	0.74683	1.00000	1.34	1	1	1	1	1.34
1964	0	0.01947	0.01914	0.11	100000	1914	98292	7529181	75.29
1964	1-4	0.00079	0.00315	1.57	98086	309	391592	7430889	75.76
1964	5-9	0.00032	0.00157	2.3	97777	154	488469	7039297	71.99
1964	10-14	0.00025	0.00126	2.73	97623	123	487836	6550827	67.10
1964	15-19	0.00063	0.00316	2.73	97500	308	486802	6062991	62.18
1964	20-24	0.00067	0.00332	2.69	97192	323	485215	5576189	57.37
1964	25-29	0.00072	0.00360	2.53	96869	349	483485	5090974	52.56
1964	30-34	0.00110	0.00546	2.7	96521	527	481389	4607489	47.74
1964	35-39	0.00152	0.00757	2.72	95993	726	478311	4126100	42.98
1964	40-44	0.00240	0.01191	2.75	95267	1135	473780	3647789	38.29
1964	45-49	0.00345	0.01712	2.62	94132	1612	466822	3174010	33.72
1964	50-54	0.00522	0.02579	2.64	92520	2386	456966	2707188	29.26
1964	55-59	0.00763	0.03747	2.66	90134	3378	442760	2250222	24.97
1964	60-64	0.01162	0.05657	2.66	86756	4908	422320	1807462	20.83
1964	65-69	0.01866	0.08930	2.61	81849	7309	391773	1385142	16.92
1964	70-74	0.03107	0.14495	2.69	74540	10804	347776	993369	13.33
1964	75-79	0.05162	0.22953	2.59	63736	14629	283406	645593	10.13
1964	80-84	0.09152	0.37421	2.56	49107	18376	200778	362187	7.38
1964	85-89	0.15166	0.54190	2.37	30730	16653	109803	161409	5.25
1964	90-94	0.24688	0.72526	2.16	14078	10210	41356	51606	3.67
1964	95-99	0.36160	0.85516	1.92	3868	3307	9147	10250	2.65
1964	100-104	0.50013	0.93324	1.64	560	523	1045	1104	1.97
1964	105-109	0.63977	0.96942	1.41	37	36	57	58	1.56
1964	110+	0.74544	1.00000	1.34	1	1	2	2	1.34
1965	0	0.01873	0.01842	0.11	100000	1842	98352	7544716	75.45
1965	1-4	0.00079	0.00315	1.6	98158	309	391890	7446364	75.86
1965	5-9	0.00032	0.00159	2.21	97849	156	488811	7054474	72.10
1965	10-14	0.00031	0.00157	2.65	97693	153	488105	6565664	67.21
1965	15-19	0.00061	0.00305	2.78	97540	298	487038	6077559	62.31
1965	20-24	0.00067	0.00337	2.44	97242	327	485372	5590521	57.49
1965	25-29	0.00072	0.00358	2.58	96915	347	483733	5105149	52.68
1965	30-34	0.00098	0.00489	2.6	96567	472	481704	4621416	47.86
1965	35-39	0.00156	0.00775	2.58	96095	745	478675	4139712	43.08
1965	40-44	0.00232	0.01154	2.68	95350	1100	474202	3661037	38.40
1965	45-49	0.00351	0.01742	2.61	94250	1642	467330	3186835	33.81
1965	50-54	0.00516	0.02551	2.64	92608	2362	457454	2719505	29.37
1965	55-59	0.00784	0.03848	2.67	90246	3472	443149	2262051	25.07
1965	60-64	0.01158	0.05633	2.63	86773	4888	422290	1818901	20.96
1965	65-69	0.01866	0.08944	2.68	81885	7324	392411	1396612	17.06
1965	70-74	0.03007	0.14044	2.66	74561	10471	348260	1004201	13.47
1965	75-79	0.05189	0.23095	2.62	64090	14802	285278	655941	10.23
1965	80-84	0.08889	0.36503	2.55	49288	17992	202401	370664	7.52
1965	85-89	0.14825	0.53377	2.38	31296	16705	112683	168262	5.38
1965	90-94	0.23507	0.70401	2.15	14591	10272	43700	55580	3.81
1965	95-99	0.34691	0.84243	1.95	4319	3638	10488	11880	2.75
1965	100-104	0.48073	0.92531	1.68	681	630	1310	1392	2.04
1965	105-109	0.61831	0.96539	1.44	51	49	79	82	1.61
1965	110+	0.72441	1.00000	1.38	2	2	2	2	1.38
1966	0	0.01779	0.01751	0.1	100000	1751	98429	7543335	75.43
1966	1-4	0.00077	0.00307	1.66	98249	302	392288	7444906	75.78
1966	5-9	0.00034	0.00170	2.2	97947	166	489268	7052618	72.00
1966	10-14	0.00028	0.00142	2.59	97781	139	488568	6563350	67.12
1966	15-19	0.00060	0.00302	2.81	97642	295	487563	6074782	62.21
1966	20-24	0.00069	0.00343	2.5	97347	334	485901	5587218	57.39
1966	25-29	0.00073	0.00362	2.54	97013	352	484201	5101317	52.58
1966	30-34	0.00114	0.00568	2.68	96662	549	482033	4617116	47.77
1966	35-39	0.00151	0.00754	2.62	96113	725	478841	4135083	43.02
1966	40-44	0.00229	0.01139	2.65	95388	1087	474383	3656241	38.33
1966	45-49	0.00331	0.01644	2.61	94301	1550	467796	3181859	33.74
1966	50-54	0.00536	0.02647	2.65	92751	2455	457998	2714063	29.26
1966	55-59	0.00743	0.03651	2.64	90296	3297	443715	2256065	24.99
1966	60-64	0.01131	0.05509	2.64	87000	4793	423690	1812349	20.83
1966	65-69	0.01846	0.08850	2.66	82207	7275	394029	1388659	16.89
1966	70-74	0.03092	0.14422	2.67	74932	10807	349479	994631	13.27
1966	75-79	0.05366	0.23767	2.6	64125	15240	284027	645151	10.06
1966	80-84	0.09119	0.37235	2.54	48884	18202	199603	361124	7.39
1966	85-89	0.15515	0.55085	2.37	30682	16901	108935	161521	5.26
1966	90-94	0.23429	0.70833	2.21	13781	9761	41664	52586	3.82
1966	95-99	0.35181	0.84655	1.94	4019	3403	9672	10922	2.72
1966	100-104	0.48523	0.92709	1.67	617	572	1178	1250	2.03
1966	105-109	0.62173	0.96600	1.43	45	43	70	72	1.60
1966	110+	0.72675	1.00000	1.38	2	2	2	2	1.38
1967	0	0.01780	0.01752	0.1	100000	1752	98428	7581175	75.81
1967	1-4	0.00073	0.00290	1.6	98248	285	392306	7482747	76.16
1967	5-9	0.00036	0.00180	2.26	97963	177	489328	7090442	72.38
1967	10-14	0.00028	0.00138	2.73	97786	135	488622	6601113	67.51
1967	15-19	0.00059	0.00294	2.83	97651	287	487630	6112491	62.60
1967	20-24	0.00071	0.00355	2.42	97363	345	485926	5624861	57.77
1967	25-29	0.00077	0.00382	2.61	97018	371	484204	5138935	52.97
1967	30-34	0.00092	0.00458	2.72	96647	443	482228	4654731	48.16
1967	35-39	0.00155	0.00773	2.58	96204	744	479218	4172503	43.37
1967	40-44	0.00224	0.01116	2.72	95461	1065	474874	3693285	38.69
1967	45-49	0.00341	0.01690	2.65	94395	1595	468220	3218411	34.10
1967	50-54	0.00502	0.02483	2.65	92800	2304	458579	2750191	29.64
1967	55-59	0.00752	0.03695	2.65	90496	3344	444613	2291611	25.32
1967	60-64	0.01152	0.05611	2.66	87151	4890	424332	1846999	21.19
1967	65-69	0.01768	0.08484	2.63	82261	6979	394766	1422666	17.29
1967	70-74	0.02956	0.13813	2.64	75282	10399	351839	1027900	13.65
1967	75-79	0.04999	0.22327	2.61	64883	14486	289772	676061	10.42
1967	80-84	0.08643	0.35663	2.55	50397	17973	207940	386289	7.66
1967	85-89	0.14378	0.52280	2.39	32424	16951	117899	178349	5.50
1967	90-94	0.22849	0.69564	2.19	15473	10763	47106	60450	3.91
1967	95-99	0.33547	0.83189	1.97	4709	3918	11678	13344	2.83
1967	100-104	0.46623	0.91884	1.7	792	727	1560	1666	2.10
1967	105-109	0.60260	0.96212	1.46	64	62	103	106	1.65
1967	110+	0.70909	1.00000	1.41	2	2	3	3	1.41
1968	0	0.01687	0.01661	0.1	100000	1661	98505	7561530	75.62
1968	1-4	0.00072	0.00286	1.62	98339	281	392686	7463025	75.89
1968	5-9	0.00035	0.00174	2.39	98057	171	489840	7070339	72.10
1968	10-14	0.00029	0.00145	2.56	97886	142	489085	6580498	67.23
1968	15-19	0.00066	0.00330	2.74	97744	323	487992	6091413	62.32
1968	20-24	0.00071	0.00357	2.38	97422	348	486199	5603421	57.52
1968	25-29	0.00075	0.00376	2.6	97074	365	484493	5117222	52.71
1968	30-34	0.00099	0.00494	2.58	96709	478	482388	4632729	47.90
1968	35-39	0.00147	0.00734	2.57	96231	707	479441	4150341	43.13
1968	40-44	0.00227	0.01129	2.71	95524	1078	475150	3670900	38.43
1968	45-49	0.00355	0.01758	2.62	94446	1661	468273	3195750	33.84
1968	50-54	0.00539	0.02660	2.59	92786	2468	457979	2727478	29.40
1968	55-59	0.00784	0.03849	2.64	90317	3476	443378	2269499	25.13
1968	60-64	0.01182	0.05750	2.63	86841	4993	422388	1826121	21.03
1968	65-69	0.01819	0.08717	2.61	81848	7135	392200	1403733	17.15
1968	70-74	0.03014	0.14077	2.66	74714	10518	349001	1011533	13.54
1968	75-79	0.05139	0.22868	2.6	64196	14680	285678	662531	10.32
1968	80-84	0.08602	0.35563	2.57	49516	17609	204701	376854	7.61
1968	85-89	0.14700	0.53190	2.4	31907	16971	115448	172153	5.40
1968	90-94	0.23586	0.71040	2.2	14935	10610	44984	56705	3.80
1968	95-99	0.35249	0.84781	1.94	4325	3667	10403	11721	2.71
1968	100-104	0.49173	0.93015	1.66	658	612	1245	1317	2.00
1968	105-109	0.63339	0.96837	1.42	46	45	70	72	1.57
1968	110+	0.74108	1.00000	1.35	1	1	2	2	1.35
1969	0	0.01678	0.01653	0.1	100000	1653	98512	7579260	75.79
1969	1-4	0.00072	0.00286	1.68	98347	282	392734	7480748	76.06
1969	5-9	0.00034	0.00169	2.43	98065	166	489899	7088013	72.28
1969	10-14	0.00032	0.00158	2.68	97899	154	489136	6598114	67.40
1969	15-19	0.00064	0.00318	2.74	97745	311	488019	6108978	62.50
1969	20-24	0.00072	0.00358	2.55	97433	348	486311	5620959	57.69
1969	25-29	0.00080	0.00401	2.67	97085	389	484518	5134647	52.89
1969	30-34	0.00097	0.00483	2.59	96696	467	482352	4650129	48.09
1969	35-39	0.00151	0.00755	2.71	96229	726	479483	4167778	43.31
1969	40-44	0.00241	0.01199	2.68	95503	1145	474862	3688295	38.62
1969	45-49	0.00354	0.01755	2.64	94358	1656	467879	3213433	34.06
1969	50-54	0.00505	0.02497	2.61	92702	2315	457969	2745554	29.62
1969	55-59	0.00774	0.03800	2.66	90388	3434	443906	2287585	25.31
1969	60-64	0.01145	0.05575	2.66	86953	4848	423407	1843679	21.20
1969	65-69	0.01753	0.08417	2.64	82106	6911	394232	1420273	17.30
1969	70-74	0.02963	0.13836	2.62	75194	10404	351179	1026040	13.65
1969	75-79	0.05011	0.22382	2.62	64791	14502	289410	674862	10.42
1969	80-84	0.08621	0.35623	2.56	50289	17915	207799	385451	7.66
1969	85-89	0.14484	0.52749	2.43	32374	17077	117906	177652	5.49
1969	90-94	0.22798	0.69787	2.22	15297	10675	46827	59746	3.91
1969	95-99	0.34053	0.83683	1.96	4622	3868	11358	12919	2.80
1969	100-104	0.47429	0.92262	1.69	754	696	1467	1562	2.07
1969	105-109	0.61274	0.96432	1.45	58	56	92	95	1.62
1969	110+	0.71996	1.00000	1.39	2	2	3	3	1.39
1970	0	0.01630	0.01606	0.1	100000	1606	98552	7606172	76.06
1970	1-4	0.00071	0.00285	1.7	98394	280	392931	7507620	76.30
1970	5-9	0.00032	0.00159	2.27	98113	156	490142	7114689	72.51
1970	10-14	0.00028	0.00139	2.62	97958	136	489464	6624547	67.63
1970	15-19	0.00062	0.00308	2.75	97821	302	488429	6135083	62.72
1970	20-24	0.00069	0.00345	2.46	97520	337	486743	5646654	57.90
1970	25-29	0.00077	0.00385	2.57	97183	374	485005	5159911	53.09
1970	30-34	0.00106	0.00529	2.56	96809	512	482794	4674905	48.29
1970	35-39	0.00149	0.00742	2.66	96297	715	479809	4192111	43.53
1970	40-44	0.00224	0.01115	2.66	95582	1066	475419	3712302	38.84
1970	45-49	0.00349	0.01731	2.73	94516	1636	468864	3236883	34.25
1970	50-54	0.00500	0.02470	2.69	92880	2294	459089	2768020	29.80
1970	55-59	0.00768	0.03773	2.64	90585	3418	444849	2308931	25.49
1970	60-64	0.01129	0.05500	2.66	87168	4794	424623	1864082	21.38
1970	65-69	0.01762	0.08462	2.67	82374	6970	395596	1439459	17.47
1970	70-74	0.02891	0.13539	2.66	75403	10209	353101	1043863	13.84
1970	75-79	0.05038	0.22482	2.61	65194	14657	290914	690762	10.60
1970	80-84	0.08287	0.34454	2.55	50537	17412	210106	399848	7.91
1970	85-89	0.13683	0.50496	2.41	33125	16727	122241	189742	5.73
1970	90-94	0.21444	0.67476	2.25	16398	11065	51600	67501	4.12
1970	95-99	0.31666	0.81305	2.01	5333	4336	13694	15901	2.98
1970	100-104	0.44177	0.90664	1.75	997	904	2046	2207	2.21
1970	105-109	0.57527	0.95570	1.51	93	89	155	161	1.73
1970	110+	0.68163	1.00000	1.47	4	4	6	6	1.47
1971	0	0.01548	0.01527	0.1	100000	1527	98620	7628709	76.29
1971	1-4	0.00067	0.00268	1.65	98473	264	393272	7530088	76.47
1971	5-9	0.00034	0.00169	2.22	98209	166	490586	7136816	72.67
1971	10-14	0.00029	0.00143	2.61	98044	140	489883	6646230	67.79
1971	15-19	0.00064	0.00321	2.62	97903	314	488770	6156347	62.88
1971	20-24	0.00067	0.00333	2.62	97589	325	487175	5667577	58.08
1971	25-29	0.00074	0.00369	2.64	97264	359	485476	5180402	53.26
1971	30-34	0.00098	0.00491	2.64	96905	476	483400	4694927	48.45
1971	35-39	0.00153	0.00764	2.62	96429	736	480394	4211527	43.67
1971	40-44	0.00227	0.01128	2.66	95693	1080	475935	3731132	38.99
1971	45-49	0.00346	0.01714	2.63	94613	1622	469223	3255197	34.41
1971	50-54	0.00500	0.02471	2.71	92991	2298	459686	2785975	29.96
1971	55-59	0.00750	0.03683	2.58	90693	3340	445377	2326289	25.65
1971	60-64	0.01112	0.05417	2.64	87353	4732	425617	1880912	21.53
1971	65-69	0.01730	0.08312	2.64	82620	6867	396917	1455295	17.61
1971	70-74	0.02815	0.13200	2.64	75753	9999	355179	1058378	13.97
1971	75-79	0.04833	0.21661	2.61	65754	14243	294701	703199	10.69
1971	80-84	0.08173	0.34022	2.54	51511	17525	214421	408498	7.93
1971	85-89	0.13576	0.50265	2.42	33986	17083	125834	194077	5.71
1971	90-94	0.22102	0.68960	2.27	16903	11656	52737	68243	4.04
1971	95-99	0.31969	0.81643	2	5247	4284	13399	15506	2.96
1971	100-104	0.44739	0.90973	1.74	963	876	1958	2107	2.19
1971	105-109	0.58304	0.95770	1.49	87	83	143	148	1.70
1971	110+	0.69052	1.00000	1.45	4	4	5	5	1.45
1972	0	0.01514	0.01494	0.1	100000	1494	98649	7636041	76.36
1972	1-4	0.00068	0.00271	1.72	98506	266	393416	7537392	76.52
1972	5-9	0.00028	0.00141	2.16	98240	138	490806	7143975	72.72
1972	10-14	0.00033	0.00165	2.64	98102	162	490126	6653169	67.82
1972	15-19	0.00063	0.00316	2.66	97940	309	488976	6163043	62.93
1972	20-24	0.00056	0.00281	2.55	97630	274	487479	5674067	58.12
1972	25-29	0.00073	0.00365	2.49	97356	356	485888	5186588	53.27
1972	30-34	0.00101	0.00502	2.74	97000	487	483904	4700700	48.46
1972	35-39	0.00140	0.00696	2.7	96513	672	481021	4216797	43.69
1972	40-44	0.00232	0.01154	2.74	95841	1106	476709	3735775	38.98
1972	45-49	0.00310	0.01537	2.71	94735	1456	470336	3259066	34.40
1972	50-54	0.00507	0.02506	2.68	93279	2338	460968	2788730	29.90
1972	55-59	0.00761	0.03740	2.65	90941	3402	446699	2327762	25.60
1972	60-64	0.01154	0.05617	2.67	87540	4917	426232	1881062	21.49
1972	65-69	0.01744	0.08375	2.63	82622	6919	396741	1454830	17.61
1972	70-74	0.02760	0.12972	2.68	75703	9820	355744	1058089	13.98
1972	75-79	0.04848	0.21710	2.6	65883	14303	295053	702345	10.66
1972	80-84	0.08202	0.34114	2.53	51580	17596	214524	407292	7.90
1972	85-89	0.13746	0.50713	2.42	33984	17234	125375	192768	5.67
1972	90-94	0.22001	0.68309	2.23	16750	11442	52006	67394	4.02
1972	95-99	0.32670	0.82368	1.99	5308	4372	13383	15387	2.90
1972	100-104	0.45763	0.91496	1.72	936	856	1871	2004	2.14
1972	105-109	0.59543	0.96064	1.47	80	76	128	133	1.67
1972	110+	0.70359	1.00000	1.42	3	3	4	4	1.42
1973	0	0.01384	0.01367	0.09	100000	1367	98759	7676175	76.76
1973	1-4	0.00061	0.00243	1.57	98633	240	393950	7577416	76.82
1973	5-9	0.00032	0.00159	2.45	98394	157	491568	7183467	73.01
1973	10-14	0.00031	0.00154	2.7	98237	151	490836	6691899	68.12
1973	15-19	0.00065	0.00323	2.63	98086	317	489677	6201063	63.22
1973	20-24	0.00061	0.00302	2.49	97768	296	488101	5711386	58.42
1973	25-29	0.00062	0.00308	2.57	97473	301	486634	5223285	53.59
1973	30-34	0.00091	0.00453	2.61	97172	440	484808	4736651	48.74
1973	35-39	0.00138	0.00686	2.72	96732	663	482149	4251843	43.95
1973	40-44	0.00223	0.01109	2.71	96069	1065	477902	3769694	39.24
1973	45-49	0.00336	0.01665	2.68	95004	1582	471345	3291792	34.65
1973	50-54	0.00474	0.02345	2.56	93422	2190	461771	2820447	30.19
1973	55-59	0.00732	0.03599	2.63	91232	3283	448380	2358676	25.85
1973	60-64	0.01107	0.05392	2.62	87949	4742	428475	1910296	21.72
1973	65-69	0.01707	0.08203	2.62	83206	6825	399807	1481821	17.81
1973	70-74	0.02726	0.12807	2.65	76381	9782	358893	1082014	14.17
1973	75-79	0.04673	0.21038	2.63	66599	14011	299831	723121	10.86
1973	80-84	0.07897	0.33078	2.55	52588	17395	220268	423290	8.05
1973	85-89	0.13386	0.49864	2.44	35193	17549	131092	203022	5.77
1973	90-94	0.21603	0.67752	2.25	17644	11954	55336	71930	4.08
1973	95-99	0.32420	0.82152	2	5690	4674	14418	16594	2.92
1973	100-104	0.45719	0.91497	1.72	1015	929	2032	2176	2.14
1973	105-109	0.59735	0.96118	1.47	86	83	139	144	1.66
1973	110+	0.70718	1.00000	1.41	3	3	5	5	1.41
1974	0	0.01429	0.01411	0.09	100000	1411	98720	7707098	77.07
1974	1-4	0.00055	0.00219	1.63	98589	216	393843	7608378	77.17
1974	5-9	0.00032	0.00162	2.3	98373	159	491435	7214534	73.34
1974	10-14	0.00030	0.00151	2.72	98214	148	490733	6723099	68.45
1974	15-19	0.00055	0.00273	2.71	98066	268	489716	6232367	63.55
1974	20-24	0.00058	0.00288	2.54	97798	281	488299	5742651	58.72
1974	25-29	0.00067	0.00332	2.66	97517	324	486825	5254352	53.88
1974	30-34	0.00087	0.00435	2.72	97193	423	485002	4767526	49.05
1974	35-39	0.00123	0.00612	2.65	96770	592	482458	4282524	44.25
1974	40-44	0.00207	0.01031	2.67	96178	992	478582	3800067	39.51
1974	45-49	0.00325	0.01613	2.71	95186	1535	472420	3321484	34.89
1974	50-54	0.00454	0.02246	2.65	93651	2104	463322	2849065	30.42
1974	55-59	0.00711	0.03496	2.65	91547	3201	450212	2385743	26.06
1974	60-64	0.01088	0.05302	2.63	88346	4684	430636	1935531	21.91
1974	65-69	0.01660	0.07989	2.64	83662	6684	402524	1504895	17.99
1974	70-74	0.02681	0.12613	2.66	76978	9709	362167	1102371	14.32
1974	75-79	0.04453	0.20130	2.62	67269	13541	304061	740204	11.00
1974	80-84	0.07799	0.32793	2.58	53728	17619	225917	436143	8.12
1974	85-89	0.13271	0.49487	2.43	36109	17869	134648	210226	5.82
1974	90-94	0.21111	0.66828	2.26	18240	12189	57739	75578	4.14
1974	95-99	0.32017	0.81745	2.01	6050	4946	15448	17839	2.95
1974	100-104	0.45222	0.91253	1.73	1105	1008	2229	2391	2.16
1974	105-109	0.59208	0.96000	1.48	97	93	157	162	1.68
1974	110+	0.70213	1.00000	1.42	4	4	6	6	1.42
1975	0	0.01294	0.01279	0.09	100000	1279	98835	7766866	77.67
1975	1-4	0.00059	0.00236	1.75	98721	233	394359	7668031	77.67
1975	5-9	0.00027	0.00136	2.4	98488	133	492091	7273672	73.85
1975	10-14	0.00024	0.00119	2.69	98354	117	491500	6781581	68.95
1975	15-19	0.00055	0.00276	2.64	98237	272	490543	6290082	64.03
1975	20-24	0.00063	0.00312	2.45	97965	306	489047	5799539	59.20
1975	25-29	0.00059	0.00293	2.43	97659	286	487561	5310492	54.38
1975	30-34	0.00093	0.00462	2.54	97373	450	485760	4822931	49.53
1975	35-39	0.00119	0.00592	2.64	96924	574	483264	4337171	44.75
1975	40-44	0.00197	0.00979	2.64	96350	944	479520	3853908	40.00
1975	45-49	0.00314	0.01559	2.6	95406	1488	473465	3374387	35.37
1975	50-54	0.00461	0.02280	2.7	93918	2141	464677	2900923	30.89
1975	55-59	0.00710	0.03491	2.69	91777	3204	451490	2436246	26.55
1975	60-64	0.01020	0.04978	2.64	88573	4409	432453	1984756	22.41
1975	65-69	0.01560	0.07525	2.65	84164	6333	405918	1552303	18.44
1975	70-74	0.02571	0.12119	2.63	77830	9432	366834	1146384	14.73
1975	75-79	0.04290	0.19497	2.67	68398	13336	310888	779550	11.40
1975	80-84	0.07304	0.30983	2.55	55063	17060	233586	468662	8.51
1975	85-89	0.12147	0.46373	2.45	38003	17623	145078	235076	6.19
1975	90-94	0.19529	0.63732	2.28	20380	12988	66507	89997	4.42
1975	95-99	0.29364	0.78807	2.06	7391	5825	19837	23491	3.18
1975	100-104	0.41721	0.89316	1.8	1566	1399	3353	3654	2.33
1975	105-109	0.55248	0.94981	1.55	167	159	288	300	1.80
1975	110+	0.66193	1.00000	1.51	8	8	13	13	1.51
1976	0	0.01310	0.01295	0.09	100000	1295	98821	7786803	77.87
1976	1-4	0.00061	0.00242	1.64	98705	239	394258	7687982	77.89
1976	5-9	0.00028	0.00140	2.27	98466	137	491957	7293724	74.07
1976	10-14	0.00026	0.00129	3	98329	127	491391	6801767	69.17
1976	15-19	0.00056	0.00279	2.67	98202	274	490370	6310375	64.26
1976	20-24	0.00058	0.00291	2.43	97928	285	488906	5820005	59.43
1976	25-29	0.00064	0.00321	2.57	97643	313	487455	5331099	54.60
1976	30-34	0.00077	0.00384	2.79	97330	374	485822	4843644	49.77
1976	35-39	0.00116	0.00580	2.62	96956	562	483444	4357822	44.95
1976	40-44	0.00191	0.00953	2.79	96394	919	479937	3874378	40.19
1976	45-49	0.00292	0.01450	2.62	95475	1384	474083	3394441	35.55
1976	50-54	0.00443	0.02195	2.64	94091	2065	465581	2920358	31.04
1976	55-59	0.00680	0.03347	2.64	92026	3080	452860	2454776	26.67
1976	60-64	0.01040	0.05073	2.65	88946	4513	434105	2001916	22.51
1976	65-69	0.01579	0.07613	2.67	84433	6428	407190	1567811	18.57
1976	70-74	0.02466	0.11639	2.6	78006	9079	368229	1160621	14.88
1976	75-79	0.04171	0.18981	2.63	68927	13083	313687	792392	11.50
1976	80-84	0.07022	0.30041	2.6	55844	16776	238908	478705	8.57
1976	85-89	0.12254	0.46708	2.46	39068	18248	148913	239797	6.14
1976	90-94	0.19582	0.63835	2.27	20820	13290	67869	90884	4.37
1976	95-99	0.30661	0.80369	2.04	7530	6051	19736	23015	3.06
1976	100-104	0.44024	0.90682	1.76	1478	1340	3045	3279	2.22
1976	105-109	0.58381	0.95830	1.5	138	132	226	234	1.70
1976	110+	0.69745	1.00000	1.43	6	6	8	8	1.43
1977	0	0.01182	0.01170	0.09	100000	1170	98931	7842976	78.43
1977	1-4	0.00054	0.00217	1.6	98830	214	394805	7744045	78.36
1977	5-9	0.00026	0.00130	2.45	98616	129	492751	7349240	74.52
1977	10-14	0.00023	0.00117	2.92	98487	115	492197	6856488	69.62
1977	15-19	0.00054	0.00270	2.59	98372	266	491222	6364291	64.70
1977	20-24	0.00059	0.00292	2.43	98107	287	489796	5873069	59.86
1977	25-29	0.00056	0.00278	2.62	97820	272	488451	5383272	55.03
1977	30-34	0.00075	0.00376	2.58	97548	367	486851	4894821	50.18
1977	35-39	0.00108	0.00540	2.7	97181	525	484694	4407970	45.36
1977	40-44	0.00188	0.00938	2.64	96656	906	481140	3923276	40.59
1977	45-49	0.00284	0.01410	2.69	95749	1350	475630	3442136	35.95
1977	50-54	0.00431	0.02134	2.66	94400	2015	467278	2966506	31.42
1977	55-59	0.00633	0.03116	2.64	92385	2879	455143	2499228	27.05
1977	60-64	0.01011	0.04940	2.67	89506	4422	437238	2044085	22.84
1977	65-69	0.01564	0.07536	2.6	85084	6412	410056	1606846	18.89
1977	70-74	0.02436	0.11518	2.64	78672	9062	371973	1196790	15.21
1977	75-79	0.03919	0.17920	2.62	69610	12474	318328	824817	11.85
1977	80-84	0.06755	0.29064	2.6	57136	16606	245815	506489	8.86
1977	85-89	0.11452	0.44454	2.48	40530	18017	157329	260674	6.43
1977	90-94	0.18455	0.61555	2.3	22513	13858	75090	103345	4.59
1977	95-99	0.28412	0.77706	2.09	8655	6726	23671	28254	3.26
1977	100-104	0.40889	0.88841	1.82	1930	1714	4192	4583	2.37
1977	105-109	0.54690	0.94841	1.56	215	204	373	390	1.81
1977	110+	0.65907	1.00000	1.52	11	11	17	17	1.52
1978	0	0.01201	0.01188	0.09	100000	1188	98915	7831143	78.31
1978	1-4	0.00060	0.00238	1.55	98812	235	394674	7732228	78.25
1978	5-9	0.00023	0.00117	2.31	98577	115	492576	7337554	74.43
1978	10-14	0.00027	0.00137	2.68	98462	135	491999	6844978	69.52
1978	15-19	0.00053	0.00264	2.67	98328	260	491032	6352979	64.61
1978	20-24	0.00056	0.00280	2.42	98068	274	489632	5861947	59.77
1978	25-29	0.00061	0.00304	2.47	97793	297	488214	5372315	54.94
1978	30-34	0.00080	0.00400	2.67	97496	390	486570	4884101	50.10
1978	35-39	0.00120	0.00597	2.64	97106	579	484164	4397531	45.29
1978	40-44	0.00187	0.00933	2.73	96526	901	480589	3913367	40.54
1978	45-49	0.00301	0.01496	2.63	95625	1431	474733	3432778	35.90
1978	50-54	0.00438	0.02166	2.65	94195	2040	466172	2958046	31.40
1978	55-59	0.00672	0.03307	2.67	92155	3048	453685	2491873	27.04
1978	60-64	0.01019	0.04978	2.66	89107	4436	435174	2038188	22.87
1978	65-69	0.01503	0.07257	2.65	84671	6145	408896	1603014	18.93
1978	70-74	0.02377	0.11256	2.64	78526	8839	371814	1194118	15.21
1978	75-79	0.04002	0.18271	2.62	69688	12732	318143	822305	11.80
1978	80-84	0.06699	0.28826	2.58	56955	16418	245063	504161	8.85
1978	85-89	0.11538	0.44670	2.47	40538	18108	156949	259098	6.39
1978	90-94	0.18650	0.62077	2.31	22429	13923	74658	102149	4.55
1978	95-99	0.28736	0.78119	2.08	8506	6645	23123	27491	3.23
1978	100-104	0.41415	0.89178	1.81	1861	1660	4008	4368	2.35
1978	105-109	0.55378	0.95045	1.55	201	191	346	361	1.79
1978	110+	0.66676	1.00000	1.5	10	10	15	15	1.50
1979	0	0.01066	0.01056	0.08	100000	1056	99032	7892857	78.93
1979	1-4	0.00057	0.00228	1.72	98944	225	395263	7793825	78.77
1979	5-9	0.00027	0.00135	2.38	98719	133	493245	7398562	74.95
1979	10-14	0.00021	0.00106	2.76	98586	105	492694	6905317	70.04
1979	15-19	0.00057	0.00285	2.71	98481	281	491761	6412623	65.12
1979	20-24	0.00057	0.00286	2.45	98200	280	490283	5920862	60.29
1979	25-29	0.00056	0.00281	2.62	97919	275	488942	5430579	55.46
1979	30-34	0.00072	0.00357	2.77	97644	349	487442	4941637	50.61
1979	35-39	0.00108	0.00541	2.65	97295	526	485238	4454194	45.78
1979	40-44	0.00172	0.00856	2.68	96769	828	481921	3968957	41.01
1979	45-49	0.00271	0.01345	2.74	95941	1290	476793	3487036	36.35
1979	50-54	0.00424	0.02098	2.66	94651	1986	468614	3010243	31.80
1979	55-59	0.00620	0.03057	2.7	92665	2833	456820	2541629	27.43
1979	60-64	0.00973	0.04756	2.65	89832	4272	439136	2084810	23.21
1979	65-69	0.01479	0.07143	2.64	85560	6112	413349	1645674	19.23
1979	70-74	0.02300	0.10904	2.63	79448	8663	376685	1232325	15.51
1979	75-79	0.03740	0.17189	2.65	70785	12167	325306	855641	12.09
1979	80-84	0.06519	0.28151	2.58	58618	16502	253130	530335	9.05
1979	85-89	0.11080	0.43325	2.48	42116	18247	164683	277205	6.58
1979	90-94	0.17883	0.60586	2.34	23869	14462	80868	112522	4.71
1979	95-99	0.27415	0.76433	2.11	9408	7191	26229	31654	3.36
1979	100-104	0.39572	0.87976	1.84	2217	1950	4929	5425	2.45
1979	105-109	0.53186	0.94379	1.58	267	252	473	496	1.86
1979	110+	0.64356	1.00000	1.55	15	15	23	23	1.55
1980	0	0.00987	0.00978	0.08	100000	978	99101	7882421	78.82
1980	1-4	0.00051	0.00204	1.49	99022	202	395580	7783321	78.60
1980	5-9	0.00025	0.00124	2.29	98820	123	493766	7387740	74.76
1980	10-14	0.00020	0.00098	2.69	98697	96	493262	6893974	69.85
1980	15-19	0.00053	0.00263	2.71	98601	259	492410	6400712	64.92
1980	20-24	0.00059	0.00294	2.39	98341	290	490950	5908302	60.08
1980	25-29	0.00057	0.00285	2.52	98052	279	489566	5417352	55.25
1980	30-34	0.00065	0.00327	2.55	97772	319	488079	4927786	50.40
1980	35-39	0.00100	0.00499	2.55	97453	486	486076	4439707	45.56
1980	40-44	0.00173	0.00859	2.56	96967	833	482800	3953631	40.77
1980	45-49	0.00279	0.01388	2.66	96134	1334	477549	3470831	36.10
1980	50-54	0.00428	0.02121	2.66	94799	2010	469283	2993282	31.57
1980	55-59	0.00652	0.03209	2.62	92789	2978	456869	2523999	27.20
1980	60-64	0.00989	0.04833	2.68	89811	4340	438980	2067130	23.02
1980	65-69	0.01511	0.07296	2.64	85471	6236	412644	1628150	19.05
1980	70-74	0.02360	0.11174	2.63	79234	8854	375231	1215505	15.34
1980	75-79	0.03846	0.17606	2.6	70381	12391	322220	840274	11.94
1980	80-84	0.06661	0.28651	2.56	57989	16614	249444	518054	8.93
1980	85-89	0.11071	0.43242	2.47	41375	17891	161613	268611	6.49
1980	90-94	0.18700	0.62302	2.32	23484	14631	78240	106998	4.56
1980	95-99	0.28553	0.77908	2.08	8853	6897	24155	28758	3.25
1980	100-104	0.41286	0.89110	1.81	1956	1743	4221	4603	2.35
1980	105-109	0.55337	0.95039	1.55	213	202	366	382	1.79
1980	110+	0.66711	1.00000	1.5	11	11	16	16	1.50
1981	0	0.00963	0.00955	0.08	100000	955	99121	7917719	79.18
1981	1-4	0.00047	0.00189	1.61	99045	187	395732	7818598	78.94
1981	5-9	0.00021	0.00103	2.28	98858	102	494013	7422866	75.09
1981	10-14	0.00022	0.00108	2.65	98756	107	493529	6928853	70.16
1981	15-19	0.00048	0.00240	2.76	98649	236	492717	6435324	65.23
1981	20-24	0.00050	0.00251	2.55	98413	247	491460	5942607	60.38
1981	25-29	0.00058	0.00288	2.59	98166	282	490151	5451147	55.53
1981	30-34	0.00065	0.00324	2.64	97884	317	488673	4960996	50.68
1981	35-39	0.00110	0.00549	2.78	97567	536	486649	4472323	45.84
1981	40-44	0.00167	0.00831	2.73	97032	807	483326	3985675	41.08
1981	45-49	0.00256	0.01273	2.7	96225	1225	478304	3502348	36.40
1981	50-54	0.00398	0.01971	2.59	95001	1873	470498	3024044	31.83
1981	55-59	0.00652	0.03209	2.62	93128	2989	458522	2553546	27.42
1981	60-64	0.00960	0.04690	2.6	90139	4227	440550	2095024	23.24
1981	65-69	0.01509	0.07285	2.65	85912	6258	414860	1654475	19.26
1981	70-74	0.02288	0.10848	2.61	79653	8641	377597	1239615	15.56
1981	75-79	0.03718	0.17079	2.62	71013	12128	326242	862018	12.14
1981	80-84	0.06527	0.28183	2.58	58884	16595	254256	535776	9.10
1981	85-89	0.10776	0.42447	2.5	42289	17951	166575	281520	6.66
1981	90-94	0.17819	0.60359	2.33	24339	14691	82442	114945	4.72
1981	95-99	0.27365	0.76378	2.11	9648	7369	26928	32503	3.37
1981	100-104	0.39582	0.87990	1.84	2279	2005	5066	5575	2.45
1981	105-109	0.53269	0.94410	1.58	274	258	485	509	1.86
1981	110+	0.64496	1.00000	1.55	15	15	24	24	1.55
1982	0	0.00942	0.00934	0.08	100000	934	99140	7934336	79.34
1982	1-4	0.00050	0.00202	1.62	99066	200	395791	7835195	79.09
1982	5-9	0.00020	0.00098	2.23	98867	97	494064	7439404	75.25
1982	10-14	0.00018	0.00090	2.73	98769	89	493645	6945340	70.32
1982	15-19	0.00042	0.00211	2.66	98680	208	492916	6451695	65.38
1982	20-24	0.00047	0.00232	2.5	98473	229	491791	5958779	60.51
1982	25-29	0.00054	0.00268	2.53	98244	263	490567	5466988	55.65
1982	30-34	0.00070	0.00350	2.7	97980	343	489111	4976421	50.79
1982	35-39	0.00103	0.00515	2.58	97637	503	486967	4487310	45.96
1982	40-44	0.00166	0.00825	2.75	97134	801	483865	4000343	41.18
1982	45-49	0.00261	0.01296	2.69	96333	1248	478776	3516477	36.50
1982	50-54	0.00404	0.02001	2.64	95085	1902	470936	3037702	31.95
1982	55-59	0.00626	0.03087	2.71	93182	2876	459315	2566765	27.55
1982	60-64	0.00982	0.04798	2.67	90306	4333	441441	2107450	23.34
1982	65-69	0.01461	0.07062	2.66	85973	6072	415686	1666009	19.38
1982	70-74	0.02356	0.11158	2.64	79901	8915	378458	1250323	15.65
1982	75-79	0.03704	0.17020	2.62	70986	12082	326232	871865	12.28
1982	80-84	0.06253	0.27161	2.58	58904	15999	255880	545632	9.26
1982	85-89	0.10697	0.42230	2.51	42905	18119	169383	289753	6.75
1982	90-94	0.17111	0.58875	2.35	24786	14593	85281	120370	4.86
1982	95-99	0.26664	0.75450	2.12	10193	7691	28843	35088	3.44
1982	100-104	0.38719	0.87396	1.86	2502	2187	5649	6245	2.50
1982	105-109	0.52339	0.94110	1.6	315	297	567	596	1.89
1982	110+	0.63577	1.00000	1.57	19	19	29	29	1.57
1983	0	0.00849	0.00843	0.08	100000	843	99222	7934350	79.34
1983	1-4	0.00048	0.00190	1.54	99157	188	396165	7835128	79.02
1983	5-9	0.00017	0.00086	2.4	98969	85	494622	7438963	75.16
1983	10-14	0.00017	0.00087	2.82	98883	86	494230	6944342	70.23
1983	15-19	0.00048	0.00240	2.77	98797	237	493458	6450112	65.29
1983	20-24	0.00044	0.00220	2.56	98560	217	492272	5956654	60.44
1983	25-29	0.00052	0.00260	2.7	98344	256	491129	5464383	55.56
1983	30-34	0.00063	0.00317	2.65	98087	311	489708	4973254	50.70
1983	35-39	0.00090	0.00451	2.75	97777	441	487892	4483546	45.85
1983	40-44	0.00149	0.00742	2.69	97336	723	485015	3995654	41.05
1983	45-49	0.00256	0.01271	2.75	96613	1228	480301	3510640	36.34
1983	50-54	0.00419	0.02076	2.69	95386	1981	472344	3030338	31.77
1983	55-59	0.00665	0.03274	2.66	93405	3058	459882	2557994	27.39
1983	60-64	0.00998	0.04878	2.68	90347	4407	441531	2098112	23.22
1983	65-69	0.01522	0.07348	2.66	85940	6315	414896	1656580	19.28
1983	70-74	0.02297	0.10886	2.6	79625	8668	377342	1241684	15.59
1983	75-79	0.03705	0.17031	2.63	70957	12085	326185	864342	12.18
1983	80-84	0.06425	0.27800	2.58	58872	16367	254735	538157	9.14
1983	85-89	0.10801	0.42501	2.49	42506	18065	167256	283422	6.67
1983	90-94	0.17668	0.59807	2.3	24440	14617	82734	116165	4.75
1983	95-99	0.27042	0.75945	2.11	9823	7460	27588	33431	3.40
1983	100-104	0.39116	0.87665	1.85	2363	2071	5296	5843	2.47
1983	105-109	0.52697	0.94223	1.59	291	275	521	548	1.88
1983	110+	0.63875	1.00000	1.57	17	17	26	26	1.57
1984	0	0.00835	0.00829	0.08	100000	829	99235	7952363	79.52
1984	1-4	0.00040	0.00159	1.7	99171	158	396322	7853128	79.19
1984	5-9	0.00017	0.00087	2.36	99013	86	494840	7456806	75.31
1984	10-14	0.00018	0.00088	2.81	98927	87	494447	6961967	70.37
1984	15-19	0.00047	0.00235	2.65	98841	233	493657	6467519	65.43
1984	20-24	0.00047	0.00234	2.45	98608	230	492454	5973862	60.58
1984	25-29	0.00050	0.00251	2.6	98378	247	491296	5481408	55.72
1984	30-34	0.00063	0.00315	2.65	98131	309	489927	4990112	50.85
1984	35-39	0.00093	0.00464	2.61	97821	454	488021	4500185	46.00
1984	40-44	0.00158	0.00787	2.67	97367	767	485048	4012164	41.21
1984	45-49	0.00244	0.01211	2.7	96601	1170	480308	3527116	36.51
1984	50-54	0.00405	0.02006	2.62	95431	1914	472592	3046808	31.93
1984	55-59	0.00646	0.03183	2.71	93517	2977	460764	2574215	27.53
1984	60-64	0.00968	0.04736	2.68	90540	4288	442761	2113451	23.34
1984	65-69	0.01505	0.07270	2.66	86252	6270	416603	1670690	19.37
1984	70-74	0.02333	0.11053	2.62	79982	8840	378907	1254087	15.68
1984	75-79	0.03700	0.17015	2.64	71142	12105	327200	875179	12.30
1984	80-84	0.06128	0.26723	2.61	59037	15776	257437	547979	9.28
1984	85-89	0.10614	0.41794	2.46	43261	18080	170347	290542	6.72
1984	90-94	0.17534	0.59837	2.35	25180	15067	85930	120195	4.77
1984	95-99	0.27141	0.76125	2.12	10113	7699	28365	34266	3.39
1984	100-104	0.39609	0.88042	1.85	2415	2126	5367	5900	2.44
1984	105-109	0.53609	0.94536	1.58	289	273	509	533	1.85
1984	110+	0.65079	1.00000	1.54	16	16	24	24	1.54
1985	0	0.00831	0.00825	0.08	100000	825	99238	7939832	79.40
1985	1-4	0.00043	0.00173	1.49	99175	172	396269	7840593	79.06
1985	5-9	0.00020	0.00101	2.33	99003	100	494751	7444324	75.19
1985	10-14	0.00014	0.00070	2.82	98904	70	494365	6949573	70.27
1985	15-19	0.00047	0.00237	2.77	98834	234	493647	6455208	65.31
1985	20-24	0.00043	0.00214	2.48	98600	211	492467	5961561	60.46
1985	25-29	0.00048	0.00239	2.72	98389	235	491407	5469094	55.59
1985	30-34	0.00059	0.00294	2.63	98153	289	490081	4977687	50.71
1985	35-39	0.00091	0.00452	2.7	97865	443	488307	4487605	45.86
1985	40-44	0.00150	0.00749	2.67	97422	729	485414	3999299	41.05
1985	45-49	0.00243	0.01208	2.75	96693	1168	480832	3513885	36.34
1985	50-54	0.00420	0.02078	2.67	95525	1985	472989	3033053	31.75
1985	55-59	0.00660	0.03249	2.68	93540	3039	460659	2560063	27.37
1985	60-64	0.01012	0.04942	2.66	90500	4472	442029	2099404	23.20
1985	65-69	0.01491	0.07203	2.63	86028	6196	415479	1657375	19.27
1985	70-74	0.02347	0.11113	2.62	79832	8872	378023	1241896	15.56
1985	75-79	0.03724	0.17093	2.6	70960	12129	325711	863873	12.17
1985	80-84	0.06275	0.27248	2.59	58831	16030	255475	538163	9.15
1985	85-89	0.10898	0.42742	2.48	42800	18294	167870	282687	6.60
1985	90-94	0.17940	0.60903	2.36	24507	14925	83196	114818	4.69
1985	95-99	0.27996	0.77244	2.1	9581	7401	26436	31621	3.30
1985	100-104	0.40805	0.88833	1.82	2180	1937	4747	5185	2.38
1985	105-109	0.55029	0.94964	1.55	243	231	420	439	1.80
1985	110+	0.66574	1.00000	1.5	12	12	18	18	1.50
1986	0	0.00830	0.00823	0.08	100000	823	99239	7958570	79.59
1986	1-4	0.00045	0.00181	1.63	99177	179	396281	7859330	79.25
1986	5-9	0.00019	0.00097	2.43	98997	96	494741	7463049	75.39
1986	10-14	0.00018	0.00089	2.74	98902	88	494310	6968308	70.46
1986	15-19	0.00051	0.00253	2.75	98814	250	493505	6473999	65.52
1986	20-24	0.00050	0.00250	2.4	98564	246	492177	5980493	60.68
1986	25-29	0.00051	0.00253	2.59	98317	249	490988	5488316	55.82
1986	30-34	0.00065	0.00326	2.64	98069	320	489589	4997328	50.96
1986	35-39	0.00095	0.00472	2.7	97749	461	487684	4507738	46.12
1986	40-44	0.00144	0.00716	2.66	97288	697	484812	4020055	41.32
1986	45-49	0.00225	0.01117	2.71	96591	1079	480478	3535243	36.60
1986	50-54	0.00411	0.02038	2.69	95512	1946	473058	3054765	31.98
1986	55-59	0.00615	0.03029	2.64	93565	2835	461147	2581706	27.59
1986	60-64	0.00987	0.04823	2.64	90731	4376	443336	2120559	23.37
1986	65-69	0.01467	0.07089	2.64	86355	6121	417327	1677224	19.42
1986	70-74	0.02325	0.11018	2.64	80233	8840	380296	1259896	15.70
1986	75-79	0.03652	0.16806	2.63	71393	11998	328569	879600	12.32
1986	80-84	0.06118	0.26639	2.58	59394	15822	258606	551032	9.28
1986	85-89	0.10667	0.42052	2.48	43572	18323	171769	292426	6.71
1986	90-94	0.17490	0.59676	2.34	25249	15068	86148	120657	4.78
1986	95-99	0.27131	0.76110	2.12	10182	7749	28562	34510	3.39
1986	100-104	0.39581	0.88021	1.85	2432	2141	5409	5948	2.45
1986	105-109	0.53561	0.94520	1.58	291	275	514	539	1.85
1986	110+	0.65018	1.00000	1.54	16	16	25	25	1.54
1987	0	0.00849	0.00842	0.08	100000	842	99223	7962169	79.62
1987	1-4	0.00045	0.00178	1.66	99158	177	396219	7862947	79.30
1987	5-9	0.00021	0.00107	2.5	98981	106	494643	7466727	75.44
1987	10-14	0.00019	0.00093	3	98876	92	494196	6972085	70.51
1987	15-19	0.00050	0.00251	2.56	98784	248	493317	6477888	65.58
1987	20-24	0.00047	0.00233	2.56	98536	229	492123	5984572	60.73
1987	25-29	0.00051	0.00254	2.5	98307	250	490912	5492449	55.87
1987	30-34	0.00065	0.00323	2.63	98058	316	489539	5001537	51.01
1987	35-39	0.00093	0.00466	2.59	97741	455	487611	4511998	46.16
1987	40-44	0.00137	0.00684	2.69	97286	666	484893	4024387	41.37
1987	45-49	0.00247	0.01230	2.72	96620	1188	480397	3539494	36.63
1987	50-54	0.00401	0.01985	2.74	95432	1894	472876	3059097	32.06
1987	55-59	0.00628	0.03094	2.63	93538	2894	460839	2586221	27.65
1987	60-64	0.00978	0.04780	2.66	90644	4333	443090	2125382	23.45
1987	65-69	0.01464	0.07078	2.65	86311	6109	417174	1682292	19.49
1987	70-74	0.02314	0.10975	2.66	80202	8802	380425	1265118	15.77
1987	75-79	0.03543	0.16353	2.65	71400	11676	329561	884693	12.39
1987	80-84	0.06058	0.26409	2.57	59724	15772	260366	555131	9.29
1987	85-89	0.10449	0.41423	2.5	43951	18206	174242	294765	6.71
1987	90-94	0.17986	0.60858	2.34	25745	15668	87111	120523	4.68
1987	95-99	0.27813	0.77043	2.11	10077	7764	27915	33413	3.32
1987	100-104	0.40820	0.88868	1.82	2313	2056	5036	5498	2.38
1987	105-109	0.55287	0.95051	1.55	258	245	443	462	1.79
1987	110+	0.67013	1.00000	1.49	13	13	19	19	1.49
1988	0	0.00724	0.00719	0.07	100000	719	99334	7970146	79.70
1988	1-4	0.00043	0.00173	1.57	99281	171	396707	7870812	79.28
1988	5-9	0.00014	0.00072	2.37	99110	72	495361	7474105	75.41
1988	10-14	0.00022	0.00111	2.97	99038	110	494968	6978744	70.47
1988	15-19	0.00047	0.00236	2.66	98928	233	494095	6483777	65.54
1988	20-24	0.00046	0.00230	2.56	98695	227	492923	5989682	60.69
1988	25-29	0.00051	0.00253	2.6	98468	249	491744	5496759	55.82
1988	30-34	0.00060	0.00298	2.61	98219	292	490397	5005015	50.96
1988	35-39	0.00089	0.00444	2.68	97927	434	488626	4514617	46.10
1988	40-44	0.00145	0.00723	2.73	97492	705	485861	4025992	41.30
1988	45-49	0.00247	0.01227	2.69	96787	1187	481196	3540131	36.58
1988	50-54	0.00386	0.01915	2.73	95600	1831	473852	3058935	32.00
1988	55-59	0.00617	0.03043	2.66	93769	2853	462166	2585083	27.57
1988	60-64	0.00973	0.04756	2.69	90916	4324	444592	2122917	23.35
1988	65-69	0.01483	0.07160	2.59	86591	6200	418011	1678325	19.38
1988	70-74	0.02320	0.11005	2.67	80391	8847	381311	1260315	15.68
1988	75-79	0.03618	0.16657	2.62	71545	11917	329367	879004	12.29
1988	80-84	0.06229	0.27070	2.58	59628	16141	259112	549637	9.22
1988	85-89	0.10579	0.41880	2.51	43487	18212	172159	290525	6.68
1988	90-94	0.17924	0.60622	2.33	25274	15322	85483	118367	4.68
1988	95-99	0.27944	0.77194	2.1	9953	7683	27494	32884	3.30
1988	100-104	0.40864	0.88883	1.82	2270	2017	4937	5390	2.37
1988	105-109	0.55216	0.95024	1.55	252	240	434	453	1.80
1988	110+	0.66851	1.00000	1.5	13	13	19	19	1.50
1989	0	0.00788	0.00782	0.08	100000	782	99277	7988108	79.88
1989	1-4	0.00045	0.00180	1.45	99218	178	396417	7888831	79.51
1989	5-9	0.00021	0.00107	2.54	99040	106	494939	7492415	75.65
1989	10-14	0.00017	0.00087	2.69	98934	86	494471	6997476	70.73
1989	15-19	0.00059	0.00294	2.56	98848	291	493532	6503005	65.79
1989	20-24	0.00042	0.00208	2.54	98557	205	492281	6009473	60.97
1989	25-29	0.00054	0.00272	2.62	98352	267	491123	5517192	56.10
1989	30-34	0.00058	0.00291	2.56	98085	285	489727	5026068	51.24
1989	35-39	0.00087	0.00436	2.76	97800	426	488042	4536341	46.38
1989	40-44	0.00144	0.00717	2.59	97373	699	485184	4048300	41.58
1989	45-49	0.00232	0.01154	2.71	96675	1115	480816	3563116	36.86
1989	50-54	0.00391	0.01938	2.68	95560	1852	473493	3082300	32.26
1989	55-59	0.00610	0.03006	2.7	93708	2817	462064	2608807	27.84
1989	60-64	0.00956	0.04676	2.68	90891	4250	444595	2146742	23.62
1989	65-69	0.01431	0.06923	2.67	86641	5998	419204	1702147	19.65
1989	70-74	0.02237	0.10631	2.67	80642	8573	383241	1282943	15.91
1989	75-79	0.03514	0.16212	2.62	72069	11684	332534	899702	12.48
1989	80-84	0.05977	0.26114	2.59	60385	15769	263847	567167	9.39
1989	85-89	0.10281	0.40994	2.53	44616	18290	177903	303320	6.80
1989	90-94	0.17500	0.59769	2.35	26326	15735	89915	125417	4.76
1989	95-99	0.27448	0.76578	2.11	10591	8111	29549	35502	3.35
1989	100-104	0.40387	0.88596	1.83	2481	2198	5442	5953	2.40
1989	105-109	0.54845	0.94928	1.56	283	269	490	511	1.81
1989	110+	0.66601	1.00000	1.5	14	14	22	22	1.50
1990	0	0.00744	0.00739	0.07	100000	739	99315	8012714	80.13
1990	1-4	0.00035	0.00139	1.59	99261	138	396711	7913399	79.72
1990	5-9	0.00019	0.00097	2.36	99123	96	495361	7516688	75.83
1990	10-14	0.00019	0.00093	2.77	99027	92	494929	7021326	70.90
1990	15-19	0.00045	0.00224	2.66	98934	222	494152	6526398	65.97
1990	20-24	0.00040	0.00200	2.46	98712	197	493061	6032246	61.11
1990	25-29	0.00052	0.00258	2.67	98515	254	491981	5539185	56.23
1990	30-34	0.00056	0.00280	2.64	98260	275	490652	5047204	51.37
1990	35-39	0.00084	0.00417	2.69	97985	408	488984	4556552	46.50
1990	40-44	0.00138	0.00689	2.76	97577	672	486381	4067568	41.69
1990	45-49	0.00228	0.01135	2.63	96905	1100	481913	3581187	36.96
1990	50-54	0.00384	0.01902	2.69	95804	1822	474814	3099274	32.35
1990	55-59	0.00611	0.03011	2.63	93982	2830	463207	2624460	27.93
1990	60-64	0.00945	0.04622	2.64	91152	4213	445820	2161252	23.71
1990	65-69	0.01441	0.06969	2.66	86939	6058	420499	1715432	19.73
1990	70-74	0.02203	0.10475	2.65	80880	8472	384500	1294934	16.01
1990	75-79	0.03470	0.16025	2.62	72408	11603	334411	910434	12.57
1990	80-84	0.05949	0.26024	2.6	60805	15824	265977	576022	9.47
1990	85-89	0.10154	0.40550	2.52	44981	18239	179626	310045	6.89
1990	90-94	0.16964	0.58685	2.37	26741	15693	92507	130419	4.88
1990	95-99	0.26707	0.75570	2.13	11048	8349	31262	37911	3.43
1990	100-104	0.39248	0.87818	1.85	2699	2370	6039	6649	2.46
1990	105-109	0.53402	0.94484	1.58	329	311	582	610	1.85
1990	110+	0.65021	1.00000	1.54	18	18	28	28	1.54
1991	0	0.00733	0.00728	0.07	100000	728	99325	8011200	80.11
1991	1-4	0.00039	0.00155	1.53	99272	154	396706	7911875	79.70
1991	5-9	0.00018	0.00091	2.13	99118	90	495330	7515168	75.82
1991	10-14	0.00019	0.00096	2.65	99027	95	494914	7019839	70.89
1991	15-19	0.00045	0.00227	2.57	98932	225	494116	6524925	65.95
1991	20-24	0.00047	0.00234	2.4	98708	231	492938	6030810	61.10
1991	25-29	0.00049	0.00247	2.56	98477	243	491790	5537872	56.24
1991	30-34	0.00068	0.00340	2.49	98234	334	490329	5046082	51.37
1991	35-39	0.00095	0.00472	2.66	97899	462	488414	4555753	46.54
1991	40-44	0.00138	0.00690	2.67	97437	672	485622	4067338	41.74
1991	45-49	0.00226	0.01123	2.74	96765	1087	481373	3581716	37.01
1991	50-54	0.00373	0.01851	2.64	95679	1771	474217	3100343	32.40
1991	55-59	0.00616	0.03034	2.67	93908	2849	462896	2626126	27.96
1991	60-64	0.00961	0.04698	2.66	91059	4278	445297	2163229	23.76
1991	65-69	0.01432	0.06927	2.67	86780	6012	419913	1717933	19.80
1991	70-74	0.02200	0.10455	2.64	80769	8444	383888	1298020	16.07
1991	75-79	0.03482	0.16082	2.63	72325	11631	334029	914131	12.64
1991	80-84	0.05831	0.25558	2.59	60693	15512	266048	580103	9.56
1991	85-89	0.09951	0.39807	2.49	45181	17985	180743	314055	6.95
1991	90-94	0.16738	0.58059	2.36	27196	15790	94332	133312	4.90
1991	95-99	0.26813	0.75742	2.13	11406	8639	32221	38980	3.42
1991	100-104	0.39604	0.88083	1.85	2767	2437	6154	6759	2.44
1991	105-109	0.54013	0.94685	1.57	330	312	578	605	1.83
1991	110+	0.65800	1.00000	1.52	18	18	27	27	1.52
1992	0	0.00731	0.00726	0.07	100000	726	99328	8028704	80.29
1992	1-4	0.00035	0.00139	1.33	99274	138	396729	7929376	79.87
1992	5-9	0.00016	0.00082	2.44	99137	81	495476	7532647	75.98
1992	10-14	0.00019	0.00094	2.9	99056	93	495083	7037171	71.04
1992	15-19	0.00047	0.00237	2.61	98963	234	494253	6542088	66.11
1992	20-24	0.00045	0.00222	2.42	98728	220	493076	6047835	61.26
1992	25-29	0.00047	0.00232	2.57	98509	229	491989	5554759	56.39
1992	30-34	0.00067	0.00333	2.62	98280	327	490622	5062770	51.51
1992	35-39	0.00090	0.00449	2.58	97953	440	488700	4572148	46.68
1992	40-44	0.00132	0.00657	2.62	97513	640	486044	4083448	41.88
1992	45-49	0.00215	0.01068	2.66	96873	1035	481947	3597404	37.14
1992	50-54	0.00379	0.01878	2.68	95838	1800	475019	3115456	32.51
1992	55-59	0.00588	0.02901	2.68	94039	2728	463860	2640437	28.08
1992	60-64	0.00928	0.04541	2.65	91311	4146	446794	2176577	23.84
1992	65-69	0.01439	0.06959	2.64	87165	6066	421497	1729783	19.85
1992	70-74	0.02223	0.10562	2.64	81099	8566	385268	1308286	16.13
1992	75-79	0.03431	0.15865	2.63	72533	11508	335391	923018	12.73
1992	80-84	0.05864	0.25704	2.6	61025	15686	267479	587627	9.63
1992	85-89	0.09718	0.39104	2.5	45340	17730	182447	320149	7.06
1992	90-94	0.16479	0.57661	2.4	27610	15920	96611	137702	4.99
1992	95-99	0.25945	0.74513	2.14	11690	8710	33572	41091	3.52
1992	100-104	0.38217	0.87083	1.87	2979	2594	6789	7518	2.52
1992	105-109	0.52201	0.94092	1.6	385	362	694	729	1.90
1992	110+	0.63770	1.00000	1.57	23	23	36	36	1.57
1993	0	0.00722	0.00717	0.07	100000	717	99336	8000895	80.01
1993	1-4	0.00037	0.00148	1.53	99283	147	396769	7901559	79.59
1993	5-9	0.00016	0.00078	2.4	99136	77	495480	7504790	75.70
1993	10-14	0.00017	0.00086	2.75	99059	85	495103	7009310	70.76
1993	15-19	0.00047	0.00236	2.69	98973	234	494326	6514208	65.82
1993	20-24	0.00045	0.00225	2.54	98740	222	493151	6019881	60.97
1993	25-29	0.00052	0.00261	2.79	98517	257	492018	5526731	56.10
1993	30-34	0.00067	0.00335	2.62	98260	329	490516	5034713	51.24
1993	35-39	0.00092	0.00460	2.72	97930	451	488627	4544197	46.40
1993	40-44	0.00132	0.00657	2.69	97480	640	485919	4055570	41.60
1993	45-49	0.00223	0.01108	2.69	96840	1073	481715	3569651	36.86
1993	50-54	0.00364	0.01803	2.66	95767	1727	474787	3087936	32.24
1993	55-59	0.00618	0.03044	2.69	94039	2863	463591	2613149	27.79
1993	60-64	0.00937	0.04584	2.67	91177	4179	446127	2149559	23.58
1993	65-69	0.01433	0.06935	2.69	86997	6034	421022	1703431	19.58
1993	70-74	0.02288	0.10852	2.64	80964	8786	384071	1282409	15.84
1993	75-79	0.03532	0.16284	2.61	72178	11753	332762	898339	12.45
1993	80-84	0.05956	0.26079	2.62	60425	15758	264557	565576	9.36
1993	85-89	0.10371	0.41228	2.51	44667	18415	177571	301019	6.74
1993	90-94	0.17765	0.60487	2.36	26252	15879	89384	123447	4.70
1993	95-99	0.28105	0.77449	2.1	10373	8034	28585	34063	3.28
1993	100-104	0.41470	0.89298	1.81	2339	2089	5037	5478	2.34
1993	105-109	0.56266	0.95333	1.53	250	239	424	441	1.76
1993	110+	0.68175	1.00000	1.47	12	12	17	17	1.47
1994	0	0.00689	0.00685	0.07	100000	685	99364	8004623	80.05
1994	1-4	0.00036	0.00142	1.77	99315	141	396945	7905258	79.60
1994	5-9	0.00015	0.00076	2.2	99174	75	495660	7508313	75.71
1994	10-14	0.00021	0.00105	2.98	99099	104	495284	7012653	70.76
1994	15-19	0.00052	0.00257	2.71	98995	255	494390	6517369	65.84
1994	20-24	0.00047	0.00234	2.56	98740	231	493136	6022979	61.00
1994	25-29	0.00059	0.00293	2.44	98509	288	491807	5529843	56.14
1994	30-34	0.00065	0.00326	2.67	98221	321	490358	5038036	51.29
1994	35-39	0.00097	0.00483	2.6	97900	473	488367	4547678	46.45
1994	40-44	0.00134	0.00667	2.66	97427	650	485613	4059311	41.67
1994	45-49	0.00231	0.01148	2.73	96777	1111	481365	3573698	36.93
1994	50-54	0.00381	0.01889	2.67	95666	1807	474130	3092333	32.32
1994	55-59	0.00584	0.02882	2.68	93859	2705	463017	2618203	27.89
1994	60-64	0.00963	0.04710	2.69	91154	4293	445840	2155186	23.64
1994	65-69	0.01495	0.07223	2.67	86861	6274	419698	1709346	19.68
1994	70-74	0.02218	0.10534	2.63	80587	8489	382781	1289648	16.00
1994	75-79	0.03374	0.15616	2.62	72098	11259	333670	906867	12.58
1994	80-84	0.05938	0.25980	2.59	60839	15806	266168	573197	9.42
1994	85-89	0.10245	0.40838	2.52	45033	18390	179514	307030	6.82
1994	90-94	0.17329	0.59424	2.36	26643	15832	91360	127516	4.79
1994	95-99	0.27511	0.76672	2.11	10810	8289	30128	36156	3.34
1994	100-104	0.40564	0.88720	1.83	2522	2237	5516	6027	2.39
1994	105-109	0.55135	0.95016	1.55	284	270	490	511	1.80
1994	110+	0.66960	1.00000	1.49	14	14	21	21	1.49
1995	0	0.00655	0.00651	0.07	100000	651	99395	8000198	80.00
1995	1-4	0.00032	0.00127	1.71	99349	126	397106	7900803	79.53
1995	5-9	0.00018	0.00090	2.43	99223	89	495883	7503697	75.62
1995	10-14	0.00016	0.00078	2.75	99133	77	495492	7007814	70.69
1995	15-19	0.00048	0.00241	2.64	99056	239	494717	6512323	65.74
1995	20-24	0.00050	0.00250	2.46	98817	247	493459	6017606	60.90
1995	25-29	0.00053	0.00265	2.51	98570	261	492200	5524147	56.04
1995	30-34	0.00067	0.00336	2.56	98309	330	490740	5031947	51.18
1995	35-39	0.00093	0.00465	2.63	97979	456	488814	4541207	46.35
1995	40-44	0.00145	0.00722	2.67	97523	704	485979	4052392	41.55
1995	45-49	0.00225	0.01120	2.69	96819	1084	481589	3566413	36.84
1995	50-54	0.00384	0.01902	2.72	95735	1821	474527	3084825	32.22
1995	55-59	0.00593	0.02925	2.72	93914	2747	463318	2610298	27.79
1995	60-64	0.00934	0.04570	2.64	91167	4167	445993	2146980	23.55
1995	65-69	0.01469	0.07102	2.65	87001	6179	420508	1700987	19.55
1995	70-74	0.02287	0.10848	2.63	80822	8767	383337	1280480	15.84
1995	75-79	0.03474	0.16072	2.68	72054	11580	333382	897142	12.45
1995	80-84	0.05976	0.26143	2.61	60474	15810	264565	563760	9.32
1995	85-89	0.10433	0.41411	2.51	44665	18496	177285	299195	6.70
1995	90-94	0.17948	0.60832	2.35	26168	15919	88692	121910	4.66
1995	95-99	0.28538	0.78003	2.09	10250	7995	28015	33218	3.24
1995	100-104	0.42138	0.89708	1.8	2255	2023	4800	5203	2.31
1995	105-109	0.57101	0.95555	1.52	232	222	388	403	1.74
1995	110+	0.69067	1.00000	1.45	10	10	15	15	1.45
1996	0	0.00651	0.00647	0.07	100000	647	99399	8004814	80.05
1996	1-4	0.00033	0.00131	1.56	99353	130	397094	7905415	79.57
1996	5-9	0.00014	0.00070	2.29	99223	69	495927	7508321	75.67
1996	10-14	0.00020	0.00098	2.77	99154	97	495551	7012394	70.72
1996	15-19	0.00047	0.00232	2.57	99057	230	494723	6516842	65.79
1996	20-24	0.00044	0.00221	2.48	98826	218	493583	6022119	60.94
1996	25-29	0.00050	0.00249	2.67	98608	246	492470	5528537	56.07
1996	30-34	0.00072	0.00362	2.65	98363	356	490975	5036067	51.20
1996	35-39	0.00094	0.00470	2.64	98007	461	488947	4545092	46.38
1996	40-44	0.00151	0.00752	2.65	97546	734	486007	4056145	41.58
1996	45-49	0.00217	0.01082	2.71	96812	1047	481668	3570138	36.88
1996	50-54	0.00357	0.01768	2.66	95765	1693	474871	3088470	32.25
1996	55-59	0.00596	0.02939	2.65	94072	2765	463867	2613599	27.78
1996	60-64	0.00976	0.04771	2.69	91308	4356	446478	2149732	23.54
1996	65-69	0.01478	0.07144	2.66	86952	6212	420207	1703255	19.59
1996	70-74	0.02249	0.10675	2.63	80740	8619	383292	1283048	15.89
1996	75-79	0.03455	0.15981	2.66	72121	11526	333585	899755	12.48
1996	80-84	0.06010	0.26247	2.59	60595	15905	264636	566171	9.34
1996	85-89	0.10441	0.41380	2.49	44691	18493	177120	301534	6.75
1996	90-94	0.17527	0.59928	2.36	26198	15700	89575	124414	4.75
1996	95-99	0.27774	0.77005	2.11	10498	8084	29106	34839	3.32
1996	100-104	0.40850	0.88895	1.82	2414	2146	5253	5733	2.37
1996	105-109	0.55397	0.95086	1.55	268	255	460	480	1.79
1996	110+	0.67179	1.00000	1.49	13	13	20	20	1.49
1997	0	0.00616	0.00612	0.07	100000	612	99431	8032691	80.33
1997	1-4	0.00030	0.00120	1.79	99388	119	397287	7933261	79.82
1997	5-9	0.00014	0.00072	2.25	99269	71	496147	7535973	75.92
1997	10-14	0.00020	0.00101	2.7	99197	100	495756	7039826	70.97
1997	15-19	0.00046	0.00230	2.66	99097	228	494953	6544070	66.04
1997	20-24	0.00046	0.00228	2.57	98869	225	493797	6049117	61.18
1997	25-29	0.00047	0.00234	2.6	98644	231	492664	5555320	56.32
1997	30-34	0.00067	0.00334	2.6	98413	329	491274	5062656	51.44
1997	35-39	0.00096	0.00477	2.57	98084	468	489281	4571382	46.61
1997	40-44	0.00140	0.00695	2.69	97615	679	486509	4082101	41.82
1997	45-49	0.00211	0.01051	2.69	96936	1019	482325	3595592	37.09
1997	50-54	0.00366	0.01815	2.67	95918	1741	475534	3113268	32.46
1997	55-59	0.00567	0.02796	2.6	94177	2633	464553	2637733	28.01
1997	60-64	0.00921	0.04510	2.68	91543	4129	448148	2173180	23.74
1997	65-69	0.01400	0.06777	2.64	87414	5924	423082	1725032	19.73
1997	70-74	0.02198	0.10447	2.63	81490	8514	387266	1301950	15.98
1997	75-79	0.03434	0.15877	2.63	72976	11587	337396	914685	12.53
1997	80-84	0.05863	0.25710	2.61	61390	15783	269204	577289	9.40
1997	85-89	0.10234	0.40784	2.51	45607	18600	181745	308085	6.76
1997	90-94	0.17865	0.60703	2.36	27006	16394	91765	126340	4.68
1997	95-99	0.28351	0.77785	2.1	10613	8255	29118	34574	3.26
1997	100-104	0.42000	0.89637	1.8	2358	2113	5032	5457	2.31
1997	105-109	0.57047	0.95547	1.52	244	233	409	425	1.74
1997	110+	0.69087	1.00000	1.45	11	11	16	16	1.45
1998	0	0.00644	0.00640	0.07	100000	640	99406	8015542	80.16
1998	1-4	0.00033	0.00133	1.68	99360	132	397134	7916136	79.67
1998	5-9	0.00015	0.00073	2.32	99228	72	495947	7519002	75.77
1998	10-14	0.00019	0.00092	2.89	99156	92	495585	7023055	70.83
1998	15-19	0.00046	0.00229	2.62	99064	227	494779	6527470	65.89
1998	20-24	0.00043	0.00213	2.43	98837	211	493643	6032690	61.04
1998	25-29	0.00051	0.00257	2.54	98626	254	492507	5539047	56.16
1998	30-34	0.00067	0.00336	2.7	98373	330	491104	5046540	51.30
1998	35-39	0.00098	0.00490	2.56	98042	480	489040	4555436	46.46
1998	40-44	0.00145	0.00722	2.66	97562	705	486161	4066397	41.68
1998	45-49	0.00216	0.01072	2.62	96858	1039	481821	3580236	36.96
1998	50-54	0.00342	0.01695	2.66	95819	1624	475301	3098415	32.34
1998	55-59	0.00588	0.02901	2.64	94195	2733	464530	2623114	27.85
1998	60-64	0.00924	0.04521	2.65	91462	4135	447591	2158584	23.60
1998	65-69	0.01402	0.06784	2.61	87327	5924	422452	1710993	19.59
1998	70-74	0.02241	0.10638	2.62	81402	8660	386430	1288541	15.83
1998	75-79	0.03464	0.16015	2.65	72743	11649	336289	902112	12.40
1998	80-84	0.06033	0.26350	2.6	61093	16098	266856	565823	9.26
1998	85-89	0.10665	0.42141	2.51	44995	18961	177789	298967	6.64
1998	90-94	0.17929	0.60674	2.34	26034	15796	88101	121178	4.65
1998	95-99	0.28653	0.78133	2.09	10238	7999	27917	33077	3.23
1998	100-104	0.42201	0.89737	1.8	2239	2009	4760	5160	2.30
1998	105-109	0.57089	0.95548	1.52	230	220	385	399	1.74
1998	110+	0.68996	1.00000	1.45	10	10	15	15	1.45
1999	0	0.00622	0.00619	0.07	100000	619	99425	8003886	80.04
1999	1-4	0.00027	0.00110	1.61	99381	109	397265	7904461	79.54
1999	5-9	0.00015	0.00074	2.54	99272	73	496182	7507196	75.62
1999	10-14	0.00019	0.00093	2.7	99199	92	495785	7011014	70.68
1999	15-19	0.00045	0.00227	2.49	99107	225	494972	6515229	65.74
1999	20-24	0.00045	0.00223	2.35	98883	221	493828	6020257	60.88
1999	25-29	0.00050	0.00250	2.58	98662	247	492713	5526429	56.01
1999	30-34	0.00069	0.00343	2.7	98415	338	491299	5033715	51.15
1999	35-39	0.00106	0.00527	2.66	98077	516	489179	4542416	46.31
1999	40-44	0.00147	0.00731	2.7	97561	713	486163	4053237	41.55
1999	45-49	0.00217	0.01077	2.69	96848	1043	481824	3567074	36.83
1999	50-54	0.00330	0.01636	2.73	95805	1567	475463	3085250	32.20
1999	55-59	0.00568	0.02804	2.7	94238	2643	465107	2609787	27.69
1999	60-64	0.00966	0.04721	2.64	91595	4324	447775	2144680	23.41
1999	65-69	0.01458	0.07044	2.61	87271	6147	421671	1696905	19.44
1999	70-74	0.02220	0.10554	2.67	81123	8561	385667	1275234	15.72
1999	75-79	0.03546	0.16354	2.62	72562	11866	334609	889566	12.26
1999	80-84	0.06188	0.26933	2.6	60696	16347	264171	554958	9.14
1999	85-89	0.10750	0.42437	2.52	44349	18820	175067	290787	6.56
1999	90-94	0.18563	0.62082	2.33	25528	15848	85374	115720	4.53
1999	95-99	0.29679	0.79377	2.07	9680	7684	25889	30346	3.13
1999	100-104	0.43688	0.90586	1.77	1996	1808	4139	4456	2.23
1999	105-109	0.58860	0.95982	1.49	188	180	306	317	1.69
1999	110+	0.70818	1.00000	1.41	8	8	11	11	1.41
2000	0	0.00610	0.00606	0.07	100000	606	99436	8022178	80.22
2000	1-4	0.00027	0.00108	1.65	99394	107	397323	7922742	79.71
2000	5-9	0.00018	0.00089	2.2	99286	88	496185	7525420	75.80
2000	10-14	0.00017	0.00086	2.69	99198	86	495793	7029235	70.86
2000	15-19	0.00044	0.00222	2.68	99113	220	495053	6533441	65.92
2000	20-24	0.00046	0.00230	2.42	98893	228	493877	6038388	61.06
2000	25-29	0.00050	0.00250	2.68	98665	246	492754	5544511	56.20
2000	30-34	0.00063	0.00317	2.81	98419	312	491410	5051757	51.33
2000	35-39	0.00101	0.00502	2.72	98107	493	489414	4560347	46.48
2000	40-44	0.00143	0.00712	2.67	97614	695	486454	4070933	41.70
2000	45-49	0.00221	0.01098	2.62	96919	1064	482063	3584478	36.98
2000	50-54	0.00339	0.01683	2.76	95855	1614	475663	3102416	32.37
2000	55-59	0.00560	0.02767	2.71	94241	2608	465245	2626753	27.87
2000	60-64	0.00930	0.04550	2.68	91634	4169	448481	2161508	23.59
2000	65-69	0.01412	0.06832	2.64	87465	5975	423235	1713028	19.59
2000	70-74	0.02219	0.10540	2.64	81489	8589	387167	1289793	15.83
2000	75-79	0.03510	0.16196	2.62	72900	11807	336360	902626	12.38
2000	80-84	0.05913	0.25898	2.61	61094	15822	267603	566265	9.27
2000	85-89	0.10569	0.41777	2.49	45271	18913	178946	298662	6.60
2000	90-94	0.18542	0.62160	2.35	26358	16384	88364	119716	4.54
2000	95-99	0.29559	0.79271	2.08	9974	7906	26748	31352	3.14
2000	100-104	0.43791	0.90664	1.77	2067	1874	4280	4604	2.23
2000	105-109	0.59208	0.96072	1.48	193	185	313	324	1.68
2000	110+	0.71320	1.00000	1.4	8	8	11	11	1.40
2001	0	0.00578	0.00575	0.07	100000	575	99465	8035308	80.35
2001	1-4	0.00028	0.00113	1.7	99425	112	397442	7935843	79.82
2001	5-9	0.00015	0.00075	2.44	99313	75	496373	7538401	75.91
2001	10-14	0.00017	0.00084	2.86	99238	83	496012	7042028	70.96
2001	15-19	0.00040	0.00201	2.51	99155	199	495277	6546017	66.02
2001	20-24	0.00042	0.00210	2.52	98955	208	494260	6050739	61.15
2001	25-29	0.00045	0.00223	2.59	98747	220	493206	5556480	56.27
2001	30-34	0.00065	0.00326	2.64	98527	321	491879	5063273	51.39
2001	35-39	0.00102	0.00508	2.67	98206	499	489869	4571395	46.55
2001	40-44	0.00147	0.00732	2.66	97708	715	486865	4081525	41.77
2001	45-49	0.00227	0.01130	2.63	96992	1096	482365	3594661	37.06
2001	50-54	0.00340	0.01689	2.7	95896	1619	475752	3112295	32.45
2001	55-59	0.00540	0.02666	2.69	94277	2513	465591	2636543	27.97
2001	60-64	0.00887	0.04344	2.68	91764	3986	449567	2170952	23.66
2001	65-69	0.01403	0.06792	2.66	87778	5962	424962	1721385	19.61
2001	70-74	0.02222	0.10549	2.61	81816	8631	388467	1296423	15.85
2001	75-79	0.03489	0.16110	2.63	73185	11790	337931	907957	12.41
2001	80-84	0.05962	0.26078	2.6	61395	16011	268552	570026	9.28
2001	85-89	0.10581	0.41898	2.52	45385	19015	179708	301473	6.64
2001	90-94	0.18075	0.60993	2.33	26370	16084	88983	121765	4.62
2001	95-99	0.29097	0.78700	2.08	10286	8095	27821	32783	3.19
2001	100-104	0.43010	0.90221	1.78	2191	1977	4596	4961	2.26
2001	105-109	0.58191	0.95829	1.5	214	205	353	366	1.71
2001	110+	0.70224	1.00000	1.42	9	9	13	13	1.42
2002	0	0.00602	0.00599	0.07	100000	599	99443	8031792	80.32
2002	1-4	0.00030	0.00120	1.35	99401	119	397289	7932349	79.80
2002	5-9	0.00016	0.00080	2.41	99282	79	496205	7535060	75.90
2002	10-14	0.00018	0.00090	2.91	99203	89	495829	7038855	70.95
2002	15-19	0.00043	0.00216	2.54	99114	214	495043	6543026	66.02
2002	20-24	0.00047	0.00235	2.61	98900	233	493944	6047984	61.15
2002	25-29	0.00049	0.00247	2.59	98667	244	492747	5554040	56.29
2002	30-34	0.00064	0.00321	2.62	98423	316	491364	5061293	51.42
2002	35-39	0.00093	0.00462	2.68	98107	453	489488	4569928	46.58
2002	40-44	0.00160	0.00796	2.71	97654	777	486495	4080440	41.78
2002	45-49	0.00233	0.01161	2.68	96877	1125	481777	3593945	37.10
2002	50-54	0.00333	0.01651	2.66	95752	1581	475061	3112169	32.50
2002	55-59	0.00546	0.02696	2.7	94171	2538	465018	2637108	28.00
2002	60-64	0.00844	0.04140	2.66	91633	3794	449304	2172090	23.70
2002	65-69	0.01365	0.06615	2.67	87839	5811	425645	1722785	19.61
2002	70-74	0.02199	0.10455	2.65	82028	8576	389951	1297141	15.81
2002	75-79	0.03496	0.16131	2.6	73453	11849	338884	907189	12.35
2002	80-84	0.05959	0.26100	2.62	61604	16079	269821	568305	9.23
2002	85-89	0.10629	0.42058	2.52	45525	19147	180146	298484	6.56
2002	90-94	0.18763	0.62560	2.34	26378	16502	87951	118338	4.49
2002	95-99	0.30297	0.80143	2.06	9876	7915	26124	30387	3.08
2002	100-104	0.44946	0.91279	1.75	1961	1790	3983	4263	2.17
2002	105-109	0.60632	0.96386	1.46	171	165	272	280	1.64
2002	110+	0.72792	1.00000	1.37	6	6	8	8	1.37
2003	0	0.00540	0.00537	0.07	100000	537	99499	8042811	80.43
2003	1-4	0.00029	0.00116	1.66	99463	115	397582	7943312	79.86
2003	5-9	0.00012	0.00059	2.45	99348	59	496589	7545729	75.95
2003	10-14	0.00016	0.00081	2.58	99289	81	496249	7049140	71.00
2003	15-19	0.00042	0.00208	2.7	99208	206	495566	6552891	66.05
2003	20-24	0.00045	0.00223	2.47	99002	221	494451	6057325	61.18
2003	25-29	0.00053	0.00267	2.57	98781	264	493264	5562874	56.32
2003	30-34	0.00063	0.00314	2.5	98518	310	491813	5069610	51.46
2003	35-39	0.00107	0.00531	2.67	98208	522	489826	4577798	46.61
2003	40-44	0.00164	0.00815	2.69	97686	796	486595	4087972	41.85
2003	45-49	0.00237	0.01179	2.64	96890	1142	481757	3601377	37.17
2003	50-54	0.00350	0.01735	2.66	95748	1661	474858	3119620	32.58
2003	55-59	0.00522	0.02580	2.66	94086	2428	464754	2644762	28.11
2003	60-64	0.00892	0.04368	2.69	91659	4004	449050	2180009	23.78
2003	65-69	0.01332	0.06461	2.68	87655	5663	425127	1730958	19.75
2003	70-74	0.02171	0.10326	2.64	81992	8466	389980	1305831	15.93
2003	75-79	0.03414	0.15799	2.64	73525	11616	340261	915851	12.46
2003	80-84	0.05885	0.25788	2.6	61909	15965	271264	575590	9.30
2003	85-89	0.10447	0.41519	2.53	45944	19076	182604	304326	6.62
2003	90-94	0.18483	0.62049	2.35	26869	16672	90201	121722	4.53
2003	95-99	0.30124	0.79958	2.07	10197	8153	27066	31521	3.09
2003	100-104	0.44808	0.91217	1.75	2044	1864	4160	4455	2.18
2003	105-109	0.60561	0.96375	1.46	179	173	286	295	1.64
2003	110+	0.72781	1.00000	1.37	7	7	9	9	1.37
2004	0	0.00564	0.00561	0.07	100000	561	99477	8084490	80.84
2004	1-4	0.00031	0.00123	1.53	99439	123	397452	7985012	80.30
2004	5-9	0.00015	0.00077	2.19	99316	76	496366	7587560	76.40
2004	10-14	0.00018	0.00090	2.78	99240	90	496000	7091194	71.46
2004	15-19	0.00040	0.00200	2.55	99150	199	495263	6595194	66.52
2004	20-24	0.00044	0.00221	2.51	98951	219	494212	6099931	61.65
2004	25-29	0.00052	0.00261	2.5	98732	258	493018	5605719	56.78
2004	30-34	0.00066	0.00328	2.75	98474	323	491646	5112702	51.92
2004	35-39	0.00094	0.00467	2.61	98151	459	489661	4621056	47.08
2004	40-44	0.00152	0.00758	2.63	97693	741	486706	4131395	42.29
2004	45-49	0.00224	0.01112	2.62	96952	1078	482198	3644690	37.59
2004	50-54	0.00314	0.01558	2.66	95874	1494	475881	3162492	32.99
2004	55-59	0.00524	0.02587	2.69	94380	2442	466259	2686611	28.47
2004	60-64	0.00861	0.04221	2.66	91938	3881	450625	2220352	24.15
2004	65-69	0.01315	0.06377	2.62	88057	5616	426919	1769727	20.10
2004	70-74	0.02031	0.09690	2.64	82442	7989	393372	1342808	16.29
2004	75-79	0.03301	0.15307	2.63	74453	11397	345200	949436	12.75
2004	80-84	0.05601	0.24741	2.65	63056	15601	278543	604236	9.58
2004	85-89	0.09898	0.39736	2.52	47455	18857	190514	325693	6.86
2004	90-94	0.17505	0.59895	2.36	28598	17129	97855	135179	4.73
2004	95-99	0.28346	0.77833	2.1	11469	8927	31493	37324	3.25
2004	100-104	0.42406	0.89913	1.8	2542	2286	5391	5831	2.29
2004	105-109	0.57879	0.95772	1.51	256	246	424	440	1.71
2004	110+	0.70176	1.00000	1.42	11	11	15	15	1.42
2005	0	0.00588	0.00584	0.07	100000	584	99456	8082025	80.82
2005	1-4	0.00019	0.00075	1.62	99416	75	397485	7982569	80.29
2005	5-9	0.00014	0.00072	2.42	99341	72	496521	7585084	76.35
2005	10-14	0.00014	0.00070	3.01	99270	70	496209	7088563	71.41
2005	15-19	0.00042	0.00208	2.47	99200	207	495478	6592354	66.46
2005	20-24	0.00041	0.00203	2.78	98993	200	494521	6096876	61.59
2005	25-29	0.00049	0.00245	2.42	98793	242	493341	5602355	56.71
2005	30-34	0.00069	0.00343	2.61	98551	338	491948	5109014	51.84
2005	35-39	0.00098	0.00489	2.69	98213	480	489956	4617066	47.01
2005	40-44	0.00161	0.00802	2.59	97733	784	486771	4127110	42.23
2005	45-49	0.00244	0.01214	2.61	96949	1177	481929	3640338	37.55
2005	50-54	0.00338	0.01678	2.61	95772	1607	475014	3158410	32.98
2005	55-59	0.00512	0.02531	2.66	94165	2384	465244	2683396	28.50
2005	60-64	0.00832	0.04082	2.67	91781	3747	450160	2218152	24.17
2005	65-69	0.01272	0.06175	2.65	88035	5436	427392	1767992	20.08
2005	70-74	0.02076	0.09892	2.62	82599	8171	393538	1340600	16.23
2005	75-79	0.03232	0.15015	2.64	74428	11176	345748	947062	12.72
2005	80-84	0.05666	0.24923	2.59	63252	15765	278211	601314	9.51
2005	85-89	0.10062	0.40382	2.56	47488	19176	190578	323103	6.80
2005	90-94	0.17709	0.60425	2.37	28311	17107	96603	132525	4.68
2005	95-99	0.28850	0.78458	2.09	11204	8790	30470	35923	3.21
2005	100-104	0.43106	0.90313	1.78	2414	2180	5057	5453	2.26
2005	105-109	0.58683	0.95963	1.49	234	224	382	396	1.69
2005	110+	0.70975	1.00000	1.41	9	9	13	13	1.41
2006	0	0.00583	0.00580	0.07	100000	580	99460	8091651	80.92
2006	1-4	0.00025	0.00100	1.42	99420	99	397425	7992190	80.39
2006	5-9	0.00011	0.00055	2.55	99321	55	496472	7594765	76.47
2006	10-14	0.00014	0.00070	2.77	99266	69	496177	7098293	71.51
2006	15-19	0.00042	0.00212	2.59	99197	210	495479	6602116	66.56
2006	20-24	0.00045	0.00224	2.54	98987	222	494392	6106637	61.69
2006	25-29	0.00049	0.00244	2.52	98766	241	493231	5612245	56.82
2006	30-34	0.00075	0.00374	2.57	98524	369	491725	5119015	51.96
2006	35-39	0.00101	0.00506	2.7	98156	497	489635	4627289	47.14
2006	40-44	0.00161	0.00800	2.69	97659	781	486491	4137654	42.37
2006	45-49	0.00229	0.01138	2.66	96878	1103	481811	3651163	37.69
2006	50-54	0.00331	0.01644	2.67	95776	1575	475212	3169352	33.09
2006	55-59	0.00522	0.02578	2.68	94201	2429	465380	2694140	28.60
2006	60-64	0.00825	0.04049	2.7	91772	3716	450311	2228760	24.29
2006	65-69	0.01271	0.06172	2.64	88056	5434	427432	1778449	20.20
2006	70-74	0.02019	0.09635	2.64	82621	7961	394331	1351017	16.35
2006	75-79	0.03226	0.14980	2.62	74661	11184	346677	956686	12.81
2006	80-84	0.05553	0.24517	2.62	63477	15563	280273	610009	9.61
2006	85-89	0.09815	0.39501	2.53	47914	18926	192825	329735	6.88
2006	90-94	0.17496	0.59955	2.38	28988	17379	99336	136911	4.72
2006	95-99	0.28514	0.78058	2.1	11608	9061	31778	37575	3.24
2006	100-104	0.42752	0.90123	1.79	2547	2295	5369	5797	2.28
2006	105-109	0.58375	0.95895	1.5	252	241	413	428	1.70
2006	110+	0.70737	1.00000	1.41	10	10	15	15	1.41
2007	0	0.00604	0.00601	0.07	100000	601	99441	8117467	81.17
2007	1-4	0.00026	0.00104	1.4	99399	104	397328	8018025	80.66
2007	5-9	0.00014	0.00072	2.71	99295	71	496314	7620698	76.75
2007	10-14	0.00016	0.00079	2.79	99224	78	495949	7124384	71.80
2007	15-19	0.00043	0.00213	2.68	99146	211	495243	6628435	66.86
2007	20-24	0.00041	0.00207	2.7	98935	205	494206	6133192	61.99
2007	25-29	0.00047	0.00236	2.69	98731	233	493115	5638986	57.11
2007	30-34	0.00069	0.00346	2.66	98498	341	491692	5145872	52.24
2007	35-39	0.00093	0.00462	2.66	98157	453	489723	4654180	47.42
2007	40-44	0.00159	0.00793	2.67	97703	774	486710	4164457	42.62
2007	45-49	0.00241	0.01200	2.62	96929	1163	481876	3677747	37.94
2007	50-54	0.00326	0.01617	2.62	95766	1549	475150	3195871	33.37
2007	55-59	0.00481	0.02378	2.67	94218	2240	465876	2720721	28.88
2007	60-64	0.00774	0.03803	2.7	91977	3498	451828	2254845	24.52
2007	65-69	0.01267	0.06154	2.65	88480	5445	429607	1803017	20.38
2007	70-74	0.01919	0.09182	2.65	83035	7625	397250	1373409	16.54
2007	75-79	0.03158	0.14698	2.65	75410	11083	350983	976159	12.94
2007	80-84	0.05327	0.23640	2.62	64327	15207	285467	625176	9.72
2007	85-89	0.09672	0.39083	2.55	49120	19198	198491	339710	6.92
2007	90-94	0.17506	0.59976	2.38	29922	17946	102514	141218	4.72
2007	95-99	0.28539	0.78126	2.1	11976	9356	32784	38705	3.23
2007	100-104	0.43068	0.90326	1.79	2620	2366	5494	5921	2.26
2007	105-109	0.58979	0.96047	1.49	253	243	413	427	1.68
2007	110+	0.71500	1.00000	1.4	10	10	14	14	1.40
2008	0	0.00583	0.00580	0.07	100000	580	99460	8096435	80.96
2008	1-4	0.00030	0.00119	1.64	99420	119	397400	7996975	80.44
2008	5-9	0.00010	0.00052	2.25	99301	51	496365	7599575	76.53
2008	10-14	0.00012	0.00058	2.48	99250	57	496105	7103210	71.57
2008	15-19	0.00033	0.00167	2.69	99193	166	495579	6607105	66.61
2008	20-24	0.00045	0.00224	2.53	99027	222	494583	6111526	61.72
2008	25-29	0.00051	0.00257	2.51	98804	254	493389	5616943	56.85
2008	30-34	0.00065	0.00326	2.71	98551	322	492015	5123553	51.99
2008	35-39	0.00100	0.00501	2.68	98229	492	490003	4631538	47.15
2008	40-44	0.00156	0.00779	2.7	97737	761	486932	4141535	42.37
2008	45-49	0.00242	0.01201	2.62	96976	1165	482111	3654603	37.69
2008	50-54	0.00336	0.01668	2.58	95811	1598	475183	3172492	33.11
2008	55-59	0.00488	0.02414	2.66	94213	2274	465745	2697309	28.63
2008	60-64	0.00806	0.03958	2.67	91939	3639	451229	2231564	24.27
2008	65-69	0.01288	0.06250	2.66	88300	5518	428603	1780335	20.16
2008	70-74	0.02026	0.09668	2.65	82782	8003	395071	1351733	16.33
2008	75-79	0.03265	0.15152	2.63	74779	11331	347007	956661	12.79
2008	80-84	0.05381	0.23839	2.61	63448	15125	281068	609655	9.61
2008	85-89	0.09901	0.39822	2.54	48323	19243	194361	328586	6.80
2008	90-94	0.17987	0.61130	2.38	29080	17776	98830	134226	4.62
2008	95-99	0.29616	0.79445	2.08	11303	8980	30321	35396	3.13
2008	100-104	0.44693	0.91206	1.76	2323	2119	4741	5075	2.18
2008	105-109	0.60926	0.96470	1.46	204	197	324	333	1.63
2008	110+	0.73462	1.00000	1.36	7	7	10	10	1.36
2009	0	0.00529	0.00526	0.07	100000	526	99510	8138853	81.39
2009	1-4	0.00027	0.00107	1.57	99474	106	397636	8039344	80.82
2009	5-9	0.00010	0.00049	1.91	99367	49	496685	7641708	76.90
2009	10-14	0.00010	0.00052	2.98	99318	51	496487	7145022	71.94
2009	15-19	0.00035	0.00173	2.75	99267	172	495947	6648535	66.98
2009	20-24	0.00041	0.00203	2.66	99095	201	495004	6152588	62.09
2009	25-29	0.00058	0.00291	2.7	98894	288	493807	5657584	57.21
2009	30-34	0.00075	0.00372	2.64	98606	367	492162	5163777	52.37
2009	35-39	0.00100	0.00501	2.6	98239	492	490013	4671615	47.55
2009	40-44	0.00151	0.00750	2.68	97747	733	487031	4181602	42.78
2009	45-49	0.00235	0.01170	2.67	97014	1135	482418	3694571	38.08
2009	50-54	0.00348	0.01726	2.62	95879	1655	475448	3212153	33.50
2009	55-59	0.00503	0.02484	2.63	94224	2340	465582	2736705	29.04
2009	60-64	0.00795	0.03902	2.66	91884	3585	451043	2271123	24.72
2009	65-69	0.01225	0.05951	2.64	88299	5255	429071	1820080	20.61
2009	70-74	0.01905	0.09115	2.65	83044	7570	397427	1391009	16.75
2009	75-79	0.03064	0.14283	2.63	75474	10780	351824	993582	13.16
2009	80-84	0.05204	0.23165	2.63	64694	14986	287968	641758	9.92
2009	85-89	0.09328	0.37984	2.56	49708	18881	202409	353791	7.12
2009	90-94	0.16537	0.57843	2.4	30827	17831	107823	151382	4.91
2009	95-99	0.27323	0.76565	2.13	12996	9950	36416	43559	3.35
2009	100-104	0.41361	0.89323	1.82	3046	2720	6577	7143	2.35
2009	105-109	0.57011	0.95572	1.52	325	311	545	566	1.74
2009	110+	0.69544	1.00000	1.44	14	14	21	21	1.44
2010	0	0.00499	0.00496	0.07	100000	496	99537	8146726	81.47
2010	1-4	0.00024	0.00097	1.55	99504	97	397778	8047189	80.87
2010	5-9	0.00011	0.00055	2.47	99407	55	496895	7649411	76.95
2010	10-14	0.00013	0.00067	2.85	99352	66	496617	7152516	71.99
2010	15-19	0.00034	0.00169	2.95	99286	168	496084	6655898	67.04
2010	20-24	0.00044	0.00217	2.53	99118	215	495057	6159814	62.15
2010	25-29	0.00051	0.00252	2.81	98903	250	493966	5664758	57.28
2010	30-34	0.00066	0.00331	2.54	98653	327	492462	5170792	52.41
2010	35-39	0.00102	0.00509	2.61	98326	501	490435	4678330	47.58
2010	40-44	0.00141	0.00705	2.64	97826	689	487500	4187895	42.81
2010	45-49	0.00233	0.01159	2.71	97136	1126	483108	3700394	38.09
2010	50-54	0.00346	0.01715	2.61	96010	1647	476107	3217287	33.51
2010	55-59	0.00483	0.02387	2.66	94363	2252	466545	2741180	29.05
2010	60-64	0.00757	0.03719	2.68	92111	3426	452596	2274634	24.69
2010	65-69	0.01241	0.06031	2.66	88685	5348	430908	1822038	20.55
2010	70-74	0.01894	0.09069	2.65	83337	7558	398936	1391130	16.69
2010	75-79	0.03136	0.14583	2.6	75779	11051	352385	992194	13.09
2010	80-84	0.05148	0.22944	2.63	64728	14851	288455	639809	9.88
2010	85-89	0.09394	0.38167	2.54	49877	19037	202639	351354	7.04
2010	90-94	0.16920	0.58550	2.37	30841	18057	106718	148715	4.82
2010	95-99	0.27972	0.77431	2.12	12784	9898	35387	41997	3.29
2010	100-104	0.42433	0.89979	1.8	2885	2596	6118	6610	2.29
2010	105-109	0.58391	0.95917	1.5	289	277	475	492	1.70
2010	110+	0.71016	1.00000	1.41	12	12	17	17	1.41
2011	0	0.00499	0.00497	0.07	100000	497	99536	8140797	81.41
2011	1-4	0.00021	0.00085	1.54	99503	85	397804	8041261	80.81
2011	5-9	0.00012	0.00061	2.22	99418	60	496924	7643457	76.88
2011	10-14	0.00012	0.00062	2.59	99358	62	496641	7146533	71.93
2011	15-19	0.00032	0.00158	2.63	99296	157	496109	6649892	66.97
2011	20-24	0.00042	0.00212	2.67	99139	210	495207	6153782	62.07
2011	25-29	0.00052	0.00259	2.6	98929	257	494030	5658576	57.20
2011	30-34	0.00075	0.00376	2.54	98672	371	492448	5164546	52.34
2011	35-39	0.00103	0.00513	2.75	98301	504	490371	4672098	47.53
2011	40-44	0.00151	0.00750	2.7	97797	734	487297	4181727	42.76
2011	45-49	0.00238	0.01186	2.7	97063	1151	482671	3694430	38.06
2011	50-54	0.00353	0.01750	2.66	95913	1679	475628	3211759	33.49
2011	55-59	0.00494	0.02443	2.68	94234	2303	465829	2736132	29.04
2011	60-64	0.00746	0.03669	2.76	91931	3373	452091	2270302	24.70
2011	65-69	0.01214	0.05903	2.67	88559	5227	430632	1818211	20.53
2011	70-74	0.01923	0.09199	2.64	83331	7665	398532	1387579	16.65
2011	75-79	0.03111	0.14483	2.62	75666	10959	352243	989047	13.07
2011	80-84	0.05195	0.23136	2.64	64707	14970	288175	636804	9.84
2011	85-89	0.09505	0.38579	2.56	49737	19188	201861	348629	7.01
2011	90-94	0.16942	0.58708	2.39	30549	17935	105857	146768	4.80
2011	95-99	0.28398	0.77979	2.11	12614	9836	34637	40911	3.24
2011	100-104	0.43091	0.90358	1.79	2778	2510	5825	6274	2.26
2011	105-109	0.59196	0.96104	1.49	268	257	435	449	1.68
2011	110+	0.71843	1.00000	1.39	10	10	15	15	1.39
2012	0	0.00531	0.00529	0.07	100000	529	99507	8150964	81.51
2012	1-4	0.00024	0.00094	1.42	99471	94	397643	8051457	80.94
2012	5-9	0.00012	0.00062	2.91	99377	61	496758	7653814	77.02
2012	10-14	0.00013	0.00063	2.48	99316	62	496423	7157055	72.06
2012	15-19	0.00033	0.00167	2.63	99254	166	495875	6660633	67.11
2012	20-24	0.00040	0.00201	2.71	99088	199	494983	6164757	62.22
2012	25-29	0.00053	0.00266	2.56	98889	263	493803	5669775	57.33
2012	30-34	0.00072	0.00358	2.68	98626	353	492313	5175971	52.48
2012	35-39	0.00106	0.00529	2.63	98273	520	490136	4683658	47.66
2012	40-44	0.00145	0.00721	2.67	97754	705	487126	4193522	42.90
2012	45-49	0.00237	0.01177	2.75	97049	1142	482678	3706396	38.19
2012	50-54	0.00360	0.01785	2.63	95907	1712	475476	3223719	33.61
2012	55-59	0.00504	0.02490	2.62	94195	2345	465403	2748242	29.18
2012	60-64	0.00732	0.03598	2.63	91850	3305	451421	2282839	24.85
2012	65-69	0.01188	0.05783	2.67	88545	5120	430819	1831418	20.68
2012	70-74	0.01887	0.09034	2.64	83425	7537	399319	1400599	16.79
2012	75-79	0.03081	0.14371	2.66	75888	10906	353957	1001280	13.19
2012	80-84	0.05067	0.22633	2.64	64982	14707	290249	647323	9.96
2012	85-89	0.09260	0.37756	2.56	50275	18982	204983	357074	7.10
2012	90-94	0.16701	0.58160	2.39	31293	18200	108976	152091	4.86
2012	95-99	0.27878	0.77329	2.12	13093	10125	36319	43116	3.29
2012	100-104	0.42449	0.90002	1.8	2968	2672	6293	6797	2.29
2012	105-109	0.58540	0.95958	1.5	297	285	486	503	1.70
2012	110+	0.71253	1.00000	1.4	12	12	17	17	1.40
2013	0	0.00502	0.00500	0.07	100000	500	99534	8150667	81.51
2013	1-4	0.00022	0.00088	1.53	99500	88	397786	8051133	80.92
2013	5-9	0.00011	0.00053	2.34	99413	53	496924	7653347	76.99
2013	10-14	0.00012	0.00060	2.98	99360	60	496679	7156423	72.03
2013	15-19	0.00030	0.00149	2.72	99300	148	496164	6659743	67.07
2013	20-24	0.00043	0.00216	2.84	99152	214	495300	6163579	62.16
2013	25-29	0.00052	0.00260	2.61	98938	257	494078	5668279	57.29
2013	30-34	0.00071	0.00353	2.72	98682	348	492615	5174201	52.43
2013	35-39	0.00104	0.00518	2.58	98333	510	490436	4681586	47.61
2013	40-44	0.00153	0.00762	2.67	97824	745	487379	4191150	42.84
2013	45-49	0.00243	0.01208	2.69	97078	1173	482677	3703771	38.15
2013	50-54	0.00358	0.01776	2.59	95905	1703	475426	3221094	33.59
2013	55-59	0.00503	0.02486	2.61	94202	2342	465414	2745668	29.15
2013	60-64	0.00744	0.03657	2.65	91860	3359	451407	2280254	24.82
2013	65-69	0.01203	0.05847	2.63	88501	5175	430244	1828847	20.66
2013	70-74	0.01881	0.09009	2.67	83326	7507	399138	1398603	16.78
2013	75-79	0.03088	0.14393	2.64	75819	10913	353384	999465	13.18
2013	80-84	0.05062	0.22609	2.64	64906	14675	289914	646081	9.95
2013	85-89	0.09268	0.37744	2.54	50232	18960	204579	356168	7.09
2013	90-94	0.16782	0.58348	2.39	31272	18247	108725	151588	4.85
2013	95-99	0.27900	0.77358	2.12	13025	10076	36115	42864	3.29
2013	100-104	0.42481	0.90020	1.8	2949	2655	6249	6748	2.29
2013	105-109	0.58577	0.95967	1.5	294	282	482	499	1.69
2013	110+	0.71290	1.00000	1.4	12	12	17	17	1.40
2014	0	0.00518	0.00516	0.07	100000	516	99519	8149088	81.49
2014	1-4	0.00026	0.00104	1.42	99484	103	397671	8049569	80.91
2014	5-9	0.00011	0.00053	2.17	99381	53	496756	7651898	77.00
2014	10-14	0.00014	0.00068	2.81	99328	67	496495	7155142	72.04
2014	15-19	0.00027	0.00137	2.6	99261	136	495979	6658647	67.08
2014	20-24	0.00044	0.00221	2.6	99125	219	495099	6162669	62.17
2014	25-29	0.00057	0.00285	2.61	98906	282	493855	5667570	57.30
2014	30-34	0.00072	0.00358	2.64	98624	353	492286	5173714	52.46
2014	35-39	0.00107	0.00535	2.6	98271	525	490090	4681428	47.64
2014	40-44	0.00156	0.00775	2.67	97745	757	486962	4191338	42.88
2014	45-49	0.00233	0.01161	2.69	96988	1126	482337	3704376	38.19
2014	50-54	0.00363	0.01800	2.64	95862	1725	475231	3222039	33.61
2014	55-59	0.00513	0.02533	2.62	94137	2384	465020	2746808	29.18
2014	60-64	0.00757	0.03719	2.64	91753	3412	450723	2281788	24.87
2014	65-69	0.01181	0.05747	2.68	88340	5077	429916	1831065	20.73
2014	70-74	0.01908	0.09129	2.63	83263	7601	398306	1401149	16.83
2014	75-79	0.03060	0.14264	2.63	75662	10793	352729	1002843	13.25
2014	80-84	0.05067	0.22644	2.66	64870	14689	289924	650114	10.02
2014	85-89	0.09014	0.36964	2.57	50180	18549	205770	360190	7.18
2014	90-94	0.16691	0.58242	2.41	31631	18423	110376	154420	4.88
2014	95-99	0.27462	0.76788	2.13	13209	10143	36934	44044	3.33
2014	100-104	0.41861	0.89655	1.81	3066	2749	6567	7111	2.32
2014	105-109	0.57861	0.95797	1.51	317	304	525	544	1.72
2014	110+	0.70580	1.00000	1.42	13	13	19	19	1.42
2015	0	0.00494	0.00491	0.07	100000	491	99542	8132003	81.32
2015	1-4	0.00024	0.00094	1.43	99509	94	397794	8032461	80.72
2015	5-9	0.00014	0.00072	2.36	99415	71	496887	7634667	76.80
2015	10-14	0.00013	0.00067	2.86	99344	67	496576	7137780	71.85
2015	15-19	0.00031	0.00157	2.93	99277	156	496062	6641204	66.90
2015	20-24	0.00046	0.00228	2.48	99121	226	495038	6145142	62.00
2015	25-29	0.00060	0.00301	2.53	98896	298	493742	5650104	57.13
2015	30-34	0.00081	0.00402	2.58	98598	397	492030	5156362	52.30
2015	35-39	0.00098	0.00489	2.53	98201	480	489819	4664332	47.50
2015	40-44	0.00164	0.00817	2.62	97721	798	486700	4174513	42.72
2015	45-49	0.00237	0.01176	2.7	96922	1140	481987	3687813	38.05
2015	50-54	0.00380	0.01882	2.64	95782	1803	474660	3205826	33.47
2015	55-59	0.00540	0.02668	2.61	93980	2507	463910	2731166	29.06
2015	60-64	0.00779	0.03822	2.61	91473	3496	449015	2267256	24.79
2015	65-69	0.01150	0.05597	2.65	87977	4924	428316	1818241	20.67
2015	70-74	0.01948	0.09308	2.63	83053	7731	396933	1389925	16.74
2015	75-79	0.03131	0.14578	2.65	75323	10981	350757	992992	13.18
2015	80-84	0.05027	0.22455	2.62	64342	14448	287394	642235	9.98
2015	85-89	0.09139	0.37390	2.57	49894	18655	204131	354841	7.11
2015	90-94	0.16865	0.58574	2.39	31238	18297	108493	150710	4.82
2015	95-99	0.28176	0.77732	2.12	12941	10059	35701	42217	3.26
2015	100-104	0.43034	0.90349	1.79	2882	2604	6050	6515	2.26
2015	105-109	0.59352	0.96149	1.48	278	267	451	465	1.67
2015	110+	0.72145	1.00000	1.39	11	11	15	15	1.39
2016	0	0.00524	0.00522	0.07	100000	522	99513	8148441	81.48
2016	1-4	0.00022	0.00089	1.53	99478	88	397695	8048927	80.91
2016	5-9	0.00011	0.00055	2.54	99390	55	496816	7651232	76.98
2016	10-14	0.00014	0.00068	2.97	99335	67	496540	7154416	72.02
2016	15-19	0.00031	0.00153	2.73	99268	152	495995	6657876	67.07
2016	20-24	0.00046	0.00231	2.71	99116	229	495056	6161881	62.17
2016	25-29	0.00060	0.00300	2.6	98887	297	493723	5666825	57.31
2016	30-34	0.00084	0.00420	2.67	98590	414	491985	5173102	52.47
2016	35-39	0.00115	0.00575	2.58	98176	565	489510	4681117	47.68
2016	40-44	0.00157	0.00781	2.75	97611	762	486337	4191608	42.94
2016	45-49	0.00230	0.01146	2.7	96849	1110	481693	3705271	38.26
2016	50-54	0.00359	0.01779	2.66	95739	1703	474711	3223578	33.67
2016	55-59	0.00525	0.02594	2.66	94036	2439	464472	2748867	29.23
2016	60-64	0.00763	0.03746	2.63	91597	3431	449845	2284395	24.94
2016	65-69	0.01167	0.05683	2.69	88166	5010	429248	1834550	20.81
2016	70-74	0.01892	0.09064	2.69	83155	7537	398380	1405302	16.90
2016	75-79	0.03085	0.14380	2.64	75618	10874	352444	1006922	13.32
2016	80-84	0.04988	0.22275	2.6	64744	14421	289124	654477	10.11
2016	85-89	0.08937	0.36701	2.57	50322	18469	206666	365353	7.26
2016	90-94	0.16152	0.56769	2.38	31854	18083	111953	158687	4.98
2016	95-99	0.26889	0.76017	2.14	13771	10468	38931	46735	3.39
2016	100-104	0.41013	0.89132	1.83	3303	2944	7177	7804	2.36
2016	105-109	0.56843	0.95541	1.53	359	343	603	626	1.74
2016	110+	0.69540	1.00000	1.44	16	16	23	23	1.44
2017	0	0.00502	0.00499	0.07	100000	499	99534	8136340	81.36
2017	1-4	0.00020	0.00079	1.76	99501	79	397827	8036806	80.77
2017	5-9	0.00011	0.00053	2.41	99422	53	496974	7638979	76.83
2017	10-14	0.00015	0.00074	2.66	99369	73	496676	7142005	71.87
2017	15-19	0.00035	0.00173	2.71	99296	172	496087	6645329	66.92
2017	20-24	0.00049	0.00247	2.81	99124	244	495086	6149242	62.04
2017	25-29	0.00067	0.00336	2.55	98880	332	493583	5654156	57.18
2017	30-34	0.00085	0.00423	2.55	98547	417	491717	5160573	52.37
2017	35-39	0.00113	0.00565	2.58	98130	555	489310	4668856	47.58
2017	40-44	0.00159	0.00791	2.6	97576	772	486030	4179546	42.83
2017	45-49	0.00241	0.01201	2.67	96804	1162	481312	3693516	38.15
2017	50-54	0.00345	0.01714	2.72	95642	1639	474468	3212204	33.59
2017	55-59	0.00546	0.02696	2.63	94002	2534	464011	2737736	29.12
2017	60-64	0.00782	0.03839	2.6	91469	3511	448905	2273725	24.86
2017	65-69	0.01176	0.05721	2.68	87957	5032	428100	1824820	20.75
2017	70-74	0.01901	0.09101	2.66	82925	7547	396947	1396721	16.84
2017	75-79	0.03104	0.14461	2.64	75378	10901	351187	999774	13.26
2017	80-84	0.05092	0.22696	2.61	64477	14634	287385	648588	10.06
2017	85-89	0.08861	0.36450	2.57	49843	18168	205028	361202	7.25
2017	90-94	0.16404	0.57513	2.4	31676	18218	111054	156174	4.93
2017	95-99	0.27282	0.76550	2.13	13458	10302	37762	45121	3.35
2017	100-104	0.41612	0.89505	1.82	3156	2825	6788	7359	2.33
2017	105-109	0.57577	0.95727	1.51	331	317	551	571	1.72
2017	110+	0.70300	1.00000	1.42	14	14	20	20	1.42
2018	0	0.00524	0.00521	0.07	100000	521	99514	8134152	81.34
2018	1-4	0.00021	0.00082	1.52	99479	82	397712	8034638	80.77
2018	5-9	0.00012	0.00061	2.21	99397	60	496816	7636926	76.83
2018	10-14	0.00013	0.00065	2.75	99336	65	496537	7140110	71.88
2018	15-19	0.00033	0.00163	2.81	99272	162	496004	6643573	66.92
2018	20-24	0.00047	0.00233	2.61	99110	231	494997	6147569	62.03
2018	25-29	0.00071	0.00356	2.54	98879	352	493529	5652573	57.17
2018	30-34	0.00090	0.00448	2.45	98527	441	491513	5159043	52.36
2018	35-39	0.00121	0.00604	2.6	98086	593	489005	4667530	47.59
2018	40-44	0.00161	0.00801	2.67	97493	781	485651	4178525	42.86
2018	45-49	0.00234	0.01166	2.63	96713	1128	480887	3692874	38.18
2018	50-54	0.00373	0.01848	2.66	95585	1766	473785	3211987	33.60
2018	55-59	0.00538	0.02656	2.61	93819	2491	463145	2738202	29.19
2018	60-64	0.00766	0.03763	2.64	91327	3437	448516	2275058	24.91
2018	65-69	0.01158	0.05633	2.62	87891	4951	427680	1826541	20.78
2018	70-74	0.01874	0.08974	2.65	82940	7443	397213	1398861	16.87
2018	75-79	0.03103	0.14449	2.62	75497	10908	351528	1001648	13.27
2018	80-84	0.05038	0.22437	2.56	64589	14492	287640	650120	10.07
2018	85-89	0.08994	0.36845	2.55	50097	18458	205234	362480	7.24
2018	90-94	0.16262	0.56999	2.38	31639	18034	110899	157246	4.97
2018	95-99	0.26782	0.75853	2.14	13605	10320	38532	46347	3.41
2018	100-104	0.40721	0.88933	1.83	3285	2922	7175	7814	2.38
2018	105-109	0.56376	0.95413	1.53	364	347	615	639	1.76
2018	110+	0.68981	1.00000	1.45	17	17	24	24	1.45
2019	0	0.00484	0.00482	0.07	100000	482	99550	8150939	81.51
2019	1-4	0.00020	0.00079	1.64	99518	79	397886	8051388	80.90
2019	5-9	0.00012	0.00058	2.27	99439	57	497038	7653502	76.97
2019	10-14	0.00013	0.00063	2.9	99382	62	496777	7156464	72.01
2019	15-19	0.00034	0.00168	2.85	99319	167	496238	6659687	67.05
2019	20-24	0.00050	0.00250	2.62	99152	248	495171	6163449	62.16
2019	25-29	0.00063	0.00317	2.76	98904	313	493818	5668278	57.31
2019	30-34	0.00088	0.00437	2.59	98591	431	491918	5174460	52.48
2019	35-39	0.00119	0.00594	2.67	98160	583	489441	4682542	47.70
2019	40-44	0.00164	0.00816	2.66	97577	796	486026	4193101	42.97
2019	45-49	0.00239	0.01190	2.66	96781	1152	481214	3707075	38.30
2019	50-54	0.00355	0.01760	2.69	95630	1683	474262	3225861	33.73
2019	55-59	0.00543	0.02682	2.65	93946	2520	463821	2751598	29.29
2019	60-64	0.00795	0.03902	2.62	91427	3567	448627	2287777	25.02
2019	65-69	0.01116	0.05437	2.63	87860	4777	427966	1839150	20.93
2019	70-74	0.01850	0.08864	2.66	83083	7365	398200	1411184	16.99
2019	75-79	0.03044	0.14202	2.64	75718	10753	353228	1012984	13.38
2019	80-84	0.05158	0.22967	2.61	64965	14920	289238	659756	10.16
2019	85-89	0.08634	0.35709	2.58	50044	17870	206970	370519	7.40
2019	90-94	0.15754	0.55969	2.41	32174	18008	114307	163549	5.08
2019	95-99	0.26144	0.74961	2.15	14166	10619	40618	49242	3.48
2019	100-104	0.39754	0.88294	1.85	3547	3132	7878	8624	2.43
2019	105-109	0.55186	0.95085	1.55	415	395	715	746	1.80
2019	110+	0.67729	1.00000	1.48	20	20	30	30	1.48
