Div4: West North Central, Lifetables (period 1x5), Females Last modified: 20 Dec 2020, MPv5 (May07) 

Year     	Age	mx	qx	ax	lx	dx	Lx	Tx	ex
1960-1964	0	0.01953	0.01919	0.11	100000	1919	98287	7515214	75.15
1960-1964	1	0.00138	0.00138	0.5	98081	136	98013	7416926	75.62
1960-1964	2	0.00078	0.00078	0.5	97945	76	97907	7318913	74.72
1960-1964	3	0.00061	0.00061	0.5	97869	60	97839	7221006	73.78
1960-1964	4	0.00049	0.00049	0.5	97809	48	97785	7123167	72.83
1960-1964	5	0.00047	0.00047	0.5	97762	46	97739	7025382	71.86
1960-1964	6	0.00037	0.00037	0.5	97716	36	97698	6927643	70.90
1960-1964	7	0.00036	0.00036	0.5	97680	35	97662	6829946	69.92
1960-1964	8	0.00035	0.00035	0.5	97645	34	97628	6732283	68.95
1960-1964	9	0.00029	0.00029	0.5	97611	28	97597	6634655	67.97
1960-1964	10	0.00022	0.00022	0.5	97583	21	97572	6537058	66.99
1960-1964	11	0.00030	0.00030	0.5	97562	30	97547	6439486	66.00
1960-1964	12	0.00030	0.00030	0.5	97532	29	97518	6341939	65.02
1960-1964	13	0.00032	0.00032	0.5	97503	31	97488	6244421	64.04
1960-1964	14	0.00034	0.00034	0.5	97472	34	97455	6146934	63.06
1960-1964	15	0.00042	0.00042	0.5	97438	41	97418	6049478	62.09
1960-1964	16	0.00056	0.00056	0.5	97397	55	97370	5952061	61.11
1960-1964	17	0.00061	0.00061	0.5	97343	60	97313	5854691	60.15
1960-1964	18	0.00057	0.00057	0.5	97283	55	97255	5757378	59.18
1960-1964	19	0.00072	0.00072	0.5	97228	70	97193	5660123	58.22
1960-1964	20	0.00060	0.00060	0.5	97158	59	97129	5562930	57.26
1960-1964	21	0.00071	0.00071	0.5	97099	69	97065	5465801	56.29
1960-1964	22	0.00065	0.00065	0.5	97031	63	96999	5368736	55.33
1960-1964	23	0.00058	0.00058	0.5	96968	56	96940	5271737	54.37
1960-1964	24	0.00069	0.00069	0.5	96912	67	96878	5174797	53.40
1960-1964	25	0.00072	0.00072	0.5	96845	70	96810	5077919	52.43
1960-1964	26	0.00072	0.00072	0.5	96775	70	96741	4981108	51.47
1960-1964	27	0.00069	0.00069	0.5	96706	67	96672	4884368	50.51
1960-1964	28	0.00076	0.00076	0.5	96639	73	96602	4787695	49.54
1960-1964	29	0.00080	0.00080	0.5	96566	77	96527	4691093	48.58
1960-1964	30	0.00085	0.00084	0.5	96488	82	96448	4594566	47.62
1960-1964	31	0.00091	0.00091	0.5	96407	87	96363	4498118	46.66
1960-1964	32	0.00100	0.00100	0.5	96319	97	96271	4401755	45.70
1960-1964	33	0.00104	0.00104	0.5	96223	100	96173	4305484	44.74
1960-1964	34	0.00125	0.00124	0.5	96123	120	96063	4209311	43.79
1960-1964	35	0.00128	0.00128	0.5	96003	123	95942	4113248	42.84
1960-1964	36	0.00125	0.00125	0.5	95881	120	95821	4017306	41.90
1960-1964	37	0.00150	0.00150	0.5	95761	144	95689	3921485	40.95
1960-1964	38	0.00160	0.00160	0.5	95617	153	95541	3825796	40.01
1960-1964	39	0.00186	0.00185	0.5	95464	177	95376	3730256	39.07
1960-1964	40	0.00190	0.00190	0.5	95287	181	95197	3634880	38.15
1960-1964	41	0.00205	0.00204	0.5	95106	194	95009	3539683	37.22
1960-1964	42	0.00229	0.00229	0.5	94912	217	94804	3444674	36.29
1960-1964	43	0.00243	0.00242	0.5	94695	229	94580	3349870	35.38
1960-1964	44	0.00271	0.00270	0.5	94466	255	94338	3255290	34.46
1960-1964	45	0.00282	0.00282	0.5	94210	265	94077	3160952	33.55
1960-1964	46	0.00310	0.00309	0.5	93945	290	93800	3066875	32.65
1960-1964	47	0.00344	0.00344	0.5	93654	322	93493	2973075	31.75
1960-1964	48	0.00357	0.00356	0.5	93333	332	93166	2879582	30.85
1960-1964	49	0.00409	0.00408	0.5	93000	380	92810	2786415	29.96
1960-1964	50	0.00442	0.00441	0.5	92621	409	92416	2693605	29.08
1960-1964	51	0.00494	0.00493	0.5	92212	454	91985	2601189	28.21
1960-1964	52	0.00528	0.00527	0.5	91757	483	91516	2509204	27.35
1960-1964	53	0.00556	0.00555	0.5	91274	506	91021	2417689	26.49
1960-1964	54	0.00591	0.00590	0.5	90768	535	90500	2326668	25.63
1960-1964	55	0.00635	0.00633	0.5	90233	571	89947	2236167	24.78
1960-1964	56	0.00694	0.00691	0.5	89661	620	89351	2146221	23.94
1960-1964	57	0.00750	0.00748	0.5	89041	666	88708	2056870	23.10
1960-1964	58	0.00830	0.00826	0.5	88375	730	88010	1968161	22.27
1960-1964	59	0.00894	0.00890	0.5	87645	780	87255	1880151	21.45
1960-1964	60	0.00970	0.00966	0.5	86865	839	86445	1792896	20.64
1960-1964	61	0.01038	0.01032	0.5	86026	888	85582	1706451	19.84
1960-1964	62	0.01214	0.01207	0.5	85138	1027	84624	1620869	19.04
1960-1964	63	0.01312	0.01304	0.5	84110	1096	83562	1536245	18.26
1960-1964	64	0.01424	0.01413	0.5	83014	1173	82427	1452683	17.50
1960-1964	65	0.01546	0.01534	0.5	81841	1255	81213	1370255	16.74
1960-1964	66	0.01672	0.01658	0.5	80585	1336	79917	1289042	16.00
1960-1964	67	0.01919	0.01901	0.5	79249	1506	78496	1209125	15.26
1960-1964	68	0.02084	0.02063	0.5	77743	1604	76941	1130629	14.54
1960-1964	69	0.02227	0.02203	0.5	76139	1677	75301	1053688	13.84
1960-1964	70	0.02529	0.02498	0.5	74462	1860	73532	978387	13.14
1960-1964	71	0.02751	0.02714	0.5	72602	1970	71617	904855	12.46
1960-1964	72	0.03242	0.03190	0.5	70632	2253	69506	833238	11.80
1960-1964	73	0.03531	0.03470	0.5	68379	2373	67192	763732	11.17
1960-1964	74	0.04007	0.03929	0.5	66006	2593	64709	696540	10.55
1960-1964	75	0.04450	0.04353	0.5	63413	2761	62033	631830	9.96
1960-1964	76	0.04823	0.04709	0.5	60652	2856	59224	569798	9.39
1960-1964	77	0.05298	0.05162	0.5	57796	2983	56305	510573	8.83
1960-1964	78	0.06049	0.05872	0.5	54813	3218	53204	454269	8.29
1960-1964	79	0.06790	0.06567	0.5	51594	3388	49900	401065	7.77
1960-1964	80	0.07534	0.07260	0.5	48206	3500	46456	351165	7.28
1960-1964	81	0.08368	0.08032	0.5	44706	3591	42911	304709	6.82
1960-1964	82	0.09492	0.09062	0.5	41115	3726	39253	261798	6.37
1960-1964	83	0.10657	0.10118	0.5	37390	3783	35498	222545	5.95
1960-1964	84	0.11826	0.11166	0.5	33607	3752	31730	187047	5.57
1960-1964	85	0.13094	0.12289	0.5	29854	3669	28020	155317	5.20
1960-1964	86	0.14244	0.13297	0.5	26185	3482	24444	127297	4.86
1960-1964	87	0.16301	0.15073	0.5	22703	3422	20992	102852	4.53
1960-1964	88	0.17417	0.16022	0.5	19281	3089	17737	81860	4.25
1960-1964	89	0.19109	0.17442	0.5	16192	2824	14780	64123	3.96
1960-1964	90	0.21776	0.19638	0.5	13368	2625	12055	49343	3.69
1960-1964	91	0.22684	0.20374	0.5	10743	2189	9648	37288	3.47
1960-1964	92	0.25539	0.22647	0.5	8554	1937	7585	27639	3.23
1960-1964	93	0.27500	0.24176	0.5	6617	1600	5817	20054	3.03
1960-1964	94	0.29930	0.26034	0.5	5017	1306	4364	14237	2.84
1960-1964	95	0.32535	0.27983	0.5	3711	1038	3192	9873	2.66
1960-1964	96	0.35165	0.29907	0.5	2673	799	2273	6681	2.50
1960-1964	97	0.37888	0.31853	0.5	1873	597	1575	4408	2.35
1960-1964	98	0.40689	0.33810	0.5	1277	432	1061	2833	2.22
1960-1964	99	0.43552	0.35764	0.5	845	302	694	1772	2.10
1960-1964	100	0.46458	0.37701	0.5	543	205	440	1078	1.99
1960-1964	101	0.49389	0.39608	0.5	338	134	271	638	1.89
1960-1964	102	0.52325	0.41474	0.5	204	85	162	367	1.80
1960-1964	103	0.55244	0.43287	0.5	120	52	94	205	1.71
1960-1964	104	0.58127	0.45038	0.5	68	31	53	111	1.64
1960-1964	105	0.60956	0.46718	0.5	37	17	29	59	1.57
1960-1964	106	0.63714	0.48320	0.5	20	10	15	30	1.51
1960-1964	107	0.66383	0.49840	0.5	10	5	8	15	1.46
1960-1964	108	0.68953	0.51275	0.5	5	3	4	7	1.42
1960-1964	109	0.71410	0.52621	0.5	3	1	2	3	1.38
1960-1964	110+	0.73747	1.00000	1.36	1	1	2	2	1.36
1965-1969	0	0.01763	0.01736	0.1	100000	1736	98442	7561682	75.62
1965-1969	1	0.00117	0.00117	0.5	98264	115	98207	7463240	75.95
1965-1969	2	0.00076	0.00076	0.5	98150	75	98113	7365033	75.04
1965-1969	3	0.00055	0.00055	0.5	98075	54	98048	7266920	74.10
1965-1969	4	0.00050	0.00050	0.5	98021	49	97997	7168872	73.14
1965-1969	5	0.00044	0.00044	0.5	97972	43	97950	7070876	72.17
1965-1969	6	0.00034	0.00034	0.5	97929	34	97912	6972925	71.20
1965-1969	7	0.00033	0.00033	0.5	97895	32	97879	6875014	70.23
1965-1969	8	0.00029	0.00029	0.5	97862	29	97848	6777135	69.25
1965-1969	9	0.00030	0.00030	0.5	97834	29	97819	6679287	68.27
1965-1969	10	0.00028	0.00028	0.5	97805	28	97791	6581468	67.29
1965-1969	11	0.00026	0.00026	0.5	97777	26	97764	6483677	66.31
1965-1969	12	0.00027	0.00027	0.5	97751	27	97738	6385913	65.33
1965-1969	13	0.00028	0.00028	0.5	97724	28	97711	6288175	64.35
1965-1969	14	0.00038	0.00038	0.5	97697	37	97678	6190465	63.36
1965-1969	15	0.00043	0.00043	0.5	97660	42	97639	6092786	62.39
1965-1969	16	0.00051	0.00051	0.5	97618	50	97593	5995147	61.41
1965-1969	17	0.00067	0.00067	0.5	97569	66	97536	5897554	60.45
1965-1969	18	0.00077	0.00077	0.5	97503	75	97465	5800018	59.49
1965-1969	19	0.00073	0.00073	0.5	97428	71	97392	5702553	58.53
1965-1969	20	0.00074	0.00074	0.5	97357	72	97321	5605160	57.57
1965-1969	21	0.00073	0.00073	0.5	97285	71	97250	5507839	56.62
1965-1969	22	0.00069	0.00069	0.5	97214	67	97181	5410590	55.66
1965-1969	23	0.00066	0.00066	0.5	97148	65	97115	5313409	54.69
1965-1969	24	0.00070	0.00070	0.5	97083	68	97049	5216294	53.73
1965-1969	25	0.00075	0.00075	0.5	97015	73	96979	5119244	52.77
1965-1969	26	0.00064	0.00064	0.5	96942	62	96911	5022266	51.81
1965-1969	27	0.00070	0.00070	0.5	96880	68	96846	4925354	50.84
1965-1969	28	0.00081	0.00081	0.5	96812	79	96773	4828508	49.88
1965-1969	29	0.00086	0.00086	0.5	96733	83	96692	4731736	48.92
1965-1969	30	0.00091	0.00091	0.5	96650	88	96606	4635044	47.96
1965-1969	31	0.00088	0.00088	0.5	96562	85	96520	4538438	47.00
1965-1969	32	0.00100	0.00100	0.5	96477	97	96429	4441918	46.04
1965-1969	33	0.00103	0.00103	0.5	96381	100	96331	4345489	45.09
1965-1969	34	0.00117	0.00117	0.5	96281	113	96225	4249158	44.13
1965-1969	35	0.00135	0.00135	0.5	96168	130	96104	4152933	43.18
1965-1969	36	0.00145	0.00145	0.5	96039	139	95969	4056830	42.24
1965-1969	37	0.00149	0.00149	0.5	95899	142	95828	3960861	41.30
1965-1969	38	0.00162	0.00162	0.5	95757	155	95679	3865033	40.36
1965-1969	39	0.00170	0.00170	0.5	95602	163	95520	3769354	39.43
1965-1969	40	0.00187	0.00187	0.5	95439	179	95350	3673833	38.49
1965-1969	41	0.00208	0.00208	0.5	95260	198	95161	3578484	37.57
1965-1969	42	0.00228	0.00228	0.5	95062	217	94954	3483323	36.64
1965-1969	43	0.00255	0.00255	0.5	94845	242	94724	3388369	35.73
1965-1969	44	0.00275	0.00274	0.5	94604	260	94474	3293645	34.82
1965-1969	45	0.00311	0.00310	0.5	94344	293	94198	3199171	33.91
1965-1969	46	0.00310	0.00309	0.5	94051	291	93906	3104973	33.01
1965-1969	47	0.00354	0.00353	0.5	93760	331	93595	3011067	32.11
1965-1969	48	0.00358	0.00358	0.5	93429	334	93262	2917473	31.23
1965-1969	49	0.00400	0.00399	0.5	93095	372	92909	2824210	30.34
1965-1969	50	0.00452	0.00451	0.5	92723	418	92514	2731301	29.46
1965-1969	51	0.00471	0.00470	0.5	92305	434	92088	2638787	28.59
1965-1969	52	0.00540	0.00538	0.5	91872	494	91624	2546699	27.72
1965-1969	53	0.00547	0.00546	0.5	91377	499	91128	2455074	26.87
1965-1969	54	0.00592	0.00590	0.5	90879	536	90611	2363946	26.01
1965-1969	55	0.00644	0.00642	0.5	90343	580	90052	2273336	25.16
1965-1969	56	0.00686	0.00684	0.5	89762	614	89455	2183283	24.32
1965-1969	57	0.00785	0.00782	0.5	89149	697	88800	2093828	23.49
1965-1969	58	0.00830	0.00826	0.5	88451	731	88086	2005028	22.67
1965-1969	59	0.00896	0.00892	0.5	87720	782	87329	1916942	21.85
1965-1969	60	0.00957	0.00952	0.5	86938	828	86524	1829613	21.05
1965-1969	61	0.01060	0.01054	0.5	86110	908	85656	1743089	20.24
1965-1969	62	0.01187	0.01180	0.5	85202	1006	84699	1657434	19.45
1965-1969	63	0.01205	0.01198	0.5	84196	1008	83692	1572734	18.68
1965-1969	64	0.01370	0.01361	0.5	83188	1132	82622	1489042	17.90
1965-1969	65	0.01518	0.01507	0.5	82056	1236	81437	1406421	17.14
1965-1969	66	0.01605	0.01593	0.5	80819	1287	80176	1324983	16.39
1965-1969	67	0.01823	0.01807	0.5	79532	1437	78814	1244808	15.65
1965-1969	68	0.01981	0.01962	0.5	78095	1532	77329	1165994	14.93
1965-1969	69	0.02151	0.02128	0.5	76563	1629	75748	1088665	14.22
1965-1969	70	0.02421	0.02392	0.5	74934	1793	74037	1012917	13.52
1965-1969	71	0.02691	0.02655	0.5	73141	1942	72170	938880	12.84
1965-1969	72	0.03015	0.02970	0.5	71199	2115	70142	866709	12.17
1965-1969	73	0.03305	0.03251	0.5	69085	2246	67962	796567	11.53
1965-1969	74	0.03693	0.03626	0.5	66839	2424	65627	728606	10.90
1965-1969	75	0.04202	0.04115	0.5	64415	2651	63090	662979	10.29
1965-1969	76	0.04617	0.04513	0.5	61764	2787	60370	599889	9.71
1965-1969	77	0.05031	0.04908	0.5	58977	2895	57529	539519	9.15
1965-1969	78	0.05729	0.05570	0.5	56082	3124	54520	481989	8.59
1965-1969	79	0.06394	0.06196	0.5	52958	3281	51318	427469	8.07
1965-1969	80	0.07058	0.06818	0.5	49677	3387	47984	376151	7.57
1965-1969	81	0.07756	0.07466	0.5	46290	3456	44562	328168	7.09
1965-1969	82	0.08884	0.08506	0.5	42834	3644	41012	283605	6.62
1965-1969	83	0.09922	0.09453	0.5	39190	3705	37338	242593	6.19
1965-1969	84	0.11133	0.10546	0.5	35486	3742	33615	205255	5.78
1965-1969	85	0.12276	0.11566	0.5	31743	3671	29908	171640	5.41
1965-1969	86	0.13745	0.12861	0.5	28072	3610	26267	141732	5.05
1965-1969	87	0.15223	0.14146	0.5	24462	3460	22732	115465	4.72
1965-1969	88	0.16507	0.15248	0.5	21001	3202	19400	92734	4.42
1965-1969	89	0.18269	0.16740	0.5	17799	2980	16309	73334	4.12
1965-1969	90	0.20469	0.18569	0.5	14819	2752	13444	57024	3.85
1965-1969	91	0.21721	0.19593	0.5	12068	2364	10885	43581	3.61
1965-1969	92	0.23943	0.21383	0.5	9703	2075	8666	32695	3.37
1965-1969	93	0.26124	0.23106	0.5	7628	1763	6747	24030	3.15
1965-1969	94	0.28576	0.25003	0.5	5866	1467	5132	17282	2.95
1965-1969	95	0.31028	0.26861	0.5	4399	1182	3808	12150	2.76
1965-1969	96	0.33600	0.28767	0.5	3218	926	2755	8342	2.59
1965-1969	97	0.36272	0.30704	0.5	2292	704	1940	5587	2.44
1965-1969	98	0.39032	0.32659	0.5	1588	519	1329	3647	2.30
1965-1969	99	0.41864	0.34618	0.5	1070	370	884	2318	2.17
1965-1969	100	0.44751	0.36569	0.5	699	256	571	1434	2.05
1965-1969	101	0.47674	0.38497	0.5	444	171	358	862	1.94
1965-1969	102	0.50612	0.40391	0.5	273	110	218	504	1.85
1965-1969	103	0.53547	0.42238	0.5	163	69	128	286	1.76
1965-1969	104	0.56457	0.44028	0.5	94	41	73	158	1.68
1965-1969	105	0.59323	0.45752	0.5	53	24	41	85	1.61
1965-1969	106	0.62127	0.47402	0.5	29	14	22	44	1.55
1965-1969	107	0.64852	0.48972	0.5	15	7	11	22	1.49
1965-1969	108	0.67484	0.50458	0.5	8	4	6	11	1.44
1965-1969	109	0.70010	0.51857	0.5	4	2	3	5	1.41
1965-1969	110+	0.72420	1.00000	1.38	2	2	3	3	1.38
1970-1974	0	0.01506	0.01486	0.1	100000	1486	98656	7650715	76.51
1970-1974	1	0.00097	0.00096	0.5	98514	95	98467	7552059	76.66
1970-1974	2	0.00066	0.00066	0.5	98419	65	98387	7453592	75.73
1970-1974	3	0.00054	0.00054	0.5	98354	53	98328	7355206	74.78
1970-1974	4	0.00041	0.00041	0.5	98301	40	98281	7256878	73.82
1970-1974	5	0.00038	0.00038	0.5	98261	37	98242	7158597	72.85
1970-1974	6	0.00037	0.00037	0.5	98224	36	98206	7060355	71.88
1970-1974	7	0.00032	0.00032	0.5	98188	32	98172	6962149	70.91
1970-1974	8	0.00026	0.00026	0.5	98156	25	98143	6863977	69.93
1970-1974	9	0.00026	0.00026	0.5	98131	25	98118	6765834	68.95
1970-1974	10	0.00027	0.00027	0.5	98106	26	98092	6667716	67.96
1970-1974	11	0.00027	0.00027	0.5	98079	27	98066	6569623	66.98
1970-1974	12	0.00028	0.00028	0.5	98053	27	98039	6471557	66.00
1970-1974	13	0.00033	0.00033	0.5	98026	32	98009	6373518	65.02
1970-1974	14	0.00036	0.00036	0.5	97993	35	97976	6275509	64.04
1970-1974	15	0.00049	0.00049	0.5	97958	48	97934	6177533	63.06
1970-1974	16	0.00056	0.00056	0.5	97910	55	97883	6079599	62.09
1970-1974	17	0.00063	0.00063	0.5	97855	62	97824	5981716	61.13
1970-1974	18	0.00073	0.00073	0.5	97793	71	97758	5883892	60.17
1970-1974	19	0.00067	0.00067	0.5	97722	66	97689	5786134	59.21
1970-1974	20	0.00059	0.00059	0.5	97656	58	97627	5688445	58.25
1970-1974	21	0.00061	0.00061	0.5	97598	60	97569	5590818	57.28
1970-1974	22	0.00063	0.00063	0.5	97539	62	97508	5493249	56.32
1970-1974	23	0.00062	0.00062	0.5	97477	60	97447	5395741	55.35
1970-1974	24	0.00064	0.00064	0.5	97416	62	97385	5298295	54.39
1970-1974	25	0.00064	0.00064	0.5	97354	63	97323	5200910	53.42
1970-1974	26	0.00069	0.00068	0.5	97291	67	97258	5103587	52.46
1970-1974	27	0.00066	0.00066	0.5	97225	64	97193	5006329	51.49
1970-1974	28	0.00075	0.00075	0.5	97161	73	97124	4909136	50.53
1970-1974	29	0.00077	0.00077	0.5	97088	75	97050	4812012	49.56
1970-1974	30	0.00087	0.00086	0.5	97013	84	96971	4714961	48.60
1970-1974	31	0.00083	0.00083	0.5	96929	81	96889	4617990	47.64
1970-1974	32	0.00090	0.00090	0.5	96848	87	96805	4521102	46.68
1970-1974	33	0.00111	0.00111	0.5	96761	107	96707	4424297	45.72
1970-1974	34	0.00110	0.00110	0.5	96654	107	96600	4327590	44.77
1970-1974	35	0.00119	0.00119	0.5	96547	115	96490	4230990	43.82
1970-1974	36	0.00130	0.00129	0.5	96432	125	96370	4134500	42.87
1970-1974	37	0.00128	0.00128	0.5	96307	123	96246	4038130	41.93
1970-1974	38	0.00162	0.00162	0.5	96184	156	96106	3941885	40.98
1970-1974	39	0.00164	0.00163	0.5	96028	157	95950	3845779	40.05
1970-1974	40	0.00179	0.00179	0.5	95871	171	95786	3749829	39.11
1970-1974	41	0.00197	0.00197	0.5	95700	189	95606	3654043	38.18
1970-1974	42	0.00229	0.00229	0.5	95511	219	95402	3558438	37.26
1970-1974	43	0.00247	0.00247	0.5	95292	235	95175	3463036	36.34
1970-1974	44	0.00262	0.00261	0.5	95057	248	94933	3367861	35.43
1970-1974	45	0.00266	0.00266	0.5	94809	252	94683	3272928	34.52
1970-1974	46	0.00311	0.00310	0.5	94557	294	94410	3178245	33.61
1970-1974	47	0.00333	0.00332	0.5	94263	313	94106	3083836	32.72
1970-1974	48	0.00340	0.00340	0.5	93950	319	93790	2989729	31.82
1970-1974	49	0.00416	0.00415	0.5	93631	389	93436	2895939	30.93
1970-1974	50	0.00406	0.00406	0.5	93242	378	93053	2802502	30.06
1970-1974	51	0.00448	0.00447	0.5	92864	416	92656	2709450	29.18
1970-1974	52	0.00477	0.00476	0.5	92448	440	92228	2616793	28.31
1970-1974	53	0.00538	0.00537	0.5	92008	494	91762	2524565	27.44
1970-1974	54	0.00566	0.00564	0.5	91515	516	91257	2432804	26.58
1970-1974	55	0.00635	0.00633	0.5	90998	576	90710	2341547	25.73
1970-1974	56	0.00694	0.00692	0.5	90423	625	90110	2250837	24.89
1970-1974	57	0.00750	0.00747	0.5	89797	671	89462	2160727	24.06
1970-1974	58	0.00800	0.00797	0.5	89126	710	88771	2071265	23.24
1970-1974	59	0.00848	0.00845	0.5	88416	747	88043	1982493	22.42
1970-1974	60	0.00956	0.00952	0.5	87670	834	87252	1894450	21.61
1970-1974	61	0.01004	0.00999	0.5	86835	868	86401	1807198	20.81
1970-1974	62	0.01098	0.01092	0.5	85967	939	85498	1720797	20.02
1970-1974	63	0.01221	0.01213	0.5	85028	1032	84513	1635299	19.23
1970-1974	64	0.01319	0.01310	0.5	83997	1101	83446	1550786	18.46
1970-1974	65	0.01434	0.01424	0.5	82896	1180	82306	1467340	17.70
1970-1974	66	0.01520	0.01508	0.5	81716	1232	81100	1385034	16.95
1970-1974	67	0.01784	0.01768	0.5	80483	1423	79772	1303934	16.20
1970-1974	68	0.01883	0.01866	0.5	79060	1475	78323	1224162	15.48
1970-1974	69	0.02006	0.01986	0.5	77585	1541	76815	1145839	14.77
1970-1974	70	0.02221	0.02197	0.5	76044	1671	75209	1069025	14.06
1970-1974	71	0.02480	0.02450	0.5	74373	1822	73463	993816	13.36
1970-1974	72	0.02795	0.02757	0.5	72552	2000	71552	920353	12.69
1970-1974	73	0.03026	0.02981	0.5	70552	2103	69500	848802	12.03
1970-1974	74	0.03429	0.03371	0.5	68449	2307	67295	779302	11.39
1970-1974	75	0.03842	0.03769	0.5	66141	2493	64895	712007	10.76
1970-1974	76	0.04325	0.04233	0.5	63648	2695	62301	647112	10.17
1970-1974	77	0.04763	0.04652	0.5	60954	2836	59536	584811	9.59
1970-1974	78	0.05274	0.05139	0.5	58118	2987	56625	525275	9.04
1970-1974	79	0.05862	0.05695	0.5	55131	3140	53562	468650	8.50
1970-1974	80	0.06667	0.06452	0.5	51992	3355	50315	415088	7.98
1970-1974	81	0.07185	0.06936	0.5	48637	3373	46951	364774	7.50
1970-1974	82	0.08051	0.07740	0.5	45264	3503	43512	317823	7.02
1970-1974	83	0.08991	0.08604	0.5	41761	3593	39964	274311	6.57
1970-1974	84	0.10134	0.09645	0.5	38168	3681	36327	234347	6.14
1970-1974	85	0.11229	0.10632	0.5	34486	3667	32653	198020	5.74
1970-1974	86	0.12502	0.11766	0.5	30820	3626	29007	165367	5.37
1970-1974	87	0.13748	0.12864	0.5	27193	3498	25444	136360	5.01
1970-1974	88	0.15321	0.14231	0.5	23695	3372	22009	110916	4.68
1970-1974	89	0.16696	0.15410	0.5	20323	3132	18757	88907	4.37
1970-1974	90	0.18520	0.16951	0.5	17191	2914	15734	70149	4.08
1970-1974	91	0.20052	0.18225	0.5	14277	2602	12976	54415	3.81
1970-1974	92	0.22378	0.20126	0.5	11675	2350	10501	41438	3.55
1970-1974	93	0.24903	0.22145	0.5	9326	2065	8293	30938	3.32
1970-1974	94	0.27093	0.23861	0.5	7260	1732	6394	22645	3.12
1970-1974	95	0.28707	0.25103	0.5	5528	1388	4834	16251	2.94
1970-1974	96	0.31144	0.26947	0.5	4140	1116	3582	11416	2.76
1970-1974	97	0.33690	0.28833	0.5	3025	872	2589	7834	2.59
1970-1974	98	0.36334	0.30748	0.5	2153	662	1822	5245	2.44
1970-1974	99	0.39064	0.32681	0.5	1491	487	1247	3424	2.30
1970-1974	100	0.41864	0.34618	0.5	1003	347	830	2177	2.17
1970-1974	101	0.44717	0.36546	0.5	656	240	536	1347	2.05
1970-1974	102	0.47606	0.38453	0.5	416	160	336	811	1.95
1970-1974	103	0.50511	0.40326	0.5	256	103	205	475	1.85
1970-1974	104	0.53412	0.42154	0.5	153	64	121	270	1.77
1970-1974	105	0.56290	0.43927	0.5	88	39	69	149	1.69
1970-1974	106	0.59127	0.45636	0.5	50	23	38	80	1.62
1970-1974	107	0.61904	0.47272	0.5	27	13	21	42	1.56
1970-1974	108	0.64605	0.48832	0.5	14	7	11	21	1.50
1970-1974	109	0.67217	0.50309	0.5	7	4	5	11	1.46
1970-1974	110+	0.69726	1.00000	1.43	4	4	5	5	1.43
1975-1979	0	0.01207	0.01194	0.09	100000	1194	98909	7824554	78.25
1975-1979	1	0.00089	0.00089	0.5	98806	88	98762	7725644	78.19
1975-1979	2	0.00059	0.00059	0.5	98718	58	98689	7626883	77.26
1975-1979	3	0.00044	0.00044	0.5	98660	44	98638	7528194	76.30
1975-1979	4	0.00040	0.00040	0.5	98616	40	98596	7429556	75.34
1975-1979	5	0.00032	0.00032	0.5	98576	31	98561	7330960	74.37
1975-1979	6	0.00026	0.00026	0.5	98545	26	98532	7232400	73.39
1975-1979	7	0.00027	0.00027	0.5	98519	27	98506	7133868	72.41
1975-1979	8	0.00023	0.00023	0.5	98492	22	98481	7035362	71.43
1975-1979	9	0.00024	0.00024	0.5	98470	24	98458	6936881	70.45
1975-1979	10	0.00019	0.00019	0.5	98446	19	98437	6838422	69.46
1975-1979	11	0.00019	0.00019	0.5	98428	19	98418	6739985	68.48
1975-1979	12	0.00021	0.00021	0.5	98409	21	98399	6641567	67.49
1975-1979	13	0.00030	0.00030	0.5	98388	29	98373	6543169	66.50
1975-1979	14	0.00033	0.00033	0.5	98359	32	98343	6444795	65.52
1975-1979	15	0.00042	0.00042	0.5	98326	42	98306	6346453	64.54
1975-1979	16	0.00054	0.00054	0.5	98285	53	98258	6248147	63.57
1975-1979	17	0.00056	0.00056	0.5	98232	55	98204	6149889	62.61
1975-1979	18	0.00065	0.00065	0.5	98177	64	98145	6051684	61.64
1975-1979	19	0.00059	0.00059	0.5	98113	58	98085	5953539	60.68
1975-1979	20	0.00063	0.00062	0.5	98056	61	98025	5855454	59.72
1975-1979	21	0.00061	0.00061	0.5	97995	60	97965	5757429	58.75
1975-1979	22	0.00057	0.00057	0.5	97935	56	97907	5659465	57.79
1975-1979	23	0.00055	0.00055	0.5	97879	54	97852	5561558	56.82
1975-1979	24	0.00056	0.00056	0.5	97825	55	97797	5463706	55.85
1975-1979	25	0.00056	0.00056	0.5	97770	55	97742	5365908	54.88
1975-1979	26	0.00054	0.00054	0.5	97715	53	97688	5268166	53.91
1975-1979	27	0.00064	0.00064	0.5	97661	62	97630	5170478	52.94
1975-1979	28	0.00062	0.00062	0.5	97599	60	97569	5072848	51.98
1975-1979	29	0.00059	0.00059	0.5	97539	58	97510	4975279	51.01
1975-1979	30	0.00063	0.00063	0.5	97481	62	97450	4877769	50.04
1975-1979	31	0.00073	0.00073	0.5	97419	71	97384	4780319	49.07
1975-1979	32	0.00085	0.00085	0.5	97349	83	97307	4682935	48.10
1975-1979	33	0.00083	0.00083	0.5	97266	81	97225	4585628	47.15
1975-1979	34	0.00091	0.00091	0.5	97185	88	97140	4488403	46.18
1975-1979	35	0.00097	0.00097	0.5	97096	94	97049	4391262	45.23
1975-1979	36	0.00103	0.00103	0.5	97002	100	96952	4294213	44.27
1975-1979	37	0.00118	0.00118	0.5	96902	114	96845	4197261	43.31
1975-1979	38	0.00122	0.00122	0.5	96788	118	96729	4100416	42.36
1975-1979	39	0.00131	0.00131	0.5	96670	126	96607	4003687	41.42
1975-1979	40	0.00147	0.00147	0.5	96543	142	96473	3907080	40.47
1975-1979	41	0.00174	0.00174	0.5	96402	167	96318	3810608	39.53
1975-1979	42	0.00183	0.00183	0.5	96234	176	96146	3714290	38.60
1975-1979	43	0.00210	0.00209	0.5	96058	201	95957	3618144	37.67
1975-1979	44	0.00222	0.00222	0.5	95857	213	95750	3522186	36.74
1975-1979	45	0.00247	0.00247	0.5	95644	236	95526	3426436	35.82
1975-1979	46	0.00265	0.00265	0.5	95408	253	95281	3330910	34.91
1975-1979	47	0.00296	0.00296	0.5	95155	282	95014	3235629	34.00
1975-1979	48	0.00316	0.00316	0.5	94873	300	94724	3140614	33.10
1975-1979	49	0.00339	0.00338	0.5	94574	320	94414	3045891	32.21
1975-1979	50	0.00376	0.00375	0.5	94254	353	94077	2951477	31.31
1975-1979	51	0.00402	0.00401	0.5	93901	377	93712	2857399	30.43
1975-1979	52	0.00424	0.00423	0.5	93524	395	93326	2763687	29.55
1975-1979	53	0.00466	0.00465	0.5	93129	433	92912	2670360	28.67
1975-1979	54	0.00532	0.00531	0.5	92696	492	92450	2577448	27.81
1975-1979	55	0.00533	0.00531	0.5	92204	490	91959	2484998	26.95
1975-1979	56	0.00610	0.00609	0.5	91714	558	91435	2393039	26.09
1975-1979	57	0.00662	0.00660	0.5	91156	602	90855	2301604	25.25
1975-1979	58	0.00738	0.00735	0.5	90554	666	90221	2210748	24.41
1975-1979	59	0.00774	0.00771	0.5	89889	693	89542	2120527	23.59
1975-1979	60	0.00844	0.00840	0.5	89196	749	88821	2030985	22.77
1975-1979	61	0.00902	0.00898	0.5	88446	795	88049	1942164	21.96
1975-1979	62	0.01036	0.01030	0.5	87652	903	87200	1854115	21.15
1975-1979	63	0.01101	0.01095	0.5	86749	950	86274	1766914	20.37
1975-1979	64	0.01189	0.01182	0.5	85799	1014	85292	1680640	19.59
1975-1979	65	0.01305	0.01296	0.5	84785	1099	84236	1595348	18.82
1975-1979	66	0.01376	0.01367	0.5	83686	1144	83114	1511112	18.06
1975-1979	67	0.01540	0.01528	0.5	82542	1262	81912	1427998	17.30
1975-1979	68	0.01657	0.01643	0.5	81281	1335	80613	1346087	16.56
1975-1979	69	0.01824	0.01808	0.5	79945	1445	79223	1265474	15.83
1975-1979	70	0.02020	0.02000	0.5	78500	1570	77715	1186251	15.11
1975-1979	71	0.02212	0.02188	0.5	76931	1683	76089	1108535	14.41
1975-1979	72	0.02430	0.02401	0.5	75248	1807	74344	1032446	13.72
1975-1979	73	0.02650	0.02615	0.5	73441	1921	72481	958102	13.05
1975-1979	74	0.02882	0.02841	0.5	71520	2032	70504	885621	12.38
1975-1979	75	0.03244	0.03193	0.5	69488	2219	68379	815117	11.73
1975-1979	76	0.03570	0.03507	0.5	67270	2359	66090	746738	11.10
1975-1979	77	0.04007	0.03928	0.5	64911	2550	63636	680648	10.49
1975-1979	78	0.04430	0.04334	0.5	62361	2703	61010	617012	9.89
1975-1979	79	0.05027	0.04903	0.5	59658	2925	58195	556002	9.32
1975-1979	80	0.05528	0.05379	0.5	56733	3052	55207	497807	8.77
1975-1979	81	0.06090	0.05910	0.5	53681	3173	52095	442600	8.24
1975-1979	82	0.06913	0.06682	0.5	50509	3375	48821	390505	7.73
1975-1979	83	0.07750	0.07461	0.5	47133	3517	45375	341684	7.25
1975-1979	84	0.08508	0.08161	0.5	43617	3559	41837	296309	6.79
1975-1979	85	0.09552	0.09116	0.5	40057	3652	38231	254472	6.35
1975-1979	86	0.10757	0.10208	0.5	36405	3716	34547	216241	5.94
1975-1979	87	0.11789	0.11133	0.5	32689	3639	30870	181693	5.56
1975-1979	88	0.13205	0.12387	0.5	29050	3598	27251	150824	5.19
1975-1979	89	0.14485	0.13507	0.5	25451	3438	23733	123573	4.86
1975-1979	90	0.16161	0.14953	0.5	22014	3292	20368	99841	4.54
1975-1979	91	0.17546	0.16131	0.5	18722	3020	17212	79473	4.24
1975-1979	92	0.18855	0.17231	0.5	15702	2706	14349	62261	3.97
1975-1979	93	0.21563	0.19465	0.5	12996	2530	11732	47912	3.69
1975-1979	94	0.23033	0.20654	0.5	10467	2162	9386	36180	3.46
1975-1979	95	0.25410	0.22546	0.5	8305	1872	7369	26794	3.23
1975-1979	96	0.27694	0.24326	0.5	6433	1565	5650	19425	3.02
1975-1979	97	0.30101	0.26163	0.5	4868	1274	4231	13775	2.83
1975-1979	98	0.32623	0.28048	0.5	3594	1008	3090	9544	2.66
1975-1979	99	0.35249	0.29967	0.5	2586	775	2199	6454	2.50
1975-1979	100	0.37967	0.31910	0.5	1811	578	1522	4256	2.35
1975-1979	101	0.40764	0.33862	0.5	1233	418	1024	2733	2.22
1975-1979	102	0.43621	0.35810	0.5	816	292	670	1709	2.10
1975-1979	103	0.46521	0.37742	0.5	524	198	425	1039	1.99
1975-1979	104	0.49445	0.39644	0.5	326	129	261	615	1.89
1975-1979	105	0.52373	0.41504	0.5	197	82	156	353	1.80
1975-1979	106	0.55285	0.43312	0.5	115	50	90	197	1.72
1975-1979	107	0.58160	0.45058	0.5	65	29	51	107	1.65
1975-1979	108	0.60982	0.46733	0.5	36	17	27	57	1.58
1975-1979	109	0.63732	0.48331	0.5	19	9	14	29	1.54
1975-1979	110+	0.66394	1.00000	1.51	10	10	15	15	1.51
1980-1984	0	0.00916	0.00908	0.08	100000	908	99163	7924403	79.24
1980-1984	1	0.00076	0.00076	0.5	99092	75	99054	7825240	78.97
1980-1984	2	0.00049	0.00049	0.5	99017	48	98992	7726185	78.03
1980-1984	3	0.00036	0.00036	0.5	98968	36	98950	7627193	77.07
1980-1984	4	0.00028	0.00028	0.5	98932	28	98919	7528242	76.09
1980-1984	5	0.00024	0.00024	0.5	98905	24	98893	7429324	75.12
1980-1984	6	0.00023	0.00023	0.5	98881	23	98869	7330431	74.13
1980-1984	7	0.00017	0.00017	0.5	98858	17	98850	7231562	73.15
1980-1984	8	0.00019	0.00019	0.5	98842	19	98832	7132712	72.16
1980-1984	9	0.00017	0.00017	0.5	98823	17	98815	7033880	71.18
1980-1984	10	0.00017	0.00017	0.5	98806	17	98798	6935065	70.19
1980-1984	11	0.00015	0.00015	0.5	98789	15	98782	6836267	69.20
1980-1984	12	0.00017	0.00017	0.5	98775	17	98766	6737485	68.21
1980-1984	13	0.00020	0.00020	0.5	98758	19	98748	6638719	67.22
1980-1984	14	0.00026	0.00026	0.5	98739	25	98726	6539971	66.24
1980-1984	15	0.00032	0.00032	0.5	98713	32	98697	6441245	65.25
1980-1984	16	0.00048	0.00048	0.5	98681	47	98658	6342548	64.27
1980-1984	17	0.00049	0.00049	0.5	98634	48	98610	6243890	63.30
1980-1984	18	0.00057	0.00057	0.5	98586	56	98558	6145280	62.33
1980-1984	19	0.00053	0.00053	0.5	98530	52	98504	6046721	61.37
1980-1984	20	0.00048	0.00048	0.5	98478	48	98454	5948217	60.40
1980-1984	21	0.00053	0.00053	0.5	98430	52	98404	5849763	59.43
1980-1984	22	0.00050	0.00050	0.5	98379	49	98354	5751359	58.46
1980-1984	23	0.00046	0.00046	0.5	98329	45	98307	5653005	57.49
1980-1984	24	0.00050	0.00050	0.5	98284	49	98260	5554698	56.52
1980-1984	25	0.00047	0.00047	0.5	98235	47	98212	5456438	55.54
1980-1984	26	0.00054	0.00054	0.5	98189	53	98162	5358226	54.57
1980-1984	27	0.00054	0.00054	0.5	98136	53	98110	5260064	53.60
1980-1984	28	0.00059	0.00059	0.5	98083	58	98054	5161954	52.63
1980-1984	29	0.00057	0.00057	0.5	98026	56	97998	5063900	51.66
1980-1984	30	0.00056	0.00056	0.5	97970	55	97943	4965902	50.69
1980-1984	31	0.00061	0.00061	0.5	97915	60	97885	4867959	49.72
1980-1984	32	0.00065	0.00065	0.5	97855	63	97824	4770074	48.75
1980-1984	33	0.00071	0.00071	0.5	97792	69	97757	4672250	47.78
1980-1984	34	0.00074	0.00074	0.5	97723	73	97686	4574493	46.81
1980-1984	35	0.00090	0.00090	0.5	97650	88	97606	4476807	45.85
1980-1984	36	0.00086	0.00086	0.5	97562	83	97520	4379201	44.89
1980-1984	37	0.00091	0.00091	0.5	97478	89	97434	4281681	43.92
1980-1984	38	0.00113	0.00112	0.5	97390	110	97335	4184247	42.96
1980-1984	39	0.00117	0.00116	0.5	97280	113	97223	4086913	42.01
1980-1984	40	0.00133	0.00133	0.5	97167	129	97102	3989689	41.06
1980-1984	41	0.00146	0.00146	0.5	97037	141	96967	3892587	40.11
1980-1984	42	0.00164	0.00163	0.5	96896	158	96817	3795620	39.17
1980-1984	43	0.00176	0.00176	0.5	96738	170	96653	3698803	38.24
1980-1984	44	0.00192	0.00192	0.5	96568	186	96475	3602150	37.30
1980-1984	45	0.00204	0.00204	0.5	96382	197	96284	3505675	36.37
1980-1984	46	0.00238	0.00237	0.5	96185	228	96071	3409392	35.45
1980-1984	47	0.00252	0.00252	0.5	95957	242	95836	3313321	34.53
1980-1984	48	0.00295	0.00294	0.5	95716	282	95575	3217484	33.62
1980-1984	49	0.00307	0.00306	0.5	95434	292	95288	3121910	32.71
1980-1984	50	0.00346	0.00345	0.5	95141	328	94977	3026622	31.81
1980-1984	51	0.00381	0.00381	0.5	94813	361	94633	2931645	30.92
1980-1984	52	0.00418	0.00417	0.5	94452	394	94255	2837013	30.04
1980-1984	53	0.00447	0.00446	0.5	94058	420	93848	2742757	29.16
1980-1984	54	0.00464	0.00463	0.5	93638	434	93422	2648909	28.29
1980-1984	55	0.00543	0.00541	0.5	93205	505	92952	2555488	27.42
1980-1984	56	0.00591	0.00589	0.5	92700	546	92427	2462535	26.56
1980-1984	57	0.00633	0.00631	0.5	92154	582	91863	2370108	25.72
1980-1984	58	0.00706	0.00704	0.5	91572	644	91250	2278245	24.88
1980-1984	59	0.00771	0.00769	0.5	90928	699	90579	2186995	24.05
1980-1984	60	0.00806	0.00803	0.5	90229	724	89867	2096416	23.23
1980-1984	61	0.00873	0.00869	0.5	89505	778	89116	2006549	22.42
1980-1984	62	0.01009	0.01004	0.5	88727	891	88282	1917433	21.61
1980-1984	63	0.01052	0.01047	0.5	87836	919	87377	1829152	20.82
1980-1984	64	0.01166	0.01159	0.5	86917	1007	86413	1741775	20.04
1980-1984	65	0.01251	0.01243	0.5	85910	1068	85376	1655361	19.27
1980-1984	66	0.01350	0.01341	0.5	84842	1138	84273	1569985	18.50
1980-1984	67	0.01481	0.01470	0.5	83705	1230	83089	1485712	17.75
1980-1984	68	0.01650	0.01637	0.5	82474	1350	81799	1402623	17.01
1980-1984	69	0.01797	0.01781	0.5	81124	1445	80402	1320823	16.28
1980-1984	70	0.01986	0.01967	0.5	79680	1567	78896	1240422	15.57
1980-1984	71	0.02073	0.02052	0.5	78113	1603	77311	1161525	14.87
1980-1984	72	0.02340	0.02313	0.5	76510	1770	75625	1084214	14.17
1980-1984	73	0.02548	0.02516	0.5	74740	1881	73800	1008589	13.49
1980-1984	74	0.02731	0.02694	0.5	72860	1963	71878	934789	12.83
1980-1984	75	0.03061	0.03015	0.5	70897	2138	69828	862911	12.17
1980-1984	76	0.03376	0.03320	0.5	68759	2283	67617	793083	11.53
1980-1984	77	0.03701	0.03634	0.5	66476	2416	65268	725466	10.91
1980-1984	78	0.04052	0.03972	0.5	64060	2544	62788	660198	10.31
1980-1984	79	0.04613	0.04509	0.5	61516	2774	60129	597410	9.71
1980-1984	80	0.05157	0.05027	0.5	58742	2953	57266	537281	9.15
1980-1984	81	0.05821	0.05656	0.5	55789	3155	54211	480015	8.60
1980-1984	82	0.06343	0.06148	0.5	52634	3236	51016	425804	8.09
1980-1984	83	0.07208	0.06957	0.5	49398	3437	47679	374788	7.59
1980-1984	84	0.07883	0.07584	0.5	45961	3486	44218	327109	7.12
1980-1984	85	0.08779	0.08410	0.5	42475	3572	40689	282890	6.66
1980-1984	86	0.10021	0.09543	0.5	38903	3713	37047	242201	6.23
1980-1984	87	0.10926	0.10360	0.5	35191	3646	33368	205154	5.83
1980-1984	88	0.12022	0.11340	0.5	31545	3577	29757	171786	5.45
1980-1984	89	0.13405	0.12563	0.5	27968	3514	26211	142029	5.08
1980-1984	90	0.15001	0.13955	0.5	24454	3412	22748	115818	4.74
1980-1984	91	0.16514	0.15254	0.5	21042	3210	19437	93070	4.42
1980-1984	92	0.18042	0.16549	0.5	17832	2951	16357	73633	4.13
1980-1984	93	0.20450	0.18553	0.5	14881	2761	13501	57277	3.85
1980-1984	94	0.21803	0.19660	0.5	12120	2383	10929	43776	3.61
1980-1984	95	0.23954	0.21392	0.5	9737	2083	8696	32847	3.37
1980-1984	96	0.26156	0.23131	0.5	7654	1771	6769	24152	3.16
1980-1984	97	0.28485	0.24933	0.5	5884	1467	5150	17382	2.95
1980-1984	98	0.30934	0.26790	0.5	4417	1183	3825	12232	2.77
1980-1984	99	0.33495	0.28690	0.5	3234	928	2770	8407	2.60
1980-1984	100	0.36157	0.30621	0.5	2306	706	1953	5637	2.44
1980-1984	101	0.38906	0.32570	0.5	1600	521	1339	3685	2.30
1980-1984	102	0.41729	0.34525	0.5	1079	372	892	2345	2.17
1980-1984	103	0.44606	0.36472	0.5	706	258	577	1453	2.06
1980-1984	104	0.47520	0.38397	0.5	449	172	363	875	1.95
1980-1984	105	0.50451	0.40288	0.5	276	111	221	513	1.86
1980-1984	106	0.53379	0.42134	0.5	165	70	130	292	1.77
1980-1984	107	0.56284	0.43923	0.5	96	42	75	162	1.69
1980-1984	108	0.59146	0.45647	0.5	54	24	41	87	1.63
1980-1984	109	0.61948	0.47298	0.5	29	14	22	46	1.58
1980-1984	110+	0.64672	1.00000	1.55	15	15	24	24	1.55
1985-1989	0	0.00805	0.00799	0.08	100000	799	99262	7963763	79.64
1985-1989	1	0.00073	0.00073	0.5	99201	72	99165	7864501	79.28
1985-1989	2	0.00046	0.00046	0.5	99129	45	99106	7765336	78.34
1985-1989	3	0.00032	0.00032	0.5	99084	32	99067	7666229	77.37
1985-1989	4	0.00026	0.00026	0.5	99051	25	99039	7567162	76.40
1985-1989	5	0.00022	0.00022	0.5	99026	21	99015	7468123	75.42
1985-1989	6	0.00022	0.00022	0.5	99005	21	98994	7369108	74.43
1985-1989	7	0.00016	0.00016	0.5	98983	16	98975	7270114	73.45
1985-1989	8	0.00016	0.00016	0.5	98967	16	98960	7171139	72.46
1985-1989	9	0.00022	0.00022	0.5	98952	21	98941	7072179	71.47
1985-1989	10	0.00014	0.00014	0.5	98930	14	98923	6973238	70.49
1985-1989	11	0.00013	0.00013	0.5	98916	13	98910	6874315	69.50
1985-1989	12	0.00016	0.00016	0.5	98903	16	98895	6775405	68.51
1985-1989	13	0.00020	0.00020	0.5	98887	19	98877	6676510	67.52
1985-1989	14	0.00026	0.00026	0.5	98868	26	98855	6577632	66.53
1985-1989	15	0.00035	0.00035	0.5	98842	35	98824	6478778	65.55
1985-1989	16	0.00052	0.00052	0.5	98807	51	98781	6379953	64.57
1985-1989	17	0.00054	0.00054	0.5	98755	53	98729	6281172	63.60
1985-1989	18	0.00063	0.00063	0.5	98702	62	98671	6182443	62.64
1985-1989	19	0.00050	0.00050	0.5	98640	49	98615	6083772	61.68
1985-1989	20	0.00047	0.00047	0.5	98591	46	98568	5985157	60.71
1985-1989	21	0.00047	0.00047	0.5	98544	46	98521	5886589	59.74
1985-1989	22	0.00040	0.00040	0.5	98498	39	98478	5788068	58.76
1985-1989	23	0.00045	0.00045	0.5	98459	44	98437	5689590	57.79
1985-1989	24	0.00049	0.00049	0.5	98415	48	98391	5591153	56.81
1985-1989	25	0.00048	0.00048	0.5	98367	47	98343	5492762	55.84
1985-1989	26	0.00047	0.00047	0.5	98320	46	98297	5394419	54.87
1985-1989	27	0.00047	0.00047	0.5	98274	46	98251	5296122	53.89
1985-1989	28	0.00056	0.00056	0.5	98228	55	98200	5197871	52.92
1985-1989	29	0.00057	0.00057	0.5	98173	56	98145	5099671	51.95
1985-1989	30	0.00051	0.00051	0.5	98117	50	98092	5001526	50.98
1985-1989	31	0.00059	0.00059	0.5	98067	58	98038	4903434	50.00
1985-1989	32	0.00066	0.00066	0.5	98009	65	97977	4805396	49.03
1985-1989	33	0.00065	0.00065	0.5	97944	64	97913	4707419	48.06
1985-1989	34	0.00065	0.00065	0.5	97881	64	97849	4609507	47.09
1985-1989	35	0.00075	0.00075	0.5	97817	73	97780	4511658	46.12
1985-1989	36	0.00080	0.00080	0.5	97744	78	97704	4413878	45.16
1985-1989	37	0.00089	0.00089	0.5	97665	87	97622	4316174	44.19
1985-1989	38	0.00106	0.00106	0.5	97578	104	97526	4218552	43.23
1985-1989	39	0.00104	0.00104	0.5	97474	101	97424	4121025	42.28
1985-1989	40	0.00117	0.00117	0.5	97373	114	97316	4023602	41.32
1985-1989	41	0.00129	0.00128	0.5	97259	125	97196	3926286	40.37
1985-1989	42	0.00152	0.00152	0.5	97134	147	97060	3829089	39.42
1985-1989	43	0.00159	0.00159	0.5	96987	154	96910	3732029	38.48
1985-1989	44	0.00164	0.00164	0.5	96833	159	96753	3635119	37.54
1985-1989	45	0.00185	0.00185	0.5	96674	179	96584	3538366	36.60
1985-1989	46	0.00212	0.00212	0.5	96495	204	96393	3441782	35.67
1985-1989	47	0.00239	0.00238	0.5	96290	230	96176	3345390	34.74
1985-1989	48	0.00273	0.00272	0.5	96061	261	95930	3249214	33.82
1985-1989	49	0.00286	0.00285	0.5	95799	274	95663	3153284	32.92
1985-1989	50	0.00317	0.00317	0.5	95526	303	95374	3057621	32.01
1985-1989	51	0.00360	0.00360	0.5	95223	342	95052	2962247	31.11
1985-1989	52	0.00405	0.00404	0.5	94881	383	94689	2867195	30.22
1985-1989	53	0.00443	0.00442	0.5	94497	418	94289	2772506	29.34
1985-1989	54	0.00485	0.00484	0.5	94080	455	93852	2678218	28.47
1985-1989	55	0.00523	0.00522	0.5	93624	489	93380	2584366	27.60
1985-1989	56	0.00569	0.00568	0.5	93136	529	92871	2490986	26.75
1985-1989	57	0.00598	0.00597	0.5	92607	553	92331	2398114	25.90
1985-1989	58	0.00718	0.00715	0.5	92055	658	91725	2305783	25.05
1985-1989	59	0.00726	0.00723	0.5	91396	661	91066	2214058	24.22
1985-1989	60	0.00777	0.00774	0.5	90735	702	90384	2122992	23.40
1985-1989	61	0.00919	0.00915	0.5	90033	824	89621	2032609	22.58
1985-1989	62	0.00992	0.00987	0.5	89209	880	88768	1942988	21.78
1985-1989	63	0.01067	0.01061	0.5	88328	938	87859	1854220	20.99
1985-1989	64	0.01160	0.01153	0.5	87391	1008	86887	1766360	20.21
1985-1989	65	0.01235	0.01228	0.5	86383	1060	85853	1679474	19.44
1985-1989	66	0.01361	0.01352	0.5	85322	1153	84746	1593621	18.68
1985-1989	67	0.01442	0.01432	0.5	84169	1205	83566	1508875	17.93
1985-1989	68	0.01593	0.01581	0.5	82964	1311	82308	1425309	17.18
1985-1989	69	0.01722	0.01708	0.5	81652	1394	80955	1343001	16.45
1985-1989	70	0.01865	0.01847	0.5	80258	1483	79517	1262046	15.72
1985-1989	71	0.02048	0.02027	0.5	78775	1597	77977	1182529	15.01
1985-1989	72	0.02349	0.02322	0.5	77179	1792	76283	1104552	14.31
1985-1989	73	0.02610	0.02577	0.5	75387	1942	74415	1028269	13.64
1985-1989	74	0.02722	0.02686	0.5	73444	1972	72458	953854	12.99
1985-1989	75	0.03006	0.02962	0.5	71472	2117	70414	881396	12.33
1985-1989	76	0.03261	0.03209	0.5	69355	2225	68243	810982	11.69
1985-1989	77	0.03525	0.03464	0.5	67130	2325	65967	742740	11.06
1985-1989	78	0.03904	0.03830	0.5	64805	2482	63564	676772	10.44
1985-1989	79	0.04479	0.04381	0.5	62323	2730	60958	613209	9.84
1985-1989	80	0.04978	0.04857	0.5	59593	2895	58145	552251	9.27
1985-1989	81	0.05570	0.05419	0.5	56698	3073	55162	494105	8.71
1985-1989	82	0.06171	0.05986	0.5	53625	3210	52020	438944	8.19
1985-1989	83	0.06784	0.06562	0.5	50415	3308	48761	386923	7.67
1985-1989	84	0.07535	0.07261	0.5	47107	3421	45397	338162	7.18
1985-1989	85	0.08588	0.08234	0.5	43687	3597	41888	292765	6.70
1985-1989	86	0.09651	0.09207	0.5	40089	3691	38244	250877	6.26
1985-1989	87	0.10627	0.10090	0.5	36398	3673	34562	212633	5.84
1985-1989	88	0.11932	0.11261	0.5	32725	3685	30883	178072	5.44
1985-1989	89	0.13283	0.12456	0.5	29040	3617	27232	147189	5.07
1985-1989	90	0.14738	0.13727	0.5	25423	3490	23678	119957	4.72
1985-1989	91	0.16523	0.15262	0.5	21933	3348	20260	96278	4.39
1985-1989	92	0.18233	0.16709	0.5	18586	3106	17033	76019	4.09
1985-1989	93	0.20309	0.18436	0.5	15480	2854	14053	58986	3.81
1985-1989	94	0.22451	0.20185	0.5	12626	2549	11352	44932	3.56
1985-1989	95	0.24171	0.21565	0.5	10078	2173	8991	33580	3.33
1985-1989	96	0.26471	0.23377	0.5	7904	1848	6980	24589	3.11
1985-1989	97	0.28906	0.25256	0.5	6057	1530	5292	17609	2.91
1985-1989	98	0.31470	0.27191	0.5	4527	1231	3911	12317	2.72
1985-1989	99	0.34151	0.29170	0.5	3296	961	2815	8406	2.55
1985-1989	100	0.36938	0.31179	0.5	2335	728	1971	5590	2.39
1985-1989	101	0.39815	0.33204	0.5	1607	533	1340	3620	2.25
1985-1989	102	0.42763	0.35231	0.5	1073	378	884	2280	2.12
1985-1989	103	0.45764	0.37243	0.5	695	259	566	1396	2.01
1985-1989	104	0.48797	0.39226	0.5	436	171	351	830	1.90
1985-1989	105	0.51838	0.41168	0.5	265	109	211	480	1.81
1985-1989	106	0.54865	0.43054	0.5	156	67	122	269	1.72
1985-1989	107	0.57857	0.44875	0.5	89	40	69	147	1.65
1985-1989	108	0.60792	0.46621	0.5	49	23	38	78	1.59
1985-1989	109	0.63652	0.48285	0.5	26	13	20	40	1.54
1985-1989	110+	0.66418	1.00000	1.51	14	14	20	20	1.51
1990-1994	0	0.00724	0.00719	0.07	100000	719	99333	8011371	80.11
1990-1994	1	0.00060	0.00060	0.5	99281	60	99251	7912038	79.69
1990-1994	2	0.00038	0.00038	0.5	99221	38	99202	7812787	78.74
1990-1994	3	0.00025	0.00025	0.5	99183	24	99170	7713585	77.77
1990-1994	4	0.00021	0.00021	0.5	99158	21	99148	7614415	76.79
1990-1994	5	0.00022	0.00022	0.5	99137	22	99126	7515267	75.81
1990-1994	6	0.00017	0.00017	0.5	99115	16	99107	7416141	74.82
1990-1994	7	0.00017	0.00017	0.5	99099	17	99090	7317034	73.84
1990-1994	8	0.00015	0.00015	0.5	99082	15	99075	7217943	72.85
1990-1994	9	0.00015	0.00015	0.5	99067	14	99060	7118869	71.86
1990-1994	10	0.00014	0.00014	0.5	99053	14	99046	7019808	70.87
1990-1994	11	0.00015	0.00015	0.5	99039	15	99032	6920762	69.88
1990-1994	12	0.00020	0.00020	0.5	99024	20	99014	6821730	68.89
1990-1994	13	0.00018	0.00018	0.5	99004	18	98995	6722716	67.90
1990-1994	14	0.00028	0.00028	0.5	98986	28	98973	6623721	66.92
1990-1994	15	0.00033	0.00033	0.5	98959	32	98943	6524749	65.93
1990-1994	16	0.00050	0.00050	0.5	98926	49	98902	6425806	64.96
1990-1994	17	0.00053	0.00053	0.5	98877	52	98851	6326904	63.99
1990-1994	18	0.00052	0.00052	0.5	98825	51	98799	6228053	63.02
1990-1994	19	0.00049	0.00049	0.5	98773	49	98749	6129254	62.05
1990-1994	20	0.00047	0.00047	0.5	98725	47	98701	6030505	61.08
1990-1994	21	0.00047	0.00047	0.5	98678	46	98655	5931804	60.11
1990-1994	22	0.00040	0.00040	0.5	98632	39	98612	5833149	59.14
1990-1994	23	0.00043	0.00043	0.5	98592	42	98571	5734537	58.16
1990-1994	24	0.00047	0.00047	0.5	98550	46	98527	5635965	57.19
1990-1994	25	0.00047	0.00047	0.5	98504	47	98481	5537438	56.22
1990-1994	26	0.00049	0.00049	0.5	98457	48	98434	5438957	55.24
1990-1994	27	0.00049	0.00049	0.5	98410	48	98385	5340524	54.27
1990-1994	28	0.00056	0.00056	0.5	98361	55	98333	5242138	53.29
1990-1994	29	0.00057	0.00057	0.5	98306	56	98278	5143805	52.32
1990-1994	30	0.00057	0.00057	0.5	98250	56	98222	5045527	51.35
1990-1994	31	0.00063	0.00063	0.5	98194	61	98163	4947305	50.38
1990-1994	32	0.00063	0.00063	0.5	98132	62	98101	4849142	49.41
1990-1994	33	0.00069	0.00069	0.5	98070	68	98037	4751041	48.45
1990-1994	34	0.00072	0.00072	0.5	98003	70	97968	4653005	47.48
1990-1994	35	0.00074	0.00074	0.5	97933	73	97896	4555037	46.51
1990-1994	36	0.00089	0.00089	0.5	97860	87	97816	4457141	45.55
1990-1994	37	0.00090	0.00090	0.5	97773	88	97729	4359324	44.59
1990-1994	38	0.00101	0.00101	0.5	97684	99	97635	4261596	43.63
1990-1994	39	0.00103	0.00103	0.5	97585	100	97535	4163961	42.67
1990-1994	40	0.00112	0.00112	0.5	97485	109	97431	4066425	41.71
1990-1994	41	0.00118	0.00118	0.5	97376	115	97318	3968995	40.76
1990-1994	42	0.00139	0.00139	0.5	97261	135	97194	3871677	39.81
1990-1994	43	0.00144	0.00144	0.5	97126	140	97056	3774483	38.86
1990-1994	44	0.00160	0.00160	0.5	96986	155	96909	3677427	37.92
1990-1994	45	0.00179	0.00179	0.5	96831	173	96745	3580518	36.98
1990-1994	46	0.00196	0.00196	0.5	96658	189	96563	3483773	36.04
1990-1994	47	0.00228	0.00228	0.5	96469	220	96359	3387210	35.11
1990-1994	48	0.00266	0.00266	0.5	96249	256	96121	3290851	34.19
1990-1994	49	0.00254	0.00253	0.5	95993	243	95871	3194731	33.28
1990-1994	50	0.00313	0.00312	0.5	95750	299	95600	3098859	32.36
1990-1994	51	0.00331	0.00330	0.5	95451	315	95293	3003259	31.46
1990-1994	52	0.00385	0.00384	0.5	95136	366	94953	2907966	30.57
1990-1994	53	0.00416	0.00415	0.5	94770	393	94573	2813013	29.68
1990-1994	54	0.00437	0.00436	0.5	94377	411	94171	2718439	28.80
1990-1994	55	0.00496	0.00495	0.5	93965	465	93733	2624269	27.93
1990-1994	56	0.00545	0.00543	0.5	93500	508	93247	2530536	27.06
1990-1994	57	0.00599	0.00597	0.5	92993	556	92715	2437289	26.21
1990-1994	58	0.00674	0.00671	0.5	92437	621	92127	2344574	25.36
1990-1994	59	0.00706	0.00703	0.5	91816	646	91494	2252448	24.53
1990-1994	60	0.00770	0.00767	0.5	91171	699	90821	2160954	23.70
1990-1994	61	0.00869	0.00865	0.5	90472	783	90080	2070133	22.88
1990-1994	62	0.00954	0.00949	0.5	89689	851	89263	1980052	22.08
1990-1994	63	0.01041	0.01036	0.5	88838	920	88378	1890789	21.28
1990-1994	64	0.01108	0.01102	0.5	87918	969	87433	1802411	20.50
1990-1994	65	0.01167	0.01161	0.5	86949	1009	86444	1714978	19.72
1990-1994	66	0.01317	0.01309	0.5	85939	1125	85377	1628534	18.95
1990-1994	67	0.01445	0.01434	0.5	84815	1216	84206	1543157	18.19
1990-1994	68	0.01601	0.01588	0.5	83598	1327	82935	1458951	17.45
1990-1994	69	0.01729	0.01714	0.5	82271	1410	81566	1376016	16.73
1990-1994	70	0.01847	0.01831	0.5	80861	1480	80120	1294450	16.01
1990-1994	71	0.02024	0.02004	0.5	79380	1591	78585	1214330	15.30
1990-1994	72	0.02208	0.02184	0.5	77790	1699	76940	1135745	14.60
1990-1994	73	0.02438	0.02408	0.5	76091	1833	75174	1058804	13.92
1990-1994	74	0.02660	0.02625	0.5	74258	1950	73283	983630	13.25
1990-1994	75	0.02849	0.02809	0.5	72309	2031	71293	910347	12.59
1990-1994	76	0.03181	0.03131	0.5	70278	2200	69177	839054	11.94
1990-1994	77	0.03441	0.03383	0.5	68077	2303	66926	769876	11.31
1990-1994	78	0.03689	0.03622	0.5	65774	2382	64583	702951	10.69
1990-1994	79	0.04243	0.04155	0.5	63392	2634	62075	638367	10.07
1990-1994	80	0.04748	0.04638	0.5	60758	2818	59349	576292	9.49
1990-1994	81	0.05256	0.05122	0.5	57940	2968	56456	516943	8.92
1990-1994	82	0.05990	0.05816	0.5	54972	3197	53374	460487	8.38
1990-1994	83	0.06609	0.06398	0.5	51775	3313	50119	407113	7.86
1990-1994	84	0.07321	0.07062	0.5	48463	3422	46751	356994	7.37
1990-1994	85	0.08137	0.07819	0.5	45040	3522	43279	310243	6.89
1990-1994	86	0.09238	0.08830	0.5	41518	3666	39685	266964	6.43
1990-1994	87	0.10258	0.09757	0.5	37852	3693	36006	227279	6.00
1990-1994	88	0.11392	0.10778	0.5	34159	3682	32318	191273	5.60
1990-1994	89	0.12537	0.11798	0.5	30477	3596	28679	158955	5.22
1990-1994	90	0.14067	0.13143	0.5	26882	3533	25115	130276	4.85
1990-1994	91	0.15651	0.14515	0.5	23349	3389	21654	105161	4.50
1990-1994	92	0.17638	0.16209	0.5	19959	3235	18342	83507	4.18
1990-1994	93	0.19352	0.17645	0.5	16724	2951	15249	65165	3.90
1990-1994	94	0.21957	0.19785	0.5	13773	2725	12411	49916	3.62
1990-1994	95	0.23533	0.21056	0.5	11048	2326	9885	37505	3.39
1990-1994	96	0.25815	0.22864	0.5	8722	1994	7725	27620	3.17
1990-1994	97	0.28236	0.24742	0.5	6728	1665	5896	19895	2.96
1990-1994	98	0.30789	0.26682	0.5	5063	1351	4388	14000	2.76
1990-1994	99	0.33466	0.28669	0.5	3712	1064	3180	9612	2.59
1990-1994	100	0.36254	0.30691	0.5	2648	813	2242	6432	2.43
1990-1994	101	0.39138	0.32733	0.5	1835	601	1535	4190	2.28
1990-1994	102	0.42099	0.34779	0.5	1235	429	1020	2655	2.15
1990-1994	103	0.45119	0.36814	0.5	805	296	657	1635	2.03
1990-1994	104	0.48175	0.38823	0.5	509	198	410	978	1.92
1990-1994	105	0.51244	0.40792	0.5	311	127	248	568	1.83
1990-1994	106	0.54304	0.42708	0.5	184	79	145	321	1.74
1990-1994	107	0.57332	0.44559	0.5	106	47	82	176	1.66
1990-1994	108	0.60306	0.46335	0.5	59	27	45	94	1.60
1990-1994	109	0.63206	0.48028	0.5	31	15	24	49	1.55
1990-1994	110+	0.66013	1.00000	1.51	16	16	25	25	1.51
1995-1999	0	0.00638	0.00634	0.07	100000	634	99411	8011488	80.11
1995-1999	1	0.00046	0.00046	0.5	99366	46	99343	7912077	79.63
1995-1999	2	0.00030	0.00030	0.5	99320	30	99305	7812733	78.66
1995-1999	3	0.00027	0.00027	0.5	99290	27	99277	7713429	77.69
1995-1999	4	0.00020	0.00020	0.5	99263	20	99253	7614152	76.71
1995-1999	5	0.00018	0.00018	0.5	99243	17	99234	7514899	75.72
1995-1999	6	0.00015	0.00015	0.5	99225	15	99218	7415665	74.74
1995-1999	7	0.00017	0.00017	0.5	99211	17	99202	7316447	73.75
1995-1999	8	0.00012	0.00012	0.5	99194	12	99188	7217244	72.76
1995-1999	9	0.00014	0.00014	0.5	99182	14	99175	7118057	71.77
1995-1999	10	0.00015	0.00015	0.5	99168	15	99161	7018882	70.78
1995-1999	11	0.00017	0.00017	0.5	99153	17	99145	6919721	69.79
1995-1999	12	0.00016	0.00016	0.5	99136	16	99128	6820576	68.80
1995-1999	13	0.00017	0.00017	0.5	99120	17	99111	6721448	67.81
1995-1999	14	0.00027	0.00027	0.5	99103	27	99090	6622337	66.82
1995-1999	15	0.00034	0.00034	0.5	99076	34	99059	6523247	65.84
1995-1999	16	0.00053	0.00053	0.5	99042	52	99016	6424188	64.86
1995-1999	17	0.00048	0.00048	0.5	98990	47	98966	6325172	63.90
1995-1999	18	0.00050	0.00050	0.5	98943	50	98918	6226206	62.93
1995-1999	19	0.00047	0.00047	0.5	98893	46	98870	6127288	61.96
1995-1999	20	0.00047	0.00047	0.5	98847	47	98823	6028418	60.99
1995-1999	21	0.00047	0.00047	0.5	98800	46	98777	5929595	60.02
1995-1999	22	0.00047	0.00047	0.5	98754	46	98731	5830818	59.04
1995-1999	23	0.00041	0.00041	0.5	98708	41	98687	5732087	58.07
1995-1999	24	0.00045	0.00045	0.5	98667	45	98645	5633400	57.10
1995-1999	25	0.00045	0.00045	0.5	98622	45	98600	5534755	56.12
1995-1999	26	0.00049	0.00049	0.5	98578	48	98554	5436155	55.15
1995-1999	27	0.00052	0.00052	0.5	98529	52	98504	5337601	54.17
1995-1999	28	0.00050	0.00050	0.5	98478	49	98453	5239098	53.20
1995-1999	29	0.00055	0.00055	0.5	98429	54	98402	5140645	52.23
1995-1999	30	0.00060	0.00060	0.5	98375	59	98345	5042243	51.26
1995-1999	31	0.00064	0.00064	0.5	98316	63	98285	4943897	50.29
1995-1999	32	0.00068	0.00068	0.5	98253	67	98220	4845613	49.32
1995-1999	33	0.00070	0.00070	0.5	98186	69	98152	4747393	48.35
1995-1999	34	0.00081	0.00081	0.5	98117	79	98078	4649241	47.38
1995-1999	35	0.00084	0.00084	0.5	98038	82	97997	4551163	46.42
1995-1999	36	0.00093	0.00093	0.5	97956	91	97910	4453166	45.46
1995-1999	37	0.00099	0.00099	0.5	97864	97	97816	4355256	44.50
1995-1999	38	0.00103	0.00103	0.5	97767	100	97717	4257441	43.55
1995-1999	39	0.00108	0.00108	0.5	97667	105	97615	4159723	42.59
1995-1999	40	0.00117	0.00117	0.5	97562	114	97505	4062109	41.64
1995-1999	41	0.00137	0.00137	0.5	97448	134	97381	3964604	40.68
1995-1999	42	0.00144	0.00144	0.5	97314	140	97244	3867223	39.74
1995-1999	43	0.00158	0.00158	0.5	97174	154	97098	3769978	38.80
1995-1999	44	0.00171	0.00171	0.5	97021	166	96938	3672881	37.86
1995-1999	45	0.00181	0.00181	0.5	96855	175	96768	3575943	36.92
1995-1999	46	0.00191	0.00191	0.5	96680	185	96588	3479175	35.99
1995-1999	47	0.00217	0.00217	0.5	96495	209	96391	3382587	35.05
1995-1999	48	0.00241	0.00241	0.5	96286	232	96170	3286196	34.13
1995-1999	49	0.00255	0.00255	0.5	96054	245	95932	3190026	33.21
1995-1999	50	0.00279	0.00278	0.5	95809	267	95676	3094095	32.29
1995-1999	51	0.00329	0.00329	0.5	95543	314	95386	2998419	31.38
1995-1999	52	0.00349	0.00348	0.5	95229	332	95063	2903033	30.48
1995-1999	53	0.00397	0.00396	0.5	94897	376	94709	2807970	29.59
1995-1999	54	0.00420	0.00419	0.5	94521	396	94323	2713261	28.71
1995-1999	55	0.00474	0.00473	0.5	94125	445	93902	2618938	27.82
1995-1999	56	0.00535	0.00533	0.5	93679	500	93430	2525036	26.95
1995-1999	57	0.00593	0.00592	0.5	93180	551	92904	2431607	26.10
1995-1999	58	0.00632	0.00630	0.5	92628	583	92337	2338702	25.25
1995-1999	59	0.00679	0.00677	0.5	92045	623	91734	2246366	24.40
1995-1999	60	0.00775	0.00772	0.5	91422	706	91069	2154632	23.57
1995-1999	61	0.00855	0.00851	0.5	90717	772	90331	2063562	22.75
1995-1999	62	0.00951	0.00946	0.5	89944	851	89519	1973232	21.94
1995-1999	63	0.01047	0.01041	0.5	89093	928	88629	1883713	21.14
1995-1999	64	0.01102	0.01096	0.5	88165	966	87682	1795084	20.36
1995-1999	65	0.01238	0.01230	0.5	87199	1073	86663	1707401	19.58
1995-1999	66	0.01321	0.01313	0.5	86127	1131	85562	1620738	18.82
1995-1999	67	0.01408	0.01398	0.5	84996	1189	84402	1535177	18.06
1995-1999	68	0.01542	0.01530	0.5	83808	1283	83166	1450775	17.31
1995-1999	69	0.01716	0.01701	0.5	82525	1404	81823	1367608	16.57
1995-1999	70	0.01812	0.01795	0.5	81121	1456	80393	1285785	15.85
1995-1999	71	0.02065	0.02044	0.5	79665	1628	78851	1205392	15.13
1995-1999	72	0.02282	0.02256	0.5	78037	1761	77156	1126542	14.44
1995-1999	73	0.02441	0.02411	0.5	76276	1839	75356	1049385	13.76
1995-1999	74	0.02642	0.02608	0.5	74437	1941	73466	974029	13.09
1995-1999	75	0.02788	0.02749	0.5	72495	1993	71499	900563	12.42
1995-1999	76	0.03097	0.03050	0.5	70502	2150	69427	829065	11.76
1995-1999	77	0.03473	0.03414	0.5	68352	2333	67185	759638	11.11
1995-1999	78	0.03853	0.03780	0.5	66018	2495	64771	692453	10.49
1995-1999	79	0.04295	0.04205	0.5	63523	2671	62187	627682	9.88
1995-1999	80	0.04822	0.04709	0.5	60852	2865	59419	565495	9.29
1995-1999	81	0.05368	0.05228	0.5	57987	3032	56471	506075	8.73
1995-1999	82	0.06065	0.05886	0.5	54955	3235	53338	449605	8.18
1995-1999	83	0.06690	0.06473	0.5	51720	3348	50046	396267	7.66
1995-1999	84	0.07533	0.07260	0.5	48372	3512	46616	346221	7.16
1995-1999	85	0.08471	0.08127	0.5	44861	3646	43038	299605	6.68
1995-1999	86	0.09480	0.09051	0.5	41215	3730	39350	256567	6.23
1995-1999	87	0.10729	0.10183	0.5	37485	3817	35576	217217	5.79
1995-1999	88	0.11847	0.11184	0.5	33667	3765	31785	181641	5.40
1995-1999	89	0.13266	0.12441	0.5	29902	3720	28042	149856	5.01
1995-1999	90	0.14831	0.13808	0.5	26182	3615	24374	121814	4.65
1995-1999	91	0.16748	0.15454	0.5	22567	3487	20823	97440	4.32
1995-1999	92	0.18193	0.16676	0.5	19079	3182	17489	76617	4.02
1995-1999	93	0.20771	0.18817	0.5	15898	2991	14402	59129	3.72
1995-1999	94	0.22957	0.20593	0.5	12906	2658	11577	44727	3.47
1995-1999	95	0.24934	0.22170	0.5	10248	2272	9112	33149	3.23
1995-1999	96	0.27386	0.24088	0.5	7976	1921	7016	24037	3.01
1995-1999	97	0.29983	0.26074	0.5	6055	1579	5266	17021	2.81
1995-1999	98	0.32716	0.28116	0.5	4476	1259	3847	11756	2.63
1995-1999	99	0.35570	0.30199	0.5	3218	972	2732	7909	2.46
1995-1999	100	0.38532	0.32307	0.5	2246	726	1883	5177	2.31
1995-1999	101	0.41580	0.34424	0.5	1520	523	1259	3294	2.17
1995-1999	102	0.44695	0.36531	0.5	997	364	815	2035	2.04
1995-1999	103	0.47852	0.38613	0.5	633	244	511	1221	1.93
1995-1999	104	0.51026	0.40654	0.5	388	158	309	710	1.83
1995-1999	105	0.54192	0.42638	0.5	231	98	181	400	1.74
1995-1999	106	0.57324	0.44554	0.5	132	59	103	219	1.66
1995-1999	107	0.60398	0.46389	0.5	73	34	56	116	1.59
1995-1999	108	0.63393	0.48136	0.5	39	19	30	60	1.53
1995-1999	109	0.66288	0.49786	0.5	20	10	15	30	1.48
1995-1999	110+	0.69065	1.00000	1.45	10	10	15	15	1.45
2000-2004	0	0.00578	0.00575	0.07	100000	575	99464	8043188	80.43
2000-2004	1	0.00047	0.00047	0.5	99425	46	99401	7943724	79.90
2000-2004	2	0.00032	0.00032	0.5	99378	32	99362	7844322	78.93
2000-2004	3	0.00020	0.00020	0.5	99347	20	99337	7744960	77.96
2000-2004	4	0.00018	0.00018	0.5	99327	17	99318	7645623	76.97
2000-2004	5	0.00019	0.00019	0.5	99309	19	99300	7546305	75.99
2000-2004	6	0.00015	0.00015	0.5	99290	15	99283	7447005	75.00
2000-2004	7	0.00015	0.00015	0.5	99276	15	99268	7347722	74.01
2000-2004	8	0.00014	0.00014	0.5	99260	14	99253	7248454	73.02
2000-2004	9	0.00013	0.00013	0.5	99247	13	99240	7149201	72.03
2000-2004	10	0.00016	0.00016	0.5	99234	16	99226	7049961	71.04
2000-2004	11	0.00014	0.00014	0.5	99218	13	99211	6950735	70.06
2000-2004	12	0.00013	0.00013	0.5	99205	13	99198	6851523	69.06
2000-2004	13	0.00020	0.00020	0.5	99192	20	99182	6752325	68.07
2000-2004	14	0.00024	0.00024	0.5	99172	24	99160	6653143	67.09
2000-2004	15	0.00033	0.00033	0.5	99148	32	99132	6553983	66.10
2000-2004	16	0.00045	0.00045	0.5	99116	44	99093	6454851	65.12
2000-2004	17	0.00044	0.00044	0.5	99071	44	99049	6355758	64.15
2000-2004	18	0.00045	0.00045	0.5	99027	44	99005	6256709	63.18
2000-2004	19	0.00043	0.00043	0.5	98983	42	98962	6157704	62.21
2000-2004	20	0.00044	0.00044	0.5	98940	44	98919	6058742	61.24
2000-2004	21	0.00046	0.00046	0.5	98897	45	98874	5959823	60.26
2000-2004	22	0.00046	0.00046	0.5	98852	45	98829	5860949	59.29
2000-2004	23	0.00041	0.00041	0.5	98806	41	98786	5762120	58.32
2000-2004	24	0.00047	0.00047	0.5	98766	47	98742	5663334	57.34
2000-2004	25	0.00047	0.00047	0.5	98719	46	98696	5564592	56.37
2000-2004	26	0.00048	0.00048	0.5	98673	47	98649	5465896	55.39
2000-2004	27	0.00047	0.00047	0.5	98625	47	98602	5367247	54.42
2000-2004	28	0.00053	0.00053	0.5	98578	52	98552	5268645	53.45
2000-2004	29	0.00055	0.00055	0.5	98526	54	98499	5170093	52.47
2000-2004	30	0.00056	0.00056	0.5	98472	55	98445	5071594	51.50
2000-2004	31	0.00054	0.00054	0.5	98417	53	98391	4973149	50.53
2000-2004	32	0.00065	0.00065	0.5	98364	63	98332	4874759	49.56
2000-2004	33	0.00074	0.00074	0.5	98300	73	98264	4776426	48.59
2000-2004	34	0.00073	0.00073	0.5	98228	71	98192	4678162	47.63
2000-2004	35	0.00082	0.00082	0.5	98156	81	98116	4579970	46.66
2000-2004	36	0.00089	0.00089	0.5	98076	87	98032	4481854	45.70
2000-2004	37	0.00101	0.00101	0.5	97989	99	97939	4383822	44.74
2000-2004	38	0.00108	0.00107	0.5	97890	105	97837	4285883	43.78
2000-2004	39	0.00116	0.00116	0.5	97785	114	97728	4188046	42.83
2000-2004	40	0.00125	0.00125	0.5	97671	122	97610	4090318	41.88
2000-2004	41	0.00139	0.00139	0.5	97549	135	97481	3992708	40.93
2000-2004	42	0.00153	0.00153	0.5	97413	149	97339	3895227	39.99
2000-2004	43	0.00171	0.00171	0.5	97264	166	97181	3797888	39.05
2000-2004	44	0.00177	0.00177	0.5	97098	172	97012	3700708	38.11
2000-2004	45	0.00194	0.00194	0.5	96926	188	96832	3603696	37.18
2000-2004	46	0.00212	0.00211	0.5	96738	204	96636	3506864	36.25
2000-2004	47	0.00230	0.00230	0.5	96534	222	96423	3410228	35.33
2000-2004	48	0.00250	0.00250	0.5	96312	240	96191	3313805	34.41
2000-2004	49	0.00257	0.00257	0.5	96071	247	95948	3217614	33.49
2000-2004	50	0.00274	0.00273	0.5	95824	262	95694	3121666	32.58
2000-2004	51	0.00297	0.00297	0.5	95563	283	95421	3025972	31.66
2000-2004	52	0.00339	0.00338	0.5	95279	322	95118	2930551	30.76
2000-2004	53	0.00362	0.00361	0.5	94957	343	94785	2835433	29.86
2000-2004	54	0.00404	0.00403	0.5	94614	382	94423	2740648	28.97
2000-2004	55	0.00441	0.00440	0.5	94232	414	94025	2646225	28.08
2000-2004	56	0.00468	0.00467	0.5	93818	438	93599	2552200	27.20
2000-2004	57	0.00547	0.00546	0.5	93380	510	93125	2458601	26.33
2000-2004	58	0.00580	0.00578	0.5	92870	537	92602	2365476	25.47
2000-2004	59	0.00658	0.00655	0.5	92333	605	92031	2272874	24.62
2000-2004	60	0.00731	0.00728	0.5	91728	668	91394	2180843	23.78
2000-2004	61	0.00781	0.00778	0.5	91060	708	90706	2089449	22.95
2000-2004	62	0.00885	0.00881	0.5	90352	796	89954	1998743	22.12
2000-2004	63	0.00946	0.00942	0.5	89556	844	89134	1908789	21.31
2000-2004	64	0.01075	0.01069	0.5	88713	948	88239	1819654	20.51
2000-2004	65	0.01120	0.01114	0.5	87764	978	87276	1731416	19.73
2000-2004	66	0.01249	0.01242	0.5	86787	1078	86248	1644140	18.94
2000-2004	67	0.01363	0.01354	0.5	85709	1160	85129	1557892	18.18
2000-2004	68	0.01487	0.01476	0.5	84549	1248	83925	1472763	17.42
2000-2004	69	0.01624	0.01611	0.5	83301	1342	82630	1388839	16.67
2000-2004	70	0.01780	0.01764	0.5	81959	1446	81236	1306209	15.94
2000-2004	71	0.02004	0.01984	0.5	80513	1597	79714	1224973	15.21
2000-2004	72	0.02198	0.02174	0.5	78915	1716	78057	1145259	14.51
2000-2004	73	0.02304	0.02278	0.5	77199	1759	76320	1067202	13.82
2000-2004	74	0.02602	0.02569	0.5	75441	1938	74472	990882	13.13
2000-2004	75	0.02859	0.02818	0.5	73503	2072	72467	916411	12.47
2000-2004	76	0.03142	0.03093	0.5	71431	2210	70326	843944	11.81
2000-2004	77	0.03377	0.03321	0.5	69221	2299	68072	773618	11.18
2000-2004	78	0.03711	0.03644	0.5	66922	2438	65703	705546	10.54
2000-2004	79	0.04239	0.04151	0.5	64484	2677	63146	639842	9.92
2000-2004	80	0.04649	0.04543	0.5	61807	2808	60403	576697	9.33
2000-2004	81	0.05160	0.05031	0.5	59000	2968	57515	516293	8.75
2000-2004	82	0.05920	0.05749	0.5	56031	3222	54421	458778	8.19
2000-2004	83	0.06605	0.06394	0.5	52810	3377	51122	404357	7.66
2000-2004	84	0.07385	0.07122	0.5	49433	3520	47673	353236	7.15
2000-2004	85	0.08396	0.08058	0.5	45913	3699	44063	305563	6.66
2000-2004	86	0.09392	0.08971	0.5	42213	3787	40320	261500	6.19
2000-2004	87	0.10515	0.09990	0.5	38426	3839	36507	221180	5.76
2000-2004	88	0.11848	0.11185	0.5	34587	3869	32653	184673	5.34
2000-2004	89	0.13233	0.12412	0.5	30719	3813	28812	152020	4.95
2000-2004	90	0.14873	0.13844	0.5	26906	3725	25044	123208	4.58
2000-2004	91	0.16990	0.15660	0.5	23181	3630	21366	98164	4.23
2000-2004	92	0.18901	0.17269	0.5	19551	3376	17863	76798	3.93
2000-2004	93	0.21132	0.19112	0.5	16175	3091	14629	58935	3.64
2000-2004	94	0.23345	0.20905	0.5	13083	2735	11716	44306	3.39
2000-2004	95	0.25635	0.22722	0.5	10348	2351	9173	32590	3.15
2000-2004	96	0.28236	0.24743	0.5	7997	1979	7008	23417	2.93
2000-2004	97	0.30991	0.26833	0.5	6018	1615	5211	16410	2.73
2000-2004	98	0.33889	0.28978	0.5	4403	1276	3765	11199	2.54
2000-2004	99	0.36912	0.31161	0.5	3127	975	2640	7434	2.38
2000-2004	100	0.40041	0.33362	0.5	2153	718	1794	4794	2.23
2000-2004	101	0.43254	0.35563	0.5	1435	510	1180	3000	2.09
2000-2004	102	0.46524	0.37744	0.5	924	349	750	1820	1.97
2000-2004	103	0.49825	0.39888	0.5	576	230	461	1070	1.86
2000-2004	104	0.53127	0.41977	0.5	346	145	273	610	1.76
2000-2004	105	0.56403	0.43995	0.5	201	88	157	336	1.67
2000-2004	106	0.59623	0.45930	0.5	112	52	87	180	1.60
2000-2004	107	0.62762	0.47771	0.5	61	29	46	93	1.53
2000-2004	108	0.65797	0.49509	0.5	32	16	24	47	1.47
2000-2004	109	0.68709	0.51140	0.5	16	8	12	23	1.43
2000-2004	110+	0.71480	1.00000	1.4	8	8	11	11	1.40
2005-2009	0	0.00577	0.00574	0.07	100000	574	99465	8105126	81.05
2005-2009	1	0.00044	0.00044	0.5	99426	44	99404	8005661	80.52
2005-2009	2	0.00023	0.00023	0.5	99382	23	99370	7906257	79.55
2005-2009	3	0.00021	0.00021	0.5	99359	21	99348	7806887	78.57
2005-2009	4	0.00013	0.00013	0.5	99338	13	99331	7707538	77.59
2005-2009	5	0.00013	0.00013	0.5	99325	13	99318	7608207	76.60
2005-2009	6	0.00012	0.00012	0.5	99312	12	99306	7508889	75.61
2005-2009	7	0.00013	0.00013	0.5	99300	13	99293	7409583	74.62
2005-2009	8	0.00010	0.00010	0.5	99287	10	99282	7310289	73.63
2005-2009	9	0.00011	0.00011	0.5	99277	11	99271	7211008	72.64
2005-2009	10	0.00011	0.00011	0.5	99266	11	99260	7111736	71.64
2005-2009	11	0.00010	0.00010	0.5	99254	10	99249	7012477	70.65
2005-2009	12	0.00011	0.00011	0.5	99244	11	99239	6913227	69.66
2005-2009	13	0.00014	0.00014	0.5	99234	14	99227	6813988	68.67
2005-2009	14	0.00020	0.00020	0.5	99220	20	99210	6714762	67.68
2005-2009	15	0.00027	0.00027	0.5	99200	27	99187	6615552	66.69
2005-2009	16	0.00042	0.00042	0.5	99173	42	99152	6516365	65.71
2005-2009	17	0.00041	0.00041	0.5	99131	41	99111	6417213	64.73
2005-2009	18	0.00045	0.00045	0.5	99090	45	99068	6318102	63.76
2005-2009	19	0.00038	0.00038	0.5	99045	38	99026	6219034	62.79
2005-2009	20	0.00036	0.00036	0.5	99007	36	98989	6120008	61.81
2005-2009	21	0.00041	0.00041	0.5	98971	41	98951	6021019	60.84
2005-2009	22	0.00040	0.00040	0.5	98930	39	98911	5922068	59.86
2005-2009	23	0.00047	0.00047	0.5	98891	47	98868	5823157	58.88
2005-2009	24	0.00048	0.00048	0.5	98845	47	98821	5724289	57.91
2005-2009	25	0.00050	0.00050	0.5	98797	49	98773	5625469	56.94
2005-2009	26	0.00044	0.00044	0.5	98748	44	98726	5526696	55.97
2005-2009	27	0.00052	0.00052	0.5	98704	51	98679	5427970	54.99
2005-2009	28	0.00055	0.00055	0.5	98653	54	98626	5329291	54.02
2005-2009	29	0.00055	0.00055	0.5	98599	54	98572	5230666	53.05
2005-2009	30	0.00064	0.00064	0.5	98545	63	98513	5132094	52.08
2005-2009	31	0.00062	0.00062	0.5	98482	61	98451	5033580	51.11
2005-2009	32	0.00070	0.00070	0.5	98420	69	98386	4935129	50.14
2005-2009	33	0.00074	0.00074	0.5	98351	72	98315	4836744	49.18
2005-2009	34	0.00083	0.00083	0.5	98279	81	98238	4738428	48.21
2005-2009	35	0.00089	0.00089	0.5	98198	87	98154	4640190	47.25
2005-2009	36	0.00084	0.00084	0.5	98110	82	98069	4542036	46.30
2005-2009	37	0.00094	0.00094	0.5	98028	92	97982	4443967	45.33
2005-2009	38	0.00107	0.00107	0.5	97936	105	97884	4345985	44.38
2005-2009	39	0.00119	0.00119	0.5	97832	116	97774	4248101	43.42
2005-2009	40	0.00133	0.00133	0.5	97715	130	97650	4150327	42.47
2005-2009	41	0.00147	0.00147	0.5	97585	144	97513	4052677	41.53
2005-2009	42	0.00152	0.00152	0.5	97441	148	97367	3955164	40.59
2005-2009	43	0.00167	0.00167	0.5	97293	163	97212	3857797	39.65
2005-2009	44	0.00188	0.00188	0.5	97130	183	97039	3760585	38.72
2005-2009	45	0.00202	0.00202	0.5	96948	196	96850	3663546	37.79
2005-2009	46	0.00217	0.00217	0.5	96751	210	96647	3566697	36.86
2005-2009	47	0.00250	0.00250	0.5	96542	241	96421	3470050	35.94
2005-2009	48	0.00256	0.00256	0.5	96300	246	96177	3373629	35.03
2005-2009	49	0.00266	0.00265	0.5	96054	255	95927	3277451	34.12
2005-2009	50	0.00292	0.00292	0.5	95799	280	95659	3181525	33.21
2005-2009	51	0.00315	0.00315	0.5	95520	300	95369	3085865	32.31
2005-2009	52	0.00341	0.00340	0.5	95219	324	95057	2990496	31.41
2005-2009	53	0.00357	0.00356	0.5	94895	338	94727	2895439	30.51
2005-2009	54	0.00377	0.00376	0.5	94558	355	94380	2800712	29.62
2005-2009	55	0.00428	0.00427	0.5	94202	402	94001	2706332	28.73
2005-2009	56	0.00454	0.00453	0.5	93800	425	93587	2612331	27.85
2005-2009	57	0.00482	0.00481	0.5	93375	449	93150	2518744	26.97
2005-2009	58	0.00544	0.00542	0.5	92926	504	92674	2425594	26.10
2005-2009	59	0.00599	0.00597	0.5	92422	552	92146	2332920	25.24
2005-2009	60	0.00665	0.00663	0.5	91870	609	91565	2240774	24.39
2005-2009	61	0.00708	0.00705	0.5	91261	644	90939	2149209	23.55
2005-2009	62	0.00799	0.00796	0.5	90617	721	90257	2058269	22.71
2005-2009	63	0.00902	0.00898	0.5	89896	807	89492	1968013	21.89
2005-2009	64	0.00963	0.00959	0.5	89089	854	88662	1878520	21.09
2005-2009	65	0.01047	0.01042	0.5	88235	919	87775	1789859	20.29
2005-2009	66	0.01159	0.01153	0.5	87315	1006	86812	1702084	19.49
2005-2009	67	0.01262	0.01255	0.5	86309	1083	85767	1615272	18.72
2005-2009	68	0.01384	0.01374	0.5	85226	1171	84640	1529504	17.95
2005-2009	69	0.01481	0.01470	0.5	84055	1236	83437	1444864	17.19
2005-2009	70	0.01666	0.01652	0.5	82819	1368	82135	1361427	16.44
2005-2009	71	0.01769	0.01753	0.5	81451	1428	80737	1279292	15.71
2005-2009	72	0.02005	0.01985	0.5	80023	1588	79228	1198556	14.98
2005-2009	73	0.02174	0.02150	0.5	78434	1687	77591	1119327	14.27
2005-2009	74	0.02365	0.02338	0.5	76748	1794	75851	1041736	13.57
2005-2009	75	0.02641	0.02607	0.5	74953	1954	73977	965886	12.89
2005-2009	76	0.02851	0.02811	0.5	73000	2052	71974	891909	12.22
2005-2009	77	0.03151	0.03102	0.5	70948	2201	69848	819935	11.56
2005-2009	78	0.03530	0.03468	0.5	68747	2384	67555	750088	10.91
2005-2009	79	0.03876	0.03803	0.5	66363	2524	65101	682533	10.28
2005-2009	80	0.04399	0.04304	0.5	63839	2748	62465	617432	9.67
2005-2009	81	0.04842	0.04727	0.5	61091	2888	59647	554967	9.08
2005-2009	82	0.05342	0.05203	0.5	58203	3028	56689	495319	8.51
2005-2009	83	0.06042	0.05865	0.5	55175	3236	53557	438630	7.95
2005-2009	84	0.06838	0.06611	0.5	51939	3434	50222	385073	7.41
2005-2009	85	0.07665	0.07382	0.5	48505	3581	46715	334851	6.90
2005-2009	86	0.08732	0.08367	0.5	44925	3759	43045	288136	6.41
2005-2009	87	0.09896	0.09429	0.5	41166	3882	39225	245091	5.95
2005-2009	88	0.11073	0.10492	0.5	37284	3912	35328	205866	5.52
2005-2009	89	0.12582	0.11837	0.5	33372	3950	31397	170538	5.11
2005-2009	90	0.14123	0.13191	0.5	29422	3881	27481	139140	4.73
2005-2009	91	0.15897	0.14726	0.5	25541	3761	23660	111659	4.37
2005-2009	92	0.17961	0.16481	0.5	21780	3589	19985	87999	4.04
2005-2009	93	0.20133	0.18291	0.5	18190	3327	16527	68014	3.74
2005-2009	94	0.22910	0.20556	0.5	14863	3055	13335	51487	3.46
2005-2009	95	0.24662	0.21955	0.5	11808	2592	10512	38152	3.23
2005-2009	96	0.27254	0.23986	0.5	9215	2210	8110	27641	3.00
2005-2009	97	0.30010	0.26094	0.5	7005	1828	6091	19530	2.79
2005-2009	98	0.32918	0.28266	0.5	5177	1463	4445	13439	2.60
2005-2009	99	0.35963	0.30482	0.5	3714	1132	3148	8994	2.42
2005-2009	100	0.39126	0.32724	0.5	2582	845	2159	5846	2.26
2005-2009	101	0.42383	0.34972	0.5	1737	607	1433	3687	2.12
2005-2009	102	0.45707	0.37205	0.5	1129	420	919	2254	2.00
2005-2009	103	0.49070	0.39403	0.5	709	279	570	1334	1.88
2005-2009	104	0.52441	0.41547	0.5	430	179	341	765	1.78
2005-2009	105	0.55791	0.43622	0.5	251	110	196	424	1.69
2005-2009	106	0.59088	0.45612	0.5	142	65	109	228	1.61
2005-2009	107	0.62306	0.47506	0.5	77	37	59	119	1.54
2005-2009	108	0.65418	0.49295	0.5	40	20	30	60	1.48
2005-2009	109	0.68404	0.50971	0.5	21	10	15	29	1.43
2005-2009	110+	0.71246	1.00000	1.4	10	10	14	14	1.40
2010-2014	0	0.00510	0.00507	0.07	100000	507	99527	8147661	81.48
2010-2014	1	0.00043	0.00043	0.5	99493	43	99471	8048135	80.89
2010-2014	2	0.00023	0.00022	0.5	99450	22	99439	7948663	79.93
2010-2014	3	0.00015	0.00015	0.5	99428	15	99420	7849225	78.94
2010-2014	4	0.00014	0.00014	0.5	99413	13	99406	7749804	77.96
2010-2014	5	0.00013	0.00013	0.5	99399	13	99393	7650398	76.97
2010-2014	6	0.00010	0.00010	0.5	99386	10	99381	7551006	75.98
2010-2014	7	0.00011	0.00011	0.5	99376	11	99371	7451625	74.98
2010-2014	8	0.00012	0.00012	0.5	99365	11	99359	7352254	73.99
2010-2014	9	0.00011	0.00011	0.5	99354	11	99348	7252895	73.00
2010-2014	10	0.00011	0.00011	0.5	99343	11	99337	7153546	72.01
2010-2014	11	0.00010	0.00010	0.5	99332	10	99327	7054209	71.02
2010-2014	12	0.00012	0.00012	0.5	99322	12	99316	6954882	70.02
2010-2014	13	0.00014	0.00014	0.5	99310	14	99303	6855566	69.03
2010-2014	14	0.00017	0.00017	0.5	99296	17	99288	6756263	68.04
2010-2014	15	0.00022	0.00022	0.5	99279	22	99269	6656975	67.05
2010-2014	16	0.00032	0.00032	0.5	99258	32	99242	6557706	66.07
2010-2014	17	0.00031	0.00031	0.5	99226	30	99211	6458464	65.09
2010-2014	18	0.00035	0.00035	0.5	99196	35	99178	6359253	64.11
2010-2014	19	0.00037	0.00037	0.5	99161	36	99143	6260075	63.13
2010-2014	20	0.00037	0.00037	0.5	99124	37	99106	6160932	62.15
2010-2014	21	0.00036	0.00036	0.5	99087	36	99069	6061826	61.18
2010-2014	22	0.00043	0.00043	0.5	99052	43	99030	5962757	60.20
2010-2014	23	0.00047	0.00047	0.5	99009	46	98986	5863727	59.22
2010-2014	24	0.00050	0.00050	0.5	98963	50	98938	5764741	58.25
2010-2014	25	0.00046	0.00046	0.5	98913	45	98890	5665803	57.28
2010-2014	26	0.00050	0.00050	0.5	98868	50	98843	5566913	56.31
2010-2014	27	0.00051	0.00051	0.5	98818	50	98793	5468070	55.33
2010-2014	28	0.00057	0.00057	0.5	98768	56	98740	5369277	54.36
2010-2014	29	0.00061	0.00061	0.5	98711	60	98681	5270538	53.39
2010-2014	30	0.00065	0.00065	0.5	98652	64	98619	5171856	52.43
2010-2014	31	0.00061	0.00061	0.5	98587	61	98557	5073237	51.46
2010-2014	32	0.00074	0.00074	0.5	98527	73	98490	4974680	50.49
2010-2014	33	0.00074	0.00074	0.5	98454	72	98418	4876190	49.53
2010-2014	34	0.00082	0.00082	0.5	98381	81	98341	4777772	48.56
2010-2014	35	0.00085	0.00085	0.5	98301	83	98259	4679431	47.60
2010-2014	36	0.00104	0.00104	0.5	98218	102	98167	4581172	46.64
2010-2014	37	0.00107	0.00107	0.5	98116	105	98063	4483005	45.69
2010-2014	38	0.00110	0.00110	0.5	98011	108	97957	4384941	44.74
2010-2014	39	0.00117	0.00117	0.5	97903	114	97846	4286984	43.79
2010-2014	40	0.00128	0.00128	0.5	97789	125	97726	4189139	42.84
2010-2014	41	0.00131	0.00131	0.5	97664	128	97600	4091413	41.89
2010-2014	42	0.00148	0.00148	0.5	97536	144	97464	3993813	40.95
2010-2014	43	0.00162	0.00162	0.5	97392	158	97313	3896349	40.01
2010-2014	44	0.00176	0.00176	0.5	97234	171	97148	3799036	39.07
2010-2014	45	0.00189	0.00189	0.5	97063	184	96971	3701887	38.14
2010-2014	46	0.00211	0.00211	0.5	96879	205	96777	3604916	37.21
2010-2014	47	0.00235	0.00235	0.5	96674	227	96561	3508140	36.29
2010-2014	48	0.00255	0.00255	0.5	96447	246	96324	3411579	35.37
2010-2014	49	0.00294	0.00293	0.5	96201	282	96060	3315254	34.46
2010-2014	50	0.00307	0.00307	0.5	95919	294	95772	3219194	33.56
2010-2014	51	0.00331	0.00330	0.5	95625	316	95467	3123422	32.66
2010-2014	52	0.00364	0.00363	0.5	95309	346	95136	3027955	31.77
2010-2014	53	0.00379	0.00379	0.5	94963	360	94783	2932819	30.88
2010-2014	54	0.00400	0.00399	0.5	94603	377	94415	2838036	30.00
2010-2014	55	0.00433	0.00432	0.5	94226	407	94022	2743621	29.12
2010-2014	56	0.00460	0.00459	0.5	93819	431	93603	2649599	28.24
2010-2014	57	0.00494	0.00493	0.5	93388	460	93158	2555996	27.37
2010-2014	58	0.00525	0.00524	0.5	92927	487	92684	2462838	26.50
2010-2014	59	0.00587	0.00585	0.5	92441	541	92170	2370154	25.64
2010-2014	60	0.00622	0.00620	0.5	91899	570	91614	2277984	24.79
2010-2014	61	0.00671	0.00669	0.5	91329	611	91024	2186370	23.94
2010-2014	62	0.00733	0.00731	0.5	90719	663	90387	2095346	23.10
2010-2014	63	0.00819	0.00816	0.5	90056	735	89689	2004958	22.26
2010-2014	64	0.00895	0.00891	0.5	89321	796	88923	1915270	21.44
2010-2014	65	0.00978	0.00973	0.5	88525	861	88094	1826346	20.63
2010-2014	66	0.01108	0.01102	0.5	87664	966	87181	1738252	19.83
2010-2014	67	0.01206	0.01198	0.5	86698	1039	86178	1651071	19.04
2010-2014	68	0.01300	0.01291	0.5	85659	1106	85106	1564893	18.27
2010-2014	69	0.01448	0.01438	0.5	84552	1216	83945	1479788	17.50
2010-2014	70	0.01576	0.01564	0.5	83337	1303	82685	1395843	16.75
2010-2014	71	0.01723	0.01708	0.5	82033	1401	81333	1313158	16.01
2010-2014	72	0.01882	0.01864	0.5	80632	1503	79880	1231825	15.28
2010-2014	73	0.02071	0.02050	0.5	79129	1622	78318	1151945	14.56
2010-2014	74	0.02274	0.02248	0.5	77507	1742	76635	1073627	13.85
2010-2014	75	0.02532	0.02500	0.5	75764	1894	74817	996992	13.16
2010-2014	76	0.02832	0.02793	0.5	73870	2063	72838	922175	12.48
2010-2014	77	0.03031	0.02986	0.5	71807	2144	70735	849336	11.83
2010-2014	78	0.03439	0.03380	0.5	69663	2355	68485	778602	11.18
2010-2014	79	0.03733	0.03665	0.5	67308	2467	66074	710117	10.55
2010-2014	80	0.04000	0.03922	0.5	64841	2543	63570	644042	9.93
2010-2014	81	0.04505	0.04406	0.5	62298	2745	60926	580473	9.32
2010-2014	82	0.05100	0.04973	0.5	59553	2962	58072	519547	8.72
2010-2014	83	0.05695	0.05538	0.5	56591	3134	55025	461475	8.15
2010-2014	84	0.06562	0.06354	0.5	53458	3397	51759	406450	7.60
2010-2014	85	0.07362	0.07101	0.5	50061	3555	48284	354691	7.09
2010-2014	86	0.08240	0.07914	0.5	46506	3681	44666	306407	6.59
2010-2014	87	0.09409	0.08986	0.5	42826	3848	40902	261741	6.11
2010-2014	88	0.10552	0.10024	0.5	38977	3907	37024	220839	5.67
2010-2014	89	0.11947	0.11273	0.5	35070	3954	33094	183816	5.24
2010-2014	90	0.13722	0.12841	0.5	31117	3996	29119	150722	4.84
2010-2014	91	0.15172	0.14102	0.5	27121	3825	25209	121603	4.48
2010-2014	92	0.17338	0.15955	0.5	23296	3717	21438	96394	4.14
2010-2014	93	0.19470	0.17743	0.5	19580	3474	17843	74956	3.83
2010-2014	94	0.21757	0.19622	0.5	16106	3160	14525	57114	3.55
2010-2014	95	0.23978	0.21411	0.5	12945	2772	11559	42588	3.29
2010-2014	96	0.26568	0.23452	0.5	10174	2386	8981	31029	3.05
2010-2014	97	0.29329	0.25578	0.5	7788	1992	6792	22048	2.83
2010-2014	98	0.32251	0.27773	0.5	5796	1610	4991	15257	2.63
2010-2014	99	0.35319	0.30018	0.5	4186	1257	3558	10266	2.45
2010-2014	100	0.38513	0.32294	0.5	2930	946	2456	6708	2.29
2010-2014	101	0.41809	0.34580	0.5	1983	686	1641	4251	2.14
2010-2014	102	0.45179	0.36854	0.5	1298	478	1058	2611	2.01
2010-2014	103	0.48595	0.39096	0.5	819	320	659	1552	1.89
2010-2014	104	0.52023	0.41285	0.5	499	206	396	893	1.79
2010-2014	105	0.55433	0.43403	0.5	293	127	229	497	1.70
2010-2014	106	0.58793	0.45436	0.5	166	75	128	268	1.62
2010-2014	107	0.62072	0.47370	0.5	90	43	69	140	1.54
2010-2014	108	0.65245	0.49196	0.5	48	23	36	71	1.48
2010-2014	109	0.68288	0.50906	0.5	24	12	18	35	1.44
2010-2014	110+	0.71182	1.00000	1.4	12	12	17	17	1.40
2015-2019	0	0.00506	0.00503	0.07	100000	503	99531	8140267	81.40
2015-2019	1	0.00035	0.00035	0.5	99497	34	99480	8040737	80.81
2015-2019	2	0.00024	0.00024	0.5	99462	24	99451	7941257	79.84
2015-2019	3	0.00012	0.00012	0.5	99439	12	99433	7841806	78.86
2015-2019	4	0.00014	0.00014	0.5	99426	14	99419	7742374	77.87
2015-2019	5	0.00014	0.00014	0.5	99412	14	99405	7642954	76.88
2015-2019	6	0.00013	0.00013	0.5	99398	13	99392	7543549	75.89
2015-2019	7	0.00011	0.00011	0.5	99386	11	99380	7444157	74.90
2015-2019	8	0.00012	0.00012	0.5	99375	12	99369	7344776	73.91
2015-2019	9	0.00010	0.00010	0.5	99364	10	99358	7245407	72.92
2015-2019	10	0.00009	0.00009	0.5	99353	9	99349	7146049	71.93
2015-2019	11	0.00013	0.00013	0.5	99344	13	99338	7046700	70.93
2015-2019	12	0.00012	0.00012	0.5	99331	11	99326	6947362	69.94
2015-2019	13	0.00015	0.00015	0.5	99320	14	99313	6848037	68.95
2015-2019	14	0.00019	0.00019	0.5	99305	19	99296	6748724	67.96
2015-2019	15	0.00023	0.00023	0.5	99286	22	99275	6649428	66.97
2015-2019	16	0.00029	0.00029	0.5	99264	28	99250	6550153	65.99
2015-2019	17	0.00030	0.00030	0.5	99235	30	99220	6450904	65.01
2015-2019	18	0.00039	0.00039	0.5	99205	38	99186	6351683	64.03
2015-2019	19	0.00043	0.00043	0.5	99167	42	99146	6252497	63.05
2015-2019	20	0.00040	0.00040	0.5	99124	40	99104	6153352	62.08
2015-2019	21	0.00044	0.00044	0.5	99084	44	99063	6054247	61.10
2015-2019	22	0.00049	0.00049	0.5	99041	49	99016	5955185	60.13
2015-2019	23	0.00047	0.00047	0.5	98992	47	98969	5856168	59.16
2015-2019	24	0.00057	0.00057	0.5	98945	56	98917	5757200	58.19
2015-2019	25	0.00057	0.00057	0.5	98889	57	98861	5658283	57.22
2015-2019	26	0.00064	0.00063	0.5	98832	63	98801	5559422	56.25
2015-2019	27	0.00066	0.00066	0.5	98770	65	98737	5460621	55.29
2015-2019	28	0.00063	0.00063	0.5	98704	63	98673	5361884	54.32
2015-2019	29	0.00073	0.00073	0.5	98642	72	98606	5263211	53.36
2015-2019	30	0.00078	0.00078	0.5	98570	77	98532	5164605	52.40
2015-2019	31	0.00083	0.00083	0.5	98494	82	98453	5066073	51.44
2015-2019	32	0.00088	0.00088	0.5	98412	87	98368	4967620	50.48
2015-2019	33	0.00085	0.00085	0.5	98324	83	98283	4869252	49.52
2015-2019	34	0.00092	0.00092	0.5	98241	91	98196	4770969	48.56
2015-2019	35	0.00101	0.00101	0.5	98150	99	98101	4672774	47.61
2015-2019	36	0.00109	0.00109	0.5	98051	107	97998	4574673	46.66
2015-2019	37	0.00118	0.00118	0.5	97944	116	97886	4476675	45.71
2015-2019	38	0.00114	0.00114	0.5	97828	112	97773	4378789	44.76
2015-2019	39	0.00126	0.00126	0.5	97717	123	97655	4281016	43.81
2015-2019	40	0.00135	0.00135	0.5	97594	131	97528	4183361	42.87
2015-2019	41	0.00147	0.00147	0.5	97463	143	97391	4085833	41.92
2015-2019	42	0.00163	0.00163	0.5	97319	159	97240	3988442	40.98
2015-2019	43	0.00172	0.00172	0.5	97161	167	97077	3891202	40.05
2015-2019	44	0.00188	0.00187	0.5	96994	182	96903	3794125	39.12
2015-2019	45	0.00202	0.00201	0.5	96812	195	96714	3697222	38.19
2015-2019	46	0.00213	0.00213	0.5	96617	206	96514	3600507	37.27
2015-2019	47	0.00229	0.00229	0.5	96411	221	96301	3503993	36.34
2015-2019	48	0.00252	0.00252	0.5	96190	242	96069	3407693	35.43
2015-2019	49	0.00287	0.00286	0.5	95948	275	95811	3311623	34.51
2015-2019	50	0.00306	0.00305	0.5	95674	292	95528	3215812	33.61
2015-2019	51	0.00319	0.00318	0.5	95381	304	95230	3120285	32.71
2015-2019	52	0.00364	0.00363	0.5	95078	345	94905	3025055	31.82
2015-2019	53	0.00395	0.00394	0.5	94733	374	94546	2930150	30.93
2015-2019	54	0.00431	0.00430	0.5	94359	405	94156	2835604	30.05
2015-2019	55	0.00468	0.00467	0.5	93954	438	93734	2741448	29.18
2015-2019	56	0.00495	0.00494	0.5	93515	462	93284	2647713	28.31
2015-2019	57	0.00535	0.00533	0.5	93054	496	92805	2554429	27.45
2015-2019	58	0.00574	0.00573	0.5	92557	530	92292	2461624	26.60
2015-2019	59	0.00623	0.00621	0.5	92027	571	91741	2369332	25.75
2015-2019	60	0.00684	0.00682	0.5	91456	624	91144	2277590	24.90
2015-2019	61	0.00716	0.00714	0.5	90832	648	90508	2186447	24.07
2015-2019	62	0.00764	0.00761	0.5	90184	686	89840	2095939	23.24
2015-2019	63	0.00847	0.00843	0.5	89497	755	89120	2006098	22.42
2015-2019	64	0.00878	0.00874	0.5	88743	776	88355	1916979	21.60
2015-2019	65	0.00959	0.00954	0.5	87967	839	87547	1828624	20.79
2015-2019	66	0.01049	0.01044	0.5	87127	909	86673	1741077	19.98
2015-2019	67	0.01138	0.01132	0.5	86218	976	85730	1654404	19.19
2015-2019	68	0.01277	0.01269	0.5	85242	1082	84702	1568674	18.40
2015-2019	69	0.01355	0.01346	0.5	84161	1132	83595	1483973	17.63
2015-2019	70	0.01535	0.01523	0.5	83028	1265	82396	1400378	16.87
2015-2019	71	0.01708	0.01693	0.5	81764	1385	81071	1317982	16.12
2015-2019	72	0.01922	0.01904	0.5	80379	1531	79614	1236911	15.39
2015-2019	73	0.02030	0.02009	0.5	78849	1584	78057	1157297	14.68
2015-2019	74	0.02304	0.02277	0.5	77264	1760	76385	1079240	13.97
2015-2019	75	0.02511	0.02480	0.5	75505	1873	74568	1002856	13.28
2015-2019	76	0.02812	0.02773	0.5	73632	2042	72611	928288	12.61
2015-2019	77	0.03053	0.03007	0.5	71590	2153	70514	855676	11.95
2015-2019	78	0.03424	0.03366	0.5	69437	2337	68269	785163	11.31
2015-2019	79	0.03759	0.03690	0.5	67100	2476	65862	716894	10.68
2015-2019	80	0.04120	0.04037	0.5	64624	2609	63319	651032	10.07
2015-2019	81	0.04551	0.04449	0.5	62015	2759	60635	587713	9.48
2015-2019	82	0.05068	0.04943	0.5	59256	2929	57791	527077	8.89
2015-2019	83	0.05643	0.05489	0.5	56327	3092	54781	469286	8.33
2015-2019	84	0.06181	0.05996	0.5	53235	3192	51639	414506	7.79
2015-2019	85	0.06989	0.06753	0.5	50043	3379	48354	362866	7.25
2015-2019	86	0.07892	0.07593	0.5	46664	3543	44892	314513	6.74
2015-2019	87	0.09082	0.08688	0.5	43121	3746	41248	269621	6.25
2015-2019	88	0.10128	0.09640	0.5	39375	3796	37477	228373	5.80
2015-2019	89	0.11474	0.10851	0.5	35579	3861	33648	190896	5.37
2015-2019	90	0.13283	0.12456	0.5	31718	3951	29743	157248	4.96
2015-2019	91	0.14862	0.13834	0.5	27767	3841	25847	127505	4.59
2015-2019	92	0.16794	0.15493	0.5	23926	3707	22073	101658	4.25
2015-2019	93	0.18598	0.17016	0.5	20219	3440	18499	79586	3.94
2015-2019	94	0.21020	0.19021	0.5	16779	3191	15183	61087	3.64
2015-2019	95	0.23186	0.20777	0.5	13587	2823	12176	45904	3.38
2015-2019	96	0.25686	0.22763	0.5	10764	2450	9539	33728	3.13
2015-2019	97	0.28356	0.24835	0.5	8314	2065	7282	24189	2.91
2015-2019	98	0.31187	0.26980	0.5	6249	1686	5406	16908	2.71
2015-2019	99	0.34166	0.29181	0.5	4563	1332	3897	11501	2.52
2015-2019	100	0.37276	0.31420	0.5	3232	1015	2724	7604	2.35
2015-2019	101	0.40494	0.33676	0.5	2216	746	1843	4880	2.20
2015-2019	102	0.43796	0.35928	0.5	1470	528	1206	3037	2.07
2015-2019	103	0.47154	0.38158	0.5	942	359	762	1831	1.94
2015-2019	104	0.50538	0.40344	0.5	582	235	465	1069	1.84
2015-2019	105	0.53917	0.42468	0.5	347	148	274	604	1.74
2015-2019	106	0.57261	0.44516	0.5	200	89	155	331	1.65
2015-2019	107	0.60539	0.46472	0.5	111	52	85	175	1.58
2015-2019	108	0.63725	0.48327	0.5	59	29	45	90	1.52
2015-2019	109	0.66795	0.50072	0.5	31	15	23	45	1.47
2015-2019	110+	0.69729	1.00000	1.43	15	15	22	22	1.43
