Reg4: , Lifetables (period 5x1), Males Last modified: 20 Dec 2020, MPv5 (May07) 

Year	Age	mx	qx	ax	lx	dx	Lx	Tx	ex
1959	0	0.02918	0.02845	0.12	100000	2845	97506	6753658	67.54
1959	1-4	0.00118	0.00471	1.65	97155	458	387545	6656153	68.51
1959	5-9	0.00053	0.00264	2.16	96697	255	482761	6268608	64.83
1959	10-14	0.00058	0.00291	2.78	96442	281	481588	5785848	59.99
1959	15-19	0.00131	0.00651	2.77	96161	626	479407	5304260	55.16
1959	20-24	0.00180	0.00895	2.44	95535	855	475487	4824853	50.50
1959	25-29	0.00172	0.00855	2.51	94680	809	471388	4349367	45.94
1959	30-34	0.00199	0.00989	2.54	93871	928	467073	3877978	41.31
1959	35-39	0.00262	0.01300	2.64	92942	1208	461864	3410905	36.70
1959	40-44	0.00420	0.02082	2.66	91734	1910	454202	2949041	32.15
1959	45-49	0.00702	0.03456	2.73	89824	3104	442062	2494839	27.77
1959	50-54	0.01143	0.05570	2.68	86720	4830	422406	2052778	23.67
1959	55-59	0.01738	0.08348	2.64	81890	6836	393352	1630372	19.91
1959	60-64	0.02622	0.12339	2.62	75054	9261	353204	1237019	16.48
1959	65-69	0.03806	0.17419	2.57	65794	11461	301114	883815	13.43
1959	70-74	0.05452	0.24061	2.56	54333	13073	239782	582702	10.72
1959	75-79	0.08178	0.34048	2.54	41260	14048	171787	342920	8.31
1959	80-84	0.12198	0.46392	2.42	27212	12624	103497	171133	6.29
1959	85-89	0.18790	0.62243	2.29	14588	9080	48322	67636	4.64
1959	90-94	0.26289	0.74590	2.1	5508	4108	15628	19314	3.51
1959	95-99	0.36604	0.85579	1.89	1400	1198	3272	3687	2.63
1959	100-104	0.47974	0.92306	1.67	202	186	388	414	2.05
1959	105-109	0.59611	0.95973	1.47	16	15	25	26	1.67
1959	110+	0.68773	1.00000	1.45	1	1	1	1	1.45
1960	0	0.02900	0.02828	0.12	100000	2828	97520	6732422	67.32
1960	1-4	0.00122	0.00486	1.61	97172	472	387562	6634902	68.28
1960	5-9	0.00053	0.00265	2.38	96700	257	482830	6247341	64.61
1960	10-14	0.00052	0.00258	2.73	96444	249	481654	5764511	59.77
1960	15-19	0.00139	0.00695	2.85	96195	668	479535	5282857	54.92
1960	20-24	0.00187	0.00931	2.43	95527	889	475352	4803322	50.28
1960	25-29	0.00175	0.00873	2.45	94637	826	471083	4327970	45.73
1960	30-34	0.00196	0.00978	2.66	93811	917	466907	3856886	41.11
1960	35-39	0.00278	0.01382	2.69	92894	1284	461499	3389979	36.49
1960	40-44	0.00442	0.02188	2.73	91609	2004	453490	2928480	31.97
1960	45-49	0.00714	0.03512	2.7	89605	3147	440803	2474989	27.62
1960	50-54	0.01146	0.05580	2.65	86458	4824	420969	2034186	23.53
1960	55-59	0.01761	0.08449	2.61	81634	6897	391678	1613218	19.76
1960	60-64	0.02642	0.12439	2.65	74737	9297	351820	1221540	16.34
1960	65-69	0.03873	0.17685	2.55	65440	11573	298820	869719	13.29
1960	70-74	0.05640	0.24787	2.56	53867	13352	236734	570899	10.60
1960	75-79	0.08193	0.34031	2.51	40515	13788	168288	334165	8.25
1960	80-84	0.12541	0.47314	2.41	26728	12646	100835	165877	6.21
1960	85-89	0.18743	0.62071	2.28	14082	8741	46633	65042	4.62
1960	90-94	0.26983	0.75408	2.08	5341	4028	14926	18409	3.45
1960	95-99	0.36360	0.85348	1.89	1313	1121	3083	3483	2.65
1960	100-104	0.47393	0.92027	1.68	192	177	374	400	2.08
1960	105-109	0.58733	0.95754	1.48	15	15	25	26	1.69
1960	110+	0.67710	1.00000	1.48	1	1	1	1	1.48
1961	0	0.02835	0.02766	0.12	100000	2766	97569	6763451	67.63
1961	1-4	0.00112	0.00448	1.6	97234	436	387892	6665882	68.56
1961	5-9	0.00050	0.00252	2.31	96798	244	483336	6277991	64.86
1961	10-14	0.00053	0.00263	2.74	96554	254	482198	5794655	60.01
1961	15-19	0.00129	0.00643	2.89	96300	619	480194	5312457	55.17
1961	20-24	0.00182	0.00906	2.43	95681	867	476179	4832264	50.50
1961	25-29	0.00173	0.00859	2.55	94814	815	472077	4356084	45.94
1961	30-34	0.00194	0.00966	2.58	94000	908	467798	3884008	41.32
1961	35-39	0.00272	0.01350	2.71	93092	1256	462578	3416209	36.70
1961	40-44	0.00432	0.02139	2.72	91836	1964	454700	2953632	32.16
1961	45-49	0.00689	0.03389	2.67	89871	3046	442261	2498932	27.81
1961	50-54	0.01129	0.05499	2.66	86825	4775	422945	2056671	23.69
1961	55-59	0.01722	0.08272	2.64	82050	6788	394200	1633726	19.91
1961	60-64	0.02593	0.12202	2.59	75263	9183	354206	1239526	16.47
1961	65-69	0.03878	0.17708	2.55	66080	11701	301767	885320	13.40
1961	70-74	0.05461	0.24076	2.54	54378	13092	239730	583553	10.73
1961	75-79	0.08141	0.33865	2.52	41286	13982	171749	343822	8.33
1961	80-84	0.12275	0.46654	2.43	27305	12739	103774	172073	6.30
1961	85-89	0.18510	0.61588	2.28	14566	8971	48466	68299	4.69
1961	90-94	0.25978	0.74185	2.11	5595	4151	15978	19833	3.54
1961	95-99	0.36084	0.85138	1.9	1444	1230	3408	3855	2.67
1961	100-104	0.47210	0.91956	1.68	215	197	418	447	2.08
1961	105-109	0.58668	0.95745	1.48	17	17	28	29	1.69
1961	110+	0.67740	1.00000	1.48	1	1	1	1	1.48
1962	0	0.02754	0.02688	0.12	100000	2688	97631	6763147	67.63
1962	1-4	0.00105	0.00420	1.59	97312	409	388260	6665516	68.50
1962	5-9	0.00051	0.00254	2.4	96903	246	483873	6277255	64.78
1962	10-14	0.00048	0.00240	2.64	96657	232	482736	5793382	59.94
1962	15-19	0.00129	0.00644	2.89	96425	621	480816	5310647	55.08
1962	20-24	0.00182	0.00905	2.44	95804	867	476796	4829831	50.41
1962	25-29	0.00170	0.00847	2.58	94937	804	472735	4353035	45.85
1962	30-34	0.00200	0.00993	2.61	94132	935	468429	3880300	41.22
1962	35-39	0.00283	0.01408	2.6	93197	1312	462835	3411871	36.61
1962	40-44	0.00429	0.02124	2.69	91885	1951	454912	2949036	32.09
1962	45-49	0.00695	0.03419	2.69	89934	3075	442575	2494124	27.73
1962	50-54	0.01161	0.05653	2.69	86859	4910	422932	2051549	23.62
1962	55-59	0.01725	0.08286	2.63	81949	6790	393649	1628616	19.87
1962	60-64	0.02595	0.12229	2.65	75159	9191	354154	1234968	16.43
1962	65-69	0.03879	0.17710	2.55	65968	11683	301177	880814	13.35
1962	70-74	0.05488	0.24184	2.55	54285	13128	239204	579637	10.68
1962	75-79	0.08194	0.34033	2.51	41157	14007	170936	340433	8.27
1962	80-84	0.12333	0.46828	2.43	27150	12714	103086	169497	6.24
1962	85-89	0.18840	0.62400	2.3	14436	9008	47813	66412	4.60
1962	90-94	0.27034	0.75526	2.08	5428	4099	15164	18598	3.43
1962	95-99	0.37352	0.86183	1.88	1328	1145	3065	3434	2.59
1962	100-104	0.48981	0.92741	1.65	184	170	348	369	2.01
1962	105-109	0.60783	0.96237	1.45	13	13	21	22	1.64
1962	110+	0.70005	1.00000	1.43	1	1	1	1	1.43
1963	0	0.02698	0.02635	0.12	100000	2635	97674	6741422	67.41
1963	1-4	0.00113	0.00450	1.59	97365	438	388403	6643748	68.24
1963	5-9	0.00050	0.00252	2.35	96927	244	483990	6255345	64.54
1963	10-14	0.00047	0.00237	2.78	96683	229	482909	5771355	59.69
1963	15-19	0.00131	0.00654	2.81	96454	631	480890	5288446	54.83
1963	20-24	0.00195	0.00969	2.49	95824	928	476786	4807557	50.17
1963	25-29	0.00176	0.00876	2.52	94895	831	472413	4330771	45.64
1963	30-34	0.00200	0.00996	2.6	94064	936	468070	3858358	41.02
1963	35-39	0.00280	0.01392	2.64	93128	1296	462586	3390288	36.40
1963	40-44	0.00427	0.02112	2.68	91832	1940	454667	2927702	31.88
1963	45-49	0.00726	0.03571	2.66	89892	3210	441943	2473035	27.51
1963	50-54	0.01140	0.05549	2.64	86682	4810	422067	2031092	23.43
1963	55-59	0.01826	0.08750	2.63	81872	7164	392415	1609025	19.65
1963	60-64	0.02636	0.12395	2.6	74708	9260	351346	1216609	16.28
1963	65-69	0.04000	0.18213	2.55	65448	11920	298026	865264	13.22
1963	70-74	0.05724	0.25092	2.54	53528	13431	234644	567238	10.60
1963	75-79	0.08052	0.33398	2.45	40097	13392	166325	332594	8.29
1963	80-84	0.12365	0.46871	2.42	26705	12517	101231	166269	6.23
1963	85-89	0.19036	0.62744	2.28	14188	8902	46766	65037	4.58
1963	90-94	0.26751	0.75364	2.1	5286	3984	14892	18271	3.46
1963	95-99	0.37208	0.86061	1.88	1302	1121	3012	3379	2.59
1963	100-104	0.48719	0.92625	1.65	182	168	345	367	2.02
1963	105-109	0.60425	0.96156	1.46	13	13	21	22	1.65
1963	110+	0.69596	1.00000	1.44	1	1	1	1	1.44
1964	0	0.02614	0.02555	0.12	100000	2555	97740	6749496	67.49
1964	1-4	0.00113	0.00450	1.67	97445	438	388761	6651756	68.26
1964	5-9	0.00051	0.00254	2.22	97007	246	484351	6262995	64.56
1964	10-14	0.00050	0.00249	2.7	96761	241	483250	5778644	59.72
1964	15-19	0.00136	0.00678	2.88	96520	655	481211	5295394	54.86
1964	20-24	0.00193	0.00958	2.48	95865	919	477011	4814182	50.22
1964	25-29	0.00190	0.00944	2.5	94947	897	472489	4337171	45.68
1964	30-34	0.00212	0.01054	2.58	94050	991	467850	3864682	41.09
1964	35-39	0.00284	0.01410	2.7	93059	1312	462283	3396832	36.50
1964	40-44	0.00439	0.02171	2.68	91747	1992	454122	2934550	31.99
1964	45-49	0.00701	0.03450	2.69	89755	3096	441626	2480427	27.64
1964	50-54	0.01127	0.05493	2.67	86659	4760	422201	2038801	23.53
1964	55-59	0.01748	0.08394	2.63	81899	6875	393180	1616600	19.74
1964	60-64	0.02644	0.12435	2.61	75025	9329	352785	1223420	16.31
1964	65-69	0.03969	0.18092	2.56	65695	11886	299485	870635	13.25
1964	70-74	0.05733	0.25143	2.56	53810	13529	235993	571150	10.61
1964	75-79	0.08055	0.33398	2.44	40280	13453	167008	335158	8.32
1964	80-84	0.12330	0.46855	2.44	26828	12570	101945	168149	6.27
1964	85-89	0.18498	0.61477	2.27	14258	8765	47384	66204	4.64
1964	90-94	0.27056	0.75433	2.07	5492	4143	15313	18820	3.43
1964	95-99	0.37132	0.86011	1.88	1349	1161	3125	3507	2.60
1964	100-104	0.48709	0.92627	1.66	189	175	359	382	2.02
1964	105-109	0.60485	0.96172	1.45	14	13	22	23	1.64
1964	110+	0.69705	1.00000	1.43	1	1	1	1	1.43
1965	0	0.02555	0.02498	0.11	100000	2498	97786	6770330	67.70
1965	1-4	0.00108	0.00431	1.61	97502	420	389005	6672545	68.43
1965	5-9	0.00047	0.00235	2.36	97082	228	484805	6283540	64.72
1965	10-14	0.00049	0.00245	2.82	96854	238	483748	5798735	59.87
1965	15-19	0.00133	0.00663	2.84	96616	641	481695	5314987	55.01
1965	20-24	0.00195	0.00968	2.47	95975	929	477521	4833291	50.36
1965	25-29	0.00184	0.00918	2.51	95046	873	473057	4355770	45.83
1965	30-34	0.00217	0.01078	2.6	94173	1015	468427	3882713	41.23
1965	35-39	0.00283	0.01404	2.7	93158	1308	462777	3414286	36.65
1965	40-44	0.00425	0.02104	2.68	91850	1933	454758	2951509	32.13
1965	45-49	0.00675	0.03323	2.71	89917	2988	442740	2496751	27.77
1965	50-54	0.01109	0.05404	2.67	86930	4698	423680	2054010	23.63
1965	55-59	0.01750	0.08405	2.65	82232	6912	394950	1630331	19.83
1965	60-64	0.02624	0.12345	2.61	75320	9299	354340	1235380	16.40
1965	65-69	0.03877	0.17738	2.6	66021	11711	302024	881040	13.34
1965	70-74	0.05648	0.24784	2.53	54310	13460	238333	579016	10.66
1965	75-79	0.08074	0.33575	2.49	40850	13716	169869	340683	8.34
1965	80-84	0.12288	0.46652	2.42	27135	12659	103017	170813	6.30
1965	85-89	0.18389	0.61315	2.28	14476	8876	48268	67797	4.68
1965	90-94	0.26605	0.75077	2.1	5600	4204	15803	19529	3.49
1965	95-99	0.36076	0.85130	1.9	1396	1188	3294	3726	2.67
1965	100-104	0.47187	0.91944	1.68	208	191	404	433	2.09
1965	105-109	0.58631	0.95736	1.48	17	16	27	28	1.70
1965	110+	0.67694	1.00000	1.48	1	1	1	1	1.48
1966	0	0.02453	0.02401	0.11	100000	2401	97865	6765266	67.65
1966	1-4	0.00108	0.00432	1.62	97599	422	389392	6667401	68.31
1966	5-9	0.00047	0.00232	2.26	97177	226	485267	6278009	64.60
1966	10-14	0.00048	0.00240	2.75	96951	233	484233	5792742	59.75
1966	15-19	0.00145	0.00724	2.87	96719	701	482104	5308509	54.89
1966	20-24	0.00192	0.00954	2.49	96018	916	477794	4826405	50.27
1966	25-29	0.00181	0.00903	2.46	95102	859	473332	4348611	45.73
1966	30-34	0.00210	0.01044	2.53	94244	984	468789	3875280	41.12
1966	35-39	0.00272	0.01354	2.67	93260	1263	463360	3406491	36.53
1966	40-44	0.00441	0.02184	2.67	91997	2009	455309	2943131	31.99
1966	45-49	0.00685	0.03374	2.69	89988	3036	442923	2487822	27.65
1966	50-54	0.01114	0.05429	2.64	86952	4720	423618	2044899	23.52
1966	55-59	0.01762	0.08461	2.67	82232	6958	394953	1621281	19.72
1966	60-64	0.02686	0.12618	2.6	75274	9498	353544	1226328	16.29
1966	65-69	0.03861	0.17650	2.57	65776	11609	300683	872784	13.27
1966	70-74	0.05724	0.25084	2.54	54167	13587	237392	572100	10.56
1966	75-79	0.08319	0.34393	2.48	40580	13957	167776	334708	8.25
1966	80-84	0.12320	0.46744	2.42	26623	12445	101010	166933	6.27
1966	85-89	0.18571	0.61690	2.28	14179	8747	47100	65923	4.65
1966	90-94	0.26798	0.74839	2.05	5432	4065	15169	18822	3.47
1966	95-99	0.36032	0.85086	1.9	1367	1163	3227	3653	2.67
1966	100-104	0.47071	0.91886	1.68	204	187	398	426	2.09
1966	105-109	0.58449	0.95688	1.49	17	16	27	28	1.70
1966	110+	0.67470	1.00000	1.48	1	1	1	1	1.48
1967	0	0.02342	0.02294	0.11	100000	2294	97954	6796920	67.97
1967	1-4	0.00102	0.00406	1.66	97706	396	389896	6698967	68.56
1967	5-9	0.00050	0.00248	2.33	97310	241	485906	6309071	64.83
1967	10-14	0.00050	0.00249	2.75	97069	241	484801	5823165	59.99
1967	15-19	0.00145	0.00721	2.8	96828	698	482605	5338364	55.13
1967	20-24	0.00194	0.00966	2.51	96130	928	478335	4855759	50.51
1967	25-29	0.00184	0.00916	2.55	95201	872	473867	4377424	45.98
1967	30-34	0.00203	0.01009	2.62	94330	952	469383	3903557	41.38
1967	35-39	0.00280	0.01389	2.64	93378	1297	463827	3434174	36.78
1967	40-44	0.00431	0.02135	2.66	92080	1966	455808	2970347	32.26
1967	45-49	0.00670	0.03297	2.67	90114	2971	443655	2514539	27.90
1967	50-54	0.01097	0.05349	2.66	87144	4661	424802	2070884	23.76
1967	55-59	0.01728	0.08299	2.64	82482	6845	396259	1646082	19.96
1967	60-64	0.02577	0.12136	2.6	75637	9179	356126	1249823	16.52
1967	65-69	0.03808	0.17433	2.58	66458	11586	304250	893697	13.45
1967	70-74	0.05597	0.24585	2.53	54872	13490	241032	589447	10.74
1967	75-79	0.08052	0.33469	2.48	41382	13850	172005	348415	8.42
1967	80-84	0.11901	0.45617	2.44	27532	12559	105527	176410	6.41
1967	85-89	0.18065	0.60650	2.29	14973	9081	50267	70883	4.73
1967	90-94	0.26497	0.75014	2.11	5892	4420	16680	20616	3.50
1967	95-99	0.35998	0.85097	1.9	1472	1253	3480	3936	2.67
1967	100-104	0.47368	0.92047	1.68	219	202	426	456	2.08
1967	105-109	0.59069	0.95852	1.48	17	17	28	29	1.68
1967	110+	0.68309	1.00000	1.46	1	1	1	1	1.46
1968	0	0.02312	0.02265	0.11	100000	2265	97978	6782163	67.82
1968	1-4	0.00102	0.00408	1.63	97735	399	389997	6684185	68.39
1968	5-9	0.00050	0.00250	2.29	97336	243	486021	6294189	64.66
1968	10-14	0.00052	0.00258	2.82	97093	250	484922	5808167	59.82
1968	15-19	0.00153	0.00763	2.87	96843	739	482644	5323245	54.97
1968	20-24	0.00204	0.01013	2.48	96105	973	478073	4840601	50.37
1968	25-29	0.00192	0.00955	2.46	95131	908	473351	4362528	45.86
1968	30-34	0.00206	0.01024	2.55	94223	965	468749	3889177	41.28
1968	35-39	0.00275	0.01368	2.6	93258	1276	463232	3420428	36.68
1968	40-44	0.00446	0.02207	2.7	91982	2030	455231	2957196	32.15
1968	45-49	0.00685	0.03372	2.68	89952	3033	442728	2501965	27.81
1968	50-54	0.01094	0.05334	2.67	86918	4636	423810	2059237	23.69
1968	55-59	0.01725	0.08285	2.62	82282	6817	395210	1635427	19.88
1968	60-64	0.02641	0.12420	2.61	75465	9372	354940	1240217	16.43
1968	65-69	0.03830	0.17510	2.55	66093	11573	302151	885277	13.39
1968	70-74	0.05711	0.25009	2.52	54520	13635	238768	583126	10.70
1968	75-79	0.08074	0.33524	2.47	40885	13706	169749	344358	8.42
1968	80-84	0.11922	0.45698	2.45	27179	12420	104176	174609	6.42
1968	85-89	0.17784	0.59936	2.28	14759	8846	49739	70433	4.77
1968	90-94	0.26559	0.75222	2.12	5913	4448	16747	20694	3.50
1968	95-99	0.35702	0.84842	1.91	1465	1243	3482	3947	2.69
1968	100-104	0.46956	0.91855	1.69	222	204	434	465	2.09
1968	105-109	0.58575	0.95731	1.48	18	17	30	31	1.70
1968	110+	0.67779	1.00000	1.48	1	1	1	1	1.48
1969	0	0.02283	0.02237	0.11	100000	2237	98001	6789179	67.89
1969	1-4	0.00095	0.00378	1.66	97763	370	390187	6691178	68.44
1969	5-9	0.00049	0.00246	2.38	97393	240	486337	6300991	64.70
1969	10-14	0.00048	0.00242	2.9	97153	235	485272	5814655	59.85
1969	15-19	0.00170	0.00848	2.85	96918	822	482829	5329383	54.99
1969	20-24	0.00226	0.01121	2.46	96097	1078	477746	4846554	50.43
1969	25-29	0.00209	0.01041	2.51	95019	989	472638	4368808	45.98
1969	30-34	0.00217	0.01078	2.58	94031	1014	467700	3896170	41.44
1969	35-39	0.00295	0.01464	2.63	93017	1362	461853	3428470	36.86
1969	40-44	0.00439	0.02171	2.68	91655	1990	453661	2966617	32.37
1969	45-49	0.00671	0.03304	2.64	89665	2963	441346	2512955	28.03
1969	50-54	0.01080	0.05267	2.68	86702	4567	422936	2071610	23.89
1969	55-59	0.01663	0.07999	2.63	82135	6570	395135	1648674	20.07
1969	60-64	0.02563	0.12075	2.6	75565	9125	355971	1253538	16.59
1969	65-69	0.03773	0.17272	2.56	66440	11476	304181	897568	13.51
1969	70-74	0.05513	0.24283	2.55	54965	13347	242094	593387	10.80
1969	75-79	0.08011	0.33298	2.47	41618	13858	172992	351293	8.44
1969	80-84	0.11952	0.45731	2.43	27760	12695	106217	178301	6.42
1969	85-89	0.17957	0.60540	2.31	15065	9120	50789	72084	4.78
1969	90-94	0.25776	0.74234	2.14	5945	4413	17121	21295	3.58
1969	95-99	0.35260	0.84446	1.92	1532	1293	3668	4174	2.73
1969	100-104	0.46275	0.91524	1.7	238	218	471	506	2.12
1969	105-109	0.57708	0.95509	1.5	20	19	33	35	1.72
1969	110+	0.66808	1.00000	1.5	1	1	1	1	1.50
1970	0	0.02117	0.02077	0.1	100000	2077	98134	6822320	68.22
1970	1-4	0.00096	0.00383	1.75	97923	375	390846	6724186	68.67
1970	5-9	0.00049	0.00245	2.25	97548	239	487083	6333340	64.93
1970	10-14	0.00051	0.00255	2.78	97309	248	485992	5846257	60.08
1970	15-19	0.00162	0.00809	2.93	97061	785	483674	5360265	55.23
1970	20-24	0.00223	0.01109	2.41	96275	1068	478609	4876591	50.65
1970	25-29	0.00201	0.00998	2.51	95207	950	473671	4397981	46.19
1970	30-34	0.00205	0.01022	2.57	94257	963	468947	3924310	41.63
1970	35-39	0.00287	0.01424	2.65	93294	1329	463351	3455363	37.04
1970	40-44	0.00431	0.02135	2.7	91965	1964	455306	2992012	32.53
1970	45-49	0.00672	0.03308	2.66	90002	2977	443049	2536705	28.19
1970	50-54	0.01037	0.05066	2.7	87025	4408	424975	2093656	24.06
1970	55-59	0.01660	0.07982	2.62	82616	6595	397368	1668681	20.20
1970	60-64	0.02522	0.11892	2.61	76022	9041	358490	1271313	16.72
1970	65-69	0.03742	0.17151	2.57	66981	11488	306970	912823	13.63
1970	70-74	0.05387	0.23807	2.56	55493	13211	245229	605853	10.92
1970	75-79	0.08081	0.33559	2.48	42281	14189	175597	360624	8.53
1970	80-84	0.11609	0.44702	2.43	28092	12558	108172	185027	6.59
1970	85-89	0.17125	0.58527	2.3	15534	9092	53091	76856	4.95
1970	90-94	0.24956	0.72876	2.15	6443	4695	18814	23765	3.69
1970	95-99	0.33783	0.83105	1.94	1748	1452	4299	4951	2.83
1970	100-104	0.44394	0.90570	1.73	295	267	602	652	2.21
1970	105-109	0.55573	0.94926	1.53	28	26	48	50	1.79
1970	110+	0.64567	1.00000	1.55	1	1	2	2	1.55
1971	0	0.01956	0.01922	0.1	100000	1922	98266	6837246	68.37
1971	1-4	0.00099	0.00397	1.7	98078	389	391417	6738980	68.71
1971	5-9	0.00051	0.00253	2.31	97689	248	487780	6347563	64.98
1971	10-14	0.00048	0.00237	2.75	97442	231	486688	5859783	60.14
1971	15-19	0.00164	0.00818	2.89	97210	795	484376	5373095	55.27
1971	20-24	0.00219	0.01091	2.44	96416	1052	479390	4888718	50.70
1971	25-29	0.00194	0.00968	2.53	95364	923	474534	4409329	46.24
1971	30-34	0.00210	0.01045	2.52	94441	987	469754	3934795	41.66
1971	35-39	0.00280	0.01390	2.7	93454	1299	464279	3465041	37.08
1971	40-44	0.00418	0.02070	2.68	92155	1908	456349	3000762	32.56
1971	45-49	0.00658	0.03239	2.68	90247	2924	444450	2544413	28.19
1971	50-54	0.01047	0.05111	2.66	87323	4463	426163	2099963	24.05
1971	55-59	0.01619	0.07796	2.65	82861	6460	399096	1673801	20.20
1971	60-64	0.02517	0.11872	2.62	76401	9070	360388	1274705	16.68
1971	65-69	0.03692	0.16934	2.56	67331	11402	308796	914317	13.58
1971	70-74	0.05443	0.24016	2.55	55929	13432	246764	605520	10.83
1971	75-79	0.08276	0.34264	2.49	42497	14561	175948	358757	8.44
1971	80-84	0.11596	0.44650	2.43	27936	12473	107568	182809	6.54
1971	85-89	0.17665	0.59822	2.3	15463	9250	52364	75240	4.87
1971	90-94	0.24827	0.72703	2.15	6213	4517	18193	22876	3.68
1971	95-99	0.34739	0.84002	1.93	1696	1425	4101	4683	2.76
1971	100-104	0.45757	0.91283	1.71	271	248	541	582	2.15
1971	105-109	0.57247	0.95395	1.51	24	23	39	41	1.74
1971	110+	0.66415	1.00000	1.51	1	1	2	2	1.51
1972	0	0.01833	0.01803	0.09	100000	1803	98367	6867014	68.67
1972	1-4	0.00096	0.00384	1.7	98197	377	391919	6768647	68.93
1972	5-9	0.00045	0.00225	2.36	97820	220	488519	6376728	65.19
1972	10-14	0.00050	0.00250	2.68	97600	244	487433	5888209	60.33
1972	15-19	0.00170	0.00845	2.87	97356	823	485023	5400776	55.47
1972	20-24	0.00223	0.01107	2.41	96533	1068	479902	4915753	50.92
1972	25-29	0.00207	0.01027	2.5	95464	981	474871	4435852	46.47
1972	30-34	0.00210	0.01044	2.58	94484	987	470034	3960981	41.92
1972	35-39	0.00276	0.01370	2.66	93497	1281	464491	3490947	37.34
1972	40-44	0.00421	0.02083	2.66	92216	1921	456581	3026456	32.82
1972	45-49	0.00648	0.03193	2.65	90295	2883	444701	2569876	28.46
1972	50-54	0.00985	0.04813	2.65	87412	4207	427191	2125175	24.31
1972	55-59	0.01577	0.07598	2.62	83205	6322	401000	1697984	20.41
1972	60-64	0.02487	0.11748	2.65	76883	9032	363166	1296984	16.87
1972	65-69	0.03558	0.16391	2.6	67851	11121	312533	933818	13.76
1972	70-74	0.05273	0.23347	2.55	56730	13245	251173	621285	10.95
1972	75-79	0.08252	0.34151	2.48	43485	14850	179958	370112	8.51
1972	80-84	0.11486	0.44378	2.44	28635	12707	110636	190154	6.64
1972	85-89	0.16812	0.57828	2.3	15927	9210	54785	79518	4.99
1972	90-94	0.25059	0.73828	2.22	6717	4959	19789	24733	3.68
1972	95-99	0.34038	0.83367	1.94	1758	1466	4306	4944	2.81
1972	100-104	0.44912	0.90858	1.72	292	266	592	639	2.18
1972	105-109	0.56331	0.95150	1.52	27	25	45	47	1.76
1972	110+	0.65486	1.00000	1.53	1	1	2	2	1.53
1973	0	0.01787	0.01759	0.09	100000	1759	98405	6886095	68.86
1973	1-4	0.00090	0.00359	1.67	98241	352	392145	6787691	69.09
1973	5-9	0.00045	0.00222	2.33	97889	218	488863	6395546	65.33
1973	10-14	0.00047	0.00233	2.75	97671	227	487846	5906683	60.48
1973	15-19	0.00166	0.00826	2.93	97444	805	485556	5418837	55.61
1973	20-24	0.00223	0.01108	2.48	96639	1070	480500	4933281	51.05
1973	25-29	0.00200	0.00995	2.51	95569	951	475479	4452781	46.59
1973	30-34	0.00217	0.01080	2.5	94618	1022	470538	3977301	42.04
1973	35-39	0.00264	0.01311	2.59	93596	1227	465026	3506764	37.47
1973	40-44	0.00391	0.01937	2.65	92369	1789	457634	3041738	32.93
1973	45-49	0.00630	0.03103	2.65	90580	2810	446298	2584104	28.53
1973	50-54	0.00970	0.04743	2.65	87770	4163	429078	2137806	24.36
1973	55-59	0.01562	0.07533	2.63	83606	6298	403114	1708728	20.44
1973	60-64	0.02403	0.11361	2.6	77308	8783	365460	1305614	16.89
1973	65-69	0.03546	0.16334	2.59	68525	11193	315668	940154	13.72
1973	70-74	0.05350	0.23643	2.54	57332	13555	253357	624486	10.89
1973	75-79	0.08039	0.33447	2.49	43777	14642	182131	371129	8.48
1973	80-84	0.11730	0.44965	2.41	29135	13101	111689	188997	6.49
1973	85-89	0.17584	0.59622	2.3	16035	9560	54369	77309	4.82
1973	90-94	0.26104	0.74198	2.09	6474	4804	18403	22940	3.54
1973	95-99	0.35375	0.84567	1.91	1671	1413	3994	4537	2.72
1973	100-104	0.46596	0.91691	1.69	258	236	507	544	2.11
1973	105-109	0.58219	0.95645	1.49	21	20	35	37	1.71
1973	110+	0.67443	1.00000	1.48	1	1	1	1	1.48
1974	0	0.01747	0.01719	0.09	100000	1719	98439	6941415	69.41
1974	1-4	0.00088	0.00351	1.72	98281	345	392337	6842976	69.63
1974	5-9	0.00044	0.00221	2.4	97936	216	489116	6450639	65.87
1974	10-14	0.00046	0.00231	2.91	97719	225	488126	5961523	61.01
1974	15-19	0.00161	0.00802	2.9	97494	782	485827	5473397	56.14
1974	20-24	0.00217	0.01077	2.48	96712	1042	480939	4987570	51.57
1974	25-29	0.00187	0.00932	2.39	95670	892	476026	4506630	47.11
1974	30-34	0.00198	0.00986	2.53	94778	934	471583	4030604	42.53
1974	35-39	0.00262	0.01302	2.65	93844	1222	466349	3559021	37.92
1974	40-44	0.00382	0.01892	2.67	92622	1753	459027	3092672	33.39
1974	45-49	0.00610	0.03006	2.68	90869	2731	448019	2633645	28.98
1974	50-54	0.00950	0.04647	2.65	88138	4096	431058	2185626	24.80
1974	55-59	0.01474	0.07126	2.66	84042	5989	406185	1754568	20.88
1974	60-64	0.02314	0.10963	2.6	78053	8557	369766	1348383	17.28
1974	65-69	0.03401	0.15721	2.6	69496	10926	321250	978617	14.08
1974	70-74	0.05128	0.22769	2.54	58571	13336	260048	657367	11.22
1974	75-79	0.07566	0.31809	2.5	45234	14389	190178	397319	8.78
1974	80-84	0.11149	0.43401	2.45	30846	13387	120072	207141	6.72
1974	85-89	0.17113	0.58632	2.32	17458	10236	59816	87069	4.99
1974	90-94	0.24151	0.71613	2.16	7222	5172	21415	27253	3.77
1974	95-99	0.33567	0.82932	1.95	2050	1700	5065	5838	2.85
1974	100-104	0.44376	0.90582	1.73	350	317	714	773	2.21
1974	105-109	0.55778	0.94997	1.53	33	31	56	59	1.78
1974	110+	0.64945	1.00000	1.54	2	2	3	3	1.54
1975	0	0.01643	0.01619	0.09	100000	1619	98525	6982266	69.82
1975	1-4	0.00083	0.00331	1.67	98381	326	392763	6883741	69.97
1975	5-9	0.00039	0.00195	2.29	98055	191	489755	6490977	66.20
1975	10-14	0.00043	0.00214	2.81	97864	210	488859	6001222	61.32
1975	15-19	0.00147	0.00734	2.99	97654	716	486830	5512363	56.45
1975	20-24	0.00221	0.01099	2.54	96937	1065	482072	5025534	51.84
1975	25-29	0.00202	0.01006	2.4	95873	964	476853	4543462	47.39
1975	30-34	0.00199	0.00992	2.53	94908	941	472222	4066610	42.85
1975	35-39	0.00257	0.01278	2.56	93967	1201	466907	3594388	38.25
1975	40-44	0.00365	0.01808	2.67	92766	1677	459915	3127480	33.71
1975	45-49	0.00576	0.02844	2.69	91089	2591	449446	2667565	29.29
1975	50-54	0.00916	0.04483	2.64	88498	3968	433136	2218119	25.06
1975	55-59	0.01418	0.06860	2.65	84530	5798	409011	1784983	21.12
1975	60-64	0.02235	0.10618	2.65	78732	8360	374039	1375972	17.48
1975	65-69	0.03354	0.15521	2.6	70372	10922	325608	1001933	14.24
1975	70-74	0.05010	0.22333	2.57	59450	13277	264991	676326	11.38
1975	75-79	0.07448	0.31423	2.52	46173	14509	194810	411334	8.91
1975	80-84	0.10900	0.42699	2.46	31664	13520	124038	216524	6.84
1975	85-89	0.16444	0.57191	2.34	18144	10377	63101	92486	5.10
1975	90-94	0.24067	0.71251	2.14	7767	5534	22995	29385	3.78
1975	95-99	0.33361	0.82762	1.96	2233	1848	5539	6390	2.86
1975	100-104	0.44344	0.90584	1.74	385	349	786	851	2.21
1975	105-109	0.55942	0.95055	1.53	36	34	62	64	1.77
1975	110+	0.65262	1.00000	1.53	2	2	3	3	1.53
1976	0	0.01542	0.01521	0.09	100000	1521	98610	7018307	70.18
1976	1-4	0.00088	0.00350	1.61	98479	344	393094	6919697	70.27
1976	5-9	0.00038	0.00192	2.28	98135	188	490162	6526603	66.51
1976	10-14	0.00041	0.00206	2.76	97947	202	489281	6036441	61.63
1976	15-19	0.00144	0.00717	2.93	97745	700	487272	5547160	56.75
1976	20-24	0.00210	0.01044	2.51	97044	1013	482694	5059888	52.14
1976	25-29	0.00196	0.00975	2.49	96031	936	477806	4577194	47.66
1976	30-34	0.00199	0.00989	2.56	95095	941	473182	4099388	43.11
1976	35-39	0.00247	0.01230	2.63	94154	1158	468024	3626207	38.51
1976	40-44	0.00353	0.01753	2.66	92996	1630	461171	3158183	33.96
1976	45-49	0.00569	0.02806	2.67	91366	2563	450861	2697012	29.52
1976	50-54	0.00894	0.04377	2.65	88803	3887	434875	2246151	25.29
1976	55-59	0.01372	0.06648	2.66	84916	5645	411354	1811276	21.33
1976	60-64	0.02172	0.10329	2.62	79271	8188	376891	1399922	17.66
1976	65-69	0.03291	0.15248	2.6	71083	10839	329354	1023031	14.39
1976	70-74	0.04791	0.21432	2.54	60245	12912	269509	693676	11.51
1976	75-79	0.07362	0.31116	2.51	47333	14728	200050	424168	8.96
1976	80-84	0.10795	0.42421	2.48	32605	13831	128126	224118	6.87
1976	85-89	0.16367	0.56958	2.33	18773	10693	65331	95992	5.11
1976	90-94	0.23925	0.71211	2.16	8080	5754	24051	30661	3.79
1976	95-99	0.33613	0.83021	1.95	2326	1931	5746	6610	2.84
1976	100-104	0.44815	0.90844	1.73	395	359	801	864	2.19
1976	105-109	0.56607	0.95246	1.52	36	34	61	63	1.75
1976	110+	0.66050	1.00000	1.51	2	2	3	3	1.51
1977	0	0.01452	0.01433	0.08	100000	1433	98688	7063256	70.63
1977	1-4	0.00076	0.00304	1.64	98567	300	393562	6964568	70.66
1977	5-9	0.00041	0.00207	2.28	98268	203	490784	6571006	66.87
1977	10-14	0.00041	0.00205	2.77	98064	201	489873	6080222	62.00
1977	15-19	0.00158	0.00788	2.91	97863	771	487702	5590349	57.12
1977	20-24	0.00214	0.01063	2.49	97092	1032	482872	5102647	52.55
1977	25-29	0.00199	0.00992	2.48	96060	953	477903	4619775	48.09
1977	30-34	0.00186	0.00924	2.56	95108	879	473393	4141872	43.55
1977	35-39	0.00235	0.01170	2.61	94229	1102	468511	3668479	38.93
1977	40-44	0.00347	0.01719	2.63	93126	1601	461840	3199968	34.36
1977	45-49	0.00534	0.02638	2.73	91525	2414	452139	2738128	29.92
1977	50-54	0.00869	0.04260	2.65	89111	3796	436650	2285989	25.65
1977	55-59	0.01335	0.06470	2.64	85315	5520	413567	1849339	21.68
1977	60-64	0.02101	0.10006	2.62	79794	7984	379986	1435772	17.99
1977	65-69	0.03117	0.14495	2.59	71810	10409	333934	1055786	14.70
1977	70-74	0.04684	0.21044	2.59	61402	12921	275854	721851	11.76
1977	75-79	0.06992	0.29792	2.52	48480	14443	206578	445997	9.20
1977	80-84	0.10557	0.41713	2.49	34037	14198	134486	239419	7.03
1977	85-89	0.15548	0.55091	2.36	19839	10930	70295	104933	5.29
1977	90-94	0.23350	0.70149	2.15	8909	6250	26766	34637	3.89
1977	95-99	0.32124	0.81543	1.98	2660	2169	6751	7871	2.96
1977	100-104	0.42855	0.89765	1.76	491	441	1028	1120	2.28
1977	105-109	0.54327	0.94582	1.55	50	48	87	92	1.83
1977	110+	0.63619	1.00000	1.57	3	3	4	4	1.57
1978	0	0.01401	0.01383	0.08	100000	1383	98731	7069473	70.69
1978	1-4	0.00082	0.00326	1.68	98617	321	393724	6970741	70.68
1978	5-9	0.00037	0.00184	2.38	98296	181	491005	6577017	66.91
1978	10-14	0.00043	0.00215	2.84	98115	211	490120	6086012	62.03
1978	15-19	0.00154	0.00768	2.94	97904	752	487971	5595892	57.16
1978	20-24	0.00216	0.01074	2.47	97152	1043	483127	5107920	52.58
1978	25-29	0.00198	0.00987	2.51	96109	948	478182	4624793	48.12
1978	30-34	0.00193	0.00963	2.56	95161	916	473566	4146612	43.57
1978	35-39	0.00242	0.01201	2.59	94245	1132	468498	3673045	38.97
1978	40-44	0.00341	0.01691	2.64	93113	1575	461851	3204548	34.42
1978	45-49	0.00542	0.02676	2.66	91538	2449	451967	2742696	29.96
1978	50-54	0.00851	0.04173	2.66	89089	3718	436761	2290729	25.71
1978	55-59	0.01321	0.06403	2.63	85371	5466	413903	1853968	21.72
1978	60-64	0.02073	0.09879	2.63	79905	7894	380804	1440065	18.02
1978	65-69	0.03082	0.14354	2.61	72011	10337	335351	1059261	14.71
1978	70-74	0.04688	0.21039	2.56	61674	12976	276764	723910	11.74
1978	75-79	0.06941	0.29590	2.51	48699	14410	207594	447146	9.18
1978	80-84	0.10558	0.41557	2.44	34289	14249	134958	239552	6.99
1978	85-89	0.15875	0.55762	2.33	20040	11174	70391	104594	5.22
1978	90-94	0.23585	0.70862	2.18	8865	6282	26636	34203	3.86
1978	95-99	0.32493	0.81918	1.97	2583	2116	6512	7567	2.93
1978	100-104	0.43327	0.90034	1.75	467	421	971	1055	2.26
1978	105-109	0.54866	0.94746	1.55	47	44	80	84	1.81
1978	110+	0.64188	1.00000	1.56	2	2	4	4	1.56
1979	0	0.01359	0.01342	0.08	100000	1342	98767	7104494	71.04
1979	1-4	0.00076	0.00305	1.65	98658	301	393924	7005726	71.01
1979	5-9	0.00037	0.00183	2.3	98357	180	491301	6611803	67.22
1979	10-14	0.00040	0.00198	2.78	98177	195	490455	6120502	62.34
1979	15-19	0.00158	0.00788	2.96	97983	772	488342	5630047	57.46
1979	20-24	0.00216	0.01076	2.47	97211	1046	483409	5141706	52.89
1979	25-29	0.00208	0.01035	2.46	96165	995	478299	4658297	48.44
1979	30-34	0.00186	0.00927	2.46	95170	882	473613	4179999	43.92
1979	35-39	0.00231	0.01146	2.58	94288	1081	468819	3706385	39.31
1979	40-44	0.00328	0.01626	2.64	93207	1515	462457	3237566	34.74
1979	45-49	0.00525	0.02594	2.67	91692	2379	452912	2775110	30.27
1979	50-54	0.00823	0.04036	2.65	89313	3605	438107	2322198	26.00
1979	55-59	0.01271	0.06172	2.66	85708	5290	416142	1884091	21.98
1979	60-64	0.01965	0.09396	2.67	80418	7556	384453	1467950	18.25
1979	65-69	0.02992	0.13957	2.6	72862	10170	339940	1083496	14.87
1979	70-74	0.04555	0.20502	2.57	62692	12853	282180	743556	11.86
1979	75-79	0.06869	0.29347	2.52	49839	14626	212919	461376	9.26
1979	80-84	0.10422	0.41132	2.44	35213	14484	138974	248457	7.06
1979	85-89	0.15745	0.55504	2.34	20729	11505	73075	109483	5.28
1979	90-94	0.22936	0.70040	2.22	9224	6460	28167	36408	3.95
1979	95-99	0.31853	0.81258	1.99	2763	2245	7050	8241	2.98
1979	100-104	0.42474	0.89539	1.77	518	464	1092	1192	2.30
1979	105-109	0.53861	0.94435	1.56	54	51	95	100	1.84
1979	110+	0.63103	1.00000	1.58	3	3	5	5	1.58
1980	0	0.01292	0.01277	0.08	100000	1277	98825	7102368	71.02
1980	1-4	0.00076	0.00305	1.61	98723	301	394172	7003543	70.94
1980	5-9	0.00036	0.00178	2.43	98422	175	491660	6609372	67.15
1980	10-14	0.00039	0.00192	2.78	98247	189	490816	6117711	62.27
1980	15-19	0.00153	0.00761	2.9	98058	746	488723	5626896	57.38
1980	20-24	0.00206	0.01027	2.49	97312	999	484056	5138172	52.80
1980	25-29	0.00200	0.00994	2.47	96313	957	479139	4654117	48.32
1980	30-34	0.00193	0.00958	2.51	95356	914	474507	4174978	43.78
1980	35-39	0.00232	0.01155	2.59	94442	1091	469584	3700470	39.18
1980	40-44	0.00325	0.01613	2.62	93351	1505	463166	3230886	34.61
1980	45-49	0.00526	0.02598	2.66	91846	2386	453645	2767720	30.13
1980	50-54	0.00820	0.04025	2.67	89459	3601	438900	2314075	25.87
1980	55-59	0.01293	0.06275	2.64	85858	5388	416592	1875174	21.84
1980	60-64	0.01955	0.09342	2.64	80470	7517	384605	1458583	18.13
1980	65-69	0.03054	0.14228	2.6	72953	10379	339869	1073978	14.72
1980	70-74	0.04616	0.20741	2.56	62574	12979	281158	734109	11.73
1980	75-79	0.06942	0.29610	2.52	49595	14685	211531	452951	9.13
1980	80-84	0.10649	0.41906	2.46	34910	14629	137372	241420	6.92
1980	85-89	0.16130	0.56287	2.32	20280	11415	70769	104048	5.13
1980	90-94	0.24324	0.72074	2.17	8865	6389	26268	33279	3.75
1980	95-99	0.33726	0.83145	1.95	2476	2058	6103	7011	2.83
1980	100-104	0.45092	0.90998	1.72	417	380	842	908	2.17
1980	105-109	0.57036	0.95366	1.51	38	36	63	65	1.74
1980	110+	0.66578	1.00000	1.5	2	2	3	3	1.50
1981	0	0.01186	0.01174	0.08	100000	1174	98917	7152581	71.53
1981	1-4	0.00071	0.00284	1.67	98826	281	394652	7053664	71.37
1981	5-9	0.00035	0.00176	2.36	98545	173	492271	6659012	67.57
1981	10-14	0.00039	0.00196	2.84	98372	193	491445	6166742	62.69
1981	15-19	0.00136	0.00680	2.97	98179	668	489537	5675296	57.81
1981	20-24	0.00194	0.00967	2.5	97512	943	485204	5185759	53.18
1981	25-29	0.00183	0.00912	2.5	96569	881	480640	4700555	48.68
1981	30-34	0.00196	0.00976	2.5	95688	934	476102	4219916	44.10
1981	35-39	0.00221	0.01099	2.65	94753	1041	471318	3743813	39.51
1981	40-44	0.00322	0.01597	2.63	93712	1496	465011	3272495	34.92
1981	45-49	0.00508	0.02511	2.66	92216	2316	455662	2807484	30.44
1981	50-54	0.00804	0.03948	2.66	89900	3549	441195	2351822	26.16
1981	55-59	0.01253	0.06083	2.63	86351	5253	419326	1910627	22.13
1981	60-64	0.01894	0.09062	2.64	81098	7349	388139	1491301	18.39
1981	65-69	0.02941	0.13736	2.6	73749	10130	344445	1103161	14.96
1981	70-74	0.04520	0.20365	2.57	63619	12956	286621	758717	11.93
1981	75-79	0.06703	0.28758	2.53	50663	14569	217344	472096	9.32
1981	80-84	0.10441	0.41219	2.45	36094	14877	142492	254751	7.06
1981	85-89	0.15687	0.55441	2.36	21216	11762	74981	112259	5.29
1981	90-94	0.22882	0.69595	2.19	9454	6579	28754	37278	3.94
1981	95-99	0.32049	0.81468	1.98	2874	2342	7307	8524	2.97
1981	100-104	0.42779	0.89722	1.76	533	478	1117	1217	2.29
1981	105-109	0.54259	0.94562	1.56	55	52	95	100	1.83
1981	110+	0.63560	1.00000	1.57	3	3	5	5	1.57
1982	0	0.01148	0.01136	0.08	100000	1136	98950	7183649	71.84
1982	1-4	0.00064	0.00257	1.65	98864	254	394860	7084699	71.66
1982	5-9	0.00032	0.00161	2.38	98610	159	492635	6689839	67.84
1982	10-14	0.00036	0.00182	2.94	98452	179	491891	6197203	62.95
1982	15-19	0.00125	0.00623	2.96	98273	612	490113	5705313	58.06
1982	20-24	0.00180	0.00895	2.49	97660	874	486109	5215200	53.40
1982	25-29	0.00175	0.00870	2.5	96786	842	481826	4729090	48.86
1982	30-34	0.00182	0.00908	2.49	95945	871	477540	4247264	44.27
1982	35-39	0.00221	0.01098	2.65	95074	1044	472912	3769724	39.65
1982	40-44	0.00305	0.01512	2.65	94029	1422	466809	3296812	35.06
1982	45-49	0.00487	0.02406	2.67	92607	2229	457850	2830003	30.56
1982	50-54	0.00771	0.03785	2.67	90379	3421	443911	2372153	26.25
1982	55-59	0.01222	0.05937	2.63	86958	5162	422579	1928242	22.17
1982	60-64	0.01884	0.09016	2.62	81795	7375	391406	1505663	18.41
1982	65-69	0.02922	0.13662	2.63	74420	10167	347997	1114258	14.97
1982	70-74	0.04439	0.20045	2.59	64253	12880	290164	766261	11.93
1982	75-79	0.06811	0.29180	2.55	51374	14991	220090	476097	9.27
1982	80-84	0.10471	0.41410	2.48	36383	15066	143888	256007	7.04
1982	85-89	0.15761	0.55460	2.33	21317	11822	75010	112119	5.26
1982	90-94	0.23074	0.70024	2.19	9495	6648	28813	37109	3.91
1982	95-99	0.32659	0.82104	1.97	2846	2337	7155	8296	2.91
1982	100-104	0.43694	0.90252	1.75	509	460	1052	1141	2.24
1982	105-109	0.55422	0.94917	1.54	50	47	85	89	1.79
1982	110+	0.64873	1.00000	1.54	3	3	4	4	1.54
1983	0	0.01078	0.01067	0.07	100000	1067	99012	7222850	72.23
1983	1-4	0.00064	0.00257	1.66	98933	254	395138	7123838	72.01
1983	5-9	0.00033	0.00166	2.38	98679	164	492968	6728701	68.19
1983	10-14	0.00034	0.00172	2.83	98516	169	492210	6235733	63.30
1983	15-19	0.00118	0.00586	2.95	98346	576	490551	5743523	58.40
1983	20-24	0.00168	0.00835	2.5	97770	817	486810	5252971	53.73
1983	25-29	0.00167	0.00833	2.5	96953	807	482745	4766162	49.16
1983	30-34	0.00179	0.00893	2.52	96146	859	478600	4283417	44.55
1983	35-39	0.00205	0.01022	2.58	95287	974	474074	3804817	39.93
1983	40-44	0.00300	0.01487	2.6	94313	1403	468199	3330742	35.32
1983	45-49	0.00461	0.02283	2.68	92910	2121	459637	2862543	30.81
1983	50-54	0.00752	0.03693	2.68	90789	3353	446155	2402906	26.47
1983	55-59	0.01210	0.05885	2.65	87436	5145	425077	1956750	22.38
1983	60-64	0.01823	0.08738	2.64	82291	7191	394464	1531674	18.61
1983	65-69	0.02811	0.13181	2.64	75100	9899	352157	1137210	15.14
1983	70-74	0.04352	0.19692	2.59	65201	12839	295021	785053	12.04
1983	75-79	0.06685	0.28702	2.54	52362	15029	224804	490032	9.36
1983	80-84	0.10268	0.40726	2.46	37333	15204	148076	265228	7.10
1983	85-89	0.15602	0.55227	2.36	22129	12221	78328	117152	5.29
1983	90-94	0.22969	0.69644	2.17	9908	6900	30040	38824	3.92
1983	95-99	0.32575	0.82036	1.97	3008	2467	7574	8784	2.92
1983	100-104	0.43721	0.90279	1.75	540	488	1116	1209	2.24
1983	105-109	0.55574	0.94968	1.53	53	50	90	94	1.79
1983	110+	0.65119	1.00000	1.54	3	3	4	4	1.54
1984	0	0.01081	0.01071	0.07	100000	1071	99009	7214684	72.15
1984	1-4	0.00060	0.00239	1.61	98929	237	395152	7115675	71.93
1984	5-9	0.00032	0.00160	2.33	98693	158	493042	6720523	68.10
1984	10-14	0.00033	0.00167	2.69	98535	164	492295	6227481	63.20
1984	15-19	0.00122	0.00609	2.9	98370	599	490591	5735186	58.30
1984	20-24	0.00178	0.00884	2.51	97772	864	486707	5244594	53.64
1984	25-29	0.00167	0.00831	2.44	96907	805	482472	4757887	49.10
1984	30-34	0.00185	0.00921	2.57	96102	885	478359	4275416	44.49
1984	35-39	0.00221	0.01097	2.58	95217	1045	473550	3797056	39.88
1984	40-44	0.00297	0.01477	2.59	94172	1391	467510	3323506	35.29
1984	45-49	0.00451	0.02232	2.67	92781	2071	459080	2855996	30.78
1984	50-54	0.00743	0.03653	2.67	90710	3313	445818	2396916	26.42
1984	55-59	0.01197	0.05823	2.66	87397	5089	425083	1951098	22.32
1984	60-64	0.01855	0.08889	2.65	82308	7316	394325	1526015	18.54
1984	65-69	0.02815	0.13207	2.66	74991	9904	351771	1131690	15.09
1984	70-74	0.04351	0.19688	2.59	65088	12814	294521	779918	11.98
1984	75-79	0.06707	0.28780	2.54	52273	15044	224311	485398	9.29
1984	80-84	0.10437	0.41242	2.46	37229	15354	147110	261086	7.01
1984	85-89	0.15938	0.56043	2.35	21875	12259	76918	113976	5.21
1984	90-94	0.23458	0.70766	2.2	9616	6805	29008	37058	3.85
1984	95-99	0.33296	0.82746	1.96	2811	2326	6986	8050	2.86
1984	100-104	0.44645	0.90775	1.73	485	440	986	1065	2.20
1984	105-109	0.56622	0.95260	1.52	45	43	75	78	1.75
1984	110+	0.66212	1.00000	1.51	2	2	3	3	1.51
1985	0	0.01139	0.01127	0.08	100000	1127	98958	7208896	72.09
1985	1-4	0.00061	0.00245	1.63	98873	242	394917	7109938	71.91
1985	5-9	0.00031	0.00154	2.46	98631	152	492768	6715021	68.08
1985	10-14	0.00034	0.00171	2.81	98479	168	492026	6222254	63.18
1985	15-19	0.00121	0.00603	2.92	98311	593	490321	5730228	58.29
1985	20-24	0.00172	0.00858	2.53	97718	838	486522	5239907	53.62
1985	25-29	0.00172	0.00857	2.51	96879	830	482330	4753386	49.06
1985	30-34	0.00191	0.00952	2.54	96049	915	477996	4271055	44.47
1985	35-39	0.00229	0.01138	2.56	95135	1083	473029	3793059	39.87
1985	40-44	0.00303	0.01505	2.61	94052	1415	466878	3320030	35.30
1985	45-49	0.00460	0.02276	2.63	92637	2108	458193	2853152	30.80
1985	50-54	0.00729	0.03582	2.65	90528	3243	445015	2394958	26.46
1985	55-59	0.01195	0.05812	2.65	87286	5073	424509	1949944	22.34
1985	60-64	0.01828	0.08759	2.61	82213	7201	393877	1525435	18.55
1985	65-69	0.02746	0.12888	2.62	75011	9668	352078	1131558	15.09
1985	70-74	0.04369	0.19757	2.58	65344	12910	295489	779480	11.93
1985	75-79	0.06809	0.29153	2.54	52434	15286	224490	483991	9.23
1985	80-84	0.10461	0.41317	2.46	37148	15349	146718	259501	6.99
1985	85-89	0.15967	0.56090	2.35	21799	12227	76578	112784	5.17
1985	90-94	0.24051	0.71520	2.17	9572	6846	28465	36206	3.78
1985	95-99	0.33611	0.83052	1.95	2726	2264	6736	7741	2.84
1985	100-104	0.45083	0.91004	1.72	462	420	933	1005	2.17
1985	105-109	0.57147	0.95402	1.51	42	40	69	72	1.74
1985	110+	0.66778	1.00000	1.5	2	2	3	3	1.50
1986	0	0.01057	0.01046	0.07	100000	1046	99030	7223818	72.24
1986	1-4	0.00059	0.00235	1.65	98954	232	395269	7124788	72.00
1986	5-9	0.00027	0.00137	2.37	98721	136	493251	6729519	68.17
1986	10-14	0.00036	0.00178	2.93	98586	176	492567	6236267	63.26
1986	15-19	0.00136	0.00677	2.89	98410	666	490649	5743701	58.36
1986	20-24	0.00184	0.00914	2.49	97744	893	486477	5253051	53.74
1986	25-29	0.00181	0.00902	2.52	96851	874	482091	4766575	49.22
1986	30-34	0.00210	0.01044	2.58	95977	1002	477460	4284484	44.64
1986	35-39	0.00255	0.01268	2.55	94975	1205	471920	3807024	40.08
1986	40-44	0.00313	0.01555	2.62	93771	1458	465382	3335104	35.57
1986	45-49	0.00461	0.02282	2.64	92313	2106	456597	2869722	31.09
1986	50-54	0.00724	0.03562	2.65	90206	3213	443488	2413124	26.75
1986	55-59	0.01151	0.05603	2.66	86994	4874	423583	1969636	22.64
1986	60-64	0.01795	0.08610	2.64	82120	7070	393884	1546054	18.83
1986	65-69	0.02686	0.12616	2.6	75050	9468	352570	1152170	15.35
1986	70-74	0.04281	0.19395	2.58	65581	12720	297109	799600	12.19
1986	75-79	0.06401	0.27662	2.55	52861	14623	228443	502490	9.51
1986	80-84	0.10123	0.40288	2.47	38239	15406	152189	274047	7.17
1986	85-89	0.15276	0.54345	2.35	22833	12409	81231	121858	5.34
1986	90-94	0.23266	0.70289	2.18	10425	7327	31494	40627	3.90
1986	95-99	0.32221	0.81684	1.98	3097	2530	7852	9133	2.95
1986	100-104	0.43318	0.90059	1.76	567	511	1179	1281	2.26
1986	105-109	0.55160	0.94850	1.54	56	53	97	101	1.80
1986	110+	0.64717	1.00000	1.55	3	3	4	4	1.55
1987	0	0.01076	0.01065	0.07	100000	1065	99014	7233013	72.33
1987	1-4	0.00060	0.00241	1.57	98935	239	395160	7134000	72.11
1987	5-9	0.00029	0.00146	2.46	98696	144	493115	6738840	68.28
1987	10-14	0.00036	0.00179	2.87	98552	177	492385	6245725	63.37
1987	15-19	0.00124	0.00618	2.93	98376	608	490620	5753341	58.48
1987	20-24	0.00173	0.00863	2.5	97768	843	486731	5262721	53.83
1987	25-29	0.00172	0.00857	2.48	96925	830	482530	4775990	49.28
1987	30-34	0.00210	0.01043	2.58	96094	1003	478045	4293460	44.68
1987	35-39	0.00255	0.01269	2.51	95092	1206	472454	3815415	40.12
1987	40-44	0.00320	0.01590	2.6	93886	1493	465842	3342961	35.61
1987	45-49	0.00455	0.02251	2.61	92393	2079	456990	2877118	31.14
1987	50-54	0.00726	0.03568	2.68	90313	3223	444094	2420129	26.80
1987	55-59	0.01145	0.05572	2.64	87090	4853	424018	1976035	22.69
1987	60-64	0.01788	0.08575	2.62	82237	7052	394387	1552017	18.87
1987	65-69	0.02621	0.12333	2.61	75186	9272	353795	1157630	15.40
1987	70-74	0.04193	0.19046	2.6	65913	12554	299393	803835	12.20
1987	75-79	0.06459	0.27911	2.57	53360	14893	230569	504442	9.45
1987	80-84	0.10106	0.40182	2.45	38467	15457	152944	273873	7.12
1987	85-89	0.15589	0.55188	2.35	23010	12699	81459	120929	5.26
1987	90-94	0.23667	0.70869	2.17	10311	7307	30877	39470	3.83
1987	95-99	0.33312	0.82793	1.96	3004	2487	7466	8593	2.86
1987	100-104	0.44928	0.90943	1.73	517	470	1046	1128	2.18
1987	105-109	0.57170	0.95418	1.51	47	45	78	81	1.74
1987	110+	0.66943	1.00000	1.49	2	2	3	3	1.49
1988	0	0.01025	0.01016	0.07	100000	1016	99058	7243565	72.44
1988	1-4	0.00054	0.00217	1.64	98984	215	395430	7144507	72.18
1988	5-9	0.00026	0.00131	2.38	98769	130	493507	6749077	68.33
1988	10-14	0.00036	0.00181	2.85	98640	178	492815	6255570	63.42
1988	15-19	0.00126	0.00629	2.91	98461	619	491015	5762755	58.53
1988	20-24	0.00166	0.00827	2.5	97842	809	487189	5271740	53.88
1988	25-29	0.00174	0.00866	2.54	97033	841	483097	4784551	49.31
1988	30-34	0.00213	0.01062	2.58	96193	1021	478490	4301454	44.72
1988	35-39	0.00266	0.01320	2.56	95172	1256	472795	3822964	40.17
1988	40-44	0.00318	0.01579	2.6	93915	1483	466020	3350169	35.67
1988	45-49	0.00457	0.02261	2.61	92432	2090	457172	2884149	31.20
1988	50-54	0.00697	0.03430	2.67	90342	3099	444501	2426977	26.86
1988	55-59	0.01121	0.05461	2.66	87243	4764	425078	1982477	22.72
1988	60-64	0.01781	0.08542	2.62	82479	7045	395655	1557398	18.88
1988	65-69	0.02644	0.12434	2.61	75434	9379	354754	1161744	15.40
1988	70-74	0.04160	0.18915	2.61	66054	12494	300373	806989	12.22
1988	75-79	0.06388	0.27609	2.54	53560	14787	231492	506616	9.46
1988	80-84	0.10203	0.40529	2.46	38773	15714	154019	275124	7.10
1988	85-89	0.15562	0.55172	2.36	23059	12722	81752	121105	5.25
1988	90-94	0.23742	0.70978	2.17	10337	7337	30902	39353	3.81
1988	95-99	0.33883	0.83348	1.95	3000	2500	7379	8451	2.82
1988	100-104	0.45751	0.91365	1.71	500	456	998	1071	2.14
1988	105-109	0.58173	0.95677	1.49	43	41	71	74	1.71
1988	110+	0.68030	1.00000	1.47	2	2	3	3	1.47
1989	0	0.01020	0.01010	0.07	100000	1010	99063	7264915	72.65
1989	1-4	0.00056	0.00223	1.56	98990	221	395422	7165852	72.39
1989	5-9	0.00026	0.00129	2.55	98769	128	493532	6770430	68.55
1989	10-14	0.00032	0.00159	2.83	98641	157	492865	6276898	63.63
1989	15-19	0.00126	0.00627	2.9	98484	618	491124	5784033	58.73
1989	20-24	0.00160	0.00799	2.54	97866	782	487405	5292909	54.08
1989	25-29	0.00184	0.00915	2.58	97084	889	483275	4805504	49.50
1989	30-34	0.00222	0.01103	2.61	96196	1061	478445	4322229	44.93
1989	35-39	0.00275	0.01366	2.54	95135	1300	472474	3843785	40.40
1989	40-44	0.00331	0.01644	2.61	93835	1542	465488	3371310	35.93
1989	45-49	0.00447	0.02210	2.63	92293	2040	456638	2905822	31.48
1989	50-54	0.00689	0.03390	2.69	90253	3060	444198	2449184	27.14
1989	55-59	0.01109	0.05405	2.65	87193	4713	424893	2004986	22.99
1989	60-64	0.01731	0.08315	2.63	82481	6859	396128	1580093	19.16
1989	65-69	0.02577	0.12145	2.63	75622	9184	356341	1183965	15.66
1989	70-74	0.03973	0.18147	2.62	66438	12056	303476	827624	12.46
1989	75-79	0.06123	0.26644	2.57	54381	14489	236652	524148	9.64
1989	80-84	0.09901	0.39633	2.48	39892	15811	159679	287497	7.21
1989	85-89	0.15344	0.54655	2.37	24082	13162	85777	127817	5.31
1989	90-94	0.23394	0.70538	2.19	10920	7703	32926	42040	3.85
1989	95-99	0.33651	0.83155	1.96	3217	2675	7950	9114	2.83
1989	100-104	0.45663	0.91338	1.72	542	495	1084	1164	2.15
1989	105-109	0.58255	0.95706	1.49	47	45	77	80	1.71
1989	110+	0.68241	1.00000	1.47	2	2	3	3	1.47
1990	0	0.00966	0.00957	0.07	100000	957	99111	7288694	72.89
1990	1-4	0.00052	0.00208	1.64	99043	206	395686	7189583	72.59
1990	5-9	0.00023	0.00117	2.33	98837	116	493876	6793897	68.74
1990	10-14	0.00031	0.00153	3	98721	152	493303	6300021	63.82
1990	15-19	0.00127	0.00636	2.88	98570	627	491521	5806718	58.91
1990	20-24	0.00173	0.00861	2.48	97943	843	487594	5315197	54.27
1990	25-29	0.00183	0.00912	2.53	97100	886	483311	4827603	49.72
1990	30-34	0.00220	0.01093	2.58	96214	1052	478524	4344292	45.15
1990	35-39	0.00279	0.01387	2.56	95163	1320	472598	3865768	40.62
1990	40-44	0.00332	0.01648	2.57	93843	1547	465451	3393170	36.16
1990	45-49	0.00456	0.02253	2.62	92296	2080	456540	2927719	31.72
1990	50-54	0.00671	0.03303	2.66	90216	2980	444117	2471179	27.39
1990	55-59	0.01064	0.05190	2.65	87236	4527	425563	2027062	23.24
1990	60-64	0.01690	0.08125	2.63	82709	6721	397591	1601500	19.36
1990	65-69	0.02512	0.11850	2.61	75988	9005	358432	1203908	15.84
1990	70-74	0.03883	0.17762	2.6	66984	11898	306412	845476	12.62
1990	75-79	0.05991	0.26121	2.55	55086	14389	240190	539064	9.79
1990	80-84	0.09603	0.38712	2.5	40697	15755	164052	298874	7.34
1990	85-89	0.14952	0.53590	2.36	24942	13367	89395	134822	5.41
1990	90-94	0.22878	0.69610	2.19	11576	8058	35221	45428	3.92
1990	95-99	0.32755	0.82293	1.98	3518	2895	8838	10207	2.90
1990	100-104	0.44580	0.90793	1.74	623	566	1269	1368	2.20
1990	105-109	0.57098	0.95415	1.51	57	55	96	100	1.74
1990	110+	0.67097	1.00000	1.49	3	3	4	4	1.49
1991	0	0.00894	0.00887	0.07	100000	887	99175	7314732	73.15
1991	1-4	0.00045	0.00179	1.61	99113	177	396030	7215557	72.80
1991	5-9	0.00024	0.00117	2.39	98936	116	494376	6819528	68.93
1991	10-14	0.00033	0.00163	3	98820	161	493777	6325152	64.01
1991	15-19	0.00133	0.00663	2.9	98659	654	491920	5831375	59.11
1991	20-24	0.00167	0.00830	2.47	98005	814	487963	5339455	54.48
1991	25-29	0.00170	0.00849	2.56	97191	825	483943	4851491	49.92
1991	30-34	0.00213	0.01059	2.6	96366	1020	479379	4367548	45.32
1991	35-39	0.00276	0.01371	2.58	95346	1307	473572	3888170	40.78
1991	40-44	0.00344	0.01704	2.57	94039	1603	466295	3414598	36.31
1991	45-49	0.00445	0.02202	2.63	92436	2035	457364	2948303	31.90
1991	50-54	0.00666	0.03276	2.64	90400	2962	445010	2490938	27.55
1991	55-59	0.01036	0.05057	2.66	87439	4422	426848	2045929	23.40
1991	60-64	0.01647	0.07926	2.63	83017	6580	399491	1619081	19.50
1991	65-69	0.02495	0.11777	2.62	76437	9002	360732	1219590	15.96
1991	70-74	0.03812	0.17453	2.59	67435	11770	308794	858858	12.74
1991	75-79	0.05810	0.25420	2.54	55665	14150	243536	550065	9.88
1991	80-84	0.09559	0.38516	2.48	41515	15990	167270	306529	7.38
1991	85-89	0.14792	0.53332	2.39	25525	13613	92031	139259	5.46
1991	90-94	0.22650	0.69423	2.21	11912	8270	36512	47228	3.96
1991	95-99	0.32248	0.81776	1.99	3642	2979	9236	10717	2.94
1991	100-104	0.43866	0.90406	1.75	664	600	1368	1480	2.23
1991	105-109	0.56238	0.95181	1.53	64	61	108	112	1.77
1991	110+	0.66169	1.00000	1.51	3	3	5	5	1.51
1992	0	0.00828	0.00822	0.07	100000	822	99233	7335491	73.35
1992	1-4	0.00045	0.00180	1.6	99178	179	396284	7236258	72.96
1992	5-9	0.00022	0.00109	2.37	99000	108	494715	6839973	69.09
1992	10-14	0.00031	0.00156	2.94	98892	155	494141	6345258	64.16
1992	15-19	0.00125	0.00623	2.83	98737	615	492352	5851117	59.26
1992	20-24	0.00163	0.00813	2.44	98122	798	488568	5358765	54.61
1992	25-29	0.00171	0.00850	2.58	97325	827	484619	4870198	50.04
1992	30-34	0.00220	0.01093	2.6	96498	1054	479959	4385578	45.45
1992	35-39	0.00281	0.01398	2.58	95443	1334	473994	3905619	40.92
1992	40-44	0.00350	0.01737	2.56	94109	1634	466563	3431625	36.46
1992	45-49	0.00456	0.02255	2.6	92475	2085	457376	2965063	32.06
1992	50-54	0.00647	0.03189	2.66	90389	2882	445214	2507686	27.74
1992	55-59	0.01011	0.04940	2.65	87507	4323	427390	2062472	23.57
1992	60-64	0.01618	0.07791	2.64	83185	6481	400619	1635082	19.66
1992	65-69	0.02458	0.11605	2.6	76704	8901	362148	1234464	16.09
1992	70-74	0.03716	0.17066	2.61	67803	11571	311373	872316	12.87
1992	75-79	0.05724	0.25106	2.55	56232	14118	246636	560943	9.98
1992	80-84	0.09403	0.38109	2.51	42114	16049	170685	314307	7.46
1992	85-89	0.14566	0.52722	2.38	26065	13742	94345	143622	5.51
1992	90-94	0.22266	0.68945	2.24	12323	8496	38156	49277	4.00
1992	95-99	0.32674	0.82241	1.98	3827	3147	9632	11121	2.91
1992	100-104	0.44710	0.90880	1.73	680	618	1381	1489	2.19
1992	105-109	0.57449	0.95516	1.51	62	59	103	107	1.73
1992	110+	0.67602	1.00000	1.48	3	3	4	4	1.48
1993	0	0.00783	0.00777	0.07	100000	777	99274	7326013	73.26
1993	1-4	0.00048	0.00194	1.64	99223	192	396439	7226739	72.83
1993	5-9	0.00023	0.00114	2.4	99031	113	494860	6830299	68.97
1993	10-14	0.00033	0.00164	3	98918	162	494265	6335439	64.05
1993	15-19	0.00133	0.00661	2.87	98756	653	492390	5841175	59.15
1993	20-24	0.00168	0.00835	2.53	98103	819	488492	5348784	54.52
1993	25-29	0.00171	0.00849	2.6	97284	826	484439	4860292	49.96
1993	30-34	0.00229	0.01137	2.61	96458	1097	479669	4375853	45.37
1993	35-39	0.00284	0.01412	2.59	95361	1346	473564	3896185	40.86
1993	40-44	0.00367	0.01819	2.58	94014	1710	465938	3422621	36.41
1993	45-49	0.00447	0.02209	2.6	92304	2039	456619	2956682	32.03
1993	50-54	0.00648	0.03191	2.63	90265	2881	444495	2500063	27.70
1993	55-59	0.01015	0.04958	2.65	87385	4333	426734	2055568	23.52
1993	60-64	0.01601	0.07715	2.64	83052	6408	400169	1628834	19.61
1993	65-69	0.02429	0.11483	2.63	76644	8801	362351	1228665	16.03
1993	70-74	0.03696	0.16969	2.59	67844	11512	311491	866314	12.77
1993	75-79	0.05787	0.25357	2.56	56331	14284	246841	554823	9.85
1993	80-84	0.09569	0.38599	2.5	42047	16230	169611	307982	7.32
1993	85-89	0.15071	0.54044	2.38	25817	13953	92580	138371	5.36
1993	90-94	0.23307	0.70650	2.21	11865	8382	35965	45791	3.86
1993	95-99	0.33772	0.83309	1.96	3482	2901	8590	9826	2.82
1993	100-104	0.46146	0.91599	1.71	581	532	1154	1236	2.13
1993	105-109	0.59075	0.95916	1.48	49	47	79	82	1.68
1993	110+	0.69270	1.00000	1.44	2	2	3	3	1.44
1994	0	0.00796	0.00790	0.07	100000	790	99262	7346109	73.46
1994	1-4	0.00044	0.00176	1.7	99210	174	396439	7246846	73.05
1994	5-9	0.00022	0.00108	2.49	99036	107	494911	6850407	69.17
1994	10-14	0.00032	0.00160	2.91	98929	158	494315	6355496	64.24
1994	15-19	0.00129	0.00645	2.89	98771	637	492512	5861181	59.34
1994	20-24	0.00163	0.00812	2.46	98134	797	488647	5368669	54.71
1994	25-29	0.00167	0.00833	2.57	97337	811	484712	4880022	50.14
1994	30-34	0.00226	0.01122	2.65	96526	1083	480090	4395310	45.53
1994	35-39	0.00284	0.01411	2.61	95443	1347	473993	3915220	41.02
1994	40-44	0.00367	0.01820	2.59	94096	1713	466360	3441228	36.57
1994	45-49	0.00459	0.02270	2.6	92383	2097	456882	2974868	32.20
1994	50-54	0.00657	0.03232	2.62	90286	2918	444476	2517986	27.89
1994	55-59	0.00973	0.04758	2.66	87368	4157	427117	2073510	23.73
1994	60-64	0.01574	0.07587	2.63	83211	6313	401070	1646393	19.79
1994	65-69	0.02376	0.11246	2.63	76898	8648	364016	1245323	16.19
1994	70-74	0.03672	0.16869	2.59	68250	11513	313505	881307	12.91
1994	75-79	0.05564	0.24500	2.56	56737	13901	249822	567802	10.01
1994	80-84	0.09385	0.38007	2.5	42836	16281	173471	317981	7.42
1994	85-89	0.14689	0.52992	2.37	26555	14072	95799	144509	5.44
1994	90-94	0.23027	0.70017	2.2	12483	8740	37958	48710	3.90
1994	95-99	0.33095	0.82663	1.97	3743	3094	9349	10752	2.87
1994	100-104	0.45305	0.91188	1.72	649	592	1306	1404	2.16
1994	105-109	0.58163	0.95698	1.49	57	55	94	98	1.71
1994	110+	0.68363	1.00000	1.46	2	2	4	4	1.46
1995	0	0.00715	0.00711	0.06	100000	711	99335	7372702	73.73
1995	1-4	0.00042	0.00168	1.62	99289	167	396760	7273367	73.25
1995	5-9	0.00021	0.00105	2.52	99123	104	495355	6876607	69.37
1995	10-14	0.00030	0.00151	3.05	99019	149	494803	6381251	64.44
1995	15-19	0.00125	0.00622	2.91	98869	615	493059	5886448	59.54
1995	20-24	0.00165	0.00823	2.46	98254	809	489219	5393389	54.89
1995	25-29	0.00165	0.00823	2.56	97446	802	485274	4904170	50.33
1995	30-34	0.00221	0.01100	2.62	96644	1063	480692	4418896	45.72
1995	35-39	0.00279	0.01388	2.61	95581	1326	474738	3938204	41.20
1995	40-44	0.00373	0.01848	2.62	94254	1742	467134	3463467	36.75
1995	45-49	0.00447	0.02211	2.56	92512	2046	457563	2996332	32.39
1995	50-54	0.00641	0.03156	2.65	90467	2855	445623	2538769	28.06
1995	55-59	0.00966	0.04723	2.68	87612	4138	428456	2093146	23.89
1995	60-64	0.01553	0.07490	2.64	83474	6252	402622	1664690	19.94
1995	65-69	0.02278	0.10809	2.64	77222	8347	366425	1262068	16.34
1995	70-74	0.03631	0.16697	2.59	68875	11500	316686	895642	13.00
1995	75-79	0.05476	0.24141	2.55	57375	13851	252955	578956	10.09
1995	80-84	0.09203	0.37428	2.51	43524	16290	177015	326001	7.49
1995	85-89	0.14663	0.52978	2.38	27234	14428	98399	148986	5.47
1995	90-94	0.22580	0.69278	2.21	12806	8872	39291	50587	3.95
1995	95-99	0.33103	0.82690	1.97	3934	3253	9828	11296	2.87
1995	100-104	0.45473	0.91285	1.72	681	622	1367	1468	2.16
1995	105-109	0.58488	0.95784	1.49	59	57	97	101	1.70
1995	110+	0.68790	1.00000	1.45	3	3	4	4	1.45
1996	0	0.00711	0.00706	0.06	100000	706	99339	7424717	74.25
1996	1-4	0.00038	0.00154	1.67	99294	153	396821	7325378	73.77
1996	5-9	0.00019	0.00094	2.36	99141	93	495460	6928557	69.89
1996	10-14	0.00028	0.00139	2.96	99048	137	494960	6433097	64.95
1996	15-19	0.00114	0.00568	2.91	98911	562	493379	5938137	60.04
1996	20-24	0.00146	0.00727	2.44	98349	715	489910	5444758	55.36
1996	25-29	0.00139	0.00693	2.52	97634	676	486493	4954848	50.75
1996	30-34	0.00186	0.00923	2.63	96957	895	482663	4468355	46.09
1996	35-39	0.00249	0.01235	2.61	96062	1187	477477	3985691	41.49
1996	40-44	0.00328	0.01626	2.62	94875	1542	470706	3508214	36.98
1996	45-49	0.00444	0.02194	2.58	93333	2048	461700	3037508	32.54
1996	50-54	0.00600	0.02959	2.68	91285	2701	450158	2575808	28.22
1996	55-59	0.00934	0.04572	2.67	88584	4050	433494	2125650	24.00
1996	60-64	0.01499	0.07241	2.66	84534	6121	408319	1692156	20.02
1996	65-69	0.02242	0.10647	2.64	78413	8348	372398	1283837	16.37
1996	70-74	0.03543	0.16316	2.58	70065	11432	322662	911439	13.01
1996	75-79	0.05446	0.24045	2.57	58633	14098	258856	588777	10.04
1996	80-84	0.09310	0.37806	2.52	44535	16837	180855	329921	7.41
1996	85-89	0.14919	0.53636	2.38	27698	14856	99577	149066	5.38
1996	90-94	0.23259	0.70200	2.18	12842	9015	38760	49489	3.85
1996	95-99	0.33994	0.83548	1.96	3827	3197	9405	10729	2.80
1996	100-104	0.46694	0.91878	1.7	630	578	1239	1324	2.10
1996	105-109	0.59910	0.96117	1.47	51	49	82	85	1.66
1996	110+	0.70265	1.00000	1.42	2	2	3	3	1.42
1997	0	0.00687	0.00682	0.06	100000	682	99361	7477855	74.78
1997	1-4	0.00037	0.00149	1.59	99318	148	396913	7378495	74.29
1997	5-9	0.00018	0.00088	2.46	99169	88	495624	6981582	70.40
1997	10-14	0.00027	0.00133	2.8	99082	132	495119	6485958	65.46
1997	15-19	0.00103	0.00512	2.93	98950	506	493703	5990839	60.54
1997	20-24	0.00137	0.00681	2.47	98444	671	490520	5497136	55.84
1997	25-29	0.00128	0.00636	2.5	97773	622	487311	5006616	51.21
1997	30-34	0.00156	0.00777	2.65	97152	755	483983	4519305	46.52
1997	35-39	0.00204	0.01015	2.6	96397	978	479638	4035322	41.86
1997	40-44	0.00288	0.01432	2.64	95419	1367	473868	3555685	37.26
1997	45-49	0.00410	0.02031	2.63	94052	1910	465737	3081817	32.77
1997	50-54	0.00593	0.02923	2.68	92142	2693	454462	2616080	28.39
1997	55-59	0.00905	0.04434	2.66	89449	3966	437979	2161618	24.17
1997	60-64	0.01450	0.07013	2.65	85483	5995	413356	1723639	20.16
1997	65-69	0.02208	0.10496	2.65	79488	8343	377822	1310283	16.48
1997	70-74	0.03464	0.15984	2.58	71145	11372	328243	932461	13.11
1997	75-79	0.05393	0.23850	2.58	59774	14256	264318	604218	10.11
1997	80-84	0.09105	0.37129	2.52	45518	16900	185604	339900	7.47
1997	85-89	0.14781	0.53296	2.38	28618	15252	103184	154296	5.39
1997	90-94	0.23460	0.70734	2.19	13365	9454	40299	51112	3.82
1997	95-99	0.34512	0.84059	1.95	3912	3288	9527	10813	2.76
1997	100-104	0.47652	0.92333	1.68	624	576	1208	1286	2.06
1997	105-109	0.61209	0.96406	1.45	48	46	75	78	1.63
1997	110+	0.71722	1.00000	1.39	2	2	2	2	1.39
1998	0	0.00687	0.00682	0.06	100000	682	99361	7497850	74.98
1998	1-4	0.00035	0.00139	1.56	99318	138	396934	7398489	74.49
1998	5-9	0.00016	0.00081	2.29	99179	80	495679	7001555	70.59
1998	10-14	0.00025	0.00127	2.87	99099	126	495228	6505876	65.65
1998	15-19	0.00097	0.00482	2.95	98973	477	493887	6010648	60.73
1998	20-24	0.00130	0.00648	2.45	98496	638	490855	5516760	56.01
1998	25-29	0.00121	0.00603	2.54	97858	590	487839	5025906	51.36
1998	30-34	0.00143	0.00712	2.67	97268	692	484726	4538066	46.66
1998	35-39	0.00194	0.00964	2.63	96576	931	480674	4053340	41.97
1998	40-44	0.00289	0.01433	2.67	95645	1371	475035	3572666	37.35
1998	45-49	0.00406	0.02009	2.61	94274	1894	466844	3097631	32.86
1998	50-54	0.00577	0.02845	2.62	92380	2628	455652	2630787	28.48
1998	55-59	0.00896	0.04389	2.64	89752	3939	439449	2175135	24.23
1998	60-64	0.01415	0.06849	2.66	85813	5877	415339	1735687	20.23
1998	65-69	0.02191	0.10415	2.62	79936	8325	379904	1320348	16.52
1998	70-74	0.03474	0.16045	2.62	71611	11490	330744	940444	13.13
1998	75-79	0.05315	0.23527	2.56	60121	14145	266111	609700	10.14
1998	80-84	0.09110	0.37168	2.53	45976	17089	187589	343588	7.47
1998	85-89	0.14852	0.53628	2.41	28888	15492	104306	155999	5.40
1998	90-94	0.23188	0.70568	2.23	13396	9453	40767	51692	3.86
1998	95-99	0.34420	0.83974	1.95	3943	3311	9619	10925	2.77
1998	100-104	0.47526	0.92277	1.69	632	583	1227	1306	2.07
1998	105-109	0.61065	0.96376	1.45	49	47	77	79	1.63
1998	110+	0.71577	1.00000	1.4	2	2	2	2	1.40
1999	0	0.00651	0.00647	0.06	100000	647	99394	7520789	75.21
1999	1-4	0.00035	0.00142	1.54	99353	141	397066	7421396	74.70
1999	5-9	0.00016	0.00080	2.39	99212	79	495854	7024329	70.80
1999	10-14	0.00023	0.00115	2.78	99133	114	495412	6528475	65.86
1999	15-19	0.00089	0.00443	2.93	99019	438	494187	6033063	60.93
1999	20-24	0.00120	0.00600	2.41	98581	591	491375	5538876	56.19
1999	25-29	0.00112	0.00561	2.56	97990	549	488607	5047501	51.51
1999	30-34	0.00137	0.00680	2.64	97440	663	485638	4558893	46.79
1999	35-39	0.00191	0.00953	2.62	96777	922	481690	4073256	42.09
1999	40-44	0.00275	0.01367	2.67	95855	1311	476220	3591565	37.47
1999	45-49	0.00416	0.02061	2.62	94544	1949	468092	3115345	32.95
1999	50-54	0.00566	0.02791	2.66	92596	2585	456921	2647253	28.59
1999	55-59	0.00875	0.04288	2.63	90011	3860	440925	2190332	24.33
1999	60-64	0.01390	0.06729	2.66	86151	5798	417203	1749407	20.31
1999	65-69	0.02147	0.10216	2.64	80354	8209	382369	1332204	16.58
1999	70-74	0.03413	0.15789	2.63	72145	11391	333731	949835	13.17
1999	75-79	0.05299	0.23497	2.59	60754	14275	269369	616105	10.14
1999	80-84	0.09097	0.37136	2.53	46479	17260	189734	346735	7.46
1999	85-89	0.14817	0.53471	2.4	29218	15623	105445	157001	5.37
1999	90-94	0.23680	0.71092	2.19	13595	9665	40815	51556	3.79
1999	95-99	0.34947	0.84461	1.94	3930	3319	9498	10741	2.73
1999	100-104	0.48318	0.92629	1.67	611	566	1171	1243	2.04
1999	105-109	0.62028	0.96575	1.43	45	43	70	72	1.60
1999	110+	0.72585	1.00000	1.38	2	2	2	2	1.38
2000	0	0.00660	0.00656	0.06	100000	656	99385	7546301	75.46
2000	1-4	0.00034	0.00135	1.62	99344	134	397058	7446915	74.96
2000	5-9	0.00015	0.00077	2.37	99210	77	495849	7049857	71.06
2000	10-14	0.00024	0.00122	2.85	99134	121	495408	6554008	66.11
2000	15-19	0.00086	0.00431	2.98	99013	426	494203	6058599	61.19
2000	20-24	0.00121	0.00601	2.45	98587	593	491420	5564397	56.44
2000	25-29	0.00110	0.00549	2.49	97994	538	488617	5072977	51.77
2000	30-34	0.00134	0.00669	2.62	97456	652	485724	4584360	47.04
2000	35-39	0.00182	0.00908	2.62	96804	879	481926	4098636	42.34
2000	40-44	0.00273	0.01354	2.66	95925	1299	476590	3616710	37.70
2000	45-49	0.00408	0.02021	2.64	94626	1912	468622	3140120	33.18
2000	50-54	0.00572	0.02823	2.63	92714	2618	457370	2671499	28.81
2000	55-59	0.00867	0.04251	2.66	90096	3830	441524	2214129	24.58
2000	60-64	0.01352	0.06552	2.65	86266	5653	418025	1772605	20.55
2000	65-69	0.02057	0.09810	2.65	80613	7908	384471	1354580	16.80
2000	70-74	0.03300	0.15292	2.61	72705	11118	336917	970110	13.34
2000	75-79	0.05155	0.22929	2.59	61587	14121	273913	633193	10.28
2000	80-84	0.08785	0.36085	2.53	47466	17128	194976	359280	7.57
2000	85-89	0.14608	0.52990	2.41	30338	16076	110050	164304	5.42
2000	90-94	0.23572	0.71045	2.2	14262	10132	42985	54254	3.80
2000	95-99	0.34987	0.84530	1.94	4129	3491	9977	11269	2.73
2000	100-104	0.48650	0.92788	1.67	639	593	1218	1292	2.02
2000	105-109	0.62620	0.96698	1.43	46	45	71	73	1.59
2000	110+	0.73315	1.00000	1.36	2	2	2	2	1.36
2001	0	0.00632	0.00628	0.06	100000	628	99411	7556683	75.57
2001	1-4	0.00032	0.00130	1.6	99372	129	397180	7457272	75.04
2001	5-9	0.00016	0.00081	2.38	99243	81	496005	7060092	71.14
2001	10-14	0.00022	0.00110	2.83	99163	109	495577	6564088	66.20
2001	15-19	0.00087	0.00436	3.04	99054	432	494423	6068511	61.26
2001	20-24	0.00126	0.00628	2.43	98622	619	491517	5574088	56.52
2001	25-29	0.00119	0.00593	2.51	98002	581	488566	5082571	51.86
2001	30-34	0.00134	0.00668	2.61	97421	650	485548	4594005	47.16
2001	35-39	0.00189	0.00943	2.64	96771	913	481703	4108457	42.46
2001	40-44	0.00271	0.01348	2.67	95858	1292	476282	3626754	37.83
2001	45-49	0.00415	0.02056	2.68	94566	1945	468312	3150472	33.32
2001	50-54	0.00578	0.02852	2.65	92621	2641	456906	2682160	28.96
2001	55-59	0.00852	0.04178	2.69	89980	3760	441220	2225254	24.73
2001	60-64	0.01331	0.06457	2.67	86220	5567	418142	1784033	20.69
2001	65-69	0.02039	0.09726	2.62	80653	7844	384610	1365892	16.94
2001	70-74	0.03177	0.14770	2.62	72809	10754	338468	981281	13.48
2001	75-79	0.05051	0.22511	2.59	62055	13969	276562	642813	10.36
2001	80-84	0.08682	0.35770	2.54	48086	17200	198113	366251	7.62
2001	85-89	0.14570	0.52916	2.41	30885	16343	112166	168138	5.44
2001	90-94	0.23154	0.70362	2.21	14542	10232	44192	55972	3.85
2001	95-99	0.34918	0.84480	1.95	4310	3641	10427	11780	2.73
2001	100-104	0.48652	0.92796	1.67	669	621	1276	1352	2.02
2001	105-109	0.62697	0.96716	1.43	48	47	74	76	1.59
2001	110+	0.73440	1.00000	1.36	2	2	2	2	1.36
2002	0	0.00646	0.00642	0.06	100000	642	99398	7563537	75.64
2002	1-4	0.00034	0.00134	1.68	99358	133	397122	7464139	75.12
2002	5-9	0.00016	0.00080	2.35	99225	80	495913	7067017	71.22
2002	10-14	0.00021	0.00106	2.86	99145	105	495502	6571104	66.28
2002	15-19	0.00092	0.00458	3	99040	454	494296	6075602	61.34
2002	20-24	0.00127	0.00631	2.43	98587	622	491334	5581306	56.61
2002	25-29	0.00122	0.00609	2.5	97965	596	488337	5089973	51.96
2002	30-34	0.00135	0.00675	2.59	97369	657	485262	4601636	47.26
2002	35-39	0.00186	0.00924	2.69	96711	894	481495	4116373	42.56
2002	40-44	0.00278	0.01382	2.64	95818	1325	475967	3634879	37.94
2002	45-49	0.00413	0.02046	2.64	94493	1933	467910	3158911	33.43
2002	50-54	0.00581	0.02866	2.61	92560	2653	456461	2691001	29.07
2002	55-59	0.00855	0.04190	2.66	89907	3767	440734	2234540	24.85
2002	60-64	0.01301	0.06310	2.65	86140	5435	417928	1793806	20.82
2002	65-69	0.01986	0.09483	2.64	80704	7654	385461	1375878	17.05
2002	70-74	0.03128	0.14560	2.62	73051	10636	339984	990417	13.56
2002	75-79	0.04946	0.22089	2.58	62415	13787	278772	650433	10.42
2002	80-84	0.08511	0.35188	2.54	48628	17111	201049	371661	7.64
2002	85-89	0.14635	0.53092	2.42	31517	16733	114337	170613	5.41
2002	90-94	0.23456	0.71143	2.24	14784	10518	44840	56275	3.81
2002	95-99	0.35669	0.85164	1.93	4266	3633	10186	11436	2.68
2002	100-104	0.49891	0.93310	1.65	633	591	1184	1249	1.97
2002	105-109	0.64255	0.97005	1.4	42	41	64	66	1.55
2002	110+	0.75074	1.00000	1.33	1	1	2	2	1.33
2003	0	0.00632	0.00628	0.06	100000	628	99410	7570915	75.71
2003	1-4	0.00034	0.00137	1.62	99372	136	397162	7471505	75.19
2003	5-9	0.00016	0.00080	2.34	99235	80	495965	7074343	71.29
2003	10-14	0.00023	0.00114	2.89	99156	113	495540	6578377	66.34
2003	15-19	0.00090	0.00449	2.99	99042	445	494317	6082838	61.42
2003	20-24	0.00130	0.00648	2.43	98597	638	491348	5588520	56.68
2003	25-29	0.00119	0.00591	2.39	97959	579	488284	5097173	52.03
2003	30-34	0.00137	0.00682	2.63	97380	665	485321	4608889	47.33
2003	35-39	0.00189	0.00941	2.64	96715	910	481427	4123568	42.64
2003	40-44	0.00281	0.01393	2.62	95805	1335	475845	3642141	38.02
2003	45-49	0.00421	0.02084	2.66	94471	1969	467739	3166296	33.52
2003	50-54	0.00600	0.02960	2.63	92502	2738	456023	2698556	29.17
2003	55-59	0.00849	0.04161	2.64	89764	3735	440001	2242533	24.98
2003	60-64	0.01303	0.06321	2.61	86029	5438	417150	1802532	20.95
2003	65-69	0.01948	0.09311	2.63	80592	7504	385169	1385382	17.19
2003	70-74	0.03036	0.14156	2.62	73088	10346	340800	1000213	13.69
2003	75-79	0.04888	0.21854	2.58	62742	13712	280534	659413	10.51
2003	80-84	0.08387	0.34780	2.55	49030	17053	203331	378878	7.73
2003	85-89	0.14200	0.51996	2.43	31978	16627	117091	175547	5.49
2003	90-94	0.23418	0.70759	2.2	15351	10862	46383	58456	3.81
2003	95-99	0.35522	0.85057	1.94	4489	3818	10748	12073	2.69
2003	100-104	0.49859	0.93308	1.65	671	626	1255	1325	1.97
2003	105-109	0.64346	0.97025	1.4	45	44	68	69	1.55
2003	110+	0.75242	1.00000	1.33	1	1	2	2	1.33
2004	0	0.00643	0.00639	0.06	100000	639	99401	7624353	76.24
2004	1-4	0.00030	0.00118	1.5	99361	117	397151	7524952	75.73
2004	5-9	0.00015	0.00073	2.49	99244	72	496038	7127801	71.82
2004	10-14	0.00021	0.00103	2.85	99172	102	495638	6631763	66.87
2004	15-19	0.00089	0.00444	3.02	99069	440	494475	6136125	61.94
2004	20-24	0.00130	0.00648	2.48	98629	639	491536	5641649	57.20
2004	25-29	0.00123	0.00613	2.46	97990	600	488426	5150114	52.56
2004	30-34	0.00133	0.00661	2.6	97390	643	485406	4661688	47.87
2004	35-39	0.00183	0.00910	2.62	96747	880	481637	4176282	43.17
2004	40-44	0.00263	0.01307	2.65	95866	1253	476391	3694645	38.54
2004	45-49	0.00403	0.01998	2.64	94614	1890	468606	3218255	34.01
2004	50-54	0.00584	0.02880	2.6	92724	2670	457204	2749648	29.65
2004	55-59	0.00810	0.03973	2.62	90053	3578	441737	2292445	25.46
2004	60-64	0.01238	0.06015	2.62	86476	5201	419985	1850707	21.40
2004	65-69	0.01851	0.08869	2.64	81274	7208	389343	1430722	17.60
2004	70-74	0.02861	0.13400	2.63	74066	9925	346858	1041380	14.06
2004	75-79	0.04606	0.20725	2.59	64141	13293	288637	694522	10.83
2004	80-84	0.07937	0.33263	2.57	50848	16914	213102	405885	7.98
2004	85-89	0.13501	0.50314	2.47	33934	17074	126465	192782	5.68
2004	90-94	0.22431	0.69307	2.24	16861	11686	52096	66317	3.93
2004	95-99	0.34645	0.84333	1.96	5175	4364	12597	14221	2.75
2004	100-104	0.49101	0.93034	1.66	811	754	1536	1624	2.00
2004	105-109	0.63835	0.96947	1.41	56	55	86	88	1.56
2004	110+	0.74957	1.00000	1.33	2	2	2	2	1.33
2005	0	0.00636	0.00633	0.06	100000	633	99407	7618832	76.19
2005	1-4	0.00035	0.00139	1.56	99367	138	397132	7519426	75.67
2005	5-9	0.00013	0.00065	2.43	99229	64	495981	7122293	71.78
2005	10-14	0.00020	0.00101	2.98	99165	100	495622	6626313	66.82
2005	15-19	0.00087	0.00435	3.01	99065	431	494465	6130691	61.89
2005	20-24	0.00138	0.00686	2.46	98634	676	491449	5636226	57.14
2005	25-29	0.00130	0.00649	2.49	97958	636	488192	5144777	52.52
2005	30-34	0.00134	0.00668	2.57	97322	650	485030	4656585	47.85
2005	35-39	0.00177	0.00881	2.61	96672	852	481328	4171555	43.15
2005	40-44	0.00269	0.01338	2.65	95821	1282	476088	3690227	38.51
2005	45-49	0.00407	0.02015	2.67	94539	1905	468260	3214139	34.00
2005	50-54	0.00602	0.02969	2.63	92633	2750	456639	2745880	29.64
2005	55-59	0.00810	0.03972	2.61	89883	3570	440896	2289241	25.47
2005	60-64	0.01242	0.06034	2.64	86313	5208	419268	1848345	21.41
2005	65-69	0.01826	0.08749	2.62	81105	7096	388674	1429077	17.62
2005	70-74	0.02861	0.13398	2.63	74010	9916	346575	1040403	14.06
2005	75-79	0.04586	0.20657	2.6	64094	13240	288699	693828	10.83
2005	80-84	0.07945	0.33257	2.55	50854	16912	212857	405130	7.97
2005	85-89	0.13497	0.50154	2.44	33942	17023	126131	192272	5.66
2005	90-94	0.22677	0.69660	2.23	16919	11785	51972	66141	3.91
2005	95-99	0.34476	0.84171	1.96	5133	4321	12532	14169	2.76
2005	100-104	0.48801	0.92907	1.67	813	755	1547	1637	2.02
2005	105-109	0.63446	0.96875	1.41	58	56	88	90	1.57
2005	110+	0.74546	1.00000	1.34	2	2	2	2	1.34
2006	0	0.00621	0.00617	0.06	100000	617	99421	7646385	76.46
2006	1-4	0.00030	0.00118	1.63	99383	117	397252	7546965	75.94
2006	5-9	0.00015	0.00076	2.41	99265	75	496131	7149713	72.03
2006	10-14	0.00019	0.00095	2.86	99190	94	495749	6653582	67.08
2006	15-19	0.00091	0.00453	3.08	99096	449	494616	6157833	62.14
2006	20-24	0.00139	0.00693	2.51	98647	684	491530	5663217	57.41
2006	25-29	0.00130	0.00648	2.48	97963	635	488216	5171687	52.79
2006	30-34	0.00136	0.00676	2.58	97328	658	485050	4683471	48.12
2006	35-39	0.00175	0.00870	2.68	96670	841	481404	4198421	43.43
2006	40-44	0.00258	0.01282	2.64	95830	1229	476254	3717018	38.79
2006	45-49	0.00396	0.01963	2.68	94601	1857	468705	3240763	34.26
2006	50-54	0.00595	0.02933	2.66	92744	2721	457343	2772058	29.89
2006	55-59	0.00824	0.04042	2.65	90023	3638	441568	2314716	25.71
2006	60-64	0.01180	0.05743	2.66	86385	4961	420311	1873147	21.68
2006	65-69	0.01785	0.08562	2.63	81424	6972	390604	1452837	17.84
2006	70-74	0.02732	0.12831	2.64	74452	9553	349697	1062233	14.27
2006	75-79	0.04423	0.19993	2.6	64899	12975	293358	712536	10.98
2006	80-84	0.07769	0.32653	2.56	51924	16955	218226	419177	8.07
2006	85-89	0.13204	0.49426	2.46	34969	17284	130895	200951	5.75
2006	90-94	0.22286	0.69021	2.24	17685	12206	54772	70057	3.96
2006	95-99	0.34054	0.83800	1.97	5479	4591	13482	15285	2.79
2006	100-104	0.48390	0.92746	1.68	888	823	1701	1803	2.03
2006	105-109	0.63116	0.96820	1.42	64	62	99	102	1.58
2006	110+	0.74307	1.00000	1.35	2	2	3	3	1.35
2007	0	0.00648	0.00644	0.06	100000	644	99396	7677490	76.77
2007	1-4	0.00028	0.00111	1.65	99356	111	397164	7578094	76.27
2007	5-9	0.00014	0.00070	2.48	99245	70	496051	7180930	72.36
2007	10-14	0.00018	0.00091	2.84	99176	90	495684	6684879	67.40
2007	15-19	0.00081	0.00405	3.07	99086	401	494653	6189195	62.46
2007	20-24	0.00135	0.00671	2.54	98684	662	491791	5694541	57.70
2007	25-29	0.00127	0.00633	2.5	98023	620	488561	5202750	53.08
2007	30-34	0.00134	0.00666	2.55	97402	649	485418	4714189	48.40
2007	35-39	0.00169	0.00839	2.64	96753	812	481853	4228771	43.71
2007	40-44	0.00250	0.01244	2.68	95941	1193	476936	3746918	39.05
2007	45-49	0.00390	0.01930	2.66	94748	1829	469465	3269982	34.51
2007	50-54	0.00594	0.02928	2.63	92919	2720	458159	2800517	30.14
2007	55-59	0.00814	0.03994	2.58	90198	3602	442288	2342358	25.97
2007	60-64	0.01172	0.05702	2.65	86596	4938	421386	1900069	21.94
2007	65-69	0.01730	0.08311	2.64	81658	6787	392239	1478684	18.11
2007	70-74	0.02675	0.12584	2.64	74871	9422	352156	1086444	14.51
2007	75-79	0.04299	0.19486	2.6	65449	12753	296642	734289	11.22
2007	80-84	0.07363	0.31236	2.57	52696	16460	223553	437647	8.31
2007	85-89	0.12659	0.47890	2.46	36236	17353	137082	214094	5.91
2007	90-94	0.21396	0.67655	2.28	18883	12775	59708	77011	4.08
2007	95-99	0.33434	0.83261	1.99	6108	5085	15210	17304	2.83
2007	100-104	0.47941	0.92582	1.69	1022	946	1974	2094	2.05
2007	105-109	0.62925	0.96796	1.42	76	73	117	120	1.58
2007	110+	0.74321	1.00000	1.35	2	2	3	3	1.35
2008	0	0.00620	0.00617	0.06	100000	617	99421	7705943	77.06
2008	1-4	0.00028	0.00114	1.63	99383	113	397266	7606522	76.54
2008	5-9	0.00013	0.00065	2.29	99271	65	496177	7209256	72.62
2008	10-14	0.00017	0.00084	2.79	99206	83	495846	6713079	67.67
2008	15-19	0.00073	0.00364	3.03	99123	361	494905	6217233	62.72
2008	20-24	0.00127	0.00632	2.51	98762	625	492253	5722329	57.94
2008	25-29	0.00121	0.00601	2.53	98138	590	489234	5230075	53.29
2008	30-34	0.00130	0.00650	2.55	97548	634	486183	4740841	48.60
2008	35-39	0.00162	0.00809	2.65	96913	784	482723	4254658	43.90
2008	40-44	0.00238	0.01184	2.66	96129	1139	477977	3771935	39.24
2008	45-49	0.00373	0.01847	2.67	94990	1755	470862	3293958	34.68
2008	50-54	0.00566	0.02792	2.64	93236	2603	460044	2823096	30.28
2008	55-59	0.00807	0.03960	2.58	90632	3589	444473	2363052	26.07
2008	60-64	0.01159	0.05638	2.62	87043	4908	423552	1918579	22.04
2008	65-69	0.01716	0.08241	2.61	82136	6769	394530	1495027	18.20
2008	70-74	0.02616	0.12316	2.62	75367	9282	354780	1100498	14.60
2008	75-79	0.04204	0.19098	2.61	66085	12621	300206	745718	11.28
2008	80-84	0.07326	0.31119	2.58	53464	16638	227109	445512	8.33
2008	85-89	0.12538	0.47624	2.48	36826	17538	139877	218403	5.93
2008	90-94	0.21474	0.67688	2.27	19288	13056	60797	78526	4.07
2008	95-99	0.33279	0.83117	1.99	6232	5180	15566	17728	2.84
2008	100-104	0.47773	0.92512	1.69	1052	973	2038	2163	2.06
2008	105-109	0.62772	0.96768	1.43	79	76	121	125	1.59
2008	110+	0.74194	1.00000	1.35	3	3	3	3	1.35
2009	0	0.00595	0.00592	0.06	100000	592	99444	7739079	77.39
2009	1-4	0.00028	0.00110	1.55	99408	110	397363	7639635	76.85
2009	5-9	0.00013	0.00064	2.48	99298	63	496333	7242271	72.93
2009	10-14	0.00016	0.00081	2.91	99235	80	496009	6745939	67.98
2009	15-19	0.00070	0.00349	3.04	99155	346	495100	6249930	63.03
2009	20-24	0.00117	0.00581	2.5	98810	574	492615	5754829	58.24
2009	25-29	0.00117	0.00586	2.54	98235	575	489764	5262214	53.57
2009	30-34	0.00128	0.00637	2.57	97660	622	486793	4772450	48.87
2009	35-39	0.00160	0.00795	2.58	97038	772	483324	4285658	44.16
2009	40-44	0.00237	0.01179	2.65	96267	1135	478668	3802334	39.50
2009	45-49	0.00368	0.01826	2.65	95131	1737	471568	3323666	34.94
2009	50-54	0.00563	0.02776	2.64	93394	2593	460854	2852098	30.54
2009	55-59	0.00821	0.04024	2.61	90801	3654	445289	2391244	26.33
2009	60-64	0.01138	0.05538	2.6	87147	4826	424136	1945955	22.33
2009	65-69	0.01685	0.08097	2.61	82321	6665	395645	1521820	18.49
2009	70-74	0.02516	0.11874	2.63	75656	8983	357000	1126175	14.89
2009	75-79	0.04036	0.18403	2.61	66672	12270	304037	769175	11.54
2009	80-84	0.06940	0.29745	2.6	54402	16182	233155	465138	8.55
2009	85-89	0.12171	0.46544	2.47	38220	17789	146163	231982	6.07
2009	90-94	0.20519	0.65891	2.29	20431	13462	65607	85819	4.20
2009	95-99	0.32525	0.82408	2.01	6969	5743	17657	20212	2.90
2009	100-104	0.47053	0.92214	1.7	1226	1131	2403	2555	2.08
2009	105-109	0.62214	0.96672	1.44	95	92	148	153	1.60
2009	110+	0.73813	1.00000	1.35	3	3	4	4	1.35
2010	0	0.00557	0.00554	0.06	100000	554	99479	7771621	77.72
2010	1-4	0.00028	0.00112	1.62	99446	111	397518	7672142	77.15
2010	5-9	0.00012	0.00057	2.39	99334	57	496523	7274625	73.23
2010	10-14	0.00015	0.00076	2.92	99277	75	496230	6778102	68.27
2010	15-19	0.00063	0.00316	3.05	99202	314	495400	6281871	63.32
2010	20-24	0.00114	0.00567	2.52	98888	561	493050	5786472	58.52
2010	25-29	0.00113	0.00562	2.52	98328	553	490267	5293422	53.83
2010	30-34	0.00126	0.00627	2.54	97775	613	487364	4803155	49.12
2010	35-39	0.00150	0.00750	2.62	97162	728	484073	4315791	44.42
2010	40-44	0.00218	0.01085	2.66	96433	1046	479716	3831718	39.73
2010	45-49	0.00349	0.01734	2.71	95387	1654	473145	3352002	35.14
2010	50-54	0.00526	0.02598	2.66	93733	2435	462962	2878858	30.71
2010	55-59	0.00809	0.03971	2.64	91298	3625	447925	2415895	26.46
2010	60-64	0.01122	0.05465	2.61	87673	4791	426926	1967970	22.45
2010	65-69	0.01635	0.07873	2.64	82882	6525	398989	1541044	18.59
2010	70-74	0.02474	0.11684	2.63	76357	8922	360630	1142055	14.96
2010	75-79	0.03985	0.18186	2.6	67435	12264	307783	781425	11.59
2010	80-84	0.06841	0.29364	2.59	55171	16200	236809	473642	8.58
2010	85-89	0.12081	0.46305	2.48	38971	18045	149369	236833	6.08
2010	90-94	0.20726	0.66589	2.32	20926	13934	67229	87464	4.18
2010	95-99	0.32593	0.82492	2.01	6991	5767	17695	20235	2.89
2010	100-104	0.47264	0.92318	1.7	1224	1130	2391	2540	2.08
2010	105-109	0.62546	0.96738	1.43	94	91	145	150	1.59
2010	110+	0.74195	1.00000	1.35	3	3	4	4	1.35
2011	0	0.00542	0.00539	0.06	100000	539	99493	7775332	77.75
2011	1-4	0.00027	0.00107	1.6	99461	106	397590	7675839	77.17
2011	5-9	0.00012	0.00058	2.31	99355	57	496621	7278249	73.25
2011	10-14	0.00016	0.00079	2.92	99298	79	496325	6781628	68.30
2011	15-19	0.00064	0.00317	3.07	99219	315	495488	6285303	63.35
2011	20-24	0.00113	0.00564	2.56	98904	558	493160	5789815	58.54
2011	25-29	0.00116	0.00580	2.49	98346	570	490298	5296655	53.86
2011	30-34	0.00127	0.00633	2.56	97776	619	487369	4806357	49.16
2011	35-39	0.00153	0.00764	2.63	97157	742	484026	4318988	44.45
2011	40-44	0.00222	0.01103	2.65	96415	1063	479572	3834963	39.78
2011	45-49	0.00346	0.01719	2.71	95352	1639	473001	3355390	35.19
2011	50-54	0.00541	0.02672	2.68	93713	2504	462746	2882389	30.76
2011	55-59	0.00810	0.03972	2.62	91209	3623	447437	2419643	26.53
2011	60-64	0.01130	0.05503	2.63	87586	4820	426520	1972206	22.52
2011	65-69	0.01599	0.07706	2.66	82766	6378	398920	1545687	18.68
2011	70-74	0.02439	0.11527	2.63	76389	8805	361057	1146766	15.01
2011	75-79	0.03963	0.18104	2.62	67583	12235	308736	785709	11.63
2011	80-84	0.06752	0.29044	2.6	55348	16075	238091	476974	8.62
2011	85-89	0.12012	0.46096	2.48	39273	18103	150712	238883	6.08
2011	90-94	0.20769	0.66485	2.29	21170	14075	67769	88171	4.16
2011	95-99	0.32827	0.82743	2	7095	5871	17883	20401	2.88
2011	100-104	0.47721	0.92529	1.69	1224	1133	2374	2518	2.06
2011	105-109	0.63164	0.96857	1.42	91	89	140	144	1.58
2011	110+	0.74860	1.00000	1.34	3	3	4	4	1.34
2012	0	0.00539	0.00536	0.06	100000	536	99496	7789763	77.90
2012	1-4	0.00025	0.00099	1.64	99464	98	397624	7690267	77.32
2012	5-9	0.00011	0.00054	2.45	99366	54	496693	7292643	73.39
2012	10-14	0.00014	0.00072	2.94	99312	71	496415	6795950	68.43
2012	15-19	0.00060	0.00299	3.03	99241	297	495622	6299536	63.48
2012	20-24	0.00109	0.00544	2.57	98944	539	493409	5803914	58.66
2012	25-29	0.00121	0.00602	2.54	98405	593	490568	5310505	53.97
2012	30-34	0.00130	0.00647	2.53	97813	633	487498	4819937	49.28
2012	35-39	0.00152	0.00759	2.55	97180	738	484095	4332439	44.58
2012	40-44	0.00216	0.01073	2.65	96442	1035	479781	3848345	39.90
2012	45-49	0.00342	0.01696	2.72	95407	1618	473338	3368564	35.31
2012	50-54	0.00538	0.02658	2.67	93789	2493	463133	2895226	30.87
2012	55-59	0.00813	0.03991	2.66	91296	3643	447944	2432093	26.64
2012	60-64	0.01131	0.05507	2.6	87653	4827	426665	1984150	22.64
2012	65-69	0.01602	0.07717	2.63	82826	6392	398993	1557484	18.80
2012	70-74	0.02421	0.11450	2.63	76434	8751	361436	1158491	15.16
2012	75-79	0.03876	0.17745	2.62	67682	12010	309830	797055	11.78
2012	80-84	0.06531	0.28266	2.62	55672	15736	240930	487226	8.75
2012	85-89	0.11704	0.45304	2.51	39936	18092	154588	246296	6.17
2012	90-94	0.20495	0.66003	2.3	21843	14417	70347	91708	4.20
2012	95-99	0.32790	0.82745	2.01	7426	6145	18739	21361	2.88
2012	100-104	0.47981	0.92663	1.69	1281	1187	2475	2622	2.05
2012	105-109	0.63698	0.96961	1.41	94	91	143	147	1.56
2012	110+	0.75524	1.00000	1.32	3	3	4	4	1.32
2013	0	0.00536	0.00533	0.06	100000	533	99499	7793400	77.93
2013	1-4	0.00026	0.00105	1.59	99467	104	397617	7693901	77.35
2013	5-9	0.00011	0.00053	2.38	99363	53	496677	7296284	73.43
2013	10-14	0.00015	0.00075	2.82	99310	75	496389	6799608	68.47
2013	15-19	0.00059	0.00295	3.03	99235	293	495601	6303219	63.52
2013	20-24	0.00110	0.00549	2.58	98943	543	493399	5807618	58.70
2013	25-29	0.00119	0.00592	2.51	98399	582	490550	5314220	54.01
2013	30-34	0.00135	0.00675	2.55	97817	660	487469	4823670	49.31
2013	35-39	0.00155	0.00773	2.56	97157	751	483955	4336201	44.63
2013	40-44	0.00217	0.01077	2.68	96406	1039	479615	3852246	39.96
2013	45-49	0.00341	0.01694	2.69	95367	1616	473099	3372631	35.36
2013	50-54	0.00528	0.02610	2.63	93752	2447	462969	2899532	30.93
2013	55-59	0.00804	0.03944	2.64	91305	3601	448044	2436563	26.69
2013	60-64	0.01154	0.05616	2.61	87705	4925	426752	1988519	22.67
2013	65-69	0.01576	0.07593	2.61	82779	6286	398867	1561767	18.87
2013	70-74	0.02421	0.11444	2.62	76494	8754	361655	1162900	15.20
2013	75-79	0.03833	0.17554	2.6	67740	11891	310193	801245	11.83
2013	80-84	0.06412	0.27794	2.61	55849	15523	242095	491052	8.79
2013	85-89	0.11712	0.45297	2.5	40326	18267	155961	248957	6.17
2013	90-94	0.20351	0.65707	2.3	22059	14495	71224	92997	4.22
2013	95-99	0.32761	0.82727	2.01	7565	6258	19103	21773	2.88
2013	100-104	0.48033	0.92692	1.69	1307	1211	2522	2670	2.04
2013	105-109	0.63828	0.96986	1.41	95	93	145	149	1.56
2013	110+	0.75694	1.00000	1.32	3	3	4	4	1.32
2014	0	0.00510	0.00508	0.06	100000	508	99522	7811845	78.12
2014	1-4	0.00023	0.00094	1.6	99492	93	397745	7712323	77.52
2014	5-9	0.00010	0.00051	2.39	99399	51	496863	7314579	73.59
2014	10-14	0.00017	0.00083	2.8	99348	82	496561	6817716	68.62
2014	15-19	0.00058	0.00292	3.06	99266	289	495771	6321154	63.68
2014	20-24	0.00108	0.00537	2.53	98977	532	493574	5825384	58.86
2014	25-29	0.00122	0.00609	2.53	98445	600	490746	5331810	54.16
2014	30-34	0.00132	0.00659	2.54	97846	645	487643	4841064	49.48
2014	35-39	0.00160	0.00799	2.58	97201	776	484124	4353421	44.79
2014	40-44	0.00215	0.01071	2.63	96424	1033	479671	3869296	40.13
2014	45-49	0.00336	0.01665	2.71	95391	1588	473318	3389625	35.53
2014	50-54	0.00528	0.02607	2.65	93803	2446	463278	2916308	31.09
2014	55-59	0.00800	0.03925	2.64	91357	3586	448317	2453029	26.85
2014	60-64	0.01162	0.05652	2.59	87771	4961	426912	2004712	22.84
2014	65-69	0.01570	0.07564	2.6	82810	6264	399035	1577800	19.05
2014	70-74	0.02393	0.11317	2.61	76547	8663	362004	1178766	15.40
2014	75-79	0.03751	0.17221	2.62	67884	11690	311623	816762	12.03
2014	80-84	0.06245	0.27167	2.61	56193	15266	244443	505139	8.99
2014	85-89	0.11091	0.43496	2.52	40927	17802	160504	260697	6.37
2014	90-94	0.19723	0.64649	2.34	23125	14950	75803	100192	4.33
2014	95-99	0.31424	0.81357	2.04	8175	6651	21166	24389	2.98
2014	100-104	0.46293	0.91919	1.72	1524	1401	3026	3224	2.12
2014	105-109	0.61973	0.96648	1.44	123	119	192	198	1.60
2014	110+	0.73976	1.00000	1.35	4	4	6	6	1.35
2015	0	0.00502	0.00500	0.06	100000	500	99530	7793132	77.93
2015	1-4	0.00023	0.00091	1.59	99500	90	397785	7693602	77.32
2015	5-9	0.00011	0.00057	2.52	99410	56	496911	7295818	73.39
2015	10-14	0.00016	0.00079	2.98	99354	79	496611	6798907	68.43
2015	15-19	0.00063	0.00315	3.01	99275	313	495753	6302296	63.48
2015	20-24	0.00115	0.00573	2.55	98962	568	493417	5806543	58.67
2015	25-29	0.00127	0.00632	2.56	98395	622	490456	5313126	54.00
2015	30-34	0.00141	0.00700	2.57	97772	685	487197	4822670	49.33
2015	35-39	0.00171	0.00852	2.56	97088	827	483423	4335473	44.66
2015	40-44	0.00223	0.01107	2.66	96261	1066	478808	3852050	40.02
2015	45-49	0.00337	0.01670	2.69	95195	1590	472295	3373242	35.44
2015	50-54	0.00525	0.02592	2.68	93605	2427	462395	2900947	30.99
2015	55-59	0.00802	0.03935	2.66	91179	3588	447490	2438551	26.74
2015	60-64	0.01182	0.05750	2.61	87591	5036	425939	1991061	22.73
2015	65-69	0.01597	0.07688	2.59	82554	6347	397457	1565122	18.96
2015	70-74	0.02427	0.11471	2.61	76207	8742	360169	1167665	15.32
2015	75-79	0.03791	0.17387	2.62	67465	11730	309447	807496	11.97
2015	80-84	0.06288	0.27320	2.6	55735	15227	242174	498050	8.94
2015	85-89	0.11209	0.43841	2.52	40508	17759	158437	255875	6.32
2015	90-94	0.19962	0.64983	2.32	22749	14783	74055	97438	4.28
2015	95-99	0.32017	0.81987	2.02	7966	6531	20399	23383	2.94
2015	100-104	0.47143	0.92312	1.7	1435	1325	2810	2984	2.08
2015	105-109	0.62948	0.96833	1.43	110	107	170	174	1.58
2015	110+	0.74926	1.00000	1.33	3	3	5	5	1.33
2016	0	0.00514	0.00511	0.06	100000	511	99519	7789514	77.90
2016	1-4	0.00023	0.00093	1.56	99489	93	397729	7689995	77.29
2016	5-9	0.00012	0.00058	2.45	99396	57	496833	7292266	73.37
2016	10-14	0.00015	0.00076	2.78	99339	76	496525	6795432	68.41
2016	15-19	0.00067	0.00335	3	99263	333	495651	6298907	63.46
2016	20-24	0.00123	0.00613	2.55	98930	607	493166	5803257	58.66
2016	25-29	0.00133	0.00665	2.55	98323	654	490017	5310090	54.01
2016	30-34	0.00151	0.00752	2.55	97670	735	486550	4820073	49.35
2016	35-39	0.00179	0.00891	2.56	96935	863	482570	4333524	44.71
2016	40-44	0.00221	0.01101	2.63	96071	1058	477854	3850954	40.08
2016	45-49	0.00333	0.01653	2.68	95014	1571	471426	3373100	35.50
2016	50-54	0.00533	0.02634	2.7	93443	2461	461540	2901674	31.05
2016	55-59	0.00798	0.03916	2.65	90981	3563	446532	2440133	26.82
2016	60-64	0.01183	0.05753	2.62	87418	5029	425141	1993601	22.81
2016	65-69	0.01623	0.07812	2.61	82389	6436	396590	1568460	19.04
2016	70-74	0.02377	0.11259	2.65	75953	8551	359704	1171871	15.43
2016	75-79	0.03809	0.17450	2.6	67401	11762	308822	812167	12.05
2016	80-84	0.06121	0.26670	2.59	55639	14839	242418	503345	9.05
2016	85-89	0.10961	0.43136	2.53	40800	17599	160562	260927	6.40
2016	90-94	0.19710	0.64416	2.31	23201	14945	75824	100365	4.33
2016	95-99	0.31542	0.81505	2.04	8256	6729	21333	24541	2.97
2016	100-104	0.46624	0.92086	1.72	1527	1406	3016	3208	2.10
2016	105-109	0.62479	0.96750	1.43	121	117	187	192	1.59
2016	110+	0.74551	1.00000	1.34	4	4	5	5	1.34
2017	0	0.00494	0.00491	0.06	100000	491	99537	7796261	77.96
2017	1-4	0.00024	0.00095	1.59	99509	95	397807	7696724	77.35
2017	5-9	0.00011	0.00054	2.53	99414	53	496938	7298917	73.42
2017	10-14	0.00016	0.00082	2.94	99361	82	496635	6801978	68.46
2017	15-19	0.00066	0.00332	3.02	99279	330	495742	6305343	63.51
2017	20-24	0.00123	0.00611	2.52	98949	604	493249	5809601	58.71
2017	25-29	0.00136	0.00678	2.56	98345	667	490096	5316352	54.06
2017	30-34	0.00151	0.00754	2.56	97678	737	486595	4826256	49.41
2017	35-39	0.00180	0.00895	2.58	96942	868	482604	4339661	44.77
2017	40-44	0.00226	0.01124	2.59	96074	1080	477766	3857056	40.15
2017	45-49	0.00332	0.01645	2.63	94994	1563	471262	3379291	35.57
2017	50-54	0.00515	0.02544	2.67	93431	2377	461623	2908029	31.12
2017	55-59	0.00799	0.03923	2.63	91053	3572	446817	2446406	26.87
2017	60-64	0.01153	0.05611	2.62	87482	4908	425726	1999589	22.86
2017	65-69	0.01630	0.07843	2.58	82573	6476	397223	1573863	19.06
2017	70-74	0.02381	0.11273	2.64	76097	8578	360256	1176640	15.46
2017	75-79	0.03767	0.17287	2.62	67519	11672	309830	816384	12.09
2017	80-84	0.06137	0.26713	2.58	55847	14919	243084	506554	9.07
2017	85-89	0.10884	0.42870	2.52	40928	17546	161205	263470	6.44
2017	90-94	0.19445	0.64027	2.33	23382	14971	76992	102265	4.37
2017	95-99	0.31158	0.81084	2.04	8411	6820	21889	25273	3.00
2017	100-104	0.46027	0.91802	1.73	1591	1461	3173	3384	2.13
2017	105-109	0.61758	0.96610	1.44	130	126	204	210	1.61
2017	110+	0.73824	1.00000	1.35	4	4	6	6	1.35
2018	0	0.00510	0.00508	0.06	100000	508	99522	7808244	78.08
2018	1-4	0.00024	0.00096	1.51	99492	95	397730	7708722	77.48
2018	5-9	0.00011	0.00053	2.41	99397	53	496845	7310992	73.55
2018	10-14	0.00015	0.00074	2.91	99343	74	496563	6814148	68.59
2018	15-19	0.00066	0.00327	2.97	99270	325	495689	6317585	63.64
2018	20-24	0.00119	0.00595	2.52	98945	588	493263	5821896	58.84
2018	25-29	0.00133	0.00663	2.55	98356	652	490188	5328633	54.18
2018	30-34	0.00153	0.00763	2.55	97705	746	486696	4838445	49.52
2018	35-39	0.00188	0.00934	2.56	96959	905	482591	4351748	44.88
2018	40-44	0.00225	0.01119	2.61	96054	1075	477704	3869157	40.28
2018	45-49	0.00327	0.01621	2.66	94979	1540	471296	3391454	35.71
2018	50-54	0.00512	0.02530	2.66	93438	2364	461653	2920158	31.25
2018	55-59	0.00795	0.03904	2.63	91074	3555	446931	2458504	26.99
2018	60-64	0.01173	0.05707	2.62	87519	4994	425706	2011573	22.98
2018	65-69	0.01629	0.07836	2.58	82525	6466	397001	1585867	19.22
2018	70-74	0.02346	0.11111	2.62	76059	8451	360166	1188866	15.63
2018	75-79	0.03720	0.17086	2.62	67608	11552	310529	828700	12.26
2018	80-84	0.06060	0.26409	2.57	56056	14804	244292	518172	9.24
2018	85-89	0.10414	0.41393	2.52	41253	17076	163972	273880	6.64
2018	90-94	0.18493	0.61993	2.34	24177	14988	81049	109907	4.55
2018	95-99	0.29597	0.79306	2.07	9189	7287	24621	28859	3.14
2018	100-104	0.43764	0.90643	1.77	1902	1724	3938	4237	2.23
2018	105-109	0.59108	0.96046	1.49	178	171	289	299	1.68
2018	110+	0.71174	1.00000	1.4	7	7	10	10	1.40
2019	0	0.00495	0.00492	0.06	100000	492	99536	7815549	78.16
2019	1-4	0.00020	0.00082	1.51	99508	81	397829	7716013	77.54
2019	5-9	0.00010	0.00052	2.43	99427	51	497001	7318184	73.60
2019	10-14	0.00016	0.00082	2.8	99375	82	496696	6821183	68.64
2019	15-19	0.00065	0.00322	3.04	99294	320	495839	6324487	63.69
2019	20-24	0.00121	0.00601	2.53	98973	595	493397	5828648	58.89
2019	25-29	0.00140	0.00696	2.55	98379	685	490214	5335251	54.23
2019	30-34	0.00160	0.00796	2.56	97694	777	486574	4845038	49.59
2019	35-39	0.00194	0.00964	2.56	96916	934	482301	4358464	44.97
2019	40-44	0.00237	0.01179	2.56	95982	1131	477146	3876163	40.38
2019	45-49	0.00333	0.01651	2.68	94851	1566	470622	3399017	35.84
2019	50-54	0.00510	0.02522	2.66	93285	2353	460926	2928395	31.39
2019	55-59	0.00789	0.03874	2.62	90932	3522	446291	2467468	27.14
2019	60-64	0.01153	0.05611	2.63	87410	4904	425414	2021177	23.12
2019	65-69	0.01602	0.07710	2.59	82506	6361	397186	1595763	19.34
2019	70-74	0.02305	0.10924	2.6	76145	8318	360790	1198577	15.74
2019	75-79	0.03685	0.16925	2.6	67827	11480	311567	837787	12.35
2019	80-84	0.06082	0.26509	2.58	56347	14937	245592	526221	9.34
2019	85-89	0.10078	0.40424	2.55	41410	16739	166094	280629	6.78
2019	90-94	0.18084	0.61175	2.36	24670	15092	83455	114535	4.64
2019	95-99	0.28497	0.77953	2.1	9578	7467	26201	31080	3.24
2019	100-104	0.42088	0.89679	1.8	2112	1894	4500	4879	2.31
2019	105-109	0.57048	0.95542	1.52	218	208	365	379	1.74
2019	110+	0.69018	1.00000	1.45	10	10	14	14	1.45
