Reg4: , Lifetables (period 1x5), Females Last modified: 20 Dec 2020, MPv5 (May07) 

Year     	Age	mx	qx	ax	lx	dx	Lx	Tx	ex
1960-1964	0	0.02067	0.02030	0.11	100000	2030	98196	7463830	74.64
1960-1964	1	0.00149	0.00149	0.5	97970	146	97898	7365634	75.18
1960-1964	2	0.00088	0.00088	0.5	97825	86	97781	7267737	74.29
1960-1964	3	0.00068	0.00068	0.5	97738	67	97705	7169955	73.36
1960-1964	4	0.00059	0.00059	0.5	97671	57	97643	7072251	72.41
1960-1964	5	0.00051	0.00051	0.5	97614	49	97590	6974608	71.45
1960-1964	6	0.00040	0.00040	0.5	97565	39	97545	6877018	70.49
1960-1964	7	0.00036	0.00036	0.5	97526	35	97508	6779473	69.51
1960-1964	8	0.00032	0.00032	0.5	97490	31	97475	6681965	68.54
1960-1964	9	0.00027	0.00027	0.5	97459	26	97446	6584490	67.56
1960-1964	10	0.00029	0.00029	0.5	97433	28	97419	6487044	66.58
1960-1964	11	0.00030	0.00030	0.5	97405	29	97391	6389624	65.60
1960-1964	12	0.00028	0.00028	0.5	97376	27	97363	6292234	64.62
1960-1964	13	0.00031	0.00030	0.5	97349	30	97334	6194871	63.64
1960-1964	14	0.00035	0.00035	0.5	97319	34	97303	6097537	62.65
1960-1964	15	0.00040	0.00040	0.5	97286	39	97266	6000235	61.68
1960-1964	16	0.00051	0.00051	0.5	97247	50	97222	5902968	60.70
1960-1964	17	0.00059	0.00059	0.5	97197	58	97168	5805746	59.73
1960-1964	18	0.00063	0.00063	0.5	97139	61	97109	5708578	58.77
1960-1964	19	0.00070	0.00070	0.5	97078	68	97044	5611469	57.80
1960-1964	20	0.00068	0.00068	0.5	97010	66	96977	5514425	56.84
1960-1964	21	0.00080	0.00080	0.5	96944	78	96905	5417448	55.88
1960-1964	22	0.00074	0.00074	0.5	96866	72	96830	5320543	54.93
1960-1964	23	0.00077	0.00077	0.5	96794	74	96757	5223713	53.97
1960-1964	24	0.00076	0.00076	0.5	96720	73	96684	5126955	53.01
1960-1964	25	0.00083	0.00083	0.5	96647	80	96607	5030272	52.05
1960-1964	26	0.00078	0.00078	0.5	96567	75	96529	4933665	51.09
1960-1964	27	0.00087	0.00087	0.5	96492	84	96450	4837135	50.13
1960-1964	28	0.00083	0.00083	0.5	96408	80	96368	4740685	49.17
1960-1964	29	0.00090	0.00090	0.5	96328	87	96285	4644317	48.21
1960-1964	30	0.00106	0.00106	0.5	96241	102	96190	4548032	47.26
1960-1964	31	0.00107	0.00107	0.5	96139	103	96088	4451842	46.31
1960-1964	32	0.00115	0.00115	0.5	96037	110	95982	4355754	45.36
1960-1964	33	0.00126	0.00126	0.5	95927	121	95866	4259772	44.41
1960-1964	34	0.00132	0.00132	0.5	95806	127	95743	4163906	43.46
1960-1964	35	0.00145	0.00145	0.5	95679	139	95610	4068163	42.52
1960-1964	36	0.00153	0.00152	0.5	95540	146	95467	3972554	41.58
1960-1964	37	0.00173	0.00173	0.5	95395	165	95312	3877086	40.64
1960-1964	38	0.00182	0.00182	0.5	95230	173	95143	3781774	39.71
1960-1964	39	0.00206	0.00206	0.5	95057	196	94959	3686631	38.78
1960-1964	40	0.00215	0.00214	0.5	94861	203	94759	3591672	37.86
1960-1964	41	0.00220	0.00220	0.5	94658	208	94554	3496912	36.94
1960-1964	42	0.00262	0.00262	0.5	94449	248	94326	3402359	36.02
1960-1964	43	0.00288	0.00288	0.5	94202	271	94066	3308033	35.12
1960-1964	44	0.00311	0.00310	0.5	93931	291	93785	3213967	34.22
1960-1964	45	0.00336	0.00336	0.5	93639	314	93482	3120182	33.32
1960-1964	46	0.00367	0.00366	0.5	93325	342	93154	3026700	32.43
1960-1964	47	0.00410	0.00409	0.5	92983	381	92793	2933546	31.55
1960-1964	48	0.00442	0.00441	0.5	92602	408	92398	2840753	30.68
1960-1964	49	0.00472	0.00471	0.5	92194	434	91977	2748355	29.81
1960-1964	50	0.00508	0.00507	0.5	91760	465	91527	2656378	28.95
1960-1964	51	0.00554	0.00553	0.5	91295	505	91042	2564850	28.09
1960-1964	52	0.00589	0.00588	0.5	90790	534	90523	2473808	27.25
1960-1964	53	0.00664	0.00662	0.5	90257	597	89958	2383285	26.41
1960-1964	54	0.00692	0.00690	0.5	89659	619	89350	2293327	25.58
1960-1964	55	0.00712	0.00710	0.5	89041	632	88725	2203977	24.75
1960-1964	56	0.00792	0.00789	0.5	88409	697	88060	2115252	23.93
1960-1964	57	0.00851	0.00847	0.5	87711	743	87340	2027192	23.11
1960-1964	58	0.00885	0.00881	0.5	86968	766	86585	1939853	22.31
1960-1964	59	0.00972	0.00967	0.5	86202	834	85785	1853268	21.50
1960-1964	60	0.01031	0.01025	0.5	85368	875	84930	1767483	20.70
1960-1964	61	0.01114	0.01108	0.5	84492	936	84024	1682553	19.91
1960-1964	62	0.01273	0.01265	0.5	83557	1057	83028	1598528	19.13
1960-1964	63	0.01371	0.01362	0.5	82500	1123	81938	1515500	18.37
1960-1964	64	0.01498	0.01487	0.5	81376	1210	80771	1433562	17.62
1960-1964	65	0.01657	0.01644	0.5	80166	1318	79508	1352791	16.87
1960-1964	66	0.01757	0.01742	0.5	78849	1373	78162	1273283	16.15
1960-1964	67	0.01942	0.01924	0.5	77475	1490	76730	1195121	15.43
1960-1964	68	0.02114	0.02092	0.5	75985	1590	75190	1118391	14.72
1960-1964	69	0.02293	0.02267	0.5	74395	1686	73552	1043201	14.02
1960-1964	70	0.02600	0.02566	0.5	72709	1866	71776	969649	13.34
1960-1964	71	0.02778	0.02740	0.5	70843	1941	69873	897873	12.67
1960-1964	72	0.03211	0.03160	0.5	68902	2177	67813	828000	12.02
1960-1964	73	0.03540	0.03478	0.5	66725	2321	65565	760187	11.39
1960-1964	74	0.03914	0.03839	0.5	64404	2472	63168	694622	10.79
1960-1964	75	0.04427	0.04331	0.5	61932	2682	60591	631454	10.20
1960-1964	76	0.04782	0.04670	0.5	59249	2767	57866	570864	9.63
1960-1964	77	0.05198	0.05066	0.5	56482	2862	55052	512998	9.08
1960-1964	78	0.05949	0.05778	0.5	53621	3098	52072	457946	8.54
1960-1964	79	0.06539	0.06332	0.5	50523	3199	48923	405875	8.03
1960-1964	80	0.07324	0.07065	0.5	47324	3343	45652	356951	7.54
1960-1964	81	0.07784	0.07493	0.5	43980	3295	42333	311299	7.08
1960-1964	82	0.08939	0.08556	0.5	40685	3481	38944	268967	6.61
1960-1964	83	0.10071	0.09588	0.5	37204	3567	35420	230022	6.18
1960-1964	84	0.11263	0.10663	0.5	33637	3587	31843	194602	5.79
1960-1964	85	0.12305	0.11592	0.5	30050	3483	28308	162759	5.42
1960-1964	86	0.13733	0.12851	0.5	26567	3414	24860	134451	5.06
1960-1964	87	0.15536	0.14416	0.5	23153	3338	21484	109591	4.73
1960-1964	88	0.16652	0.15372	0.5	19815	3046	18292	88107	4.45
1960-1964	89	0.18065	0.16569	0.5	16769	2778	15380	69815	4.16
1960-1964	90	0.20285	0.18417	0.5	13991	2577	12702	54435	3.89
1960-1964	91	0.21442	0.19365	0.5	11414	2210	10309	41733	3.66
1960-1964	92	0.23819	0.21284	0.5	9204	1959	8224	31424	3.41
1960-1964	93	0.25910	0.22939	0.5	7245	1662	6414	23200	3.20
1960-1964	94	0.27596	0.24250	0.5	5583	1354	4906	16787	3.01
1960-1964	95	0.30490	0.26457	0.5	4229	1119	3670	11881	2.81
1960-1964	96	0.32966	0.28301	0.5	3110	880	2670	8211	2.64
1960-1964	97	0.35540	0.30177	0.5	2230	673	1893	5541	2.48
1960-1964	98	0.38200	0.32074	0.5	1557	499	1307	3648	2.34
1960-1964	99	0.40933	0.33979	0.5	1058	359	878	2340	2.21
1960-1964	100	0.43724	0.35880	0.5	698	251	573	1462	2.09
1960-1964	101	0.46554	0.37764	0.5	448	169	363	889	1.99
1960-1964	102	0.49407	0.39620	0.5	279	110	223	526	1.89
1960-1964	103	0.52264	0.41436	0.5	168	70	133	303	1.80
1960-1964	104	0.55106	0.43202	0.5	99	43	77	169	1.72
1960-1964	105	0.57915	0.44910	0.5	56	25	43	92	1.65
1960-1964	106	0.60673	0.46551	0.5	31	14	24	49	1.58
1960-1964	107	0.63366	0.48120	0.5	16	8	13	25	1.52
1960-1964	108	0.65977	0.49611	0.5	9	4	6	13	1.48
1960-1964	109	0.68495	0.51021	0.5	4	2	3	6	1.44
1960-1964	110+	0.70908	1.00000	1.41	2	2	3	3	1.41
1965-1969	0	0.01777	0.01749	0.1	100000	1749	98431	7514157	75.14
1965-1969	1	0.00131	0.00131	0.5	98251	129	98187	7415726	75.48
1965-1969	2	0.00081	0.00081	0.5	98122	79	98083	7317540	74.58
1965-1969	3	0.00061	0.00061	0.5	98043	60	98013	7219457	73.64
1965-1969	4	0.00054	0.00054	0.5	97983	53	97957	7121444	72.68
1965-1969	5	0.00045	0.00045	0.5	97931	44	97909	7023487	71.72
1965-1969	6	0.00038	0.00038	0.5	97887	37	97868	6925578	70.75
1965-1969	7	0.00033	0.00033	0.5	97850	32	97834	6827710	69.78
1965-1969	8	0.00033	0.00033	0.5	97817	32	97801	6729876	68.80
1965-1969	9	0.00026	0.00026	0.5	97785	26	97773	6632075	67.82
1965-1969	10	0.00026	0.00026	0.5	97760	25	97747	6534302	66.84
1965-1969	11	0.00026	0.00026	0.5	97735	26	97722	6436555	65.86
1965-1969	12	0.00028	0.00028	0.5	97709	28	97695	6338834	64.87
1965-1969	13	0.00033	0.00033	0.5	97681	32	97665	6241139	63.89
1965-1969	14	0.00035	0.00035	0.5	97649	34	97632	6143473	62.91
1965-1969	15	0.00045	0.00045	0.5	97615	44	97593	6045842	61.94
1965-1969	16	0.00052	0.00052	0.5	97571	51	97545	5948249	60.96
1965-1969	17	0.00062	0.00062	0.5	97520	61	97489	5850704	59.99
1965-1969	18	0.00072	0.00072	0.5	97459	70	97424	5753214	59.03
1965-1969	19	0.00075	0.00075	0.5	97389	73	97352	5655790	58.07
1965-1969	20	0.00075	0.00075	0.5	97316	73	97279	5558438	57.12
1965-1969	21	0.00071	0.00071	0.5	97243	69	97208	5461159	56.16
1965-1969	22	0.00074	0.00074	0.5	97173	72	97137	5363951	55.20
1965-1969	23	0.00075	0.00075	0.5	97101	73	97065	5266814	54.24
1965-1969	24	0.00078	0.00078	0.5	97028	75	96990	5169749	53.28
1965-1969	25	0.00082	0.00082	0.5	96953	80	96913	5072759	52.32
1965-1969	26	0.00084	0.00084	0.5	96873	82	96832	4975846	51.36
1965-1969	27	0.00085	0.00085	0.5	96791	83	96750	4879014	50.41
1965-1969	28	0.00090	0.00090	0.5	96709	87	96665	4782264	49.45
1965-1969	29	0.00096	0.00096	0.5	96621	93	96575	4685599	48.49
1965-1969	30	0.00096	0.00096	0.5	96529	93	96483	4589023	47.54
1965-1969	31	0.00105	0.00105	0.5	96436	101	96386	4492541	46.59
1965-1969	32	0.00123	0.00123	0.5	96335	118	96276	4396155	45.63
1965-1969	33	0.00125	0.00125	0.5	96217	120	96157	4299879	44.69
1965-1969	34	0.00135	0.00135	0.5	96097	130	96032	4203723	43.74
1965-1969	35	0.00144	0.00144	0.5	95967	138	95898	4107691	42.80
1965-1969	36	0.00154	0.00153	0.5	95829	147	95756	4011793	41.86
1965-1969	37	0.00166	0.00166	0.5	95682	159	95603	3916037	40.93
1965-1969	38	0.00183	0.00183	0.5	95523	174	95436	3820435	39.99
1965-1969	39	0.00205	0.00205	0.5	95349	196	95251	3724998	39.07
1965-1969	40	0.00223	0.00223	0.5	95153	212	95047	3629748	38.15
1965-1969	41	0.00236	0.00235	0.5	94941	223	94830	3534700	37.23
1965-1969	42	0.00257	0.00257	0.5	94718	244	94596	3439871	36.32
1965-1969	43	0.00292	0.00291	0.5	94474	275	94337	3345274	35.41
1965-1969	44	0.00306	0.00305	0.5	94199	288	94056	3250938	34.51
1965-1969	45	0.00342	0.00341	0.5	93912	321	93751	3156882	33.62
1965-1969	46	0.00364	0.00364	0.5	93591	340	93421	3063130	32.73
1965-1969	47	0.00390	0.00389	0.5	93251	363	93069	2969709	31.85
1965-1969	48	0.00433	0.00432	0.5	92888	402	92687	2876640	30.97
1965-1969	49	0.00466	0.00465	0.5	92486	430	92271	2783954	30.10
1965-1969	50	0.00510	0.00508	0.5	92056	468	91822	2691683	29.24
1965-1969	51	0.00543	0.00542	0.5	91588	496	91340	2599861	28.39
1965-1969	52	0.00587	0.00585	0.5	91092	533	90825	2508521	27.54
1965-1969	53	0.00639	0.00637	0.5	90558	577	90270	2417696	26.70
1965-1969	54	0.00698	0.00695	0.5	89981	626	89668	2327426	25.87
1965-1969	55	0.00735	0.00732	0.5	89356	654	89028	2237758	25.04
1965-1969	56	0.00796	0.00793	0.5	88701	703	88350	2148729	24.22
1965-1969	57	0.00852	0.00849	0.5	87998	747	87625	2060380	23.41
1965-1969	58	0.00925	0.00920	0.5	87251	803	86850	1972755	22.61
1965-1969	59	0.00975	0.00970	0.5	86448	839	86029	1885905	21.82
1965-1969	60	0.01059	0.01054	0.5	85609	902	85158	1799876	21.02
1965-1969	61	0.01127	0.01121	0.5	84707	950	84233	1714718	20.24
1965-1969	62	0.01265	0.01257	0.5	83758	1053	83231	1630485	19.47
1965-1969	63	0.01301	0.01293	0.5	82705	1069	82170	1547254	18.71
1965-1969	64	0.01410	0.01400	0.5	81635	1143	81064	1465084	17.95
1965-1969	65	0.01579	0.01567	0.5	80492	1261	79861	1384020	17.19
1965-1969	66	0.01730	0.01715	0.5	79231	1359	78551	1304159	16.46
1965-1969	67	0.01875	0.01857	0.5	77872	1446	77149	1225607	15.74
1965-1969	68	0.02064	0.02043	0.5	76426	1561	75645	1148458	15.03
1965-1969	69	0.02240	0.02215	0.5	74865	1658	74035	1072813	14.33
1965-1969	70	0.02512	0.02481	0.5	73206	1816	72298	998778	13.64
1965-1969	71	0.02716	0.02680	0.5	71390	1913	70434	926480	12.98
1965-1969	72	0.03085	0.03038	0.5	69477	2111	68422	856046	12.32
1965-1969	73	0.03385	0.03329	0.5	67366	2243	66245	787624	11.69
1965-1969	74	0.03729	0.03661	0.5	65124	2384	63932	721379	11.08
1965-1969	75	0.04243	0.04155	0.5	62739	2607	61436	657447	10.48
1965-1969	76	0.04659	0.04553	0.5	60133	2738	58764	596011	9.91
1965-1969	77	0.05087	0.04961	0.5	57395	2848	55971	537247	9.36
1965-1969	78	0.05668	0.05512	0.5	54548	3006	53044	481276	8.82
1965-1969	79	0.06256	0.06067	0.5	51541	3127	49978	428232	8.31
1965-1969	80	0.06817	0.06592	0.5	48414	3191	46819	378254	7.81
1965-1969	81	0.07375	0.07113	0.5	45223	3217	43614	331436	7.33
1965-1969	82	0.08390	0.08052	0.5	42006	3383	40315	287821	6.85
1965-1969	83	0.09477	0.09048	0.5	38624	3495	36876	247506	6.41
1965-1969	84	0.10621	0.10086	0.5	35129	3543	33357	210630	6.00
1965-1969	85	0.11675	0.11031	0.5	31586	3484	29844	177273	5.61
1965-1969	86	0.13040	0.12242	0.5	28102	3440	26382	147429	5.25
1965-1969	87	0.14584	0.13593	0.5	24661	3352	22985	121048	4.91
1965-1969	88	0.15745	0.14596	0.5	21309	3110	19754	98062	4.60
1965-1969	89	0.17596	0.16173	0.5	18199	2943	16727	78308	4.30
1965-1969	90	0.19155	0.17481	0.5	15256	2667	13922	61581	4.04
1965-1969	91	0.20845	0.18878	0.5	12589	2376	11400	47659	3.79
1965-1969	92	0.22095	0.19897	0.5	10212	2032	9196	36259	3.55
1965-1969	93	0.25100	0.22301	0.5	8180	1824	7268	27062	3.31
1965-1969	94	0.26228	0.23187	0.5	6356	1474	5619	19794	3.11
1965-1969	95	0.29225	0.25499	0.5	4882	1245	4260	14175	2.90
1965-1969	96	0.31654	0.27329	0.5	3637	994	3140	9915	2.73
1965-1969	97	0.34188	0.29197	0.5	2643	772	2257	6775	2.56
1965-1969	98	0.36815	0.31092	0.5	1872	582	1581	4518	2.41
1965-1969	99	0.39522	0.33001	0.5	1290	426	1077	2937	2.28
1965-1969	100	0.42296	0.34913	0.5	864	302	713	1860	2.15
1965-1969	101	0.45119	0.36814	0.5	562	207	459	1147	2.04
1965-1969	102	0.47974	0.38693	0.5	355	137	287	688	1.94
1965-1969	103	0.50842	0.40537	0.5	218	88	174	401	1.84
1965-1969	104	0.53705	0.42336	0.5	130	55	102	228	1.76
1965-1969	105	0.56543	0.44081	0.5	75	33	58	126	1.68
1965-1969	106	0.59339	0.45762	0.5	42	19	32	67	1.61
1965-1969	107	0.62076	0.47373	0.5	23	11	17	35	1.55
1965-1969	108	0.64738	0.48907	0.5	12	6	9	18	1.50
1965-1969	109	0.67312	0.50362	0.5	6	3	5	9	1.46
1965-1969	110+	0.69785	1.00000	1.43	3	3	4	4	1.43
1970-1974	0	0.01442	0.01424	0.09	100000	1424	98709	7608397	76.08
1970-1974	1	0.00111	0.00111	0.5	98576	109	98522	7509688	76.18
1970-1974	2	0.00073	0.00073	0.5	98467	72	98431	7411166	75.27
1970-1974	3	0.00057	0.00057	0.5	98396	56	98368	7312735	74.32
1970-1974	4	0.00047	0.00047	0.5	98340	47	98316	7214367	73.36
1970-1974	5	0.00042	0.00042	0.5	98293	41	98273	7116051	72.40
1970-1974	6	0.00037	0.00036	0.5	98252	36	98234	7017779	71.43
1970-1974	7	0.00033	0.00033	0.5	98216	32	98200	6919544	70.45
1970-1974	8	0.00025	0.00025	0.5	98184	25	98172	6821344	69.47
1970-1974	9	0.00025	0.00025	0.5	98159	25	98147	6723172	68.49
1970-1974	10	0.00024	0.00024	0.5	98134	24	98123	6625026	67.51
1970-1974	11	0.00025	0.00025	0.5	98111	24	98098	6526903	66.53
1970-1974	12	0.00024	0.00024	0.5	98086	24	98074	6428805	65.54
1970-1974	13	0.00030	0.00030	0.5	98062	30	98048	6330730	64.56
1970-1974	14	0.00038	0.00038	0.5	98033	37	98014	6232683	63.58
1970-1974	15	0.00047	0.00047	0.5	97995	46	97972	6134669	62.60
1970-1974	16	0.00057	0.00057	0.5	97949	56	97921	6036696	61.63
1970-1974	17	0.00064	0.00064	0.5	97893	63	97862	5938775	60.67
1970-1974	18	0.00077	0.00077	0.5	97830	75	97793	5840914	59.70
1970-1974	19	0.00081	0.00081	0.5	97755	79	97715	5743121	58.75
1970-1974	20	0.00077	0.00077	0.5	97676	75	97638	5645406	57.80
1970-1974	21	0.00081	0.00081	0.5	97600	79	97561	5547768	56.84
1970-1974	22	0.00075	0.00075	0.5	97521	73	97484	5450207	55.89
1970-1974	23	0.00078	0.00078	0.5	97448	76	97410	5352722	54.93
1970-1974	24	0.00079	0.00079	0.5	97372	77	97333	5255313	53.97
1970-1974	25	0.00075	0.00075	0.5	97295	73	97258	5157979	53.01
1970-1974	26	0.00082	0.00082	0.5	97222	80	97182	5060721	52.05
1970-1974	27	0.00084	0.00084	0.5	97142	82	97102	4963539	51.10
1970-1974	28	0.00089	0.00089	0.5	97061	87	97017	4866437	50.14
1970-1974	29	0.00089	0.00089	0.5	96974	86	96931	4769420	49.18
1970-1974	30	0.00097	0.00097	0.5	96888	94	96841	4672489	48.23
1970-1974	31	0.00104	0.00104	0.5	96793	100	96743	4575648	47.27
1970-1974	32	0.00103	0.00103	0.5	96693	100	96643	4478905	46.32
1970-1974	33	0.00106	0.00106	0.5	96593	102	96542	4382262	45.37
1970-1974	34	0.00122	0.00122	0.5	96491	117	96432	4285721	44.42
1970-1974	35	0.00143	0.00143	0.5	96373	138	96304	4189289	43.47
1970-1974	36	0.00151	0.00151	0.5	96235	146	96162	4092985	42.53
1970-1974	37	0.00164	0.00164	0.5	96090	157	96011	3996822	41.59
1970-1974	38	0.00166	0.00166	0.5	95932	159	95853	3900811	40.66
1970-1974	39	0.00187	0.00187	0.5	95773	179	95684	3804958	39.73
1970-1974	40	0.00209	0.00209	0.5	95594	199	95495	3709274	38.80
1970-1974	41	0.00221	0.00221	0.5	95395	211	95290	3613780	37.88
1970-1974	42	0.00244	0.00244	0.5	95184	232	95068	3518490	36.97
1970-1974	43	0.00263	0.00263	0.5	94952	250	94827	3423422	36.05
1970-1974	44	0.00278	0.00278	0.5	94703	263	94571	3328594	35.15
1970-1974	45	0.00325	0.00324	0.5	94439	306	94286	3234023	34.24
1970-1974	46	0.00363	0.00363	0.5	94133	341	93962	3139737	33.35
1970-1974	47	0.00390	0.00389	0.5	93792	365	93609	3045775	32.47
1970-1974	48	0.00405	0.00405	0.5	93427	378	93238	2952165	31.60
1970-1974	49	0.00446	0.00445	0.5	93049	414	92842	2858928	30.73
1970-1974	50	0.00478	0.00477	0.5	92635	442	92414	2766086	29.86
1970-1974	51	0.00517	0.00516	0.5	92193	475	91955	2673672	29.00
1970-1974	52	0.00559	0.00558	0.5	91717	512	91462	2581717	28.15
1970-1974	53	0.00604	0.00602	0.5	91206	549	90931	2490256	27.30
1970-1974	54	0.00649	0.00647	0.5	90656	587	90363	2399325	26.47
1970-1974	55	0.00695	0.00693	0.5	90070	624	89758	2308961	25.64
1970-1974	56	0.00775	0.00772	0.5	89446	690	89101	2219204	24.81
1970-1974	57	0.00830	0.00826	0.5	88756	734	88389	2130103	24.00
1970-1974	58	0.00885	0.00881	0.5	88022	776	87634	2041714	23.20
1970-1974	59	0.00993	0.00988	0.5	87246	862	86815	1954080	22.40
1970-1974	60	0.01023	0.01018	0.5	86384	879	85945	1867264	21.62
1970-1974	61	0.01103	0.01097	0.5	85505	938	85036	1781319	20.83
1970-1974	62	0.01230	0.01222	0.5	84567	1033	84050	1696283	20.06
1970-1974	63	0.01303	0.01294	0.5	83534	1081	82993	1612233	19.30
1970-1974	64	0.01399	0.01390	0.5	82453	1146	81880	1529240	18.55
1970-1974	65	0.01532	0.01520	0.5	81307	1236	80689	1447360	17.80
1970-1974	66	0.01596	0.01583	0.5	80071	1268	79437	1366671	17.07
1970-1974	67	0.01747	0.01731	0.5	78803	1364	78121	1287235	16.33
1970-1974	68	0.01872	0.01855	0.5	77439	1436	76720	1209114	15.61
1970-1974	69	0.02055	0.02034	0.5	76002	1546	75229	1132393	14.90
1970-1974	70	0.02330	0.02303	0.5	74456	1715	73599	1057164	14.20
1970-1974	71	0.02542	0.02510	0.5	72741	1826	71829	983565	13.52
1970-1974	72	0.02850	0.02809	0.5	70916	1992	69920	911737	12.86
1970-1974	73	0.03083	0.03036	0.5	68923	2093	67877	841817	12.21
1970-1974	74	0.03396	0.03340	0.5	66831	2232	65715	773940	11.58
1970-1974	75	0.03839	0.03766	0.5	64599	2433	63382	708225	10.96
1970-1974	76	0.04219	0.04132	0.5	62166	2569	60881	644843	10.37
1970-1974	77	0.04656	0.04550	0.5	59597	2712	58241	583961	9.80
1970-1974	78	0.05231	0.05098	0.5	56885	2900	55435	525720	9.24
1970-1974	79	0.05734	0.05574	0.5	53985	3009	52481	470285	8.71
1970-1974	80	0.06327	0.06133	0.5	50976	3126	49413	417804	8.20
1970-1974	81	0.06874	0.06645	0.5	47850	3180	46260	368391	7.70
1970-1974	82	0.07634	0.07354	0.5	44670	3285	43028	322131	7.21
1970-1974	83	0.08686	0.08325	0.5	41385	3445	39662	279104	6.74
1970-1974	84	0.09689	0.09242	0.5	37940	3506	36187	239441	6.31
1970-1974	85	0.10726	0.10180	0.5	34434	3505	32681	203255	5.90
1970-1974	86	0.12001	0.11321	0.5	30928	3501	29177	170574	5.52
1970-1974	87	0.13281	0.12454	0.5	27427	3416	25719	141397	5.16
1970-1974	88	0.14878	0.13847	0.5	24011	3325	22349	115678	4.82
1970-1974	89	0.15971	0.14790	0.5	20686	3059	19156	93329	4.51
1970-1974	90	0.18171	0.16657	0.5	17627	2936	16159	74173	4.21
1970-1974	91	0.19116	0.17448	0.5	14691	2563	13409	58014	3.95
1970-1974	92	0.21259	0.19217	0.5	12127	2330	10962	44605	3.68
1970-1974	93	0.23818	0.21283	0.5	9797	2085	8754	33643	3.43
1970-1974	94	0.25563	0.22666	0.5	7712	1748	6838	24889	3.23
1970-1974	95	0.27661	0.24300	0.5	5964	1449	5239	18051	3.03
1970-1974	96	0.30040	0.26117	0.5	4515	1179	3925	12812	2.84
1970-1974	97	0.32532	0.27980	0.5	3335	933	2869	8887	2.66
1970-1974	98	0.35126	0.29879	0.5	2402	718	2043	6018	2.51
1970-1974	99	0.37812	0.31800	0.5	1684	536	1417	3975	2.36
1970-1974	100	0.40574	0.33731	0.5	1149	388	955	2558	2.23
1970-1974	101	0.43397	0.35660	0.5	761	271	626	1603	2.11
1970-1974	102	0.46264	0.37573	0.5	490	184	398	977	2.00
1970-1974	103	0.49156	0.39458	0.5	306	121	245	580	1.90
1970-1974	104	0.52053	0.41303	0.5	185	76	147	334	1.81
1970-1974	105	0.54937	0.43099	0.5	109	47	85	187	1.72
1970-1974	106	0.57788	0.44834	0.5	62	28	48	102	1.65
1970-1974	107	0.60588	0.46501	0.5	34	16	26	54	1.59
1970-1974	108	0.63320	0.48094	0.5	18	9	14	28	1.53
1970-1974	109	0.65969	0.49607	0.5	9	5	7	14	1.49
1970-1974	110+	0.68522	1.00000	1.46	5	5	7	7	1.46
1975-1979	0	0.01150	0.01138	0.09	100000	1138	98959	7779122	77.79
1975-1979	1	0.00102	0.00101	0.5	98862	100	98812	7680162	77.69
1975-1979	2	0.00065	0.00065	0.5	98762	64	98730	7581350	76.76
1975-1979	3	0.00047	0.00047	0.5	98697	46	98674	7482621	75.81
1975-1979	4	0.00035	0.00035	0.5	98651	35	98634	7383946	74.85
1975-1979	5	0.00031	0.00031	0.5	98617	30	98602	7285312	73.87
1975-1979	6	0.00030	0.00030	0.5	98587	30	98572	7186710	72.90
1975-1979	7	0.00028	0.00028	0.5	98557	27	98543	7088138	71.92
1975-1979	8	0.00025	0.00025	0.5	98530	24	98518	6989595	70.94
1975-1979	9	0.00022	0.00022	0.5	98505	21	98495	6891077	69.96
1975-1979	10	0.00021	0.00021	0.5	98484	21	98474	6792582	68.97
1975-1979	11	0.00021	0.00021	0.5	98463	21	98453	6694109	67.99
1975-1979	12	0.00022	0.00022	0.5	98443	21	98432	6595656	67.00
1975-1979	13	0.00025	0.00025	0.5	98421	25	98409	6497224	66.01
1975-1979	14	0.00029	0.00029	0.5	98396	29	98382	6398815	65.03
1975-1979	15	0.00045	0.00045	0.5	98367	44	98345	6300433	64.05
1975-1979	16	0.00055	0.00054	0.5	98323	54	98297	6202088	63.08
1975-1979	17	0.00058	0.00058	0.5	98270	57	98241	6103791	62.11
1975-1979	18	0.00070	0.00070	0.5	98212	68	98178	6005550	61.15
1975-1979	19	0.00069	0.00069	0.5	98144	67	98110	5907372	60.19
1975-1979	20	0.00068	0.00068	0.5	98077	67	98043	5809262	59.23
1975-1979	21	0.00072	0.00072	0.5	98010	71	97974	5711218	58.27
1975-1979	22	0.00074	0.00074	0.5	97939	73	97903	5613244	57.31
1975-1979	23	0.00076	0.00076	0.5	97866	74	97829	5515342	56.36
1975-1979	24	0.00073	0.00073	0.5	97792	71	97757	5417512	55.40
1975-1979	25	0.00071	0.00071	0.5	97721	69	97687	5319756	54.44
1975-1979	26	0.00075	0.00075	0.5	97652	73	97616	5222069	53.48
1975-1979	27	0.00072	0.00072	0.5	97579	71	97544	5124454	52.52
1975-1979	28	0.00080	0.00080	0.5	97508	78	97470	5026910	51.55
1975-1979	29	0.00078	0.00078	0.5	97431	76	97393	4929441	50.59
1975-1979	30	0.00080	0.00080	0.5	97355	77	97316	4832048	49.63
1975-1979	31	0.00086	0.00086	0.5	97277	83	97236	4734732	48.67
1975-1979	32	0.00093	0.00093	0.5	97194	90	97149	4637496	47.71
1975-1979	33	0.00094	0.00094	0.5	97104	91	97058	4540347	46.76
1975-1979	34	0.00102	0.00102	0.5	97012	99	96963	4443289	45.80
1975-1979	35	0.00108	0.00108	0.5	96913	104	96861	4346326	44.85
1975-1979	36	0.00117	0.00117	0.5	96809	113	96753	4249465	43.90
1975-1979	37	0.00130	0.00130	0.5	96696	126	96633	4152712	42.95
1975-1979	38	0.00137	0.00137	0.5	96570	132	96504	4056079	42.00
1975-1979	39	0.00147	0.00147	0.5	96438	141	96367	3959575	41.06
1975-1979	40	0.00173	0.00173	0.5	96296	167	96213	3863208	40.12
1975-1979	41	0.00184	0.00184	0.5	96129	177	96041	3766995	39.19
1975-1979	42	0.00207	0.00207	0.5	95953	198	95854	3670954	38.26
1975-1979	43	0.00222	0.00222	0.5	95755	213	95648	3575101	37.34
1975-1979	44	0.00251	0.00251	0.5	95542	240	95422	3479452	36.42
1975-1979	45	0.00271	0.00271	0.5	95302	258	95173	3384030	35.51
1975-1979	46	0.00293	0.00293	0.5	95044	278	94905	3288857	34.60
1975-1979	47	0.00328	0.00327	0.5	94766	310	94611	3193951	33.70
1975-1979	48	0.00345	0.00344	0.5	94456	325	94293	3099340	32.81
1975-1979	49	0.00382	0.00381	0.5	94131	359	93951	3005047	31.92
1975-1979	50	0.00417	0.00416	0.5	93772	390	93577	2911096	31.04
1975-1979	51	0.00458	0.00457	0.5	93382	426	93169	2817519	30.17
1975-1979	52	0.00498	0.00497	0.5	92956	462	92725	2724350	29.31
1975-1979	53	0.00536	0.00534	0.5	92494	494	92247	2631625	28.45
1975-1979	54	0.00571	0.00569	0.5	92000	523	91738	2539378	27.60
1975-1979	55	0.00629	0.00627	0.5	91476	573	91190	2447640	26.76
1975-1979	56	0.00666	0.00664	0.5	90903	604	90601	2356451	25.92
1975-1979	57	0.00744	0.00742	0.5	90299	670	89964	2265850	25.09
1975-1979	58	0.00806	0.00803	0.5	89630	720	89270	2175885	24.28
1975-1979	59	0.00873	0.00869	0.5	88910	773	88524	2086615	23.47
1975-1979	60	0.00938	0.00933	0.5	88137	823	87726	1998092	22.67
1975-1979	61	0.01011	0.01006	0.5	87315	878	86876	1910366	21.88
1975-1979	62	0.01116	0.01109	0.5	86437	959	85957	1823490	21.10
1975-1979	63	0.01181	0.01174	0.5	85478	1004	84976	1737533	20.33
1975-1979	64	0.01304	0.01296	0.5	84474	1095	83927	1652557	19.56
1975-1979	65	0.01375	0.01366	0.5	83379	1139	82810	1568630	18.81
1975-1979	66	0.01444	0.01433	0.5	82241	1179	81651	1485820	18.07
1975-1979	67	0.01588	0.01575	0.5	81062	1277	80423	1404169	17.32
1975-1979	68	0.01723	0.01708	0.5	79785	1363	79104	1323746	16.59
1975-1979	69	0.01915	0.01896	0.5	78422	1487	77679	1244642	15.87
1975-1979	70	0.02056	0.02035	0.5	76935	1566	76152	1166963	15.17
1975-1979	71	0.02274	0.02248	0.5	75369	1695	74522	1090811	14.47
1975-1979	72	0.02452	0.02422	0.5	73675	1784	72783	1016289	13.79
1975-1979	73	0.02673	0.02638	0.5	71890	1896	70942	943506	13.12
1975-1979	74	0.02969	0.02925	0.5	69994	2047	68970	872564	12.47
1975-1979	75	0.03276	0.03223	0.5	67947	2190	66852	803594	11.83
1975-1979	76	0.03603	0.03539	0.5	65757	2327	64593	736742	11.20
1975-1979	77	0.03983	0.03905	0.5	63429	2477	62191	672149	10.60
1975-1979	78	0.04446	0.04349	0.5	60953	2651	59627	609958	10.01
1975-1979	79	0.05003	0.04881	0.5	58302	2846	56879	550331	9.44
1975-1979	80	0.05413	0.05271	0.5	55456	2923	53995	493452	8.90
1975-1979	81	0.05945	0.05774	0.5	52533	3033	51017	439458	8.37
1975-1979	82	0.06710	0.06492	0.5	49500	3214	47893	388441	7.85
1975-1979	83	0.07540	0.07266	0.5	46286	3363	44605	340548	7.36
1975-1979	84	0.08429	0.08089	0.5	42923	3472	41187	295943	6.89
1975-1979	85	0.09176	0.08774	0.5	39451	3461	37721	254756	6.46
1975-1979	86	0.10397	0.09883	0.5	35990	3557	34211	217035	6.03
1975-1979	87	0.11575	0.10942	0.5	32433	3549	30659	182824	5.64
1975-1979	88	0.12563	0.11820	0.5	28884	3414	27177	152165	5.27
1975-1979	89	0.14175	0.13237	0.5	25470	3371	23784	124988	4.91
1975-1979	90	0.16122	0.14920	0.5	22099	3297	20450	101204	4.58
1975-1979	91	0.17339	0.15956	0.5	18802	3000	17302	80754	4.30
1975-1979	92	0.19108	0.17441	0.5	15802	2756	14424	63452	4.02
1975-1979	93	0.20954	0.18967	0.5	13046	2474	11808	49029	3.76
1975-1979	94	0.22571	0.20282	0.5	10571	2144	9499	37220	3.52
1975-1979	95	0.24791	0.22057	0.5	8427	1859	7498	27721	3.29
1975-1979	96	0.27030	0.23812	0.5	6568	1564	5786	20223	3.08
1975-1979	97	0.29391	0.25626	0.5	5004	1282	4363	14437	2.88
1975-1979	98	0.31869	0.27489	0.5	3722	1023	3210	10074	2.71
1975-1979	99	0.34454	0.29391	0.5	2699	793	2302	6864	2.54
1975-1979	100	0.37134	0.31319	0.5	1906	597	1607	4561	2.39
1975-1979	101	0.39896	0.33261	0.5	1309	435	1091	2954	2.26
1975-1979	102	0.42723	0.35203	0.5	873	307	720	1863	2.13
1975-1979	103	0.45599	0.37133	0.5	566	210	461	1143	2.02
1975-1979	104	0.48505	0.39037	0.5	356	139	286	682	1.92
1975-1979	105	0.51420	0.40904	0.5	217	89	173	396	1.83
1975-1979	106	0.54327	0.42722	0.5	128	55	101	223	1.74
1975-1979	107	0.57203	0.44481	0.5	73	33	57	123	1.67
1975-1979	108	0.60032	0.46173	0.5	41	19	31	66	1.61
1975-1979	109	0.62796	0.47791	0.5	22	10	17	34	1.56
1975-1979	110+	0.65478	1.00000	1.53	11	11	17	17	1.53
1980-1984	0	0.00916	0.00909	0.08	100000	909	99163	7856510	78.57
1980-1984	1	0.00087	0.00087	0.5	99091	87	99048	7757348	78.28
1980-1984	2	0.00051	0.00051	0.5	99005	51	98979	7658300	77.35
1980-1984	3	0.00037	0.00037	0.5	98954	36	98936	7559320	76.39
1980-1984	4	0.00029	0.00029	0.5	98918	28	98904	7460384	75.42
1980-1984	5	0.00026	0.00026	0.5	98890	26	98877	7361481	74.44
1980-1984	6	0.00025	0.00025	0.5	98864	24	98852	7262604	73.46
1980-1984	7	0.00023	0.00023	0.5	98840	23	98828	7163752	72.48
1980-1984	8	0.00024	0.00024	0.5	98817	23	98805	7064924	71.50
1980-1984	9	0.00020	0.00020	0.5	98794	20	98783	6966118	70.51
1980-1984	10	0.00018	0.00018	0.5	98773	17	98765	6867335	69.53
1980-1984	11	0.00019	0.00019	0.5	98756	18	98747	6768570	68.54
1980-1984	12	0.00022	0.00022	0.5	98737	21	98727	6669823	67.55
1980-1984	13	0.00023	0.00023	0.5	98716	23	98705	6571097	66.57
1980-1984	14	0.00029	0.00029	0.5	98693	28	98679	6472392	65.58
1980-1984	15	0.00038	0.00038	0.5	98665	38	98646	6373713	64.60
1980-1984	16	0.00048	0.00048	0.5	98627	47	98604	6275067	63.62
1980-1984	17	0.00052	0.00052	0.5	98580	51	98555	6176463	62.65
1980-1984	18	0.00063	0.00063	0.5	98529	62	98498	6077909	61.69
1980-1984	19	0.00062	0.00062	0.5	98467	61	98436	5979411	60.73
1980-1984	20	0.00061	0.00061	0.5	98405	60	98376	5880975	59.76
1980-1984	21	0.00062	0.00062	0.5	98346	61	98315	5782599	58.80
1980-1984	22	0.00063	0.00063	0.5	98284	62	98253	5684284	57.84
1980-1984	23	0.00060	0.00060	0.5	98222	59	98193	5586031	56.87
1980-1984	24	0.00061	0.00061	0.5	98164	60	98134	5487838	55.90
1980-1984	25	0.00063	0.00063	0.5	98104	61	98074	5389704	54.94
1980-1984	26	0.00064	0.00064	0.5	98043	63	98012	5291630	53.97
1980-1984	27	0.00063	0.00063	0.5	97980	62	97949	5193618	53.01
1980-1984	28	0.00067	0.00067	0.5	97919	66	97886	5095669	52.04
1980-1984	29	0.00068	0.00068	0.5	97853	67	97820	4997783	51.07
1980-1984	30	0.00071	0.00071	0.5	97787	69	97752	4899963	50.11
1980-1984	31	0.00073	0.00073	0.5	97717	71	97682	4802211	49.14
1980-1984	32	0.00075	0.00074	0.5	97646	73	97610	4704529	48.18
1980-1984	33	0.00084	0.00084	0.5	97574	82	97533	4606919	47.21
1980-1984	34	0.00085	0.00085	0.5	97492	83	97451	4509386	46.25
1980-1984	35	0.00092	0.00092	0.5	97409	89	97365	4411936	45.29
1980-1984	36	0.00102	0.00102	0.5	97320	99	97270	4314571	44.33
1980-1984	37	0.00111	0.00111	0.5	97221	108	97167	4217301	43.38
1980-1984	38	0.00119	0.00118	0.5	97113	115	97055	4120134	42.43
1980-1984	39	0.00130	0.00130	0.5	96998	126	96934	4023079	41.48
1980-1984	40	0.00147	0.00147	0.5	96871	142	96800	3926144	40.53
1980-1984	41	0.00163	0.00163	0.5	96729	157	96651	3829344	39.59
1980-1984	42	0.00177	0.00176	0.5	96572	170	96487	3732693	38.65
1980-1984	43	0.00187	0.00187	0.5	96402	180	96311	3636206	37.72
1980-1984	44	0.00214	0.00214	0.5	96221	206	96118	3539895	36.79
1980-1984	45	0.00243	0.00242	0.5	96015	233	95899	3443777	35.87
1980-1984	46	0.00251	0.00251	0.5	95783	240	95663	3347877	34.95
1980-1984	47	0.00267	0.00267	0.5	95543	255	95415	3252214	34.04
1980-1984	48	0.00323	0.00323	0.5	95288	308	95134	3156799	33.13
1980-1984	49	0.00344	0.00343	0.5	94980	326	94817	3061665	32.23
1980-1984	50	0.00363	0.00362	0.5	94654	343	94483	2966848	31.34
1980-1984	51	0.00422	0.00421	0.5	94311	397	94113	2872365	30.46
1980-1984	52	0.00446	0.00445	0.5	93914	418	93705	2778252	29.58
1980-1984	53	0.00479	0.00478	0.5	93496	447	93273	2684547	28.71
1980-1984	54	0.00526	0.00525	0.5	93049	488	92805	2591274	27.85
1980-1984	55	0.00570	0.00569	0.5	92561	526	92298	2498469	26.99
1980-1984	56	0.00643	0.00641	0.5	92035	590	91740	2406171	26.14
1980-1984	57	0.00679	0.00676	0.5	91445	619	91136	2314431	25.31
1980-1984	58	0.00774	0.00771	0.5	90826	700	90476	2223295	24.48
1980-1984	59	0.00833	0.00830	0.5	90126	748	89753	2132819	23.66
1980-1984	60	0.00910	0.00906	0.5	89379	810	88974	2043067	22.86
1980-1984	61	0.00959	0.00955	0.5	88569	846	88146	1954093	22.06
1980-1984	62	0.01084	0.01078	0.5	87723	945	87250	1865947	21.27
1980-1984	63	0.01169	0.01162	0.5	86778	1008	86274	1778696	20.50
1980-1984	64	0.01217	0.01210	0.5	85769	1037	85251	1692423	19.73
1980-1984	65	0.01352	0.01343	0.5	84732	1138	84163	1607172	18.97
1980-1984	66	0.01476	0.01466	0.5	83594	1225	82982	1523009	18.22
1980-1984	67	0.01594	0.01582	0.5	82369	1303	81718	1440027	17.48
1980-1984	68	0.01742	0.01727	0.5	81067	1400	80367	1358309	16.76
1980-1984	69	0.01862	0.01845	0.5	79667	1469	78932	1277943	16.04
1980-1984	70	0.02077	0.02056	0.5	78197	1608	77393	1199011	15.33
1980-1984	71	0.02210	0.02186	0.5	76590	1674	75752	1121617	14.64
1980-1984	72	0.02501	0.02470	0.5	74915	1850	73990	1045865	13.96
1980-1984	73	0.02731	0.02694	0.5	73065	1968	72081	971875	13.30
1980-1984	74	0.02937	0.02894	0.5	71096	2058	70068	899795	12.66
1980-1984	75	0.03218	0.03167	0.5	69039	2186	67945	829727	12.02
1980-1984	76	0.03571	0.03508	0.5	66852	2345	65680	761781	11.40
1980-1984	77	0.03880	0.03806	0.5	64507	2455	63280	696102	10.79
1980-1984	78	0.04174	0.04089	0.5	62052	2537	60783	632822	10.20
1980-1984	79	0.04685	0.04578	0.5	59515	2724	58153	572039	9.61
1980-1984	80	0.05280	0.05144	0.5	56790	2921	55330	513886	9.05
1980-1984	81	0.05919	0.05749	0.5	53869	3097	52321	458557	8.51
1980-1984	82	0.06623	0.06411	0.5	50772	3255	49145	406236	8.00
1980-1984	83	0.07297	0.07040	0.5	47517	3345	45845	357091	7.51
1980-1984	84	0.08078	0.07765	0.5	44172	3430	42457	311246	7.05
1980-1984	85	0.09002	0.08614	0.5	40742	3510	38988	268789	6.60
1980-1984	86	0.10120	0.09633	0.5	37233	3586	35439	229802	6.17
1980-1984	87	0.11127	0.10541	0.5	33646	3547	31873	194362	5.78
1980-1984	88	0.12331	0.11615	0.5	30100	3496	28352	162489	5.40
1980-1984	89	0.13618	0.12750	0.5	26604	3392	24908	134137	5.04
1980-1984	90	0.15209	0.14134	0.5	23212	3281	21571	109230	4.71
1980-1984	91	0.16422	0.15176	0.5	19931	3025	18418	87659	4.40
1980-1984	92	0.18455	0.16896	0.5	16906	2856	15478	69240	4.10
1980-1984	93	0.20426	0.18534	0.5	14050	2604	12748	53762	3.83
1980-1984	94	0.22189	0.19973	0.5	11446	2286	10303	41015	3.58
1980-1984	95	0.24186	0.21577	0.5	9160	1976	8172	30712	3.35
1980-1984	96	0.26384	0.23309	0.5	7183	1674	6346	22540	3.14
1980-1984	97	0.28705	0.25102	0.5	5509	1383	4818	16194	2.94
1980-1984	98	0.31144	0.26948	0.5	4126	1112	3570	11377	2.76
1980-1984	99	0.33692	0.28835	0.5	3014	869	2580	7807	2.59
1980-1984	100	0.36339	0.30752	0.5	2145	660	1815	5227	2.44
1980-1984	101	0.39071	0.32686	0.5	1485	486	1243	3412	2.30
1980-1984	102	0.41874	0.34625	0.5	1000	346	827	2169	2.17
1980-1984	103	0.44730	0.36555	0.5	654	239	534	1342	2.05
1980-1984	104	0.47621	0.38463	0.5	415	160	335	808	1.95
1980-1984	105	0.50529	0.40338	0.5	255	103	204	473	1.85
1980-1984	106	0.53432	0.42167	0.5	152	64	120	269	1.77
1980-1984	107	0.56313	0.43941	0.5	88	39	69	149	1.69
1980-1984	108	0.59151	0.45650	0.5	49	23	38	80	1.63
1980-1984	109	0.61930	0.47288	0.5	27	13	20	42	1.58
1980-1984	110+	0.64633	1.00000	1.55	14	14	22	22	1.55
1985-1989	0	0.00830	0.00823	0.08	100000	823	99239	7895922	78.96
1985-1989	1	0.00076	0.00076	0.5	99177	75	99139	7796683	78.61
1985-1989	2	0.00047	0.00047	0.5	99101	47	99078	7697544	77.67
1985-1989	3	0.00033	0.00033	0.5	99055	32	99039	7598466	76.71
1985-1989	4	0.00025	0.00025	0.5	99023	24	99011	7499427	75.73
1985-1989	5	0.00023	0.00023	0.5	98998	22	98987	7400416	74.75
1985-1989	6	0.00019	0.00019	0.5	98976	19	98966	7301429	73.77
1985-1989	7	0.00020	0.00020	0.5	98957	19	98947	7202463	72.78
1985-1989	8	0.00019	0.00019	0.5	98937	19	98928	7103515	71.80
1985-1989	9	0.00015	0.00015	0.5	98918	15	98911	7004588	70.81
1985-1989	10	0.00014	0.00014	0.5	98904	14	98897	6905677	69.82
1985-1989	11	0.00017	0.00017	0.5	98890	16	98881	6806780	68.83
1985-1989	12	0.00019	0.00019	0.5	98873	19	98864	6707899	67.84
1985-1989	13	0.00022	0.00022	0.5	98855	22	98844	6609035	66.86
1985-1989	14	0.00027	0.00027	0.5	98833	26	98820	6510191	65.87
1985-1989	15	0.00037	0.00037	0.5	98807	37	98788	6411371	64.89
1985-1989	16	0.00047	0.00047	0.5	98770	46	98747	6312583	63.91
1985-1989	17	0.00056	0.00056	0.5	98723	55	98696	6213837	62.94
1985-1989	18	0.00058	0.00058	0.5	98668	57	98640	6115141	61.98
1985-1989	19	0.00054	0.00054	0.5	98611	53	98585	6016501	61.01
1985-1989	20	0.00051	0.00051	0.5	98558	50	98533	5917916	60.04
1985-1989	21	0.00055	0.00055	0.5	98508	55	98481	5819383	59.08
1985-1989	22	0.00054	0.00054	0.5	98453	53	98427	5720903	58.11
1985-1989	23	0.00057	0.00057	0.5	98401	57	98372	5622476	57.14
1985-1989	24	0.00054	0.00054	0.5	98344	53	98317	5524103	56.17
1985-1989	25	0.00058	0.00058	0.5	98291	57	98263	5425786	55.20
1985-1989	26	0.00064	0.00064	0.5	98234	63	98203	5327523	54.23
1985-1989	27	0.00056	0.00056	0.5	98171	55	98143	5229321	53.27
1985-1989	28	0.00067	0.00067	0.5	98116	66	98083	5131178	52.30
1985-1989	29	0.00063	0.00063	0.5	98050	61	98019	5033095	51.33
1985-1989	30	0.00064	0.00064	0.5	97989	63	97957	4935075	50.36
1985-1989	31	0.00070	0.00070	0.5	97926	68	97892	4837118	49.40
1985-1989	32	0.00078	0.00078	0.5	97858	77	97820	4739226	48.43
1985-1989	33	0.00077	0.00077	0.5	97781	76	97743	4641407	47.47
1985-1989	34	0.00085	0.00085	0.5	97706	83	97664	4543663	46.50
1985-1989	35	0.00092	0.00092	0.5	97622	89	97578	4445999	45.54
1985-1989	36	0.00103	0.00103	0.5	97533	100	97483	4348422	44.58
1985-1989	37	0.00098	0.00098	0.5	97432	96	97385	4250939	43.63
1985-1989	38	0.00119	0.00119	0.5	97337	116	97279	4153554	42.67
1985-1989	39	0.00115	0.00115	0.5	97221	111	97166	4056275	41.72
1985-1989	40	0.00132	0.00132	0.5	97110	128	97046	3959110	40.77
1985-1989	41	0.00137	0.00137	0.5	96982	133	96916	3862064	39.82
1985-1989	42	0.00160	0.00160	0.5	96849	155	96771	3765148	38.88
1985-1989	43	0.00174	0.00174	0.5	96694	168	96610	3668377	37.94
1985-1989	44	0.00191	0.00191	0.5	96525	184	96433	3571767	37.00
1985-1989	45	0.00202	0.00201	0.5	96341	194	96244	3475334	36.07
1985-1989	46	0.00232	0.00231	0.5	96147	222	96036	3379089	35.14
1985-1989	47	0.00258	0.00258	0.5	95925	247	95801	3283054	34.23
1985-1989	48	0.00300	0.00300	0.5	95677	287	95534	3187252	33.31
1985-1989	49	0.00298	0.00298	0.5	95391	284	95249	3091718	32.41
1985-1989	50	0.00336	0.00336	0.5	95107	319	94947	2996470	31.51
1985-1989	51	0.00378	0.00378	0.5	94788	358	94609	2901522	30.61
1985-1989	52	0.00436	0.00435	0.5	94430	411	94224	2806914	29.72
1985-1989	53	0.00461	0.00460	0.5	94019	433	93802	2712690	28.85
1985-1989	54	0.00486	0.00485	0.5	93586	454	93359	2618887	27.98
1985-1989	55	0.00549	0.00547	0.5	93132	510	92877	2525528	27.12
1985-1989	56	0.00598	0.00596	0.5	92622	552	92346	2432651	26.26
1985-1989	57	0.00654	0.00652	0.5	92070	600	91770	2340305	25.42
1985-1989	58	0.00754	0.00751	0.5	91471	687	91127	2248534	24.58
1985-1989	59	0.00772	0.00769	0.5	90783	698	90434	2157407	23.76
1985-1989	60	0.00864	0.00860	0.5	90085	775	89698	2066973	22.94
1985-1989	61	0.00970	0.00965	0.5	89311	862	88880	1977275	22.14
1985-1989	62	0.01069	0.01063	0.5	88449	940	87978	1888395	21.35
1985-1989	63	0.01132	0.01125	0.5	87508	985	87016	1800417	20.57
1985-1989	64	0.01189	0.01182	0.5	86523	1023	86012	1713401	19.80
1985-1989	65	0.01313	0.01304	0.5	85501	1115	84943	1627389	19.03
1985-1989	66	0.01412	0.01402	0.5	84386	1183	83794	1542445	18.28
1985-1989	67	0.01543	0.01531	0.5	83203	1274	82566	1458651	17.53
1985-1989	68	0.01743	0.01728	0.5	81929	1416	81221	1376085	16.80
1985-1989	69	0.01797	0.01781	0.5	80513	1434	79796	1294864	16.08
1985-1989	70	0.02025	0.02005	0.5	79079	1586	78286	1215068	15.37
1985-1989	71	0.02200	0.02176	0.5	77494	1686	76650	1136782	14.67
1985-1989	72	0.02488	0.02458	0.5	75807	1863	74876	1060132	13.98
1985-1989	73	0.02710	0.02674	0.5	73944	1977	72955	985256	13.32
1985-1989	74	0.02896	0.02855	0.5	71967	2055	70940	912301	12.68
1985-1989	75	0.03194	0.03144	0.5	69912	2198	68813	841361	12.03
1985-1989	76	0.03559	0.03497	0.5	67714	2368	66530	772548	11.41
1985-1989	77	0.03860	0.03787	0.5	65346	2475	64109	706017	10.80
1985-1989	78	0.04153	0.04069	0.5	62872	2558	61593	641908	10.21
1985-1989	79	0.04635	0.04530	0.5	60314	2732	58948	580315	9.62
1985-1989	80	0.05231	0.05098	0.5	57582	2935	56114	521368	9.05
1985-1989	81	0.05763	0.05601	0.5	54646	3061	53116	465254	8.51
1985-1989	82	0.06522	0.06316	0.5	51585	3258	49956	412138	7.99
1985-1989	83	0.07198	0.06948	0.5	48327	3358	46648	362182	7.49
1985-1989	84	0.08005	0.07697	0.5	44969	3461	43239	315534	7.02
1985-1989	85	0.08922	0.08541	0.5	41508	3545	39735	272295	6.56
1985-1989	86	0.10028	0.09550	0.5	37963	3625	36150	232560	6.13
1985-1989	87	0.11127	0.10541	0.5	34337	3619	32528	196410	5.72
1985-1989	88	0.12446	0.11717	0.5	30718	3599	28918	163883	5.34
1985-1989	89	0.13918	0.13012	0.5	27119	3529	25354	134964	4.98
1985-1989	90	0.15173	0.14103	0.5	23590	3327	21926	109610	4.65
1985-1989	91	0.16816	0.15512	0.5	20263	3143	18691	87684	4.33
1985-1989	92	0.18785	0.17172	0.5	17120	2940	15650	68993	4.03
1985-1989	93	0.20667	0.18732	0.5	14180	2656	12852	53343	3.76
1985-1989	94	0.22774	0.20446	0.5	11524	2356	10346	40491	3.51
1985-1989	95	0.24685	0.21973	0.5	9168	2014	8160	30145	3.29
1985-1989	96	0.26975	0.23769	0.5	7153	1700	6303	21985	3.07
1985-1989	97	0.29395	0.25628	0.5	5453	1398	4754	15682	2.88
1985-1989	98	0.31937	0.27540	0.5	4055	1117	3497	10928	2.69
1985-1989	99	0.34592	0.29491	0.5	2939	867	2505	7431	2.53
1985-1989	100	0.37345	0.31469	0.5	2072	652	1746	4926	2.38
1985-1989	101	0.40184	0.33461	0.5	1420	475	1182	3180	2.24
1985-1989	102	0.43089	0.35451	0.5	945	335	777	1997	2.11
1985-1989	103	0.46043	0.37427	0.5	610	228	496	1220	2.00
1985-1989	104	0.49026	0.39374	0.5	382	150	306	724	1.90
1985-1989	105	0.52015	0.41279	0.5	231	96	184	418	1.81
1985-1989	106	0.54989	0.43131	0.5	136	59	107	234	1.72
1985-1989	107	0.57929	0.44919	0.5	77	35	60	127	1.65
1985-1989	108	0.60813	0.46634	0.5	43	20	33	68	1.59
1985-1989	109	0.63624	0.48269	0.5	23	11	17	35	1.54
1985-1989	110+	0.66345	1.00000	1.51	12	12	18	18	1.51
1990-1994	0	0.00677	0.00673	0.07	100000	673	99375	7971136	79.71
1990-1994	1	0.00062	0.00062	0.5	99327	62	99296	7871761	79.25
1990-1994	2	0.00037	0.00037	0.5	99265	37	99247	7772465	78.30
1990-1994	3	0.00028	0.00028	0.5	99229	28	99215	7673218	77.33
1990-1994	4	0.00023	0.00023	0.5	99201	23	99189	7574003	76.35
1990-1994	5	0.00020	0.00020	0.5	99177	20	99168	7474814	75.37
1990-1994	6	0.00018	0.00018	0.5	99158	18	99149	7375646	74.38
1990-1994	7	0.00016	0.00016	0.5	99140	16	99132	7276498	73.40
1990-1994	8	0.00015	0.00015	0.5	99124	15	99117	7177366	72.41
1990-1994	9	0.00014	0.00014	0.5	99109	14	99102	7078249	71.42
1990-1994	10	0.00014	0.00014	0.5	99095	14	99088	6979147	70.43
1990-1994	11	0.00015	0.00015	0.5	99081	14	99074	6880059	69.44
1990-1994	12	0.00018	0.00018	0.5	99067	17	99058	6780985	68.45
1990-1994	13	0.00020	0.00020	0.5	99049	20	99039	6681927	67.46
1990-1994	14	0.00029	0.00029	0.5	99029	28	99015	6582888	66.47
1990-1994	15	0.00035	0.00035	0.5	99001	34	98983	6483873	65.49
1990-1994	16	0.00042	0.00042	0.5	98966	41	98946	6384890	64.52
1990-1994	17	0.00047	0.00047	0.5	98925	47	98901	6285944	63.54
1990-1994	18	0.00052	0.00052	0.5	98878	51	98853	6187043	62.57
1990-1994	19	0.00050	0.00050	0.5	98827	50	98802	6088190	61.60
1990-1994	20	0.00048	0.00048	0.5	98777	47	98754	5989388	60.64
1990-1994	21	0.00050	0.00050	0.5	98730	50	98705	5890634	59.66
1990-1994	22	0.00049	0.00049	0.5	98680	48	98656	5791929	58.69
1990-1994	23	0.00049	0.00049	0.5	98632	48	98608	5693273	57.72
1990-1994	24	0.00050	0.00050	0.5	98584	49	98560	5594665	56.75
1990-1994	25	0.00052	0.00052	0.5	98535	51	98509	5496105	55.78
1990-1994	26	0.00052	0.00052	0.5	98484	51	98458	5397596	54.81
1990-1994	27	0.00053	0.00053	0.5	98433	53	98407	5299137	53.83
1990-1994	28	0.00058	0.00058	0.5	98381	57	98352	5200730	52.86
1990-1994	29	0.00060	0.00060	0.5	98323	59	98294	5102379	51.89
1990-1994	30	0.00062	0.00062	0.5	98264	61	98233	5004085	50.92
1990-1994	31	0.00069	0.00069	0.5	98203	68	98169	4905852	49.96
1990-1994	32	0.00069	0.00069	0.5	98135	68	98101	4807683	48.99
1990-1994	33	0.00080	0.00080	0.5	98067	78	98028	4709582	48.02
1990-1994	34	0.00085	0.00085	0.5	97989	84	97947	4611554	47.06
1990-1994	35	0.00090	0.00090	0.5	97905	88	97861	4513607	46.10
1990-1994	36	0.00096	0.00096	0.5	97817	93	97770	4415746	45.14
1990-1994	37	0.00104	0.00104	0.5	97724	101	97673	4317976	44.19
1990-1994	38	0.00119	0.00119	0.5	97622	116	97564	4220303	43.23
1990-1994	39	0.00116	0.00116	0.5	97506	113	97450	4122739	42.28
1990-1994	40	0.00127	0.00127	0.5	97394	124	97332	4025289	41.33
1990-1994	41	0.00142	0.00142	0.5	97270	138	97201	3927957	40.38
1990-1994	42	0.00148	0.00148	0.5	97132	144	97060	3830755	39.44
1990-1994	43	0.00165	0.00165	0.5	96988	160	96908	3733695	38.50
1990-1994	44	0.00181	0.00181	0.5	96828	175	96741	3636786	37.56
1990-1994	45	0.00198	0.00198	0.5	96653	191	96558	3540046	36.63
1990-1994	46	0.00221	0.00221	0.5	96462	213	96356	3443488	35.70
1990-1994	47	0.00243	0.00243	0.5	96250	234	96133	3347132	34.78
1990-1994	48	0.00265	0.00265	0.5	96016	254	95889	3250999	33.86
1990-1994	49	0.00278	0.00277	0.5	95761	266	95629	3155110	32.95
1990-1994	50	0.00314	0.00313	0.5	95496	299	95346	3059482	32.04
1990-1994	51	0.00355	0.00354	0.5	95197	337	95028	2964135	31.14
1990-1994	52	0.00389	0.00388	0.5	94859	368	94675	2869108	30.25
1990-1994	53	0.00425	0.00424	0.5	94491	401	94290	2774433	29.36
1990-1994	54	0.00456	0.00455	0.5	94090	428	93876	2680142	28.48
1990-1994	55	0.00505	0.00504	0.5	93662	472	93426	2586266	27.61
1990-1994	56	0.00554	0.00552	0.5	93191	515	92933	2492840	26.75
1990-1994	57	0.00612	0.00610	0.5	92676	565	92393	2399907	25.90
1990-1994	58	0.00694	0.00691	0.5	92111	637	91792	2307513	25.05
1990-1994	59	0.00737	0.00734	0.5	91474	672	91138	2215721	24.22
1990-1994	60	0.00824	0.00821	0.5	90802	745	90430	2124583	23.40
1990-1994	61	0.00903	0.00899	0.5	90057	809	89652	2034153	22.59
1990-1994	62	0.00980	0.00975	0.5	89248	870	88813	1944501	21.79
1990-1994	63	0.01054	0.01048	0.5	88378	926	87915	1855688	21.00
1990-1994	64	0.01105	0.01099	0.5	87452	961	86971	1767774	20.21
1990-1994	65	0.01233	0.01226	0.5	86491	1060	85961	1680803	19.43
1990-1994	66	0.01343	0.01334	0.5	85431	1140	84861	1594842	18.67
1990-1994	67	0.01473	0.01462	0.5	84291	1232	83675	1509981	17.91
1990-1994	68	0.01656	0.01643	0.5	83059	1364	82377	1426306	17.17
1990-1994	69	0.01753	0.01737	0.5	81695	1419	80985	1343929	16.45
1990-1994	70	0.01923	0.01904	0.5	80275	1529	79511	1262944	15.73
1990-1994	71	0.02097	0.02075	0.5	78747	1634	77930	1183432	15.03
1990-1994	72	0.02332	0.02305	0.5	77113	1777	76224	1105503	14.34
1990-1994	73	0.02565	0.02533	0.5	75335	1908	74381	1029279	13.66
1990-1994	74	0.02724	0.02687	0.5	73427	1973	72441	954898	13.00
1990-1994	75	0.03035	0.02990	0.5	71454	2136	70386	882457	12.35
1990-1994	76	0.03362	0.03306	0.5	69318	2292	68172	812071	11.72
1990-1994	77	0.03680	0.03614	0.5	67026	2422	65815	743899	11.10
1990-1994	78	0.03955	0.03879	0.5	64604	2506	63351	678084	10.50
1990-1994	79	0.04411	0.04316	0.5	62098	2680	60758	614732	9.90
1990-1994	80	0.04972	0.04852	0.5	59418	2883	57977	553974	9.32
1990-1994	81	0.05505	0.05358	0.5	56536	3029	55021	495997	8.77
1990-1994	82	0.06125	0.05943	0.5	53506	3180	51917	440976	8.24
1990-1994	83	0.06841	0.06615	0.5	50327	3329	48662	389059	7.73
1990-1994	84	0.07625	0.07345	0.5	46998	3452	45272	340397	7.24
1990-1994	85	0.08453	0.08111	0.5	43546	3532	41780	295126	6.78
1990-1994	86	0.09465	0.09038	0.5	40014	3616	38206	253346	6.33
1990-1994	87	0.10421	0.09905	0.5	36398	3605	34595	215140	5.91
1990-1994	88	0.11705	0.11058	0.5	32793	3626	30979	180545	5.51
1990-1994	89	0.12987	0.12195	0.5	29166	3557	27388	149565	5.13
1990-1994	90	0.14465	0.13489	0.5	25609	3454	23882	122177	4.77
1990-1994	91	0.15978	0.14796	0.5	22155	3278	20516	98295	4.44
1990-1994	92	0.17888	0.16419	0.5	18877	3099	17327	77779	4.12
1990-1994	93	0.20392	0.18505	0.5	15778	2920	14318	60452	3.83
1990-1994	94	0.22377	0.20125	0.5	12858	2588	11564	46134	3.59
1990-1994	95	0.23873	0.21327	0.5	10270	2190	9175	34570	3.37
1990-1994	96	0.26142	0.23120	0.5	8080	1868	7146	25395	3.14
1990-1994	97	0.28545	0.24980	0.5	6212	1552	5436	18249	2.94
1990-1994	98	0.31077	0.26897	0.5	4660	1253	4033	12813	2.75
1990-1994	99	0.33727	0.28860	0.5	3407	983	2915	8780	2.58
1990-1994	100	0.36483	0.30855	0.5	2423	748	2050	5865	2.42
1990-1994	101	0.39331	0.32868	0.5	1676	551	1400	3815	2.28
1990-1994	102	0.42254	0.34884	0.5	1125	392	929	2415	2.15
1990-1994	103	0.45231	0.36889	0.5	733	270	597	1486	2.03
1990-1994	104	0.48243	0.38868	0.5	462	180	372	889	1.92
1990-1994	105	0.51268	0.40808	0.5	283	115	225	516	1.83
1990-1994	106	0.54284	0.42696	0.5	167	71	132	291	1.74
1990-1994	107	0.57269	0.44520	0.5	96	43	75	160	1.67
1990-1994	108	0.60201	0.46273	0.5	53	25	41	85	1.60
1990-1994	109	0.63062	0.47945	0.5	29	14	22	44	1.55
1990-1994	110+	0.65835	1.00000	1.52	15	15	23	23	1.52
1995-1999	0	0.00580	0.00577	0.07	100000	577	99463	8008125	80.08
1995-1999	1	0.00050	0.00050	0.5	99423	50	99398	7908661	79.55
1995-1999	2	0.00030	0.00030	0.5	99373	30	99358	7809263	78.59
1995-1999	3	0.00024	0.00024	0.5	99343	24	99331	7709905	77.61
1995-1999	4	0.00017	0.00017	0.5	99320	17	99311	7610574	76.63
1995-1999	5	0.00017	0.00017	0.5	99302	17	99294	7511262	75.64
1995-1999	6	0.00014	0.00014	0.5	99286	14	99279	7411968	74.65
1995-1999	7	0.00015	0.00015	0.5	99272	15	99264	7312689	73.66
1995-1999	8	0.00014	0.00014	0.5	99257	14	99250	7213425	72.67
1995-1999	9	0.00014	0.00014	0.5	99243	14	99236	7114175	71.68
1995-1999	10	0.00014	0.00014	0.5	99229	14	99222	7014939	70.69
1995-1999	11	0.00013	0.00013	0.5	99215	13	99209	6915717	69.70
1995-1999	12	0.00016	0.00016	0.5	99202	16	99194	6816508	68.71
1995-1999	13	0.00018	0.00018	0.5	99187	18	99178	6717314	67.72
1995-1999	14	0.00024	0.00024	0.5	99169	23	99157	6618136	66.74
1995-1999	15	0.00029	0.00029	0.5	99145	29	99131	6518979	65.75
1995-1999	16	0.00037	0.00037	0.5	99117	36	99098	6419848	64.77
1995-1999	17	0.00044	0.00044	0.5	99080	44	99058	6320750	63.79
1995-1999	18	0.00045	0.00045	0.5	99036	45	99014	6221692	62.82
1995-1999	19	0.00044	0.00044	0.5	98992	44	98970	6122678	61.85
1995-1999	20	0.00047	0.00047	0.5	98948	46	98925	6023708	60.88
1995-1999	21	0.00044	0.00044	0.5	98902	44	98880	5924783	59.91
1995-1999	22	0.00045	0.00045	0.5	98858	44	98836	5825903	58.93
1995-1999	23	0.00043	0.00043	0.5	98814	43	98792	5727068	57.96
1995-1999	24	0.00044	0.00044	0.5	98771	44	98749	5628275	56.98
1995-1999	25	0.00044	0.00044	0.5	98727	43	98705	5529526	56.01
1995-1999	26	0.00047	0.00047	0.5	98684	47	98660	5430821	55.03
1995-1999	27	0.00050	0.00050	0.5	98637	49	98612	5332161	54.06
1995-1999	28	0.00051	0.00051	0.5	98587	50	98562	5233548	53.09
1995-1999	29	0.00051	0.00051	0.5	98537	50	98512	5134986	52.11
1995-1999	30	0.00055	0.00054	0.5	98487	54	98460	5036474	51.14
1995-1999	31	0.00064	0.00064	0.5	98433	63	98402	4938014	50.17
1995-1999	32	0.00070	0.00070	0.5	98371	69	98336	4839611	49.20
1995-1999	33	0.00074	0.00074	0.5	98302	72	98266	4741275	48.23
1995-1999	34	0.00080	0.00080	0.5	98229	79	98190	4643010	47.27
1995-1999	35	0.00084	0.00084	0.5	98151	83	98110	4544820	46.30
1995-1999	36	0.00090	0.00090	0.5	98068	88	98024	4446710	45.34
1995-1999	37	0.00101	0.00100	0.5	97980	98	97931	4348686	44.38
1995-1999	38	0.00112	0.00112	0.5	97881	110	97827	4250755	43.43
1995-1999	39	0.00120	0.00120	0.5	97772	117	97713	4152929	42.48
1995-1999	40	0.00128	0.00128	0.5	97654	125	97592	4055216	41.53
1995-1999	41	0.00143	0.00143	0.5	97529	140	97459	3957624	40.58
1995-1999	42	0.00152	0.00152	0.5	97389	148	97315	3860165	39.64
1995-1999	43	0.00172	0.00172	0.5	97241	167	97157	3762850	38.70
1995-1999	44	0.00177	0.00177	0.5	97074	171	96988	3665693	37.76
1995-1999	45	0.00189	0.00189	0.5	96902	183	96811	3568705	36.83
1995-1999	46	0.00208	0.00208	0.5	96719	201	96619	3471895	35.90
1995-1999	47	0.00224	0.00224	0.5	96518	216	96410	3375276	34.97
1995-1999	48	0.00256	0.00256	0.5	96302	246	96179	3278866	34.05
1995-1999	49	0.00264	0.00264	0.5	96056	253	95929	3182687	33.13
1995-1999	50	0.00285	0.00285	0.5	95803	273	95666	3086758	32.22
1995-1999	51	0.00323	0.00323	0.5	95530	308	95376	2991092	31.31
1995-1999	52	0.00362	0.00361	0.5	95222	344	95049	2895716	30.41
1995-1999	53	0.00401	0.00401	0.5	94877	380	94687	2800667	29.52
1995-1999	54	0.00423	0.00422	0.5	94497	399	94298	2705979	28.64
1995-1999	55	0.00466	0.00465	0.5	94098	438	93879	2611682	27.75
1995-1999	56	0.00519	0.00518	0.5	93661	485	93418	2517802	26.88
1995-1999	57	0.00574	0.00572	0.5	93176	533	92909	2424384	26.02
1995-1999	58	0.00631	0.00629	0.5	92643	583	92351	2331475	25.17
1995-1999	59	0.00686	0.00684	0.5	92060	630	91745	2239124	24.32
1995-1999	60	0.00744	0.00741	0.5	91430	677	91091	2147379	23.49
1995-1999	61	0.00858	0.00854	0.5	90753	775	90365	2056287	22.66
1995-1999	62	0.00941	0.00936	0.5	89978	843	89556	1965922	21.85
1995-1999	63	0.00993	0.00988	0.5	89135	881	88695	1876366	21.05
1995-1999	64	0.01108	0.01102	0.5	88254	972	87768	1787671	20.26
1995-1999	65	0.01200	0.01193	0.5	87282	1041	86761	1699903	19.48
1995-1999	66	0.01283	0.01274	0.5	86241	1099	85691	1613141	18.71
1995-1999	67	0.01402	0.01392	0.5	85142	1186	84549	1527450	17.94
1995-1999	68	0.01540	0.01528	0.5	83956	1283	83315	1442901	17.19
1995-1999	69	0.01667	0.01653	0.5	82673	1367	81990	1359586	16.45
1995-1999	70	0.01849	0.01832	0.5	81307	1489	80562	1277596	15.71
1995-1999	71	0.02090	0.02069	0.5	79817	1651	78992	1197034	15.00
1995-1999	72	0.02309	0.02282	0.5	78166	1784	77274	1118042	14.30
1995-1999	73	0.02489	0.02459	0.5	76382	1878	75443	1040768	13.63
1995-1999	74	0.02644	0.02609	0.5	74504	1944	73532	965325	12.96
1995-1999	75	0.02958	0.02915	0.5	72560	2115	71503	891792	12.29
1995-1999	76	0.03225	0.03174	0.5	70446	2236	69328	820289	11.64
1995-1999	77	0.03567	0.03504	0.5	68210	2390	67015	750961	11.01
1995-1999	78	0.03934	0.03858	0.5	65820	2540	64550	683947	10.39
1995-1999	79	0.04318	0.04227	0.5	63280	2675	61943	619397	9.79
1995-1999	80	0.05011	0.04888	0.5	60605	2962	59124	557454	9.20
1995-1999	81	0.05504	0.05357	0.5	57643	3088	56099	498330	8.65
1995-1999	82	0.06198	0.06012	0.5	54555	3280	52915	442231	8.11
1995-1999	83	0.06921	0.06689	0.5	51275	3430	49560	389316	7.59
1995-1999	84	0.07782	0.07491	0.5	47845	3584	46053	339756	7.10
1995-1999	85	0.08494	0.08148	0.5	44261	3606	42458	293703	6.64
1995-1999	86	0.09661	0.09215	0.5	40655	3747	38782	251245	6.18
1995-1999	87	0.10825	0.10269	0.5	36908	3790	35013	212463	5.76
1995-1999	88	0.11968	0.11292	0.5	33118	3740	31248	177450	5.36
1995-1999	89	0.13482	0.12630	0.5	29378	3711	27523	146202	4.98
1995-1999	90	0.15097	0.14037	0.5	25668	3603	23866	118679	4.62
1995-1999	91	0.16845	0.15536	0.5	22065	3428	20351	94813	4.30
1995-1999	92	0.18742	0.17136	0.5	18637	3194	17040	74462	4.00
1995-1999	93	0.20711	0.18768	0.5	15443	2898	13994	57422	3.72
1995-1999	94	0.22934	0.20575	0.5	12545	2581	11254	43428	3.46
1995-1999	95	0.25057	0.22268	0.5	9964	2219	8854	32174	3.23
1995-1999	96	0.27484	0.24163	0.5	7745	1871	6809	23320	3.01
1995-1999	97	0.30050	0.26125	0.5	5874	1534	5106	16510	2.81
1995-1999	98	0.32748	0.28141	0.5	4339	1221	3729	11404	2.63
1995-1999	99	0.35566	0.30196	0.5	3118	942	2647	7675	2.46
1995-1999	100	0.38487	0.32276	0.5	2177	702	1825	5028	2.31
1995-1999	101	0.41493	0.34364	0.5	1474	507	1221	3203	2.17
1995-1999	102	0.44564	0.36444	0.5	968	353	791	1982	2.05
1995-1999	103	0.47677	0.38500	0.5	615	237	497	1191	1.94
1995-1999	104	0.50809	0.40516	0.5	378	153	302	694	1.84
1995-1999	105	0.53934	0.42478	0.5	225	96	177	393	1.75
1995-1999	106	0.57028	0.44375	0.5	129	57	101	215	1.67
1995-1999	107	0.60068	0.46194	0.5	72	33	55	115	1.59
1995-1999	108	0.63033	0.47928	0.5	39	19	29	59	1.53
1995-1999	109	0.65903	0.49569	0.5	20	10	15	30	1.49
1995-1999	110+	0.68660	1.00000	1.46	10	10	15	15	1.46
2000-2004	0	0.00529	0.00527	0.07	100000	527	99509	8056591	80.57
2000-2004	1	0.00042	0.00042	0.5	99473	41	99453	7957082	79.99
2000-2004	2	0.00027	0.00027	0.5	99432	27	99419	7857629	79.03
2000-2004	3	0.00019	0.00019	0.5	99405	19	99395	7758211	78.05
2000-2004	4	0.00018	0.00018	0.5	99386	18	99377	7658815	77.06
2000-2004	5	0.00016	0.00016	0.5	99368	16	99360	7559438	76.08
2000-2004	6	0.00013	0.00013	0.5	99353	13	99346	7460078	75.09
2000-2004	7	0.00012	0.00012	0.5	99339	12	99333	7360732	74.10
2000-2004	8	0.00011	0.00011	0.5	99328	11	99322	7261399	73.11
2000-2004	9	0.00012	0.00012	0.5	99316	12	99310	7162077	72.11
2000-2004	10	0.00011	0.00011	0.5	99304	11	99299	7062766	71.12
2000-2004	11	0.00013	0.00013	0.5	99294	13	99287	6963467	70.13
2000-2004	12	0.00012	0.00012	0.5	99281	12	99275	6864180	69.14
2000-2004	13	0.00017	0.00017	0.5	99269	17	99260	6764905	68.15
2000-2004	14	0.00021	0.00021	0.5	99252	21	99242	6665644	67.16
2000-2004	15	0.00023	0.00023	0.5	99231	23	99220	6566403	66.17
2000-2004	16	0.00032	0.00032	0.5	99208	32	99193	6467183	65.19
2000-2004	17	0.00038	0.00038	0.5	99177	37	99158	6367990	64.21
2000-2004	18	0.00044	0.00044	0.5	99140	44	99118	6268832	63.23
2000-2004	19	0.00044	0.00044	0.5	99096	44	99074	6169714	62.26
2000-2004	20	0.00043	0.00043	0.5	99052	43	99030	6070641	61.29
2000-2004	21	0.00043	0.00043	0.5	99009	43	98988	5971610	60.31
2000-2004	22	0.00039	0.00039	0.5	98966	39	98947	5872623	59.34
2000-2004	23	0.00039	0.00039	0.5	98927	39	98908	5773676	58.36
2000-2004	24	0.00042	0.00042	0.5	98888	41	98868	5674768	57.39
2000-2004	25	0.00043	0.00043	0.5	98847	43	98826	5575900	56.41
2000-2004	26	0.00045	0.00045	0.5	98805	45	98782	5477075	55.43
2000-2004	27	0.00044	0.00044	0.5	98760	43	98738	5378292	54.46
2000-2004	28	0.00046	0.00046	0.5	98717	45	98694	5279554	53.48
2000-2004	29	0.00048	0.00048	0.5	98671	48	98648	5180860	52.51
2000-2004	30	0.00050	0.00050	0.5	98624	50	98599	5082212	51.53
2000-2004	31	0.00056	0.00056	0.5	98574	55	98546	4983613	50.56
2000-2004	32	0.00061	0.00061	0.5	98519	60	98489	4885067	49.59
2000-2004	33	0.00068	0.00068	0.5	98459	67	98425	4786578	48.62
2000-2004	34	0.00075	0.00075	0.5	98392	74	98355	4688153	47.65
2000-2004	35	0.00082	0.00082	0.5	98318	81	98277	4589798	46.68
2000-2004	36	0.00084	0.00084	0.5	98237	83	98196	4491520	45.72
2000-2004	37	0.00097	0.00096	0.5	98154	95	98107	4393325	44.76
2000-2004	38	0.00107	0.00107	0.5	98060	105	98007	4295218	43.80
2000-2004	39	0.00121	0.00121	0.5	97954	119	97895	4197211	42.85
2000-2004	40	0.00129	0.00129	0.5	97835	126	97772	4099316	41.90
2000-2004	41	0.00141	0.00140	0.5	97709	137	97641	4001544	40.95
2000-2004	42	0.00154	0.00154	0.5	97572	151	97497	3903903	40.01
2000-2004	43	0.00173	0.00173	0.5	97422	169	97337	3806406	39.07
2000-2004	44	0.00186	0.00186	0.5	97253	181	97162	3709069	38.14
2000-2004	45	0.00199	0.00199	0.5	97072	193	96975	3611906	37.21
2000-2004	46	0.00216	0.00216	0.5	96879	209	96774	3514931	36.28
2000-2004	47	0.00232	0.00232	0.5	96669	224	96557	3418157	35.36
2000-2004	48	0.00248	0.00248	0.5	96445	239	96326	3321600	34.44
2000-2004	49	0.00276	0.00276	0.5	96206	265	96073	3225274	33.52
2000-2004	50	0.00291	0.00290	0.5	95941	279	95801	3129201	32.62
2000-2004	51	0.00312	0.00311	0.5	95662	298	95513	3033400	31.71
2000-2004	52	0.00340	0.00340	0.5	95364	324	95202	2937886	30.81
2000-2004	53	0.00373	0.00372	0.5	95040	354	94863	2842684	29.91
2000-2004	54	0.00401	0.00400	0.5	94687	379	94497	2747821	29.02
2000-2004	55	0.00434	0.00433	0.5	94308	409	94103	2653324	28.13
2000-2004	56	0.00481	0.00480	0.5	93899	451	93674	2559220	27.25
2000-2004	57	0.00524	0.00523	0.5	93449	488	93204	2465546	26.38
2000-2004	58	0.00572	0.00570	0.5	92960	530	92695	2372342	25.52
2000-2004	59	0.00635	0.00633	0.5	92430	585	92138	2279647	24.66
2000-2004	60	0.00704	0.00702	0.5	91845	644	91523	2187509	23.82
2000-2004	61	0.00777	0.00774	0.5	91201	706	90848	2095986	22.98
2000-2004	62	0.00840	0.00836	0.5	90495	757	90117	2005138	22.16
2000-2004	63	0.00924	0.00919	0.5	89739	825	89326	1915021	21.34
2000-2004	64	0.01006	0.01001	0.5	88914	890	88468	1825695	20.53
2000-2004	65	0.01108	0.01102	0.5	88023	970	87538	1737227	19.74
2000-2004	66	0.01198	0.01191	0.5	87053	1037	86535	1649688	18.95
2000-2004	67	0.01318	0.01309	0.5	86016	1126	85453	1563153	18.17
2000-2004	68	0.01436	0.01426	0.5	84890	1211	84285	1477700	17.41
2000-2004	69	0.01565	0.01553	0.5	83680	1300	83030	1393415	16.65
2000-2004	70	0.01756	0.01741	0.5	82380	1434	81663	1310385	15.91
2000-2004	71	0.01876	0.01858	0.5	80946	1504	80194	1228722	15.18
2000-2004	72	0.02092	0.02071	0.5	79442	1645	78620	1148528	14.46
2000-2004	73	0.02280	0.02254	0.5	77797	1754	76920	1069908	13.75
2000-2004	74	0.02550	0.02518	0.5	76043	1915	75086	992988	13.06
2000-2004	75	0.02795	0.02757	0.5	74129	2044	73107	917902	12.38
2000-2004	76	0.03080	0.03033	0.5	72085	2187	70992	844795	11.72
2000-2004	77	0.03439	0.03381	0.5	69899	2363	68717	773803	11.07
2000-2004	78	0.03733	0.03664	0.5	67535	2475	66298	705086	10.44
2000-2004	79	0.04206	0.04119	0.5	65061	2680	63721	638788	9.82
2000-2004	80	0.04857	0.04742	0.5	62381	2958	60902	575067	9.22
2000-2004	81	0.05350	0.05210	0.5	59423	3096	57875	514165	8.65
2000-2004	82	0.06091	0.05911	0.5	56327	3329	54662	456291	8.10
2000-2004	83	0.06741	0.06521	0.5	52997	3456	51269	401629	7.58
2000-2004	84	0.07680	0.07396	0.5	49541	3664	47709	350359	7.07
2000-2004	85	0.08488	0.08142	0.5	45877	3735	44010	302650	6.60
2000-2004	86	0.09625	0.09183	0.5	42142	3870	40207	258641	6.14
2000-2004	87	0.10772	0.10221	0.5	38272	3912	36316	218434	5.71
2000-2004	88	0.12110	0.11418	0.5	34360	3923	32399	182117	5.30
2000-2004	89	0.13490	0.12638	0.5	30437	3847	28514	149719	4.92
2000-2004	90	0.15238	0.14159	0.5	26590	3765	24708	121205	4.56
2000-2004	91	0.16961	0.15635	0.5	22825	3569	21041	96497	4.23
2000-2004	92	0.18958	0.17316	0.5	19257	3335	17589	75456	3.92
2000-2004	93	0.21242	0.19202	0.5	15922	3057	14393	57867	3.63
2000-2004	94	0.23654	0.21152	0.5	12865	2721	11504	43474	3.38
2000-2004	95	0.25705	0.22778	0.5	10144	2310	8988	31970	3.15
2000-2004	96	0.28260	0.24761	0.5	7833	1940	6863	22981	2.93
2000-2004	97	0.30963	0.26812	0.5	5894	1580	5103	16118	2.73
2000-2004	98	0.33803	0.28916	0.5	4313	1247	3690	11015	2.55
2000-2004	99	0.36765	0.31056	0.5	3066	952	2590	7325	2.39
2000-2004	100	0.39830	0.33215	0.5	2114	702	1763	4735	2.24
2000-2004	101	0.42977	0.35375	0.5	1412	499	1162	2972	2.11
2000-2004	102	0.46181	0.37518	0.5	912	342	741	1810	1.98
2000-2004	103	0.49418	0.39626	0.5	570	226	457	1069	1.87
2000-2004	104	0.52659	0.41684	0.5	344	143	272	612	1.78
2000-2004	105	0.55878	0.43676	0.5	201	88	157	339	1.69
2000-2004	106	0.59049	0.45589	0.5	113	52	87	182	1.61
2000-2004	107	0.62146	0.47413	0.5	62	29	47	95	1.55
2000-2004	108	0.65147	0.49140	0.5	32	16	24	48	1.49
2000-2004	109	0.68032	0.50764	0.5	16	8	12	24	1.44
2000-2004	110+	0.70786	1.00000	1.41	8	8	11	11	1.41
2005-2009	0	0.00515	0.00513	0.07	100000	513	99522	8148475	81.48
2005-2009	1	0.00040	0.00040	0.5	99487	40	99467	8048953	80.90
2005-2009	2	0.00024	0.00024	0.5	99447	24	99435	7949486	79.94
2005-2009	3	0.00017	0.00017	0.5	99423	17	99415	7850051	78.96
2005-2009	4	0.00015	0.00015	0.5	99406	14	99399	7750636	77.97
2005-2009	5	0.00013	0.00013	0.5	99392	13	99385	7651237	76.98
2005-2009	6	0.00012	0.00012	0.5	99379	12	99372	7551852	75.99
2005-2009	7	0.00011	0.00011	0.5	99366	11	99361	7452479	75.00
2005-2009	8	0.00012	0.00012	0.5	99355	12	99349	7353118	74.01
2005-2009	9	0.00011	0.00011	0.5	99344	11	99338	7253769	73.02
2005-2009	10	0.00011	0.00011	0.5	99332	11	99327	7154431	72.03
2005-2009	11	0.00011	0.00011	0.5	99322	11	99316	7055104	71.03
2005-2009	12	0.00012	0.00012	0.5	99311	12	99305	6955787	70.04
2005-2009	13	0.00013	0.00013	0.5	99299	13	99292	6856483	69.05
2005-2009	14	0.00016	0.00016	0.5	99286	16	99278	6757190	68.06
2005-2009	15	0.00023	0.00023	0.5	99270	23	99258	6657913	67.07
2005-2009	16	0.00029	0.00029	0.5	99246	29	99232	6558655	66.08
2005-2009	17	0.00031	0.00031	0.5	99217	31	99202	6459423	65.10
2005-2009	18	0.00038	0.00038	0.5	99187	38	99168	6360221	64.12
2005-2009	19	0.00040	0.00040	0.5	99149	40	99129	6261053	63.15
2005-2009	20	0.00043	0.00042	0.5	99109	42	99088	6161924	62.17
2005-2009	21	0.00044	0.00044	0.5	99067	43	99045	6062836	61.20
2005-2009	22	0.00044	0.00044	0.5	99023	43	99002	5963791	60.23
2005-2009	23	0.00042	0.00042	0.5	98980	42	98959	5864789	59.25
2005-2009	24	0.00042	0.00042	0.5	98939	42	98918	5765830	58.28
2005-2009	25	0.00043	0.00043	0.5	98897	43	98875	5666912	57.30
2005-2009	26	0.00046	0.00046	0.5	98854	46	98831	5568037	56.33
2005-2009	27	0.00048	0.00048	0.5	98808	47	98784	5469206	55.35
2005-2009	28	0.00050	0.00050	0.5	98761	49	98736	5370422	54.38
2005-2009	29	0.00052	0.00052	0.5	98712	52	98686	5271686	53.40
2005-2009	30	0.00055	0.00055	0.5	98660	54	98633	5173000	52.43
2005-2009	31	0.00059	0.00059	0.5	98606	58	98576	5074367	51.46
2005-2009	32	0.00061	0.00061	0.5	98547	60	98517	4975791	50.49
2005-2009	33	0.00066	0.00066	0.5	98487	65	98455	4877274	49.52
2005-2009	34	0.00069	0.00069	0.5	98422	68	98388	4778819	48.55
2005-2009	35	0.00075	0.00075	0.5	98354	73	98317	4680431	47.59
2005-2009	36	0.00083	0.00083	0.5	98280	81	98240	4582114	46.62
2005-2009	37	0.00090	0.00090	0.5	98199	88	98155	4483875	45.66
2005-2009	38	0.00098	0.00098	0.5	98111	96	98063	4385720	44.70
2005-2009	39	0.00112	0.00112	0.5	98015	110	97960	4287657	43.75
2005-2009	40	0.00119	0.00119	0.5	97905	117	97847	4189698	42.79
2005-2009	41	0.00130	0.00130	0.5	97788	127	97725	4091851	41.84
2005-2009	42	0.00141	0.00141	0.5	97661	138	97592	3994126	40.90
2005-2009	43	0.00161	0.00161	0.5	97523	157	97445	3896534	39.95
2005-2009	44	0.00178	0.00178	0.5	97366	173	97280	3799090	39.02
2005-2009	45	0.00196	0.00196	0.5	97193	191	97098	3701810	38.09
2005-2009	46	0.00212	0.00212	0.5	97003	205	96900	3604712	37.16
2005-2009	47	0.00234	0.00234	0.5	96797	227	96684	3507812	36.24
2005-2009	48	0.00253	0.00252	0.5	96571	244	96449	3411128	35.32
2005-2009	49	0.00268	0.00268	0.5	96327	258	96198	3314679	34.41
2005-2009	50	0.00292	0.00291	0.5	96069	280	95929	3218481	33.50
2005-2009	51	0.00314	0.00314	0.5	95789	301	95639	3122552	32.60
2005-2009	52	0.00345	0.00345	0.5	95489	329	95324	3026913	31.70
2005-2009	53	0.00369	0.00368	0.5	95159	350	94984	2931589	30.81
2005-2009	54	0.00382	0.00382	0.5	94809	362	94628	2836605	29.92
2005-2009	55	0.00414	0.00413	0.5	94447	390	94252	2741977	29.03
2005-2009	56	0.00439	0.00438	0.5	94057	412	93851	2647725	28.15
2005-2009	57	0.00478	0.00477	0.5	93644	447	93421	2553875	27.27
2005-2009	58	0.00521	0.00520	0.5	93198	485	92955	2460454	26.40
2005-2009	59	0.00567	0.00566	0.5	92713	525	92451	2367498	25.54
2005-2009	60	0.00628	0.00626	0.5	92188	577	91900	2275048	24.68
2005-2009	61	0.00668	0.00666	0.5	91611	610	91306	2183148	23.83
2005-2009	62	0.00738	0.00735	0.5	91001	669	90666	2091843	22.99
2005-2009	63	0.00806	0.00803	0.5	90331	726	89969	2001177	22.15
2005-2009	64	0.00900	0.00896	0.5	89606	803	89205	1911208	21.33
2005-2009	65	0.00975	0.00971	0.5	88803	862	88372	1822003	20.52
2005-2009	66	0.01043	0.01038	0.5	87941	913	87485	1733631	19.71
2005-2009	67	0.01154	0.01147	0.5	87029	999	86529	1646146	18.92
2005-2009	68	0.01237	0.01229	0.5	86030	1058	85501	1559617	18.13
2005-2009	69	0.01389	0.01379	0.5	84972	1172	84386	1474116	17.35
2005-2009	70	0.01532	0.01520	0.5	83800	1274	83164	1389729	16.58
2005-2009	71	0.01680	0.01666	0.5	82527	1375	81839	1306566	15.83
2005-2009	72	0.01852	0.01835	0.5	81152	1489	80408	1224726	15.09
2005-2009	73	0.02057	0.02036	0.5	79663	1622	78852	1144319	14.36
2005-2009	74	0.02280	0.02254	0.5	78041	1759	77161	1065467	13.65
2005-2009	75	0.02510	0.02479	0.5	76282	1891	75336	988305	12.96
2005-2009	76	0.02755	0.02718	0.5	74391	2022	73380	912969	12.27
2005-2009	77	0.03057	0.03011	0.5	72369	2179	71280	839589	11.60
2005-2009	78	0.03387	0.03331	0.5	70190	2338	69021	768309	10.95
2005-2009	79	0.03756	0.03687	0.5	67852	2502	66601	699288	10.31
2005-2009	80	0.04265	0.04176	0.5	65350	2729	63986	632686	9.68
2005-2009	81	0.04817	0.04703	0.5	62622	2945	61149	568700	9.08
2005-2009	82	0.05426	0.05283	0.5	59676	3153	58100	507551	8.51
2005-2009	83	0.06076	0.05897	0.5	56524	3333	54857	449451	7.95
2005-2009	84	0.06769	0.06547	0.5	53191	3483	51449	394594	7.42
2005-2009	85	0.07757	0.07468	0.5	49708	3712	47852	343145	6.90
2005-2009	86	0.08787	0.08417	0.5	45996	3871	44060	295293	6.42
2005-2009	87	0.09846	0.09384	0.5	42125	3953	40148	251232	5.96
2005-2009	88	0.11189	0.10596	0.5	38171	4045	36149	211084	5.53
2005-2009	89	0.12533	0.11794	0.5	34127	4025	32114	174935	5.13
2005-2009	90	0.14239	0.13293	0.5	30102	4001	28101	142821	4.74
2005-2009	91	0.16022	0.14833	0.5	26100	3872	24165	114720	4.40
2005-2009	92	0.18037	0.16545	0.5	22229	3678	20390	90555	4.07
2005-2009	93	0.19822	0.18035	0.5	18551	3346	16878	70165	3.78
2005-2009	94	0.22056	0.19865	0.5	15205	3021	13695	53287	3.50
2005-2009	95	0.24507	0.21832	0.5	12185	2660	10855	39592	3.25
2005-2009	96	0.27072	0.23844	0.5	9525	2271	8389	28737	3.02
2005-2009	97	0.29800	0.25936	0.5	7254	1881	6313	20348	2.81
2005-2009	98	0.32680	0.28090	0.5	5372	1509	4618	14035	2.61
2005-2009	99	0.35696	0.30290	0.5	3863	1170	3278	9417	2.44
2005-2009	100	0.38830	0.32517	0.5	2693	876	2255	6139	2.28
2005-2009	101	0.42060	0.34752	0.5	1817	632	1502	3884	2.14
2005-2009	102	0.45359	0.36973	0.5	1186	438	967	2382	2.01
2005-2009	103	0.48699	0.39163	0.5	747	293	601	1416	1.89
2005-2009	104	0.52051	0.41302	0.5	455	188	361	815	1.79
2005-2009	105	0.55384	0.43373	0.5	267	116	209	454	1.70
2005-2009	106	0.58670	0.45363	0.5	151	69	117	245	1.62
2005-2009	107	0.61880	0.47258	0.5	83	39	63	128	1.55
2005-2009	108	0.64990	0.49051	0.5	44	21	33	65	1.49
2005-2009	109	0.67977	0.50734	0.5	22	11	17	32	1.44
2005-2009	110+	0.70824	1.00000	1.41	11	11	15	15	1.41
2010-2014	0	0.00448	0.00446	0.07	100000	446	99584	8242276	82.42
2010-2014	1	0.00034	0.00034	0.5	99554	34	99537	8142692	81.79
2010-2014	2	0.00019	0.00019	0.5	99521	19	99511	8043155	80.82
2010-2014	3	0.00015	0.00015	0.5	99501	15	99494	7943644	79.83
2010-2014	4	0.00013	0.00013	0.5	99486	13	99480	7844150	78.85
2010-2014	5	0.00012	0.00012	0.5	99474	12	99468	7744670	77.86
2010-2014	6	0.00010	0.00010	0.5	99462	10	99457	7645202	76.87
2010-2014	7	0.00008	0.00008	0.5	99452	8	99448	7545745	75.87
2010-2014	8	0.00008	0.00008	0.5	99444	8	99440	7446297	74.88
2010-2014	9	0.00008	0.00008	0.5	99436	8	99432	7346857	73.89
2010-2014	10	0.00008	0.00008	0.5	99428	8	99424	7247425	72.89
2010-2014	11	0.00009	0.00009	0.5	99420	9	99415	7148001	71.90
2010-2014	12	0.00010	0.00010	0.5	99411	10	99406	7048586	70.90
2010-2014	13	0.00012	0.00012	0.5	99401	12	99395	6949180	69.91
2010-2014	14	0.00015	0.00015	0.5	99389	15	99382	6849785	68.92
2010-2014	15	0.00017	0.00017	0.5	99374	17	99366	6750404	67.93
2010-2014	16	0.00020	0.00020	0.5	99357	20	99347	6651038	66.94
2010-2014	17	0.00024	0.00024	0.5	99337	23	99326	6551691	65.95
2010-2014	18	0.00030	0.00030	0.5	99314	29	99299	6452365	64.97
2010-2014	19	0.00035	0.00035	0.5	99284	34	99267	6353066	63.99
2010-2014	20	0.00036	0.00036	0.5	99250	35	99232	6253799	63.01
2010-2014	21	0.00040	0.00040	0.5	99214	40	99195	6154567	62.03
2010-2014	22	0.00040	0.00040	0.5	99175	39	99155	6055372	61.06
2010-2014	23	0.00040	0.00040	0.5	99135	40	99115	5956217	60.08
2010-2014	24	0.00042	0.00042	0.5	99095	42	99075	5857102	59.11
2010-2014	25	0.00044	0.00044	0.5	99054	44	99032	5758027	58.13
2010-2014	26	0.00045	0.00045	0.5	99010	44	98988	5658996	57.16
2010-2014	27	0.00046	0.00046	0.5	98966	46	98943	5560008	56.18
2010-2014	28	0.00050	0.00050	0.5	98920	49	98895	5461065	55.21
2010-2014	29	0.00053	0.00053	0.5	98871	52	98845	5362170	54.23
2010-2014	30	0.00055	0.00055	0.5	98819	55	98791	5263325	53.26
2010-2014	31	0.00059	0.00059	0.5	98764	58	98735	5164534	52.29
2010-2014	32	0.00062	0.00061	0.5	98706	61	98675	5065799	51.32
2010-2014	33	0.00066	0.00066	0.5	98645	65	98613	4967123	50.35
2010-2014	34	0.00070	0.00070	0.5	98580	69	98546	4868511	49.39
2010-2014	35	0.00075	0.00075	0.5	98512	74	98475	4769965	48.42
2010-2014	36	0.00080	0.00080	0.5	98438	78	98399	4671490	47.46
2010-2014	37	0.00084	0.00084	0.5	98359	83	98318	4573092	46.49
2010-2014	38	0.00093	0.00093	0.5	98277	91	98231	4474774	45.53
2010-2014	39	0.00100	0.00100	0.5	98186	98	98137	4376542	44.57
2010-2014	40	0.00111	0.00111	0.5	98088	109	98033	4278406	43.62
2010-2014	41	0.00120	0.00120	0.5	97979	118	97920	4180372	42.67
2010-2014	42	0.00130	0.00130	0.5	97861	127	97798	4082452	41.72
2010-2014	43	0.00144	0.00144	0.5	97734	141	97664	3984654	40.77
2010-2014	44	0.00160	0.00160	0.5	97594	156	97516	3886991	39.83
2010-2014	45	0.00166	0.00165	0.5	97438	161	97357	3789475	38.89
2010-2014	46	0.00198	0.00198	0.5	97276	192	97180	3692118	37.95
2010-2014	47	0.00209	0.00209	0.5	97084	203	96983	3594938	37.03
2010-2014	48	0.00231	0.00230	0.5	96881	223	96770	3497955	36.11
2010-2014	49	0.00257	0.00257	0.5	96658	248	96534	3401185	35.19
2010-2014	50	0.00277	0.00276	0.5	96410	266	96277	3304651	34.28
2010-2014	51	0.00306	0.00306	0.5	96144	294	95997	3208374	33.37
2010-2014	52	0.00324	0.00323	0.5	95850	310	95695	3112377	32.47
2010-2014	53	0.00352	0.00351	0.5	95540	335	95373	3016682	31.57
2010-2014	54	0.00377	0.00376	0.5	95205	358	95026	2921309	30.68
2010-2014	55	0.00411	0.00410	0.5	94847	389	94653	2826283	29.80
2010-2014	56	0.00436	0.00435	0.5	94458	411	94253	2731631	28.92
2010-2014	57	0.00469	0.00468	0.5	94047	440	93827	2637378	28.04
2010-2014	58	0.00497	0.00496	0.5	93607	464	93375	2543551	27.17
2010-2014	59	0.00539	0.00538	0.5	93143	501	92893	2450176	26.31
2010-2014	60	0.00583	0.00581	0.5	92642	539	92373	2357284	25.45
2010-2014	61	0.00628	0.00626	0.5	92104	577	91815	2264911	24.59
2010-2014	62	0.00659	0.00656	0.5	91527	601	91226	2173096	23.74
2010-2014	63	0.00764	0.00761	0.5	90926	692	90580	2081869	22.90
2010-2014	64	0.00801	0.00797	0.5	90234	719	89874	1991289	22.07
2010-2014	65	0.00863	0.00860	0.5	89514	769	89130	1901415	21.24
2010-2014	66	0.00929	0.00925	0.5	88745	821	88335	1812286	20.42
2010-2014	67	0.01034	0.01029	0.5	87924	904	87472	1723951	19.61
2010-2014	68	0.01123	0.01116	0.5	87020	971	86534	1636479	18.81
2010-2014	69	0.01241	0.01233	0.5	86048	1061	85518	1549945	18.01
2010-2014	70	0.01380	0.01370	0.5	84987	1165	84405	1464427	17.23
2010-2014	71	0.01507	0.01496	0.5	83823	1254	83196	1380022	16.46
2010-2014	72	0.01635	0.01622	0.5	82569	1339	81899	1296826	15.71
2010-2014	73	0.01815	0.01798	0.5	81230	1461	80499	1214926	14.96
2010-2014	74	0.02010	0.01990	0.5	79769	1587	78975	1134427	14.22
2010-2014	75	0.02265	0.02239	0.5	78182	1751	77306	1055452	13.50
2010-2014	76	0.02512	0.02480	0.5	76431	1896	75483	978145	12.80
2010-2014	77	0.02779	0.02741	0.5	74535	2043	73514	902662	12.11
2010-2014	78	0.03081	0.03034	0.5	72492	2199	71393	829148	11.44
2010-2014	79	0.03418	0.03360	0.5	70293	2362	69112	757756	10.78
2010-2014	80	0.03860	0.03787	0.5	67931	2573	66645	688644	10.14
2010-2014	81	0.04328	0.04237	0.5	65358	2769	63974	621999	9.52
2010-2014	82	0.04825	0.04711	0.5	62589	2949	61115	558026	8.92
2010-2014	83	0.05474	0.05329	0.5	59641	3178	58052	496911	8.33
2010-2014	84	0.06248	0.06058	0.5	56463	3421	54752	438859	7.77
2010-2014	85	0.07047	0.06808	0.5	53042	3611	51237	384107	7.24
2010-2014	86	0.07955	0.07651	0.5	49431	3782	47540	332871	6.73
2010-2014	87	0.09007	0.08619	0.5	45649	3934	43682	285330	6.25
2010-2014	88	0.10203	0.09707	0.5	41715	4049	39690	241648	5.79
2010-2014	89	0.11636	0.10996	0.5	37665	4142	35595	201958	5.36
2010-2014	90	0.13258	0.12433	0.5	33524	4168	31440	166364	4.96
2010-2014	91	0.14867	0.13838	0.5	29356	4062	27325	134924	4.60
2010-2014	92	0.16808	0.15505	0.5	25293	3922	23332	107599	4.25
2010-2014	93	0.18565	0.16988	0.5	21372	3631	19556	84267	3.94
2010-2014	94	0.20864	0.18893	0.5	17741	3352	16065	64711	3.65
2010-2014	95	0.23118	0.20722	0.5	14389	2982	12898	48646	3.38
2010-2014	96	0.25636	0.22723	0.5	11407	2592	10111	35747	3.13
2010-2014	97	0.28328	0.24813	0.5	8815	2187	7722	25636	2.91
2010-2014	98	0.31183	0.26977	0.5	6628	1788	5734	17914	2.70
2010-2014	99	0.34189	0.29198	0.5	4840	1413	4133	12180	2.52
2010-2014	100	0.37328	0.31457	0.5	3427	1078	2888	8047	2.35
2010-2014	101	0.40578	0.33733	0.5	2349	792	1953	5159	2.20
2010-2014	102	0.43911	0.36006	0.5	1556	560	1276	3207	2.06
2010-2014	103	0.47301	0.38254	0.5	996	381	806	1931	1.94
2010-2014	104	0.50716	0.40457	0.5	615	249	491	1125	1.83
2010-2014	105	0.54124	0.42597	0.5	366	156	288	634	1.73
2010-2014	106	0.57494	0.44657	0.5	210	94	163	346	1.65
2010-2014	107	0.60796	0.46624	0.5	116	54	89	183	1.57
2010-2014	108	0.64002	0.48486	0.5	62	30	47	94	1.51
2010-2014	109	0.67088	0.50237	0.5	32	16	24	47	1.46
2010-2014	110+	0.70033	1.00000	1.43	16	16	23	23	1.43
2015-2019	0	0.00420	0.00419	0.06	100000	419	99608	8277290	82.77
2015-2019	1	0.00029	0.00029	0.5	99581	29	99567	8177682	82.12
2015-2019	2	0.00019	0.00019	0.5	99552	19	99543	8078115	81.14
2015-2019	3	0.00015	0.00015	0.5	99534	15	99526	7978572	80.16
2015-2019	4	0.00011	0.00011	0.5	99519	11	99514	7879046	79.17
2015-2019	5	0.00010	0.00010	0.5	99508	10	99503	7779532	78.18
2015-2019	6	0.00010	0.00010	0.5	99498	10	99493	7680029	77.19
2015-2019	7	0.00009	0.00009	0.5	99488	9	99484	7580535	76.20
2015-2019	8	0.00009	0.00009	0.5	99480	9	99475	7481051	75.20
2015-2019	9	0.00008	0.00008	0.5	99471	8	99467	7381576	74.21
2015-2019	10	0.00009	0.00009	0.5	99463	9	99459	7282109	73.21
2015-2019	11	0.00010	0.00010	0.5	99454	10	99449	7182651	72.22
2015-2019	12	0.00010	0.00010	0.5	99445	10	99440	7083201	71.23
2015-2019	13	0.00013	0.00013	0.5	99435	13	99428	6983761	70.23
2015-2019	14	0.00016	0.00016	0.5	99422	16	99414	6884333	69.24
2015-2019	15	0.00019	0.00019	0.5	99406	18	99397	6784919	68.25
2015-2019	16	0.00022	0.00022	0.5	99388	22	99377	6685522	67.27
2015-2019	17	0.00026	0.00026	0.5	99365	26	99352	6586145	66.28
2015-2019	18	0.00032	0.00032	0.5	99339	32	99323	6486793	65.30
2015-2019	19	0.00036	0.00036	0.5	99307	36	99289	6387470	64.32
2015-2019	20	0.00039	0.00039	0.5	99271	39	99252	6288181	63.34
2015-2019	21	0.00040	0.00040	0.5	99233	40	99213	6188929	62.37
2015-2019	22	0.00042	0.00042	0.5	99193	41	99172	6089716	61.39
2015-2019	23	0.00045	0.00045	0.5	99151	45	99129	5990544	60.42
2015-2019	24	0.00044	0.00044	0.5	99107	43	99085	5891415	59.45
2015-2019	25	0.00048	0.00048	0.5	99063	47	99039	5792330	58.47
2015-2019	26	0.00049	0.00049	0.5	99016	49	98991	5693291	57.50
2015-2019	27	0.00053	0.00053	0.5	98967	53	98940	5594300	56.53
2015-2019	28	0.00055	0.00055	0.5	98914	54	98887	5495359	55.56
2015-2019	29	0.00057	0.00057	0.5	98860	56	98832	5396472	54.59
2015-2019	30	0.00062	0.00062	0.5	98804	62	98773	5297641	53.62
2015-2019	31	0.00068	0.00068	0.5	98742	67	98708	5198868	52.65
2015-2019	32	0.00071	0.00071	0.5	98675	70	98640	5100160	51.69
2015-2019	33	0.00078	0.00078	0.5	98605	76	98567	5001520	50.72
2015-2019	34	0.00078	0.00078	0.5	98528	77	98490	4902953	49.76
2015-2019	35	0.00083	0.00083	0.5	98451	82	98410	4804464	48.80
2015-2019	36	0.00094	0.00094	0.5	98370	92	98323	4706053	47.84
2015-2019	37	0.00096	0.00095	0.5	98277	94	98230	4607730	46.89
2015-2019	38	0.00105	0.00105	0.5	98183	103	98132	4509499	45.93
2015-2019	39	0.00108	0.00108	0.5	98080	106	98027	4411368	44.98
2015-2019	40	0.00119	0.00119	0.5	97974	117	97916	4313340	44.03
2015-2019	41	0.00119	0.00119	0.5	97857	116	97799	4215425	43.08
2015-2019	42	0.00130	0.00130	0.5	97741	127	97678	4117625	42.13
2015-2019	43	0.00144	0.00144	0.5	97614	140	97544	4019948	41.18
2015-2019	44	0.00149	0.00149	0.5	97474	146	97401	3922403	40.24
2015-2019	45	0.00172	0.00172	0.5	97328	167	97245	3825002	39.30
2015-2019	46	0.00186	0.00186	0.5	97161	181	97071	3727758	38.37
2015-2019	47	0.00195	0.00195	0.5	96980	189	96886	3630687	37.44
2015-2019	48	0.00223	0.00222	0.5	96791	215	96683	3533802	36.51
2015-2019	49	0.00243	0.00243	0.5	96576	234	96459	3437118	35.59
2015-2019	50	0.00264	0.00263	0.5	96341	254	96215	3340660	34.68
2015-2019	51	0.00292	0.00292	0.5	96088	280	95948	3244445	33.77
2015-2019	52	0.00313	0.00312	0.5	95807	299	95658	3148498	32.86
2015-2019	53	0.00342	0.00342	0.5	95508	326	95345	3052840	31.96
2015-2019	54	0.00373	0.00372	0.5	95182	354	95005	2957495	31.07
2015-2019	55	0.00403	0.00402	0.5	94828	382	94637	2862490	30.19
2015-2019	56	0.00440	0.00439	0.5	94446	415	94239	2767853	29.31
2015-2019	57	0.00473	0.00472	0.5	94031	444	93809	2673614	28.43
2015-2019	58	0.00511	0.00510	0.5	93587	477	93349	2579805	27.57
2015-2019	59	0.00547	0.00545	0.5	93110	508	92856	2486456	26.70
2015-2019	60	0.00590	0.00588	0.5	92603	544	92330	2393600	25.85
2015-2019	61	0.00634	0.00632	0.5	92058	582	91767	2301270	25.00
2015-2019	62	0.00682	0.00680	0.5	91476	622	91165	2209502	24.15
2015-2019	63	0.00735	0.00732	0.5	90854	665	90522	2118337	23.32
2015-2019	64	0.00784	0.00781	0.5	90189	705	89837	2027816	22.48
2015-2019	65	0.00845	0.00841	0.5	89485	753	89108	1937979	21.66
2015-2019	66	0.00892	0.00888	0.5	88732	788	88338	1848870	20.84
2015-2019	67	0.00989	0.00984	0.5	87944	865	87511	1760533	20.02
2015-2019	68	0.01081	0.01075	0.5	87078	936	86610	1673021	19.21
2015-2019	69	0.01165	0.01158	0.5	86142	998	85643	1586411	18.42
2015-2019	70	0.01283	0.01275	0.5	85144	1085	84602	1500768	17.63
2015-2019	71	0.01422	0.01412	0.5	84059	1187	83466	1416166	16.85
2015-2019	72	0.01590	0.01577	0.5	82872	1307	82219	1332700	16.08
2015-2019	73	0.01720	0.01705	0.5	81565	1391	80870	1250482	15.33
2015-2019	74	0.01930	0.01911	0.5	80174	1532	79408	1169612	14.59
2015-2019	75	0.02160	0.02137	0.5	78642	1680	77802	1090204	13.86
2015-2019	76	0.02350	0.02323	0.5	76962	1788	76068	1012402	13.15
2015-2019	77	0.02622	0.02588	0.5	75174	1945	74201	936334	12.46
2015-2019	78	0.02939	0.02897	0.5	73228	2121	72168	862133	11.77
2015-2019	79	0.03295	0.03242	0.5	71107	2305	69954	789966	11.11
2015-2019	80	0.03687	0.03620	0.5	68802	2491	67556	720011	10.47
2015-2019	81	0.04078	0.03996	0.5	66311	2650	64986	652455	9.84
2015-2019	82	0.04587	0.04485	0.5	63661	2855	62234	587468	9.23
2015-2019	83	0.05156	0.05026	0.5	60806	3056	59278	525235	8.64
2015-2019	84	0.05806	0.05642	0.5	57750	3258	56121	465957	8.07
2015-2019	85	0.06503	0.06298	0.5	54492	3432	52776	409836	7.52
2015-2019	86	0.07371	0.07109	0.5	51060	3630	49245	357060	6.99
2015-2019	87	0.08399	0.08061	0.5	47430	3823	45518	307815	6.49
2015-2019	88	0.09618	0.09177	0.5	43607	4002	41606	262297	6.02
2015-2019	89	0.10746	0.10198	0.5	39605	4039	37585	220692	5.57
2015-2019	90	0.12402	0.11678	0.5	35566	4153	33489	183106	5.15
2015-2019	91	0.14103	0.13174	0.5	31413	4138	29343	149617	4.76
2015-2019	92	0.15867	0.14700	0.5	27274	4009	25270	120273	4.41
2015-2019	93	0.17762	0.16313	0.5	23265	3795	21367	95004	4.08
2015-2019	94	0.19794	0.18011	0.5	19470	3507	17716	73637	3.78
2015-2019	95	0.21992	0.19814	0.5	15963	3163	14381	55920	3.50
2015-2019	96	0.24434	0.21774	0.5	12800	2787	11407	41539	3.25
2015-2019	97	0.27053	0.23830	0.5	10013	2386	8820	30132	3.01
2015-2019	98	0.29842	0.25968	0.5	7627	1981	6637	21312	2.79
2015-2019	99	0.32790	0.28171	0.5	5646	1591	4851	14676	2.60
2015-2019	100	0.35879	0.30422	0.5	4056	1234	3439	9825	2.42
2015-2019	101	0.39091	0.32699	0.5	2822	923	2361	6386	2.26
2015-2019	102	0.42399	0.34983	0.5	1899	664	1567	4026	2.12
2015-2019	103	0.45778	0.37251	0.5	1235	460	1005	2459	1.99
2015-2019	104	0.49195	0.39483	0.5	775	306	622	1454	1.88
2015-2019	105	0.52620	0.41660	0.5	469	195	371	832	1.77
2015-2019	106	0.56021	0.43763	0.5	274	120	214	461	1.68
2015-2019	107	0.59366	0.45778	0.5	154	70	119	247	1.61
2015-2019	108	0.62626	0.47692	0.5	83	40	64	128	1.54
2015-2019	109	0.65776	0.49497	0.5	44	22	33	65	1.49
2015-2019	110+	0.68792	1.00000	1.45	22	22	32	32	1.45
