Reg4: , Lifetables (period 1x10), Males Last modified: 20 Dec 2020, MPv5 (May07) 

Year     	Age	mx	qx	ax	lx	dx	Lx	Tx	ex
1960-1969	0	0.02586	0.02528	0.11	100000	2528	97761	6764322	67.64
1960-1969	1	0.00168	0.00168	0.5	97472	164	97390	6666562	68.39
1960-1969	2	0.00112	0.00112	0.5	97308	109	97254	6569172	67.51
1960-1969	3	0.00085	0.00085	0.5	97199	82	97158	6471918	66.58
1960-1969	4	0.00068	0.00068	0.5	97117	66	97084	6374760	65.64
1960-1969	5	0.00059	0.00059	0.5	97051	57	97022	6277676	64.68
1960-1969	6	0.00054	0.00054	0.5	96993	52	96967	6180654	63.72
1960-1969	7	0.00049	0.00049	0.5	96941	47	96917	6083687	62.76
1960-1969	8	0.00045	0.00045	0.5	96894	43	96872	5986770	61.79
1960-1969	9	0.00042	0.00042	0.5	96850	41	96830	5889897	60.81
1960-1969	10	0.00040	0.00040	0.5	96810	38	96790	5793067	59.84
1960-1969	11	0.00041	0.00041	0.5	96771	40	96751	5696277	58.86
1960-1969	12	0.00046	0.00046	0.5	96731	45	96709	5599526	57.89
1960-1969	13	0.00055	0.00055	0.5	96686	53	96660	5502817	56.91
1960-1969	14	0.00066	0.00066	0.5	96633	64	96601	5406157	55.95
1960-1969	15	0.00086	0.00086	0.5	96570	83	96528	5309556	54.98
1960-1969	16	0.00120	0.00120	0.5	96486	116	96428	5213028	54.03
1960-1969	17	0.00144	0.00144	0.5	96370	139	96301	5116599	53.09
1960-1969	18	0.00175	0.00175	0.5	96232	168	96148	5020298	52.17
1960-1969	19	0.00187	0.00187	0.5	96064	179	95974	4924151	51.26
1960-1969	20	0.00193	0.00193	0.5	95884	185	95792	4828177	50.35
1960-1969	21	0.00205	0.00205	0.5	95700	196	95602	4732385	49.45
1960-1969	22	0.00202	0.00202	0.5	95504	193	95407	4636783	48.55
1960-1969	23	0.00199	0.00199	0.5	95311	189	95216	4541376	47.65
1960-1969	24	0.00183	0.00182	0.5	95121	173	95035	4446160	46.74
1960-1969	25	0.00187	0.00187	0.5	94948	177	94859	4351125	45.83
1960-1969	26	0.00180	0.00180	0.5	94771	170	94685	4256266	44.91
1960-1969	27	0.00181	0.00181	0.5	94600	171	94515	4161581	43.99
1960-1969	28	0.00188	0.00187	0.5	94430	177	94341	4067066	43.07
1960-1969	29	0.00187	0.00187	0.5	94253	176	94164	3972724	42.15
1960-1969	30	0.00188	0.00188	0.5	94076	177	93988	3878560	41.23
1960-1969	31	0.00194	0.00193	0.5	93900	182	93809	3784572	40.30
1960-1969	32	0.00204	0.00203	0.5	93718	191	93623	3690763	39.38
1960-1969	33	0.00220	0.00220	0.5	93527	205	93425	3597141	38.46
1960-1969	34	0.00222	0.00222	0.5	93322	207	93218	3503716	37.54
1960-1969	35	0.00237	0.00236	0.5	93115	220	93005	3410498	36.63
1960-1969	36	0.00259	0.00259	0.5	92895	240	92774	3317493	35.71
1960-1969	37	0.00274	0.00273	0.5	92654	253	92528	3224719	34.80
1960-1969	38	0.00303	0.00302	0.5	92401	279	92261	3132191	33.90
1960-1969	39	0.00330	0.00329	0.5	92122	303	91970	3039930	33.00
1960-1969	40	0.00357	0.00356	0.5	91819	327	91655	2947959	32.11
1960-1969	41	0.00385	0.00384	0.5	91492	352	91316	2856304	31.22
1960-1969	42	0.00436	0.00435	0.5	91140	396	90942	2764989	30.34
1960-1969	43	0.00470	0.00469	0.5	90744	425	90531	2674047	29.47
1960-1969	44	0.00529	0.00528	0.5	90318	476	90080	2583516	28.60
1960-1969	45	0.00567	0.00566	0.5	89842	508	89588	2493436	27.75
1960-1969	46	0.00616	0.00614	0.5	89334	549	89059	2403848	26.91
1960-1969	47	0.00689	0.00686	0.5	88785	609	88480	2314789	26.07
1960-1969	48	0.00746	0.00743	0.5	88176	655	87848	2226309	25.25
1960-1969	49	0.00839	0.00835	0.5	87521	731	87155	2138461	24.43
1960-1969	50	0.00917	0.00913	0.5	86790	792	86394	2051306	23.64
1960-1969	51	0.01018	0.01013	0.5	85997	871	85562	1964912	22.85
1960-1969	52	0.01111	0.01105	0.5	85126	941	84656	1879350	22.08
1960-1969	53	0.01224	0.01216	0.5	84186	1024	83674	1794694	21.32
1960-1969	54	0.01333	0.01324	0.5	83162	1101	82611	1711020	20.57
1960-1969	55	0.01458	0.01448	0.5	82060	1188	81466	1628409	19.84
1960-1969	56	0.01585	0.01572	0.5	80872	1272	80237	1546943	19.13
1960-1969	57	0.01734	0.01719	0.5	79601	1369	78916	1466706	18.43
1960-1969	58	0.01898	0.01880	0.5	78232	1471	77497	1387790	17.74
1960-1969	59	0.02047	0.02026	0.5	76761	1556	75984	1310293	17.07
1960-1969	60	0.02218	0.02194	0.5	75206	1650	74381	1234309	16.41
1960-1969	61	0.02389	0.02360	0.5	73556	1736	72688	1159928	15.77
1960-1969	62	0.02653	0.02618	0.5	71820	1880	70880	1087240	15.14
1960-1969	63	0.02825	0.02786	0.5	69940	1948	68966	1016360	14.53
1960-1969	64	0.03071	0.03025	0.5	67992	2057	66963	947394	13.93
1960-1969	65	0.03388	0.03332	0.5	65935	2197	64837	880431	13.35
1960-1969	66	0.03570	0.03507	0.5	63738	2235	62621	815594	12.80
1960-1969	67	0.03885	0.03811	0.5	61503	2344	60331	752973	12.24
1960-1969	68	0.04169	0.04084	0.5	59159	2416	57951	692642	11.71
1960-1969	69	0.04453	0.04356	0.5	56743	2471	55507	634691	11.19
1960-1969	70	0.04868	0.04753	0.5	54272	2579	52982	579184	10.67
1960-1969	71	0.05150	0.05020	0.5	51692	2595	50395	526202	10.18
1960-1969	72	0.05692	0.05534	0.5	49097	2717	47739	475807	9.69
1960-1969	73	0.06050	0.05872	0.5	46380	2724	45018	428068	9.23
1960-1969	74	0.06606	0.06395	0.5	43656	2792	42260	383050	8.77
1960-1969	75	0.07107	0.06863	0.5	40864	2805	39462	340790	8.34
1960-1969	76	0.07553	0.07278	0.5	38060	2770	36675	301328	7.92
1960-1969	77	0.08169	0.07848	0.5	35290	2770	33905	264653	7.50
1960-1969	78	0.08674	0.08314	0.5	32520	2704	31169	230748	7.10
1960-1969	79	0.09518	0.09086	0.5	29817	2709	28462	199579	6.69
1960-1969	80	0.10533	0.10006	0.5	27108	2712	25752	171117	6.31
1960-1969	81	0.11074	0.10493	0.5	24395	2560	23116	145365	5.96
1960-1969	82	0.12378	0.11656	0.5	21836	2545	20563	122250	5.60
1960-1969	83	0.13617	0.12749	0.5	19290	2459	18061	101687	5.27
1960-1969	84	0.14773	0.13757	0.5	16831	2315	15673	83626	4.97
1960-1969	85	0.15975	0.14793	0.5	14516	2147	13442	67953	4.68
1960-1969	86	0.17347	0.15963	0.5	12368	1974	11381	54511	4.41
1960-1969	87	0.19124	0.17455	0.5	10394	1814	9487	43130	4.15
1960-1969	88	0.20225	0.18368	0.5	8580	1576	7792	33643	3.92
1960-1969	89	0.22152	0.19943	0.5	7004	1397	6305	25851	3.69
1960-1969	90	0.24263	0.21638	0.5	5607	1213	5000	19545	3.49
1960-1969	91	0.24996	0.22219	0.5	4394	976	3906	14545	3.31
1960-1969	92	0.27594	0.24248	0.5	3418	829	3003	10639	3.11
1960-1969	93	0.29696	0.25857	0.5	2589	669	2254	7636	2.95
1960-1969	94	0.31239	0.27019	0.5	1919	519	1660	5382	2.80
1960-1969	95	0.33368	0.28597	0.5	1401	401	1201	3722	2.66
1960-1969	96	0.35558	0.30191	0.5	1000	302	849	2521	2.52
1960-1969	97	0.37811	0.31799	0.5	698	222	587	1672	2.39
1960-1969	98	0.40117	0.33415	0.5	476	159	397	1085	2.28
1960-1969	99	0.42468	0.35030	0.5	317	111	262	688	2.17
1960-1969	100	0.44854	0.36637	0.5	206	75	168	427	2.07
1960-1969	101	0.47264	0.38229	0.5	131	50	106	258	1.98
1960-1969	102	0.49686	0.39799	0.5	81	32	65	153	1.90
1960-1969	103	0.52110	0.41339	0.5	49	20	39	88	1.82
1960-1969	104	0.54524	0.42844	0.5	28	12	22	50	1.75
1960-1969	105	0.56917	0.44308	0.5	16	7	13	27	1.68
1960-1969	106	0.59278	0.45726	0.5	9	4	7	15	1.62
1960-1969	107	0.61597	0.47093	0.5	5	2	4	8	1.57
1960-1969	108	0.63865	0.48407	0.5	3	1	2	4	1.53
1960-1969	109	0.66072	0.49665	0.5	1	1	1	2	1.49
1960-1969	110+	0.68211	1.00000	1.47	1	1	1	1	1.47
1970-1979	0	0.01675	0.01650	0.09	100000	1650	98498	6962394	69.62
1970-1979	1	0.00126	0.00126	0.5	98350	124	98288	6863895	69.79
1970-1979	2	0.00091	0.00091	0.5	98226	90	98181	6765608	68.88
1970-1979	3	0.00074	0.00074	0.5	98136	73	98100	6667427	67.94
1970-1979	4	0.00058	0.00058	0.5	98063	57	98035	6569327	66.99
1970-1979	5	0.00051	0.00051	0.5	98007	50	97982	6471292	66.03
1970-1979	6	0.00047	0.00047	0.5	97957	46	97934	6373310	65.06
1970-1979	7	0.00042	0.00042	0.5	97911	41	97890	6275376	64.09
1970-1979	8	0.00038	0.00038	0.5	97870	37	97852	6177486	63.12
1970-1979	9	0.00036	0.00036	0.5	97833	35	97815	6079634	62.14
1970-1979	10	0.00037	0.00037	0.5	97798	36	97780	5981819	61.17
1970-1979	11	0.00037	0.00037	0.5	97762	36	97744	5884039	60.19
1970-1979	12	0.00040	0.00040	0.5	97726	39	97706	5786295	59.21
1970-1979	13	0.00049	0.00049	0.5	97687	48	97663	5688589	58.23
1970-1979	14	0.00062	0.00062	0.5	97639	61	97609	5590926	57.26
1970-1979	15	0.00087	0.00087	0.5	97578	85	97535	5493317	56.30
1970-1979	16	0.00126	0.00126	0.5	97493	122	97432	5395782	55.35
1970-1979	17	0.00162	0.00161	0.5	97370	157	97292	5298350	54.41
1970-1979	18	0.00196	0.00196	0.5	97213	190	97118	5201058	53.50
1970-1979	19	0.00221	0.00220	0.5	97023	214	96916	5103940	52.61
1970-1979	20	0.00217	0.00217	0.5	96809	210	96704	5007025	51.72
1970-1979	21	0.00222	0.00222	0.5	96599	214	96492	4910321	50.83
1970-1979	22	0.00225	0.00225	0.5	96385	217	96276	4813829	49.94
1970-1979	23	0.00216	0.00216	0.5	96168	208	96064	4717553	49.06
1970-1979	24	0.00209	0.00208	0.5	95960	200	95860	4621489	48.16
1970-1979	25	0.00207	0.00207	0.5	95760	198	95661	4525628	47.26
1970-1979	26	0.00198	0.00198	0.5	95562	189	95468	4429967	46.36
1970-1979	27	0.00196	0.00196	0.5	95373	187	95279	4334499	45.45
1970-1979	28	0.00199	0.00199	0.5	95186	189	95091	4239220	44.54
1970-1979	29	0.00197	0.00197	0.5	94997	187	94903	4144129	43.62
1970-1979	30	0.00194	0.00194	0.5	94810	184	94718	4049226	42.71
1970-1979	31	0.00193	0.00193	0.5	94626	182	94535	3954508	41.79
1970-1979	32	0.00196	0.00196	0.5	94444	185	94351	3859973	40.87
1970-1979	33	0.00202	0.00202	0.5	94258	190	94163	3765622	39.95
1970-1979	34	0.00210	0.00210	0.5	94068	198	93969	3671459	39.03
1970-1979	35	0.00224	0.00224	0.5	93870	210	93765	3577490	38.11
1970-1979	36	0.00243	0.00243	0.5	93660	227	93547	3483724	37.20
1970-1979	37	0.00253	0.00252	0.5	93433	236	93315	3390178	36.28
1970-1979	38	0.00269	0.00269	0.5	93197	250	93072	3296862	35.38
1970-1979	39	0.00294	0.00293	0.5	92947	273	92811	3203790	34.47
1970-1979	40	0.00316	0.00316	0.5	92674	293	92528	3110979	33.57
1970-1979	41	0.00336	0.00336	0.5	92382	310	92227	3018451	32.67
1970-1979	42	0.00384	0.00383	0.5	92072	353	91895	2926224	31.78
1970-1979	43	0.00410	0.00409	0.5	91719	375	91531	2834329	30.90
1970-1979	44	0.00440	0.00439	0.5	91344	401	91144	2742798	30.03
1970-1979	45	0.00491	0.00490	0.5	90943	446	90720	2651654	29.16
1970-1979	46	0.00541	0.00540	0.5	90498	489	90253	2560934	28.30
1970-1979	47	0.00586	0.00584	0.5	90009	526	89746	2470681	27.45
1970-1979	48	0.00656	0.00654	0.5	89483	585	89190	2380935	26.61
1970-1979	49	0.00710	0.00707	0.5	88897	629	88583	2291745	25.78
1970-1979	50	0.00779	0.00776	0.5	88269	685	87926	2203162	24.96
1970-1979	51	0.00860	0.00856	0.5	87584	750	87209	2115235	24.15
1970-1979	52	0.00912	0.00908	0.5	86834	789	86440	2028026	23.36
1970-1979	53	0.01003	0.00998	0.5	86045	859	85616	1941587	22.56
1970-1979	54	0.01113	0.01107	0.5	85187	943	84716	1855970	21.79
1970-1979	55	0.01221	0.01213	0.5	84244	1022	83733	1771255	21.03
1970-1979	56	0.01314	0.01305	0.5	83222	1086	82679	1687522	20.28
1970-1979	57	0.01455	0.01444	0.5	82136	1186	81542	1604843	19.54
1970-1979	58	0.01584	0.01572	0.5	80949	1272	80313	1523300	18.82
1970-1979	59	0.01705	0.01690	0.5	79677	1347	79004	1442987	18.11
1970-1979	60	0.01902	0.01885	0.5	78330	1476	77592	1363984	17.41
1970-1979	61	0.02059	0.02038	0.5	76854	1566	76071	1286392	16.74
1970-1979	62	0.02260	0.02235	0.5	75288	1683	74446	1210321	16.08
1970-1979	63	0.02480	0.02449	0.5	73605	1803	72704	1135875	15.43
1970-1979	64	0.02665	0.02630	0.5	71802	1888	70858	1063171	14.81
1970-1979	65	0.02876	0.02835	0.5	69914	1982	68923	992313	14.19
1970-1979	66	0.03064	0.03018	0.5	67932	2050	66907	923390	13.59
1970-1979	67	0.03385	0.03328	0.5	65882	2193	64785	856483	13.00
1970-1979	68	0.03584	0.03521	0.5	63689	2243	62568	791698	12.43
1970-1979	69	0.03951	0.03874	0.5	61446	2381	60256	729130	11.87
1970-1979	70	0.04263	0.04174	0.5	59066	2466	57833	668874	11.32
1970-1979	71	0.04625	0.04521	0.5	56600	2559	55321	611041	10.80
1970-1979	72	0.05034	0.04910	0.5	54041	2653	52715	555720	10.28
1970-1979	73	0.05414	0.05272	0.5	51388	2709	50033	503006	9.79
1970-1979	74	0.05869	0.05701	0.5	48679	2775	47291	452973	9.31
1970-1979	75	0.06531	0.06324	0.5	45903	2903	44452	405681	8.84
1970-1979	76	0.06976	0.06741	0.5	43001	2898	41551	361229	8.40
1970-1979	77	0.07589	0.07312	0.5	40102	2932	38636	319678	7.97
1970-1979	78	0.08214	0.07890	0.5	37170	2933	35704	281042	7.56
1970-1979	79	0.08861	0.08485	0.5	34237	2905	32785	245339	7.17
1970-1979	80	0.09486	0.09057	0.5	31332	2838	29913	212554	6.78
1970-1979	81	0.10225	0.09728	0.5	28495	2772	27109	182640	6.41
1970-1979	82	0.11158	0.10569	0.5	25723	2719	24364	155532	6.05
1970-1979	83	0.12234	0.11529	0.5	23004	2652	21678	131168	5.70
1970-1979	84	0.13240	0.12418	0.5	20352	2527	19089	109490	5.38
1970-1979	85	0.14346	0.13386	0.5	17825	2386	16632	90401	5.07
1970-1979	86	0.15752	0.14602	0.5	15439	2254	14312	73769	4.78
1970-1979	87	0.16933	0.15612	0.5	13184	2058	12155	59458	4.51
1970-1979	88	0.18206	0.16687	0.5	11126	1857	10198	47302	4.25
1970-1979	89	0.19875	0.18078	0.5	9270	1676	8432	37105	4.00
1970-1979	90	0.21362	0.19300	0.5	7594	1466	6861	28673	3.78
1970-1979	91	0.22955	0.20591	0.5	6128	1262	5497	21812	3.56
1970-1979	92	0.25251	0.22421	0.5	4866	1091	4321	16315	3.35
1970-1979	93	0.26920	0.23727	0.5	3775	896	3327	11994	3.18
1970-1979	94	0.29122	0.25421	0.5	2879	732	2513	8667	3.01
1970-1979	95	0.30477	0.26447	0.5	2148	568	1864	6153	2.87
1970-1979	96	0.32542	0.27988	0.5	1580	442	1359	4290	2.72
1970-1979	97	0.34677	0.29553	0.5	1137	336	969	2931	2.58
1970-1979	98	0.36876	0.31135	0.5	801	249	677	1962	2.45
1970-1979	99	0.39131	0.32728	0.5	552	181	462	1285	2.33
1970-1979	100	0.41433	0.34323	0.5	371	127	308	824	2.22
1970-1979	101	0.43774	0.35913	0.5	244	88	200	516	2.12
1970-1979	102	0.46142	0.37492	0.5	156	59	127	316	2.02
1970-1979	103	0.48528	0.39052	0.5	98	38	79	189	1.94
1970-1979	104	0.50920	0.40587	0.5	60	24	47	111	1.86
1970-1979	105	0.53309	0.42090	0.5	35	15	28	63	1.79
1970-1979	106	0.55682	0.43556	0.5	20	9	16	35	1.72
1970-1979	107	0.58030	0.44979	0.5	12	5	9	19	1.66
1970-1979	108	0.60341	0.46356	0.5	6	3	5	10	1.61
1970-1979	109	0.62608	0.47682	0.5	3	2	3	5	1.57
1970-1979	110+	0.64821	1.00000	1.54	2	2	3	3	1.54
1980-1989	0	0.01106	0.01095	0.07	100000	1095	98987	7206270	72.06
1980-1989	1	0.00095	0.00095	0.5	98905	94	98858	7107283	71.86
1980-1989	2	0.00066	0.00066	0.5	98811	65	98778	7008425	70.93
1980-1989	3	0.00049	0.00049	0.5	98746	49	98721	6909646	69.97
1980-1989	4	0.00038	0.00038	0.5	98697	38	98678	6810925	69.01
1980-1989	5	0.00034	0.00034	0.5	98659	33	98643	6712247	68.03
1980-1989	6	0.00032	0.00032	0.5	98626	32	98610	6613604	67.06
1980-1989	7	0.00029	0.00029	0.5	98594	28	98580	6514994	66.08
1980-1989	8	0.00030	0.00030	0.5	98566	30	98551	6416414	65.10
1980-1989	9	0.00028	0.00028	0.5	98536	28	98523	6317863	64.12
1980-1989	10	0.00026	0.00026	0.5	98509	26	98496	6219340	63.13
1980-1989	11	0.00029	0.00029	0.5	98483	29	98469	6120844	62.15
1980-1989	12	0.00032	0.00032	0.5	98454	32	98438	6022375	61.17
1980-1989	13	0.00039	0.00039	0.5	98423	38	98404	5923937	60.19
1980-1989	14	0.00051	0.00051	0.5	98384	51	98359	5825533	59.21
1980-1989	15	0.00069	0.00069	0.5	98334	68	98300	5727174	58.24
1980-1989	16	0.00104	0.00103	0.5	98266	102	98215	5628874	57.28
1980-1989	17	0.00129	0.00128	0.5	98164	126	98101	5530659	56.34
1980-1989	18	0.00170	0.00170	0.5	98038	167	97955	5432558	55.41
1980-1989	19	0.00173	0.00173	0.5	97871	169	97787	5334604	54.51
1980-1989	20	0.00170	0.00170	0.5	97702	166	97619	5236817	53.60
1980-1989	21	0.00183	0.00183	0.5	97536	178	97447	5139197	52.69
1980-1989	22	0.00182	0.00182	0.5	97358	177	97269	5041750	51.79
1980-1989	23	0.00180	0.00180	0.5	97181	175	97093	4944481	50.88
1980-1989	24	0.00175	0.00175	0.5	97006	170	96921	4847388	49.97
1980-1989	25	0.00175	0.00175	0.5	96836	170	96751	4750467	49.06
1980-1989	26	0.00176	0.00176	0.5	96666	170	96581	4653716	48.14
1980-1989	27	0.00177	0.00177	0.5	96496	171	96411	4557135	47.23
1980-1989	28	0.00183	0.00183	0.5	96326	176	96238	4460724	46.31
1980-1989	29	0.00175	0.00175	0.5	96149	168	96065	4364486	45.39
1980-1989	30	0.00184	0.00184	0.5	95982	177	95893	4268421	44.47
1980-1989	31	0.00193	0.00193	0.5	95805	185	95713	4172527	43.55
1980-1989	32	0.00205	0.00205	0.5	95620	196	95522	4076815	42.64
1980-1989	33	0.00208	0.00208	0.5	95424	198	95325	3981292	41.72
1980-1989	34	0.00205	0.00205	0.5	95226	195	95128	3885967	40.81
1980-1989	35	0.00216	0.00216	0.5	95031	205	94928	3790839	39.89
1980-1989	36	0.00234	0.00234	0.5	94825	222	94714	3695911	38.98
1980-1989	37	0.00241	0.00241	0.5	94604	228	94490	3601197	38.07
1980-1989	38	0.00264	0.00264	0.5	94376	249	94251	3506707	37.16
1980-1989	39	0.00247	0.00247	0.5	94127	232	94011	3412456	36.25
1980-1989	40	0.00273	0.00272	0.5	93895	256	93767	3318445	35.34
1980-1989	41	0.00300	0.00300	0.5	93639	281	93499	3224678	34.44
1980-1989	42	0.00318	0.00317	0.5	93358	296	93210	3131180	33.54
1980-1989	43	0.00331	0.00331	0.5	93062	308	92908	3037970	32.64
1980-1989	44	0.00350	0.00349	0.5	92754	324	92592	2945062	31.75
1980-1989	45	0.00393	0.00392	0.5	92430	363	92249	2852470	30.86
1980-1989	46	0.00435	0.00434	0.5	92068	399	91868	2760221	29.98
1980-1989	47	0.00463	0.00462	0.5	91669	424	91457	2668352	29.11
1980-1989	48	0.00529	0.00527	0.5	91245	481	91004	2576896	28.24
1980-1989	49	0.00531	0.00530	0.5	90764	481	90523	2485892	27.39
1980-1989	50	0.00598	0.00597	0.5	90283	539	90014	2395368	26.53
1980-1989	51	0.00686	0.00684	0.5	89744	614	89438	2305354	25.69
1980-1989	52	0.00755	0.00752	0.5	89131	670	88796	2215917	24.86
1980-1989	53	0.00811	0.00808	0.5	88461	715	88103	2127121	24.05
1980-1989	54	0.00879	0.00875	0.5	87746	768	87362	2039018	23.24
1980-1989	55	0.00996	0.00991	0.5	86978	862	86547	1951656	22.44
1980-1989	56	0.01090	0.01084	0.5	86116	934	85649	1865109	21.66
1980-1989	57	0.01160	0.01153	0.5	85182	982	84691	1779461	20.89
1980-1989	58	0.01319	0.01311	0.5	84199	1104	83648	1694770	20.13
1980-1989	59	0.01395	0.01385	0.5	83096	1151	82520	1611122	19.39
1980-1989	60	0.01525	0.01513	0.5	81945	1240	81325	1528602	18.65
1980-1989	61	0.01669	0.01655	0.5	80705	1336	80037	1447277	17.93
1980-1989	62	0.01874	0.01856	0.5	79369	1473	78632	1367240	17.23
1980-1989	63	0.01999	0.01979	0.5	77896	1541	77125	1288608	16.54
1980-1989	64	0.02119	0.02097	0.5	76354	1601	75554	1211483	15.87
1980-1989	65	0.02321	0.02294	0.5	74753	1715	73896	1135929	15.20
1980-1989	66	0.02524	0.02492	0.5	73038	1820	72128	1062034	14.54
1980-1989	67	0.02747	0.02710	0.5	71218	1930	70253	989906	13.90
1980-1989	68	0.03040	0.02995	0.5	69288	2075	68251	919653	13.27
1980-1989	69	0.03291	0.03238	0.5	67213	2176	66125	851402	12.67
1980-1989	70	0.03599	0.03536	0.5	65037	2300	63887	785277	12.07
1980-1989	71	0.03946	0.03870	0.5	62737	2428	61524	721390	11.50
1980-1989	72	0.04346	0.04253	0.5	60310	2565	59027	659866	10.94
1980-1989	73	0.04747	0.04637	0.5	57744	2678	56406	600839	10.41
1980-1989	74	0.05081	0.04955	0.5	55067	2728	53703	544434	9.89
1980-1989	75	0.05509	0.05361	0.5	52338	2806	50935	490731	9.38
1980-1989	76	0.06083	0.05903	0.5	49532	2924	48070	439796	8.88
1980-1989	77	0.06594	0.06384	0.5	46608	2975	45121	391725	8.40
1980-1989	78	0.07231	0.06979	0.5	43633	3045	42110	346605	7.94
1980-1989	79	0.07866	0.07569	0.5	40588	3072	39052	304494	7.50
1980-1989	80	0.08736	0.08370	0.5	37516	3140	35946	265442	7.08
1980-1989	81	0.09543	0.09108	0.5	34376	3131	32810	229496	6.68
1980-1989	82	0.10475	0.09953	0.5	31245	3110	29690	196686	6.30
1980-1989	83	0.11232	0.10635	0.5	28135	2992	26639	166996	5.94
1980-1989	84	0.12368	0.11648	0.5	25143	2929	23678	140357	5.58
1980-1989	85	0.13508	0.12653	0.5	22214	2811	20809	116679	5.25
1980-1989	86	0.14667	0.13665	0.5	19403	2651	18078	95870	4.94
1980-1989	87	0.16037	0.14847	0.5	16752	2487	15508	77793	4.64
1980-1989	88	0.17280	0.15906	0.5	14265	2269	13130	62284	4.37
1980-1989	89	0.18987	0.17341	0.5	11996	2080	10956	49154	4.10
1980-1989	90	0.20651	0.18718	0.5	9916	1856	8988	38198	3.85
1980-1989	91	0.22444	0.20180	0.5	8060	1626	7246	29211	3.62
1980-1989	92	0.24251	0.21628	0.5	6433	1391	5738	21964	3.41
1980-1989	93	0.26139	0.23118	0.5	5042	1166	4459	16227	3.22
1980-1989	94	0.28429	0.24891	0.5	3876	965	3394	11768	3.04
1980-1989	95	0.30122	0.26179	0.5	2911	762	2530	8374	2.88
1980-1989	96	0.32290	0.27801	0.5	2149	598	1850	5843	2.72
1980-1989	97	0.34536	0.29451	0.5	1552	457	1323	3993	2.57
1980-1989	98	0.36854	0.31119	0.5	1095	341	924	2670	2.44
1980-1989	99	0.39234	0.32800	0.5	754	247	630	1745	2.31
1980-1989	100	0.41666	0.34482	0.5	507	175	419	1115	2.20
1980-1989	101	0.44140	0.36159	0.5	332	120	272	696	2.10
1980-1989	102	0.46643	0.37822	0.5	212	80	172	424	2.00
1980-1989	103	0.49163	0.39462	0.5	132	52	106	252	1.91
1980-1989	104	0.51687	0.41072	0.5	80	33	63	146	1.83
1980-1989	105	0.54203	0.42645	0.5	47	20	37	83	1.76
1980-1989	106	0.56697	0.44174	0.5	27	12	21	46	1.69
1980-1989	107	0.59158	0.45654	0.5	15	7	12	25	1.63
1980-1989	108	0.61574	0.47080	0.5	8	4	6	13	1.58
1980-1989	109	0.63934	0.48447	0.5	4	2	3	7	1.54
1980-1989	110+	0.66229	1.00000	1.51	2	2	3	3	1.51
1990-1999	0	0.00774	0.00768	0.07	100000	768	99282	7392745	73.93
1990-1999	1	0.00065	0.00065	0.5	99232	64	99199	7293462	73.50
1990-1999	2	0.00045	0.00045	0.5	99167	45	99145	7194263	72.55
1990-1999	3	0.00032	0.00032	0.5	99122	32	99106	7095118	71.58
1990-1999	4	0.00026	0.00026	0.5	99090	26	99077	6996012	70.60
1990-1999	5	0.00023	0.00023	0.5	99064	23	99053	6896934	69.62
1990-1999	6	0.00020	0.00020	0.5	99041	20	99031	6797882	68.64
1990-1999	7	0.00019	0.00019	0.5	99021	19	99012	6698850	67.65
1990-1999	8	0.00020	0.00020	0.5	99002	20	98993	6599838	66.66
1990-1999	9	0.00018	0.00018	0.5	98983	18	98974	6500845	65.68
1990-1999	10	0.00020	0.00020	0.5	98965	20	98955	6401872	64.69
1990-1999	11	0.00022	0.00022	0.5	98945	21	98934	6302917	63.70
1990-1999	12	0.00025	0.00025	0.5	98924	25	98911	6203982	62.71
1990-1999	13	0.00034	0.00034	0.5	98899	33	98882	6105071	61.73
1990-1999	14	0.00045	0.00045	0.5	98866	45	98843	6006188	60.75
1990-1999	15	0.00064	0.00064	0.5	98821	63	98790	5907345	59.78
1990-1999	16	0.00096	0.00096	0.5	98758	95	98711	5808555	58.82
1990-1999	17	0.00118	0.00118	0.5	98663	117	98605	5709845	57.87
1990-1999	18	0.00150	0.00150	0.5	98547	148	98473	5611240	56.94
1990-1999	19	0.00154	0.00154	0.5	98399	151	98324	5512767	56.02
1990-1999	20	0.00154	0.00154	0.5	98248	151	98172	5414443	55.11
1990-1999	21	0.00158	0.00158	0.5	98097	155	98019	5316270	54.19
1990-1999	22	0.00157	0.00157	0.5	97942	154	97865	5218251	53.28
1990-1999	23	0.00151	0.00151	0.5	97788	147	97714	5120387	52.36
1990-1999	24	0.00146	0.00146	0.5	97641	142	97570	5022672	51.44
1990-1999	25	0.00146	0.00146	0.5	97499	142	97427	4925103	50.51
1990-1999	26	0.00147	0.00146	0.5	97356	143	97285	4827675	49.59
1990-1999	27	0.00150	0.00150	0.5	97214	146	97141	4730390	48.66
1990-1999	28	0.00161	0.00161	0.5	97068	156	96990	4633250	47.73
1990-1999	29	0.00161	0.00161	0.5	96912	156	96834	4536260	46.81
1990-1999	30	0.00167	0.00167	0.5	96756	161	96675	4439426	45.88
1990-1999	31	0.00186	0.00186	0.5	96594	179	96505	4342751	44.96
1990-1999	32	0.00200	0.00200	0.5	96415	193	96319	4246246	44.04
1990-1999	33	0.00208	0.00208	0.5	96222	200	96122	4149927	43.13
1990-1999	34	0.00217	0.00216	0.5	96022	208	95919	4053805	42.22
1990-1999	35	0.00221	0.00221	0.5	95815	211	95709	3957886	41.31
1990-1999	36	0.00239	0.00238	0.5	95603	228	95489	3862178	40.40
1990-1999	37	0.00253	0.00253	0.5	95375	241	95255	3766688	39.49
1990-1999	38	0.00273	0.00273	0.5	95134	259	95005	3671434	38.59
1990-1999	39	0.00269	0.00269	0.5	94875	255	94747	3576429	37.70
1990-1999	40	0.00285	0.00285	0.5	94620	270	94485	3481682	36.80
1990-1999	41	0.00318	0.00318	0.5	94350	300	94200	3387196	35.90
1990-1999	42	0.00329	0.00328	0.5	94051	309	93896	3292996	35.01
1990-1999	43	0.00350	0.00350	0.5	93742	328	93578	3199100	34.13
1990-1999	44	0.00366	0.00365	0.5	93414	341	93244	3105522	33.24
1990-1999	45	0.00384	0.00384	0.5	93073	357	92895	3012278	32.36
1990-1999	46	0.00413	0.00412	0.5	92716	382	92525	2919384	31.49
1990-1999	47	0.00435	0.00434	0.5	92334	401	92133	2826859	30.62
1990-1999	48	0.00476	0.00475	0.5	91933	436	91715	2734725	29.75
1990-1999	49	0.00476	0.00475	0.5	91497	434	91279	2643011	28.89
1990-1999	50	0.00516	0.00515	0.5	91062	469	90828	2551731	28.02
1990-1999	51	0.00573	0.00572	0.5	90593	518	90334	2460903	27.16
1990-1999	52	0.00622	0.00620	0.5	90075	559	89796	2370569	26.32
1990-1999	53	0.00682	0.00679	0.5	89517	608	89213	2280773	25.48
1990-1999	54	0.00716	0.00714	0.5	88909	635	88592	2191560	24.65
1990-1999	55	0.00796	0.00793	0.5	88274	700	87924	2102969	23.82
1990-1999	56	0.00871	0.00868	0.5	87575	760	87195	2015044	23.01
1990-1999	57	0.00955	0.00951	0.5	86815	825	86402	1927850	22.21
1990-1999	58	0.01076	0.01070	0.5	85990	920	85529	1841447	21.41
1990-1999	59	0.01120	0.01114	0.5	85069	948	84595	1755918	20.64
1990-1999	60	0.01262	0.01254	0.5	84121	1055	83594	1671323	19.87
1990-1999	61	0.01416	0.01406	0.5	83066	1168	82482	1587729	19.11
1990-1999	62	0.01558	0.01546	0.5	81898	1266	81265	1505247	18.38
1990-1999	63	0.01673	0.01659	0.5	80632	1338	79963	1423982	17.66
1990-1999	64	0.01815	0.01799	0.5	79294	1426	78581	1344019	16.95
1990-1999	65	0.01950	0.01931	0.5	77868	1504	77116	1265438	16.25
1990-1999	66	0.02122	0.02099	0.5	76364	1603	75562	1188323	15.56
1990-1999	67	0.02320	0.02293	0.5	74761	1714	73903	1112761	14.88
1990-1999	68	0.02565	0.02533	0.5	73046	1850	72121	1038857	14.22
1990-1999	69	0.02749	0.02712	0.5	71196	1931	70231	966736	13.58
1990-1999	70	0.03042	0.02996	0.5	69266	2075	68228	896505	12.94
1990-1999	71	0.03313	0.03259	0.5	67190	2190	66096	828277	12.33
1990-1999	72	0.03629	0.03565	0.5	65001	2317	63842	762181	11.73
1990-1999	73	0.03983	0.03905	0.5	62684	2448	61460	698339	11.14
1990-1999	74	0.04261	0.04173	0.5	60236	2513	58979	636879	10.57
1990-1999	75	0.04657	0.04551	0.5	57722	2627	56409	577900	10.01
1990-1999	76	0.05125	0.04997	0.5	55095	2753	53719	521491	9.47
1990-1999	77	0.05600	0.05447	0.5	52342	2851	50917	467772	8.94
1990-1999	78	0.06055	0.05877	0.5	49491	2909	48037	416855	8.42
1990-1999	79	0.06635	0.06422	0.5	46582	2992	45087	368818	7.92
1990-1999	80	0.07693	0.07408	0.5	43591	3229	41976	323732	7.43
1990-1999	81	0.08537	0.08188	0.5	40362	3305	38709	281755	6.98
1990-1999	82	0.09385	0.08964	0.5	37057	3322	35396	243046	6.56
1990-1999	83	0.10411	0.09896	0.5	33735	3338	32066	207650	6.16
1990-1999	84	0.11426	0.10808	0.5	30397	3285	28754	175584	5.78
1990-1999	85	0.12493	0.11759	0.5	27111	3188	25517	146830	5.42
1990-1999	86	0.13801	0.12910	0.5	23923	3089	22379	121312	5.07
1990-1999	87	0.15088	0.14030	0.5	20835	2923	19373	98933	4.75
1990-1999	88	0.16608	0.15334	0.5	17912	2747	16539	79560	4.44
1990-1999	89	0.18160	0.16649	0.5	15165	2525	13903	63021	4.16
1990-1999	90	0.20030	0.18206	0.5	12640	2301	11490	49118	3.89
1990-1999	91	0.21725	0.19596	0.5	10339	2026	9326	37629	3.64
1990-1999	92	0.23806	0.21274	0.5	8313	1768	7429	28303	3.40
1990-1999	93	0.26334	0.23270	0.5	6545	1523	5783	20874	3.19
1990-1999	94	0.28297	0.24790	0.5	5022	1245	4399	15091	3.01
1990-1999	95	0.30343	0.26346	0.5	3777	995	3279	10692	2.83
1990-1999	96	0.32729	0.28126	0.5	2782	782	2391	7412	2.66
1990-1999	97	0.35208	0.29938	0.5	1999	599	1700	5022	2.51
1990-1999	98	0.37770	0.31770	0.5	1401	445	1178	3322	2.37
1990-1999	99	0.40402	0.33612	0.5	956	321	795	2144	2.24
1990-1999	100	0.43090	0.35452	0.5	635	225	522	1348	2.13
1990-1999	101	0.45820	0.37279	0.5	410	153	333	826	2.02
1990-1999	102	0.48575	0.39083	0.5	257	100	207	493	1.92
1990-1999	103	0.51338	0.40852	0.5	156	64	125	287	1.83
1990-1999	104	0.54094	0.42578	0.5	93	39	73	162	1.75
1990-1999	105	0.56824	0.44252	0.5	53	24	41	89	1.68
1990-1999	106	0.59514	0.45866	0.5	30	14	23	48	1.61
1990-1999	107	0.62148	0.47414	0.5	16	8	12	25	1.55
1990-1999	108	0.64712	0.48892	0.5	8	4	6	13	1.50
1990-1999	109	0.67194	0.50296	0.5	4	2	3	6	1.46
1990-1999	110+	0.69584	1.00000	1.44	2	2	3	3	1.44
2000-2009	0	0.00633	0.00629	0.06	100000	629	99410	7627225	76.27
2000-2009	1	0.00049	0.00049	0.5	99371	49	99346	7527815	75.75
2000-2009	2	0.00032	0.00032	0.5	99322	32	99306	7428469	74.79
2000-2009	3	0.00024	0.00024	0.5	99290	24	99278	7329163	73.82
2000-2009	4	0.00019	0.00019	0.5	99266	19	99257	7229885	72.83
2000-2009	5	0.00017	0.00017	0.5	99247	16	99239	7130629	71.85
2000-2009	6	0.00015	0.00015	0.5	99231	15	99223	7031390	70.86
2000-2009	7	0.00013	0.00013	0.5	99215	13	99209	6932167	69.87
2000-2009	8	0.00014	0.00014	0.5	99202	14	99195	6832958	68.88
2000-2009	9	0.00014	0.00014	0.5	99188	14	99181	6733763	67.89
2000-2009	10	0.00015	0.00015	0.5	99174	15	99167	6634582	66.90
2000-2009	11	0.00015	0.00015	0.5	99160	15	99152	6535415	65.91
2000-2009	12	0.00018	0.00018	0.5	99144	18	99135	6436263	64.92
2000-2009	13	0.00022	0.00022	0.5	99126	21	99116	6337128	63.93
2000-2009	14	0.00030	0.00030	0.5	99105	30	99090	6238012	62.94
2000-2009	15	0.00042	0.00042	0.5	99075	41	99054	6138922	61.96
2000-2009	16	0.00060	0.00060	0.5	99033	59	99004	6039868	60.99
2000-2009	17	0.00081	0.00081	0.5	98974	80	98934	5940864	60.02
2000-2009	18	0.00113	0.00113	0.5	98894	112	98838	5841930	59.07
2000-2009	19	0.00126	0.00126	0.5	98782	125	98720	5743092	58.14
2000-2009	20	0.00129	0.00129	0.5	98658	127	98594	5644372	57.21
2000-2009	21	0.00133	0.00133	0.5	98531	131	98465	5545778	56.28
2000-2009	22	0.00132	0.00132	0.5	98400	130	98335	5447313	55.36
2000-2009	23	0.00125	0.00125	0.5	98270	123	98208	5348978	54.43
2000-2009	24	0.00125	0.00125	0.5	98147	123	98085	5250770	53.50
2000-2009	25	0.00121	0.00121	0.5	98024	119	97964	5152684	52.57
2000-2009	26	0.00125	0.00125	0.5	97905	122	97844	5054720	51.63
2000-2009	27	0.00123	0.00123	0.5	97783	120	97723	4956876	50.69
2000-2009	28	0.00119	0.00119	0.5	97663	116	97605	4859153	49.75
2000-2009	29	0.00121	0.00121	0.5	97547	118	97488	4761548	48.81
2000-2009	30	0.00121	0.00121	0.5	97428	118	97369	4664061	47.87
2000-2009	31	0.00130	0.00130	0.5	97311	126	97247	4566691	46.93
2000-2009	32	0.00132	0.00132	0.5	97184	128	97120	4469444	45.99
2000-2009	33	0.00138	0.00138	0.5	97056	134	96989	4372324	45.05
2000-2009	34	0.00147	0.00147	0.5	96922	142	96851	4275334	44.11
2000-2009	35	0.00155	0.00155	0.5	96780	150	96705	4178483	43.17
2000-2009	36	0.00163	0.00163	0.5	96630	158	96551	4081778	42.24
2000-2009	37	0.00172	0.00172	0.5	96473	166	96390	3985226	41.31
2000-2009	38	0.00192	0.00191	0.5	96307	184	96214	3888837	40.38
2000-2009	39	0.00204	0.00204	0.5	96122	196	96024	3792622	39.46
2000-2009	40	0.00221	0.00221	0.5	95926	212	95821	3696598	38.54
2000-2009	41	0.00242	0.00241	0.5	95715	231	95599	3600777	37.62
2000-2009	42	0.00263	0.00263	0.5	95484	251	95358	3505178	36.71
2000-2009	43	0.00282	0.00281	0.5	95233	268	95099	3409820	35.81
2000-2009	44	0.00304	0.00303	0.5	94965	288	94821	3314721	34.90
2000-2009	45	0.00332	0.00332	0.5	94677	314	94520	3219899	34.01
2000-2009	46	0.00367	0.00366	0.5	94363	346	94190	3125379	33.12
2000-2009	47	0.00395	0.00395	0.5	94017	371	93832	3031189	32.24
2000-2009	48	0.00437	0.00436	0.5	93646	408	93442	2937357	31.37
2000-2009	49	0.00464	0.00463	0.5	93238	432	93023	2843915	30.50
2000-2009	50	0.00503	0.00502	0.5	92807	466	92574	2750892	29.64
2000-2009	51	0.00535	0.00534	0.5	92341	493	92094	2658319	28.79
2000-2009	52	0.00584	0.00582	0.5	91848	534	91581	2566224	27.94
2000-2009	53	0.00631	0.00629	0.5	91313	574	91026	2474644	27.10
2000-2009	54	0.00667	0.00664	0.5	90739	603	90438	2383617	26.27
2000-2009	55	0.00723	0.00720	0.5	90136	649	89812	2293179	25.44
2000-2009	56	0.00764	0.00761	0.5	89487	681	89147	2203368	24.62
2000-2009	57	0.00817	0.00813	0.5	88806	722	88445	2114221	23.81
2000-2009	58	0.00878	0.00874	0.5	88084	770	87699	2025775	23.00
2000-2009	59	0.00965	0.00960	0.5	87314	839	86895	1938077	22.20
2000-2009	60	0.01055	0.01049	0.5	86475	907	86022	1851182	21.41
2000-2009	61	0.01118	0.01112	0.5	85568	952	85092	1765160	20.63
2000-2009	62	0.01225	0.01217	0.5	84616	1030	84101	1680068	19.86
2000-2009	63	0.01322	0.01313	0.5	83586	1098	83037	1595967	19.09
2000-2009	64	0.01450	0.01439	0.5	82488	1187	81895	1512930	18.34
2000-2009	65	0.01564	0.01552	0.5	81301	1262	80670	1431035	17.60
2000-2009	66	0.01695	0.01681	0.5	80039	1345	79367	1350365	16.87
2000-2009	67	0.01831	0.01814	0.5	78694	1428	77980	1270999	16.15
2000-2009	68	0.02003	0.01983	0.5	77266	1532	76500	1193019	15.44
2000-2009	69	0.02187	0.02163	0.5	75734	1638	74915	1116518	14.74
2000-2009	70	0.02398	0.02370	0.5	74096	1756	73218	1041603	14.06
2000-2009	71	0.02591	0.02558	0.5	72340	1850	71415	968386	13.39
2000-2009	72	0.02868	0.02827	0.5	70490	1993	69493	896971	12.72
2000-2009	73	0.03173	0.03124	0.5	68497	2140	67427	827478	12.08
2000-2009	74	0.03455	0.03396	0.5	66357	2253	65230	760051	11.45
2000-2009	75	0.03851	0.03778	0.5	64104	2422	62893	694820	10.84
2000-2009	76	0.04173	0.04087	0.5	61682	2521	60421	631927	10.24
2000-2009	77	0.04594	0.04491	0.5	59160	2657	57832	571506	9.66
2000-2009	78	0.05061	0.04936	0.5	56504	2789	55109	513674	9.09
2000-2009	79	0.05575	0.05424	0.5	53714	2913	52258	458565	8.54
2000-2009	80	0.06406	0.06208	0.5	50801	3153	49224	406308	8.00
2000-2009	81	0.07147	0.06900	0.5	47648	3288	46004	357083	7.49
2000-2009	82	0.07976	0.07670	0.5	44360	3402	42658	311080	7.01
2000-2009	83	0.08863	0.08487	0.5	40957	3476	39219	268421	6.55
2000-2009	84	0.09913	0.09445	0.5	37481	3540	35711	229202	6.12
2000-2009	85	0.10927	0.10361	0.5	33941	3517	32183	193491	5.70
2000-2009	86	0.12310	0.11597	0.5	30425	3528	28661	161308	5.30
2000-2009	87	0.13705	0.12826	0.5	26897	3450	25172	132647	4.93
2000-2009	88	0.15261	0.14179	0.5	23447	3325	21785	107475	4.58
2000-2009	89	0.17057	0.15716	0.5	20122	3162	18541	85691	4.26
2000-2009	90	0.18865	0.17239	0.5	16960	2924	15498	67150	3.96
2000-2009	91	0.20903	0.18925	0.5	14036	2656	12708	51652	3.68
2000-2009	92	0.23017	0.20641	0.5	11380	2349	10205	38944	3.42
2000-2009	93	0.25659	0.22742	0.5	9031	2054	8004	28738	3.18
2000-2009	94	0.28291	0.24785	0.5	6977	1729	6112	20734	2.97
2000-2009	95	0.30407	0.26395	0.5	5248	1385	4555	14622	2.79
2000-2009	96	0.33113	0.28410	0.5	3863	1097	3314	10067	2.61
2000-2009	97	0.35936	0.30462	0.5	2765	842	2344	6753	2.44
2000-2009	98	0.38859	0.32537	0.5	1923	626	1610	4409	2.29
2000-2009	99	0.41865	0.34618	0.5	1297	449	1073	2798	2.16
2000-2009	100	0.44932	0.36689	0.5	848	311	693	1726	2.03
2000-2009	101	0.48038	0.38735	0.5	537	208	433	1033	1.92
2000-2009	102	0.51160	0.40739	0.5	329	134	262	600	1.82
2000-2009	103	0.54272	0.42688	0.5	195	83	153	338	1.73
2000-2009	104	0.57352	0.44571	0.5	112	50	87	185	1.65
2000-2009	105	0.60375	0.46376	0.5	62	29	48	98	1.58
2000-2009	106	0.63322	0.48094	0.5	33	16	25	50	1.52
2000-2009	107	0.66171	0.49721	0.5	17	9	13	25	1.46
2000-2009	108	0.68909	0.51251	0.5	9	4	6	12	1.41
2000-2009	109	0.71520	0.52681	0.5	4	2	3	6	1.38
2000-2009	110+	0.73994	1.00000	1.35	2	2	3	3	1.35
2010-2019	0	0.00520	0.00518	0.06	100000	518	99513	7795203	77.95
2010-2019	1	0.00040	0.00040	0.5	99482	39	99463	7695690	77.36
2010-2019	2	0.00025	0.00025	0.5	99443	24	99431	7596228	76.39
2010-2019	3	0.00019	0.00019	0.5	99419	19	99409	7496797	75.41
2010-2019	4	0.00014	0.00014	0.5	99400	14	99393	7397388	74.42
2010-2019	5	0.00012	0.00012	0.5	99386	12	99380	7297995	73.43
2010-2019	6	0.00011	0.00011	0.5	99374	11	99368	7198615	72.44
2010-2019	7	0.00011	0.00011	0.5	99363	11	99357	7099247	71.45
2010-2019	8	0.00010	0.00010	0.5	99352	10	99347	6999890	70.46
2010-2019	9	0.00010	0.00010	0.5	99342	10	99336	6900543	69.46
2010-2019	10	0.00011	0.00011	0.5	99331	11	99326	6801207	68.47
2010-2019	11	0.00012	0.00012	0.5	99320	12	99314	6701881	67.48
2010-2019	12	0.00015	0.00015	0.5	99309	14	99301	6602566	66.49
2010-2019	13	0.00017	0.00017	0.5	99294	17	99286	6503265	65.50
2010-2019	14	0.00023	0.00023	0.5	99277	23	99266	6403980	64.51
2010-2019	15	0.00033	0.00033	0.5	99254	33	99238	6304714	63.52
2010-2019	16	0.00044	0.00044	0.5	99221	44	99199	6205476	62.54
2010-2019	17	0.00058	0.00057	0.5	99177	57	99149	6106277	61.57
2010-2019	18	0.00084	0.00084	0.5	99120	83	99079	6007128	60.60
2010-2019	19	0.00097	0.00097	0.5	99037	96	98989	5908050	59.66
2010-2019	20	0.00106	0.00106	0.5	98941	105	98889	5809061	58.71
2010-2019	21	0.00116	0.00116	0.5	98836	114	98779	5710172	57.77
2010-2019	22	0.00119	0.00119	0.5	98722	118	98663	5611393	56.84
2010-2019	23	0.00117	0.00116	0.5	98604	115	98547	5512730	55.91
2010-2019	24	0.00119	0.00119	0.5	98489	117	98431	5414184	54.97
2010-2019	25	0.00121	0.00121	0.5	98372	119	98312	5315753	54.04
2010-2019	26	0.00123	0.00123	0.5	98253	121	98192	5217441	53.10
2010-2019	27	0.00128	0.00128	0.5	98132	125	98069	5119248	52.17
2010-2019	28	0.00128	0.00128	0.5	98007	125	97944	5021179	51.23
2010-2019	29	0.00132	0.00132	0.5	97881	129	97817	4923235	50.30
2010-2019	30	0.00134	0.00134	0.5	97752	131	97687	4825419	49.36
2010-2019	31	0.00138	0.00138	0.5	97621	135	97554	4727732	48.43
2010-2019	32	0.00139	0.00139	0.5	97487	136	97419	4630178	47.50
2010-2019	33	0.00144	0.00144	0.5	97351	140	97281	4532759	46.56
2010-2019	34	0.00150	0.00150	0.5	97210	146	97137	4435479	45.63
2010-2019	35	0.00157	0.00156	0.5	97064	152	96988	4338341	44.70
2010-2019	36	0.00163	0.00163	0.5	96913	158	96834	4241353	43.76
2010-2019	37	0.00168	0.00168	0.5	96754	162	96673	4144519	42.84
2010-2019	38	0.00174	0.00174	0.5	96592	168	96508	4047846	41.91
2010-2019	39	0.00184	0.00183	0.5	96424	177	96336	3951338	40.98
2010-2019	40	0.00194	0.00194	0.5	96247	186	96154	3855002	40.05
2010-2019	41	0.00205	0.00205	0.5	96061	197	95962	3758848	39.13
2010-2019	42	0.00223	0.00223	0.5	95864	213	95757	3662886	38.21
2010-2019	43	0.00234	0.00234	0.5	95650	224	95538	3567129	37.29
2010-2019	44	0.00254	0.00254	0.5	95426	242	95305	3471591	36.38
2010-2019	45	0.00276	0.00276	0.5	95184	263	95053	3376286	35.47
2010-2019	46	0.00303	0.00303	0.5	94922	288	94778	3281232	34.57
2010-2019	47	0.00334	0.00334	0.5	94634	316	94476	3186454	33.67
2010-2019	48	0.00368	0.00367	0.5	94318	346	94145	3091978	32.78
2010-2019	49	0.00408	0.00407	0.5	93972	383	93781	2997833	31.90
2010-2019	50	0.00437	0.00436	0.5	93590	408	93386	2904052	31.03
2010-2019	51	0.00478	0.00477	0.5	93182	445	92959	2810666	30.16
2010-2019	52	0.00525	0.00524	0.5	92737	486	92494	2717707	29.31
2010-2019	53	0.00567	0.00565	0.5	92251	521	91991	2625213	28.46
2010-2019	54	0.00625	0.00623	0.5	91730	571	91444	2533222	27.62
2010-2019	55	0.00686	0.00683	0.5	91159	623	90847	2441778	26.79
2010-2019	56	0.00735	0.00733	0.5	90536	663	90204	2350931	25.97
2010-2019	57	0.00800	0.00797	0.5	89872	716	89514	2260727	25.15
2010-2019	58	0.00857	0.00853	0.5	89157	761	88776	2171212	24.35
2010-2019	59	0.00936	0.00932	0.5	88396	823	87984	2082436	23.56
2010-2019	60	0.00996	0.00991	0.5	87572	868	87138	1994452	22.77
2010-2019	61	0.01082	0.01076	0.5	86704	933	86238	1907314	22.00
2010-2019	62	0.01148	0.01141	0.5	85771	979	85282	1821076	21.23
2010-2019	63	0.01245	0.01238	0.5	84793	1049	84268	1735794	20.47
2010-2019	64	0.01315	0.01306	0.5	83743	1094	83196	1651526	19.72
2010-2019	65	0.01389	0.01380	0.5	82649	1140	82079	1568330	18.98
2010-2019	66	0.01502	0.01491	0.5	81509	1215	80902	1486251	18.23
2010-2019	67	0.01597	0.01585	0.5	80294	1272	79658	1405349	17.50
2010-2019	68	0.01718	0.01703	0.5	79022	1346	78348	1325691	16.78
2010-2019	69	0.01845	0.01828	0.5	77675	1420	76965	1247343	16.06
2010-2019	70	0.02012	0.01992	0.5	76255	1519	75496	1170377	15.35
2010-2019	71	0.02180	0.02157	0.5	74736	1612	73930	1094882	14.65
2010-2019	72	0.02390	0.02361	0.5	73124	1727	72261	1020951	13.96
2010-2019	73	0.02587	0.02554	0.5	71398	1824	70486	948690	13.29
2010-2019	74	0.02845	0.02805	0.5	69574	1952	68598	878204	12.62
2010-2019	75	0.03149	0.03101	0.5	67623	2097	66574	809606	11.97
2010-2019	76	0.03456	0.03398	0.5	65526	2226	64413	743032	11.34
2010-2019	77	0.03808	0.03737	0.5	63300	2366	62117	678619	10.72
2010-2019	78	0.04145	0.04061	0.5	60934	2475	59697	616502	10.12
2010-2019	79	0.04623	0.04519	0.5	58459	2642	57138	556805	9.52
2010-2019	80	0.05106	0.04978	0.5	55818	2779	54428	499667	8.95
2010-2019	81	0.05668	0.05511	0.5	53039	2923	51577	445239	8.39
2010-2019	82	0.06323	0.06129	0.5	50116	3072	48580	393662	7.86
2010-2019	83	0.07031	0.06792	0.5	47044	3195	45446	345082	7.34
2010-2019	84	0.07963	0.07658	0.5	43848	3358	42169	299636	6.83
2010-2019	85	0.08894	0.08516	0.5	40490	3448	38766	257466	6.36
2010-2019	86	0.09975	0.09501	0.5	37042	3519	35283	218700	5.90
2010-2019	87	0.11275	0.10673	0.5	33523	3578	31734	183417	5.47
2010-2019	88	0.12810	0.12039	0.5	29945	3605	28143	151683	5.07
2010-2019	89	0.14389	0.13423	0.5	26340	3536	24572	123541	4.69
2010-2019	90	0.16146	0.14940	0.5	22804	3407	21101	98969	4.34
2010-2019	91	0.18141	0.16632	0.5	19397	3226	17784	77868	4.01
2010-2019	92	0.20392	0.18505	0.5	16171	2992	14675	60084	3.72
2010-2019	93	0.22893	0.20541	0.5	13179	2707	11825	45409	3.45
2010-2019	94	0.25361	0.22507	0.5	10472	2357	9293	33584	3.21
2010-2019	95	0.27402	0.24100	0.5	8115	1956	7137	24290	2.99
2010-2019	96	0.30125	0.26181	0.5	6159	1613	5353	17153	2.79
2010-2019	97	0.32995	0.28323	0.5	4547	1288	3903	11801	2.60
2010-2019	98	0.35998	0.30507	0.5	3259	994	2762	7898	2.42
2010-2019	99	0.39115	0.32716	0.5	2265	741	1894	5136	2.27
2010-2019	100	0.42323	0.34931	0.5	1524	532	1258	3242	2.13
2010-2019	101	0.45597	0.37132	0.5	991	368	807	1984	2.00
2010-2019	102	0.48910	0.39299	0.5	623	245	501	1177	1.89
2010-2019	103	0.52232	0.41416	0.5	378	157	300	676	1.79
2010-2019	104	0.55535	0.43465	0.5	222	96	173	376	1.70
2010-2019	105	0.58789	0.45434	0.5	125	57	97	202	1.62
2010-2019	106	0.61968	0.47310	0.5	68	32	52	106	1.54
2010-2019	107	0.65048	0.49084	0.5	36	18	27	53	1.48
2010-2019	108	0.68008	0.50751	0.5	18	9	14	26	1.43
2010-2019	109	0.70829	0.52305	0.5	9	5	7	13	1.39
2010-2019	110+	0.73498	1.00000	1.36	4	4	6	6	1.36
