Reg4: , Lifetables (period 5x5), Females Last modified: 20 Dec 2020, MPv5 (May07) 

Year     	Age	mx	qx	ax	lx	dx	Lx	Tx	ex
1960-1964	0	0.02067	0.02030	0.11	100000	2030	98196	7463830	74.64
1960-1964	1-4	0.00091	0.00364	1.6	97970	356	391027	7365634	75.18
1960-1964	5-9	0.00037	0.00186	2.2	97614	181	487564	6974608	71.45
1960-1964	10-14	0.00030	0.00151	2.58	97433	147	486809	6487044	66.58
1960-1964	15-19	0.00057	0.00283	2.75	97286	276	485809	6000235	61.68
1960-1964	20-24	0.00075	0.00374	2.53	97010	363	484154	5514425	56.84
1960-1964	25-29	0.00084	0.00420	2.55	96647	406	482239	5030272	52.05
1960-1964	30-34	0.00117	0.00584	2.62	96241	562	479869	4548032	47.26
1960-1964	35-39	0.00172	0.00855	2.67	95679	818	476492	4068163	42.52
1960-1964	40-44	0.00259	0.01288	2.7	94861	1222	471490	3591672	37.86
1960-1964	45-49	0.00405	0.02007	2.66	93639	1880	463804	3120182	33.32
1960-1964	50-54	0.00601	0.02963	2.65	91760	2719	452401	2656378	28.95
1960-1964	55-59	0.00841	0.04125	2.63	89041	3673	436494	2203977	24.75
1960-1964	60-64	0.01254	0.06093	2.66	85368	5201	414692	1767483	20.70
1960-1964	65-69	0.01946	0.09302	2.63	80166	7457	383142	1352791	16.87
1960-1964	70-74	0.03187	0.14822	2.65	72709	10777	338194	969649	13.34
1960-1964	75-79	0.05322	0.23587	2.59	61932	14608	274503	631454	10.20
1960-1964	80-84	0.08895	0.36501	2.54	47324	17274	194192	356951	7.54
1960-1964	85-89	0.14825	0.53442	2.39	30050	16059	108324	162759	5.42
1960-1964	90-94	0.22939	0.69773	2.19	13991	9762	42555	54435	3.89
1960-1964	95-99	0.33890	0.83489	1.96	4229	3531	10418	11881	2.81
1960-1964	100-104	0.46874	0.91985	1.7	698	642	1370	1462	2.09
1960-1964	105-109	0.60373	0.96230	1.46	56	54	89	92	1.65
1960-1964	110+	0.70908	1.00000	1.41	2	2	3	3	1.41
1965-1969	0	0.01777	0.01749	0.1	100000	1749	98431	7514157	75.14
1965-1969	1-4	0.00082	0.00326	1.61	98251	320	392239	7415726	75.48
1965-1969	5-9	0.00035	0.00175	2.26	97931	171	489185	7023487	71.72
1965-1969	10-14	0.00030	0.00148	2.67	97760	145	488461	6534302	66.84
1965-1969	15-19	0.00061	0.00306	2.76	97615	299	487404	6045842	61.94
1965-1969	20-24	0.00075	0.00373	2.52	97316	363	485679	5558438	57.12
1965-1969	25-29	0.00088	0.00437	2.57	96953	424	483735	5072759	52.32
1965-1969	30-34	0.00117	0.00582	2.67	96529	562	481333	4589023	47.54
1965-1969	35-39	0.00170	0.00848	2.68	95967	814	477943	4107691	42.80
1965-1969	40-44	0.00263	0.01305	2.66	95153	1241	472866	3629748	38.15
1965-1969	45-49	0.00399	0.01976	2.65	93912	1856	465199	3156882	33.62
1965-1969	50-54	0.00595	0.02933	2.65	92056	2700	453925	2691683	29.24
1965-1969	55-59	0.00856	0.04192	2.63	89356	3746	437881	2237758	25.04
1965-1969	60-64	0.01231	0.05978	2.62	85609	5117	415856	1799876	21.02
1965-1969	65-69	0.01891	0.09052	2.64	80492	7286	385242	1384020	17.19
1965-1969	70-74	0.03066	0.14298	2.64	73206	10467	341330	998778	13.64
1965-1969	75-79	0.05131	0.22833	2.59	62739	14325	279193	657447	10.48
1965-1969	80-84	0.08373	0.34759	2.56	48414	16828	200981	378254	7.81
1965-1969	85-89	0.14115	0.51701	2.41	31586	16330	115692	177273	5.61
1965-1969	90-94	0.21882	0.67997	2.22	15256	10373	47406	61581	4.04
1965-1969	95-99	0.32628	0.82302	1.99	4882	4018	12315	14175	2.90
1965-1969	100-104	0.45509	0.91355	1.72	864	789	1735	1860	2.15
1965-1969	105-109	0.59087	0.95952	1.48	75	72	121	126	1.68
1965-1969	110+	0.69785	1.00000	1.43	3	3	4	4	1.43
1970-1974	0	0.01442	0.01424	0.09	100000	1424	98709	7608397	76.08
1970-1974	1-4	0.00072	0.00287	1.64	98576	283	393637	7509688	76.18
1970-1974	5-9	0.00032	0.00161	2.23	98293	159	491026	7116051	72.40
1970-1974	10-14	0.00028	0.00142	2.73	98134	139	490357	6625026	67.51
1970-1974	15-19	0.00065	0.00326	2.77	97995	320	489263	6134669	62.60
1970-1974	20-24	0.00078	0.00390	2.5	97676	381	487426	5645406	57.80
1970-1974	25-29	0.00084	0.00418	2.58	97295	407	485490	5157979	53.01
1970-1974	30-34	0.00107	0.00531	2.59	96888	515	483200	4672489	48.23
1970-1974	35-39	0.00162	0.00808	2.62	96373	779	480014	4189289	43.47
1970-1974	40-44	0.00243	0.01208	2.64	95594	1155	475251	3709274	38.80
1970-1974	45-49	0.00386	0.01911	2.64	94439	1805	467937	3234023	34.24
1970-1974	50-54	0.00561	0.02769	2.64	92635	2565	457125	2766086	29.86
1970-1974	55-59	0.00834	0.04092	2.65	90070	3685	441697	2308961	25.64
1970-1974	60-64	0.01209	0.05878	2.63	86384	5078	419904	1867264	21.62
1970-1974	65-69	0.01756	0.08425	2.62	81307	6850	390196	1447360	17.80
1970-1974	70-74	0.02825	0.13239	2.63	74456	9858	348939	1057164	14.20
1970-1974	75-79	0.04691	0.21088	2.61	64599	13623	290421	708225	10.96
1970-1974	80-84	0.07710	0.32451	2.56	50976	16542	214550	417804	8.20
1970-1974	85-89	0.13020	0.48810	2.44	34434	16807	129082	203255	5.90
1970-1974	90-94	0.20782	0.66166	2.26	17627	11663	56122	74173	4.21
1970-1974	95-99	0.31078	0.80737	2.02	5964	4815	15493	18051	3.03
1970-1974	100-104	0.43874	0.90541	1.76	1149	1040	2371	2558	2.23
1970-1974	105-109	0.57595	0.95607	1.51	109	104	180	187	1.72
1970-1974	110+	0.68522	1.00000	1.46	5	5	7	7	1.46
1975-1979	0	0.01150	0.01138	0.09	100000	1138	98959	7779122	77.79
1975-1979	1-4	0.00062	0.00248	1.56	98862	245	394850	7680162	77.69
1975-1979	5-9	0.00027	0.00135	2.33	98617	133	492730	7285312	73.87
1975-1979	10-14	0.00024	0.00118	2.67	98484	117	492149	6792582	68.97
1975-1979	15-19	0.00059	0.00296	2.71	98367	291	491172	6300433	64.05
1975-1979	20-24	0.00073	0.00363	2.53	98077	356	489506	5809262	59.23
1975-1979	25-29	0.00075	0.00375	2.55	97721	366	487708	5319756	54.44
1975-1979	30-34	0.00091	0.00453	2.62	97355	441	485722	4832048	49.63
1975-1979	35-39	0.00128	0.00637	2.65	96913	617	483118	4346326	44.85
1975-1979	40-44	0.00207	0.01032	2.68	96296	994	479178	3863208	40.12
1975-1979	45-49	0.00324	0.01606	2.66	95302	1530	472934	3384030	35.51
1975-1979	50-54	0.00495	0.02448	2.65	93772	2296	463455	2911096	31.04
1975-1979	55-59	0.00743	0.03650	2.65	91476	3339	449548	2447640	26.76
1975-1979	60-64	0.01108	0.05398	2.64	88137	4758	429461	1998092	22.67
1975-1979	65-69	0.01604	0.07729	2.64	83379	6444	401667	1568630	18.81
1975-1979	70-74	0.02474	0.11683	2.63	76935	8989	363369	1166963	15.17
1975-1979	75-79	0.04027	0.18383	2.63	67947	12491	310142	803594	11.83
1975-1979	80-84	0.06705	0.28860	2.59	55456	16005	238696	493452	8.90
1975-1979	85-89	0.11301	0.43985	2.48	39451	17353	153552	254756	6.46
1975-1979	90-94	0.18605	0.61865	2.29	22099	13671	73483	101204	4.58
1975-1979	95-99	0.28159	0.77387	2.09	8427	6522	23160	27721	3.29
1975-1979	100-104	0.40542	0.88617	1.82	1906	1689	4165	4561	2.39
1975-1979	105-109	0.54282	0.94719	1.56	217	205	379	396	1.83
1975-1979	110+	0.65478	1.00000	1.53	11	11	17	17	1.53
1980-1984	0	0.00916	0.00909	0.08	100000	909	99163	7856510	78.57
1980-1984	1-4	0.00051	0.00204	1.53	99091	202	395867	7757348	78.28
1980-1984	5-9	0.00024	0.00118	2.4	98890	116	494146	7361481	74.44
1980-1984	10-14	0.00022	0.00110	2.74	98773	108	493622	6867335	69.53
1980-1984	15-19	0.00053	0.00263	2.74	98665	260	492738	6373713	64.60
1980-1984	20-24	0.00061	0.00306	2.49	98405	301	491271	5880975	59.76
1980-1984	25-29	0.00065	0.00324	2.54	98104	318	489740	5389704	54.94
1980-1984	30-34	0.00077	0.00386	2.6	97787	377	488028	4899963	50.11
1980-1984	35-39	0.00111	0.00552	2.67	97409	538	485791	4411936	45.29
1980-1984	40-44	0.00177	0.00884	2.68	96871	856	482368	3926144	40.53
1980-1984	45-49	0.00285	0.01418	2.69	96015	1361	476929	3443777	35.87
1980-1984	50-54	0.00447	0.02211	2.66	94654	2093	468379	2966848	31.34
1980-1984	55-59	0.00699	0.03438	2.67	92561	3182	455402	2498469	26.99
1980-1984	60-64	0.01066	0.05199	2.63	89379	4647	435895	2043067	22.86
1980-1984	65-69	0.01601	0.07712	2.63	84732	6535	408161	1607172	18.97
1980-1984	70-74	0.02480	0.11712	2.63	78197	9158	369284	1199011	15.33
1980-1984	75-79	0.03878	0.17741	2.6	69039	12248	315841	829727	12.02
1980-1984	80-84	0.06548	0.28258	2.58	56790	16048	245097	513886	9.05
1980-1984	85-89	0.10987	0.43028	2.48	40742	17531	159559	268789	6.60
1980-1984	90-94	0.17896	0.60538	2.33	23212	14052	78518	109230	4.71
1980-1984	95-99	0.27525	0.76581	2.1	9160	7015	25485	30712	3.35
1980-1984	100-104	0.39754	0.88102	1.84	2145	1890	4754	5227	2.44
1980-1984	105-109	0.53429	0.94458	1.58	255	241	451	473	1.85
1980-1984	110+	0.64633	1.00000	1.55	14	14	22	22	1.55
1985-1989	0	0.00830	0.00823	0.08	100000	823	99239	7895922	78.96
1985-1989	1-4	0.00045	0.00180	1.53	99177	178	396267	7796683	78.61
1985-1989	5-9	0.00019	0.00096	2.34	98998	95	494740	7400416	74.75
1985-1989	10-14	0.00020	0.00098	2.81	98904	97	494305	6905677	69.82
1985-1989	15-19	0.00050	0.00251	2.67	98807	248	493455	6411371	64.89
1985-1989	20-24	0.00054	0.00271	2.53	98558	267	492130	5917916	60.04
1985-1989	25-29	0.00062	0.00307	2.54	98291	302	490711	5425786	55.20
1985-1989	30-34	0.00075	0.00374	2.63	97989	366	489076	4935075	50.36
1985-1989	35-39	0.00105	0.00525	2.62	97622	512	486890	4445999	45.54
1985-1989	40-44	0.00159	0.00792	2.69	97110	769	483776	3959110	40.77
1985-1989	45-49	0.00258	0.01281	2.7	96341	1234	478864	3475334	36.07
1985-1989	50-54	0.00419	0.02076	2.67	95107	1975	470941	2996470	31.51
1985-1989	55-59	0.00664	0.03271	2.67	93132	3047	458556	2525528	27.12
1985-1989	60-64	0.01043	0.05089	2.63	90085	4585	439584	2066973	22.94
1985-1989	65-69	0.01557	0.07511	2.64	85501	6422	412320	1627389	19.03
1985-1989	70-74	0.02453	0.11592	2.63	79079	9167	373707	1215068	15.37
1985-1989	75-79	0.03853	0.17637	2.6	69912	12331	319994	841361	12.03
1985-1989	80-84	0.06453	0.27915	2.58	57582	16074	249072	521368	9.05
1985-1989	85-89	0.11014	0.43168	2.5	41508	17918	162685	272295	6.56
1985-1989	90-94	0.18149	0.61137	2.33	23590	14422	79465	109610	4.65
1985-1989	95-99	0.28135	0.77399	2.09	9168	7096	25220	30145	3.29
1985-1989	100-104	0.40831	0.88834	1.82	2072	1841	4508	4926	2.38
1985-1989	105-109	0.54911	0.94922	1.55	231	220	400	418	1.81
1985-1989	110+	0.66345	1.00000	1.51	12	12	18	18	1.51
1990-1994	0	0.00677	0.00673	0.07	100000	673	99375	7971136	79.71
1990-1994	1-4	0.00038	0.00151	1.59	99327	150	396947	7871761	79.25
1990-1994	5-9	0.00017	0.00083	2.32	99177	82	495667	7474814	75.37
1990-1994	10-14	0.00019	0.00095	2.86	99095	95	495274	6979147	70.43
1990-1994	15-19	0.00045	0.00225	2.68	99001	223	494485	6483873	65.49
1990-1994	20-24	0.00049	0.00245	2.51	98777	242	493283	5989388	60.64
1990-1994	25-29	0.00055	0.00275	2.58	98535	271	492020	5496105	55.78
1990-1994	30-34	0.00073	0.00365	2.65	98264	359	490478	5004085	50.92
1990-1994	35-39	0.00105	0.00522	2.64	97905	511	488319	4513607	46.10
1990-1994	40-44	0.00153	0.00760	2.67	97394	740	485243	4025289	41.33
1990-1994	45-49	0.00241	0.01198	2.66	96653	1158	480564	3540046	36.63
1990-1994	50-54	0.00388	0.01920	2.67	95496	1834	473216	3059482	32.04
1990-1994	55-59	0.00619	0.03054	2.68	93662	2860	461683	2586266	27.61
1990-1994	60-64	0.00971	0.04748	2.63	90802	4311	443780	2124583	23.40
1990-1994	65-69	0.01487	0.07186	2.65	86491	6215	417859	1680803	19.43
1990-1994	70-74	0.02318	0.10989	2.63	80275	8821	380487	1262944	15.73
1990-1994	75-79	0.03664	0.16844	2.61	71454	12036	328483	882457	12.35
1990-1994	80-84	0.06132	0.26713	2.59	59418	15873	258848	553974	9.32
1990-1994	85-89	0.10371	0.41190	2.5	43546	17936	172948	295126	6.78
1990-1994	90-94	0.17509	0.59897	2.36	25609	15339	87607	122177	4.77
1990-1994	95-99	0.27336	0.76403	2.11	10270	7847	28705	34570	3.37
1990-1994	100-104	0.40027	0.88338	1.84	2423	2141	5349	5865	2.42
1990-1994	105-109	0.54237	0.94737	1.57	283	268	494	516	1.83
1990-1994	110+	0.65835	1.00000	1.52	15	15	23	23	1.52
1995-1999	0	0.00580	0.00577	0.07	100000	577	99463	8008125	80.08
1995-1999	1-4	0.00030	0.00121	1.57	99423	121	397399	7908661	79.55
1995-1999	5-9	0.00015	0.00074	2.42	99302	73	496323	7511262	75.64
1995-1999	10-14	0.00017	0.00084	2.78	99229	84	495960	7014939	70.69
1995-1999	15-19	0.00040	0.00199	2.69	99145	197	495271	6518979	65.75
1995-1999	20-24	0.00045	0.00223	2.47	98948	221	494182	6023708	60.88
1995-1999	25-29	0.00049	0.00243	2.57	98727	240	493052	5529526	56.01
1995-1999	30-34	0.00068	0.00342	2.68	98487	336	491654	5036474	51.14
1995-1999	35-39	0.00101	0.00506	2.68	98151	497	489604	4544820	46.30
1995-1999	40-44	0.00155	0.00770	2.66	97654	752	486511	4055216	41.53
1995-1999	45-49	0.00228	0.01135	2.67	96902	1099	481947	3568705	36.83
1995-1999	50-54	0.00359	0.01779	2.69	95803	1704	475076	3086758	32.22
1995-1999	55-59	0.00575	0.02836	2.68	94098	2668	464303	2611682	27.75
1995-1999	60-64	0.00927	0.04537	2.67	91430	4148	447476	2147379	23.49
1995-1999	65-69	0.01415	0.06846	2.64	87282	5975	422307	1699903	19.48
1995-1999	70-74	0.02267	0.10757	2.63	81307	8746	385804	1277596	15.71
1995-1999	75-79	0.03576	0.16476	2.62	72560	11955	334338	891792	12.29
1995-1999	80-84	0.06197	0.26968	2.6	60605	16344	263752	557454	9.20
1995-1999	85-89	0.10623	0.42009	2.51	44261	18593	175024	293703	6.64
1995-1999	90-94	0.18154	0.61182	2.34	25668	15704	86505	118679	4.62
1995-1999	95-99	0.28686	0.78155	2.09	9964	7787	27146	32174	3.23
1995-1999	100-104	0.42102	0.89665	1.8	2177	1952	4635	5028	2.31
1995-1999	105-109	0.56847	0.95479	1.52	225	215	378	393	1.75
1995-1999	110+	0.68660	1.00000	1.46	10	10	15	15	1.46
2000-2004	0	0.00529	0.00527	0.07	100000	527	99509	8056591	80.57
2000-2004	1-4	0.00026	0.00106	1.63	99473	105	397644	7957082	79.99
2000-2004	5-9	0.00013	0.00064	2.36	99368	64	496672	7559438	76.08
2000-2004	10-14	0.00015	0.00073	2.83	99304	73	496364	7062766	71.12
2000-2004	15-19	0.00036	0.00181	2.8	99231	179	495762	6566403	66.17
2000-2004	20-24	0.00041	0.00207	2.46	99052	205	494740	6070641	61.29
2000-2004	25-29	0.00045	0.00226	2.55	98847	224	493688	5575900	56.41
2000-2004	30-34	0.00062	0.00310	2.7	98624	306	492414	5082212	51.53
2000-2004	35-39	0.00098	0.00491	2.7	98318	482	490482	4589798	46.68
2000-2004	40-44	0.00157	0.00780	2.68	97835	764	487410	4099316	41.90
2000-2004	45-49	0.00234	0.01165	2.65	97072	1131	482705	3611906	37.21
2000-2004	50-54	0.00343	0.01702	2.66	95941	1633	475877	3129201	32.62
2000-2004	55-59	0.00529	0.02611	2.68	94308	2462	465814	2653324	28.13
2000-2004	60-64	0.00849	0.04161	2.66	91845	3822	450283	2187509	23.82
2000-2004	65-69	0.01322	0.06411	2.65	88023	5643	426841	1737227	19.74
2000-2004	70-74	0.02102	0.10016	2.65	82380	8251	392483	1310385	15.91
2000-2004	75-79	0.03427	0.15848	2.63	74129	11748	342835	917902	12.38
2000-2004	80-84	0.06058	0.26456	2.61	62381	16503	272417	575067	9.22
2000-2004	85-89	0.10630	0.42040	2.51	45877	19287	181445	302650	6.60
2000-2004	90-94	0.18431	0.61853	2.34	26590	16447	89236	121205	4.56
2000-2004	95-99	0.29483	0.79160	2.08	10144	8030	27235	31970	3.15
2000-2004	100-104	0.43525	0.90506	1.77	2114	1913	4396	4735	2.24
2000-2004	105-109	0.58765	0.95964	1.49	201	193	328	339	1.69
2000-2004	110+	0.70786	1.00000	1.41	8	8	11	11	1.41
2005-2009	0	0.00515	0.00513	0.07	100000	513	99522	8148475	81.48
2005-2009	1-4	0.00024	0.00096	1.56	99487	95	397716	8048953	80.90
2005-2009	5-9	0.00012	0.00060	2.42	99392	60	496806	7651237	76.98
2005-2009	10-14	0.00013	0.00063	2.72	99332	63	496518	7154431	72.03
2005-2009	15-19	0.00032	0.00162	2.76	99270	160	495989	6657913	67.07
2005-2009	20-24	0.00043	0.00214	2.49	99109	213	495012	6161924	62.17
2005-2009	25-29	0.00048	0.00239	2.59	98897	237	493912	5666912	57.30
2005-2009	30-34	0.00062	0.00310	2.61	98660	306	492569	5173000	52.43
2005-2009	35-39	0.00091	0.00456	2.69	98354	449	490734	4680431	47.59
2005-2009	40-44	0.00146	0.00727	2.7	97905	712	487888	4189698	42.79
2005-2009	45-49	0.00233	0.01156	2.65	97193	1124	483329	3701810	38.09
2005-2009	50-54	0.00340	0.01689	2.63	96069	1622	476504	3218481	33.50
2005-2009	55-59	0.00484	0.02392	2.65	94447	2259	466929	2741977	29.03
2005-2009	60-64	0.00747	0.03672	2.67	92188	3385	453044	2275048	24.68
2005-2009	65-69	0.01157	0.05634	2.65	88803	5003	432274	1822003	20.52
2005-2009	70-74	0.01873	0.08972	2.66	83800	7518	401424	1389729	16.58
2005-2009	75-79	0.03074	0.14330	2.64	76282	10932	355619	988305	12.96
2005-2009	80-84	0.05402	0.23936	2.62	65350	15642	289542	632686	9.68
2005-2009	85-89	0.09787	0.39443	2.54	49708	19606	200324	343145	6.90
2005-2009	90-94	0.17356	0.59521	2.36	30102	17917	103229	142821	4.74
2005-2009	95-99	0.28374	0.77898	2.11	12185	9492	33453	39592	3.25
2005-2009	100-104	0.42675	0.90090	1.79	2693	2426	5685	6139	2.28
2005-2009	105-109	0.58390	0.95904	1.5	267	256	438	454	1.70
2005-2009	110+	0.70824	1.00000	1.41	11	11	15	15	1.41
2010-2014	0	0.00448	0.00446	0.07	100000	446	99584	8242276	82.42
2010-2014	1-4	0.00020	0.00081	1.58	99554	81	398022	8142692	81.79
2010-2014	5-9	0.00009	0.00046	2.31	99474	46	497245	7744670	77.86
2010-2014	10-14	0.00011	0.00054	2.81	99428	54	497021	7247425	72.89
2010-2014	15-19	0.00025	0.00125	2.86	99374	124	496605	6750404	67.93
2010-2014	20-24	0.00040	0.00198	2.56	99250	196	495772	6253799	63.01
2010-2014	25-29	0.00047	0.00237	2.59	99054	235	494702	5758027	58.13
2010-2014	30-34	0.00062	0.00311	2.61	98819	307	493360	5263325	53.26
2010-2014	35-39	0.00086	0.00430	2.64	98512	424	491559	4769965	48.42
2010-2014	40-44	0.00133	0.00663	2.68	98088	650	488931	4278406	43.62
2010-2014	45-49	0.00212	0.01054	2.7	97438	1027	484824	3789475	38.89
2010-2014	50-54	0.00327	0.01622	2.64	96410	1563	478368	3304651	34.28
2010-2014	55-59	0.00470	0.02325	2.63	94847	2205	468999	2826283	29.80
2010-2014	60-64	0.00686	0.03376	2.65	92642	3128	455868	2357284	25.45
2010-2014	65-69	0.01036	0.05057	2.66	89514	4527	436988	1901415	21.24
2010-2014	70-74	0.01664	0.08008	2.65	84987	6806	408975	1464427	17.23
2010-2014	75-79	0.02795	0.13112	2.65	78182	10251	366808	1055452	13.50
2010-2014	80-84	0.04889	0.21918	2.64	67931	14889	304537	688644	10.14
2010-2014	85-89	0.08964	0.36798	2.57	53042	19518	217744	384107	7.24
2010-2014	90-94	0.16255	0.57078	2.39	33524	19135	117718	166364	4.96
2010-2014	95-99	0.27002	0.76185	2.14	14389	10962	40598	48646	3.38
2010-2014	100-104	0.41287	0.89313	1.82	3427	3061	7413	8047	2.35
2010-2014	105-109	0.57264	0.95653	1.52	366	350	612	634	1.73
2010-2014	110+	0.70033	1.00000	1.43	16	16	23	23	1.43
2015-2019	0	0.00420	0.00419	0.06	100000	419	99608	8277290	82.77
2015-2019	1-4	0.00018	0.00073	1.6	99581	73	398150	8177682	82.12
2015-2019	5-9	0.00009	0.00046	2.38	99508	45	497423	7779532	78.18
2015-2019	10-14	0.00011	0.00057	2.81	99463	57	497190	7282109	73.21
2015-2019	15-19	0.00027	0.00136	2.83	99406	135	496738	6784919	68.25
2015-2019	20-24	0.00042	0.00210	2.57	99271	208	495850	6288181	63.34
2015-2019	25-29	0.00052	0.00262	2.59	99063	259	494690	5792330	58.47
2015-2019	30-34	0.00071	0.00357	2.61	98804	352	493177	5297641	53.62
2015-2019	35-39	0.00097	0.00484	2.63	98451	477	491123	4804464	48.80
2015-2019	40-44	0.00132	0.00659	2.63	97974	646	488338	4313340	44.03
2015-2019	45-49	0.00204	0.01014	2.67	97328	987	484342	3825002	39.30
2015-2019	50-54	0.00317	0.01571	2.66	96341	1514	478170	3340660	34.68
2015-2019	55-59	0.00475	0.02347	2.64	94828	2225	468890	2862490	30.19
2015-2019	60-64	0.00684	0.03367	2.63	92603	3118	455621	2393600	25.85
2015-2019	65-69	0.00993	0.04850	2.65	89485	4340	437211	1937979	21.66
2015-2019	70-74	0.01584	0.07637	2.67	85144	6503	410564	1500768	17.63
2015-2019	75-79	0.02658	0.12513	2.66	78642	9840	370193	1090204	13.86
2015-2019	80-84	0.04614	0.20799	2.64	68802	14310	310175	720011	10.47
2015-2019	85-89	0.08347	0.34732	2.58	54492	18926	226730	409836	7.52
2015-2019	90-94	0.15413	0.55117	2.42	35566	19603	127186	183106	5.15
2015-2019	95-99	0.25832	0.74593	2.17	15963	11907	46096	55920	3.50
2015-2019	100-104	0.39885	0.88439	1.85	4056	3587	8993	9825	2.42
2015-2019	105-109	0.55864	0.95300	1.54	469	447	800	832	1.77
2015-2019	110+	0.68792	1.00000	1.45	22	22	32	32	1.45
