Reg4: , Lifetables (period 1x10), Both sexes Last modified: 20 Dec 2020, MPv5 (May07) 

Year     	Age	mx	qx	ax	lx	dx	Lx	Tx	ex
1960-1969	0	0.02265	0.02220	0.11	100000	2220	98027	7107266	71.07
1960-1969	1	0.00155	0.00154	0.5	97780	151	97704	7009239	71.68
1960-1969	2	0.00098	0.00098	0.5	97629	96	97581	6911535	70.79
1960-1969	3	0.00075	0.00075	0.5	97533	73	97496	6813954	69.86
1960-1969	4	0.00062	0.00062	0.5	97460	61	97429	6716458	68.92
1960-1969	5	0.00054	0.00054	0.5	97399	52	97373	6619028	67.96
1960-1969	6	0.00047	0.00047	0.5	97347	45	97324	6521656	66.99
1960-1969	7	0.00042	0.00042	0.5	97301	41	97281	6424331	66.03
1960-1969	8	0.00039	0.00039	0.5	97261	38	97242	6327050	65.05
1960-1969	9	0.00035	0.00035	0.5	97223	34	97207	6229808	64.08
1960-1969	10	0.00033	0.00033	0.5	97190	33	97173	6132601	63.10
1960-1969	11	0.00035	0.00035	0.5	97157	34	97140	6035428	62.12
1960-1969	12	0.00037	0.00037	0.5	97123	36	97105	5938288	61.14
1960-1969	13	0.00044	0.00044	0.5	97087	42	97066	5841182	60.16
1960-1969	14	0.00051	0.00051	0.5	97045	49	97020	5744116	59.19
1960-1969	15	0.00065	0.00065	0.5	96996	63	96964	5647096	58.22
1960-1969	16	0.00087	0.00087	0.5	96933	84	96891	5550132	57.26
1960-1969	17	0.00103	0.00103	0.5	96849	100	96799	5453241	56.31
1960-1969	18	0.00122	0.00122	0.5	96749	118	96690	5356441	55.36
1960-1969	19	0.00130	0.00130	0.5	96631	126	96568	5259751	54.43
1960-1969	20	0.00133	0.00133	0.5	96505	129	96441	5163183	53.50
1960-1969	21	0.00141	0.00141	0.5	96377	136	96309	5066742	52.57
1960-1969	22	0.00139	0.00139	0.5	96241	134	96174	4970433	51.65
1960-1969	23	0.00138	0.00138	0.5	96107	133	96041	4874259	50.72
1960-1969	24	0.00130	0.00130	0.5	95975	125	95912	4778218	49.79
1960-1969	25	0.00135	0.00135	0.5	95850	130	95785	4682305	48.85
1960-1969	26	0.00131	0.00131	0.5	95720	125	95658	4586520	47.92
1960-1969	27	0.00134	0.00134	0.5	95595	128	95531	4490863	46.98
1960-1969	28	0.00138	0.00137	0.5	95467	131	95401	4395332	46.04
1960-1969	29	0.00141	0.00140	0.5	95336	134	95269	4299931	45.10
1960-1969	30	0.00145	0.00144	0.5	95202	138	95133	4204662	44.17
1960-1969	31	0.00150	0.00150	0.5	95064	143	94993	4109529	43.23
1960-1969	32	0.00161	0.00161	0.5	94922	153	94845	4014536	42.29
1960-1969	33	0.00173	0.00172	0.5	94769	163	94687	3919690	41.36
1960-1969	34	0.00178	0.00178	0.5	94605	168	94521	3825003	40.43
1960-1969	35	0.00190	0.00190	0.5	94437	180	94347	3730482	39.50
1960-1969	36	0.00206	0.00205	0.5	94257	194	94161	3636135	38.58
1960-1969	37	0.00221	0.00221	0.5	94064	208	93960	3541975	37.66
1960-1969	38	0.00242	0.00242	0.5	93856	227	93743	3448015	36.74
1960-1969	39	0.00267	0.00267	0.5	93629	250	93504	3354272	35.83
1960-1969	40	0.00287	0.00287	0.5	93379	268	93246	3260768	34.92
1960-1969	41	0.00306	0.00305	0.5	93112	284	92970	3167522	34.02
1960-1969	42	0.00347	0.00346	0.5	92828	321	92667	3074553	33.12
1960-1969	43	0.00379	0.00378	0.5	92506	350	92331	2981886	32.23
1960-1969	44	0.00418	0.00417	0.5	92156	384	91964	2889555	31.35
1960-1969	45	0.00453	0.00452	0.5	91772	414	91565	2797590	30.48
1960-1969	46	0.00490	0.00489	0.5	91358	447	91134	2706025	29.62
1960-1969	47	0.00544	0.00542	0.5	90911	493	90664	2614891	28.76
1960-1969	48	0.00591	0.00589	0.5	90418	533	90151	2524227	27.92
1960-1969	49	0.00654	0.00652	0.5	89885	586	89592	2434075	27.08
1960-1969	50	0.00713	0.00710	0.5	89299	634	88982	2344483	26.25
1960-1969	51	0.00784	0.00780	0.5	88665	692	88319	2255501	25.44
1960-1969	52	0.00850	0.00847	0.5	87973	745	87601	2167182	24.63
1960-1969	53	0.00938	0.00933	0.5	87228	814	86821	2079581	23.84
1960-1969	54	0.01014	0.01009	0.5	86414	872	85978	1992760	23.06
1960-1969	55	0.01091	0.01085	0.5	85542	928	85078	1906782	22.29
1960-1969	56	0.01189	0.01182	0.5	84614	1000	84114	1821705	21.53
1960-1969	57	0.01291	0.01283	0.5	83614	1073	83078	1737591	20.78
1960-1969	58	0.01399	0.01389	0.5	82541	1147	81968	1654513	20.04
1960-1969	59	0.01505	0.01494	0.5	81394	1216	80786	1572545	19.32
1960-1969	60	0.01624	0.01611	0.5	80178	1291	79533	1491759	18.61
1960-1969	61	0.01742	0.01727	0.5	78887	1362	78206	1412227	17.90
1960-1969	62	0.01943	0.01924	0.5	77525	1491	76779	1334021	17.21
1960-1969	63	0.02055	0.02034	0.5	76033	1546	75260	1257242	16.54
1960-1969	64	0.02228	0.02203	0.5	74487	1641	73666	1181982	15.87
1960-1969	65	0.02457	0.02427	0.5	72846	1768	71962	1108316	15.21
1960-1969	66	0.02603	0.02569	0.5	71077	1826	70164	1036354	14.58
1960-1969	67	0.02830	0.02791	0.5	69251	1933	68285	966190	13.95
1960-1969	68	0.03051	0.03005	0.5	67319	2023	66307	897905	13.34
1960-1969	69	0.03270	0.03217	0.5	65296	2101	64245	831598	12.74
1960-1969	70	0.03610	0.03546	0.5	63195	2241	62075	767352	12.14
1960-1969	71	0.03837	0.03765	0.5	60954	2295	59806	705278	11.57
1960-1969	72	0.04295	0.04205	0.5	58659	2466	57426	645471	11.00
1960-1969	73	0.04621	0.04517	0.5	56193	2538	54924	588045	10.46
1960-1969	74	0.05061	0.04936	0.5	53655	2648	52330	533122	9.94
1960-1969	75	0.05560	0.05410	0.5	51006	2759	49626	480792	9.43
1960-1969	76	0.05966	0.05793	0.5	48247	2795	46849	431165	8.94
1960-1969	77	0.06465	0.06263	0.5	45452	2847	44028	384316	8.46
1960-1969	78	0.07048	0.06808	0.5	42605	2900	41155	340288	7.99
1960-1969	79	0.07734	0.07446	0.5	39705	2956	38226	299133	7.53
1960-1969	80	0.08485	0.08139	0.5	36748	2991	35253	260906	7.10
1960-1969	81	0.08990	0.08604	0.5	33757	2904	32305	225654	6.68
1960-1969	82	0.10137	0.09648	0.5	30853	2977	29364	193349	6.27
1960-1969	83	0.11273	0.10671	0.5	27876	2975	26389	163984	5.88
1960-1969	84	0.12409	0.11684	0.5	24901	2909	23447	137596	5.53
1960-1969	85	0.13490	0.12638	0.5	21992	2779	20602	114149	5.19
1960-1969	86	0.14847	0.13821	0.5	19213	2655	17885	93547	4.87
1960-1969	87	0.16520	0.15259	0.5	16557	2527	15294	75662	4.57
1960-1969	88	0.17615	0.16189	0.5	14031	2271	12895	60368	4.30
1960-1969	89	0.19342	0.17637	0.5	11759	2074	10722	47473	4.04
1960-1969	90	0.21249	0.19208	0.5	9685	1860	8755	36751	3.79
1960-1969	91	0.22433	0.20171	0.5	7825	1578	7036	27996	3.58
1960-1969	92	0.24425	0.21767	0.5	6247	1360	5567	20960	3.36
1960-1969	93	0.26841	0.23665	0.5	4887	1156	4309	15393	3.15
1960-1969	94	0.28240	0.24746	0.5	3730	923	3269	11085	2.97
1960-1969	95	0.31110	0.26922	0.5	2807	756	2429	7816	2.78
1960-1969	96	0.33450	0.28657	0.5	2052	588	1758	5387	2.63
1960-1969	97	0.35878	0.30421	0.5	1464	445	1241	3629	2.48
1960-1969	98	0.38385	0.32204	0.5	1018	328	854	2388	2.34
1960-1969	99	0.40960	0.33997	0.5	690	235	573	1534	2.22
1960-1969	100	0.43589	0.35789	0.5	456	163	374	961	2.11
1960-1969	101	0.46259	0.37570	0.5	293	110	238	586	2.00
1960-1969	102	0.48955	0.39328	0.5	183	72	147	349	1.91
1960-1969	103	0.51660	0.41055	0.5	111	46	88	202	1.82
1960-1969	104	0.54358	0.42741	0.5	65	28	51	114	1.74
1960-1969	105	0.57034	0.44379	0.5	37	17	29	63	1.67
1960-1969	106	0.59673	0.45960	0.5	21	10	16	33	1.61
1960-1969	107	0.62259	0.47479	0.5	11	5	9	17	1.55
1960-1969	108	0.64779	0.48930	0.5	6	3	4	9	1.50
1960-1969	109	0.67221	0.50311	0.5	3	2	2	4	1.46
1960-1969	110+	0.69575	1.00000	1.44	1	1	2	2	1.44
1970-1979	0	0.01488	0.01468	0.09	100000	1468	98664	7321588	73.22
1970-1979	1	0.00116	0.00116	0.5	98532	115	98475	7222924	73.31
1970-1979	2	0.00080	0.00080	0.5	98418	79	98378	7124449	72.39
1970-1979	3	0.00063	0.00063	0.5	98339	62	98308	7026071	71.45
1970-1979	4	0.00050	0.00050	0.5	98276	49	98252	6927764	70.49
1970-1979	5	0.00044	0.00044	0.5	98228	43	98206	6829511	69.53
1970-1979	6	0.00040	0.00040	0.5	98185	40	98165	6731305	68.56
1970-1979	7	0.00036	0.00036	0.5	98145	35	98128	6633140	67.58
1970-1979	8	0.00032	0.00032	0.5	98110	31	98094	6535013	66.61
1970-1979	9	0.00030	0.00030	0.5	98079	29	98064	6436918	65.63
1970-1979	10	0.00030	0.00030	0.5	98050	29	98035	6338854	64.65
1970-1979	11	0.00030	0.00030	0.5	98020	29	98006	6240819	63.67
1970-1979	12	0.00032	0.00032	0.5	97991	31	97975	6142813	62.69
1970-1979	13	0.00038	0.00038	0.5	97960	38	97941	6044838	61.71
1970-1979	14	0.00048	0.00048	0.5	97922	47	97898	5946897	60.73
1970-1979	15	0.00067	0.00067	0.5	97875	66	97842	5848999	59.76
1970-1979	16	0.00091	0.00091	0.5	97809	89	97764	5751157	58.80
1970-1979	17	0.00112	0.00112	0.5	97720	110	97665	5653393	57.85
1970-1979	18	0.00136	0.00136	0.5	97610	133	97543	5555728	56.92
1970-1979	19	0.00149	0.00149	0.5	97477	145	97405	5458185	55.99
1970-1979	20	0.00147	0.00147	0.5	97332	143	97261	5360780	55.08
1970-1979	21	0.00151	0.00151	0.5	97189	147	97116	5263519	54.16
1970-1979	22	0.00152	0.00152	0.5	97043	147	96969	5166403	53.24
1970-1979	23	0.00148	0.00148	0.5	96895	143	96824	5069435	52.32
1970-1979	24	0.00143	0.00143	0.5	96752	139	96683	4972611	51.40
1970-1979	25	0.00141	0.00140	0.5	96613	136	96546	4875928	50.47
1970-1979	26	0.00139	0.00139	0.5	96478	134	96411	4779383	49.54
1970-1979	27	0.00138	0.00138	0.5	96344	132	96278	4682972	48.61
1970-1979	28	0.00142	0.00142	0.5	96211	136	96143	4586694	47.67
1970-1979	29	0.00140	0.00140	0.5	96075	135	96007	4490551	46.74
1970-1979	30	0.00141	0.00141	0.5	95940	135	95873	4394544	45.81
1970-1979	31	0.00143	0.00143	0.5	95805	137	95736	4298671	44.87
1970-1979	32	0.00147	0.00147	0.5	95668	141	95597	4202935	43.93
1970-1979	33	0.00151	0.00151	0.5	95527	144	95455	4107338	43.00
1970-1979	34	0.00161	0.00161	0.5	95383	153	95307	4011882	42.06
1970-1979	35	0.00174	0.00174	0.5	95230	165	95147	3916576	41.13
1970-1979	36	0.00188	0.00188	0.5	95065	178	94976	3821428	40.20
1970-1979	37	0.00199	0.00199	0.5	94886	189	94792	3726453	39.27
1970-1979	38	0.00210	0.00209	0.5	94698	198	94598	3631661	38.35
1970-1979	39	0.00230	0.00229	0.5	94499	217	94391	3537063	37.43
1970-1979	40	0.00253	0.00253	0.5	94282	239	94163	3442672	36.51
1970-1979	41	0.00269	0.00269	0.5	94044	253	93917	3348509	35.61
1970-1979	42	0.00304	0.00304	0.5	93791	285	93648	3254591	34.70
1970-1979	43	0.00326	0.00325	0.5	93506	304	93354	3160943	33.80
1970-1979	44	0.00352	0.00351	0.5	93202	327	93038	3067589	32.91
1970-1979	45	0.00394	0.00393	0.5	92874	365	92692	2974551	32.03
1970-1979	46	0.00434	0.00433	0.5	92509	400	92309	2881859	31.15
1970-1979	47	0.00471	0.00470	0.5	92109	433	91893	2789550	30.29
1970-1979	48	0.00513	0.00512	0.5	91676	469	91442	2697657	29.43
1970-1979	49	0.00559	0.00557	0.5	91207	508	90953	2606216	28.57
1970-1979	50	0.00609	0.00608	0.5	90699	551	90423	2515263	27.73
1970-1979	51	0.00669	0.00666	0.5	90148	601	89847	2424840	26.90
1970-1979	52	0.00715	0.00712	0.5	89547	638	89228	2334992	26.08
1970-1979	53	0.00780	0.00777	0.5	88909	690	88564	2245764	25.26
1970-1979	54	0.00853	0.00850	0.5	88219	750	87844	2157201	24.45
1970-1979	55	0.00932	0.00928	0.5	87469	811	87063	2069357	23.66
1970-1979	56	0.01006	0.01001	0.5	86658	868	86224	1982293	22.87
1970-1979	57	0.01109	0.01103	0.5	85790	946	85317	1896069	22.10
1970-1979	58	0.01201	0.01194	0.5	84844	1013	84337	1810752	21.34
1970-1979	59	0.01303	0.01295	0.5	83831	1086	83288	1726415	20.59
1970-1979	60	0.01423	0.01413	0.5	82745	1169	82160	1643127	19.86
1970-1979	61	0.01536	0.01525	0.5	81576	1244	80954	1560967	19.14
1970-1979	62	0.01690	0.01676	0.5	80332	1346	79659	1480013	18.42
1970-1979	63	0.01828	0.01811	0.5	78986	1430	78270	1400354	17.73
1970-1979	64	0.01970	0.01951	0.5	77555	1513	76799	1322084	17.05
1970-1979	65	0.02114	0.02091	0.5	76042	1590	75247	1245285	16.38
1970-1979	66	0.02232	0.02207	0.5	74452	1643	73630	1170038	15.72
1970-1979	67	0.02453	0.02423	0.5	72809	1764	71926	1096408	15.06
1970-1979	68	0.02608	0.02575	0.5	71044	1829	70130	1024481	14.42
1970-1979	69	0.02868	0.02828	0.5	69215	1957	68237	954352	13.79
1970-1979	70	0.03111	0.03063	0.5	67258	2060	66228	886115	13.17
1970-1979	71	0.03379	0.03323	0.5	65198	2166	64114	819887	12.58
1970-1979	72	0.03678	0.03612	0.5	63031	2277	61893	755773	11.99
1970-1979	73	0.03957	0.03880	0.5	60755	2357	59576	693880	11.42
1970-1979	74	0.04307	0.04216	0.5	58397	2462	57166	634304	10.86
1970-1979	75	0.04774	0.04662	0.5	55935	2608	54631	577138	10.32
1970-1979	76	0.05143	0.05014	0.5	53327	2674	51990	522507	9.80
1970-1979	77	0.05612	0.05459	0.5	50653	2765	49271	470516	9.29
1970-1979	78	0.06147	0.05964	0.5	47888	2856	46460	421246	8.80
1970-1979	79	0.06701	0.06484	0.5	45032	2920	43572	374786	8.32
1970-1979	80	0.07208	0.06957	0.5	42112	2930	40647	331213	7.86
1970-1979	81	0.07796	0.07504	0.5	39183	2940	37713	290566	7.42
1970-1979	82	0.08595	0.08240	0.5	36242	2987	34749	252853	6.98
1970-1979	83	0.09549	0.09113	0.5	33256	3031	31741	218104	6.56
1970-1979	84	0.10486	0.09963	0.5	30225	3011	28719	186364	6.17
1970-1979	85	0.11412	0.10796	0.5	27214	2938	25745	157644	5.79
1970-1979	86	0.12676	0.11921	0.5	24276	2894	22829	131899	5.43
1970-1979	87	0.13853	0.12956	0.5	21382	2770	19997	109071	5.10
1970-1979	88	0.15082	0.14024	0.5	18612	2610	17307	89074	4.79
1970-1979	89	0.16531	0.15269	0.5	16002	2443	14780	71767	4.48
1970-1979	90	0.18370	0.16824	0.5	13558	2281	12418	56987	4.20
1970-1979	91	0.19593	0.17845	0.5	11277	2012	10271	44569	3.95
1970-1979	92	0.21591	0.19487	0.5	9265	1805	8362	34298	3.70
1970-1979	93	0.23545	0.21065	0.5	7459	1571	6674	25936	3.48
1970-1979	94	0.25327	0.22481	0.5	5888	1324	5226	19262	3.27
1970-1979	95	0.27422	0.24116	0.5	4564	1101	4014	14036	3.08
1970-1979	96	0.29613	0.25794	0.5	3464	893	3017	10022	2.89
1970-1979	97	0.31908	0.27518	0.5	2570	707	2217	7005	2.73
1970-1979	98	0.34300	0.29279	0.5	1863	545	1590	4788	2.57
1970-1979	99	0.36781	0.31067	0.5	1318	409	1113	3198	2.43
1970-1979	100	0.39340	0.32873	0.5	908	299	759	2085	2.30
1970-1979	101	0.41964	0.34686	0.5	610	211	504	1326	2.17
1970-1979	102	0.44641	0.36495	0.5	398	145	326	822	2.06
1970-1979	103	0.47355	0.38289	0.5	253	97	204	497	1.96
1970-1979	104	0.50090	0.40058	0.5	156	63	125	292	1.87
1970-1979	105	0.52830	0.41791	0.5	94	39	74	167	1.79
1970-1979	106	0.55557	0.43479	0.5	54	24	43	93	1.71
1970-1979	107	0.58255	0.45114	0.5	31	14	24	51	1.65
1970-1979	108	0.60908	0.46689	0.5	17	8	13	27	1.59
1970-1979	109	0.63502	0.48199	0.5	9	4	7	14	1.54
1970-1979	110+	0.66023	1.00000	1.51	5	5	7	7	1.51
1980-1989	0	0.00992	0.00983	0.08	100000	983	99092	7540616	75.41
1980-1989	1	0.00088	0.00088	0.5	99017	87	98974	7441524	75.15
1980-1989	2	0.00058	0.00058	0.5	98930	57	98901	7342550	74.22
1980-1989	3	0.00042	0.00042	0.5	98873	42	98852	7243648	73.26
1980-1989	4	0.00033	0.00033	0.5	98831	32	98815	7144796	72.29
1980-1989	5	0.00029	0.00029	0.5	98799	29	98785	7045981	71.32
1980-1989	6	0.00027	0.00027	0.5	98771	27	98757	6947196	70.34
1980-1989	7	0.00025	0.00025	0.5	98744	25	98732	6848439	69.36
1980-1989	8	0.00026	0.00026	0.5	98719	25	98706	6749707	68.37
1980-1989	9	0.00023	0.00023	0.5	98694	23	98682	6651001	67.39
1980-1989	10	0.00021	0.00021	0.5	98671	21	98661	6552318	66.41
1980-1989	11	0.00024	0.00024	0.5	98650	23	98639	6453658	65.42
1980-1989	12	0.00026	0.00026	0.5	98627	26	98614	6355019	64.43
1980-1989	13	0.00031	0.00031	0.5	98601	31	98586	6256405	63.45
1980-1989	14	0.00040	0.00040	0.5	98571	39	98551	6157819	62.47
1980-1989	15	0.00054	0.00054	0.5	98531	53	98505	6059268	61.50
1980-1989	16	0.00076	0.00076	0.5	98478	75	98441	5960764	60.53
1980-1989	17	0.00092	0.00092	0.5	98403	91	98358	5862323	59.57
1980-1989	18	0.00117	0.00117	0.5	98312	115	98255	5763965	58.63
1980-1989	19	0.00118	0.00117	0.5	98197	115	98139	5665710	57.70
1980-1989	20	0.00116	0.00116	0.5	98082	113	98025	5567571	56.76
1980-1989	21	0.00124	0.00124	0.5	97968	121	97908	5469546	55.83
1980-1989	22	0.00123	0.00123	0.5	97847	120	97787	5371638	54.90
1980-1989	23	0.00122	0.00122	0.5	97727	119	97667	5273852	53.97
1980-1989	24	0.00118	0.00118	0.5	97608	116	97550	5176185	53.03
1980-1989	25	0.00120	0.00120	0.5	97492	117	97434	5078635	52.09
1980-1989	26	0.00121	0.00121	0.5	97376	118	97317	4981201	51.15
1980-1989	27	0.00120	0.00120	0.5	97258	116	97199	4883884	50.22
1980-1989	28	0.00126	0.00126	0.5	97141	123	97080	4786685	49.28
1980-1989	29	0.00121	0.00121	0.5	97018	118	96960	4689605	48.34
1980-1989	30	0.00127	0.00127	0.5	96901	123	96840	4592645	47.40
1980-1989	31	0.00133	0.00133	0.5	96778	129	96714	4495806	46.45
1980-1989	32	0.00142	0.00142	0.5	96650	137	96581	4399092	45.52
1980-1989	33	0.00145	0.00145	0.5	96513	140	96443	4302510	44.58
1980-1989	34	0.00146	0.00146	0.5	96373	141	96303	4206067	43.64
1980-1989	35	0.00155	0.00154	0.5	96233	149	96158	4109764	42.71
1980-1989	36	0.00169	0.00168	0.5	96084	162	96003	4013606	41.77
1980-1989	37	0.00173	0.00173	0.5	95922	166	95839	3917603	40.84
1980-1989	38	0.00192	0.00191	0.5	95756	183	95665	3821764	39.91
1980-1989	39	0.00185	0.00184	0.5	95573	176	95485	3726099	38.99
1980-1989	40	0.00206	0.00206	0.5	95397	196	95299	3630614	38.06
1980-1989	41	0.00225	0.00224	0.5	95201	214	95094	3535316	37.14
1980-1989	42	0.00243	0.00243	0.5	94987	230	94872	3440222	36.22
1980-1989	43	0.00256	0.00255	0.5	94757	242	94636	3345350	35.30
1980-1989	44	0.00276	0.00275	0.5	94515	260	94385	3250714	34.39
1980-1989	45	0.00307	0.00306	0.5	94255	289	94110	3156330	33.49
1980-1989	46	0.00337	0.00337	0.5	93966	316	93808	3062219	32.59
1980-1989	47	0.00362	0.00362	0.5	93650	339	93481	2968411	31.70
1980-1989	48	0.00420	0.00419	0.5	93311	391	93116	2874931	30.81
1980-1989	49	0.00425	0.00424	0.5	92920	394	92723	2781815	29.94
1980-1989	50	0.00472	0.00471	0.5	92526	436	92308	2689092	29.06
1980-1989	51	0.00541	0.00540	0.5	92090	497	91842	2596783	28.20
1980-1989	52	0.00595	0.00593	0.5	91593	543	91321	2504942	27.35
1980-1989	53	0.00637	0.00635	0.5	91050	578	90761	2413621	26.51
1980-1989	54	0.00688	0.00685	0.5	90472	620	90162	2322860	25.68
1980-1989	55	0.00771	0.00768	0.5	89851	690	89507	2232698	24.85
1980-1989	56	0.00847	0.00844	0.5	89162	752	88786	2143192	24.04
1980-1989	57	0.00904	0.00900	0.5	88409	796	88012	2054406	23.24
1980-1989	58	0.01031	0.01026	0.5	87614	899	87164	1966395	22.44
1980-1989	59	0.01087	0.01082	0.5	86715	938	86246	1879231	21.67
1980-1989	60	0.01191	0.01184	0.5	85777	1016	85269	1792985	20.90
1980-1989	61	0.01299	0.01291	0.5	84761	1094	84214	1707716	20.15
1980-1989	62	0.01453	0.01443	0.5	83667	1207	83063	1623502	19.40
1980-1989	63	0.01549	0.01537	0.5	82460	1267	81826	1540439	18.68
1980-1989	64	0.01631	0.01617	0.5	81192	1313	80536	1458613	17.96
1980-1989	65	0.01792	0.01776	0.5	79879	1419	79170	1378077	17.25
1980-1989	66	0.01944	0.01925	0.5	78460	1511	77705	1298907	16.55
1980-1989	67	0.02110	0.02088	0.5	76950	1607	76146	1221202	15.87
1980-1989	68	0.02337	0.02310	0.5	75343	1741	74472	1145056	15.20
1980-1989	69	0.02486	0.02455	0.5	73602	1807	72698	1070584	14.55
1980-1989	70	0.02745	0.02708	0.5	71795	1944	70823	997885	13.90
1980-1989	71	0.02979	0.02936	0.5	69851	2051	68826	927062	13.27
1980-1989	72	0.03308	0.03254	0.5	67801	2206	66697	858236	12.66
1980-1989	73	0.03599	0.03535	0.5	65594	2319	64435	791539	12.07
1980-1989	74	0.03839	0.03766	0.5	63275	2383	62084	727104	11.49
1980-1989	75	0.04181	0.04095	0.5	60892	2494	59645	665020	10.92
1980-1989	76	0.04611	0.04507	0.5	58399	2632	57083	605375	10.37
1980-1989	77	0.04976	0.04856	0.5	55767	2708	54413	548292	9.83
1980-1989	78	0.05386	0.05245	0.5	53059	2783	51668	493879	9.31
1980-1989	79	0.05908	0.05739	0.5	50276	2885	48834	442212	8.80
1980-1989	80	0.06571	0.06362	0.5	47391	3015	45884	393378	8.30
1980-1989	81	0.07200	0.06950	0.5	44376	3084	42834	347495	7.83
1980-1989	82	0.07966	0.07661	0.5	41292	3163	39710	304661	7.38
1980-1989	83	0.08629	0.08272	0.5	38128	3154	36551	264951	6.95
1980-1989	84	0.09497	0.09066	0.5	34974	3171	33389	228399	6.53
1980-1989	85	0.10442	0.09924	0.5	31804	3156	30226	195010	6.13
1980-1989	86	0.11520	0.10893	0.5	28648	3121	27087	164785	5.75
1980-1989	87	0.12624	0.11875	0.5	25527	3031	24011	137698	5.39
1980-1989	88	0.13832	0.12937	0.5	22496	2910	21040	113686	5.05
1980-1989	89	0.15260	0.14178	0.5	19585	2777	18197	92646	4.73
1980-1989	90	0.16691	0.15405	0.5	16809	2589	15514	74449	4.43
1980-1989	91	0.18182	0.16666	0.5	14219	2370	13034	58935	4.14
1980-1989	92	0.20087	0.18254	0.5	11849	2163	10768	45901	3.87
1980-1989	93	0.21962	0.19789	0.5	9686	1917	8728	35133	3.63
1980-1989	94	0.23960	0.21396	0.5	7770	1662	6938	26405	3.40
1980-1989	95	0.26045	0.23044	0.5	6107	1407	5403	19467	3.19
1980-1989	96	0.28238	0.24744	0.5	4700	1163	4118	14063	2.99
1980-1989	97	0.30546	0.26499	0.5	3537	937	3068	9945	2.81
1980-1989	98	0.32964	0.28299	0.5	2600	736	2232	6877	2.65
1980-1989	99	0.35482	0.30135	0.5	1864	562	1583	4645	2.49
1980-1989	100	0.38090	0.31996	0.5	1302	417	1094	3062	2.35
1980-1989	101	0.40776	0.33870	0.5	886	300	736	1968	2.22
1980-1989	102	0.43525	0.35746	0.5	586	209	481	1232	2.10
1980-1989	103	0.46322	0.37611	0.5	376	142	306	751	2.00
1980-1989	104	0.49149	0.39453	0.5	235	93	188	446	1.90
1980-1989	105	0.51987	0.41262	0.5	142	59	113	257	1.81
1980-1989	106	0.54818	0.43025	0.5	83	36	66	145	1.73
1980-1989	107	0.57625	0.44735	0.5	48	21	37	79	1.66
1980-1989	108	0.60388	0.46383	0.5	26	12	20	42	1.60
1980-1989	109	0.63091	0.47961	0.5	14	7	11	22	1.55
1980-1989	110+	0.65719	1.00000	1.52	7	7	11	11	1.52
1990-1999	0	0.00704	0.00699	0.07	100000	699	99348	7691721	76.92
1990-1999	1	0.00061	0.00061	0.5	99301	60	99271	7592373	76.46
1990-1999	2	0.00040	0.00040	0.5	99241	39	99221	7493102	75.50
1990-1999	3	0.00029	0.00029	0.5	99201	29	99187	7393881	74.53
1990-1999	4	0.00023	0.00023	0.5	99172	23	99161	7294694	73.56
1990-1999	5	0.00021	0.00021	0.5	99149	21	99139	7195533	72.57
1990-1999	6	0.00018	0.00018	0.5	99129	18	99120	7096395	71.59
1990-1999	7	0.00017	0.00017	0.5	99111	17	99102	6997275	70.60
1990-1999	8	0.00017	0.00017	0.5	99094	17	99085	6898173	69.61
1990-1999	9	0.00016	0.00016	0.5	99077	16	99068	6799088	68.62
1990-1999	10	0.00017	0.00017	0.5	99060	17	99052	6700019	67.64
1990-1999	11	0.00018	0.00018	0.5	99044	18	99035	6600967	66.65
1990-1999	12	0.00021	0.00021	0.5	99026	21	99016	6501932	65.66
1990-1999	13	0.00026	0.00026	0.5	99005	26	98992	6402917	64.67
1990-1999	14	0.00036	0.00036	0.5	98979	36	98961	6303925	63.69
1990-1999	15	0.00048	0.00048	0.5	98943	48	98920	6204964	62.71
1990-1999	16	0.00068	0.00068	0.5	98896	68	98862	6106044	61.74
1990-1999	17	0.00084	0.00083	0.5	98828	83	98787	6007182	60.78
1990-1999	18	0.00101	0.00101	0.5	98746	100	98696	5908395	59.83
1990-1999	19	0.00103	0.00102	0.5	98646	101	98595	5809700	58.89
1990-1999	20	0.00103	0.00103	0.5	98545	102	98494	5711104	57.95
1990-1999	21	0.00106	0.00106	0.5	98443	104	98391	5612611	57.01
1990-1999	22	0.00105	0.00105	0.5	98339	103	98287	5514220	56.07
1990-1999	23	0.00101	0.00101	0.5	98236	99	98186	5415932	55.13
1990-1999	24	0.00099	0.00099	0.5	98137	97	98088	5317746	54.19
1990-1999	25	0.00099	0.00099	0.5	98040	97	97991	5219658	53.24
1990-1999	26	0.00100	0.00100	0.5	97943	98	97894	5121667	52.29
1990-1999	27	0.00103	0.00103	0.5	97845	100	97795	5023773	51.34
1990-1999	28	0.00109	0.00109	0.5	97745	107	97691	4925978	50.40
1990-1999	29	0.00110	0.00110	0.5	97638	107	97584	4828286	49.45
1990-1999	30	0.00114	0.00114	0.5	97531	111	97475	4730702	48.50
1990-1999	31	0.00128	0.00128	0.5	97419	124	97357	4633227	47.56
1990-1999	32	0.00136	0.00136	0.5	97295	133	97229	4535870	46.62
1990-1999	33	0.00144	0.00144	0.5	97162	140	97092	4438641	45.68
1990-1999	34	0.00151	0.00151	0.5	97023	147	96949	4341549	44.75
1990-1999	35	0.00155	0.00155	0.5	96876	150	96801	4244600	43.81
1990-1999	36	0.00167	0.00167	0.5	96726	161	96645	4147799	42.88
1990-1999	37	0.00178	0.00178	0.5	96565	172	96479	4051154	41.95
1990-1999	38	0.00195	0.00195	0.5	96392	188	96299	3954675	41.03
1990-1999	39	0.00194	0.00194	0.5	96205	187	96111	3858377	40.11
1990-1999	40	0.00207	0.00207	0.5	96018	199	95918	3762265	39.18
1990-1999	41	0.00231	0.00230	0.5	95819	221	95709	3666347	38.26
1990-1999	42	0.00240	0.00240	0.5	95598	229	95484	3570638	37.35
1990-1999	43	0.00259	0.00259	0.5	95369	247	95245	3475155	36.44
1990-1999	44	0.00272	0.00272	0.5	95122	259	94993	3379909	35.53
1990-1999	45	0.00289	0.00288	0.5	94863	274	94726	3284917	34.63
1990-1999	46	0.00313	0.00312	0.5	94590	296	94442	3190190	33.73
1990-1999	47	0.00333	0.00333	0.5	94294	314	94137	3095748	32.83
1990-1999	48	0.00367	0.00366	0.5	93980	344	93808	3001611	31.94
1990-1999	49	0.00372	0.00372	0.5	93636	348	93462	2907803	31.05
1990-1999	50	0.00406	0.00406	0.5	93288	378	93099	2814341	30.17
1990-1999	51	0.00454	0.00453	0.5	92910	421	92699	2721242	29.29
1990-1999	52	0.00497	0.00496	0.5	92489	458	92260	2628542	28.42
1990-1999	53	0.00545	0.00543	0.5	92031	500	91781	2536282	27.56
1990-1999	54	0.00575	0.00573	0.5	91531	525	91268	2444502	26.71
1990-1999	55	0.00637	0.00635	0.5	91006	578	90717	2353234	25.86
1990-1999	56	0.00700	0.00697	0.5	90428	630	90113	2262516	25.02
1990-1999	57	0.00768	0.00765	0.5	89798	687	89454	2172403	24.19
1990-1999	58	0.00863	0.00859	0.5	89111	765	88728	2082949	23.37
1990-1999	59	0.00910	0.00906	0.5	88345	800	87945	1994221	22.57
1990-1999	60	0.01014	0.01009	0.5	87545	883	87103	1906276	21.77
1990-1999	61	0.01138	0.01132	0.5	86662	981	86171	1819173	20.99
1990-1999	62	0.01246	0.01238	0.5	85681	1061	85151	1733001	20.23
1990-1999	63	0.01332	0.01323	0.5	84620	1119	84061	1647851	19.47
1990-1999	64	0.01439	0.01429	0.5	83501	1193	82904	1563790	18.73
1990-1999	65	0.01560	0.01548	0.5	82308	1274	81671	1480886	17.99
1990-1999	66	0.01689	0.01675	0.5	81034	1357	80355	1399215	17.27
1990-1999	67	0.01844	0.01828	0.5	79677	1456	78949	1318859	16.55
1990-1999	68	0.02043	0.02022	0.5	78221	1582	77430	1239911	15.85
1990-1999	69	0.02183	0.02160	0.5	76639	1655	75811	1162481	15.17
1990-1999	70	0.02407	0.02379	0.5	74984	1784	74092	1086669	14.49
1990-1999	71	0.02645	0.02610	0.5	73200	1911	72245	1012577	13.83
1990-1999	72	0.02906	0.02865	0.5	71289	2042	70268	940333	13.19
1990-1999	73	0.03170	0.03120	0.5	69247	2161	68167	870064	12.56
1990-1999	74	0.03372	0.03316	0.5	67087	2225	65974	801897	11.95
1990-1999	75	0.03717	0.03649	0.5	64862	2367	63679	735923	11.35
1990-1999	76	0.04077	0.03996	0.5	62495	2497	61247	672244	10.76
1990-1999	77	0.04459	0.04362	0.5	59998	2617	58690	610998	10.18
1990-1999	78	0.04826	0.04712	0.5	57381	2704	56029	552308	9.63
1990-1999	79	0.05293	0.05157	0.5	54677	2819	53268	496279	9.08
1990-1999	80	0.06067	0.05888	0.5	51858	3054	50331	443011	8.54
1990-1999	81	0.06684	0.06468	0.5	48804	3157	47226	392680	8.05
1990-1999	82	0.07385	0.07122	0.5	45648	3251	44022	345454	7.57
1990-1999	83	0.08184	0.07862	0.5	42397	3333	40730	301432	7.11
1990-1999	84	0.09038	0.08647	0.5	39063	3378	37374	260702	6.67
1990-1999	85	0.09864	0.09400	0.5	35685	3355	34008	223328	6.26
1990-1999	86	0.10983	0.10412	0.5	32331	3366	30648	189320	5.86
1990-1999	87	0.12071	0.11384	0.5	28965	3297	27316	158672	5.48
1990-1999	88	0.13319	0.12488	0.5	25667	3205	24065	131356	5.12
1990-1999	89	0.14710	0.13702	0.5	22462	3078	20923	107291	4.78
1990-1999	90	0.16293	0.15065	0.5	19384	2920	17924	86368	4.46
1990-1999	91	0.17882	0.16415	0.5	16464	2703	15113	68444	4.16
1990-1999	92	0.19762	0.17985	0.5	13761	2475	12524	53332	3.88
1990-1999	93	0.21984	0.19807	0.5	11286	2235	10169	40808	3.62
1990-1999	94	0.23994	0.21424	0.5	9051	1939	8081	30639	3.39
1990-1999	95	0.25954	0.22973	0.5	7112	1634	6295	22558	3.17
1990-1999	96	0.28274	0.24772	0.5	5478	1357	4800	16263	2.97
1990-1999	97	0.30720	0.26630	0.5	4121	1097	3572	11463	2.78
1990-1999	98	0.33287	0.28537	0.5	3024	863	2592	7891	2.61
1990-1999	99	0.35963	0.30482	0.5	2161	659	1831	5299	2.45
1990-1999	100	0.38736	0.32451	0.5	1502	487	1258	3467	2.31
1990-1999	101	0.41591	0.34431	0.5	1015	349	840	2209	2.18
1990-1999	102	0.44510	0.36407	0.5	665	242	544	1369	2.06
1990-1999	103	0.47473	0.38366	0.5	423	162	342	825	1.95
1990-1999	104	0.50460	0.40294	0.5	261	105	208	483	1.85
1990-1999	105	0.53450	0.42178	0.5	156	66	123	274	1.76
1990-1999	106	0.56421	0.44007	0.5	90	40	70	152	1.68
1990-1999	107	0.59352	0.45769	0.5	50	23	39	81	1.61
1990-1999	108	0.62222	0.47458	0.5	27	13	21	42	1.55
1990-1999	109	0.65014	0.49065	0.5	14	7	11	22	1.51
1990-1999	110+	0.67711	1.00000	1.48	7	7	11	11	1.48
2000-2009	0	0.00579	0.00576	0.06	100000	576	99461	7867908	78.68
2000-2009	1	0.00045	0.00045	0.5	99424	45	99402	7768447	78.13
2000-2009	2	0.00029	0.00029	0.5	99379	29	99365	7669045	77.17
2000-2009	3	0.00021	0.00021	0.5	99351	21	99340	7569680	76.19
2000-2009	4	0.00018	0.00018	0.5	99330	18	99321	7470340	75.21
2000-2009	5	0.00016	0.00016	0.5	99312	15	99304	7371019	74.22
2000-2009	6	0.00014	0.00014	0.5	99297	14	99290	7271714	73.23
2000-2009	7	0.00012	0.00012	0.5	99283	12	99276	7172425	72.24
2000-2009	8	0.00013	0.00013	0.5	99270	13	99264	7073148	71.25
2000-2009	9	0.00013	0.00013	0.5	99258	13	99251	6973885	70.26
2000-2009	10	0.00013	0.00013	0.5	99245	13	99238	6874633	69.27
2000-2009	11	0.00014	0.00014	0.5	99232	14	99225	6775395	68.28
2000-2009	12	0.00015	0.00015	0.5	99218	15	99211	6676170	67.29
2000-2009	13	0.00018	0.00018	0.5	99203	18	99194	6576959	66.30
2000-2009	14	0.00025	0.00025	0.5	99185	24	99173	6477764	65.31
2000-2009	15	0.00033	0.00033	0.5	99161	33	99144	6378591	64.33
2000-2009	16	0.00046	0.00046	0.5	99128	45	99106	6279447	63.35
2000-2009	17	0.00058	0.00058	0.5	99083	58	99054	6180341	62.38
2000-2009	18	0.00079	0.00079	0.5	99025	78	98986	6081287	61.41
2000-2009	19	0.00086	0.00086	0.5	98948	85	98905	5982301	60.46
2000-2009	20	0.00088	0.00088	0.5	98863	87	98819	5883396	59.51
2000-2009	21	0.00090	0.00090	0.5	98776	89	98731	5784576	58.56
2000-2009	22	0.00089	0.00089	0.5	98687	88	98643	5685845	57.62
2000-2009	23	0.00085	0.00085	0.5	98599	83	98557	5587202	56.67
2000-2009	24	0.00085	0.00085	0.5	98516	84	98474	5488645	55.71
2000-2009	25	0.00083	0.00083	0.5	98432	82	98391	5390171	54.76
2000-2009	26	0.00086	0.00086	0.5	98350	85	98307	5291780	53.81
2000-2009	27	0.00085	0.00085	0.5	98265	84	98223	5193472	52.85
2000-2009	28	0.00084	0.00084	0.5	98181	83	98140	5095249	51.90
2000-2009	29	0.00087	0.00087	0.5	98099	85	98056	4997109	50.94
2000-2009	30	0.00088	0.00088	0.5	98013	86	97970	4899053	49.98
2000-2009	31	0.00095	0.00095	0.5	97927	93	97881	4801083	49.03
2000-2009	32	0.00097	0.00097	0.5	97835	95	97787	4703202	48.07
2000-2009	33	0.00103	0.00103	0.5	97740	101	97689	4605415	47.12
2000-2009	34	0.00110	0.00110	0.5	97639	108	97585	4507726	46.17
2000-2009	35	0.00117	0.00117	0.5	97531	115	97474	4410141	45.22
2000-2009	36	0.00124	0.00124	0.5	97417	121	97356	4312667	44.27
2000-2009	37	0.00133	0.00133	0.5	97296	130	97231	4215311	43.32
2000-2009	38	0.00148	0.00148	0.5	97166	143	97094	4118080	42.38
2000-2009	39	0.00161	0.00161	0.5	97023	156	96945	4020986	41.44
2000-2009	40	0.00173	0.00173	0.5	96867	168	96783	3924041	40.51
2000-2009	41	0.00189	0.00189	0.5	96699	183	96608	3827258	39.58
2000-2009	42	0.00206	0.00206	0.5	96517	198	96417	3730650	38.65
2000-2009	43	0.00224	0.00224	0.5	96318	216	96210	3634233	37.73
2000-2009	44	0.00243	0.00243	0.5	96102	233	95986	3538023	36.82
2000-2009	45	0.00265	0.00265	0.5	95869	254	95742	3442037	35.90
2000-2009	46	0.00290	0.00290	0.5	95615	277	95476	3346295	35.00
2000-2009	47	0.00314	0.00314	0.5	95338	299	95188	3250819	34.10
2000-2009	48	0.00343	0.00342	0.5	95039	325	94876	3155630	33.20
2000-2009	49	0.00367	0.00367	0.5	94714	347	94540	3060754	32.32
2000-2009	50	0.00396	0.00395	0.5	94366	373	94180	2966214	31.43
2000-2009	51	0.00423	0.00422	0.5	93993	397	93795	2872034	30.56
2000-2009	52	0.00462	0.00461	0.5	93596	431	93381	2778240	29.68
2000-2009	53	0.00499	0.00498	0.5	93165	464	92934	2684859	28.82
2000-2009	54	0.00526	0.00525	0.5	92702	487	92458	2591925	27.96
2000-2009	55	0.00570	0.00568	0.5	92215	524	91953	2499467	27.10
2000-2009	56	0.00608	0.00606	0.5	91691	556	91413	2407514	26.26
2000-2009	57	0.00654	0.00652	0.5	91135	594	90838	2316101	25.41
2000-2009	58	0.00707	0.00704	0.5	90541	638	90222	2225263	24.58
2000-2009	59	0.00776	0.00773	0.5	89903	695	89556	2135041	23.75
2000-2009	60	0.00852	0.00849	0.5	89209	757	88830	2045485	22.93
2000-2009	61	0.00911	0.00907	0.5	88452	802	88051	1956655	22.12
2000-2009	62	0.00996	0.00991	0.5	87650	869	87215	1868604	21.32
2000-2009	63	0.01082	0.01076	0.5	86781	934	86314	1781389	20.53
2000-2009	64	0.01189	0.01182	0.5	85847	1014	85340	1695075	19.75
2000-2009	65	0.01287	0.01279	0.5	84833	1085	84290	1609735	18.98
2000-2009	66	0.01390	0.01381	0.5	83748	1156	83170	1525444	18.21
2000-2009	67	0.01515	0.01504	0.5	82592	1242	81971	1442275	17.46
2000-2009	68	0.01648	0.01634	0.5	81350	1330	80685	1360304	16.72
2000-2009	69	0.01808	0.01792	0.5	80020	1434	79303	1279619	15.99
2000-2009	70	0.01994	0.01974	0.5	78587	1551	77811	1200316	15.27
2000-2009	71	0.02154	0.02131	0.5	77035	1641	76215	1122505	14.57
2000-2009	72	0.02383	0.02355	0.5	75394	1775	74506	1046290	13.88
2000-2009	73	0.02626	0.02592	0.5	73618	1908	72664	971784	13.20
2000-2009	74	0.02884	0.02843	0.5	71710	2039	70691	899120	12.54
2000-2009	75	0.03188	0.03138	0.5	69671	2186	68578	828429	11.89
2000-2009	76	0.03473	0.03414	0.5	67485	2304	66333	759851	11.26
2000-2009	77	0.03835	0.03763	0.5	65181	2453	63955	693517	10.64
2000-2009	78	0.04206	0.04119	0.5	62729	2584	61437	629562	10.04
2000-2009	79	0.04656	0.04550	0.5	60145	2737	58777	568125	9.45
2000-2009	80	0.05321	0.05183	0.5	57408	2975	55921	509349	8.87
2000-2009	81	0.05916	0.05746	0.5	54433	3128	52869	453428	8.33
2000-2009	82	0.06634	0.06421	0.5	51305	3294	49658	400559	7.81
2000-2009	83	0.07356	0.07095	0.5	48011	3406	46308	350901	7.31
2000-2009	84	0.08232	0.07907	0.5	44605	3527	42841	304593	6.83
2000-2009	85	0.09156	0.08755	0.5	41078	3596	39280	261752	6.37
2000-2009	86	0.10321	0.09814	0.5	37481	3679	35642	222472	5.94
2000-2009	87	0.11493	0.10868	0.5	33803	3674	31966	186830	5.53
2000-2009	88	0.12870	0.12092	0.5	30129	3643	28307	154864	5.14
2000-2009	89	0.14331	0.13373	0.5	26486	3542	24715	126557	4.78
2000-2009	90	0.16026	0.14837	0.5	22944	3404	21242	101842	4.44
2000-2009	91	0.17807	0.16351	0.5	19540	3195	17942	80600	4.12
2000-2009	92	0.19782	0.18002	0.5	16345	2942	14874	62657	3.83
2000-2009	93	0.21903	0.19741	0.5	13403	2646	12080	47784	3.57
2000-2009	94	0.24218	0.21602	0.5	10757	2324	9595	35704	3.32
2000-2009	95	0.26398	0.23320	0.5	8433	1967	7450	26109	3.10
2000-2009	96	0.28950	0.25289	0.5	6467	1635	5649	18659	2.89
2000-2009	97	0.31646	0.27322	0.5	4831	1320	4171	13010	2.69
2000-2009	98	0.34474	0.29406	0.5	3511	1032	2995	8839	2.52
2000-2009	99	0.37421	0.31523	0.5	2479	781	2088	5844	2.36
2000-2009	100	0.40469	0.33658	0.5	1697	571	1412	3756	2.21
2000-2009	101	0.43596	0.35793	0.5	1126	403	925	2344	2.08
2000-2009	102	0.46778	0.37911	0.5	723	274	586	1420	1.96
2000-2009	103	0.49992	0.39995	0.5	449	180	359	834	1.86
2000-2009	104	0.53209	0.42028	0.5	269	113	213	475	1.76
2000-2009	105	0.56404	0.43996	0.5	156	69	122	262	1.68
2000-2009	106	0.59550	0.45887	0.5	87	40	67	140	1.60
2000-2009	107	0.62623	0.47691	0.5	47	23	36	73	1.53
2000-2009	108	0.65601	0.49398	0.5	25	12	19	37	1.48
2000-2009	109	0.68465	0.51005	0.5	13	6	9	18	1.43
2000-2009	110+	0.71197	1.00000	1.4	6	6	9	9	1.40
2010-2019	0	0.00478	0.00476	0.06	100000	476	99553	8028468	80.28
2010-2019	1	0.00036	0.00036	0.5	99524	35	99506	7928915	79.67
2010-2019	2	0.00022	0.00022	0.5	99489	22	99478	7829409	78.70
2010-2019	3	0.00017	0.00017	0.5	99467	17	99458	7729931	77.71
2010-2019	4	0.00013	0.00013	0.5	99450	13	99443	7630473	76.73
2010-2019	5	0.00012	0.00012	0.5	99437	12	99431	7531029	75.74
2010-2019	6	0.00010	0.00010	0.5	99425	10	99420	7431598	74.75
2010-2019	7	0.00010	0.00010	0.5	99415	10	99410	7332178	73.75
2010-2019	8	0.00009	0.00009	0.5	99405	9	99401	7232768	72.76
2010-2019	9	0.00009	0.00009	0.5	99396	9	99391	7133367	71.77
2010-2019	10	0.00010	0.00010	0.5	99387	10	99382	7033976	70.77
2010-2019	11	0.00011	0.00011	0.5	99377	11	99372	6934594	69.78
2010-2019	12	0.00012	0.00012	0.5	99367	12	99360	6835222	68.79
2010-2019	13	0.00015	0.00015	0.5	99354	15	99347	6735862	67.80
2010-2019	14	0.00020	0.00020	0.5	99340	19	99330	6636515	66.81
2010-2019	15	0.00025	0.00025	0.5	99320	25	99308	6537185	65.82
2010-2019	16	0.00033	0.00033	0.5	99295	33	99279	6437877	64.84
2010-2019	17	0.00042	0.00042	0.5	99262	41	99241	6338598	63.86
2010-2019	18	0.00058	0.00058	0.5	99221	58	99192	6239357	62.88
2010-2019	19	0.00067	0.00067	0.5	99163	66	99130	6140165	61.92
2010-2019	20	0.00073	0.00073	0.5	99097	72	99060	6041035	60.96
2010-2019	21	0.00079	0.00079	0.5	99024	79	98985	5941975	60.01
2010-2019	22	0.00081	0.00081	0.5	98946	81	98905	5842990	59.05
2010-2019	23	0.00081	0.00081	0.5	98865	80	98825	5744085	58.10
2010-2019	24	0.00082	0.00082	0.5	98785	81	98744	5645260	57.15
2010-2019	25	0.00085	0.00085	0.5	98704	84	98662	5546515	56.19
2010-2019	26	0.00086	0.00086	0.5	98620	85	98577	5447854	55.24
2010-2019	27	0.00090	0.00090	0.5	98534	89	98490	5349277	54.29
2010-2019	28	0.00091	0.00091	0.5	98446	90	98401	5250787	53.34
2010-2019	29	0.00095	0.00095	0.5	98356	93	98309	5152386	52.39
2010-2019	30	0.00097	0.00097	0.5	98263	96	98215	5054076	51.43
2010-2019	31	0.00102	0.00102	0.5	98167	100	98117	4955861	50.48
2010-2019	32	0.00104	0.00104	0.5	98067	102	98016	4857744	49.53
2010-2019	33	0.00109	0.00109	0.5	97966	107	97912	4759728	48.59
2010-2019	34	0.00113	0.00113	0.5	97859	111	97804	4661815	47.64
2010-2019	35	0.00118	0.00118	0.5	97749	116	97691	4564012	46.69
2010-2019	36	0.00126	0.00126	0.5	97633	123	97571	4466321	45.75
2010-2019	37	0.00129	0.00129	0.5	97510	126	97447	4368749	44.80
2010-2019	38	0.00137	0.00137	0.5	97384	133	97317	4271302	43.86
2010-2019	39	0.00144	0.00144	0.5	97250	140	97180	4173985	42.92
2010-2019	40	0.00155	0.00155	0.5	97110	150	97035	4076805	41.98
2010-2019	41	0.00163	0.00163	0.5	96960	158	96881	3979770	41.05
2010-2019	42	0.00177	0.00177	0.5	96802	171	96717	3882888	40.11
2010-2019	43	0.00189	0.00189	0.5	96631	183	96540	3786171	39.18
2010-2019	44	0.00205	0.00204	0.5	96449	197	96350	3689632	38.25
2010-2019	45	0.00223	0.00223	0.5	96251	214	96144	3593282	37.33
2010-2019	46	0.00248	0.00248	0.5	96037	238	95918	3497137	36.41
2010-2019	47	0.00268	0.00268	0.5	95799	257	95671	3401219	35.50
2010-2019	48	0.00297	0.00297	0.5	95542	284	95401	3305549	34.60
2010-2019	49	0.00329	0.00328	0.5	95259	313	95102	3210148	33.70
2010-2019	50	0.00354	0.00353	0.5	94946	335	94778	3115046	32.81
2010-2019	51	0.00388	0.00388	0.5	94611	367	94427	3020267	31.92
2010-2019	52	0.00421	0.00420	0.5	94244	396	94046	2925840	31.05
2010-2019	53	0.00456	0.00455	0.5	93848	427	93635	2831794	30.17
2010-2019	54	0.00498	0.00497	0.5	93421	464	93189	2738159	29.31
2010-2019	55	0.00544	0.00543	0.5	92957	504	92705	2644970	28.45
2010-2019	56	0.00584	0.00582	0.5	92453	538	92184	2552265	27.61
2010-2019	57	0.00632	0.00630	0.5	91914	579	91625	2460081	26.76
2010-2019	58	0.00676	0.00674	0.5	91336	615	91028	2368456	25.93
2010-2019	59	0.00734	0.00731	0.5	90720	663	90388	2277428	25.10
2010-2019	60	0.00785	0.00782	0.5	90057	704	89705	2187040	24.29
2010-2019	61	0.00849	0.00845	0.5	89353	755	88975	2097335	23.47
2010-2019	62	0.00901	0.00897	0.5	88597	794	88200	2008360	22.67
2010-2019	63	0.00987	0.00982	0.5	87803	862	87372	1920160	21.87
2010-2019	64	0.01042	0.01037	0.5	86940	901	86490	1832789	21.08
2010-2019	65	0.01109	0.01103	0.5	86039	949	85564	1746299	20.30
2010-2019	66	0.01192	0.01185	0.5	85090	1008	84586	1660734	19.52
2010-2019	67	0.01289	0.01280	0.5	84082	1077	83544	1576149	18.75
2010-2019	68	0.01393	0.01383	0.5	83005	1148	82431	1492605	17.98
2010-2019	69	0.01504	0.01493	0.5	81857	1222	81246	1410174	17.23
2010-2019	70	0.01649	0.01635	0.5	80635	1319	79976	1328928	16.48
2010-2019	71	0.01798	0.01782	0.5	79317	1413	78610	1248952	15.75
2010-2019	72	0.01974	0.01955	0.5	77903	1523	77142	1170342	15.02
2010-2019	73	0.02146	0.02123	0.5	76380	1621	75569	1093200	14.31
2010-2019	74	0.02372	0.02345	0.5	74759	1753	73882	1017631	13.61
2010-2019	75	0.02640	0.02606	0.5	73006	1903	72055	943748	12.93
2010-2019	76	0.02895	0.02854	0.5	71103	2029	70089	871694	12.26
2010-2019	77	0.03200	0.03150	0.5	69074	2176	67986	801605	11.61
2010-2019	78	0.03519	0.03458	0.5	66898	2313	65742	733619	10.97
2010-2019	79	0.03920	0.03845	0.5	64585	2483	63343	667877	10.34
2010-2019	80	0.04362	0.04269	0.5	62102	2651	60776	604534	9.73
2010-2019	81	0.04842	0.04727	0.5	59451	2810	58045	543757	9.15
2010-2019	82	0.05402	0.05260	0.5	56640	2979	55151	485712	8.58
2010-2019	83	0.06041	0.05864	0.5	53661	3147	52088	430561	8.02
2010-2019	84	0.06830	0.06605	0.5	50514	3336	48846	378474	7.49
2010-2019	85	0.07635	0.07354	0.5	47178	3470	45443	329627	6.99
2010-2019	86	0.08578	0.08225	0.5	43709	3595	41911	284184	6.50
2010-2019	87	0.09694	0.09246	0.5	40114	3709	38259	242273	6.04
2010-2019	88	0.10996	0.10423	0.5	36405	3794	34508	204014	5.60
2010-2019	89	0.12347	0.11629	0.5	32611	3792	30715	169506	5.20
2010-2019	90	0.13986	0.13072	0.5	28818	3767	26935	138791	4.82
2010-2019	91	0.15714	0.14569	0.5	25051	3650	23226	111857	4.47
2010-2019	92	0.17642	0.16212	0.5	21401	3470	19667	88630	4.14
2010-2019	93	0.19627	0.17873	0.5	17932	3205	16329	68964	3.85
2010-2019	94	0.21802	0.19659	0.5	14727	2895	13279	52634	3.57
2010-2019	95	0.23771	0.21245	0.5	11832	2514	10575	39355	3.33
2010-2019	96	0.26267	0.23218	0.5	9318	2163	8236	28780	3.09
2010-2019	97	0.28927	0.25272	0.5	7155	1808	6251	20544	2.87
2010-2019	98	0.31744	0.27395	0.5	5346	1465	4614	14293	2.67
2010-2019	99	0.34702	0.29571	0.5	3882	1148	3308	9679	2.49
2010-2019	100	0.37786	0.31782	0.5	2734	869	2299	6371	2.33
2010-2019	101	0.40975	0.34008	0.5	1865	634	1548	4072	2.18
2010-2019	102	0.44244	0.36230	0.5	1231	446	1008	2524	2.05
2010-2019	103	0.47567	0.38428	0.5	785	302	634	1516	1.93
2010-2019	104	0.50914	0.40583	0.5	483	196	385	882	1.83
2010-2019	105	0.54256	0.42678	0.5	287	123	226	497	1.73
2010-2019	106	0.57563	0.44698	0.5	165	74	128	271	1.65
2010-2019	107	0.60807	0.46630	0.5	91	42	70	143	1.57
2010-2019	108	0.63960	0.48462	0.5	49	24	37	73	1.51
2010-2019	109	0.67000	0.50187	0.5	25	13	19	37	1.46
2010-2019	110+	0.69906	1.00000	1.43	12	12	18	18	1.43
