Div5: South Atlantic, Lifetables (period 5x1), Females Last modified: 20 Dec 2020, MPv5 (May07) 

Year	Age	mx	qx	ax	lx	dx	Lx	Tx	ex
1959	0	0.02829	0.02761	0.13	100000	2761	97604	7243991	72.44
1959	1-4	0.00119	0.00476	1.52	97239	463	387811	7146386	73.49
1959	5-9	0.00044	0.00218	2.24	96777	211	483299	6758575	69.84
1959	10-14	0.00033	0.00167	2.62	96565	161	482441	6275276	64.98
1959	15-19	0.00056	0.00278	2.64	96404	268	481385	5792835	60.09
1959	20-24	0.00086	0.00428	2.51	96135	412	479652	5311450	55.25
1959	25-29	0.00105	0.00524	2.6	95724	502	477412	4831798	50.48
1959	30-34	0.00153	0.00763	2.7	95222	726	474437	4354386	45.73
1959	35-39	0.00221	0.01102	2.71	94496	1041	470090	3879950	41.06
1959	40-44	0.00336	0.01665	2.64	93455	1556	463599	3409860	36.49
1959	45-49	0.00486	0.02401	2.68	91898	2206	454382	2946261	32.06
1959	50-54	0.00746	0.03664	2.65	89692	3286	440749	2491879	27.78
1959	55-59	0.01076	0.05251	2.68	86405	4537	421480	2051129	23.74
1959	60-64	0.01539	0.07419	2.6	81869	6074	394768	1629649	19.91
1959	65-69	0.02285	0.10833	2.61	75795	8211	359343	1234882	16.29
1959	70-74	0.03539	0.16310	2.6	67584	11023	311450	875539	12.95
1959	75-79	0.05775	0.25324	2.57	56561	14324	248019	564089	9.97
1959	80-84	0.09154	0.37310	2.52	42237	15759	172144	316070	7.48
1959	85-89	0.15212	0.54177	2.34	26479	14345	94304	143926	5.44
1959	90-94	0.21866	0.67619	2.18	12133	8204	37521	49622	4.09
1959	95-99	0.30645	0.80044	2.02	3929	3145	10262	12100	3.08
1959	100-104	0.41591	0.89068	1.79	784	698	1679	1838	2.34
1959	105-109	0.53455	0.94341	1.57	86	81	151	159	1.85
1959	110+	0.63117	1.00000	1.58	5	5	8	8	1.58
1960	0	0.02728	0.02665	0.13	100000	2665	97680	7224089	72.24
1960	1-4	0.00118	0.00470	1.55	97335	457	388222	7126409	73.22
1960	5-9	0.00047	0.00237	2.3	96878	230	483771	6738187	69.55
1960	10-14	0.00036	0.00179	2.56	96648	173	482820	6254417	64.71
1960	15-19	0.00059	0.00294	2.64	96475	284	481706	5771597	59.82
1960	20-24	0.00077	0.00386	2.55	96192	371	480048	5289891	54.99
1960	25-29	0.00116	0.00578	2.61	95820	554	477776	4809843	50.20
1960	30-34	0.00157	0.00782	2.63	95266	745	474564	4332067	45.47
1960	35-39	0.00230	0.01144	2.68	94521	1082	470097	3857503	40.81
1960	40-44	0.00355	0.01761	2.67	93439	1645	463356	3387407	36.25
1960	45-49	0.00500	0.02472	2.65	91794	2269	453637	2924051	31.85
1960	50-54	0.00747	0.03670	2.61	89525	3286	439763	2470413	27.59
1960	55-59	0.01076	0.05247	2.65	86239	4525	420558	2030650	23.55
1960	60-64	0.01636	0.07861	2.54	81714	6424	392740	1610091	19.70
1960	65-69	0.02311	0.10949	2.61	75290	8244	356736	1217352	16.17
1960	70-74	0.03571	0.16440	2.59	67047	11022	308692	860616	12.84
1960	75-79	0.05792	0.25390	2.57	56025	14225	245605	551924	9.85
1960	80-84	0.09622	0.38886	2.53	41800	16254	168932	306319	7.33
1960	85-89	0.15343	0.54666	2.37	25546	13965	91016	137387	5.38
1960	90-94	0.22467	0.68901	2.19	11581	7979	35516	46372	4.00
1960	95-99	0.31415	0.80866	2	3601	2912	9270	10855	3.01
1960	100-104	0.42458	0.89579	1.77	689	617	1454	1585	2.30
1960	105-109	0.54334	0.94611	1.56	72	68	125	131	1.83
1960	110+	0.63963	1.00000	1.56	4	4	6	6	1.56
1961	0	0.02582	0.02525	0.13	100000	2525	97792	7274727	72.75
1961	1-4	0.00115	0.00459	1.57	97475	447	388816	7176935	73.63
1961	5-9	0.00044	0.00220	2.19	97028	214	484541	6788120	69.96
1961	10-14	0.00036	0.00179	2.57	96814	174	483649	6303579	65.11
1961	15-19	0.00057	0.00286	2.75	96641	276	482582	5819930	60.22
1961	20-24	0.00075	0.00376	2.6	96365	363	480954	5337348	55.39
1961	25-29	0.00101	0.00506	2.66	96002	486	478870	4856394	50.59
1961	30-34	0.00156	0.00779	2.64	95516	744	475825	4377524	45.83
1961	35-39	0.00219	0.01089	2.62	94772	1032	471407	3901698	41.17
1961	40-44	0.00333	0.01653	2.61	93740	1550	464990	3430292	36.59
1961	45-49	0.00471	0.02326	2.61	92190	2145	455832	2965302	32.17
1961	50-54	0.00742	0.03643	2.58	90045	3280	442301	2509470	27.87
1961	55-59	0.01015	0.04957	2.62	86765	4301	423595	2067169	23.82
1961	60-64	0.01570	0.07559	2.56	82464	6234	397094	1643574	19.93
1961	65-69	0.02278	0.10794	2.58	76231	8228	361273	1246480	16.35
1961	70-74	0.03470	0.16010	2.59	68002	10887	313722	885207	13.02
1961	75-79	0.05575	0.24617	2.63	57115	14060	252186	571485	10.01
1961	80-84	0.09475	0.38305	2.5	43055	16492	174063	319299	7.42
1961	85-89	0.14932	0.53583	2.37	26563	14233	95321	145236	5.47
1961	90-94	0.22217	0.67980	2.15	12330	8382	37726	49915	4.05
1961	95-99	0.30581	0.79947	2.02	3948	3156	10321	12189	3.09
1961	100-104	0.41305	0.88871	1.79	792	704	1703	1868	2.36
1961	105-109	0.52939	0.94161	1.58	88	83	157	165	1.87
1961	110+	0.62433	1.00000	1.6	5	5	8	8	1.60
1962	0	0.02628	0.02569	0.13	100000	2569	97756	7267873	72.68
1962	1-4	0.00106	0.00424	1.54	97431	414	388706	7170117	73.59
1962	5-9	0.00045	0.00227	2.1	97017	220	484447	6781411	69.90
1962	10-14	0.00032	0.00162	2.65	96797	157	483617	6296964	65.05
1962	15-19	0.00057	0.00284	2.75	96640	274	482585	5813347	60.15
1962	20-24	0.00080	0.00401	2.6	96366	387	480901	5330762	55.32
1962	25-29	0.00104	0.00518	2.58	95979	497	478691	4849861	50.53
1962	30-34	0.00145	0.00724	2.62	95482	691	475765	4371170	45.78
1962	35-39	0.00229	0.01140	2.64	94791	1080	471406	3895405	41.09
1962	40-44	0.00326	0.01617	2.62	93710	1515	464953	3423999	36.54
1962	45-49	0.00489	0.02416	2.68	92195	2228	455810	2959047	32.10
1962	50-54	0.00723	0.03554	2.61	89967	3198	442198	2503237	27.82
1962	55-59	0.01024	0.05000	2.65	86770	4338	423651	2061039	23.75
1962	60-64	0.01583	0.07625	2.59	82431	6285	397012	1637388	19.86
1962	65-69	0.02260	0.10714	2.58	76146	8158	360946	1240376	16.29
1962	70-74	0.03574	0.16470	2.62	67988	11197	313267	879429	12.94
1962	75-79	0.05555	0.24524	2.61	56790	13927	250716	566162	9.97
1962	80-84	0.09574	0.38699	2.52	42863	16588	173254	315447	7.36
1962	85-89	0.15200	0.54330	2.38	26276	14276	93920	142192	5.41
1962	90-94	0.22307	0.68589	2.19	12000	8231	36897	48273	4.02
1962	95-99	0.31366	0.80818	2	3769	3046	9712	11376	3.02
1962	100-104	0.42439	0.89572	1.77	723	648	1526	1664	2.30
1962	105-109	0.54353	0.94619	1.56	75	71	131	138	1.82
1962	110+	0.64011	1.00000	1.56	4	4	6	6	1.56
1963	0	0.02589	0.02532	0.13	100000	2532	97786	7249395	72.49
1963	1-4	0.00112	0.00448	1.54	97468	437	388797	7151609	73.37
1963	5-9	0.00047	0.00232	2.25	97031	226	484536	6762813	69.70
1963	10-14	0.00036	0.00179	2.59	96806	174	483611	6278277	64.85
1963	15-19	0.00056	0.00278	2.72	96632	268	482548	5794666	59.97
1963	20-24	0.00080	0.00401	2.53	96364	386	480866	5312118	55.13
1963	25-29	0.00110	0.00551	2.61	95978	528	478624	4831252	50.34
1963	30-34	0.00152	0.00759	2.72	95449	725	475593	4352628	45.60
1963	35-39	0.00229	0.01140	2.66	94724	1080	471091	3877035	40.93
1963	40-44	0.00337	0.01674	2.68	93645	1568	464587	3405943	36.37
1963	45-49	0.00499	0.02468	2.61	92077	2272	454966	2941356	31.94
1963	50-54	0.00731	0.03592	2.6	89805	3226	441297	2486390	27.69
1963	55-59	0.01045	0.05100	2.64	86579	4415	422459	2045093	23.62
1963	60-64	0.01601	0.07710	2.63	82164	6335	395801	1622634	19.75
1963	65-69	0.02380	0.11249	2.57	75829	8530	358449	1226833	16.18
1963	70-74	0.03610	0.16622	2.62	67299	11186	309861	868385	12.90
1963	75-79	0.05497	0.24208	2.54	56113	13584	247104	558524	9.95
1963	80-84	0.09536	0.38566	2.52	42529	16402	171995	311420	7.32
1963	85-89	0.15539	0.55084	2.36	26127	14392	92615	139425	5.34
1963	90-94	0.22363	0.68908	2.22	11735	8087	36161	46810	3.99
1963	95-99	0.32549	0.82076	1.98	3649	2995	9201	10648	2.92
1963	100-104	0.44227	0.90599	1.74	654	592	1340	1448	2.21
1963	105-109	0.56622	0.95285	1.52	61	59	103	108	1.75
1963	110+	0.66551	1.00000	1.5	3	3	4	4	1.50
1964	0	0.02566	0.02510	0.12	100000	2510	97803	7296884	72.97
1964	1-4	0.00105	0.00421	1.52	97490	410	388942	7199080	73.84
1964	5-9	0.00042	0.00210	2.24	97080	204	484836	6810138	70.15
1964	10-14	0.00034	0.00171	2.61	96875	166	483981	6325302	65.29
1964	15-19	0.00060	0.00297	2.68	96710	288	482880	5841321	60.40
1964	20-24	0.00078	0.00388	2.6	96422	374	481212	5358441	55.57
1964	25-29	0.00100	0.00496	2.68	96048	477	479136	4877229	50.78
1964	30-34	0.00154	0.00769	2.7	95571	735	476167	4398093	46.02
1964	35-39	0.00232	0.01152	2.66	94836	1093	471624	3921926	41.35
1964	40-44	0.00331	0.01641	2.64	93743	1539	465082	3450302	36.81
1964	45-49	0.00479	0.02368	2.7	92205	2183	455995	2985220	32.38
1964	50-54	0.00737	0.03620	2.64	90022	3259	442429	2529225	28.10
1964	55-59	0.00997	0.04868	2.63	86762	4224	423801	2086796	24.05
1964	60-64	0.01515	0.07318	2.68	82539	6041	398677	1662995	20.15
1964	65-69	0.02254	0.10689	2.58	76498	8177	362719	1264318	16.53
1964	70-74	0.03475	0.16039	2.6	68321	10958	315308	901599	13.20
1964	75-79	0.05244	0.23187	2.51	57363	13301	253645	586291	10.22
1964	80-84	0.09130	0.37316	2.55	44062	16442	180098	332645	7.55
1964	85-89	0.14684	0.52954	2.37	27620	14626	99606	152547	5.52
1964	90-94	0.21907	0.67982	2.21	12994	8834	40324	52941	4.07
1964	95-99	0.31155	0.80639	2.01	4160	3355	10768	12617	3.03
1964	100-104	0.42536	0.89662	1.77	806	722	1698	1849	2.30
1964	105-109	0.54797	0.94772	1.55	83	79	144	151	1.81
1964	110+	0.64720	1.00000	1.55	4	4	7	7	1.55
1965	0	0.02457	0.02405	0.12	100000	2405	97888	7308619	73.09
1965	1-4	0.00107	0.00429	1.56	97595	418	389359	7210731	73.88
1965	5-9	0.00041	0.00205	2.22	97177	199	485330	6821372	70.20
1965	10-14	0.00035	0.00173	2.64	96978	168	484492	6336042	65.34
1965	15-19	0.00057	0.00287	2.62	96810	278	483386	5851549	60.44
1965	20-24	0.00081	0.00405	2.63	96532	391	481732	5368164	55.61
1965	25-29	0.00097	0.00482	2.66	96141	463	479622	4886431	50.83
1965	30-34	0.00150	0.00750	2.68	95678	717	476724	4406810	46.06
1965	35-39	0.00222	0.01103	2.64	94961	1048	472332	3930086	41.39
1965	40-44	0.00340	0.01688	2.67	93913	1585	465869	3457754	36.82
1965	45-49	0.00491	0.02428	2.66	92328	2242	456399	2991885	32.40
1965	50-54	0.00716	0.03518	2.61	90086	3169	442856	2535486	28.15
1965	55-59	0.00994	0.04854	2.65	86917	4219	424659	2092630	24.08
1965	60-64	0.01492	0.07207	2.66	82698	5960	399538	1667971	20.17
1965	65-69	0.02264	0.10732	2.58	76737	8236	363742	1268433	16.53
1965	70-74	0.03392	0.15691	2.62	68502	10748	316885	904690	13.21
1965	75-79	0.05439	0.23981	2.54	57753	13850	254659	587805	10.18
1965	80-84	0.09095	0.37166	2.54	43904	16317	179414	333146	7.59
1965	85-89	0.14663	0.52898	2.37	27587	14593	99524	153733	5.57
1965	90-94	0.21193	0.66611	2.21	12994	8655	40841	54209	4.17
1965	95-99	0.30610	0.80028	2.02	4338	3472	11343	13368	3.08
1965	100-104	0.41724	0.89166	1.79	866	773	1852	2025	2.34
1965	105-109	0.53771	0.94452	1.57	94	89	165	173	1.84
1965	110+	0.63571	1.00000	1.57	5	5	8	8	1.57
1966	0	0.02390	0.02341	0.12	100000	2341	97940	7311351	73.11
1966	1-4	0.00104	0.00414	1.59	97659	405	389663	7213411	73.86
1966	5-9	0.00043	0.00215	2.32	97254	209	485710	6823748	70.16
1966	10-14	0.00033	0.00166	2.63	97045	161	484845	6338038	65.31
1966	15-19	0.00065	0.00326	2.72	96884	316	483701	5853193	60.41
1966	20-24	0.00081	0.00404	2.59	96569	390	481903	5369491	55.60
1966	25-29	0.00096	0.00480	2.53	96178	462	479752	4887589	50.82
1966	30-34	0.00156	0.00778	2.63	95716	744	476819	4407836	46.05
1966	35-39	0.00223	0.01110	2.62	94972	1054	472349	3931018	41.39
1966	40-44	0.00337	0.01672	2.66	93918	1570	465915	3458668	36.83
1966	45-49	0.00494	0.02440	2.62	92348	2254	456377	2992753	32.41
1966	50-54	0.00719	0.03534	2.61	90095	3184	442867	2536375	28.15
1966	55-59	0.00983	0.04802	2.59	86911	4173	424484	2093508	24.09
1966	60-64	0.01449	0.07002	2.6	82738	5793	399780	1669024	20.17
1966	65-69	0.02246	0.10644	2.55	76945	8190	364649	1269244	16.50
1966	70-74	0.03468	0.16010	2.6	68754	11007	317356	904595	13.16
1966	75-79	0.05414	0.23932	2.58	57747	13820	255264	587239	10.17
1966	80-84	0.08983	0.36740	2.52	43927	16139	179667	331975	7.56
1966	85-89	0.14771	0.53177	2.37	27788	14777	100042	152308	5.48
1966	90-94	0.22318	0.68568	2.19	13011	8922	39976	52265	4.02
1966	95-99	0.31466	0.80988	2	4090	3312	10526	12290	3.01
1966	100-104	0.43071	0.89982	1.77	778	700	1624	1764	2.27
1966	105-109	0.55524	0.94991	1.54	78	74	133	139	1.79
1966	110+	0.65566	1.00000	1.53	4	4	6	6	1.53
1967	0	0.02223	0.02180	0.12	100000	2180	98071	7366019	73.66
1967	1-4	0.00094	0.00377	1.55	97820	368	390379	7267948	74.30
1967	5-9	0.00041	0.00204	2.31	97452	199	486723	6877569	70.57
1967	10-14	0.00033	0.00165	2.62	97253	160	485881	6390846	65.71
1967	15-19	0.00059	0.00295	2.75	97092	287	484815	5904966	60.82
1967	20-24	0.00077	0.00382	2.58	96805	370	483134	5420150	55.99
1967	25-29	0.00093	0.00462	2.54	96436	445	481083	4937017	51.19
1967	30-34	0.00144	0.00719	2.73	95991	690	478385	4455934	46.42
1967	35-39	0.00212	0.01056	2.64	95300	1006	474129	3977549	41.74
1967	40-44	0.00330	0.01638	2.64	94294	1544	467823	3503420	37.15
1967	45-49	0.00480	0.02375	2.65	92750	2203	458575	3035597	32.73
1967	50-54	0.00719	0.03533	2.64	90547	3199	445185	2577022	28.46
1967	55-59	0.00966	0.04723	2.62	87348	4126	426936	2131837	24.41
1967	60-64	0.01391	0.06730	2.6	83222	5601	402673	1704900	20.49
1967	65-69	0.02177	0.10338	2.57	77621	8024	368631	1302227	16.78
1967	70-74	0.03360	0.15554	2.62	69597	10825	322187	933596	13.41
1967	75-79	0.05253	0.23270	2.55	58772	13676	260374	611409	10.40
1967	80-84	0.08588	0.35456	2.54	45096	15989	186180	351035	7.78
1967	85-89	0.14348	0.52281	2.41	29107	15217	106056	164855	5.66
1967	90-94	0.20891	0.66277	2.24	13889	9205	44063	58799	4.23
1967	95-99	0.29866	0.79215	2.04	4684	3710	12424	14736	3.15
1967	100-104	0.40993	0.88732	1.8	974	864	2107	2312	2.37
1967	105-109	0.53144	0.94263	1.58	110	103	195	205	1.86
1967	110+	0.63066	1.00000	1.59	6	6	10	10	1.59
1968	0	0.02165	0.02124	0.11	100000	2124	98117	7334132	73.34
1968	1-4	0.00094	0.00377	1.58	97876	369	390612	7236014	73.93
1968	5-9	0.00042	0.00212	2.33	97507	207	486983	6845402	70.20
1968	10-14	0.00035	0.00176	2.63	97300	172	486095	6358420	65.35
1968	15-19	0.00062	0.00309	2.72	97129	300	484958	5872324	60.46
1968	20-24	0.00082	0.00408	2.56	96828	395	483178	5387367	55.64
1968	25-29	0.00097	0.00485	2.61	96433	468	481050	4904189	50.86
1968	30-34	0.00145	0.00721	2.71	95966	692	478244	4423140	46.09
1968	35-39	0.00234	0.01165	2.65	95273	1110	473762	3944895	41.41
1968	40-44	0.00341	0.01693	2.63	94163	1594	467036	3471133	36.86
1968	45-49	0.00498	0.02463	2.64	92569	2280	457469	3004097	32.45
1968	50-54	0.00726	0.03569	2.6	90289	3223	443725	2546628	28.21
1968	55-59	0.00989	0.04830	2.64	87066	4206	425403	2102903	24.15
1968	60-64	0.01413	0.06833	2.58	82860	5662	400616	1677500	20.24
1968	65-69	0.02235	0.10603	2.58	77198	8185	366218	1276883	16.54
1968	70-74	0.03389	0.15672	2.61	69013	10816	319182	910665	13.20
1968	75-79	0.05414	0.23917	2.57	58197	13919	257106	591483	10.16
1968	80-84	0.08971	0.36786	2.56	44278	16288	181570	334377	7.55
1968	85-89	0.14884	0.53637	2.4	27990	15013	100865	152807	5.46
1968	90-94	0.22224	0.68322	2.18	12977	8866	39895	51941	4.00
1968	95-99	0.32350	0.81936	1.99	4111	3368	10412	12047	2.93
1968	100-104	0.44462	0.90764	1.74	743	674	1516	1635	2.20
1968	105-109	0.57319	0.95490	1.51	69	65	114	119	1.73
1968	110+	0.67575	1.00000	1.48	3	3	5	5	1.48
1969	0	0.02124	0.02085	0.11	100000	2085	98150	7367387	73.67
1969	1-4	0.00090	0.00359	1.6	97915	352	390819	7269237	74.24
1969	5-9	0.00041	0.00206	2.35	97564	201	487287	6878419	70.50
1969	10-14	0.00036	0.00180	2.63	97363	175	486400	6391132	65.64
1969	15-19	0.00066	0.00327	2.75	97188	318	485223	5904732	60.76
1969	20-24	0.00077	0.00382	2.59	96870	370	483458	5419509	55.95
1969	25-29	0.00096	0.00480	2.57	96500	463	481373	4936051	51.15
1969	30-34	0.00142	0.00708	2.68	96037	680	478607	4454678	46.39
1969	35-39	0.00221	0.01102	2.66	95357	1051	474327	3976071	41.70
1969	40-44	0.00345	0.01713	2.67	94306	1615	467776	3501744	37.13
1969	45-49	0.00491	0.02425	2.62	92691	2248	458099	3033968	32.73
1969	50-54	0.00709	0.03489	2.66	90444	3155	444821	2575870	28.48
1969	55-59	0.01005	0.04909	2.65	87289	4285	426357	2131048	24.41
1969	60-64	0.01380	0.06680	2.62	83004	5545	401825	1704691	20.54
1969	65-69	0.02171	0.10329	2.65	77459	8000	368491	1302866	16.82
1969	70-74	0.03275	0.15197	2.63	69458	10556	322269	934375	13.45
1969	75-79	0.05280	0.23418	2.59	58902	13794	261258	612106	10.39
1969	80-84	0.08521	0.35200	2.53	45109	15878	186339	350848	7.78
1969	85-89	0.14359	0.52176	2.38	29230	15251	106214	164509	5.63
1969	90-94	0.21206	0.66691	2.22	13979	9323	43963	58294	4.17
1969	95-99	0.30599	0.80073	2.02	4656	3729	12185	14331	3.08
1969	100-104	0.42161	0.89472	1.78	928	830	1969	2146	2.31
1969	105-109	0.54680	0.94755	1.55	98	93	169	177	1.81
1969	110+	0.64824	1.00000	1.54	5	5	8	8	1.54
1970	0	0.02042	0.02005	0.11	100000	2005	98216	7395660	73.96
1970	1-4	0.00087	0.00347	1.58	97995	340	391157	7297445	74.47
1970	5-9	0.00041	0.00203	2.3	97655	198	487737	6906287	70.72
1970	10-14	0.00031	0.00156	2.69	97456	152	486931	6418550	65.86
1970	15-19	0.00064	0.00321	2.73	97305	312	485814	5931619	60.96
1970	20-24	0.00076	0.00380	2.47	96992	368	484028	5445805	56.15
1970	25-29	0.00094	0.00470	2.58	96624	455	482018	4961777	51.35
1970	30-34	0.00142	0.00707	2.77	96169	680	479327	4479760	46.58
1970	35-39	0.00221	0.01100	2.64	95489	1050	474972	4000433	41.89
1970	40-44	0.00337	0.01672	2.6	94439	1579	468404	3525461	37.33
1970	45-49	0.00499	0.02467	2.61	92859	2291	458812	3057057	32.92
1970	50-54	0.00718	0.03529	2.62	90568	3196	445236	2598245	28.69
1970	55-59	0.00997	0.04868	2.61	87372	4254	426683	2153009	24.64
1970	60-64	0.01376	0.06662	2.6	83118	5537	402305	1726327	20.77
1970	65-69	0.02081	0.09913	2.62	77581	7691	369622	1324022	17.07
1970	70-74	0.03245	0.15059	2.62	69890	10524	324363	954400	13.66
1970	75-79	0.05151	0.22924	2.6	59366	13609	264186	630037	10.61
1970	80-84	0.08319	0.34537	2.54	45757	15803	189959	365852	8.00
1970	85-89	0.13388	0.49641	2.4	29954	14869	111067	175893	5.87
1970	90-94	0.20515	0.65361	2.22	15084	9859	48060	64825	4.30
1970	95-99	0.29174	0.78428	2.05	5225	4098	14046	16766	3.21
1970	100-104	0.40287	0.88294	1.82	1127	995	2470	2719	2.41
1970	105-109	0.52509	0.94063	1.59	132	124	236	249	1.89
1970	110+	0.62525	1.00000	1.6	8	8	13	13	1.60
1971	0	0.01865	0.01834	0.11	100000	1834	98359	7442015	74.42
1971	1-4	0.00084	0.00337	1.67	98166	331	391891	7343657	74.81
1971	5-9	0.00040	0.00201	2.2	97835	196	488625	6951765	71.06
1971	10-14	0.00034	0.00168	2.68	97639	164	487813	6463141	66.19
1971	15-19	0.00067	0.00332	2.75	97475	324	486644	5975328	61.30
1971	20-24	0.00076	0.00380	2.52	97150	370	484836	5488684	56.50
1971	25-29	0.00092	0.00457	2.66	96781	442	482868	5003848	51.70
1971	30-34	0.00138	0.00686	2.72	96339	661	480184	4520980	46.93
1971	35-39	0.00217	0.01081	2.69	95678	1035	475996	4040796	42.23
1971	40-44	0.00323	0.01604	2.66	94643	1518	469656	3564800	37.67
1971	45-49	0.00472	0.02332	2.63	93125	2172	460486	3095144	33.24
1971	50-54	0.00683	0.03361	2.6	90953	3057	447429	2634658	28.97
1971	55-59	0.00956	0.04672	2.62	87896	4106	429694	2187230	24.88
1971	60-64	0.01372	0.06638	2.57	83790	5562	405443	1757535	20.98
1971	65-69	0.01939	0.09255	2.55	78228	7240	373377	1352092	17.28
1971	70-74	0.03163	0.14694	2.59	70988	10431	329778	978715	13.79
1971	75-79	0.05028	0.22415	2.58	60557	13574	269952	648937	10.72
1971	80-84	0.08079	0.33723	2.55	46983	15844	196117	378985	8.07
1971	85-89	0.13241	0.49216	2.39	31139	15325	115741	182868	5.87
1971	90-94	0.20846	0.66114	2.23	15814	10455	50154	67127	4.24
1971	95-99	0.29575	0.78942	2.05	5359	4230	14304	16973	3.17
1971	100-104	0.41125	0.88865	1.81	1128	1003	2438	2670	2.37
1971	105-109	0.53767	0.94491	1.57	126	119	221	232	1.84
1971	110+	0.64069	1.00000	1.56	7	7	11	11	1.56
1972	0	0.01754	0.01727	0.1	100000	1727	98449	7440134	74.40
1972	1-4	0.00076	0.00304	1.69	98273	299	392401	7341684	74.71
1972	5-9	0.00040	0.00199	2.19	97974	195	489322	6949283	70.93
1972	10-14	0.00035	0.00175	2.6	97779	172	488483	6459961	66.07
1972	15-19	0.00067	0.00337	2.79	97607	329	487310	5971478	61.18
1972	20-24	0.00085	0.00422	2.45	97279	411	485348	5484169	56.38
1972	25-29	0.00092	0.00459	2.61	96868	445	483276	4998820	51.60
1972	30-34	0.00135	0.00673	2.63	96424	649	480576	4515544	46.83
1972	35-39	0.00209	0.01038	2.66	95774	994	476544	4034968	42.13
1972	40-44	0.00335	0.01662	2.75	94780	1575	470348	3558424	37.54
1972	45-49	0.00493	0.02435	2.65	93205	2269	460685	3088076	33.13
1972	50-54	0.00685	0.03369	2.65	90935	3063	447462	2627391	28.89
1972	55-59	0.00970	0.04742	2.63	87872	4167	429479	2179929	24.81
1972	60-64	0.01352	0.06549	2.61	83705	5482	405411	1750450	20.91
1972	65-69	0.02047	0.09750	2.57	78223	7627	372608	1345038	17.20
1972	70-74	0.03165	0.14701	2.58	70596	10378	327899	972430	13.77
1972	75-79	0.04945	0.22112	2.61	60218	13316	269281	644531	10.70
1972	80-84	0.08270	0.34354	2.54	46902	16113	194826	375250	8.00
1972	85-89	0.13456	0.49962	2.42	30790	15383	114318	180424	5.86
1972	90-94	0.20459	0.65867	2.3	15407	10148	49602	66106	4.29
1972	95-99	0.29898	0.79309	2.04	5259	4171	13949	16504	3.14
1972	100-104	0.41476	0.89077	1.8	1088	969	2337	2555	2.35
1972	105-109	0.54104	0.94592	1.56	119	112	208	218	1.83
1972	110+	0.64374	1.00000	1.55	6	6	10	10	1.55
1973	0	0.01789	0.01761	0.1	100000	1761	98421	7457902	74.58
1973	1-4	0.00079	0.00317	1.62	98239	311	392216	7359481	74.91
1973	5-9	0.00040	0.00202	2.33	97928	197	489114	6967265	71.15
1973	10-14	0.00033	0.00167	2.71	97731	164	488280	6478152	66.29
1973	15-19	0.00064	0.00319	2.63	97567	311	487098	5989872	61.39
1973	20-24	0.00076	0.00379	2.53	97256	368	485368	5502774	56.58
1973	25-29	0.00089	0.00443	2.65	96887	429	483429	5017407	51.79
1973	30-34	0.00135	0.00673	2.65	96459	649	480767	4533978	47.00
1973	35-39	0.00199	0.00992	2.66	95810	951	476827	4053211	42.30
1973	40-44	0.00326	0.01618	2.67	94859	1535	470715	3576383	37.70
1973	45-49	0.00469	0.02317	2.6	93324	2163	461435	3105668	33.28
1973	50-54	0.00683	0.03359	2.59	91162	3062	448444	2644233	29.01
1973	55-59	0.00956	0.04674	2.64	88100	4118	430765	2195788	24.92
1973	60-64	0.01350	0.06542	2.61	83982	5494	406805	1765024	21.02
1973	65-69	0.01945	0.09292	2.61	78489	7293	374997	1358219	17.30
1973	70-74	0.03171	0.14734	2.6	71196	10490	330779	983222	13.81
1973	75-79	0.04858	0.21753	2.6	60706	13205	271802	652443	10.75
1973	80-84	0.08149	0.33953	2.55	47500	16128	197917	380640	8.01
1973	85-89	0.13517	0.50126	2.42	31373	15726	116339	182723	5.82
1973	90-94	0.20687	0.65678	2.22	15647	10276	49675	66384	4.24
1973	95-99	0.30182	0.79652	2.04	5370	4277	14172	16708	3.11
1973	100-104	0.41990	0.89404	1.79	1093	977	2327	2536	2.32
1973	105-109	0.54822	0.94816	1.55	116	110	200	209	1.81
1973	110+	0.65220	1.00000	1.53	6	6	9	9	1.53
1974	0	0.01624	0.01601	0.1	100000	1601	98557	7534135	75.34
1974	1-4	0.00075	0.00301	1.63	98399	296	392897	7435578	75.57
1974	5-9	0.00034	0.00172	2.26	98103	169	490054	7042680	71.79
1974	10-14	0.00030	0.00149	2.61	97934	146	489323	6552626	66.91
1974	15-19	0.00062	0.00311	2.73	97788	304	488249	6063303	62.00
1974	20-24	0.00071	0.00354	2.46	97484	345	486539	5575054	57.19
1974	25-29	0.00083	0.00417	2.64	97138	405	484734	5088515	52.38
1974	30-34	0.00120	0.00597	2.73	96733	577	482357	4603781	47.59
1974	35-39	0.00181	0.00902	2.64	96156	867	478738	4121424	42.86
1974	40-44	0.00300	0.01489	2.69	95289	1419	473173	3642687	38.23
1974	45-49	0.00445	0.02201	2.63	93870	2066	464458	3169514	33.76
1974	50-54	0.00647	0.03185	2.6	91804	2924	452003	2705055	29.47
1974	55-59	0.00899	0.04401	2.6	88880	3911	435025	2253053	25.35
1974	60-64	0.01321	0.06405	2.64	84969	5443	411985	1818027	21.40
1974	65-69	0.01865	0.08925	2.61	79526	7098	380650	1406042	17.68
1974	70-74	0.02988	0.13964	2.66	72428	10114	338501	1025392	14.16
1974	75-79	0.04522	0.20413	2.62	62314	12720	281288	686891	11.02
1974	80-84	0.07907	0.33128	2.55	49594	16430	207787	405604	8.18
1974	85-89	0.13050	0.48903	2.44	33165	16218	124275	197816	5.96
1974	90-94	0.20107	0.64783	2.26	16946	10978	54599	73542	4.34
1974	95-99	0.29483	0.78859	2.05	5968	4706	15962	18942	3.17
1974	100-104	0.41194	0.88926	1.8	1262	1122	2724	2980	2.36
1974	105-109	0.54018	0.94579	1.56	140	132	245	256	1.83
1974	110+	0.64459	1.00000	1.55	8	8	12	12	1.55
1975	0	0.01618	0.01595	0.1	100000	1595	98562	7609177	76.09
1975	1-4	0.00064	0.00256	1.57	98405	252	393008	7510615	76.32
1975	5-9	0.00032	0.00160	2.39	98153	157	490357	7117606	72.52
1975	10-14	0.00026	0.00132	2.6	97996	130	489671	6627249	67.63
1975	15-19	0.00054	0.00270	2.66	97867	264	488717	6137578	62.71
1975	20-24	0.00069	0.00344	2.47	97603	336	487166	5648861	57.88
1975	25-29	0.00076	0.00378	2.6	97267	368	485452	5161695	53.07
1975	30-34	0.00102	0.00510	2.55	96899	494	483286	4676244	48.26
1975	35-39	0.00172	0.00855	2.74	96405	824	480163	4192957	43.49
1975	40-44	0.00274	0.01361	2.67	95581	1301	474875	3712794	38.84
1975	45-49	0.00416	0.02062	2.73	94280	1944	466984	3237920	34.34
1975	50-54	0.00613	0.03019	2.62	92336	2787	455046	2770936	30.01
1975	55-59	0.00876	0.04293	2.62	89548	3844	438601	2315890	25.86
1975	60-64	0.01246	0.06052	2.63	85705	5187	416251	1877289	21.90
1975	65-69	0.01759	0.08441	2.62	80517	6797	386398	1461038	18.15
1975	70-74	0.02822	0.13224	2.63	73721	9749	345516	1074640	14.58
1975	75-79	0.04354	0.19708	2.6	63972	12607	289564	729124	11.40
1975	80-84	0.07406	0.31381	2.57	51364	16119	217651	439560	8.56
1975	85-89	0.12004	0.45970	2.45	35246	16203	134980	221909	6.30
1975	90-94	0.18974	0.62691	2.29	19043	11938	62919	86930	4.56
1975	95-99	0.27402	0.76282	2.09	7105	5420	19779	24011	3.38
1975	100-104	0.38525	0.87132	1.86	1685	1468	3811	4232	2.51
1975	105-109	0.50993	0.93565	1.62	217	203	398	421	1.94
1975	110+	0.61308	1.00000	1.63	14	14	23	23	1.63
1976	0	0.01539	0.01517	0.1	100000	1517	98628	7637728	76.38
1976	1-4	0.00067	0.00269	1.6	98483	265	393294	7539099	76.55
1976	5-9	0.00028	0.00141	2.39	98218	139	490729	7145805	72.75
1976	10-14	0.00026	0.00130	2.88	98079	128	490126	6655077	67.85
1976	15-19	0.00051	0.00254	2.77	97952	249	489203	6164951	62.94
1976	20-24	0.00063	0.00313	2.42	97703	306	487728	5675748	58.09
1976	25-29	0.00080	0.00398	2.6	97397	388	486058	5188020	53.27
1976	30-34	0.00097	0.00484	2.68	97010	470	483958	4701962	48.47
1976	35-39	0.00158	0.00786	2.69	96540	759	480950	4218004	43.69
1976	40-44	0.00252	0.01251	2.66	95781	1198	476102	3737054	39.02
1976	45-49	0.00386	0.01911	2.69	94583	1808	468733	3260951	34.48
1976	50-54	0.00599	0.02954	2.63	92775	2740	457382	2792218	30.10
1976	55-59	0.00876	0.04293	2.62	90035	3865	440970	2334837	25.93
1976	60-64	0.01223	0.05944	2.63	86170	5122	418696	1893867	21.98
1976	65-69	0.01736	0.08338	2.62	81048	6758	389186	1475171	18.20
1976	70-74	0.02688	0.12625	2.6	74291	9379	348922	1085985	14.62
1976	75-79	0.04408	0.19936	2.61	64912	12941	293575	737063	11.35
1976	80-84	0.07388	0.31326	2.57	51971	16280	220361	443488	8.53
1976	85-89	0.12073	0.46137	2.45	35690	16467	136393	223126	6.25
1976	90-94	0.19183	0.63002	2.28	19224	12111	63136	86733	4.51
1976	95-99	0.27979	0.77048	2.08	7112	5480	19586	23597	3.32
1976	100-104	0.39445	0.87798	1.84	1632	1433	3634	4011	2.46
1976	105-109	0.52212	0.94005	1.6	199	187	359	378	1.90
1976	110+	0.62717	1.00000	1.59	12	12	19	19	1.59
1977	0	0.01499	0.01479	0.09	100000	1479	98661	7664510	76.65
1977	1-4	0.00062	0.00248	1.57	98521	244	393491	7565848	76.79
1977	5-9	0.00029	0.00144	2.31	98276	141	491003	7172358	72.98
1977	10-14	0.00026	0.00132	2.58	98135	129	490364	6681355	68.08
1977	15-19	0.00058	0.00291	2.73	98006	285	489383	6190990	63.17
1977	20-24	0.00066	0.00328	2.53	97721	321	487813	5701607	58.35
1977	25-29	0.00069	0.00346	2.6	97400	337	486191	5213794	53.53
1977	30-34	0.00096	0.00479	2.67	97063	465	484232	4727603	48.71
1977	35-39	0.00150	0.00749	2.72	96598	724	481340	4243371	43.93
1977	40-44	0.00250	0.01243	2.69	95874	1192	476612	3762031	39.24
1977	45-49	0.00379	0.01877	2.64	94682	1777	469226	3285419	34.70
1977	50-54	0.00589	0.02904	2.61	92906	2698	458073	2816193	30.31
1977	55-59	0.00852	0.04175	2.6	90208	3766	442009	2358120	26.14
1977	60-64	0.01212	0.05890	2.63	86442	5092	420124	1916112	22.17
1977	65-69	0.01717	0.08251	2.64	81351	6712	390939	1495988	18.39
1977	70-74	0.02657	0.12498	2.63	74638	9328	351065	1105049	14.81
1977	75-79	0.04309	0.19524	2.6	65310	12751	295931	753984	11.54
1977	80-84	0.07136	0.30425	2.58	52559	15991	224080	458053	8.72
1977	85-89	0.11612	0.44841	2.46	36568	16397	141213	233973	6.40
1977	90-94	0.18746	0.62129	2.29	20171	12532	66850	92760	4.60
1977	95-99	0.27250	0.76117	2.1	7639	5814	21337	25909	3.39
1977	100-104	0.38594	0.87211	1.86	1824	1591	4123	4572	2.51
1977	105-109	0.51330	0.93704	1.61	233	219	426	450	1.93
1977	110+	0.61861	1.00000	1.62	15	15	24	24	1.62
1978	0	0.01389	0.01372	0.09	100000	1372	98754	7685406	76.85
1978	1-4	0.00063	0.00252	1.58	98628	249	393911	7586652	76.92
1978	5-9	0.00028	0.00138	2.24	98380	136	491523	7192740	73.11
1978	10-14	0.00026	0.00128	2.6	98243	126	490916	6701218	68.21
1978	15-19	0.00052	0.00258	2.65	98118	253	489994	6210302	63.29
1978	20-24	0.00064	0.00318	2.52	97864	312	488551	5720307	58.45
1978	25-29	0.00073	0.00365	2.54	97553	356	486891	5231756	53.63
1978	30-34	0.00094	0.00469	2.71	97197	456	484941	4744865	48.82
1978	35-39	0.00147	0.00733	2.67	96741	709	482059	4259924	44.03
1978	40-44	0.00242	0.01205	2.69	96033	1157	477494	3777865	39.34
1978	45-49	0.00380	0.01881	2.61	94875	1785	470106	3300371	34.79
1978	50-54	0.00569	0.02806	2.61	93090	2612	459218	2830265	30.40
1978	55-59	0.00831	0.04073	2.64	90478	3686	443709	2371046	26.21
1978	60-64	0.01201	0.05836	2.61	86793	5065	421866	1927337	22.21
1978	65-69	0.01712	0.08225	2.61	81727	6722	392581	1505471	18.42
1978	70-74	0.02637	0.12406	2.62	75005	9305	352881	1112890	14.84
1978	75-79	0.04277	0.19394	2.6	65700	12742	297893	760009	11.57
1978	80-84	0.07060	0.30127	2.57	52958	15955	225997	462116	8.73
1978	85-89	0.11778	0.45344	2.46	37003	16779	142452	236120	6.38
1978	90-94	0.18397	0.61447	2.3	20225	12427	67553	93668	4.63
1978	95-99	0.27638	0.76645	2.09	7797	5976	21622	26115	3.35
1978	100-104	0.39260	0.87698	1.85	1821	1597	4068	4492	2.47
1978	105-109	0.52250	0.94034	1.6	224	211	403	424	1.89
1978	110+	0.62945	1.00000	1.59	13	13	21	21	1.59
1979	0	0.01412	0.01394	0.09	100000	1394	98735	7724297	77.24
1979	1-4	0.00060	0.00241	1.56	98606	237	393844	7625563	77.33
1979	5-9	0.00026	0.00132	2.42	98368	130	491506	7231718	73.52
1979	10-14	0.00026	0.00130	2.77	98238	128	490907	6740212	68.61
1979	15-19	0.00055	0.00273	2.61	98111	268	489913	6249305	63.70
1979	20-24	0.00065	0.00325	2.53	97843	318	488431	5759392	58.86
1979	25-29	0.00072	0.00361	2.58	97525	352	486774	5270961	54.05
1979	30-34	0.00090	0.00449	2.62	97173	437	484827	4784187	49.23
1979	35-39	0.00138	0.00689	2.65	96737	666	482115	4299360	44.44
1979	40-44	0.00230	0.01144	2.74	96071	1099	477872	3817245	39.73
1979	45-49	0.00361	0.01788	2.65	94971	1698	470863	3339373	35.16
1979	50-54	0.00539	0.02663	2.67	93273	2484	460574	2868511	30.75
1979	55-59	0.00806	0.03951	2.61	90790	3588	445377	2407937	26.52
1979	60-64	0.01159	0.05637	2.62	87202	4916	424316	1962560	22.51
1979	65-69	0.01663	0.08000	2.62	82286	6583	395784	1538243	18.69
1979	70-74	0.02573	0.12127	2.64	75703	9181	356865	1142459	15.09
1979	75-79	0.04097	0.18656	2.61	66523	12411	302893	785594	11.81
1979	80-84	0.06895	0.29526	2.57	54112	15977	231715	482701	8.92
1979	85-89	0.11336	0.43977	2.45	38135	16771	147940	250986	6.58
1979	90-94	0.17529	0.59714	2.33	21364	12757	72779	103046	4.82
1979	95-99	0.26120	0.74573	2.12	8607	6418	24572	30267	3.52
1979	100-104	0.37037	0.86034	1.89	2188	1883	5084	5694	2.60
1979	105-109	0.49451	0.92991	1.65	306	284	575	611	2.00
1979	110+	0.59806	1.00000	1.67	21	21	36	36	1.67
1980	0	0.01346	0.01330	0.09	100000	1330	98791	7715492	77.15
1980	1-4	0.00059	0.00236	1.57	98670	233	394116	7616701	77.19
1980	5-9	0.00027	0.00136	2.3	98438	134	491828	7222585	73.37
1980	10-14	0.00023	0.00117	2.57	98304	115	491239	6730758	68.47
1980	15-19	0.00058	0.00288	2.65	98189	283	490279	6239518	63.55
1980	20-24	0.00067	0.00337	2.54	97906	330	488718	5749240	58.72
1980	25-29	0.00074	0.00371	2.55	97576	362	486994	5260522	53.91
1980	30-34	0.00093	0.00466	2.58	97214	453	484975	4773528	49.10
1980	35-39	0.00139	0.00695	2.69	96761	672	482252	4288553	44.32
1980	40-44	0.00215	0.01069	2.71	96089	1027	478089	3806300	39.61
1980	45-49	0.00358	0.01775	2.66	95062	1687	471366	3328212	35.01
1980	50-54	0.00542	0.02674	2.64	93375	2497	460988	2856845	30.60
1980	55-59	0.00805	0.03947	2.62	90877	3587	445837	2395857	26.36
1980	60-64	0.01177	0.05724	2.63	87290	4997	424590	1950020	22.34
1980	65-69	0.01708	0.08206	2.61	82294	6753	395343	1525430	18.54
1980	70-74	0.02617	0.12320	2.63	75541	9307	355615	1130087	14.96
1980	75-79	0.04119	0.18729	2.58	66234	12405	301188	774473	11.69
1980	80-84	0.07043	0.30014	2.54	53829	16156	229404	473284	8.79
1980	85-89	0.11462	0.44358	2.45	37673	16711	145798	243880	6.47
1980	90-94	0.18303	0.61188	2.29	20962	12826	70076	98082	4.68
1980	95-99	0.26787	0.75491	2.11	8136	6142	22929	28006	3.44
1980	100-104	0.37929	0.86718	1.87	1994	1729	4559	5077	2.55
1980	105-109	0.50506	0.93399	1.63	265	247	490	518	1.96
1980	110+	0.60945	1.00000	1.64	17	17	29	29	1.64
1981	0	0.01248	0.01233	0.09	100000	1233	98875	7733296	77.33
1981	1-4	0.00060	0.00238	1.58	98767	235	394498	7634421	77.30
1981	5-9	0.00027	0.00137	2.32	98532	135	492297	7239923	73.48
1981	10-14	0.00024	0.00121	2.87	98397	119	491731	6747625	68.58
1981	15-19	0.00054	0.00268	2.84	98278	263	490822	6255895	63.66
1981	20-24	0.00063	0.00313	2.55	98015	307	489323	5765073	58.82
1981	25-29	0.00074	0.00368	2.54	97708	360	487657	5275750	53.99
1981	30-34	0.00090	0.00447	2.64	97349	436	485716	4788093	49.18
1981	35-39	0.00131	0.00654	2.67	96913	634	483088	4302377	44.39
1981	40-44	0.00219	0.01088	2.72	96279	1048	479003	3819289	39.67
1981	45-49	0.00343	0.01704	2.64	95232	1622	472336	3340286	35.08
1981	50-54	0.00531	0.02621	2.67	93609	2454	462330	2867950	30.64
1981	55-59	0.00804	0.03946	2.61	91155	3597	447199	2405620	26.39
1981	60-64	0.01167	0.05673	2.58	87559	4968	425770	1958421	22.37
1981	65-69	0.01708	0.08203	2.61	82591	6775	396764	1532651	18.56
1981	70-74	0.02612	0.12291	2.61	75816	9318	356812	1135887	14.98
1981	75-79	0.04019	0.18305	2.57	66497	12172	302852	779075	11.72
1981	80-84	0.07030	0.29932	2.52	54325	16261	231302	476223	8.77
1981	85-89	0.11598	0.44783	2.46	38065	17046	146980	244921	6.43
1981	90-94	0.18422	0.61461	2.29	21018	12918	70124	97940	4.66
1981	95-99	0.26864	0.75594	2.11	8100	6123	22793	27817	3.43
1981	100-104	0.38015	0.86780	1.87	1977	1716	4513	5024	2.54
1981	105-109	0.50589	0.93429	1.63	261	244	483	511	1.95
1981	110+	0.61021	1.00000	1.64	17	17	28	28	1.64
1982	0	0.01205	0.01191	0.09	100000	1191	98912	7780607	77.81
1982	1-4	0.00054	0.00216	1.47	98809	214	394693	7681695	77.74
1982	5-9	0.00027	0.00133	2.34	98595	132	492625	7287002	73.91
1982	10-14	0.00023	0.00115	2.72	98463	114	492057	6794377	69.00
1982	15-19	0.00051	0.00255	2.72	98350	250	491177	6302320	64.08
1982	20-24	0.00059	0.00297	2.51	98099	291	489771	5811143	59.24
1982	25-29	0.00070	0.00350	2.57	97808	342	488210	5321372	54.41
1982	30-34	0.00086	0.00429	2.65	97466	418	486349	4833162	49.59
1982	35-39	0.00128	0.00637	2.67	97048	618	483798	4346813	44.79
1982	40-44	0.00204	0.01018	2.69	96430	981	479881	3863015	40.06
1982	45-49	0.00335	0.01663	2.72	95449	1587	473631	3383134	35.44
1982	50-54	0.00510	0.02519	2.65	93862	2364	463756	2909502	31.00
1982	55-59	0.00760	0.03731	2.64	91497	3414	449440	2445746	26.73
1982	60-64	0.01146	0.05577	2.61	88084	4912	428691	1996306	22.66
1982	65-69	0.01650	0.07942	2.63	83172	6605	400224	1567615	18.85
1982	70-74	0.02540	0.11975	2.62	76566	9169	361007	1167390	15.25
1982	75-79	0.03978	0.18159	2.6	67398	12239	307652	806384	11.96
1982	80-84	0.06701	0.28816	2.57	55159	15894	237208	498732	9.04
1982	85-89	0.11080	0.43322	2.48	39265	17010	153515	261524	6.66
1982	90-94	0.17376	0.59256	2.32	22255	13187	75891	108009	4.85
1982	95-99	0.25874	0.74247	2.13	9067	6732	26020	32119	3.54
1982	100-104	0.36869	0.85919	1.89	2335	2006	5442	6099	2.61
1982	105-109	0.49408	0.92985	1.65	329	306	619	657	2.00
1982	110+	0.59878	1.00000	1.67	23	23	39	39	1.67
1983	0	0.01138	0.01126	0.08	100000	1126	98970	7784006	77.84
1983	1-4	0.00051	0.00205	1.52	98874	203	394993	7685037	77.73
1983	5-9	0.00023	0.00115	2.15	98671	113	493035	7290043	73.88
1983	10-14	0.00020	0.00098	2.79	98558	97	492577	6797009	68.96
1983	15-19	0.00048	0.00237	2.83	98461	234	491798	6304432	64.03
1983	20-24	0.00058	0.00290	2.59	98228	285	490453	5812634	59.18
1983	25-29	0.00066	0.00330	2.53	97943	323	488917	5322181	54.34
1983	30-34	0.00083	0.00415	2.58	97620	405	487120	4833263	49.51
1983	35-39	0.00121	0.00604	2.66	97215	587	484705	4346143	44.71
1983	40-44	0.00196	0.00975	2.66	96628	943	480935	3861438	39.96
1983	45-49	0.00311	0.01542	2.71	95686	1476	475054	3380503	35.33
1983	50-54	0.00513	0.02532	2.68	94210	2386	465509	2905449	30.84
1983	55-59	0.00771	0.03788	2.63	91824	3478	450889	2439939	26.57
1983	60-64	0.01169	0.05689	2.63	88347	5026	429831	1989051	22.51
1983	65-69	0.01654	0.07954	2.61	83321	6628	400760	1559219	18.71
1983	70-74	0.02582	0.12164	2.63	76693	9329	361326	1158459	15.11
1983	75-79	0.03991	0.18214	2.61	67364	12270	307471	797133	11.83
1983	80-84	0.06945	0.29739	2.59	55095	16384	235916	489662	8.89
1983	85-89	0.11281	0.43800	2.45	38710	16955	150290	253746	6.56
1983	90-94	0.17809	0.60203	2.31	21755	13097	73542	103456	4.76
1983	95-99	0.26651	0.75325	2.11	8658	6522	24471	29915	3.46
1983	100-104	0.37887	0.86701	1.87	2136	1852	4889	5444	2.55
1983	105-109	0.50589	0.93439	1.63	284	265	525	555	1.95
1983	110+	0.61135	1.00000	1.64	19	19	30	30	1.64
1984	0	0.01115	0.01104	0.08	100000	1104	98989	7794331	77.94
1984	1-4	0.00051	0.00204	1.61	98896	201	395102	7695342	77.81
1984	5-9	0.00022	0.00112	2.38	98695	111	493183	7300240	73.97
1984	10-14	0.00022	0.00109	2.66	98584	107	492668	6807056	69.05
1984	15-19	0.00047	0.00235	2.7	98477	231	491852	6314388	64.12
1984	20-24	0.00060	0.00302	2.57	98246	296	490507	5822536	59.27
1984	25-29	0.00068	0.00340	2.6	97949	333	488945	5332029	54.44
1984	30-34	0.00085	0.00422	2.61	97616	412	487097	4843083	49.61
1984	35-39	0.00117	0.00585	2.64	97205	569	484679	4355986	44.81
1984	40-44	0.00202	0.01007	2.68	96636	974	480923	3871307	40.06
1984	45-49	0.00313	0.01556	2.68	95662	1489	474863	3390385	35.44
1984	50-54	0.00503	0.02486	2.7	94173	2342	465492	2915521	30.96
1984	55-59	0.00760	0.03733	2.66	91832	3429	451121	2450029	26.68
1984	60-64	0.01152	0.05607	2.66	88403	4957	430398	1998908	22.61
1984	65-69	0.01679	0.08075	2.62	83446	6738	401228	1568510	18.80
1984	70-74	0.02560	0.12066	2.62	76708	9256	361543	1167282	15.22
1984	75-79	0.03952	0.18052	2.6	67452	12176	308085	805738	11.95
1984	80-84	0.06773	0.29115	2.59	55276	16094	237613	497654	9.00
1984	85-89	0.11042	0.43126	2.46	39182	16898	153028	260041	6.64
1984	90-94	0.17609	0.59847	2.32	22285	13337	75736	107013	4.80
1984	95-99	0.26275	0.74820	2.12	8948	6695	25480	31277	3.50
1984	100-104	0.37483	0.86406	1.88	2253	1947	5194	5797	2.57
1984	105-109	0.50208	0.93302	1.63	306	286	569	603	1.97
1984	110+	0.60797	1.00000	1.64	21	21	34	34	1.64
1985	0	0.01115	0.01103	0.08	100000	1103	98990	7785427	77.85
1985	1-4	0.00051	0.00204	1.58	98897	202	395098	7686437	77.72
1985	5-9	0.00022	0.00110	2.18	98695	108	493168	7291340	73.88
1985	10-14	0.00023	0.00116	2.54	98587	114	492652	6798171	68.96
1985	15-19	0.00048	0.00242	2.67	98472	239	491806	6305519	64.03
1985	20-24	0.00059	0.00296	2.52	98234	291	490450	5813714	59.18
1985	25-29	0.00066	0.00328	2.58	97943	321	488940	5323264	54.35
1985	30-34	0.00085	0.00425	2.63	97622	415	487127	4834324	49.52
1985	35-39	0.00121	0.00605	2.62	97207	588	484638	4347197	44.72
1985	40-44	0.00194	0.00967	2.68	96619	934	480931	3862559	39.98
1985	45-49	0.00321	0.01593	2.74	95685	1524	474984	3381628	35.34
1985	50-54	0.00498	0.02464	2.66	94161	2320	465372	2906644	30.87
1985	55-59	0.00764	0.03754	2.65	91841	3448	451109	2441272	26.58
1985	60-64	0.01156	0.05626	2.62	88393	4973	430120	1990163	22.51
1985	65-69	0.01659	0.07979	2.6	83420	6656	401130	1560043	18.70
1985	70-74	0.02570	0.12107	2.62	76764	9294	361670	1158913	15.10
1985	75-79	0.04004	0.18259	2.59	67470	12320	307716	797243	11.82
1985	80-84	0.06814	0.29240	2.58	55150	16126	236648	489527	8.88
1985	85-89	0.11373	0.44156	2.47	39024	17231	151515	252879	6.48
1985	90-94	0.18349	0.61489	2.32	21793	13400	73028	101364	4.65
1985	95-99	0.27351	0.76299	2.1	8393	6403	23412	28336	3.38
1985	100-104	0.39097	0.87607	1.85	1989	1743	4457	4924	2.48
1985	105-109	0.52267	0.94053	1.6	247	232	444	467	1.89
1985	110+	0.63117	1.00000	1.58	15	15	23	23	1.58
1986	0	0.01060	0.01050	0.08	100000	1050	99037	7791704	77.92
1986	1-4	0.00051	0.00204	1.61	98950	201	395320	7692666	77.74
1986	5-9	0.00024	0.00122	2.37	98749	121	493426	7297346	73.90
1986	10-14	0.00022	0.00108	2.64	98628	106	492890	6803920	68.99
1986	15-19	0.00051	0.00252	2.73	98522	249	492045	6311030	64.06
1986	20-24	0.00062	0.00310	2.51	98273	304	490609	5818985	59.21
1986	25-29	0.00070	0.00350	2.57	97969	343	489011	5328376	54.39
1986	30-34	0.00090	0.00451	2.61	97626	441	487078	4839365	49.57
1986	35-39	0.00120	0.00599	2.61	97185	582	484532	4352287	44.78
1986	40-44	0.00195	0.00970	2.68	96603	937	480841	3867755	40.04
1986	45-49	0.00299	0.01484	2.65	95666	1420	474998	3386914	35.40
1986	50-54	0.00488	0.02411	2.67	94246	2272	465942	2911916	30.90
1986	55-59	0.00737	0.03624	2.7	91974	3333	452202	2445974	26.59
1986	60-64	0.01157	0.05629	2.62	88640	4990	431350	1993772	22.49
1986	65-69	0.01671	0.08032	2.59	83650	6719	402056	1562422	18.68
1986	70-74	0.02618	0.12324	2.63	76932	9481	362187	1160366	15.08
1986	75-79	0.03982	0.18157	2.58	67451	12247	307594	798179	11.83
1986	80-84	0.06838	0.29288	2.55	55204	16168	236432	490585	8.89
1986	85-89	0.11236	0.43657	2.45	39035	17042	151672	254153	6.51
1986	90-94	0.18317	0.61351	2.31	21994	13494	73668	102481	4.66
1986	95-99	0.27229	0.76133	2.11	8500	6471	23767	28813	3.39
1986	100-104	0.38893	0.87458	1.85	2029	1774	4562	5047	2.49
1986	105-109	0.51988	0.93956	1.6	254	239	460	484	1.90
1986	110+	0.62793	1.00000	1.59	15	15	24	24	1.59
1987	0	0.01044	0.01034	0.08	100000	1034	99051	7802154	78.02
1987	1-4	0.00052	0.00207	1.59	98966	205	395369	7703103	77.84
1987	5-9	0.00023	0.00113	2.26	98761	112	493497	7307734	73.99
1987	10-14	0.00021	0.00104	2.72	98649	103	493010	6814236	69.08
1987	15-19	0.00050	0.00251	2.65	98546	247	492149	6321226	64.14
1987	20-24	0.00061	0.00305	2.51	98299	300	490747	5829077	59.30
1987	25-29	0.00069	0.00345	2.52	97999	338	489158	5338330	54.47
1987	30-34	0.00093	0.00465	2.56	97661	454	487199	4849172	49.65
1987	35-39	0.00123	0.00616	2.66	97207	598	484635	4361973	44.87
1987	40-44	0.00188	0.00934	2.63	96608	903	480900	3877338	40.13
1987	45-49	0.00302	0.01500	2.7	95706	1435	475228	3396438	35.49
1987	50-54	0.00478	0.02362	2.69	94270	2227	466199	2921210	30.99
1987	55-59	0.00734	0.03609	2.69	92043	3322	452542	2455011	26.67
1987	60-64	0.01156	0.05625	2.63	88721	4991	431784	2002468	22.57
1987	65-69	0.01683	0.08088	2.6	83730	6772	402397	1570684	18.76
1987	70-74	0.02541	0.11985	2.64	76958	9223	363032	1168287	15.18
1987	75-79	0.03978	0.18157	2.6	67735	12299	309152	805255	11.89
1987	80-84	0.06702	0.28818	2.57	55436	15976	238374	496104	8.95
1987	85-89	0.11239	0.43746	2.47	39461	17262	153596	257730	6.53
1987	90-94	0.18062	0.60867	2.32	22198	13511	74807	104133	4.69
1987	95-99	0.27337	0.76299	2.1	8687	6628	24245	29327	3.38
1987	100-104	0.39220	0.87707	1.85	2059	1806	4604	5081	2.47
1987	105-109	0.52542	0.94154	1.59	253	238	454	477	1.88
1987	110+	0.63507	1.00000	1.57	15	15	23	23	1.57
1988	0	0.01092	0.01081	0.08	100000	1081	99010	7795099	77.95
1988	1-4	0.00051	0.00204	1.61	98919	202	395196	7696089	77.80
1988	5-9	0.00024	0.00119	2.55	98718	117	493302	7300893	73.96
1988	10-14	0.00024	0.00121	2.68	98601	120	492725	6807592	69.04
1988	15-19	0.00052	0.00257	2.63	98481	253	491804	6314867	64.12
1988	20-24	0.00060	0.00302	2.53	98228	296	490405	5823062	59.28
1988	25-29	0.00077	0.00386	2.6	97931	378	488749	5332657	54.45
1988	30-34	0.00096	0.00478	2.56	97553	466	486631	4843908	49.65
1988	35-39	0.00127	0.00632	2.63	97087	614	483978	4357277	44.88
1988	40-44	0.00186	0.00926	2.68	96473	893	480297	3873299	40.15
1988	45-49	0.00305	0.01512	2.74	95580	1446	474640	3393002	35.50
1988	50-54	0.00472	0.02333	2.7	94134	2196	465614	2918362	31.00
1988	55-59	0.00749	0.03682	2.63	91938	3385	451668	2452748	26.68
1988	60-64	0.01137	0.05535	2.61	88553	4902	431066	2001080	22.60
1988	65-69	0.01657	0.07969	2.61	83652	6667	402319	1570014	18.77
1988	70-74	0.02519	0.11892	2.65	76985	9155	363431	1167695	15.17
1988	75-79	0.03978	0.18165	2.62	67830	12322	309766	804264	11.86
1988	80-84	0.06768	0.29067	2.57	55509	16135	238401	494498	8.91
1988	85-89	0.11285	0.43964	2.49	39374	17310	153385	256096	6.50
1988	90-94	0.18253	0.61263	2.32	22064	13517	74052	102711	4.66
1988	95-99	0.27555	0.76584	2.1	8547	6545	23754	28660	3.35
1988	100-104	0.39513	0.87910	1.84	2001	1759	4453	4906	2.45
1988	105-109	0.52885	0.94267	1.59	242	228	431	453	1.87
1988	110+	0.63868	1.00000	1.57	14	14	22	22	1.57
1989	0	0.01068	0.01057	0.08	100000	1057	99030	7822832	78.23
1989	1-4	0.00050	0.00201	1.56	98943	198	395286	7723802	78.06
1989	5-9	0.00022	0.00109	2.29	98744	108	493430	7328516	74.22
1989	10-14	0.00023	0.00114	2.59	98637	113	492912	6835086	69.30
1989	15-19	0.00052	0.00259	2.7	98524	256	492034	6342174	64.37
1989	20-24	0.00059	0.00297	2.55	98269	292	490630	5850140	59.53
1989	25-29	0.00075	0.00375	2.55	97977	367	488988	5359510	54.70
1989	30-34	0.00103	0.00513	2.67	97610	500	486886	4870523	49.90
1989	35-39	0.00125	0.00622	2.51	97110	604	484047	4383637	45.14
1989	40-44	0.00188	0.00938	2.67	96506	905	480417	3899590	40.41
1989	45-49	0.00286	0.01419	2.63	95601	1356	474785	3419173	35.77
1989	50-54	0.00460	0.02277	2.68	94244	2146	466235	2944388	31.24
1989	55-59	0.00741	0.03644	2.65	92098	3356	452619	2478154	26.91
1989	60-64	0.01111	0.05414	2.64	88742	4805	432373	2025535	22.82
1989	65-69	0.01630	0.07848	2.63	83938	6587	404085	1593162	18.98
1989	70-74	0.02462	0.11638	2.66	77350	9002	365651	1189077	15.37
1989	75-79	0.03858	0.17667	2.62	68349	12075	312972	823426	12.05
1989	80-84	0.06573	0.28358	2.58	56273	15958	242791	510454	9.07
1989	85-89	0.10911	0.42808	2.49	40315	17258	158180	267662	6.64
1989	90-94	0.17729	0.60285	2.35	23057	13900	78403	109483	4.75
1989	95-99	0.27143	0.76065	2.11	9157	6965	25662	31080	3.39
1989	100-104	0.39135	0.87666	1.85	2192	1921	4910	5419	2.47
1989	105-109	0.52609	0.94187	1.59	270	255	484	509	1.88
1989	110+	0.63701	1.00000	1.57	16	16	25	25	1.57
1990	0	0.01003	0.00994	0.08	100000	994	99087	7855976	78.56
1990	1-4	0.00043	0.00173	1.59	99006	172	395612	7756889	78.35
1990	5-9	0.00020	0.00099	2.31	98835	98	493912	7361278	74.48
1990	10-14	0.00021	0.00104	2.74	98737	102	493454	6867366	69.55
1990	15-19	0.00051	0.00253	2.67	98635	250	492592	6373912	64.62
1990	20-24	0.00059	0.00292	2.64	98385	288	491247	5881320	59.78
1990	25-29	0.00074	0.00369	2.55	98097	362	489599	5390074	54.95
1990	30-34	0.00100	0.00499	2.54	97735	488	487476	4900474	50.14
1990	35-39	0.00128	0.00640	2.59	97247	622	484740	4412998	45.38
1990	40-44	0.00178	0.00885	2.64	96625	855	481104	3928258	40.65
1990	45-49	0.00284	0.01412	2.67	95770	1352	475695	3447154	35.99
1990	50-54	0.00463	0.02291	2.69	94418	2163	467089	2971459	31.47
1990	55-59	0.00709	0.03484	2.64	92255	3214	453678	2504370	27.15
1990	60-64	0.01085	0.05291	2.64	89040	4711	434088	2050692	23.03
1990	65-69	0.01583	0.07624	2.6	84329	6429	406184	1616604	19.17
1990	70-74	0.02407	0.11383	2.62	77900	8867	368375	1210421	15.54
1990	75-79	0.03764	0.17256	2.59	69032	11912	316453	842046	12.20
1990	80-84	0.06416	0.27738	2.56	57120	15844	246932	525592	9.20
1990	85-89	0.10621	0.41953	2.5	41276	17317	163050	278660	6.75
1990	90-94	0.17394	0.59373	2.33	23960	14226	81785	115611	4.83
1990	95-99	0.26397	0.75050	2.13	9734	7305	27675	33826	3.48
1990	100-104	0.38107	0.86924	1.87	2429	2111	5540	6151	2.53
1990	105-109	0.51382	0.93764	1.61	318	298	579	611	1.92
1990	110+	0.62386	1.00000	1.6	20	20	32	32	1.60
1991	0	0.00983	0.00974	0.08	100000	974	99104	7870481	78.70
1991	1-4	0.00047	0.00189	1.58	99026	187	395649	7771377	78.48
1991	5-9	0.00019	0.00093	2.36	98838	92	493948	7375728	74.62
1991	10-14	0.00021	0.00105	2.81	98746	103	493505	6881780	69.69
1991	15-19	0.00048	0.00239	2.7	98643	236	492673	6388275	64.76
1991	20-24	0.00059	0.00297	2.5	98407	292	491304	5895603	59.91
1991	25-29	0.00072	0.00357	2.52	98115	350	489705	5404299	55.08
1991	30-34	0.00096	0.00481	2.56	97765	470	487677	4914594	50.27
1991	35-39	0.00123	0.00616	2.65	97295	599	485065	4426917	45.50
1991	40-44	0.00185	0.00919	2.63	96696	889	481370	3941851	40.77
1991	45-49	0.00278	0.01383	2.69	95807	1325	475977	3460481	36.12
1991	50-54	0.00450	0.02226	2.62	94482	2103	467409	2984504	31.59
1991	55-59	0.00700	0.03446	2.66	92379	3183	454457	2517095	27.25
1991	60-64	0.01070	0.05217	2.64	89195	4654	435007	2062639	23.12
1991	65-69	0.01555	0.07497	2.63	84542	6338	407659	1627632	19.25
1991	70-74	0.02399	0.11351	2.63	78203	8876	369995	1219973	15.60
1991	75-79	0.03711	0.17038	2.6	69327	11812	318333	849978	12.26
1991	80-84	0.06343	0.27466	2.56	57515	15797	249024	531645	9.24
1991	85-89	0.10458	0.41464	2.5	41718	17298	165402	282621	6.77
1991	90-94	0.17562	0.59818	2.34	24420	14608	83179	117219	4.80
1991	95-99	0.26436	0.75120	2.13	9812	7371	27883	34039	3.47
1991	100-104	0.38281	0.87065	1.87	2441	2126	5553	6157	2.52
1991	105-109	0.51703	0.93884	1.61	316	296	573	604	1.91
1991	110+	0.62813	1.00000	1.59	19	19	31	31	1.59
1992	0	0.00897	0.00890	0.08	100000	890	99180	7884655	78.85
1992	1-4	0.00045	0.00181	1.59	99110	180	396007	7785476	78.55
1992	5-9	0.00018	0.00092	2.22	98931	91	494401	7389469	74.69
1992	10-14	0.00018	0.00091	2.78	98840	90	494001	6895068	69.76
1992	15-19	0.00046	0.00231	2.62	98750	228	493208	6401067	64.82
1992	20-24	0.00052	0.00260	2.54	98522	256	491980	5907859	59.96
1992	25-29	0.00070	0.00349	2.63	98266	343	490519	5415879	55.11
1992	30-34	0.00093	0.00462	2.67	97923	452	488562	4925360	50.30
1992	35-39	0.00137	0.00681	2.63	97471	663	485786	4436798	45.52
1992	40-44	0.00180	0.00896	2.64	96808	867	481991	3951012	40.81
1992	45-49	0.00280	0.01393	2.69	95940	1337	476619	3469021	36.16
1992	50-54	0.00437	0.02161	2.64	94604	2044	468201	2992401	31.63
1992	55-59	0.00697	0.03428	2.67	92560	3173	455409	2524200	27.27
1992	60-64	0.01071	0.05224	2.65	89387	4669	435943	2068792	23.14
1992	65-69	0.01559	0.07516	2.62	84717	6367	408431	1632849	19.27
1992	70-74	0.02397	0.11337	2.62	78350	8883	370634	1224418	15.63
1992	75-79	0.03678	0.16912	2.62	69468	11748	319412	853784	12.29
1992	80-84	0.06351	0.27532	2.59	57719	15891	250222	534372	9.26
1992	85-89	0.10551	0.41701	2.49	41828	17443	165313	284150	6.79
1992	90-94	0.17170	0.58876	2.33	24385	14357	83615	118837	4.87
1992	95-99	0.26064	0.74585	2.13	10028	7480	28697	35222	3.51
1992	100-104	0.37653	0.86585	1.88	2549	2207	5861	6525	2.56
1992	105-109	0.50845	0.93570	1.62	342	320	629	665	1.94
1992	110+	0.61811	1.00000	1.62	22	22	36	36	1.62
1993	0	0.00889	0.00882	0.08	100000	882	99187	7863985	78.64
1993	1-4	0.00045	0.00178	1.65	99118	177	396056	7764799	78.34
1993	5-9	0.00020	0.00102	2.4	98941	101	494444	7368743	74.48
1993	10-14	0.00020	0.00098	2.96	98840	96	494005	6874299	69.55
1993	15-19	0.00045	0.00226	2.74	98744	223	493216	6380293	64.61
1993	20-24	0.00057	0.00285	2.64	98521	281	491941	5887077	59.75
1993	25-29	0.00071	0.00356	2.59	98240	350	490355	5395136	54.92
1993	30-34	0.00098	0.00490	2.62	97890	480	488308	4904781	50.11
1993	35-39	0.00140	0.00698	2.65	97410	679	485453	4416472	45.34
1993	40-44	0.00182	0.00905	2.58	96731	876	481535	3931020	40.64
1993	45-49	0.00282	0.01403	2.65	95855	1345	476112	3449485	35.99
1993	50-54	0.00442	0.02188	2.67	94510	2068	467725	2973373	31.46
1993	55-59	0.00689	0.03392	2.68	92442	3136	454937	2505648	27.11
1993	60-64	0.01071	0.05220	2.61	89306	4662	435403	2050712	22.96
1993	65-69	0.01575	0.07593	2.64	84645	6427	408079	1615308	19.08
1993	70-74	0.02424	0.11469	2.65	78217	8971	370003	1207230	15.43
1993	75-79	0.03760	0.17251	2.61	69247	11946	317696	837226	12.09
1993	80-84	0.06603	0.28453	2.57	57301	16304	246917	519531	9.07
1993	85-89	0.10801	0.42497	2.49	40997	17423	161305	272614	6.65
1993	90-94	0.17900	0.60638	2.34	23574	14295	79860	111309	4.72
1993	95-99	0.27189	0.76128	2.11	9279	7064	25982	31448	3.39
1993	100-104	0.39211	0.87720	1.85	2215	1943	4956	5467	2.47
1993	105-109	0.52710	0.94221	1.59	272	256	486	511	1.88
1993	110+	0.63817	1.00000	1.57	16	16	25	25	1.57
1994	0	0.00830	0.00824	0.08	100000	824	99239	7876773	78.77
1994	1-4	0.00046	0.00183	1.55	99176	181	396259	7777534	78.42
1994	5-9	0.00019	0.00096	2.52	98995	95	494737	7381275	74.56
1994	10-14	0.00021	0.00107	2.68	98899	106	494252	6886538	69.63
1994	15-19	0.00044	0.00221	2.62	98794	218	493449	6392286	64.70
1994	20-24	0.00059	0.00294	2.47	98576	289	492145	5898837	59.84
1994	25-29	0.00074	0.00371	2.64	98286	364	490571	5406692	55.01
1994	30-34	0.00101	0.00505	2.64	97922	494	488442	4916121	50.20
1994	35-39	0.00138	0.00686	2.6	97428	668	485534	4427679	45.45
1994	40-44	0.00189	0.00942	2.67	96760	911	481674	3942144	40.74
1994	45-49	0.00281	0.01397	2.66	95848	1339	476107	3460471	36.10
1994	50-54	0.00439	0.02170	2.67	94509	2051	467771	2984364	31.58
1994	55-59	0.00690	0.03396	2.71	92458	3140	455105	2516593	27.22
1994	60-64	0.01044	0.05095	2.63	89318	4551	435786	2061488	23.08
1994	65-69	0.01538	0.07427	2.68	84767	6295	409226	1625702	19.18
1994	70-74	0.02382	0.11272	2.63	78472	8846	371424	1216475	15.50
1994	75-79	0.03708	0.17030	2.61	69626	11858	319774	845052	12.14
1994	80-84	0.06531	0.28212	2.59	57768	16297	249536	525278	9.09
1994	85-89	0.10790	0.42453	2.49	41471	17606	163171	275742	6.65
1994	90-94	0.17877	0.60589	2.34	23865	14460	80884	112571	4.72
1994	95-99	0.27366	0.76378	2.11	9405	7184	26250	31686	3.37
1994	100-104	0.39575	0.87984	1.84	2222	1955	4939	5436	2.45
1994	105-109	0.53252	0.94404	1.58	267	252	473	496	1.86
1994	110+	0.64472	1.00000	1.55	15	15	23	23	1.55
1995	0	0.00804	0.00798	0.08	100000	798	99262	7872280	78.72
1995	1-4	0.00042	0.00166	1.58	99202	165	396408	7773018	78.36
1995	5-9	0.00016	0.00080	2.41	99037	80	494978	7376610	74.48
1995	10-14	0.00022	0.00111	2.75	98957	109	494541	6881632	69.54
1995	15-19	0.00049	0.00244	2.64	98848	241	493671	6387090	64.62
1995	20-24	0.00056	0.00278	2.58	98607	274	492373	5893419	59.77
1995	25-29	0.00074	0.00371	2.67	98333	365	490814	5401046	54.93
1995	30-34	0.00104	0.00516	2.63	97968	506	488641	4910232	50.12
1995	35-39	0.00148	0.00738	2.65	97463	720	485620	4421592	45.37
1995	40-44	0.00199	0.00992	2.6	96743	960	481414	3935972	40.68
1995	45-49	0.00277	0.01375	2.68	95783	1317	475863	3454558	36.07
1995	50-54	0.00435	0.02151	2.66	94466	2032	467563	2978695	31.53
1995	55-59	0.00680	0.03346	2.69	92434	3093	455030	2511131	27.17
1995	60-64	0.01068	0.05209	2.63	89340	4654	435654	2056102	23.01
1995	65-69	0.01529	0.07381	2.64	84686	6250	408698	1620447	19.13
1995	70-74	0.02399	0.11349	2.62	78436	8902	370976	1211749	15.45
1995	75-79	0.03716	0.17053	2.59	69534	11858	319098	840773	12.09
1995	80-84	0.06508	0.28109	2.58	57676	16212	249094	521675	9.04
1995	85-89	0.10991	0.43062	2.49	41464	17855	162450	272581	6.57
1995	90-94	0.18094	0.60986	2.33	23609	14398	79573	110131	4.66
1995	95-99	0.27857	0.77028	2.1	9211	7095	25469	30558	3.32
1995	100-104	0.40323	0.88493	1.83	2116	1872	4644	5089	2.40
1995	105-109	0.54202	0.94705	1.57	243	231	425	445	1.83
1995	110+	0.65522	1.00000	1.53	13	13	20	20	1.53
1996	0	0.00769	0.00763	0.07	100000	763	99294	7886618	78.87
1996	1-4	0.00040	0.00161	1.71	99237	159	396581	7787324	78.47
1996	5-9	0.00019	0.00094	2.46	99077	93	495151	7390743	74.60
1996	10-14	0.00019	0.00093	2.76	98985	92	494715	6895592	69.66
1996	15-19	0.00048	0.00241	2.7	98892	238	493914	6400877	64.73
1996	20-24	0.00055	0.00273	2.56	98654	269	492613	5906962	59.88
1996	25-29	0.00070	0.00349	2.62	98385	343	491108	5414349	55.03
1996	30-34	0.00098	0.00488	2.67	98041	479	489091	4923241	50.22
1996	35-39	0.00144	0.00719	2.61	97563	702	486138	4434150	45.45
1996	40-44	0.00195	0.00972	2.63	96861	942	482076	3948013	40.76
1996	45-49	0.00279	0.01385	2.63	95919	1328	476453	3465937	36.13
1996	50-54	0.00425	0.02104	2.71	94591	1990	468401	2989484	31.60
1996	55-59	0.00663	0.03262	2.64	92601	3020	455884	2521083	27.23
1996	60-64	0.01061	0.05177	2.64	89580	4638	436950	2065199	23.05
1996	65-69	0.01526	0.07366	2.63	84943	6257	409877	1628249	19.17
1996	70-74	0.02356	0.11159	2.63	78686	8781	372621	1218372	15.48
1996	75-79	0.03700	0.16995	2.61	69905	11880	321085	845750	12.10
1996	80-84	0.06514	0.28129	2.58	58025	16322	250560	524665	9.04
1996	85-89	0.10998	0.43026	2.47	41703	17943	163145	274105	6.57
1996	90-94	0.18051	0.60907	2.33	23760	14471	80168	110960	4.67
1996	95-99	0.27881	0.77059	2.1	9288	7157	25671	30792	3.32
1996	100-104	0.40358	0.88516	1.83	2131	1886	4674	5121	2.40
1996	105-109	0.54245	0.94718	1.56	245	232	427	447	1.83
1996	110+	0.65568	1.00000	1.53	13	13	20	20	1.53
1997	0	0.00760	0.00755	0.07	100000	755	99301	7903952	79.04
1997	1-4	0.00034	0.00136	1.6	99245	135	396658	7804650	78.64
1997	5-9	0.00017	0.00087	2.42	99110	86	495329	7407992	74.74
1997	10-14	0.00020	0.00098	2.83	99024	97	494909	6912663	69.81
1997	15-19	0.00045	0.00227	2.65	98927	225	494104	6417754	64.87
1997	20-24	0.00054	0.00272	2.61	98702	268	492869	5923650	60.02
1997	25-29	0.00069	0.00344	2.63	98434	339	491366	5430781	55.17
1997	30-34	0.00094	0.00467	2.66	98095	458	489403	4939415	50.35
1997	35-39	0.00132	0.00660	2.65	97637	645	486670	4450012	45.58
1997	40-44	0.00191	0.00950	2.67	96992	921	482818	3963341	40.86
1997	45-49	0.00266	0.01324	2.66	96071	1272	477382	3480523	36.23
1997	50-54	0.00416	0.02062	2.67	94799	1955	469433	3003141	31.68
1997	55-59	0.00650	0.03202	2.66	92844	2973	457261	2533708	27.29
1997	60-64	0.01032	0.05040	2.67	89871	4529	438784	2076447	23.10
1997	65-69	0.01486	0.07181	2.65	85341	6128	412296	1637663	19.19
1997	70-74	0.02371	0.11227	2.64	79213	8893	375074	1225367	15.47
1997	75-79	0.03694	0.16973	2.61	70320	11936	323120	850293	12.09
1997	80-84	0.06489	0.28049	2.58	58384	16376	252357	527173	9.03
1997	85-89	0.11030	0.43117	2.47	42008	18113	164213	274816	6.54
1997	90-94	0.18258	0.61312	2.32	23896	14651	80243	110603	4.63
1997	95-99	0.28181	0.77453	2.09	9245	7160	25408	30360	3.28
1997	100-104	0.40856	0.88847	1.82	2084	1852	4533	4953	2.38
1997	105-109	0.54907	0.94919	1.55	232	221	402	420	1.81
1997	110+	0.66316	1.00000	1.51	12	12	18	18	1.51
1998	0	0.00777	0.00771	0.07	100000	771	99286	7902746	79.03
1998	1-4	0.00035	0.00138	1.68	99229	137	396597	7803460	78.64
1998	5-9	0.00015	0.00077	2.23	99092	76	495247	7406863	74.75
1998	10-14	0.00018	0.00088	2.72	99015	87	494879	6911615	69.80
1998	15-19	0.00046	0.00229	2.71	98928	227	494121	6416736	64.86
1998	20-24	0.00049	0.00247	2.55	98701	244	492911	5922615	60.01
1998	25-29	0.00066	0.00329	2.62	98458	324	491518	5429704	55.15
1998	30-34	0.00093	0.00466	2.65	98134	457	489594	4938186	50.32
1998	35-39	0.00137	0.00681	2.65	97677	666	486822	4448592	45.54
1998	40-44	0.00198	0.00986	2.65	97011	957	482804	3961770	40.84
1998	45-49	0.00267	0.01327	2.66	96054	1275	477287	3478966	36.22
1998	50-54	0.00410	0.02030	2.64	94780	1924	469366	3001679	31.67
1998	55-59	0.00650	0.03201	2.66	92856	2972	457309	2532314	27.27
1998	60-64	0.00998	0.04874	2.66	89884	4381	439169	2075004	23.09
1998	65-69	0.01501	0.07242	2.6	85502	6192	412674	1635836	19.13
1998	70-74	0.02361	0.11178	2.63	79310	8865	375558	1223161	15.42
1998	75-79	0.03688	0.16960	2.63	70445	11948	323929	847603	12.03
1998	80-84	0.06583	0.28382	2.57	58497	16603	252197	523674	8.95
1998	85-89	0.11173	0.43569	2.47	41894	18253	163369	271477	6.48
1998	90-94	0.18533	0.61855	2.31	23641	14623	78904	108108	4.57
1998	95-99	0.28649	0.78036	2.08	9018	7037	24563	29204	3.24
1998	100-104	0.41485	0.89240	1.81	1981	1768	4261	4641	2.34
1998	105-109	0.55629	0.95125	1.54	213	203	364	380	1.78
1998	110+	0.67057	1.00000	1.49	10	10	15	15	1.49
1999	0	0.00776	0.00771	0.07	100000	771	99287	7895907	78.96
1999	1-4	0.00035	0.00139	1.56	99229	138	396582	7796620	78.57
1999	5-9	0.00015	0.00076	2.32	99092	75	495258	7400038	74.68
1999	10-14	0.00017	0.00084	2.63	99017	83	494886	6904781	69.73
1999	15-19	0.00045	0.00224	2.76	98934	222	494170	6409894	64.79
1999	20-24	0.00051	0.00256	2.55	98712	253	492938	5915724	59.93
1999	25-29	0.00062	0.00309	2.62	98459	305	491569	5422786	55.08
1999	30-34	0.00084	0.00418	2.64	98154	410	489804	4931217	50.24
1999	35-39	0.00135	0.00673	2.68	97744	658	487193	4441413	45.44
1999	40-44	0.00195	0.00971	2.67	97086	943	483232	3954220	40.73
1999	45-49	0.00268	0.01333	2.66	96143	1281	477717	3470987	36.10
1999	50-54	0.00405	0.02004	2.67	94861	1901	469868	2993271	31.55
1999	55-59	0.00647	0.03185	2.68	92960	2961	457928	2523403	27.14
1999	60-64	0.01006	0.04915	2.67	90000	4423	439675	2065474	22.95
1999	65-69	0.01522	0.07341	2.61	85576	6282	412866	1625799	19.00
1999	70-74	0.02349	0.11129	2.65	79294	8825	375707	1212934	15.30
1999	75-79	0.03772	0.17324	2.65	70469	12208	323601	837227	11.88
1999	80-84	0.06689	0.28794	2.58	58261	16776	250782	513626	8.82
1999	85-89	0.11491	0.44636	2.5	41486	18518	161150	262844	6.34
1999	90-94	0.19273	0.63406	2.3	22968	14563	75562	101694	4.43
1999	95-99	0.30027	0.79700	2.06	8405	6699	22308	26132	3.11
1999	100-104	0.43531	0.90446	1.77	1706	1543	3545	3824	2.24
1999	105-109	0.58134	0.95785	1.5	163	156	269	278	1.71
1999	110+	0.69716	1.00000	1.43	7	7	10	10	1.43
2000	0	0.00752	0.00746	0.07	100000	746	99309	7893853	78.94
2000	1-4	0.00031	0.00125	1.58	99254	124	396715	7794544	78.53
2000	5-9	0.00014	0.00070	2.34	99130	69	495466	7397829	74.63
2000	10-14	0.00018	0.00089	2.85	99061	89	495114	6902363	69.68
2000	15-19	0.00043	0.00215	2.64	98972	213	494360	6407248	64.74
2000	20-24	0.00054	0.00269	2.55	98760	266	493149	5912889	59.87
2000	25-29	0.00062	0.00311	2.56	98494	307	491721	5419740	55.03
2000	30-34	0.00086	0.00427	2.63	98187	419	489942	4928019	50.19
2000	35-39	0.00132	0.00660	2.72	97768	645	487368	4438077	45.39
2000	40-44	0.00198	0.00986	2.64	97123	958	483357	3950709	40.68
2000	45-49	0.00283	0.01406	2.62	96165	1352	477605	3467353	36.06
2000	50-54	0.00420	0.02078	2.68	94813	1971	469488	2989748	31.53
2000	55-59	0.00650	0.03200	2.68	92842	2971	457312	2520259	27.15
2000	60-64	0.00984	0.04809	2.66	89871	4322	439254	2062947	22.95
2000	65-69	0.01506	0.07267	2.61	85549	6217	412909	1623693	18.98
2000	70-74	0.02355	0.11154	2.65	79333	8849	375828	1210784	15.26
2000	75-79	0.03751	0.17226	2.63	70484	12141	323699	834957	11.85
2000	80-84	0.06747	0.28994	2.58	58342	16916	250723	511257	8.76
2000	85-89	0.11632	0.44991	2.48	41426	18638	160234	260534	6.29
2000	90-94	0.19420	0.63695	2.3	22788	14515	74743	100301	4.40
2000	95-99	0.30259	0.79957	2.05	8273	6615	21862	25557	3.09
2000	100-104	0.43795	0.90585	1.76	1658	1502	3430	3695	2.23
2000	105-109	0.58391	0.95845	1.5	156	150	256	266	1.70
2000	110+	0.69943	1.00000	1.43	6	6	9	9	1.43
2001	0	0.00733	0.00728	0.07	100000	728	99325	7908793	79.09
2001	1-4	0.00030	0.00118	1.51	99272	117	396795	7809468	78.67
2001	5-9	0.00015	0.00074	2.45	99154	73	495584	7412673	74.76
2001	10-14	0.00017	0.00084	2.68	99081	84	495211	6917089	69.81
2001	15-19	0.00042	0.00210	2.7	98997	208	494508	6421878	64.87
2001	20-24	0.00053	0.00264	2.54	98789	261	493306	5927370	60.00
2001	25-29	0.00064	0.00321	2.59	98529	316	491880	5434064	55.15
2001	30-34	0.00087	0.00435	2.7	98212	427	490080	4942184	50.32
2001	35-39	0.00137	0.00681	2.68	97785	666	487377	4452105	45.53
2001	40-44	0.00208	0.01034	2.66	97119	1004	483245	3964728	40.82
2001	45-49	0.00286	0.01418	2.61	96115	1363	477315	3481483	36.22
2001	50-54	0.00409	0.02025	2.66	94751	1919	469276	3004168	31.71
2001	55-59	0.00629	0.03099	2.68	92833	2877	457503	2534892	27.31
2001	60-64	0.00965	0.04721	2.68	89956	4247	439939	2077389	23.09
2001	65-69	0.01478	0.07138	2.63	85709	6118	414058	1637450	19.10
2001	70-74	0.02295	0.10886	2.64	79591	8664	377521	1223392	15.37
2001	75-79	0.03713	0.17064	2.63	70926	12103	325994	845870	11.93
2001	80-84	0.06629	0.28592	2.6	58824	16819	253726	519876	8.84
2001	85-89	0.11435	0.44436	2.49	42005	18665	163224	266150	6.34
2001	90-94	0.19353	0.63727	2.32	23339	14874	76853	102926	4.41
2001	95-99	0.30346	0.80082	2.05	8466	6780	22341	26073	3.08
2001	100-104	0.44116	0.90775	1.76	1686	1531	3470	3732	2.21
2001	105-109	0.58931	0.95980	1.49	156	149	253	262	1.69
2001	110+	0.70604	1.00000	1.42	6	6	9	9	1.42
2002	0	0.00730	0.00725	0.07	100000	725	99328	7921539	79.22
2002	1-4	0.00030	0.00119	1.67	99275	119	396823	7822211	78.79
2002	5-9	0.00014	0.00071	2.52	99156	70	495607	7425389	74.89
2002	10-14	0.00017	0.00083	2.83	99086	83	495252	6929782	69.94
2002	15-19	0.00044	0.00220	2.8	99004	218	494540	6434530	64.99
2002	20-24	0.00055	0.00277	2.53	98786	274	493254	5939989	60.13
2002	25-29	0.00062	0.00311	2.63	98512	306	491835	5446736	55.29
2002	30-34	0.00089	0.00445	2.69	98206	437	490020	4954901	50.45
2002	35-39	0.00133	0.00661	2.66	97768	646	487331	4464881	45.67
2002	40-44	0.00208	0.01035	2.66	97122	1005	483257	3977550	40.95
2002	45-49	0.00294	0.01461	2.62	96117	1404	477242	3494294	36.35
2002	50-54	0.00402	0.01991	2.62	94713	1886	469080	3017051	31.85
2002	55-59	0.00610	0.03005	2.67	92827	2789	457625	2547971	27.45
2002	60-64	0.00934	0.04571	2.66	90038	4115	440546	2090346	23.22
2002	65-69	0.01455	0.07035	2.65	85923	6045	415410	1649800	19.20
2002	70-74	0.02239	0.10631	2.63	79878	8492	379296	1234390	15.45
2002	75-79	0.03641	0.16759	2.63	71386	11964	328589	855094	11.98
2002	80-84	0.06580	0.28412	2.6	59422	16883	256564	526506	8.86
2002	85-89	0.11409	0.44354	2.49	42539	18868	165378	269942	6.35
2002	90-94	0.19291	0.63554	2.32	23671	15044	77984	104564	4.42
2002	95-99	0.30329	0.80069	2.05	8627	6908	22776	26579	3.08
2002	100-104	0.44141	0.90792	1.76	1720	1561	3537	3803	2.21
2002	105-109	0.59001	0.95998	1.49	158	152	258	267	1.68
2002	110+	0.70702	1.00000	1.41	6	6	9	9	1.41
2003	0	0.00718	0.00714	0.07	100000	714	99338	7926681	79.27
2003	1-4	0.00028	0.00112	1.69	99286	111	396889	7827343	78.84
2003	5-9	0.00014	0.00068	2.5	99175	67	495709	7430454	74.92
2003	10-14	0.00016	0.00078	2.61	99108	77	495357	6934745	69.97
2003	15-19	0.00045	0.00227	2.8	99031	225	494661	6439388	65.02
2003	20-24	0.00056	0.00281	2.48	98807	277	493336	5944726	60.17
2003	25-29	0.00067	0.00336	2.65	98529	331	491870	5451390	55.33
2003	30-34	0.00083	0.00416	2.65	98198	409	490032	4959521	50.51
2003	35-39	0.00135	0.00671	2.65	97790	656	487405	4469489	45.71
2003	40-44	0.00206	0.01024	2.67	97133	995	483346	3982084	41.00
2003	45-49	0.00293	0.01457	2.6	96138	1401	477329	3498738	36.39
2003	50-54	0.00415	0.02055	2.61	94737	1947	469026	3021409	31.89
2003	55-59	0.00619	0.03051	2.66	92790	2831	457327	2552383	27.51
2003	60-64	0.00955	0.04668	2.64	89959	4199	439893	2095056	23.29
2003	65-69	0.01429	0.06913	2.64	85760	5928	414818	1655164	19.30
2003	70-74	0.02225	0.10563	2.61	79831	8432	379041	1240345	15.54
2003	75-79	0.03598	0.16582	2.64	71399	11840	329038	861304	12.06
2003	80-84	0.06413	0.27774	2.59	59559	16542	257950	532266	8.94
2003	85-89	0.11300	0.44057	2.5	43017	18952	167715	274316	6.38
2003	90-94	0.19155	0.63316	2.32	24065	15237	79547	106602	4.43
2003	95-99	0.30494	0.80284	2.05	8828	7087	23242	27055	3.06
2003	100-104	0.44591	0.91047	1.75	1740	1585	3554	3813	2.19
2003	105-109	0.59703	0.96165	1.48	156	150	251	259	1.66
2003	110+	0.71528	1.00000	1.4	6	6	8	8	1.40
2004	0	0.00755	0.00750	0.07	100000	750	99306	7959761	79.60
2004	1-4	0.00029	0.00117	1.58	99250	116	396719	7860456	79.20
2004	5-9	0.00014	0.00072	2.27	99134	72	495474	7463736	75.29
2004	10-14	0.00016	0.00081	2.79	99062	80	495134	6968263	70.34
2004	15-19	0.00044	0.00218	2.85	98982	215	494447	6473129	65.40
2004	20-24	0.00054	0.00272	2.58	98767	269	493184	5978682	60.53
2004	25-29	0.00065	0.00325	2.61	98498	320	491725	5485498	55.69
2004	30-34	0.00083	0.00416	2.65	98178	408	489928	4993773	50.86
2004	35-39	0.00125	0.00625	2.65	97769	611	487409	4503845	46.07
2004	40-44	0.00204	0.01017	2.64	97159	988	483458	4016436	41.34
2004	45-49	0.00297	0.01476	2.6	96170	1419	477450	3532978	36.74
2004	50-54	0.00411	0.02036	2.62	94751	1929	469154	3055527	32.25
2004	55-59	0.00588	0.02901	2.64	92822	2692	457758	2586373	27.86
2004	60-64	0.00906	0.04434	2.64	90129	3996	441202	2128615	23.62
2004	65-69	0.01372	0.06643	2.64	86133	5722	417178	1687413	19.59
2004	70-74	0.02154	0.10250	2.64	80411	8242	382574	1270235	15.80
2004	75-79	0.03447	0.15936	2.64	72169	11501	333662	887661	12.30
2004	80-84	0.06202	0.27019	2.62	60668	16392	264282	554000	9.13
2004	85-89	0.10850	0.42687	2.5	44276	18900	174197	289718	6.54
2004	90-94	0.18536	0.62022	2.33	25376	15739	84909	115521	4.55
2004	95-99	0.29241	0.78837	2.08	9637	7598	25983	30612	3.18
2004	100-104	0.42921	0.90145	1.78	2040	1839	4284	4629	2.27
2004	105-109	0.57840	0.95732	1.51	201	192	333	345	1.72
2004	110+	0.69699	1.00000	1.43	9	9	12	12	1.43
2005	0	0.00731	0.00726	0.07	100000	726	99327	7972117	79.72
2005	1-4	0.00028	0.00111	1.51	99274	110	396823	7872790	79.30
2005	5-9	0.00014	0.00070	2.38	99164	69	495640	7475967	75.39
2005	10-14	0.00015	0.00076	2.8	99095	76	495309	6980327	70.44
2005	15-19	0.00040	0.00201	2.86	99020	199	494671	6485018	65.49
2005	20-24	0.00053	0.00262	2.59	98820	259	493475	5990347	60.62
2005	25-29	0.00064	0.00319	2.61	98561	314	492053	5496872	55.77
2005	30-34	0.00086	0.00430	2.65	98247	422	490239	5004819	50.94
2005	35-39	0.00125	0.00624	2.67	97824	610	487697	4514580	46.15
2005	40-44	0.00195	0.00969	2.66	97214	942	483862	4026883	41.42
2005	45-49	0.00297	0.01475	2.67	96272	1420	478048	3543021	36.80
2005	50-54	0.00416	0.02061	2.58	94852	1955	469530	3064972	32.31
2005	55-59	0.00582	0.02872	2.65	92897	2668	458206	2595442	27.94
2005	60-64	0.00892	0.04369	2.64	90229	3942	441824	2137236	23.69
2005	65-69	0.01334	0.06465	2.64	86287	5579	418277	1695412	19.65
2005	70-74	0.02110	0.10048	2.64	80708	8109	384394	1277135	15.82
2005	75-79	0.03418	0.15813	2.64	72599	11480	335912	892741	12.30
2005	80-84	0.06190	0.26932	2.59	61119	16461	265942	556829	9.11
2005	85-89	0.10811	0.42560	2.5	44658	19007	175800	290887	6.51
2005	90-94	0.18893	0.62697	2.32	25652	16083	85126	115087	4.49
2005	95-99	0.29725	0.79424	2.07	9569	7600	25567	29962	3.13
2005	100-104	0.43698	0.90586	1.77	1969	1784	4081	4394	2.23
2005	105-109	0.58825	0.95972	1.49	185	178	302	313	1.69
2005	110+	0.70751	1.00000	1.41	7	7	11	11	1.41
2006	0	0.00745	0.00740	0.07	100000	740	99315	7995239	79.95
2006	1-4	0.00030	0.00120	1.54	99260	119	396748	7895924	79.55
2006	5-9	0.00014	0.00069	2.44	99141	68	495532	7499176	75.64
2006	10-14	0.00013	0.00064	2.7	99073	63	495221	7003644	70.69
2006	15-19	0.00038	0.00191	2.95	99010	189	494663	6508423	65.73
2006	20-24	0.00055	0.00273	2.54	98821	269	493441	6013760	60.86
2006	25-29	0.00066	0.00331	2.61	98551	326	491978	5520319	56.01
2006	30-34	0.00083	0.00414	2.64	98225	407	490166	5028341	51.19
2006	35-39	0.00125	0.00625	2.69	97818	611	487683	4538175	46.39
2006	40-44	0.00199	0.00992	2.74	97207	964	483855	4050492	41.67
2006	45-49	0.00299	0.01487	2.66	96243	1431	477869	3566638	37.06
2006	50-54	0.00413	0.02046	2.61	94813	1940	469436	3088769	32.58
2006	55-59	0.00582	0.02871	2.66	92873	2666	458137	2619333	28.20
2006	60-64	0.00869	0.04257	2.66	90207	3840	442031	2161196	23.96
2006	65-69	0.01291	0.06263	2.64	86367	5409	419091	1719165	19.91
2006	70-74	0.02058	0.09815	2.66	80957	7946	386190	1300074	16.06
2006	75-79	0.03308	0.15342	2.64	73011	11201	338635	913884	12.52
2006	80-84	0.05913	0.25909	2.61	61810	16014	270825	575248	9.31
2006	85-89	0.10533	0.41772	2.52	45796	19130	181616	304423	6.65
2006	90-94	0.18222	0.61368	2.34	26666	16364	89807	122807	4.61
2006	95-99	0.28922	0.78490	2.09	10302	8086	27957	33000	3.20
2006	100-104	0.42780	0.90091	1.79	2216	1996	4666	5043	2.28
2006	105-109	0.57938	0.95769	1.51	220	210	363	376	1.71
2006	110+	0.69978	1.00000	1.43	9	9	13	13	1.43
2007	0	0.00733	0.00728	0.07	100000	728	99325	8017376	80.17
2007	1-4	0.00031	0.00124	1.52	99272	123	396781	7918051	79.76
2007	5-9	0.00014	0.00069	2.44	99149	69	495566	7521270	75.86
2007	10-14	0.00015	0.00075	2.74	99080	74	495230	7025703	70.91
2007	15-19	0.00038	0.00192	2.84	99005	190	494616	6530473	65.96
2007	20-24	0.00055	0.00274	2.52	98815	271	493403	6035856	61.08
2007	25-29	0.00068	0.00341	2.65	98544	336	491930	5542453	56.24
2007	30-34	0.00085	0.00424	2.62	98208	416	490048	5050523	51.43
2007	35-39	0.00121	0.00603	2.62	97792	589	487554	4560475	46.63
2007	40-44	0.00190	0.00946	2.69	97203	919	483889	4072921	41.90
2007	45-49	0.00291	0.01443	2.66	96283	1390	478171	3589032	37.28
2007	50-54	0.00413	0.02045	2.59	94894	1940	469789	3110861	32.78
2007	55-59	0.00560	0.02762	2.64	92953	2567	458713	2641071	28.41
2007	60-64	0.00843	0.04132	2.64	90386	3735	443105	2182358	24.14
2007	65-69	0.01278	0.06201	2.63	86651	5373	420539	1739253	20.07
2007	70-74	0.01990	0.09509	2.66	81278	7728	388293	1318714	16.22
2007	75-79	0.03259	0.15125	2.63	73549	11124	341353	930421	12.65
2007	80-84	0.05768	0.25343	2.61	62425	15820	274297	589068	9.44
2007	85-89	0.10238	0.40849	2.53	46605	19037	185949	314770	6.75
2007	90-94	0.17843	0.60478	2.34	27567	16672	93440	128821	4.67
2007	95-99	0.28446	0.77920	2.1	10895	8489	29844	35381	3.25
2007	100-104	0.42246	0.89793	1.8	2406	2160	5113	5538	2.30
2007	105-109	0.57431	0.95649	1.51	246	235	409	424	1.73
2007	110+	0.69544	1.00000	1.44	11	11	15	15	1.44
2008	0	0.00726	0.00722	0.07	100000	722	99331	8032233	80.32
2008	1-4	0.00026	0.00105	1.63	99278	105	396865	7932902	79.91
2008	5-9	0.00011	0.00057	2.51	99174	57	495727	7536037	75.99
2008	10-14	0.00012	0.00059	2.64	99117	58	495447	7040310	71.03
2008	15-19	0.00035	0.00176	2.95	99059	174	494937	6544862	66.07
2008	20-24	0.00054	0.00271	2.65	98885	268	493794	6049925	61.18
2008	25-29	0.00064	0.00321	2.6	98617	316	492327	5556132	56.34
2008	30-34	0.00083	0.00412	2.61	98301	405	490534	5063805	51.51
2008	35-39	0.00115	0.00575	2.61	97896	563	488135	4573271	46.72
2008	40-44	0.00187	0.00931	2.68	97333	906	484562	4085136	41.97
2008	45-49	0.00285	0.01418	2.66	96427	1367	478935	3600575	37.34
2008	50-54	0.00415	0.02053	2.58	95060	1952	470585	3121640	32.84
2008	55-59	0.00552	0.02724	2.62	93108	2536	459492	2651055	28.47
2008	60-64	0.00823	0.04034	2.63	90572	3654	444203	2191563	24.20
2008	65-69	0.01260	0.06119	2.62	86918	5318	421951	1747360	20.10
2008	70-74	0.01970	0.09414	2.66	81600	7682	390018	1325409	16.24
2008	75-79	0.03234	0.15016	2.63	73918	11099	343251	935391	12.65
2008	80-84	0.05723	0.25193	2.63	62819	15826	276529	592140	9.43
2008	85-89	0.10254	0.40930	2.54	46992	19234	187572	315611	6.72
2008	90-94	0.18079	0.61133	2.35	27758	16969	93862	128039	4.61
2008	95-99	0.29267	0.78958	2.08	10789	8519	29106	34176	3.17
2008	100-104	0.43646	0.90607	1.77	2270	2057	4713	5070	2.23
2008	105-109	0.59263	0.96094	1.48	213	205	346	357	1.68
2008	110+	0.71525	1.00000	1.4	8	8	12	12	1.40
2009	0	0.00682	0.00678	0.07	100000	678	99371	8059896	80.60
2009	1-4	0.00028	0.00111	1.58	99322	110	397021	7960525	80.15
2009	5-9	0.00011	0.00055	2.33	99212	54	495914	7563504	76.24
2009	10-14	0.00013	0.00065	2.74	99158	64	495642	7067590	71.28
2009	15-19	0.00031	0.00153	2.84	99093	152	495137	6571948	66.32
2009	20-24	0.00052	0.00258	2.63	98941	255	494103	6076810	61.42
2009	25-29	0.00065	0.00326	2.62	98686	322	492665	5582707	56.57
2009	30-34	0.00082	0.00412	2.62	98364	405	490854	5090042	51.75
2009	35-39	0.00116	0.00580	2.68	97959	568	488474	4599188	46.95
2009	40-44	0.00175	0.00873	2.67	97391	850	484977	4110714	42.21
2009	45-49	0.00278	0.01381	2.64	96541	1333	479560	3625737	37.56
2009	50-54	0.00420	0.02080	2.63	95208	1980	471345	3146177	33.05
2009	55-59	0.00566	0.02794	2.61	93228	2605	459927	2674832	28.69
2009	60-64	0.00820	0.04023	2.65	90623	3646	444532	2214905	24.44
2009	65-69	0.01235	0.06000	2.63	86978	5219	422505	1770373	20.35
2009	70-74	0.01925	0.09213	2.67	81759	7533	391209	1347868	16.49
2009	75-79	0.03138	0.14614	2.65	74226	10847	345641	956659	12.89
2009	80-84	0.05523	0.24417	2.63	63379	15475	280186	611017	9.64
2009	85-89	0.09893	0.39756	2.53	47903	19045	192515	330832	6.91
2009	90-94	0.17244	0.59365	2.38	28859	17132	99350	138317	4.79
2009	95-99	0.27661	0.76942	2.12	11727	9023	32619	38967	3.32
2009	100-104	0.41336	0.89261	1.82	2704	2414	5839	6348	2.35
2009	105-109	0.56541	0.95428	1.53	290	277	490	509	1.75
2009	110+	0.68759	1.00000	1.45	13	13	19	19	1.45
2010	0	0.00614	0.00610	0.07	100000	610	99432	8076229	80.76
2010	1-4	0.00025	0.00101	1.6	99390	101	397317	7976796	80.26
2010	5-9	0.00011	0.00054	2.4	99289	53	496306	7579480	76.34
2010	10-14	0.00012	0.00061	2.71	99236	61	496038	7083174	71.38
2010	15-19	0.00029	0.00143	2.9	99175	142	495575	6587136	66.42
2010	20-24	0.00045	0.00227	2.6	99033	225	494626	6091561	61.51
2010	25-29	0.00064	0.00321	2.57	98808	318	493269	5596935	56.64
2010	30-34	0.00081	0.00405	2.57	98491	399	491483	5103667	51.82
2010	35-39	0.00116	0.00577	2.68	98092	566	489144	4612184	47.02
2010	40-44	0.00168	0.00839	2.69	97526	818	485736	4123040	42.28
2010	45-49	0.00277	0.01376	2.66	96708	1330	480421	3637304	37.61
2010	50-54	0.00411	0.02037	2.64	95377	1943	472293	3156883	33.10
2010	55-59	0.00558	0.02756	2.63	93434	2575	461077	2684590	28.73
2010	60-64	0.00820	0.04022	2.63	90859	3654	445651	2223512	24.47
2010	65-69	0.01229	0.05970	2.65	87205	5207	423798	1777861	20.39
2010	70-74	0.01898	0.09082	2.63	81999	7447	392377	1354064	16.51
2010	75-79	0.03131	0.14574	2.63	74552	10865	347053	961687	12.90
2010	80-84	0.05432	0.24069	2.64	63687	15329	282191	614634	9.65
2010	85-89	0.09867	0.39648	2.52	48358	19173	194315	332443	6.87
2010	90-94	0.17465	0.59718	2.35	29185	17429	99793	138127	4.73
2010	95-99	0.28266	0.77749	2.11	11756	9140	32337	38334	3.26
2010	100-104	0.42417	0.89931	1.8	2616	2353	5546	5997	2.29
2010	105-109	0.57999	0.95806	1.51	263	252	435	451	1.71
2010	110+	0.70370	1.00000	1.42	11	11	16	16	1.42
2011	0	0.00635	0.00631	0.07	100000	631	99414	8087314	80.87
2011	1-4	0.00023	0.00092	1.57	99369	91	397254	7987901	80.39
2011	5-9	0.00012	0.00059	2.47	99278	58	496241	7590647	76.46
2011	10-14	0.00012	0.00058	2.82	99219	58	495972	7094406	71.50
2011	15-19	0.00031	0.00156	2.85	99162	155	495475	6598434	66.54
2011	20-24	0.00046	0.00231	2.64	99007	229	494491	6102959	61.64
2011	25-29	0.00063	0.00315	2.59	98778	311	493137	5608467	56.78
2011	30-34	0.00084	0.00420	2.68	98466	414	491372	5115330	51.95
2011	35-39	0.00112	0.00556	2.64	98053	545	488974	4623958	47.16
2011	40-44	0.00168	0.00837	2.69	97507	816	485649	4134983	42.41
2011	45-49	0.00269	0.01335	2.67	96691	1290	480454	3649334	37.74
2011	50-54	0.00420	0.02079	2.63	95401	1983	472295	3168880	33.22
2011	55-59	0.00563	0.02780	2.62	93418	2597	460920	2696585	28.87
2011	60-64	0.00803	0.03942	2.68	90821	3580	445805	2235666	24.62
2011	65-69	0.01196	0.05815	2.67	87240	5073	424362	1789861	20.52
2011	70-74	0.01860	0.08912	2.65	82167	7323	393614	1365499	16.62
2011	75-79	0.03093	0.14410	2.63	74844	10785	348694	971885	12.99
2011	80-84	0.05381	0.23876	2.64	64059	15295	284245	623191	9.73
2011	85-89	0.09698	0.39195	2.55	48764	19113	197074	338947	6.95
2011	90-94	0.17225	0.59176	2.36	29651	17546	101864	141873	4.78
2011	95-99	0.27812	0.77171	2.12	12105	9341	33588	40009	3.31
2011	100-104	0.41799	0.89567	1.81	2763	2475	5922	6421	2.32
2011	105-109	0.57300	0.95635	1.52	288	276	481	499	1.73
2011	110+	0.69681	1.00000	1.44	13	13	18	18	1.44
2012	0	0.00593	0.00590	0.07	100000	590	99451	8101715	81.02
2012	1-4	0.00025	0.00098	1.71	99410	98	397416	8002264	80.50
2012	5-9	0.00010	0.00050	2.5	99312	50	496436	7604848	76.58
2012	10-14	0.00012	0.00060	2.79	99262	59	496180	7108412	71.61
2012	15-19	0.00028	0.00138	2.79	99203	137	495713	6612233	66.65
2012	20-24	0.00045	0.00226	2.6	99066	224	494792	6116520	61.74
2012	25-29	0.00061	0.00304	2.66	98842	300	493509	5621728	56.88
2012	30-34	0.00081	0.00406	2.56	98542	400	491733	5128219	52.04
2012	35-39	0.00113	0.00565	2.62	98142	554	489393	4636486	47.24
2012	40-44	0.00168	0.00835	2.69	97588	815	486059	4147093	42.50
2012	45-49	0.00266	0.01322	2.68	96773	1279	480904	3661035	37.83
2012	50-54	0.00411	0.02037	2.64	95494	1945	472888	3180130	33.30
2012	55-59	0.00580	0.02861	2.58	93549	2677	461270	2707242	28.94
2012	60-64	0.00798	0.03915	2.62	90872	3557	445899	2245972	24.72
2012	65-69	0.01184	0.05761	2.66	87315	5030	424801	1800072	20.62
2012	70-74	0.01834	0.08790	2.66	82285	7233	394466	1375271	16.71
2012	75-79	0.02997	0.14002	2.66	75052	10509	350697	980804	13.07
2012	80-84	0.05264	0.23410	2.64	64543	15109	287029	630107	9.76
2012	85-89	0.09679	0.39138	2.56	49434	19348	199902	343078	6.94
2012	90-94	0.17234	0.59235	2.36	30086	17821	103407	143176	4.76
2012	95-99	0.28422	0.77986	2.11	12265	9565	33652	39770	3.24
2012	100-104	0.42950	0.90264	1.79	2700	2437	5674	6117	2.27
2012	105-109	0.58884	0.96027	1.49	263	252	429	443	1.69
2012	110+	0.71435	1.00000	1.4	10	10	15	15	1.40
2013	0	0.00598	0.00594	0.07	100000	594	99447	8107089	81.07
2013	1-4	0.00025	0.00102	1.51	99406	101	397371	8007642	80.56
2013	5-9	0.00011	0.00054	2.31	99304	54	496378	7610272	76.64
2013	10-14	0.00013	0.00067	2.65	99251	67	496096	7113894	71.68
2013	15-19	0.00025	0.00127	2.86	99184	126	495648	6617798	66.72
2013	20-24	0.00047	0.00237	2.63	99058	235	494731	6122150	61.80
2013	25-29	0.00060	0.00301	2.6	98823	297	493400	5627419	56.94
2013	30-34	0.00080	0.00400	2.65	98525	394	491702	5134018	52.11
2013	35-39	0.00114	0.00567	2.65	98132	556	489352	4642317	47.31
2013	40-44	0.00168	0.00836	2.66	97575	816	485967	4152965	42.56
2013	45-49	0.00263	0.01305	2.69	96760	1263	480885	3666998	37.90
2013	50-54	0.00408	0.02018	2.65	95497	1927	472960	3186113	33.36
2013	55-59	0.00587	0.02895	2.63	93570	2709	461426	2713153	29.00
2013	60-64	0.00797	0.03910	2.63	90861	3553	445865	2251727	24.78
2013	65-69	0.01185	0.05765	2.65	87308	5033	424718	1805862	20.68
2013	70-74	0.01829	0.08765	2.62	82275	7211	394242	1381144	16.79
2013	75-79	0.02991	0.13971	2.65	75064	10487	350662	986902	13.15
2013	80-84	0.05189	0.23101	2.63	64577	14918	287492	636240	9.85
2013	85-89	0.09563	0.38737	2.55	49659	19236	201151	348748	7.02
2013	90-94	0.16799	0.58364	2.39	30422	17756	105695	147597	4.85
2013	95-99	0.27756	0.77133	2.12	12667	9770	35200	41902	3.31
2013	100-104	0.41976	0.89696	1.81	2897	2598	6189	6703	2.31
2013	105-109	0.57730	0.95752	1.51	298	286	495	513	1.72
2013	110+	0.70267	1.00000	1.42	13	13	18	18	1.42
2014	0	0.00595	0.00592	0.07	100000	592	99450	8114171	81.14
2014	1-4	0.00024	0.00097	1.53	99408	97	397396	8014721	80.62
2014	5-9	0.00011	0.00053	2.35	99312	53	496419	7617325	76.70
2014	10-14	0.00011	0.00054	2.7	99259	54	496171	7120907	71.74
2014	15-19	0.00028	0.00140	2.87	99205	139	495730	6624736	66.78
2014	20-24	0.00045	0.00225	2.58	99066	223	494792	6129006	61.87
2014	25-29	0.00058	0.00292	2.61	98844	288	493528	5634214	57.00
2014	30-34	0.00083	0.00414	2.69	98555	408	491835	5140686	52.16
2014	35-39	0.00115	0.00576	2.67	98147	565	489419	4648851	47.37
2014	40-44	0.00173	0.00860	2.67	97582	839	485952	4159433	42.62
2014	45-49	0.00261	0.01295	2.68	96743	1253	480806	3673481	37.97
2014	50-54	0.00413	0.02046	2.65	95490	1953	472857	3192674	33.43
2014	55-59	0.00604	0.02976	2.62	93537	2784	461047	2719818	29.08
2014	60-64	0.00809	0.03968	2.61	90753	3602	445170	2258771	24.89
2014	65-69	0.01156	0.05626	2.64	87152	4903	424173	1813601	20.81
2014	70-74	0.01820	0.08725	2.63	82248	7176	394263	1389428	16.89
2014	75-79	0.02984	0.13944	2.65	75072	10468	350768	995165	13.26
2014	80-84	0.05093	0.22738	2.64	64604	14690	288421	644397	9.97
2014	85-89	0.09188	0.37528	2.56	49914	18732	203877	355976	7.13
2014	90-94	0.16740	0.58239	2.39	31183	18160	108485	152099	4.88
2014	95-99	0.27334	0.76598	2.13	13022	9975	36491	43613	3.35
2014	100-104	0.41517	0.89432	1.82	3047	2725	6565	7122	2.34
2014	105-109	0.57318	0.95656	1.52	322	308	537	557	1.73
2014	110+	0.69938	1.00000	1.43	14	14	20	20	1.43
2015	0	0.00624	0.00620	0.07	100000	620	99424	8105992	81.06
2015	1-4	0.00024	0.00095	1.59	99380	94	397292	8006568	80.57
2015	5-9	0.00011	0.00057	2.26	99286	57	496274	7609276	76.64
2015	10-14	0.00012	0.00061	2.83	99229	61	496014	7113002	71.68
2015	15-19	0.00030	0.00150	2.82	99169	149	495519	6616988	66.72
2015	20-24	0.00051	0.00252	2.64	99020	250	494508	6121469	61.82
2015	25-29	0.00065	0.00324	2.6	98770	320	493082	5626961	56.97
2015	30-34	0.00090	0.00451	2.58	98450	444	491176	5133879	52.15
2015	35-39	0.00116	0.00579	2.58	98006	567	488657	4642703	47.37
2015	40-44	0.00171	0.00851	2.69	97439	829	485281	4154046	42.63
2015	45-49	0.00262	0.01301	2.68	96610	1257	480138	3668765	37.98
2015	50-54	0.00407	0.02018	2.65	95353	1924	472242	3188627	33.44
2015	55-59	0.00604	0.02975	2.61	93428	2779	460512	2716385	29.07
2015	60-64	0.00816	0.04002	2.62	90649	3628	444626	2255874	24.89
2015	65-69	0.01163	0.05659	2.63	87021	4925	423446	1811248	20.81
2015	70-74	0.01802	0.08640	2.64	82096	7093	393725	1387802	16.90
2015	75-79	0.02935	0.13729	2.65	75003	10297	350783	994077	13.25
2015	80-84	0.05072	0.22639	2.63	64706	14649	288816	643294	9.94
2015	85-89	0.09340	0.38016	2.55	50057	19030	203750	354478	7.08
2015	90-94	0.16792	0.58308	2.38	31027	18091	107736	150728	4.86
2015	95-99	0.27587	0.76932	2.13	12936	9952	36075	42993	3.32
2015	100-104	0.41886	0.89656	1.81	2984	2675	6387	6918	2.32
2015	105-109	0.57756	0.95765	1.51	309	296	512	530	1.72
2015	110+	0.70384	1.00000	1.42	13	13	19	19	1.42
2016	0	0.00618	0.00615	0.07	100000	615	99429	8102521	81.03
2016	1-4	0.00023	0.00094	1.6	99385	93	397319	8003092	80.53
2016	5-9	0.00012	0.00061	2.28	99292	61	496297	7605773	76.60
2016	10-14	0.00013	0.00066	2.94	99232	66	496023	7109476	71.65
2016	15-19	0.00034	0.00168	2.95	99166	167	495487	6613453	66.69
2016	20-24	0.00052	0.00258	2.66	98999	256	494398	6117967	61.80
2016	25-29	0.00076	0.00377	2.57	98743	372	492812	5623569	56.95
2016	30-34	0.00098	0.00490	2.63	98371	482	490716	5130757	52.16
2016	35-39	0.00133	0.00661	2.63	97889	647	487912	4640042	47.40
2016	40-44	0.00179	0.00891	2.66	97242	866	484182	4152130	42.70
2016	45-49	0.00262	0.01304	2.69	96376	1256	478971	3667948	38.06
2016	50-54	0.00415	0.02053	2.71	95120	1953	471120	3188977	33.53
2016	55-59	0.00613	0.03022	2.63	93166	2816	459154	2717858	29.17
2016	60-64	0.00851	0.04169	2.61	90351	3766	442745	2258703	25.00
2016	65-69	0.01187	0.05771	2.64	86584	4997	421142	1815959	20.97
2016	70-74	0.01796	0.08620	2.68	81587	7032	391606	1394817	17.10
2016	75-79	0.02875	0.13461	2.64	74555	10036	349126	1003210	13.46
2016	80-84	0.04919	0.22009	2.61	64519	14200	288649	654084	10.14
2016	85-89	0.08991	0.36864	2.56	50319	18549	206322	365435	7.26
2016	90-94	0.16076	0.56659	2.4	31769	18000	111966	159113	5.01
2016	95-99	0.26607	0.75625	2.15	13769	10413	39137	47148	3.42
2016	100-104	0.40561	0.88840	1.84	3356	2982	7351	8011	2.39
2016	105-109	0.56269	0.95389	1.54	375	357	635	660	1.76
2016	110+	0.68929	1.00000	1.45	17	17	25	25	1.45
2017	0	0.00602	0.00598	0.07	100000	598	99443	8106340	81.06
2017	1-4	0.00024	0.00098	1.71	99402	97	397384	8006897	80.55
2017	5-9	0.00011	0.00056	2.46	99305	55	496383	7609513	76.63
2017	10-14	0.00012	0.00060	2.68	99249	60	496108	7113130	71.67
2017	15-19	0.00029	0.00147	2.92	99189	145	495645	6617022	66.71
2017	20-24	0.00058	0.00291	2.72	99044	288	494563	6121377	61.80
2017	25-29	0.00080	0.00397	2.65	98756	392	492858	5626814	56.98
2017	30-34	0.00105	0.00522	2.63	98364	513	490602	5133956	52.19
2017	35-39	0.00135	0.00671	2.56	97851	657	487649	4643354	47.45
2017	40-44	0.00176	0.00875	2.62	97194	850	483945	4155704	42.76
2017	45-49	0.00254	0.01262	2.66	96343	1215	478867	3671759	38.11
2017	50-54	0.00408	0.02022	2.69	95128	1924	471192	3192892	33.56
2017	55-59	0.00614	0.03026	2.63	93204	2820	459349	2721700	29.20
2017	60-64	0.00855	0.04190	2.61	90384	3787	442867	2262351	25.03
2017	65-69	0.01160	0.05647	2.63	86597	4890	421400	1819484	21.01
2017	70-74	0.01792	0.08601	2.67	81707	7027	392144	1398085	17.11
2017	75-79	0.02895	0.13549	2.63	74679	10118	349453	1005940	13.47
2017	80-84	0.04922	0.22020	2.61	64561	14216	288859	656488	10.17
2017	85-89	0.08813	0.36285	2.57	50345	18267	207280	367629	7.30
2017	90-94	0.16126	0.56822	2.4	32077	18227	113027	160349	5.00
2017	95-99	0.26667	0.75720	2.15	13850	10487	39327	47322	3.42
2017	100-104	0.40737	0.88961	1.83	3363	2992	7344	7995	2.38
2017	105-109	0.56555	0.95468	1.53	371	354	627	651	1.75
2017	110+	0.69274	1.00000	1.44	17	17	24	24	1.44
2018	0	0.00575	0.00572	0.07	100000	572	99468	8127119	81.27
2018	1-4	0.00020	0.00079	1.61	99428	79	397525	8027652	80.74
2018	5-9	0.00011	0.00054	2.43	99350	53	496611	7630127	76.80
2018	10-14	0.00013	0.00067	2.67	99296	67	496326	7133516	71.84
2018	15-19	0.00030	0.00149	2.87	99229	148	495832	6637190	66.89
2018	20-24	0.00052	0.00259	2.67	99082	256	494812	6141358	61.98
2018	25-29	0.00075	0.00375	2.6	98825	371	493237	5646546	57.14
2018	30-34	0.00107	0.00533	2.59	98455	525	491010	5153309	52.34
2018	35-39	0.00135	0.00671	2.62	97930	657	488086	4662299	47.61
2018	40-44	0.00173	0.00863	2.6	97273	840	484349	4174213	42.91
2018	45-49	0.00253	0.01256	2.67	96433	1211	479347	3689865	38.26
2018	50-54	0.00393	0.01947	2.66	95222	1854	471766	3210518	33.72
2018	55-59	0.00599	0.02954	2.61	93368	2758	460244	2738751	29.33
2018	60-64	0.00837	0.04101	2.59	90610	3716	444087	2278507	25.15
2018	65-69	0.01147	0.05581	2.62	86894	4849	422924	1834421	21.11
2018	70-74	0.01778	0.08533	2.65	82045	7001	393777	1411497	17.20
2018	75-79	0.02881	0.13485	2.63	75044	10120	351257	1017719	13.56
2018	80-84	0.04849	0.21730	2.61	64924	14108	290956	666463	10.27
2018	85-89	0.08745	0.36073	2.57	50816	18331	209622	375506	7.39
2018	90-94	0.15659	0.55759	2.42	32485	18113	115676	165884	5.11
2018	95-99	0.25965	0.74730	2.16	14372	10740	41364	50208	3.49
2018	100-104	0.39675	0.88258	1.86	3632	3205	8079	8844	2.44
2018	105-109	0.55252	0.95112	1.55	426	406	734	765	1.79
2018	110+	0.67911	1.00000	1.47	21	21	31	31	1.47
2019	0	0.00564	0.00561	0.07	100000	561	99477	8146883	81.47
2019	1-4	0.00025	0.00099	1.52	99439	98	397511	8047406	80.93
2019	5-9	0.00011	0.00053	2.43	99341	52	496569	7649895	77.01
2019	10-14	0.00012	0.00058	2.55	99288	57	496301	7153326	72.05
2019	15-19	0.00029	0.00143	2.81	99231	142	495844	6657024	67.09
2019	20-24	0.00053	0.00264	2.63	99089	261	494826	6161181	62.18
2019	25-29	0.00074	0.00368	2.65	98828	363	493284	5666354	57.34
2019	30-34	0.00108	0.00536	2.64	98464	528	491076	5173071	52.54
2019	35-39	0.00139	0.00691	2.66	97936	677	488098	4681995	47.81
2019	40-44	0.00173	0.00860	2.63	97259	837	484315	4193897	43.12
2019	45-49	0.00250	0.01241	2.67	96422	1197	479324	3709582	38.47
2019	50-54	0.00382	0.01891	2.67	95225	1801	471922	3230257	33.92
2019	55-59	0.00584	0.02880	2.66	93424	2691	460826	2758335	29.52
2019	60-64	0.00845	0.04142	2.61	90734	3758	444696	2297509	25.32
2019	65-69	0.01133	0.05518	2.64	86976	4800	423536	1852813	21.30
2019	70-74	0.01725	0.08285	2.62	82176	6808	394699	1429277	17.39
2019	75-79	0.02813	0.13191	2.64	75368	9941	353394	1034578	13.73
2019	80-84	0.04789	0.21498	2.62	65427	14065	293712	681184	10.41
2019	85-89	0.08385	0.34866	2.59	51361	17908	213573	387472	7.54
2019	90-94	0.15334	0.54888	2.41	33453	18362	119743	173899	5.20
2019	95-99	0.25131	0.73515	2.18	15091	11095	44146	54156	3.59
2019	100-104	0.38458	0.87404	1.88	3997	3493	9084	10011	2.50
2019	105-109	0.53783	0.94680	1.58	503	477	886	927	1.84
2019	110+	0.66378	1.00000	1.51	27	27	40	40	1.51
