Div5: South Atlantic, Lifetables (period 5x1), Both sexes Last modified: 20 Dec 2020, MPv5 (May07) 

Year	Age	mx	qx	ax	lx	dx	Lx	Tx	ex
1959	0	0.03264	0.03175	0.14	100000	3175	97266	6872918	68.73
1959	1-4	0.00130	0.00519	1.52	96825	502	386052	6775652	69.98
1959	5-9	0.00055	0.00275	2.35	96323	265	480912	6389601	66.34
1959	10-14	0.00049	0.00243	2.64	96058	234	479737	5908689	61.51
1959	15-19	0.00101	0.00503	2.74	95824	482	478029	5428952	56.66
1959	20-24	0.00146	0.00727	2.48	95342	693	474964	4950922	51.93
1959	25-29	0.00157	0.00780	2.5	94649	738	471401	4475959	47.29
1959	30-34	0.00206	0.01024	2.65	93911	961	467290	4004558	42.64
1959	35-39	0.00293	0.01457	2.68	92949	1355	461604	3537268	38.06
1959	40-44	0.00454	0.02247	2.67	91595	2059	453181	3075663	33.58
1959	45-49	0.00697	0.03431	2.68	89536	3072	440552	2622483	29.29
1959	50-54	0.01078	0.05254	2.64	86464	4543	421599	2181930	25.24
1959	55-59	0.01558	0.07512	2.65	81921	6154	395117	1760331	21.49
1959	60-64	0.02210	0.10487	2.57	75767	7946	359504	1365214	18.02
1959	65-69	0.03106	0.14444	2.58	67821	9796	315417	1005710	14.83
1959	70-74	0.04468	0.20144	2.56	58025	11688	261574	690293	11.90
1959	75-79	0.06745	0.28919	2.54	46337	13400	198676	428719	9.25
1959	80-84	0.10419	0.41253	2.48	32936	13587	130402	230043	6.98
1959	85-89	0.16452	0.57045	2.31	19349	11038	67092	99641	5.15
1959	90-94	0.23161	0.69672	2.14	8311	5791	25002	32548	3.92
1959	95-99	0.31718	0.81112	1.99	2521	2045	6446	7546	2.99
1959	100-104	0.42282	0.89428	1.77	476	426	1007	1100	2.31
1959	105-109	0.53689	0.94386	1.57	50	48	88	93	1.85
1959	110+	0.62999	1.00000	1.59	3	3	4	4	1.59
1960	0	0.03148	0.03065	0.14	100000	3065	97351	6847009	68.47
1960	1-4	0.00127	0.00506	1.56	96935	490	386544	6749658	69.63
1960	5-9	0.00055	0.00273	2.35	96445	263	481528	6363114	65.98
1960	10-14	0.00050	0.00252	2.66	96182	242	480345	5881586	61.15
1960	15-19	0.00100	0.00499	2.75	95940	479	478626	5401240	56.30
1960	20-24	0.00134	0.00667	2.51	95462	637	475724	4922614	51.57
1960	25-29	0.00166	0.00829	2.53	94825	786	472182	4446890	46.90
1960	30-34	0.00205	0.01022	2.62	94039	961	467908	3974708	42.27
1960	35-39	0.00299	0.01485	2.67	93078	1382	462178	3506800	37.68
1960	40-44	0.00471	0.02328	2.67	91697	2134	453504	3044621	33.20
1960	45-49	0.00717	0.03526	2.66	89562	3158	440435	2591117	28.93
1960	50-54	0.01103	0.05373	2.63	86404	4642	421008	2150682	24.89
1960	55-59	0.01591	0.07663	2.62	81761	6265	393918	1729675	21.16
1960	60-64	0.02355	0.11135	2.56	75496	8406	356971	1335757	17.69
1960	65-69	0.03240	0.15021	2.57	67090	10077	310990	978785	14.59
1960	70-74	0.04588	0.20616	2.54	57012	11754	256153	667796	11.71
1960	75-79	0.06902	0.29506	2.54	45259	13354	193491	411642	9.10
1960	80-84	0.10879	0.42698	2.48	31905	13623	125221	218151	6.84
1960	85-89	0.16746	0.57831	2.33	18282	10572	63135	92930	5.08
1960	90-94	0.23534	0.70745	2.18	7709	5454	23175	29795	3.86
1960	95-99	0.32443	0.81839	1.97	2255	1846	5689	6620	2.94
1960	100-104	0.43059	0.89868	1.76	410	368	855	930	2.27
1960	105-109	0.54444	0.94614	1.55	41	39	72	76	1.82
1960	110+	0.63700	1.00000	1.57	2	2	4	4	1.57
1961	0	0.03004	0.02928	0.13	100000	2928	97458	6907714	69.08
1961	1-4	0.00123	0.00492	1.6	97072	478	387139	6810256	70.16
1961	5-9	0.00050	0.00252	2.27	96594	243	482308	6423117	66.50
1961	10-14	0.00048	0.00240	2.7	96351	231	481225	5940808	61.66
1961	15-19	0.00096	0.00481	2.79	96120	462	479577	5459584	56.80
1961	20-24	0.00128	0.00637	2.52	95658	609	476777	4980006	52.06
1961	25-29	0.00151	0.00751	2.56	95049	713	473500	4503229	47.38
1961	30-34	0.00199	0.00991	2.6	94335	935	469431	4029729	42.72
1961	35-39	0.00288	0.01429	2.63	93400	1335	463842	3560298	38.12
1961	40-44	0.00448	0.02217	2.66	92065	2041	455543	3096456	33.63
1961	45-49	0.00677	0.03332	2.66	90024	2999	443099	2640914	29.34
1961	50-54	0.01069	0.05213	2.62	87025	4537	424310	2197814	25.26
1961	55-59	0.01507	0.07272	2.6	82488	5998	398054	1773504	21.50
1961	60-64	0.02222	0.10543	2.57	76490	8064	362876	1375450	17.98
1961	65-69	0.03160	0.14656	2.53	68426	10028	317362	1012574	14.80
1961	70-74	0.04492	0.20219	2.53	58397	11807	262871	695212	11.90
1961	75-79	0.06571	0.28323	2.56	46590	13196	200808	432341	9.28
1961	80-84	0.10716	0.42077	2.45	33394	14051	131125	231533	6.93
1961	85-89	0.16204	0.56486	2.32	19343	10926	67426	100408	5.19
1961	90-94	0.23229	0.69666	2.13	8417	5864	25243	32982	3.92
1961	95-99	0.31305	0.80641	1.99	2553	2059	6577	7739	3.03
1961	100-104	0.41499	0.88929	1.79	494	440	1059	1162	2.35
1961	105-109	0.52566	0.94002	1.58	55	51	98	103	1.89
1961	110+	0.61637	1.00000	1.62	3	3	5	5	1.62
1962	0	0.02965	0.02890	0.13	100000	2890	97486	6889761	68.90
1962	1-4	0.00116	0.00464	1.56	97110	451	387342	6792275	69.94
1962	5-9	0.00053	0.00265	2.2	96659	256	482579	6404933	66.26
1962	10-14	0.00047	0.00237	2.74	96403	229	481502	5922354	61.43
1962	15-19	0.00101	0.00506	2.81	96175	487	479807	5440852	56.57
1962	20-24	0.00135	0.00674	2.55	95688	645	476862	4961045	51.85
1962	25-29	0.00152	0.00758	2.55	95043	720	473454	4484182	47.18
1962	30-34	0.00197	0.00979	2.62	94323	923	469414	4010729	42.52
1962	35-39	0.00300	0.01488	2.64	93400	1390	463718	3541315	37.92
1962	40-44	0.00443	0.02191	2.65	92010	2016	455317	3077597	33.45
1962	45-49	0.00694	0.03415	2.66	89994	3073	442791	2622279	29.14
1962	50-54	0.01073	0.05233	2.63	86921	4548	423806	2179488	25.07
1962	55-59	0.01526	0.07363	2.62	82372	6065	397456	1755682	21.31
1962	60-64	0.02254	0.10692	2.6	76307	8158	361930	1358226	17.80
1962	65-69	0.03262	0.15096	2.53	68149	10288	315334	996296	14.62
1962	70-74	0.04650	0.20876	2.55	57861	12079	259736	680962	11.77
1962	75-79	0.06660	0.28620	2.54	45782	13103	196744	421226	9.20
1962	80-84	0.10778	0.42402	2.49	32680	13857	128559	224483	6.87
1962	85-89	0.16684	0.57669	2.32	18823	10855	65062	95924	5.10
1962	90-94	0.23350	0.70198	2.16	7968	5593	23955	30862	3.87
1962	95-99	0.32757	0.82168	1.97	2375	1951	5956	6908	2.91
1962	100-104	0.43566	0.90163	1.75	423	382	876	951	2.25
1962	105-109	0.55103	0.94817	1.54	42	39	72	75	1.80
1962	110+	0.64446	1.00000	1.55	2	2	3	3	1.55
1963	0	0.03002	0.02925	0.13	100000	2925	97460	6864889	68.65
1963	1-4	0.00119	0.00476	1.56	97075	462	387169	6767429	69.71
1963	5-9	0.00052	0.00262	2.28	96612	253	482375	6380260	66.04
1963	10-14	0.00048	0.00242	2.68	96360	233	481258	5897885	61.21
1963	15-19	0.00100	0.00499	2.76	96127	480	479557	5416627	56.35
1963	20-24	0.00138	0.00690	2.52	95647	660	476597	4937070	51.62
1963	25-29	0.00158	0.00787	2.55	94987	748	473099	4460473	46.96
1963	30-34	0.00204	0.01014	2.65	94239	956	468951	3987374	42.31
1963	35-39	0.00297	0.01474	2.66	93283	1375	463195	3518423	37.72
1963	40-44	0.00451	0.02233	2.68	91908	2052	454772	3055228	33.24
1963	45-49	0.00701	0.03449	2.65	89856	3099	441993	2600456	28.94
1963	50-54	0.01076	0.05246	2.63	86757	4551	423014	2158464	24.88
1963	55-59	0.01557	0.07506	2.61	82206	6170	396270	1735450	21.11
1963	60-64	0.02281	0.10814	2.61	76035	8222	360523	1339180	17.61
1963	65-69	0.03392	0.15647	2.52	67813	10611	312795	978657	14.43
1963	70-74	0.04790	0.21426	2.54	57202	12256	255882	665862	11.64
1963	75-79	0.06667	0.28546	2.48	44946	12830	192457	409980	9.12
1963	80-84	0.10956	0.42897	2.47	32116	13777	125751	217523	6.77
1963	85-89	0.16945	0.58290	2.32	18339	10690	63086	91772	5.00
1963	90-94	0.24264	0.71814	2.16	7649	5493	22639	28687	3.75
1963	95-99	0.34096	0.83473	1.94	2156	1800	5278	6047	2.80
1963	100-104	0.45443	0.91169	1.72	356	325	715	769	2.16
1963	105-109	0.57386	0.95458	1.5	31	30	52	54	1.73
1963	110+	0.66948	1.00000	1.49	1	1	2	2	1.49
1964	0	0.02901	0.02829	0.13	100000	2829	97534	6906004	69.06
1964	1-4	0.00116	0.00461	1.57	97171	448	387593	6808470	70.07
1964	5-9	0.00051	0.00253	2.28	96723	244	482949	6420876	66.38
1964	10-14	0.00048	0.00238	2.76	96478	230	481876	5937927	61.55
1964	15-19	0.00103	0.00513	2.79	96248	494	480150	5456051	56.69
1964	20-24	0.00137	0.00681	2.51	95755	652	477152	4975902	51.97
1964	25-29	0.00157	0.00782	2.59	95103	744	473721	4498750	47.30
1964	30-34	0.00206	0.01026	2.63	94359	968	469504	4025029	42.66
1964	35-39	0.00298	0.01478	2.66	93391	1380	463729	3555525	38.07
1964	40-44	0.00453	0.02241	2.7	92011	2062	455307	3091796	33.60
1964	45-49	0.00681	0.03353	2.67	89949	3016	442713	2636489	29.31
1964	50-54	0.01074	0.05238	2.64	86933	4554	423902	2193776	25.24
1964	55-59	0.01520	0.07336	2.62	82380	6044	397526	1769874	21.48
1964	60-64	0.02207	0.10490	2.64	76336	8008	362798	1372348	17.98
1964	65-69	0.03250	0.15057	2.56	68328	10288	316524	1009550	14.77
1964	70-74	0.04568	0.20546	2.56	58040	11925	261046	693026	11.94
1964	75-79	0.06457	0.27728	2.46	46115	12787	198041	431980	9.37
1964	80-84	0.10444	0.41385	2.49	33328	13793	132066	233938	7.02
1964	85-89	0.16111	0.56365	2.34	19535	11011	68346	101872	5.21
1964	90-94	0.22944	0.69526	2.17	8524	5927	25831	33526	3.93
1964	95-99	0.32075	0.81505	1.98	2598	2117	6601	7695	2.96
1964	100-104	0.42925	0.89822	1.76	480	432	1005	1094	2.28
1964	105-109	0.54603	0.94681	1.55	49	46	85	89	1.82
1964	110+	0.64097	1.00000	1.56	3	3	4	4	1.56
1965	0	0.02791	0.02725	0.13	100000	2725	97618	6905409	69.05
1965	1-4	0.00115	0.00459	1.57	97275	446	388015	6807791	69.98
1965	5-9	0.00048	0.00242	2.28	96829	234	483509	6419776	66.30
1965	10-14	0.00047	0.00233	2.69	96595	225	482453	5936268	61.46
1965	15-19	0.00107	0.00535	2.78	96370	516	480702	5453815	56.59
1965	20-24	0.00142	0.00708	2.54	95854	679	477596	4973113	51.88
1965	25-29	0.00161	0.00800	2.57	95175	761	474025	4495516	47.23
1965	30-34	0.00202	0.01003	2.59	94413	947	469790	4021491	42.59
1965	35-39	0.00295	0.01465	2.66	93467	1369	464135	3551700	38.00
1965	40-44	0.00456	0.02256	2.67	92098	2078	455640	3087566	33.52
1965	45-49	0.00697	0.03431	2.66	90020	3089	442865	2631926	29.24
1965	50-54	0.01078	0.05253	2.61	86931	4566	423732	2189061	25.18
1965	55-59	0.01518	0.07327	2.63	82365	6035	397499	1765329	21.43
1965	60-64	0.02195	0.10429	2.62	76330	7961	362733	1367830	17.92
1965	65-69	0.03269	0.15141	2.56	68369	10352	316633	1005096	14.70
1965	70-74	0.04570	0.20566	2.57	58018	11932	261119	688463	11.87
1965	75-79	0.06745	0.28842	2.49	46086	13292	197051	427345	9.27
1965	80-84	0.10425	0.41346	2.5	32794	13559	130061	230293	7.02
1965	85-89	0.16204	0.56541	2.33	19235	10876	67116	100232	5.21
1965	90-94	0.22642	0.68925	2.16	8359	5762	25447	33116	3.96
1965	95-99	0.32199	0.81629	1.98	2598	2120	6585	7669	2.95
1965	100-104	0.43045	0.89886	1.76	477	429	997	1084	2.27
1965	105-109	0.54687	0.94703	1.55	48	46	84	88	1.81
1965	110+	0.64142	1.00000	1.56	3	3	4	4	1.56
1966	0	0.02714	0.02651	0.12	100000	2651	97676	6906957	69.07
1966	1-4	0.00114	0.00454	1.58	97349	442	388323	6809280	69.95
1966	5-9	0.00050	0.00251	2.36	96907	243	483892	6420957	66.26
1966	10-14	0.00048	0.00238	2.72	96664	230	482795	5937065	61.42
1966	15-19	0.00112	0.00559	2.8	96434	539	480985	5454270	56.56
1966	20-24	0.00146	0.00727	2.5	95895	697	477731	4973286	51.86
1966	25-29	0.00153	0.00764	2.53	95198	728	474193	4495555	47.22
1966	30-34	0.00209	0.01041	2.61	94471	984	470000	4021362	42.57
1966	35-39	0.00298	0.01479	2.65	93487	1382	464183	3551362	37.99
1966	40-44	0.00457	0.02261	2.65	92104	2082	455637	3087178	33.52
1966	45-49	0.00695	0.03421	2.63	90022	3079	442820	2631541	29.23
1966	50-54	0.01078	0.05256	2.62	86943	4570	423828	2188721	25.17
1966	55-59	0.01543	0.07440	2.6	82373	6128	397140	1764893	21.43
1966	60-64	0.02171	0.10311	2.58	76245	7861	362185	1367753	17.94
1966	65-69	0.03222	0.14928	2.54	68383	10208	316834	1005568	14.70
1966	70-74	0.04625	0.20769	2.55	58175	12082	261214	688734	11.84
1966	75-79	0.06716	0.28754	2.5	46093	13254	197353	427520	9.28
1966	80-84	0.10358	0.41050	2.47	32839	13481	130147	230167	7.01
1966	85-89	0.16204	0.56562	2.33	19359	10950	67572	100020	5.17
1966	90-94	0.23521	0.70385	2.15	8409	5919	25163	32447	3.86
1966	95-99	0.32524	0.81976	1.98	2490	2041	6277	7284	2.92
1966	100-104	0.43617	0.90223	1.75	449	405	928	1007	2.24
1966	105-109	0.55499	0.94951	1.54	44	42	75	78	1.79
1966	110+	0.65117	1.00000	1.54	2	2	3	3	1.54
1967	0	0.02543	0.02487	0.12	100000	2487	97808	6951404	69.51
1967	1-4	0.00106	0.00421	1.6	97513	411	389065	6853596	70.28
1967	5-9	0.00048	0.00241	2.3	97102	234	484878	6464531	66.57
1967	10-14	0.00046	0.00227	2.71	96868	220	483835	5979652	61.73
1967	15-19	0.00109	0.00543	2.85	96648	525	482109	5495817	56.86
1967	20-24	0.00148	0.00737	2.54	96123	709	478868	5013708	52.16
1967	25-29	0.00156	0.00779	2.55	95414	743	475247	4534840	47.53
1967	30-34	0.00205	0.01022	2.63	94671	968	471064	4059593	42.88
1967	35-39	0.00293	0.01456	2.62	93703	1364	465266	3588529	38.30
1967	40-44	0.00455	0.02251	2.64	92339	2079	456795	3123264	33.82
1967	45-49	0.00681	0.03354	2.66	90260	3027	444230	2666469	29.54
1967	50-54	0.01061	0.05178	2.65	87233	4517	425547	2222239	25.47
1967	55-59	0.01509	0.07286	2.63	82716	6027	399283	1796692	21.72
1967	60-64	0.02098	0.09984	2.58	76690	7656	364915	1397409	18.22
1967	65-69	0.03088	0.14355	2.55	69033	9910	320935	1032494	14.96
1967	70-74	0.04536	0.20419	2.56	59123	12072	266177	711559	12.04
1967	75-79	0.06509	0.27998	2.51	47051	13173	202398	445382	9.47
1967	80-84	0.10004	0.39952	2.48	33878	13535	135295	242984	7.17
1967	85-89	0.15786	0.55654	2.35	20343	11322	71720	107688	5.29
1967	90-94	0.22617	0.69092	2.18	9021	6233	27558	35969	3.99
1967	95-99	0.31414	0.80827	2	2788	2254	7174	8411	3.02
1967	100-104	0.42196	0.89405	1.78	535	478	1133	1237	2.31
1967	105-109	0.53872	0.94460	1.56	57	54	99	104	1.84
1967	110+	0.63402	1.00000	1.58	3	3	5	5	1.58
1968	0	0.02499	0.02445	0.12	100000	2445	97843	6905795	69.06
1968	1-4	0.00106	0.00422	1.61	97555	412	389234	6807952	69.79
1968	5-9	0.00050	0.00247	2.36	97143	240	485081	6418718	66.07
1968	10-14	0.00052	0.00258	2.71	96903	250	483943	5933637	61.23
1968	15-19	0.00119	0.00595	2.78	96653	575	481990	5449694	56.38
1968	20-24	0.00153	0.00764	2.52	96078	734	478569	4967704	51.70
1968	25-29	0.00164	0.00815	2.55	95344	777	474814	4489135	47.08
1968	30-34	0.00213	0.01059	2.59	94567	1002	470424	4014321	42.45
1968	35-39	0.00317	0.01572	2.64	93565	1471	464361	3543897	37.88
1968	40-44	0.00473	0.02339	2.63	92095	2154	455366	3079537	33.44
1968	45-49	0.00713	0.03504	2.63	89940	3152	442232	2624170	29.18
1968	50-54	0.01083	0.05278	2.63	86789	4580	423072	2181938	25.14
1968	55-59	0.01549	0.07465	2.6	82208	6137	396318	1758866	21.40
1968	60-64	0.02193	0.10413	2.57	76071	7921	361117	1362548	17.91
1968	65-69	0.03191	0.14800	2.55	68150	10086	316029	1001431	14.69
1968	70-74	0.04618	0.20740	2.55	58064	12043	260784	685402	11.80
1968	75-79	0.06821	0.29150	2.51	46021	13415	196669	424618	9.23
1968	80-84	0.10369	0.41147	2.49	32606	13416	129395	227949	6.99
1968	85-89	0.16249	0.56702	2.34	19190	10881	66965	98555	5.14
1968	90-94	0.23859	0.70916	2.14	8309	5892	24697	31589	3.80
1968	95-99	0.33430	0.82894	1.96	2417	2003	5992	6893	2.85
1968	100-104	0.45004	0.90982	1.73	413	376	836	900	2.18
1968	105-109	0.57274	0.95449	1.51	37	36	62	65	1.73
1968	110+	0.67111	1.00000	1.49	2	2	3	3	1.49
1969	0	0.02398	0.02348	0.11	100000	2348	97921	6935293	69.35
1969	1-4	0.00101	0.00402	1.62	97652	393	389670	6837372	70.02
1969	5-9	0.00050	0.00248	2.39	97259	241	485665	6447702	66.29
1969	10-14	0.00048	0.00240	2.73	97018	233	484560	5962037	61.45
1969	15-19	0.00123	0.00614	2.81	96785	595	482621	5477477	56.59
1969	20-24	0.00157	0.00782	2.53	96190	753	479089	4994856	51.93
1969	25-29	0.00170	0.00846	2.54	95438	808	475202	4515767	47.32
1969	30-34	0.00209	0.01038	2.62	94630	982	470809	4040565	42.70
1969	35-39	0.00303	0.01503	2.64	93648	1407	464927	3569757	38.12
1969	40-44	0.00478	0.02365	2.67	92241	2181	456118	3104830	33.66
1969	45-49	0.00707	0.03479	2.65	90060	3133	442920	2648712	29.41
1969	50-54	0.01056	0.05154	2.66	86926	4480	424126	2205793	25.38
1969	55-59	0.01551	0.07478	2.61	82446	6165	397483	1781666	21.61
1969	60-64	0.02186	0.10384	2.6	76281	7921	362362	1384184	18.15
1969	65-69	0.03108	0.14457	2.59	68360	9883	318026	1021822	14.95
1969	70-74	0.04463	0.20148	2.59	58477	11782	263972	703796	12.04
1969	75-79	0.06628	0.28450	2.51	46695	13285	200441	439824	9.42
1969	80-84	0.10041	0.40043	2.47	33411	13379	133245	239384	7.16
1969	85-89	0.15715	0.55438	2.34	20032	11105	70668	106139	5.30
1969	90-94	0.22693	0.69306	2.19	8927	6187	27263	35471	3.97
1969	95-99	0.31648	0.81090	1.99	2740	2222	7020	8208	3.00
1969	100-104	0.42620	0.89668	1.77	518	465	1090	1188	2.29
1969	105-109	0.54490	0.94660	1.55	54	51	93	97	1.82
1969	110+	0.64159	1.00000	1.56	3	3	4	4	1.56
1970	0	0.02346	0.02298	0.11	100000	2298	97962	6963534	69.64
1970	1-4	0.00094	0.00373	1.67	97702	365	389957	6865571	70.27
1970	5-9	0.00049	0.00245	2.37	97337	239	486058	6475614	66.53
1970	10-14	0.00045	0.00223	2.76	97098	217	485007	5989556	61.69
1970	15-19	0.00120	0.00598	2.79	96882	580	483130	5504548	56.82
1970	20-24	0.00155	0.00772	2.52	96302	743	479670	5021419	52.14
1970	25-29	0.00164	0.00816	2.51	95559	780	475851	4541748	47.53
1970	30-34	0.00212	0.01053	2.65	94779	998	471551	4065897	42.90
1970	35-39	0.00303	0.01506	2.63	93782	1412	465554	3594346	38.33
1970	40-44	0.00464	0.02296	2.64	92369	2121	456850	3128792	33.87
1970	45-49	0.00710	0.03491	2.63	90248	3151	443780	2671942	29.61
1970	50-54	0.01058	0.05162	2.64	87098	4496	424901	2228162	25.58
1970	55-59	0.01541	0.07430	2.61	82602	6137	398369	1803261	21.83
1970	60-64	0.02169	0.10309	2.6	76465	7883	363424	1404892	18.37
1970	65-69	0.03024	0.14085	2.57	68582	9660	319478	1041468	15.19
1970	70-74	0.04384	0.19814	2.58	58922	11675	266303	721991	12.25
1970	75-79	0.06457	0.27857	2.54	47248	13162	203833	455687	9.64
1970	80-84	0.09751	0.39144	2.48	34086	13342	136833	251854	7.39
1970	85-89	0.14807	0.53170	2.35	20743	11029	74488	115021	5.54
1970	90-94	0.21416	0.67095	2.22	9714	6518	30434	40534	4.17
1970	95-99	0.29804	0.79042	2.03	3196	2527	8477	10100	3.16
1970	100-104	0.40166	0.88128	1.82	670	590	1470	1622	2.42
1970	105-109	0.51595	0.93700	1.6	80	75	144	153	1.92
1970	110+	0.61021	1.00000	1.64	5	5	8	8	1.64
1971	0	0.02147	0.02106	0.11	100000	2106	98121	7014150	70.14
1971	1-4	0.00092	0.00369	1.69	97894	361	390740	6916029	70.65
1971	5-9	0.00049	0.00242	2.26	97533	236	487017	6525289	66.90
1971	10-14	0.00047	0.00233	2.8	97297	227	485984	6038272	62.06
1971	15-19	0.00122	0.00607	2.8	97070	589	484055	5552288	57.20
1971	20-24	0.00154	0.00766	2.58	96481	739	480613	5068232	52.53
1971	25-29	0.00160	0.00798	2.55	95741	764	476833	4587619	47.92
1971	30-34	0.00204	0.01015	2.66	94977	964	472631	4110787	43.28
1971	35-39	0.00302	0.01499	2.66	94014	1410	466772	3638156	38.70
1971	40-44	0.00443	0.02191	2.68	92604	2029	458304	3171384	34.25
1971	45-49	0.00673	0.03314	2.64	90575	3001	445805	2713080	29.95
1971	50-54	0.01017	0.04965	2.63	87574	4348	427552	2267275	25.89
1971	55-59	0.01477	0.07131	2.6	83225	5935	401902	1839723	22.11
1971	60-64	0.02088	0.09939	2.58	77290	7682	367892	1437821	18.60
1971	65-69	0.02871	0.13405	2.53	69608	9331	325029	1069929	15.37
1971	70-74	0.04274	0.19337	2.54	60277	11656	272720	744899	12.36
1971	75-79	0.06321	0.27335	2.53	48622	13291	210280	472180	9.71
1971	80-84	0.09542	0.38487	2.49	35331	13598	142507	261899	7.41
1971	85-89	0.14776	0.53138	2.36	21733	11548	78157	119393	5.49
1971	90-94	0.22202	0.68329	2.19	10185	6959	31344	41236	4.05
1971	95-99	0.30793	0.80201	2.01	3226	2587	8401	9892	3.07
1971	100-104	0.41771	0.89184	1.79	639	570	1364	1491	2.33
1971	105-109	0.53744	0.94442	1.57	69	65	121	127	1.84
1971	110+	0.63534	1.00000	1.57	4	4	6	6	1.57
1972	0	0.02003	0.01968	0.1	100000	1968	98236	7008217	70.08
1972	1-4	0.00087	0.00347	1.66	98032	340	391332	6909980	70.49
1972	5-9	0.00048	0.00237	2.3	97692	232	487835	6518648	66.73
1972	10-14	0.00046	0.00230	2.71	97460	225	486786	6030814	61.88
1972	15-19	0.00123	0.00616	2.79	97236	599	484854	5544027	57.02
1972	20-24	0.00159	0.00792	2.48	96637	766	481260	5059173	52.35
1972	25-29	0.00161	0.00803	2.61	95872	770	477520	4577914	47.75
1972	30-34	0.00206	0.01025	2.58	95102	975	473150	4100394	43.12
1972	35-39	0.00286	0.01418	2.67	94127	1335	467527	3627244	38.54
1972	40-44	0.00455	0.02250	2.71	92792	2088	459172	3159716	34.05
1972	45-49	0.00706	0.03474	2.64	90704	3151	446088	2700544	29.77
1972	50-54	0.01026	0.05006	2.63	87553	4383	427371	2254456	25.75
1972	55-59	0.01490	0.07198	2.62	83171	5986	401628	1827085	21.97
1972	60-64	0.02125	0.10110	2.6	77184	7803	367156	1425457	18.47
1972	65-69	0.02963	0.13812	2.55	69381	9583	323407	1058301	15.25
1972	70-74	0.04337	0.19596	2.54	59798	11718	270175	734894	12.29
1972	75-79	0.06324	0.27373	2.55	48080	13161	208128	464719	9.67
1972	80-84	0.09791	0.39256	2.48	34919	13708	140009	256592	7.35
1972	85-89	0.14972	0.53701	2.37	21211	11391	76081	116583	5.50
1972	90-94	0.21650	0.67895	2.25	9821	6668	30798	40502	4.12
1972	95-99	0.30684	0.80061	2.01	3153	2524	8227	9704	3.08
1972	100-104	0.41483	0.88993	1.79	629	559	1349	1477	2.35
1972	105-109	0.53286	0.94287	1.57	69	65	122	129	1.86
1972	110+	0.62952	1.00000	1.59	4	4	6	6	1.59
1973	0	0.01985	0.01950	0.1	100000	1950	98251	7033152	70.33
1973	1-4	0.00090	0.00360	1.67	98050	353	391375	6934901	70.73
1973	5-9	0.00048	0.00240	2.34	97697	235	487859	6543526	66.98
1973	10-14	0.00047	0.00234	2.73	97462	228	486794	6055666	62.13
1973	15-19	0.00120	0.00597	2.76	97234	581	484870	5568873	57.27
1973	20-24	0.00152	0.00755	2.47	96654	730	481425	5084003	52.60
1973	25-29	0.00160	0.00794	2.59	95924	762	477783	4602578	47.98
1973	30-34	0.00198	0.00983	2.58	95162	935	473542	4124794	43.34
1973	35-39	0.00288	0.01431	2.64	94227	1348	467956	3651252	38.75
1973	40-44	0.00446	0.02206	2.64	92879	2049	459558	3183296	34.27
1973	45-49	0.00675	0.03324	2.63	90830	3019	446989	2723739	29.99
1973	50-54	0.01005	0.04906	2.62	87811	4308	428814	2276750	25.93
1973	55-59	0.01457	0.07041	2.63	83503	5880	403602	1847935	22.13
1973	60-64	0.02100	0.09998	2.61	77623	7761	369547	1444333	18.61
1973	65-69	0.02862	0.13376	2.56	69862	9345	326481	1074786	15.38
1973	70-74	0.04286	0.19393	2.55	60517	11736	273844	748305	12.37
1973	75-79	0.06162	0.26752	2.54	48781	13050	211793	474462	9.73
1973	80-84	0.09670	0.38897	2.49	35731	13898	143733	262669	7.35
1973	85-89	0.15034	0.53895	2.37	21833	11767	78269	118936	5.45
1973	90-94	0.22125	0.68204	2.19	10066	6865	31030	40667	4.04
1973	95-99	0.31431	0.80901	2	3201	2589	8238	9637	3.01
1973	100-104	0.42672	0.89729	1.77	611	548	1285	1399	2.29
1973	105-109	0.54856	0.94788	1.55	63	60	108	114	1.81
1973	110+	0.64770	1.00000	1.54	3	3	5	5	1.54
1974	0	0.01883	0.01852	0.1	100000	1852	98335	7105796	71.06
1974	1-4	0.00083	0.00330	1.64	98148	324	391831	7007461	71.40
1974	5-9	0.00043	0.00213	2.35	97825	208	488571	6615631	67.63
1974	10-14	0.00043	0.00215	2.77	97617	210	487615	6127059	62.77
1974	15-19	0.00114	0.00568	2.82	97406	553	485829	5639444	57.90
1974	20-24	0.00143	0.00712	2.48	96853	690	482527	5153616	53.21
1974	25-29	0.00153	0.00760	2.55	96164	731	479031	4671089	48.57
1974	30-34	0.00188	0.00938	2.65	95433	895	475061	4192058	43.93
1974	35-39	0.00259	0.01285	2.67	94538	1215	469857	3716996	39.32
1974	40-44	0.00412	0.02040	2.67	93323	1904	462170	3247139	34.79
1974	45-49	0.00648	0.03193	2.67	91419	2919	450282	2784969	30.46
1974	50-54	0.00956	0.04673	2.62	88499	4136	432656	2334687	26.38
1974	55-59	0.01371	0.06640	2.62	84364	5602	408466	1902031	22.55
1974	60-64	0.02026	0.09663	2.61	78762	7611	375638	1493565	18.96
1974	65-69	0.02775	0.13001	2.58	71151	9250	333347	1117927	15.71
1974	70-74	0.04118	0.18726	2.58	61901	11591	281510	784580	12.67
1974	75-79	0.05800	0.25406	2.56	50310	12781	220385	503070	10.00
1974	80-84	0.09343	0.37856	2.5	37528	14207	152060	282685	7.53
1974	85-89	0.14461	0.52440	2.38	23322	12230	84571	130625	5.60
1974	90-94	0.21437	0.67135	2.22	11092	7447	34738	46054	4.15
1974	95-99	0.30347	0.79727	2.02	3645	2906	9577	11317	3.10
1974	100-104	0.41382	0.88963	1.8	739	657	1589	1740	2.35
1974	105-109	0.53488	0.94372	1.57	82	77	144	151	1.85
1974	110+	0.63411	1.00000	1.58	5	5	7	7	1.58
1975	0	0.01850	0.01820	0.1	100000	1820	98362	7179766	71.80
1975	1-4	0.00076	0.00304	1.64	98180	299	392017	7081404	72.13
1975	5-9	0.00038	0.00190	2.38	97882	186	488920	6689388	68.34
1975	10-14	0.00039	0.00194	2.75	97695	190	488049	6200467	63.47
1975	15-19	0.00103	0.00514	2.79	97505	502	486418	5712418	58.59
1975	20-24	0.00135	0.00674	2.47	97004	653	483363	5226001	53.87
1975	25-29	0.00141	0.00703	2.52	96350	677	480069	4742637	49.22
1975	30-34	0.00168	0.00838	2.59	95673	802	476433	4262568	44.55
1975	35-39	0.00249	0.01240	2.7	94871	1176	471648	3786135	39.91
1975	40-44	0.00383	0.01897	2.66	93695	1777	464326	3314487	35.38
1975	45-49	0.00599	0.02955	2.68	91918	2716	453277	2850162	31.01
1975	50-54	0.00908	0.04442	2.62	89202	3963	436569	2396884	26.87
1975	55-59	0.01331	0.06451	2.62	85239	5499	413116	1960315	23.00
1975	60-64	0.01933	0.09241	2.61	79740	7369	381121	1547199	19.40
1975	65-69	0.02653	0.12464	2.58	72371	9021	340012	1166078	16.11
1975	70-74	0.03879	0.17730	2.58	63351	11232	289549	826067	13.04
1975	75-79	0.05623	0.24697	2.54	52119	12872	228930	536517	10.29
1975	80-84	0.08856	0.36287	2.51	39247	14241	160815	307587	7.84
1975	85-89	0.13520	0.49979	2.39	25005	12497	92435	146772	5.87
1975	90-94	0.20295	0.65022	2.24	12508	8133	40073	54337	4.34
1975	95-99	0.28684	0.77781	2.06	4375	3403	11864	14265	3.26
1975	100-104	0.39287	0.87587	1.84	972	851	2167	2401	2.47
1975	105-109	0.51126	0.93568	1.61	121	113	221	234	1.94
1975	110+	0.60951	1.00000	1.64	8	8	13	13	1.64
1976	0	0.01722	0.01696	0.1	100000	1696	98467	7219371	72.19
1976	1-4	0.00074	0.00294	1.66	98304	289	392541	7120904	72.44
1976	5-9	0.00037	0.00187	2.34	98015	183	489588	6728364	68.65
1976	10-14	0.00038	0.00189	2.84	97832	185	488759	6238775	63.77
1976	15-19	0.00094	0.00471	2.85	97647	460	487243	5750016	58.89
1976	20-24	0.00125	0.00621	2.45	97186	603	484390	5262773	54.15
1976	25-29	0.00135	0.00671	2.55	96583	649	481323	4778383	49.47
1976	30-34	0.00151	0.00750	2.65	95934	720	477984	4297060	44.79
1976	35-39	0.00230	0.01144	2.7	95215	1089	473573	3819076	40.11
1976	40-44	0.00367	0.01821	2.68	94126	1714	466651	3345504	35.54
1976	45-49	0.00573	0.02825	2.68	92411	2611	455993	2878853	31.15
1976	50-54	0.00888	0.04348	2.64	89800	3904	439799	2422860	26.98
1976	55-59	0.01318	0.06390	2.62	85896	5489	416419	1983061	23.09
1976	60-64	0.01887	0.09030	2.61	80407	7260	384686	1566642	19.48
1976	65-69	0.02634	0.12384	2.59	73146	9058	343899	1181956	16.16
1976	70-74	0.03766	0.17242	2.55	64088	11050	293381	838057	13.08
1976	75-79	0.05683	0.24915	2.53	53038	13214	232532	544677	10.27
1976	80-84	0.08778	0.36015	2.51	39824	14342	163391	312145	7.84
1976	85-89	0.13542	0.50095	2.4	25481	12765	94261	148754	5.84
1976	90-94	0.20615	0.65692	2.24	12716	8354	40522	54493	4.29
1976	95-99	0.29259	0.78502	2.05	4363	3425	11705	13971	3.20
1976	100-104	0.40237	0.88253	1.82	938	828	2057	2265	2.42
1976	105-109	0.52415	0.94034	1.59	110	104	198	208	1.89
1976	110+	0.62465	1.00000	1.6	7	7	11	11	1.60
1977	0	0.01665	0.01640	0.09	100000	1640	98515	7251398	72.51
1977	1-4	0.00072	0.00286	1.62	98360	282	392769	7152883	72.72
1977	5-9	0.00035	0.00176	2.25	98078	173	489916	6760114	68.93
1977	10-14	0.00036	0.00179	2.75	97905	175	489132	6270197	64.04
1977	15-19	0.00101	0.00505	2.83	97730	493	487579	5781066	59.15
1977	20-24	0.00128	0.00637	2.51	97237	620	484640	5293486	54.44
1977	25-29	0.00132	0.00657	2.55	96617	635	481530	4808847	49.77
1977	30-34	0.00153	0.00762	2.62	95982	731	478169	4327317	45.08
1977	35-39	0.00223	0.01111	2.68	95251	1058	473800	3849148	40.41
1977	40-44	0.00354	0.01756	2.69	94193	1654	467152	3375348	35.83
1977	45-49	0.00543	0.02681	2.67	92539	2481	456913	2908196	31.43
1977	50-54	0.00863	0.04230	2.63	90059	3810	441260	2451283	27.22
1977	55-59	0.01304	0.06326	2.62	86249	5456	418276	2010023	23.30
1977	60-64	0.01846	0.08839	2.61	80793	7141	386898	1591747	19.70
1977	65-69	0.02555	0.12042	2.61	73652	8869	347067	1204850	16.36
1977	70-74	0.03706	0.16995	2.57	64783	11010	297111	857782	13.24
1977	75-79	0.05534	0.24362	2.55	53773	13100	236704	560671	10.43
1977	80-84	0.08653	0.35614	2.52	40673	14485	167405	323967	7.97
1977	85-89	0.13126	0.48975	2.41	26188	12825	97707	156562	5.98
1977	90-94	0.19936	0.64369	2.25	13362	8601	43143	58856	4.40
1977	95-99	0.28259	0.77280	2.07	4761	3679	13020	15713	3.30
1977	100-104	0.38942	0.87368	1.85	1082	945	2427	2692	2.49
1977	105-109	0.50947	0.93518	1.62	137	128	251	265	1.94
1977	110+	0.60935	1.00000	1.64	9	9	15	15	1.64
1978	0	0.01578	0.01556	0.09	100000	1556	98587	7276957	72.77
1978	1-4	0.00073	0.00290	1.62	98444	286	393096	7178369	72.92
1978	5-9	0.00035	0.00173	2.29	98158	170	490331	6785273	69.13
1978	10-14	0.00034	0.00170	2.68	97988	167	489553	6294943	64.24
1978	15-19	0.00096	0.00481	2.86	97821	470	488097	5805389	59.35
1978	20-24	0.00124	0.00620	2.5	97351	603	485246	5317292	54.62
1978	25-29	0.00130	0.00649	2.49	96747	628	482161	4832046	49.94
1978	30-34	0.00150	0.00746	2.63	96119	717	478895	4349884	45.26
1978	35-39	0.00217	0.01079	2.66	95403	1029	474608	3870989	40.58
1978	40-44	0.00346	0.01715	2.7	94374	1618	468153	3396381	35.99
1978	45-49	0.00533	0.02632	2.65	92755	2441	458030	2928228	31.57
1978	50-54	0.00842	0.04127	2.64	90314	3727	442788	2470198	27.35
1978	55-59	0.01253	0.06085	2.63	86587	5269	420472	2027411	23.41
1978	60-64	0.01802	0.08641	2.62	81318	7027	389835	1606938	19.76
1978	65-69	0.02561	0.12063	2.59	74292	8962	349881	1217103	16.38
1978	70-74	0.03694	0.16951	2.57	65330	11074	299792	867222	13.27
1978	75-79	0.05475	0.24118	2.53	54256	13085	238997	567431	10.46
1978	80-84	0.08494	0.35039	2.5	41171	14426	169831	328434	7.98
1978	85-89	0.13358	0.49622	2.41	26745	13271	99350	158602	5.93
1978	90-94	0.19803	0.64113	2.25	13473	8638	43621	59252	4.40
1978	95-99	0.28916	0.78115	2.06	4835	3777	13062	15632	3.23
1978	100-104	0.39992	0.88111	1.83	1058	932	2331	2569	2.43
1978	105-109	0.52336	0.94021	1.59	126	118	226	238	1.89
1978	110+	0.62543	1.00000	1.6	8	8	12	12	1.60
1979	0	0.01573	0.01551	0.09	100000	1551	98592	7315279	73.15
1979	1-4	0.00068	0.00272	1.65	98449	268	393166	7216688	73.30
1979	5-9	0.00033	0.00164	2.37	98181	161	490480	6823522	69.50
1979	10-14	0.00035	0.00177	2.79	98020	173	489715	6333041	64.61
1979	15-19	0.00095	0.00475	2.81	97846	465	488212	5843327	59.72
1979	20-24	0.00128	0.00639	2.52	97381	622	485363	5355115	54.99
1979	25-29	0.00133	0.00664	2.53	96759	642	482206	4869752	50.33
1979	30-34	0.00148	0.00736	2.56	96117	707	478856	4387546	45.65
1979	35-39	0.00210	0.01045	2.65	95410	997	474703	3908690	40.97
1979	40-44	0.00337	0.01671	2.73	94412	1577	468475	3433987	36.37
1979	45-49	0.00519	0.02566	2.66	92835	2382	458597	2965512	31.94
1979	50-54	0.00810	0.03977	2.65	90453	3597	443820	2506915	27.72
1979	55-59	0.01209	0.05880	2.64	86856	5107	422228	2063095	23.75
1979	60-64	0.01739	0.08349	2.61	81749	6825	392430	1640866	20.07
1979	65-69	0.02452	0.11573	2.58	74924	8671	353624	1248437	16.66
1979	70-74	0.03597	0.16553	2.59	66253	10967	304850	894813	13.51
1979	75-79	0.05279	0.23375	2.55	55287	12923	244828	589962	10.67
1979	80-84	0.08337	0.34511	2.51	42363	14620	175353	345134	8.15
1979	85-89	0.12830	0.48084	2.4	27743	13340	103977	169781	6.12
1979	90-94	0.18972	0.62495	2.27	14403	9001	47446	65804	4.57
1979	95-99	0.27316	0.76066	2.09	5402	4109	15043	18358	3.40
1979	100-104	0.37686	0.86443	1.87	1293	1118	2966	3316	2.56
1979	105-109	0.49455	0.92945	1.64	175	163	329	350	2.00
1979	110+	0.59313	1.00000	1.69	12	12	21	21	1.69
1980	0	0.01492	0.01472	0.09	100000	1472	98660	7310154	73.10
1980	1-4	0.00069	0.00277	1.62	98528	273	393463	7211494	73.19
1980	5-9	0.00032	0.00161	2.42	98255	158	490869	6818031	69.39
1980	10-14	0.00032	0.00160	2.73	98097	157	490129	6327162	64.50
1980	15-19	0.00102	0.00509	2.82	97940	498	488611	5837033	59.60
1980	20-24	0.00139	0.00691	2.52	97442	674	485537	5348422	54.89
1980	25-29	0.00140	0.00699	2.53	96768	677	482168	4862884	50.25
1980	30-34	0.00150	0.00746	2.53	96091	717	478683	4380716	45.59
1980	35-39	0.00209	0.01038	2.68	95374	990	474572	3902033	40.91
1980	40-44	0.00314	0.01561	2.68	94384	1473	468500	3427461	36.31
1980	45-49	0.00512	0.02531	2.67	92910	2351	459064	2958961	31.85
1980	50-54	0.00805	0.03951	2.66	90559	3578	444429	2499897	27.61
1980	55-59	0.01202	0.05844	2.63	86981	5083	422882	2055468	23.63
1980	60-64	0.01752	0.08407	2.61	81898	6885	393062	1632586	19.93
1980	65-69	0.02503	0.11805	2.59	75013	8855	353735	1239524	16.52
1980	70-74	0.03644	0.16745	2.58	66158	11078	303988	885789	13.39
1980	75-79	0.05332	0.23548	2.52	55079	12970	243268	581802	10.56
1980	80-84	0.08449	0.34866	2.5	42109	14682	173776	338533	8.04
1980	85-89	0.13061	0.48751	2.4	27427	13371	102370	164757	6.01
1980	90-94	0.19691	0.63866	2.25	14056	8977	45592	62387	4.44
1980	95-99	0.28189	0.77198	2.07	5079	3921	13910	16795	3.31
1980	100-104	0.38895	0.87338	1.85	1158	1011	2601	2885	2.49
1980	105-109	0.50925	0.93512	1.62	147	137	269	285	1.94
1980	110+	0.60938	1.00000	1.64	10	10	16	16	1.64
1981	0	0.01375	0.01358	0.09	100000	1358	98760	7340185	73.40
1981	1-4	0.00067	0.00269	1.6	98642	265	393931	7241425	73.41
1981	5-9	0.00033	0.00163	2.4	98377	161	491468	6847494	69.60
1981	10-14	0.00032	0.00158	2.78	98216	155	490738	6356026	64.71
1981	15-19	0.00092	0.00460	2.88	98061	451	489350	5865288	59.81
1981	20-24	0.00127	0.00633	2.55	97610	618	486534	5375938	55.08
1981	25-29	0.00138	0.00690	2.5	96992	669	483292	4889404	50.41
1981	30-34	0.00151	0.00752	2.59	96323	725	479872	4406112	45.74
1981	35-39	0.00202	0.01006	2.66	95599	962	475742	3926240	41.07
1981	40-44	0.00315	0.01564	2.67	94637	1480	469732	3450498	36.46
1981	45-49	0.00493	0.02436	2.65	93157	2270	460452	2980766	32.00
1981	50-54	0.00782	0.03840	2.66	90887	3490	446272	2520314	27.73
1981	55-59	0.01180	0.05740	2.62	87398	5017	425062	2074042	23.73
1981	60-64	0.01727	0.08291	2.59	82381	6830	395458	1648980	20.02
1981	65-69	0.02458	0.11603	2.58	75551	8766	356574	1253522	16.59
1981	70-74	0.03607	0.16579	2.57	66784	11072	306985	896948	13.43
1981	75-79	0.05219	0.23093	2.51	55712	12866	246521	589963	10.59
1981	80-84	0.08497	0.34982	2.48	42846	14988	176395	343442	8.02
1981	85-89	0.13087	0.48841	2.4	27858	13606	103967	167047	6.00
1981	90-94	0.19797	0.64146	2.26	14252	9142	46178	63080	4.43
1981	95-99	0.28182	0.77186	2.07	5110	3944	13995	16902	3.31
1981	100-104	0.38865	0.87315	1.85	1166	1018	2619	2907	2.49
1981	105-109	0.50880	0.93495	1.62	148	138	272	288	1.94
1981	110+	0.60889	1.00000	1.64	10	10	16	16	1.64
1982	0	0.01339	0.01323	0.09	100000	1323	98790	7397899	73.98
1982	1-4	0.00060	0.00241	1.58	98677	238	394131	7299109	73.97
1982	5-9	0.00030	0.00148	2.38	98439	146	491812	6904978	70.14
1982	10-14	0.00030	0.00150	2.73	98293	148	491130	6413166	65.25
1982	15-19	0.00087	0.00432	2.83	98145	424	489808	5922036	60.34
1982	20-24	0.00116	0.00577	2.52	97721	564	487210	5432228	55.59
1982	25-29	0.00128	0.00638	2.55	97157	620	484268	4945019	50.90
1982	30-34	0.00145	0.00723	2.54	96537	698	480971	4460751	46.21
1982	35-39	0.00192	0.00958	2.63	95839	918	477022	3979780	41.53
1982	40-44	0.00288	0.01430	2.67	94921	1357	471440	3502758	36.90
1982	45-49	0.00472	0.02334	2.71	93565	2184	462820	3031318	32.40
1982	50-54	0.00748	0.03677	2.67	91381	3360	449060	2568498	28.11
1982	55-59	0.01123	0.05472	2.64	88021	4817	428727	2119438	24.08
1982	60-64	0.01690	0.08124	2.61	83204	6759	399842	1690711	20.32
1982	65-69	0.02390	0.11301	2.6	76445	8639	361469	1290869	16.89
1982	70-74	0.03476	0.16030	2.58	67806	10869	312703	929399	13.71
1982	75-79	0.05131	0.22791	2.55	56937	12976	252883	616696	10.83
1982	80-84	0.08126	0.33797	2.51	43960	14857	182838	363813	8.28
1982	85-89	0.12491	0.47261	2.43	29103	13754	110118	180975	6.22
1982	90-94	0.18703	0.61995	2.28	15349	9515	50876	70857	4.62
1982	95-99	0.27037	0.75725	2.1	5833	4417	16337	19980	3.43
1982	100-104	0.37539	0.86356	1.87	1416	1223	3257	3643	2.57
1982	105-109	0.49509	0.92983	1.64	193	180	363	386	2.00
1982	110+	0.59557	1.00000	1.68	14	14	23	23	1.68
1983	0	0.01279	0.01264	0.08	100000	1264	98842	7405907	74.06
1983	1-4	0.00060	0.00242	1.59	98736	239	394368	7307065	74.01
1983	5-9	0.00028	0.00142	2.28	98497	140	492105	6912698	70.18
1983	10-14	0.00027	0.00136	2.81	98357	133	491494	6420593	65.28
1983	15-19	0.00082	0.00408	2.85	98224	401	490258	5929099	60.36
1983	20-24	0.00107	0.00533	2.54	97823	521	487834	5438841	55.60
1983	25-29	0.00120	0.00597	2.5	97302	581	485058	4951006	50.88
1983	30-34	0.00138	0.00688	2.57	96721	665	481988	4465949	46.17
1983	35-39	0.00183	0.00911	2.67	96056	875	478238	3983961	41.48
1983	40-44	0.00281	0.01398	2.65	95180	1330	472772	3505723	36.83
1983	45-49	0.00451	0.02232	2.7	93850	2094	464438	3032951	32.32
1983	50-54	0.00723	0.03557	2.67	91756	3263	451171	2568513	27.99
1983	55-59	0.01137	0.05536	2.63	88492	4899	430848	2117342	23.93
1983	60-64	0.01685	0.08102	2.62	83594	6773	401857	1686494	20.17
1983	65-69	0.02393	0.11317	2.6	76821	8693	363248	1284638	16.72
1983	70-74	0.03587	0.16508	2.59	68128	11247	313518	921390	13.52
1983	75-79	0.05185	0.23007	2.55	56881	13087	252391	607872	10.69
1983	80-84	0.08389	0.34720	2.52	43794	15205	181260	355480	8.12
1983	85-89	0.12782	0.47943	2.39	28589	13706	107235	174221	6.09
1983	90-94	0.19279	0.63178	2.27	14883	9403	48772	66985	4.50
1983	95-99	0.28006	0.76985	2.08	5480	4219	15064	18213	3.32
1983	100-104	0.38799	0.87286	1.85	1261	1101	2837	3149	2.50
1983	105-109	0.50967	0.93539	1.62	160	150	294	311	1.94
1983	110+	0.61112	1.00000	1.64	10	10	17	17	1.64
1984	0	0.01245	0.01231	0.08	100000	1231	98871	7423908	74.24
1984	1-4	0.00057	0.00228	1.63	98769	225	394541	7325037	74.16
1984	5-9	0.00027	0.00135	2.38	98544	133	492369	6930496	70.33
1984	10-14	0.00029	0.00144	2.74	98411	142	491731	6438127	65.42
1984	15-19	0.00081	0.00402	2.76	98268	395	490458	5946396	60.51
1984	20-24	0.00114	0.00571	2.54	97873	558	487990	5455938	55.75
1984	25-29	0.00123	0.00611	2.53	97314	595	485105	4967948	51.05
1984	30-34	0.00141	0.00704	2.55	96719	681	481930	4482843	46.35
1984	35-39	0.00178	0.00886	2.64	96038	851	478186	4000914	41.66
1984	40-44	0.00283	0.01407	2.67	95188	1339	472814	3522728	37.01
1984	45-49	0.00444	0.02199	2.69	93848	2064	464483	3049914	32.50
1984	50-54	0.00713	0.03508	2.66	91784	3219	451377	2585431	28.17
1984	55-59	0.01113	0.05424	2.64	88565	4804	431491	2134054	24.10
1984	60-64	0.01673	0.08046	2.63	83761	6740	402836	1702563	20.33
1984	65-69	0.02361	0.11174	2.61	77021	8606	364526	1299727	16.87
1984	70-74	0.03506	0.16164	2.59	68415	11059	315385	935201	13.67
1984	75-79	0.05124	0.22761	2.55	57356	13055	254757	619816	10.81
1984	80-84	0.08147	0.33907	2.53	44301	15021	184379	365059	8.24
1984	85-89	0.12491	0.47223	2.42	29280	13827	110695	180679	6.17
1984	90-94	0.19126	0.62867	2.28	15453	9715	50794	69984	4.53
1984	95-99	0.27787	0.76724	2.08	5738	4403	15844	19189	3.34
1984	100-104	0.38655	0.87197	1.85	1336	1165	3013	3345	2.50
1984	105-109	0.50920	0.93529	1.62	171	160	314	332	1.94
1984	110+	0.61147	1.00000	1.64	11	11	18	18	1.64
1985	0	0.01253	0.01239	0.08	100000	1239	98864	7414469	74.14
1985	1-4	0.00057	0.00228	1.6	98761	225	394504	7315605	74.07
1985	5-9	0.00026	0.00131	2.34	98536	129	492337	6921101	70.24
1985	10-14	0.00030	0.00149	2.72	98407	147	491700	6428764	65.33
1985	15-19	0.00082	0.00409	2.81	98260	402	490419	5937064	60.42
1985	20-24	0.00114	0.00567	2.53	97858	555	487920	5446645	55.66
1985	25-29	0.00122	0.00608	2.57	97303	591	485075	4958725	50.96
1985	30-34	0.00141	0.00701	2.55	96711	678	481895	4473650	46.26
1985	35-39	0.00186	0.00927	2.58	96033	890	478016	3991755	41.57
1985	40-44	0.00279	0.01386	2.67	95143	1319	472637	3513739	36.93
1985	45-49	0.00451	0.02234	2.71	93824	2096	464311	3041103	32.41
1985	50-54	0.00716	0.03519	2.66	91728	3228	451076	2576792	28.09
1985	55-59	0.01116	0.05438	2.65	88500	4813	431193	2125716	24.02
1985	60-64	0.01656	0.07965	2.6	83687	6665	402450	1694523	20.25
1985	65-69	0.02363	0.11176	2.58	77021	8608	364309	1292073	16.78
1985	70-74	0.03518	0.16208	2.58	68413	11089	315214	927764	13.56
1985	75-79	0.05178	0.22971	2.55	57325	13168	254322	612550	10.69
1985	80-84	0.08256	0.34237	2.51	44157	15118	183125	358228	8.11
1985	85-89	0.12918	0.48411	2.41	29039	14058	108825	175103	6.03
1985	90-94	0.19686	0.64049	2.27	14981	9595	48741	66278	4.42
1985	95-99	0.28640	0.77815	2.07	5386	4191	14633	17537	3.26
1985	100-104	0.39931	0.88102	1.83	1195	1053	2636	2904	2.43
1985	105-109	0.52579	0.94124	1.59	142	134	254	268	1.88
1985	110+	0.63056	1.00000	1.59	8	8	13	13	1.59
1986	0	0.01199	0.01186	0.08	100000	1186	98911	7419624	74.20
1986	1-4	0.00059	0.00235	1.63	98814	232	394705	7320713	74.09
1986	5-9	0.00027	0.00136	2.33	98582	134	492552	6926009	70.26
1986	10-14	0.00031	0.00153	2.81	98448	151	491907	6433457	65.35
1986	15-19	0.00089	0.00444	2.78	98297	436	490515	5941550	60.44
1986	20-24	0.00119	0.00592	2.5	97861	579	487857	5451035	55.70
1986	25-29	0.00130	0.00647	2.58	97282	629	484886	4963178	51.02
1986	30-34	0.00158	0.00788	2.57	96652	762	481412	4478292	46.33
1986	35-39	0.00192	0.00957	2.59	95891	918	477245	3996880	41.68
1986	40-44	0.00283	0.01404	2.67	94973	1333	471757	3519635	37.06
1986	45-49	0.00431	0.02134	2.65	93640	1998	463494	3047878	32.55
1986	50-54	0.00706	0.03471	2.67	91642	3181	450785	2584384	28.20
1986	55-59	0.01074	0.05241	2.67	88461	4637	431509	2133599	24.12
1986	60-64	0.01631	0.07848	2.62	83825	6578	403449	1702090	20.31
1986	65-69	0.02338	0.11066	2.58	77246	8548	365570	1298641	16.81
1986	70-74	0.03517	0.16205	2.58	68698	11132	316525	933071	13.58
1986	75-79	0.05177	0.22957	2.54	57566	13215	255268	616546	10.71
1986	80-84	0.08196	0.34014	2.5	44351	15085	184048	361278	8.15
1986	85-89	0.12780	0.47994	2.41	29265	14046	109904	177230	6.06
1986	90-94	0.19683	0.64015	2.27	15220	9743	49499	67326	4.42
1986	95-99	0.28652	0.77833	2.07	5477	4263	14878	17827	3.25
1986	100-104	0.39960	0.88122	1.83	1214	1070	2677	2949	2.43
1986	105-109	0.52606	0.94132	1.59	144	136	258	271	1.88
1986	110+	0.63071	1.00000	1.59	8	8	13	13	1.59
1987	0	0.01188	0.01175	0.08	100000	1175	98920	7432167	74.32
1987	1-4	0.00059	0.00235	1.64	98825	232	394750	7333247	74.20
1987	5-9	0.00027	0.00135	2.28	98592	134	492598	6938497	70.38
1987	10-14	0.00030	0.00150	2.79	98459	148	491967	6445898	65.47
1987	15-19	0.00089	0.00444	2.79	98311	436	490590	5953932	60.56
1987	20-24	0.00118	0.00586	2.55	97875	574	487966	5463341	55.82
1987	25-29	0.00131	0.00654	2.55	97301	636	484947	4975376	51.13
1987	30-34	0.00164	0.00815	2.56	96665	788	481406	4490428	46.45
1987	35-39	0.00198	0.00988	2.6	95877	947	477112	4009022	41.81
1987	40-44	0.00277	0.01374	2.64	94930	1305	471577	3531910	37.21
1987	45-49	0.00429	0.02123	2.69	93626	1987	463537	3060333	32.69
1987	50-54	0.00687	0.03381	2.67	91638	3098	450986	2596796	28.34
1987	55-59	0.01056	0.05154	2.67	88540	4564	432078	2145810	24.24
1987	60-64	0.01613	0.07766	2.61	83977	6521	404294	1713732	20.41
1987	65-69	0.02326	0.11016	2.6	77455	8533	366770	1309438	16.91
1987	70-74	0.03449	0.15935	2.61	68923	10982	318406	942668	13.68
1987	75-79	0.05091	0.22648	2.56	57940	13122	257739	624261	10.77
1987	80-84	0.08156	0.33897	2.51	44818	15192	186259	366522	8.18
1987	85-89	0.12702	0.47840	2.42	29626	14173	111581	180263	6.08
1987	90-94	0.19487	0.63572	2.27	15453	9824	50411	68683	4.44
1987	95-99	0.28727	0.77942	2.07	5629	4388	15273	18272	3.25
1987	100-104	0.40203	0.88299	1.82	1242	1096	2727	2998	2.41
1987	105-109	0.53040	0.94285	1.58	145	137	258	271	1.87
1987	110+	0.63650	1.00000	1.57	8	8	13	13	1.57
1988	0	0.01207	0.01194	0.08	100000	1194	98903	7425988	74.26
1988	1-4	0.00059	0.00237	1.63	98806	234	394670	7327085	74.16
1988	5-9	0.00028	0.00138	2.48	98572	136	492517	6932415	70.33
1988	10-14	0.00031	0.00155	2.75	98436	152	491837	6439898	65.42
1988	15-19	0.00094	0.00471	2.75	98284	462	490380	5948061	60.52
1988	20-24	0.00123	0.00611	2.54	97821	598	487635	5457681	55.79
1988	25-29	0.00137	0.00682	2.55	97223	663	484490	4970046	51.12
1988	30-34	0.00171	0.00850	2.53	96560	820	480775	4485556	46.45
1988	35-39	0.00208	0.01035	2.58	95740	990	476306	4004782	41.83
1988	40-44	0.00277	0.01377	2.66	94749	1305	470689	3528476	37.24
1988	45-49	0.00431	0.02135	2.68	93445	1995	462599	3057786	32.72
1988	50-54	0.00681	0.03353	2.69	91450	3066	450153	2595188	28.38
1988	55-59	0.01062	0.05177	2.62	88384	4576	431037	2145035	24.27
1988	60-64	0.01591	0.07662	2.6	83808	6422	403615	1713998	20.45
1988	65-69	0.02298	0.10890	2.6	77387	8427	366722	1310383	16.93
1988	70-74	0.03407	0.15757	2.62	68959	10866	318897	943661	13.68
1988	75-79	0.05098	0.22675	2.56	58093	13173	258386	624763	10.75
1988	80-84	0.08152	0.33908	2.52	44921	15232	186847	366378	8.16
1988	85-89	0.12769	0.48055	2.43	29689	14267	111731	179531	6.05
1988	90-94	0.19795	0.64253	2.27	15422	9909	50058	67800	4.40
1988	95-99	0.29010	0.78291	2.06	5513	4316	14878	17742	3.22
1988	100-104	0.40601	0.88561	1.82	1197	1060	2611	2864	2.39
1988	105-109	0.53509	0.94436	1.57	137	129	242	253	1.85
1988	110+	0.64145	1.00000	1.56	8	8	12	12	1.56
1989	0	0.01177	0.01164	0.08	100000	1164	98930	7453222	74.53
1989	1-4	0.00056	0.00226	1.6	98836	223	394807	7354292	74.41
1989	5-9	0.00027	0.00135	2.39	98613	134	492714	6959485	70.57
1989	10-14	0.00030	0.00149	2.79	98479	147	492071	6466771	65.67
1989	15-19	0.00091	0.00453	2.81	98332	445	490687	5974700	60.76
1989	20-24	0.00119	0.00594	2.57	97887	581	488026	5484013	56.02
1989	25-29	0.00138	0.00689	2.56	97306	670	484898	4995987	51.34
1989	30-34	0.00178	0.00888	2.63	96636	858	481146	4511089	46.68
1989	35-39	0.00212	0.01054	2.57	95778	1009	476434	4029943	42.08
1989	40-44	0.00285	0.01415	2.63	94769	1341	470662	3553509	37.50
1989	45-49	0.00424	0.02100	2.63	93428	1962	462500	3082847	33.00
1989	50-54	0.00664	0.03269	2.67	91466	2990	450368	2620347	28.65
1989	55-59	0.01050	0.05122	2.64	88476	4532	431696	2169979	24.53
1989	60-64	0.01552	0.07485	2.63	83944	6283	404818	1738284	20.71
1989	65-69	0.02251	0.10680	2.61	77661	8294	368516	1333466	17.17
1989	70-74	0.03300	0.15296	2.62	69366	10610	321548	964949	13.91
1989	75-79	0.04960	0.22141	2.58	58756	13009	262254	643401	10.95
1989	80-84	0.07907	0.33075	2.53	45747	15131	191352	381147	8.33
1989	85-89	0.12330	0.46830	2.43	30616	14338	116279	189795	6.20
1989	90-94	0.19039	0.62864	2.3	16278	10233	53748	73516	4.52
1989	95-99	0.28457	0.77636	2.07	6045	4693	16492	19768	3.27
1989	100-104	0.40049	0.88216	1.83	1352	1193	2978	3275	2.42
1989	105-109	0.53040	0.94295	1.58	159	150	283	297	1.87
1989	110+	0.63778	1.00000	1.57	9	9	14	14	1.57
1990	0	0.01138	0.01126	0.08	100000	1126	98964	7486060	74.86
1990	1-4	0.00050	0.00200	1.61	98874	197	395024	7387096	74.71
1990	5-9	0.00025	0.00123	2.4	98677	121	493069	6992071	70.86
1990	10-14	0.00027	0.00137	2.84	98556	135	492486	6499002	65.94
1990	15-19	0.00093	0.00465	2.85	98421	458	491122	6006516	61.03
1990	20-24	0.00115	0.00573	2.58	97963	561	488457	5515394	56.30
1990	25-29	0.00139	0.00695	2.56	97402	677	485356	5026937	51.61
1990	30-34	0.00174	0.00867	2.58	96725	839	481593	4541581	46.95
1990	35-39	0.00218	0.01083	2.57	95886	1039	476907	4059987	42.34
1990	40-44	0.00276	0.01371	2.59	94848	1300	471098	3583080	37.78
1990	45-49	0.00415	0.02055	2.65	93547	1922	463215	3111982	33.27
1990	50-54	0.00646	0.03182	2.67	91625	2915	451327	2648768	28.91
1990	55-59	0.01011	0.04938	2.63	88710	4381	433160	2197440	24.77
1990	60-64	0.01513	0.07305	2.63	84329	6160	407027	1764280	20.92
1990	65-69	0.02169	0.10305	2.59	78169	8055	371401	1357253	17.36
1990	70-74	0.03227	0.14974	2.6	70114	10499	325355	985852	14.06
1990	75-79	0.04812	0.21518	2.55	59615	12828	266604	660497	11.08
1990	80-84	0.07798	0.32639	2.5	46787	15271	195831	393893	8.42
1990	85-89	0.12087	0.46192	2.45	31516	14558	120443	198063	6.28
1990	90-94	0.18777	0.62166	2.28	16958	10542	56143	77620	4.58
1990	95-99	0.27697	0.76666	2.09	6416	4919	17759	21477	3.35
1990	100-104	0.38984	0.87480	1.85	1497	1310	3360	3718	2.48
1990	105-109	0.51758	0.93861	1.61	187	176	340	358	1.91
1990	110+	0.62396	1.00000	1.6	12	12	18	18	1.60
1991	0	0.01077	0.01067	0.08	100000	1067	99017	7504667	75.05
1991	1-4	0.00053	0.00211	1.6	98933	209	395233	7405650	74.85
1991	5-9	0.00022	0.00112	2.4	98725	111	493336	7010417	71.01
1991	10-14	0.00028	0.00140	2.85	98614	138	492774	6517081	66.09
1991	15-19	0.00089	0.00446	2.79	98476	439	491409	6024308	61.18
1991	20-24	0.00116	0.00578	2.47	98037	566	488754	5532898	56.44
1991	25-29	0.00136	0.00676	2.58	97471	659	485759	5044145	51.75
1991	30-34	0.00173	0.00863	2.57	96812	835	482034	4558386	47.08
1991	35-39	0.00214	0.01066	2.61	95977	1023	477437	4076351	42.47
1991	40-44	0.00282	0.01400	2.6	94953	1330	471581	3598915	37.90
1991	45-49	0.00411	0.02035	2.68	93624	1906	463691	3127333	33.40
1991	50-54	0.00629	0.03098	2.64	91718	2841	451897	2663643	29.04
1991	55-59	0.00998	0.04875	2.66	88877	4333	434240	2211745	24.89
1991	60-64	0.01497	0.07228	2.62	84544	6111	408190	1777505	21.02
1991	65-69	0.02145	0.10200	2.59	78433	8000	372924	1369315	17.46
1991	70-74	0.03186	0.14800	2.61	70433	10424	327223	996391	14.15
1991	75-79	0.04720	0.21166	2.56	60009	12702	269080	669167	11.15
1991	80-84	0.07716	0.32374	2.52	47307	15315	198480	400087	8.46
1991	85-89	0.11943	0.45726	2.44	31992	14629	122492	201608	6.30
1991	90-94	0.18881	0.62476	2.29	17363	10848	57454	79116	4.56
1991	95-99	0.27905	0.76950	2.09	6515	5014	17967	21661	3.32
1991	100-104	0.39385	0.87772	1.84	1502	1318	3347	3694	2.46
1991	105-109	0.52334	0.94065	1.6	184	173	330	347	1.89
1991	110+	0.63083	1.00000	1.59	11	11	17	17	1.59
1992	0	0.01005	0.00995	0.08	100000	995	99080	7529158	75.29
1992	1-4	0.00049	0.00195	1.63	99005	193	395561	7430078	75.05
1992	5-9	0.00022	0.00110	2.35	98812	109	493771	7034517	71.19
1992	10-14	0.00025	0.00123	2.86	98703	122	493256	6540746	66.27
1992	15-19	0.00086	0.00428	2.8	98582	422	491978	6047490	61.35
1992	20-24	0.00106	0.00531	2.5	98160	521	489497	5555512	56.60
1992	25-29	0.00128	0.00638	2.6	97639	623	486696	5066015	51.89
1992	30-34	0.00169	0.00840	2.61	97016	815	483135	4579319	47.20
1992	35-39	0.00222	0.01104	2.57	96201	1062	478422	4096184	42.58
1992	40-44	0.00284	0.01410	2.6	95139	1342	472476	3617762	38.03
1992	45-49	0.00412	0.02041	2.67	93797	1915	464520	3145286	33.53
1992	50-54	0.00617	0.03041	2.65	91882	2794	452835	2680766	29.18
1992	55-59	0.00969	0.04737	2.66	89088	4220	435573	2227931	25.01
1992	60-64	0.01477	0.07133	2.62	84868	6053	409919	1792358	21.12
1992	65-69	0.02122	0.10096	2.61	78815	7957	375033	1382439	17.54
1992	70-74	0.03141	0.14605	2.6	70858	10349	329448	1007406	14.22
1992	75-79	0.04665	0.20960	2.58	60509	12683	271901	677958	11.20
1992	80-84	0.07644	0.32150	2.53	47826	15376	201157	406057	8.49
1992	85-89	0.11983	0.45843	2.44	32450	14876	124139	204900	6.31
1992	90-94	0.18634	0.61939	2.29	17574	10885	58415	80760	4.60
1992	95-99	0.27757	0.76754	2.09	6689	5134	18496	22345	3.34
1992	100-104	0.39122	0.87579	1.85	1555	1362	3481	3849	2.48
1992	105-109	0.51927	0.93919	1.6	193	181	349	368	1.91
1992	110+	0.62562	1.00000	1.6	12	12	19	19	1.60
1993	0	0.00987	0.00979	0.08	100000	979	99096	7506798	75.07
1993	1-4	0.00049	0.00195	1.69	99021	193	395639	7407703	74.81
1993	5-9	0.00023	0.00112	2.38	98828	111	493848	7012064	70.95
1993	10-14	0.00027	0.00133	2.99	98717	131	493319	6518216	66.03
1993	15-19	0.00087	0.00434	2.82	98585	428	491993	6024896	61.11
1993	20-24	0.00114	0.00569	2.53	98157	559	489405	5532903	56.37
1993	25-29	0.00132	0.00655	2.61	97598	640	486463	5043498	51.68
1993	30-34	0.00177	0.00881	2.6	96958	854	482746	4557035	47.00
1993	35-39	0.00233	0.01161	2.59	96105	1115	477831	4074289	42.39
1993	40-44	0.00294	0.01461	2.57	94989	1387	471570	3596458	37.86
1993	45-49	0.00413	0.02044	2.62	93602	1913	463457	3124888	33.38
1993	50-54	0.00626	0.03082	2.66	91688	2826	451826	2661431	29.03
1993	55-59	0.00971	0.04748	2.67	88862	4220	434491	2209606	24.87
1993	60-64	0.01480	0.07146	2.6	84643	6049	408685	1775115	20.97
1993	65-69	0.02143	0.10194	2.61	78594	8012	373847	1366430	17.39
1993	70-74	0.03159	0.14688	2.61	70582	10367	328171	992583	14.06
1993	75-79	0.04705	0.21113	2.57	60215	12713	270179	664412	11.03
1993	80-84	0.07949	0.33190	2.51	47502	15766	198330	394233	8.30
1993	85-89	0.12356	0.46931	2.44	31736	14894	120546	195903	6.17
1993	90-94	0.19278	0.63337	2.29	16842	10667	55333	75357	4.47
1993	95-99	0.28731	0.77979	2.07	6175	4815	16760	20024	3.24
1993	100-104	0.40444	0.88480	1.82	1360	1203	2975	3265	2.40
1993	105-109	0.53518	0.94450	1.57	157	148	276	290	1.85
1993	110+	0.64293	1.00000	1.56	9	9	14	14	1.56
1994	0	0.00935	0.00927	0.07	100000	927	99142	7524615	75.25
1994	1-4	0.00049	0.00197	1.61	99073	195	395826	7425473	74.95
1994	5-9	0.00022	0.00109	2.43	98878	107	494115	7029647	71.09
1994	10-14	0.00028	0.00138	2.86	98771	137	493562	6535531	66.17
1994	15-19	0.00087	0.00433	2.85	98634	427	492251	6041970	61.26
1994	20-24	0.00114	0.00571	2.5	98207	561	489632	5549719	56.51
1994	25-29	0.00131	0.00654	2.65	97646	639	486732	5060087	51.82
1994	30-34	0.00180	0.00895	2.62	97008	868	482974	4573355	47.14
1994	35-39	0.00237	0.01176	2.6	96140	1131	477986	4090381	42.55
1994	40-44	0.00304	0.01509	2.6	95009	1434	471603	3612395	38.02
1994	45-49	0.00412	0.02039	2.62	93575	1908	463338	3140792	33.56
1994	50-54	0.00621	0.03061	2.66	91667	2806	451776	2677454	29.21
1994	55-59	0.00938	0.04592	2.68	88861	4080	434826	2225678	25.05
1994	60-64	0.01449	0.07003	2.62	84781	5937	409766	1790852	21.12
1994	65-69	0.02084	0.09935	2.65	78844	7833	375799	1381087	17.52
1994	70-74	0.03095	0.14405	2.6	71011	10229	330488	1005287	14.16
1994	75-79	0.04646	0.20874	2.57	60781	12687	273063	674800	11.10
1994	80-84	0.07797	0.32703	2.54	48094	15728	201710	401736	8.35
1994	85-89	0.12308	0.46748	2.43	32366	15130	122935	200026	6.18
1994	90-94	0.19248	0.63338	2.3	17235	10916	56715	77092	4.47
1994	95-99	0.28899	0.78207	2.07	6319	4942	17100	20377	3.22
1994	100-104	0.40837	0.88749	1.81	1377	1222	2993	3276	2.38
1994	105-109	0.54116	0.94644	1.56	155	147	271	284	1.83
1994	110+	0.65019	1.00000	1.54	8	8	13	13	1.54
1995	0	0.00884	0.00877	0.07	100000	877	99187	7530612	75.31
1995	1-4	0.00045	0.00179	1.64	99123	178	396073	7431425	74.97
1995	5-9	0.00020	0.00102	2.46	98946	101	494472	7035351	71.10
1995	10-14	0.00026	0.00131	2.86	98845	129	493949	6540879	66.17
1995	15-19	0.00088	0.00440	2.86	98716	434	492650	6046930	61.26
1995	20-24	0.00110	0.00551	2.52	98282	541	490069	5554280	56.51
1995	25-29	0.00130	0.00646	2.65	97741	631	487218	5064211	51.81
1995	30-34	0.00180	0.00896	2.58	97109	870	483445	4576993	47.13
1995	35-39	0.00244	0.01214	2.62	96239	1168	478421	4093549	42.54
1995	40-44	0.00311	0.01541	2.59	95071	1465	471823	3615128	38.03
1995	45-49	0.00411	0.02038	2.62	93606	1907	463489	3143305	33.58
1995	50-54	0.00612	0.03015	2.65	91699	2765	451987	2679816	29.22
1995	55-59	0.00930	0.04551	2.66	88934	4047	435196	2227828	25.05
1995	60-64	0.01459	0.07051	2.6	84887	5985	410097	1792632	21.12
1995	65-69	0.02053	0.09788	2.64	78902	7723	376251	1382535	17.52
1995	70-74	0.03078	0.14329	2.6	71179	10200	331367	1006284	14.14
1995	75-79	0.04621	0.20755	2.55	60980	12657	273885	674916	11.07
1995	80-84	0.07833	0.32814	2.53	48323	15857	202428	401031	8.30
1995	85-89	0.12490	0.47268	2.43	32466	15346	122869	198603	6.12
1995	90-94	0.19506	0.63751	2.28	17120	10914	55954	75734	4.42
1995	95-99	0.29283	0.78679	2.06	6206	4883	16674	19780	3.19
1995	100-104	0.41434	0.89133	1.8	1323	1179	2846	3106	2.35
1995	105-109	0.54899	0.94884	1.55	144	136	248	260	1.81
1995	110+	0.65909	1.00000	1.52	7	7	11	11	1.52
1996	0	0.00863	0.00856	0.07	100000	856	99206	7561429	75.61
1996	1-4	0.00043	0.00173	1.71	99144	172	396182	7462223	75.27
1996	5-9	0.00021	0.00104	2.4	98972	103	494593	7066041	71.39
1996	10-14	0.00025	0.00126	2.88	98869	124	494083	6571447	66.47
1996	15-19	0.00085	0.00423	2.84	98745	418	492821	6077365	61.55
1996	20-24	0.00111	0.00553	2.51	98327	543	490284	5584543	56.80
1996	25-29	0.00119	0.00591	2.62	97784	578	487544	5094260	52.10
1996	30-34	0.00157	0.00784	2.64	97206	762	484233	4606715	47.39
1996	35-39	0.00217	0.01081	2.61	96444	1043	479729	4122482	42.74
1996	40-44	0.00292	0.01449	2.61	95401	1382	473706	3642753	38.18
1996	45-49	0.00404	0.01998	2.62	94019	1879	465620	3169048	33.71
1996	50-54	0.00591	0.02916	2.68	92140	2687	454461	2703427	29.34
1996	55-59	0.00912	0.04462	2.65	89453	3992	437880	2248966	25.14
1996	60-64	0.01435	0.06939	2.64	85462	5930	413300	1811086	21.19
1996	65-69	0.02026	0.09667	2.62	79532	7688	379399	1397786	17.58
1996	70-74	0.03060	0.14247	2.59	71843	10236	334511	1018387	14.18
1996	75-79	0.04605	0.20712	2.57	61608	12760	277081	683876	11.10
1996	80-84	0.07778	0.32622	2.53	48847	15935	204881	406795	8.33
1996	85-89	0.12421	0.47073	2.43	32912	15493	124736	201914	6.13
1996	90-94	0.19439	0.63624	2.29	17419	11083	57012	77178	4.43
1996	95-99	0.29331	0.78742	2.06	6336	4989	17011	20166	3.18
1996	100-104	0.41538	0.89200	1.8	1347	1202	2893	3155	2.34
1996	105-109	0.55039	0.94926	1.55	145	138	251	262	1.80
1996	110+	0.66060	1.00000	1.51	7	7	11	11	1.51
1997	0	0.00863	0.00856	0.07	100000	856	99206	7601306	76.01
1997	1-4	0.00039	0.00154	1.63	99144	153	396214	7502100	75.67
1997	5-9	0.00019	0.00096	2.35	98991	95	494704	7105887	71.78
1997	10-14	0.00025	0.00123	2.9	98896	121	494226	6611182	66.85
1997	15-19	0.00077	0.00382	2.84	98775	377	493060	6116956	61.93
1997	20-24	0.00102	0.00510	2.5	98398	502	490735	5623896	57.15
1997	25-29	0.00111	0.00551	2.55	97896	540	488156	5133161	52.44
1997	30-34	0.00138	0.00686	2.64	97356	668	485200	4645005	47.71
1997	35-39	0.00192	0.00956	2.63	96688	924	481248	4159805	43.02
1997	40-44	0.00275	0.01368	2.63	95764	1310	475719	3678557	38.41
1997	45-49	0.00382	0.01893	2.62	94454	1788	468011	3202838	33.91
1997	50-54	0.00576	0.02840	2.66	92666	2631	457184	2734827	29.51
1997	55-59	0.00886	0.04341	2.65	90034	3908	441006	2277643	25.30
1997	60-64	0.01384	0.06701	2.65	86126	5772	417060	1836637	21.32
1997	65-69	0.01964	0.09382	2.63	80355	7539	383887	1419578	17.67
1997	70-74	0.03008	0.14027	2.6	72816	10214	339565	1035690	14.22
1997	75-79	0.04573	0.20587	2.58	62602	12888	281823	696125	11.12
1997	80-84	0.07730	0.32472	2.54	49714	16143	208846	414302	8.33
1997	85-89	0.12410	0.47023	2.42	33571	15786	127205	205456	6.12
1997	90-94	0.19622	0.64015	2.29	17785	11385	58022	78252	4.40
1997	95-99	0.29550	0.79017	2.06	6400	5057	17113	20229	3.16
1997	100-104	0.41950	0.89462	1.79	1343	1201	2864	3116	2.32
1997	105-109	0.55622	0.95098	1.54	142	135	242	252	1.78
1997	110+	0.66741	1.00000	1.5	7	7	10	10	1.50
1998	0	0.00867	0.00860	0.07	100000	860	99202	7611996	76.12
1998	1-4	0.00037	0.00148	1.64	99140	147	396213	7512794	75.78
1998	5-9	0.00020	0.00098	2.37	98993	97	494710	7116581	71.89
1998	10-14	0.00023	0.00115	2.76	98896	114	494226	6621870	66.96
1998	15-19	0.00074	0.00371	2.82	98782	366	493114	6127644	62.03
1998	20-24	0.00098	0.00486	2.51	98416	479	490888	5634529	57.25
1998	25-29	0.00105	0.00524	2.5	97938	514	488402	5143642	52.52
1998	30-34	0.00133	0.00665	2.64	97424	647	485590	4655239	47.78
1998	35-39	0.00189	0.00942	2.65	96776	912	481739	4169650	43.09
1998	40-44	0.00279	0.01385	2.65	95865	1328	476206	3687911	38.47
1998	45-49	0.00383	0.01896	2.63	94537	1793	468437	3211705	33.97
1998	50-54	0.00555	0.02740	2.64	92744	2541	457715	2743268	29.58
1998	55-59	0.00875	0.04285	2.64	90203	3865	441898	2285554	25.34
1998	60-64	0.01340	0.06493	2.64	86338	5606	418450	1843656	21.35
1998	65-69	0.01961	0.09366	2.61	80732	7561	385573	1425205	17.65
1998	70-74	0.02994	0.13966	2.6	73171	10219	341325	1039633	14.21
1998	75-79	0.04541	0.20466	2.59	62952	12884	283737	698308	11.09
1998	80-84	0.07790	0.32678	2.54	50068	16361	210020	414571	8.28
1998	85-89	0.12530	0.47388	2.43	33707	15973	127482	204551	6.07
1998	90-94	0.19901	0.64456	2.27	17734	11430	57437	77069	4.35
1998	95-99	0.30058	0.79610	2.05	6303	5018	16694	19632	3.11
1998	100-104	0.42645	0.89872	1.78	1285	1155	2709	2938	2.29
1998	105-109	0.56422	0.95318	1.53	130	124	220	229	1.76
1998	110+	0.67558	1.00000	1.48	6	6	9	9	1.48
1999	0	0.00860	0.00853	0.07	100000	853	99209	7611135	76.11
1999	1-4	0.00037	0.00149	1.55	99147	148	396225	7511926	75.77
1999	5-9	0.00018	0.00090	2.31	98999	89	494755	7115700	71.88
1999	10-14	0.00022	0.00110	2.79	98910	108	494310	6620945	66.94
1999	15-19	0.00075	0.00375	2.86	98801	370	493215	6126636	62.01
1999	20-24	0.00100	0.00499	2.45	98431	492	490902	5633421	57.23
1999	25-29	0.00103	0.00515	2.54	97939	504	488456	5142519	52.51
1999	30-34	0.00125	0.00625	2.64	97435	609	485735	4654063	47.77
1999	35-39	0.00186	0.00927	2.66	96825	897	482031	4168328	43.05
1999	40-44	0.00274	0.01361	2.68	95928	1305	476607	3686296	38.43
1999	45-49	0.00388	0.01923	2.63	94623	1819	468802	3209689	33.92
1999	50-54	0.00560	0.02762	2.66	92804	2563	458023	2740887	29.53
1999	55-59	0.00870	0.04264	2.67	90241	3848	442237	2282864	25.30
1999	60-64	0.01326	0.06431	2.66	86393	5556	418940	1840626	21.31
1999	65-69	0.01970	0.09407	2.61	80837	7604	386016	1421686	17.59
1999	70-74	0.02958	0.13819	2.62	73233	10120	342100	1035670	14.14
1999	75-79	0.04593	0.20695	2.61	63113	13061	284338	693570	10.99
1999	80-84	0.07858	0.32936	2.54	50052	16485	209787	409233	8.18
1999	85-89	0.12849	0.48364	2.44	33567	16234	126349	199446	5.94
1999	90-94	0.20634	0.65935	2.26	17333	11428	55385	73097	4.22
1999	95-99	0.31365	0.81084	2.02	5905	4788	15264	17712	3.00
1999	100-104	0.44601	0.90963	1.75	1117	1016	2278	2448	2.19
1999	105-109	0.58832	0.95931	1.49	101	97	165	170	1.69
1999	110+	0.70130	1.00000	1.43	4	4	6	6	1.43
2000	0	0.00832	0.00825	0.07	100000	825	99234	7613235	76.13
2000	1-4	0.00036	0.00142	1.6	99175	141	396360	7514002	75.77
2000	5-9	0.00016	0.00081	2.36	99034	80	494956	7117642	71.87
2000	10-14	0.00022	0.00112	2.82	98953	111	494524	6622686	66.93
2000	15-19	0.00074	0.00369	2.87	98842	365	493434	6128162	62.00
2000	20-24	0.00106	0.00528	2.5	98478	520	491091	5634727	57.22
2000	25-29	0.00105	0.00523	2.5	97958	512	488509	5143636	52.51
2000	30-34	0.00127	0.00632	2.63	97445	615	485768	4655127	47.77
2000	35-39	0.00185	0.00921	2.7	96830	891	482097	4169358	43.06
2000	40-44	0.00276	0.01371	2.65	95939	1315	476599	3687262	38.43
2000	45-49	0.00407	0.02016	2.63	94624	1907	468590	3210663	33.93
2000	50-54	0.00571	0.02819	2.66	92716	2614	457462	2742073	29.57
2000	55-59	0.00866	0.04245	2.65	90102	3825	441535	2284612	25.36
2000	60-64	0.01299	0.06301	2.65	86278	5437	418591	1843076	21.36
2000	65-69	0.01930	0.09223	2.6	80841	7456	386348	1424485	17.62
2000	70-74	0.02953	0.13795	2.62	73385	10124	342790	1038137	14.15
2000	75-79	0.04544	0.20489	2.6	63262	12962	285256	695348	10.99
2000	80-84	0.07850	0.32892	2.54	50300	16545	210758	410092	8.15
2000	85-89	0.12969	0.48671	2.44	33755	16429	126684	199333	5.91
2000	90-94	0.20779	0.66171	2.26	17326	11465	55175	72650	4.19
2000	95-99	0.31589	0.81321	2.02	5861	4766	15089	17475	2.98
2000	100-104	0.44885	0.91107	1.74	1095	997	2222	2386	2.18
2000	105-109	0.59127	0.95998	1.48	97	93	158	164	1.68
2000	110+	0.70400	1.00000	1.42	4	4	6	6	1.42
2001	0	0.00825	0.00819	0.07	100000	819	99240	7632505	76.33
2001	1-4	0.00036	0.00142	1.61	99181	141	396388	7533265	75.95
2001	5-9	0.00016	0.00078	2.46	99040	77	495006	7136877	72.06
2001	10-14	0.00021	0.00104	2.74	98963	103	494583	6641871	67.11
2001	15-19	0.00073	0.00363	2.92	98860	359	493554	6147288	62.18
2001	20-24	0.00107	0.00533	2.5	98501	525	491197	5653734	57.40
2001	25-29	0.00108	0.00540	2.53	97976	529	488578	5162537	52.69
2001	30-34	0.00126	0.00629	2.62	97448	613	485779	4673959	47.96
2001	35-39	0.00188	0.00936	2.65	96835	906	482047	4188180	43.25
2001	40-44	0.00279	0.01385	2.66	95929	1329	476537	3706132	38.63
2001	45-49	0.00405	0.02007	2.64	94600	1899	468517	3229595	34.14
2001	50-54	0.00562	0.02772	2.66	92701	2570	457487	2761078	29.78
2001	55-59	0.00840	0.04118	2.67	90132	3711	442013	2303591	25.56
2001	60-64	0.01260	0.06119	2.64	86420	5288	419610	1861578	21.54
2001	65-69	0.01893	0.09055	2.62	81132	7347	388162	1441968	17.77
2001	70-74	0.02871	0.13440	2.62	73785	9916	345356	1053805	14.28
2001	75-79	0.04470	0.20182	2.6	63869	12890	288361	708449	11.09
2001	80-84	0.07694	0.32370	2.55	50979	16502	214476	420088	8.24
2001	85-89	0.12719	0.47965	2.44	34477	16537	130016	205612	5.96
2001	90-94	0.20636	0.66079	2.28	17940	11855	57446	75596	4.21
2001	95-99	0.31555	0.81312	2.02	6085	4948	15681	18150	2.98
2001	100-104	0.45061	0.91216	1.74	1137	1037	2302	2469	2.17
2001	105-109	0.59523	0.96097	1.48	100	96	161	167	1.67
2001	110+	0.70934	1.00000	1.41	4	4	5	5	1.41
2002	0	0.00816	0.00810	0.07	100000	810	99248	7649130	76.49
2002	1-4	0.00033	0.00134	1.65	99190	133	396449	7549883	76.12
2002	5-9	0.00016	0.00079	2.54	99058	79	495094	7153433	72.21
2002	10-14	0.00020	0.00102	2.84	98979	101	494676	6658339	67.27
2002	15-19	0.00072	0.00359	2.94	98878	355	493657	6163663	62.34
2002	20-24	0.00108	0.00538	2.52	98523	530	491300	5670005	57.55
2002	25-29	0.00107	0.00534	2.52	97993	523	488668	5178705	52.85
2002	30-34	0.00131	0.00653	2.63	97470	637	485838	4690037	48.12
2002	35-39	0.00184	0.00916	2.64	96833	887	482075	4204199	43.42
2002	40-44	0.00280	0.01389	2.66	95947	1333	476614	3722124	38.79
2002	45-49	0.00405	0.02005	2.64	94614	1897	468589	3245510	34.30
2002	50-54	0.00560	0.02762	2.6	92717	2561	457452	2776921	29.95
2002	55-59	0.00819	0.04018	2.65	90156	3623	442256	2319468	25.73
2002	60-64	0.01233	0.05991	2.64	86534	5184	420455	1877212	21.69
2002	65-69	0.01843	0.08828	2.63	81350	7182	389731	1456758	17.91
2002	70-74	0.02781	0.13044	2.62	74168	9674	347816	1067026	14.39
2002	75-79	0.04376	0.19798	2.6	64494	12769	291810	719211	11.15
2002	80-84	0.07644	0.32207	2.56	51725	16659	217929	427401	8.26
2002	85-89	0.12651	0.47811	2.45	35066	16765	132521	209472	5.97
2002	90-94	0.20681	0.66146	2.28	18301	12105	58532	76951	4.20
2002	95-99	0.31669	0.81440	2.02	6195	5046	15932	18418	2.97
2002	100-104	0.45259	0.91318	1.73	1150	1050	2320	2486	2.16
2002	105-109	0.59767	0.96152	1.47	100	96	161	166	1.66
2002	110+	0.71184	1.00000	1.4	4	4	5	5	1.40
2003	0	0.00819	0.00813	0.07	100000	813	99245	7656534	76.57
2003	1-4	0.00033	0.00131	1.63	99187	130	396443	7557288	76.19
2003	5-9	0.00016	0.00078	2.41	99058	78	495088	7160846	72.29
2003	10-14	0.00020	0.00100	2.73	98980	99	494676	6665758	67.34
2003	15-19	0.00073	0.00365	2.96	98881	361	493672	6171082	62.41
2003	20-24	0.00110	0.00551	2.5	98521	543	491247	5677410	57.63
2003	25-29	0.00113	0.00565	2.61	97978	554	488566	5186164	52.93
2003	30-34	0.00126	0.00628	2.6	97424	612	485653	4697598	48.22
2003	35-39	0.00180	0.00894	2.67	96813	865	482044	4211945	43.51
2003	40-44	0.00278	0.01383	2.67	95947	1326	476651	3729901	38.87
2003	45-49	0.00402	0.01991	2.63	94621	1884	468648	3253250	34.38
2003	50-54	0.00573	0.02827	2.6	92737	2622	457401	2784603	30.03
2003	55-59	0.00822	0.04034	2.64	90115	3635	441998	2327201	25.82
2003	60-64	0.01234	0.05995	2.62	86480	5184	420066	1885203	21.80
2003	65-69	0.01819	0.08722	2.64	81296	7091	389716	1465138	18.02
2003	70-74	0.02738	0.12844	2.59	74205	9531	348098	1075421	14.49
2003	75-79	0.04312	0.19543	2.61	64674	12639	293107	727323	11.25
2003	80-84	0.07437	0.31461	2.55	52035	16371	220115	434216	8.34
2003	85-89	0.12520	0.47500	2.46	35664	16940	135306	214101	6.00
2003	90-94	0.20611	0.65974	2.27	18724	12353	59933	78795	4.21
2003	95-99	0.31798	0.81605	2.02	6371	5199	16350	18862	2.96
2003	100-104	0.45669	0.91539	1.73	1172	1073	2349	2512	2.14
2003	105-109	0.60429	0.96304	1.46	99	95	158	163	1.65
2003	110+	0.71973	1.00000	1.39	4	4	5	5	1.39
2004	0	0.00828	0.00822	0.07	100000	822	99237	7693128	76.93
2004	1-4	0.00033	0.00131	1.66	99178	130	396409	7593891	76.57
2004	5-9	0.00016	0.00082	2.38	99049	81	495030	7197483	72.67
2004	10-14	0.00020	0.00100	2.86	98968	99	494625	6702452	67.72
2004	15-19	0.00070	0.00348	2.95	98868	344	493636	6207827	62.79
2004	20-24	0.00108	0.00539	2.53	98524	531	491308	5714191	58.00
2004	25-29	0.00112	0.00560	2.56	97993	549	488627	5222884	53.30
2004	30-34	0.00123	0.00615	2.61	97444	599	485788	4734256	48.58
2004	35-39	0.00173	0.00862	2.63	96845	835	482244	4248469	43.87
2004	40-44	0.00266	0.01320	2.64	96010	1267	477056	3766225	39.23
2004	45-49	0.00397	0.01966	2.62	94743	1863	469290	3289168	34.72
2004	50-54	0.00574	0.02832	2.61	92880	2630	458123	2819878	30.36
2004	55-59	0.00789	0.03872	2.62	90250	3495	442921	2361756	26.17
2004	60-64	0.01187	0.05774	2.63	86755	5010	421910	1918834	22.12
2004	65-69	0.01749	0.08396	2.62	81745	6863	392397	1496925	18.31
2004	70-74	0.02644	0.12434	2.61	74882	9311	352145	1104527	14.75
2004	75-79	0.04136	0.18816	2.61	65571	12338	298319	752382	11.47
2004	80-84	0.07206	0.30665	2.57	53233	16324	226539	454063	8.53
2004	85-89	0.12059	0.46170	2.46	36909	17041	141309	227524	6.16
2004	90-94	0.19858	0.64576	2.29	19868	12830	64610	86215	4.34
2004	95-99	0.30494	0.80198	2.04	7038	5644	18510	21605	3.07
2004	100-104	0.43963	0.90670	1.76	1394	1264	2874	3095	2.22
2004	105-109	0.58549	0.95884	1.49	130	125	213	221	1.70
2004	110+	0.70141	1.00000	1.43	5	5	8	8	1.43
2005	0	0.00824	0.00817	0.07	100000	817	99241	7703243	77.03
2005	1-4	0.00032	0.00129	1.6	99183	128	396424	7604003	76.67
2005	5-9	0.00016	0.00080	2.45	99055	79	495074	7207578	72.76
2005	10-14	0.00018	0.00092	2.94	98976	91	494693	6712504	67.82
2005	15-19	0.00070	0.00352	2.98	98885	348	493721	6217811	62.88
2005	20-24	0.00107	0.00533	2.56	98537	525	491407	5724090	58.09
2005	25-29	0.00113	0.00561	2.49	98012	550	488678	5232684	53.39
2005	30-34	0.00130	0.00647	2.6	97462	631	485795	4744006	48.68
2005	35-39	0.00169	0.00843	2.66	96831	817	482246	4258211	43.98
2005	40-44	0.00259	0.01290	2.68	96014	1238	477196	3775965	39.33
2005	45-49	0.00399	0.01977	2.65	94776	1874	469484	3298769	34.81
2005	50-54	0.00576	0.02842	2.6	92902	2640	458175	2829285	30.45
2005	55-59	0.00784	0.03847	2.62	90262	3473	443056	2371110	26.27
2005	60-64	0.01176	0.05719	2.62	86789	4964	422126	1928054	22.22
2005	65-69	0.01701	0.08176	2.62	81826	6690	393185	1505928	18.40
2005	70-74	0.02592	0.12206	2.62	75136	9171	353869	1112744	14.81
2005	75-79	0.04066	0.18532	2.61	65965	12224	300612	758875	11.50
2005	80-84	0.07118	0.30318	2.56	53740	16293	228891	458262	8.53
2005	85-89	0.12086	0.46238	2.46	37447	17315	143260	229371	6.13
2005	90-94	0.20210	0.65225	2.28	20132	13131	64975	86111	4.28
2005	95-99	0.31075	0.80857	2.03	7001	5661	18217	21136	3.02
2005	100-104	0.44873	0.91155	1.74	1340	1222	2722	2920	2.18
2005	105-109	0.59668	0.96144	1.48	119	114	191	197	1.67
2005	110+	0.71306	1.00000	1.4	5	5	6	6	1.40
2006	0	0.00815	0.00809	0.07	100000	809	99248	7726763	77.27
2006	1-4	0.00033	0.00131	1.57	99191	130	396447	7627515	76.90
2006	5-9	0.00015	0.00076	2.37	99061	75	495106	7231068	73.00
2006	10-14	0.00016	0.00082	2.85	98986	81	494754	6735962	68.05
2006	15-19	0.00069	0.00343	3.02	98905	339	493853	6241207	63.10
2006	20-24	0.00114	0.00570	2.54	98566	562	491447	5747354	58.31
2006	25-29	0.00119	0.00594	2.51	98004	582	488571	5255908	53.63
2006	30-34	0.00126	0.00629	2.57	97421	613	485616	4767337	48.94
2006	35-39	0.00168	0.00837	2.66	96809	810	482148	4281721	44.23
2006	40-44	0.00262	0.01301	2.7	95999	1249	477121	3799572	39.58
2006	45-49	0.00394	0.01953	2.67	94750	1851	469434	3322452	35.07
2006	50-54	0.00569	0.02809	2.62	92899	2609	458281	2853017	30.71
2006	55-59	0.00790	0.03879	2.64	90290	3503	443183	2394736	26.52
2006	60-64	0.01130	0.05502	2.63	86787	4775	422625	1951553	22.49
2006	65-69	0.01649	0.07937	2.63	82013	6509	394627	1528929	18.64
2006	70-74	0.02527	0.11919	2.63	75504	8999	356175	1134302	15.02
2006	75-79	0.03960	0.18087	2.61	66505	12029	303741	778127	11.70
2006	80-84	0.06886	0.29503	2.57	54476	16072	233406	474386	8.71
2006	85-89	0.11670	0.45131	2.49	38404	17332	148524	240980	6.27
2006	90-94	0.19562	0.64040	2.3	21072	13495	68983	92456	4.39
2006	95-99	0.30145	0.79843	2.06	7577	6050	20070	23472	3.10
2006	100-104	0.43798	0.90607	1.76	1527	1384	3160	3403	2.23
2006	105-109	0.58627	0.95915	1.49	143	138	235	243	1.69
2006	110+	0.70400	1.00000	1.42	6	6	8	8	1.42
2007	0	0.00823	0.00817	0.07	100000	817	99242	7749689	77.50
2007	1-4	0.00033	0.00134	1.51	99183	133	396403	7650447	77.13
2007	5-9	0.00015	0.00074	2.47	99051	73	495068	7254044	73.24
2007	10-14	0.00018	0.00092	2.84	98977	91	494690	6758976	68.29
2007	15-19	0.00067	0.00334	2.98	98886	330	493764	6264285	63.35
2007	20-24	0.00114	0.00570	2.54	98556	562	491396	5770522	58.55
2007	25-29	0.00120	0.00599	2.52	97993	587	488515	5279126	53.87
2007	30-34	0.00130	0.00646	2.56	97407	629	485499	4790611	49.18
2007	35-39	0.00169	0.00841	2.59	96778	814	481927	4305112	44.48
2007	40-44	0.00250	0.01242	2.69	95964	1192	477065	3823186	39.84
2007	45-49	0.00381	0.01887	2.67	94772	1789	469683	3346121	35.31
2007	50-54	0.00563	0.02780	2.61	92983	2585	458751	2876437	30.94
2007	55-59	0.00767	0.03765	2.6	90398	3403	443831	2417687	26.74
2007	60-64	0.01114	0.05426	2.63	86995	4721	423775	1973855	22.69
2007	65-69	0.01619	0.07796	2.62	82274	6414	396101	1550080	18.84
2007	70-74	0.02440	0.11530	2.62	75860	8747	358508	1153979	15.21
2007	75-79	0.03859	0.17660	2.6	67114	11853	307135	795470	11.85
2007	80-84	0.06697	0.28807	2.58	55261	15919	237705	488335	8.84
2007	85-89	0.11395	0.44275	2.48	39342	17419	152866	250631	6.37
2007	90-94	0.19121	0.63072	2.3	21924	13828	72318	97765	4.46
2007	95-99	0.29624	0.79257	2.07	8096	6417	21660	25447	3.14
2007	100-104	0.43226	0.90304	1.78	1679	1516	3508	3786	2.25
2007	105-109	0.58095	0.95793	1.5	163	156	268	278	1.71
2007	110+	0.69951	1.00000	1.43	7	7	10	10	1.43
2008	0	0.00797	0.00791	0.07	100000	791	99265	7771483	77.71
2008	1-4	0.00031	0.00125	1.58	99209	124	396536	7672218	77.33
2008	5-9	0.00013	0.00064	2.61	99085	63	495275	7275682	73.43
2008	10-14	0.00015	0.00077	2.71	99022	76	494936	6780406	68.47
2008	15-19	0.00063	0.00316	3.04	98946	313	494116	6285470	63.52
2008	20-24	0.00109	0.00544	2.57	98633	536	491861	5791354	58.72
2008	25-29	0.00114	0.00571	2.56	98097	560	489116	5299493	54.02
2008	30-34	0.00124	0.00618	2.55	97537	603	486209	4810377	49.32
2008	35-39	0.00157	0.00783	2.61	96934	759	482855	4324168	44.61
2008	40-44	0.00238	0.01181	2.68	96175	1136	478240	3841313	39.94
2008	45-49	0.00374	0.01855	2.66	95039	1763	471077	3363073	35.39
2008	50-54	0.00562	0.02772	2.62	93277	2585	460240	2891996	31.00
2008	55-59	0.00768	0.03769	2.6	90691	3418	445251	2431756	26.81
2008	60-64	0.01087	0.05297	2.62	87274	4622	425366	1986505	22.76
2008	65-69	0.01598	0.07695	2.6	82651	6360	398002	1561139	18.89
2008	70-74	0.02419	0.11438	2.63	76291	8726	360734	1163137	15.25
2008	75-79	0.03844	0.17601	2.6	67566	11892	309341	802403	11.88
2008	80-84	0.06606	0.28504	2.6	55674	15869	240225	493062	8.86
2008	85-89	0.11384	0.44293	2.5	39804	17630	154868	252837	6.35
2008	90-94	0.19271	0.63500	2.32	22174	14080	73064	97969	4.42
2008	95-99	0.30338	0.80119	2.06	8093	6484	21374	24905	3.08
2008	100-104	0.44501	0.91016	1.75	1609	1465	3291	3531	2.19
2008	105-109	0.59804	0.96199	1.47	145	139	233	240	1.66
2008	110+	0.71826	1.00000	1.39	5	5	8	8	1.39
2009	0	0.00751	0.00746	0.07	100000	746	99305	7803844	78.04
2009	1-4	0.00029	0.00117	1.58	99254	117	396734	7704538	77.62
2009	5-9	0.00013	0.00064	2.33	99137	64	495515	7307805	73.71
2009	10-14	0.00015	0.00076	2.74	99073	75	495196	6812290	68.76
2009	15-19	0.00052	0.00262	2.97	98998	259	494464	6317094	63.81
2009	20-24	0.00099	0.00493	2.59	98739	487	492519	5822630	58.97
2009	25-29	0.00111	0.00552	2.54	98252	542	489926	5330111	54.25
2009	30-34	0.00123	0.00615	2.55	97710	601	487078	4840185	49.54
2009	35-39	0.00158	0.00788	2.64	97109	765	483738	4353107	44.83
2009	40-44	0.00229	0.01139	2.68	96344	1098	479170	3869369	40.16
2009	45-49	0.00360	0.01787	2.65	95246	1702	472235	3390200	35.59
2009	50-54	0.00563	0.02780	2.63	93544	2600	461569	2917964	31.19
2009	55-59	0.00782	0.03838	2.6	90944	3491	446353	2456396	27.01
2009	60-64	0.01081	0.05269	2.62	87453	4608	426297	2010043	22.98
2009	65-69	0.01575	0.07589	2.61	82845	6287	399181	1583746	19.12
2009	70-74	0.02361	0.11184	2.64	76558	8562	362619	1184565	15.47
2009	75-79	0.03727	0.17116	2.62	67996	11638	312251	821946	12.09
2009	80-84	0.06366	0.27616	2.6	56358	15564	244473	509695	9.04
2009	85-89	0.11019	0.43198	2.5	40794	17622	159930	265221	6.50
2009	90-94	0.18647	0.62257	2.33	23172	14426	77364	105292	4.54
2009	95-99	0.29062	0.78615	2.08	8746	6876	23659	27928	3.19
2009	100-104	0.42649	0.89991	1.79	1870	1683	3946	4269	2.28
2009	105-109	0.57559	0.95667	1.51	187	179	311	323	1.72
2009	110+	0.69482	1.00000	1.44	8	8	12	12	1.44
2010	0	0.00684	0.00680	0.07	100000	680	99366	7824861	78.25
2010	1-4	0.00030	0.00119	1.55	99320	118	396992	7725495	77.78
2010	5-9	0.00012	0.00061	2.42	99202	60	495856	7328503	73.87
2010	10-14	0.00014	0.00071	2.83	99142	71	495556	6832647	68.92
2010	15-19	0.00051	0.00253	3	99071	251	494855	6337090	63.96
2010	20-24	0.00090	0.00448	2.57	98820	443	493024	5842236	59.12
2010	25-29	0.00107	0.00534	2.54	98378	525	490598	5349211	54.37
2010	30-34	0.00121	0.00603	2.5	97852	590	487789	4858614	49.65
2010	35-39	0.00152	0.00757	2.63	97262	737	484569	4370825	44.94
2010	40-44	0.00215	0.01071	2.67	96526	1034	480223	3886256	40.26
2010	45-49	0.00354	0.01757	2.66	95492	1678	473540	3406033	35.67
2010	50-54	0.00544	0.02685	2.65	93814	2519	463150	2932493	31.26
2010	55-59	0.00774	0.03801	2.61	91295	3470	448168	2469343	27.05
2010	60-64	0.01077	0.05248	2.61	87824	4609	428120	2021175	23.01
2010	65-69	0.01575	0.07592	2.62	83215	6318	401057	1593055	19.14
2010	70-74	0.02344	0.11101	2.62	76897	8537	364186	1191998	15.50
2010	75-79	0.03724	0.17099	2.61	68361	11689	313882	827812	12.11
2010	80-84	0.06252	0.27178	2.6	56672	15402	246337	513929	9.07
2010	85-89	0.10974	0.43025	2.49	41269	17756	161795	267592	6.48
2010	90-94	0.18819	0.62465	2.31	23513	14687	78045	105797	4.50
2010	95-99	0.29567	0.79251	2.07	8826	6994	23656	27752	3.14
2010	100-104	0.43600	0.90547	1.77	1831	1658	3803	4095	2.24
2010	105-109	0.58880	0.95995	1.49	173	166	282	292	1.69
2010	110+	0.70967	1.00000	1.41	7	7	10	10	1.41
2011	0	0.00688	0.00684	0.07	100000	684	99362	7845349	78.45
2011	1-4	0.00027	0.00108	1.58	99316	107	397003	7745987	77.99
2011	5-9	0.00013	0.00066	2.39	99208	66	495871	7348983	74.08
2011	10-14	0.00015	0.00074	2.77	99143	74	495549	6853113	69.12
2011	15-19	0.00051	0.00255	3.03	99069	253	494847	6357563	64.17
2011	20-24	0.00090	0.00447	2.6	98817	442	493022	5862716	59.33
2011	25-29	0.00105	0.00525	2.54	98374	516	490602	5369694	54.58
2011	30-34	0.00123	0.00614	2.58	97858	601	487835	4879092	49.86
2011	35-39	0.00148	0.00736	2.6	97258	716	484571	4391258	45.15
2011	40-44	0.00212	0.01056	2.66	96542	1019	480323	3906686	40.47
2011	45-49	0.00346	0.01714	2.7	95523	1638	473842	3426363	35.87
2011	50-54	0.00545	0.02691	2.64	93885	2527	463463	2952521	31.45
2011	55-59	0.00770	0.03781	2.61	91358	3454	448543	2489058	27.25
2011	60-64	0.01058	0.05160	2.64	87904	4536	428809	2040515	23.21
2011	65-69	0.01507	0.07278	2.65	83368	6068	402593	1611706	19.33
2011	70-74	0.02291	0.10865	2.63	77301	8398	366603	1209113	15.64
2011	75-79	0.03633	0.16715	2.61	68902	11517	317023	842511	12.23
2011	80-84	0.06193	0.26966	2.6	57385	15475	249861	525488	9.16
2011	85-89	0.10721	0.42324	2.51	41911	17738	165455	275627	6.58
2011	90-94	0.18538	0.61909	2.32	24172	14965	80728	110172	4.56
2011	95-99	0.28981	0.78556	2.09	9207	7233	24958	29445	3.20
2011	100-104	0.42844	0.90130	1.79	1974	1780	4154	4487	2.27
2011	105-109	0.58064	0.95805	1.5	195	187	322	333	1.71
2011	110+	0.70191	1.00000	1.42	8	8	12	12	1.42
2012	0	0.00660	0.00656	0.07	100000	656	99388	7861960	78.62
2012	1-4	0.00028	0.00112	1.62	99344	111	397113	7762572	78.14
2012	5-9	0.00012	0.00059	2.56	99233	58	496024	7365459	74.22
2012	10-14	0.00014	0.00071	2.86	99175	71	495724	6869434	69.27
2012	15-19	0.00048	0.00237	2.98	99104	235	495047	6373710	64.31
2012	20-24	0.00087	0.00435	2.59	98869	430	493308	5878663	59.46
2012	25-29	0.00102	0.00508	2.56	98439	501	490977	5385356	54.71
2012	30-34	0.00121	0.00606	2.56	97939	593	488245	4894379	49.97
2012	35-39	0.00148	0.00736	2.59	97346	717	485001	4406134	45.26
2012	40-44	0.00211	0.01050	2.66	96629	1015	480772	3921133	40.58
2012	45-49	0.00338	0.01675	2.7	95614	1601	474384	3440361	35.98
2012	50-54	0.00532	0.02626	2.64	94012	2468	464237	2965977	31.55
2012	55-59	0.00777	0.03815	2.59	91544	3492	449305	2501740	27.33
2012	60-64	0.01061	0.05175	2.6	88052	4556	429305	2052435	23.31
2012	65-69	0.01508	0.07281	2.64	83496	6079	403105	1623130	19.44
2012	70-74	0.02246	0.10664	2.64	77417	8256	367600	1220025	15.76
2012	75-79	0.03553	0.16391	2.64	69161	11336	319058	852424	12.33
2012	80-84	0.06005	0.26262	2.61	57825	15186	252870	533366	9.22
2012	85-89	0.10682	0.42227	2.52	42639	18005	168559	280496	6.58
2012	90-94	0.18505	0.61963	2.33	24633	15264	82484	111936	4.54
2012	95-99	0.29542	0.79272	2.08	9370	7428	25142	29452	3.14
2012	100-104	0.43952	0.90770	1.77	1942	1763	4011	4310	2.22
2012	105-109	0.59610	0.96174	1.48	179	172	289	299	1.67
2012	110+	0.71909	1.00000	1.39	7	7	10	10	1.39
2013	0	0.00658	0.00654	0.07	100000	654	99390	7866993	78.67
2013	1-4	0.00028	0.00114	1.53	99346	113	397105	7767603	78.19
2013	5-9	0.00012	0.00062	2.41	99233	62	496004	7370498	74.27
2013	10-14	0.00015	0.00074	2.78	99171	73	495692	6874494	69.32
2013	15-19	0.00045	0.00224	2.96	99098	221	495036	6378802	64.37
2013	20-24	0.00085	0.00424	2.58	98876	420	493367	5883766	59.51
2013	25-29	0.00102	0.00510	2.57	98457	502	491065	5390399	54.75
2013	30-34	0.00120	0.00599	2.62	97955	587	488373	4899334	50.02
2013	35-39	0.00148	0.00735	2.62	97368	716	485136	4410961	45.30
2013	40-44	0.00209	0.01042	2.65	96652	1007	480888	3925824	40.62
2013	45-49	0.00332	0.01647	2.69	95645	1575	474585	3444936	36.02
2013	50-54	0.00529	0.02615	2.66	94070	2460	464603	2970351	31.58
2013	55-59	0.00789	0.03870	2.63	91610	3546	449640	2505748	27.35
2013	60-64	0.01076	0.05242	2.59	88064	4617	429186	2056108	23.35
2013	65-69	0.01509	0.07284	2.62	83448	6079	402788	1626923	19.50
2013	70-74	0.02249	0.10672	2.6	77369	8257	367064	1224135	15.82
2013	75-79	0.03534	0.16303	2.62	69112	11268	318801	857071	12.40
2013	80-84	0.05911	0.25886	2.6	57845	14974	253310	538270	9.31
2013	85-89	0.10534	0.41763	2.52	42871	17904	169962	284960	6.65
2013	90-94	0.18208	0.61385	2.35	24967	15326	84172	114998	4.61
2013	95-99	0.28958	0.78568	2.09	9641	7575	26157	30826	3.20
2013	100-104	0.43102	0.90300	1.78	2066	1866	4329	4669	2.26
2013	105-109	0.58587	0.95939	1.5	200	192	328	340	1.69
2013	110+	0.70856	1.00000	1.41	8	8	11	11	1.41
2014	0	0.00661	0.00657	0.07	100000	657	99387	7869407	78.69
2014	1-4	0.00028	0.00113	1.66	99343	112	397110	7770020	78.21
2014	5-9	0.00013	0.00064	2.4	99231	63	495990	7372911	74.30
2014	10-14	0.00014	0.00070	2.85	99168	69	495688	6876921	69.35
2014	15-19	0.00047	0.00237	3.01	99098	235	495024	6381232	64.39
2014	20-24	0.00088	0.00439	2.59	98863	434	493272	5886209	59.54
2014	25-29	0.00104	0.00518	2.56	98429	510	490902	5392937	54.79
2014	30-34	0.00125	0.00625	2.59	97919	612	488122	4902035	50.06
2014	35-39	0.00156	0.00778	2.61	97307	757	484726	4413913	45.36
2014	40-44	0.00212	0.01056	2.64	96550	1020	480348	3929187	40.70
2014	45-49	0.00323	0.01601	2.68	95530	1529	474108	3448839	36.10
2014	50-54	0.00530	0.02616	2.66	94001	2459	464260	2974730	31.65
2014	55-59	0.00800	0.03923	2.62	91542	3592	449166	2510470	27.42
2014	60-64	0.01090	0.05313	2.58	87951	4672	428464	2061305	23.44
2014	65-69	0.01490	0.07194	2.6	83278	5991	402042	1632841	19.61
2014	70-74	0.02247	0.10664	2.62	77287	8242	366782	1230799	15.93
2014	75-79	0.03529	0.16276	2.62	69045	11238	318459	864017	12.51
2014	80-84	0.05747	0.25291	2.63	57808	14620	254375	545558	9.44
2014	85-89	0.10200	0.40729	2.53	43188	17590	172455	291183	6.74
2014	90-94	0.18066	0.61093	2.35	25598	15638	86561	118728	4.64
2014	95-99	0.28600	0.78149	2.1	9959	7783	27213	32167	3.23
2014	100-104	0.42748	0.90111	1.79	2176	1961	4587	4954	2.28
2014	105-109	0.58285	0.95872	1.5	215	206	354	367	1.70
2014	110+	0.70619	1.00000	1.42	9	9	13	13	1.42
2015	0	0.00687	0.00682	0.07	100000	682	99364	7854034	78.54
2015	1-4	0.00030	0.00119	1.56	99318	118	396982	7754671	78.08
2015	5-9	0.00013	0.00064	2.28	99199	64	495823	7357689	74.17
2015	10-14	0.00014	0.00072	2.83	99136	71	495524	6861866	69.22
2015	15-19	0.00051	0.00255	2.94	99064	253	494801	6366343	64.26
2015	20-24	0.00098	0.00490	2.65	98811	484	492917	5871542	59.42
2015	25-29	0.00115	0.00571	2.58	98327	562	490274	5378625	54.70
2015	30-34	0.00136	0.00678	2.54	97765	663	487199	4888351	50.00
2015	35-39	0.00163	0.00810	2.57	97103	787	483600	4401152	45.32
2015	40-44	0.00218	0.01085	2.65	96316	1045	479130	3917553	40.67
2015	45-49	0.00323	0.01605	2.68	95271	1529	472812	3438423	36.09
2015	50-54	0.00528	0.02608	2.67	93742	2445	463001	2965611	31.64
2015	55-59	0.00800	0.03924	2.62	91297	3582	447966	2502610	27.41
2015	60-64	0.01108	0.05395	2.6	87715	4732	427230	2054643	23.42
2015	65-69	0.01494	0.07212	2.6	82983	5985	400570	1627413	19.61
2015	70-74	0.02249	0.10675	2.62	76998	8220	365448	1226843	15.93
2015	75-79	0.03498	0.16144	2.62	68778	11103	317416	861395	12.52
2015	80-84	0.05725	0.25178	2.61	57675	14521	253656	543979	9.43
2015	85-89	0.10273	0.40954	2.53	43154	17673	172042	290323	6.73
2015	90-94	0.17992	0.60887	2.35	25481	15514	86229	118281	4.64
2015	95-99	0.28742	0.78328	2.1	9966	7806	27161	32052	3.22
2015	100-104	0.42990	0.90253	1.79	2160	1949	4535	4891	2.26
2015	105-109	0.58613	0.95952	1.5	211	202	345	357	1.69
2015	110+	0.70982	1.00000	1.41	9	9	12	12	1.41
2016	0	0.00668	0.00663	0.07	100000	663	99381	7844985	78.45
2016	1-4	0.00027	0.00107	1.64	99337	107	397094	7745604	77.97
2016	5-9	0.00013	0.00066	2.33	99230	65	495975	7348510	74.06
2016	10-14	0.00015	0.00074	2.93	99164	73	495671	6852535	69.10
2016	15-19	0.00056	0.00282	3.04	99091	279	494909	6356865	64.15
2016	20-24	0.00106	0.00528	2.64	98812	522	492830	5861956	59.32
2016	25-29	0.00130	0.00649	2.57	98290	638	489900	5369126	54.63
2016	30-34	0.00156	0.00776	2.58	97652	758	486430	4879225	49.97
2016	35-39	0.00185	0.00920	2.59	96895	891	482323	4392795	45.34
2016	40-44	0.00232	0.01155	2.64	96004	1108	477402	3910472	40.73
2016	45-49	0.00337	0.01670	2.67	94895	1584	470782	3433070	36.18
2016	50-54	0.00533	0.02633	2.69	93311	2457	460884	2962288	31.75
2016	55-59	0.00804	0.03945	2.64	90854	3584	445824	2501404	27.53
2016	60-64	0.01124	0.05473	2.6	87270	4776	424892	2055581	23.55
2016	65-69	0.01525	0.07355	2.61	82494	6068	397990	1630689	19.77
2016	70-74	0.02215	0.10527	2.66	76427	8045	363271	1232699	16.13
2016	75-79	0.03424	0.15830	2.62	68381	10824	316112	869428	12.71
2016	80-84	0.05561	0.24513	2.58	57557	14109	253697	553316	9.61
2016	85-89	0.09882	0.39730	2.53	43448	17262	174677	299619	6.90
2016	90-94	0.17337	0.59459	2.36	26186	15570	89809	124942	4.77
2016	95-99	0.27775	0.77115	2.12	10616	8187	29475	35133	3.31
2016	100-104	0.41696	0.89502	1.81	2429	2174	5215	5658	2.33
2016	105-109	0.57172	0.95604	1.52	255	244	426	443	1.74
2016	110+	0.69578	1.00000	1.44	11	11	16	16	1.44
2017	0	0.00652	0.00648	0.07	100000	648	99395	7846813	78.47
2017	1-4	0.00027	0.00110	1.66	99352	109	397154	7747418	77.98
2017	5-9	0.00012	0.00062	2.33	99243	61	496052	7350264	74.06
2017	10-14	0.00015	0.00077	2.7	99182	77	495732	6854212	69.11
2017	15-19	0.00053	0.00263	3.02	99105	260	495009	6358480	64.16
2017	20-24	0.00105	0.00524	2.7	98845	518	493030	5863471	59.32
2017	25-29	0.00136	0.00678	2.58	98326	667	490020	5370441	54.62
2017	30-34	0.00161	0.00802	2.58	97660	784	486403	4880422	49.97
2017	35-39	0.00192	0.00954	2.54	96876	924	482111	4394018	45.36
2017	40-44	0.00230	0.01145	2.6	95952	1099	477120	3911907	40.77
2017	45-49	0.00332	0.01649	2.64	94853	1564	470579	3434787	36.21
2017	50-54	0.00520	0.02571	2.68	93289	2399	460869	2964208	31.77
2017	55-59	0.00802	0.03937	2.64	90890	3578	446012	2503340	27.54
2017	60-64	0.01138	0.05541	2.6	87312	4838	424964	2057328	23.56
2017	65-69	0.01506	0.07268	2.59	82474	5994	397943	1632364	19.79
2017	70-74	0.02218	0.10536	2.64	76480	8058	363370	1234421	16.14
2017	75-79	0.03429	0.15854	2.62	68422	10848	316334	871051	12.73
2017	80-84	0.05581	0.24582	2.58	57574	14153	253583	554718	9.63
2017	85-89	0.09733	0.39272	2.54	43421	17052	175208	301134	6.94
2017	90-94	0.17326	0.59515	2.37	26369	15693	90577	125927	4.78
2017	95-99	0.27746	0.77088	2.12	10675	8229	29660	35349	3.31
2017	100-104	0.41743	0.89540	1.81	2446	2190	5247	5689	2.33
2017	105-109	0.57320	0.95646	1.52	256	245	427	443	1.73
2017	110+	0.69800	1.00000	1.43	11	11	16	16	1.43
2018	0	0.00634	0.00630	0.07	100000	630	99411	7865830	78.66
2018	1-4	0.00025	0.00101	1.64	99370	100	397243	7766418	78.16
2018	5-9	0.00012	0.00061	2.41	99270	60	496193	7369175	74.23
2018	10-14	0.00015	0.00074	2.85	99209	74	495889	6872982	69.28
2018	15-19	0.00051	0.00257	3	99136	255	495168	6377094	64.33
2018	20-24	0.00100	0.00500	2.66	98881	495	493246	5881926	59.48
2018	25-29	0.00128	0.00639	2.57	98386	629	490403	5388680	54.77
2018	30-34	0.00158	0.00787	2.55	97758	770	486903	4898277	50.11
2018	35-39	0.00192	0.00956	2.6	96988	927	482714	4411374	45.48
2018	40-44	0.00236	0.01171	2.59	96061	1125	477597	3928660	40.90
2018	45-49	0.00330	0.01638	2.65	94936	1555	471033	3451063	36.35
2018	50-54	0.00508	0.02511	2.68	93381	2345	461461	2980030	31.91
2018	55-59	0.00789	0.03873	2.62	91036	3526	446796	2518568	27.67
2018	60-64	0.01124	0.05471	2.6	87510	4788	426073	2071772	23.67
2018	65-69	0.01503	0.07253	2.59	82723	6000	399172	1645699	19.89
2018	70-74	0.02194	0.10425	2.62	76722	7998	364573	1246527	16.25
2018	75-79	0.03423	0.15814	2.6	68724	10868	317526	881954	12.83
2018	80-84	0.05505	0.24279	2.57	57856	14047	255177	564428	9.76
2018	85-89	0.09530	0.38642	2.55	43810	16929	177639	309251	7.06
2018	90-94	0.16786	0.58320	2.38	26881	15677	93392	131612	4.90
2018	95-99	0.26776	0.75794	2.14	11204	8492	31715	38220	3.41
2018	100-104	0.40361	0.88673	1.84	2712	2405	5958	6505	2.40
2018	105-109	0.55716	0.95226	1.54	307	293	525	547	1.78
2018	110+	0.68192	1.00000	1.47	15	15	22	22	1.47
2019	0	0.00633	0.00629	0.07	100000	629	99412	7883823	78.84
2019	1-4	0.00026	0.00106	1.51	99371	105	397221	7784411	78.34
2019	5-9	0.00012	0.00059	2.37	99265	59	496172	7387190	74.42
2019	10-14	0.00014	0.00072	2.72	99206	71	495871	6891018	69.46
2019	15-19	0.00052	0.00260	3	99136	258	495162	6395148	64.51
2019	20-24	0.00101	0.00503	2.62	98877	497	493201	5899985	59.67
2019	25-29	0.00129	0.00643	2.58	98380	633	490373	5406784	54.96
2019	30-34	0.00161	0.00801	2.58	97748	783	486845	4916412	50.30
2019	35-39	0.00198	0.00984	2.61	96965	954	482538	4429566	45.68
2019	40-44	0.00238	0.01183	2.58	96010	1136	477298	3947028	41.11
2019	45-49	0.00328	0.01626	2.65	94875	1542	470743	3469730	36.57
2019	50-54	0.00495	0.02444	2.66	93332	2281	461317	2998987	32.13
2019	55-59	0.00770	0.03781	2.65	91051	3443	447160	2537670	27.87
2019	60-64	0.01122	0.05462	2.6	87608	4785	426564	2090511	23.86
2019	65-69	0.01496	0.07220	2.59	82823	5980	399732	1663947	20.09
2019	70-74	0.02133	0.10146	2.61	76843	7797	365601	1264214	16.45
2019	75-79	0.03348	0.15499	2.61	69047	10702	319686	898613	13.01
2019	80-84	0.05443	0.24059	2.59	58345	14037	257908	578927	9.92
2019	85-89	0.09094	0.37227	2.56	44308	16494	181371	321019	7.25
2019	90-94	0.16254	0.57059	2.39	27813	15870	97641	139647	5.02
2019	95-99	0.25806	0.74437	2.16	11943	8890	34450	42006	3.52
2019	100-104	0.38986	0.87742	1.87	3053	2679	6871	7556	2.47
2019	105-109	0.54099	0.94761	1.57	374	355	655	685	1.83
2019	110+	0.66535	1.00000	1.5	20	20	29	29	1.50
