Div5: South Atlantic, Lifetables (period 1x10), Males Last modified: 20 Dec 2020, MPv5 (May07) 

Year     	Age	mx	qx	ax	lx	dx	Lx	Tx	ex
1960-1969	0	0.03150	0.03066	0.13	100000	3066	97331	6529639	65.30
1960-1969	1	0.00200	0.00200	0.5	96934	194	96837	6432308	66.36
1960-1969	2	0.00124	0.00124	0.5	96740	120	96680	6335471	65.49
1960-1969	3	0.00094	0.00094	0.5	96620	91	96575	6238791	64.57
1960-1969	4	0.00077	0.00077	0.5	96529	74	96492	6142216	63.63
1960-1969	5	0.00068	0.00068	0.5	96455	66	96423	6045724	62.68
1960-1969	6	0.00061	0.00061	0.5	96390	59	96360	5949301	61.72
1960-1969	7	0.00057	0.00057	0.5	96331	55	96303	5852941	60.76
1960-1969	8	0.00051	0.00051	0.5	96275	49	96251	5756638	59.79
1960-1969	9	0.00050	0.00050	0.5	96226	48	96202	5660387	58.82
1960-1969	10	0.00049	0.00049	0.5	96177	47	96154	5564186	57.85
1960-1969	11	0.00052	0.00052	0.5	96130	50	96106	5468032	56.88
1960-1969	12	0.00057	0.00057	0.5	96081	55	96053	5371926	55.91
1960-1969	13	0.00067	0.00067	0.5	96026	64	95994	5275873	54.94
1960-1969	14	0.00082	0.00082	0.5	95962	78	95923	5179879	53.98
1960-1969	15	0.00098	0.00098	0.5	95883	94	95837	5083956	53.02
1960-1969	16	0.00131	0.00131	0.5	95790	126	95727	4988120	52.07
1960-1969	17	0.00159	0.00159	0.5	95664	152	95588	4892393	51.14
1960-1969	18	0.00190	0.00190	0.5	95512	181	95422	4796804	50.22
1960-1969	19	0.00196	0.00196	0.5	95331	187	95237	4701383	49.32
1960-1969	20	0.00199	0.00198	0.5	95144	189	95050	4606145	48.41
1960-1969	21	0.00209	0.00209	0.5	94955	198	94856	4511096	47.51
1960-1969	22	0.00216	0.00216	0.5	94757	204	94655	4416240	46.61
1960-1969	23	0.00207	0.00207	0.5	94553	196	94455	4321585	45.71
1960-1969	24	0.00201	0.00201	0.5	94357	190	94262	4227130	44.80
1960-1969	25	0.00208	0.00208	0.5	94167	196	94069	4132868	43.89
1960-1969	26	0.00220	0.00220	0.5	93971	207	93868	4038799	42.98
1960-1969	27	0.00219	0.00219	0.5	93765	205	93662	3944931	42.07
1960-1969	28	0.00223	0.00223	0.5	93560	208	93456	3851268	41.16
1960-1969	29	0.00224	0.00224	0.5	93352	209	93247	3757813	40.25
1960-1969	30	0.00244	0.00243	0.5	93143	227	93029	3664566	39.34
1960-1969	31	0.00246	0.00246	0.5	92916	228	92802	3571536	38.44
1960-1969	32	0.00260	0.00260	0.5	92688	241	92567	3478734	37.53
1960-1969	33	0.00274	0.00274	0.5	92447	253	92320	3386167	36.63
1960-1969	34	0.00287	0.00287	0.5	92194	264	92061	3293846	35.73
1960-1969	35	0.00324	0.00323	0.5	91929	297	91781	3201785	34.83
1960-1969	36	0.00341	0.00341	0.5	91632	312	91476	3110004	33.94
1960-1969	37	0.00372	0.00371	0.5	91320	339	91150	3018528	33.05
1960-1969	38	0.00409	0.00408	0.5	90981	371	90795	2927378	32.18
1960-1969	39	0.00438	0.00437	0.5	90609	396	90411	2836583	31.31
1960-1969	40	0.00487	0.00486	0.5	90213	439	89994	2746171	30.44
1960-1969	41	0.00525	0.00524	0.5	89775	470	89540	2656177	29.59
1960-1969	42	0.00597	0.00595	0.5	89305	531	89039	2566637	28.74
1960-1969	43	0.00634	0.00632	0.5	88773	561	88492	2477599	27.91
1960-1969	44	0.00695	0.00693	0.5	88212	611	87906	2389106	27.08
1960-1969	45	0.00772	0.00769	0.5	87601	674	87264	2301200	26.27
1960-1969	46	0.00817	0.00813	0.5	86927	707	86573	2213936	25.47
1960-1969	47	0.00923	0.00918	0.5	86219	792	85824	2127363	24.67
1960-1969	48	0.00989	0.00984	0.5	85428	841	85007	2041540	23.90
1960-1969	49	0.01085	0.01079	0.5	84587	912	84131	1956532	23.13
1960-1969	50	0.01233	0.01226	0.5	83675	1026	83162	1872402	22.38
1960-1969	51	0.01295	0.01287	0.5	82649	1064	82117	1789240	21.65
1960-1969	52	0.01468	0.01457	0.5	81585	1189	80991	1707123	20.92
1960-1969	53	0.01568	0.01556	0.5	80396	1251	79771	1626132	20.23
1960-1969	54	0.01694	0.01680	0.5	79145	1329	78481	1546361	19.54
1960-1969	55	0.01835	0.01818	0.5	77816	1415	77108	1467880	18.86
1960-1969	56	0.01973	0.01953	0.5	76401	1492	75655	1390772	18.20
1960-1969	57	0.02121	0.02099	0.5	74909	1572	74122	1315117	17.56
1960-1969	58	0.02297	0.02271	0.5	73336	1665	72504	1240995	16.92
1960-1969	59	0.02448	0.02418	0.5	71671	1733	70804	1168491	16.30
1960-1969	60	0.02683	0.02647	0.5	69938	1851	69012	1097686	15.70
1960-1969	61	0.02739	0.02702	0.5	68086	1840	67167	1028674	15.11
1960-1969	62	0.03119	0.03071	0.5	66247	2035	65229	961508	14.51
1960-1969	63	0.03287	0.03234	0.5	64212	2076	63174	896278	13.96
1960-1969	64	0.03514	0.03453	0.5	62136	2146	61063	833104	13.41
1960-1969	65	0.03980	0.03902	0.5	59990	2341	58819	772042	12.87
1960-1969	66	0.04052	0.03971	0.5	57649	2289	56504	713222	12.37
1960-1969	67	0.04435	0.04338	0.5	55360	2402	54159	656718	11.86
1960-1969	68	0.04676	0.04570	0.5	52958	2420	51748	602559	11.38
1960-1969	69	0.04898	0.04781	0.5	50538	2416	49330	550812	10.90
1960-1969	70	0.05402	0.05260	0.5	48122	2531	46856	501482	10.42
1960-1969	71	0.05461	0.05316	0.5	45590	2424	44379	454626	9.97
1960-1969	72	0.06150	0.05966	0.5	43167	2575	41879	410247	9.50
1960-1969	73	0.06432	0.06232	0.5	40591	2530	39326	368368	9.08
1960-1969	74	0.06852	0.06625	0.5	38062	2522	36801	329042	8.64
1960-1969	75	0.07479	0.07209	0.5	35540	2562	34259	292241	8.22
1960-1969	76	0.07888	0.07589	0.5	32978	2503	31727	257982	7.82
1960-1969	77	0.08128	0.07811	0.5	30475	2380	29285	226255	7.42
1960-1969	78	0.08918	0.08538	0.5	28095	2399	26896	196970	7.01
1960-1969	79	0.09538	0.09104	0.5	25696	2339	24527	170074	6.62
1960-1969	80	0.11096	0.10513	0.5	23357	2455	22129	145548	6.23
1960-1969	81	0.11236	0.10638	0.5	20901	2224	19790	123418	5.90
1960-1969	82	0.12659	0.11905	0.5	18678	2224	17566	103629	5.55
1960-1969	83	0.13826	0.12932	0.5	16454	2128	15390	86063	5.23
1960-1969	84	0.15356	0.14261	0.5	14326	2043	13305	70672	4.93
1960-1969	85	0.16367	0.15129	0.5	12283	1858	11354	57367	4.67
1960-1969	86	0.17767	0.16317	0.5	10425	1701	9575	46013	4.41
1960-1969	87	0.19580	0.17834	0.5	8724	1556	7946	36439	4.18
1960-1969	88	0.20219	0.18363	0.5	7168	1316	6510	28493	3.97
1960-1969	89	0.22240	0.20014	0.5	5852	1171	5266	21983	3.76
1960-1969	90	0.23718	0.21203	0.5	4681	992	4184	16716	3.57
1960-1969	91	0.24777	0.22046	0.5	3688	813	3282	12532	3.40
1960-1969	92	0.26766	0.23606	0.5	2875	679	2536	9250	3.22
1960-1969	93	0.29376	0.25614	0.5	2196	563	1915	6714	3.06
1960-1969	94	0.29278	0.25539	0.5	1634	417	1425	4799	2.94
1960-1969	95	0.31979	0.27571	0.5	1217	335	1049	3374	2.77
1960-1969	96	0.33950	0.29023	0.5	881	256	753	2325	2.64
1960-1969	97	0.35977	0.30492	0.5	625	191	530	1572	2.51
1960-1969	98	0.38056	0.31973	0.5	435	139	365	1042	2.40
1960-1969	99	0.40180	0.33458	0.5	296	99	246	677	2.29
1960-1969	100	0.42342	0.34944	0.5	197	69	162	431	2.19
1960-1969	101	0.44533	0.36423	0.5	128	47	105	268	2.09
1960-1969	102	0.46745	0.37889	0.5	81	31	66	163	2.01
1960-1969	103	0.48971	0.39338	0.5	51	20	41	97	1.93
1960-1969	104	0.51200	0.40764	0.5	31	13	24	57	1.85
1960-1969	105	0.53425	0.42162	0.5	18	8	14	32	1.79
1960-1969	106	0.55636	0.43527	0.5	11	5	8	18	1.73
1960-1969	107	0.57825	0.44856	0.5	6	3	5	10	1.67
1960-1969	108	0.59984	0.46144	0.5	3	2	3	5	1.62
1960-1969	109	0.62104	0.47389	0.5	2	1	1	3	1.58
1960-1969	110+	0.64180	1.00000	1.56	1	1	1	1	1.56
1970-1979	0	0.02097	0.02059	0.1	100000	2059	98150	6732599	67.33
1970-1979	1	0.00128	0.00128	0.5	97941	126	97879	6634449	67.74
1970-1979	2	0.00096	0.00096	0.5	97816	94	97769	6536570	66.83
1970-1979	3	0.00073	0.00073	0.5	97722	71	97686	6438802	65.89
1970-1979	4	0.00061	0.00061	0.5	97651	60	97621	6341115	64.94
1970-1979	5	0.00058	0.00058	0.5	97591	56	97563	6243494	63.98
1970-1979	6	0.00051	0.00051	0.5	97535	49	97510	6145931	63.01
1970-1979	7	0.00049	0.00049	0.5	97486	48	97461	6048421	62.04
1970-1979	8	0.00044	0.00044	0.5	97437	43	97416	5950959	61.07
1970-1979	9	0.00042	0.00042	0.5	97394	41	97374	5853544	60.10
1970-1979	10	0.00041	0.00041	0.5	97353	40	97333	5756170	59.13
1970-1979	11	0.00043	0.00043	0.5	97313	42	97293	5658837	58.15
1970-1979	12	0.00047	0.00047	0.5	97272	46	97249	5561544	57.18
1970-1979	13	0.00058	0.00058	0.5	97226	56	97198	5464295	56.20
1970-1979	14	0.00073	0.00073	0.5	97170	70	97134	5367097	55.23
1970-1979	15	0.00092	0.00092	0.5	97099	89	97055	5269963	54.27
1970-1979	16	0.00134	0.00134	0.5	97010	130	96945	5172908	53.32
1970-1979	17	0.00165	0.00164	0.5	96880	159	96801	5075963	52.39
1970-1979	18	0.00189	0.00189	0.5	96721	183	96629	4979163	51.48
1970-1979	19	0.00200	0.00200	0.5	96538	193	96441	4882534	50.58
1970-1979	20	0.00201	0.00201	0.5	96345	194	96248	4786092	49.68
1970-1979	21	0.00210	0.00210	0.5	96151	202	96050	4689844	48.78
1970-1979	22	0.00210	0.00210	0.5	95950	201	95849	4593794	47.88
1970-1979	23	0.00210	0.00209	0.5	95748	201	95648	4497945	46.98
1970-1979	24	0.00205	0.00205	0.5	95548	196	95450	4402297	46.07
1970-1979	25	0.00209	0.00209	0.5	95352	199	95253	4306847	45.17
1970-1979	26	0.00206	0.00205	0.5	95153	195	95055	4211594	44.26
1970-1979	27	0.00212	0.00212	0.5	94957	201	94857	4116539	43.35
1970-1979	28	0.00211	0.00211	0.5	94756	200	94656	4021682	42.44
1970-1979	29	0.00219	0.00219	0.5	94556	207	94453	3927026	41.53
1970-1979	30	0.00220	0.00219	0.5	94349	207	94246	3832573	40.62
1970-1979	31	0.00224	0.00223	0.5	94143	210	94037	3738327	39.71
1970-1979	32	0.00242	0.00242	0.5	93932	227	93819	3644290	38.80
1970-1979	33	0.00243	0.00242	0.5	93705	227	93592	3550471	37.89
1970-1979	34	0.00266	0.00266	0.5	93478	248	93354	3456879	36.98
1970-1979	35	0.00282	0.00282	0.5	93230	263	93099	3363525	36.08
1970-1979	36	0.00305	0.00305	0.5	92967	284	92826	3270427	35.18
1970-1979	37	0.00328	0.00327	0.5	92684	303	92532	3177601	34.28
1970-1979	38	0.00365	0.00365	0.5	92380	337	92212	3085069	33.40
1970-1979	39	0.00394	0.00394	0.5	92043	362	91862	2992857	32.52
1970-1979	40	0.00423	0.00422	0.5	91681	387	91488	2900995	31.64
1970-1979	41	0.00467	0.00466	0.5	91295	425	91082	2809507	30.77
1970-1979	42	0.00527	0.00525	0.5	90869	477	90630	2718425	29.92
1970-1979	43	0.00564	0.00563	0.5	90392	508	90138	2627794	29.07
1970-1979	44	0.00622	0.00620	0.5	89883	557	89605	2537657	28.23
1970-1979	45	0.00683	0.00681	0.5	89326	608	89022	2448052	27.41
1970-1979	46	0.00748	0.00745	0.5	88718	661	88388	2359030	26.59
1970-1979	47	0.00818	0.00814	0.5	88058	717	87699	2270642	25.79
1970-1979	48	0.00892	0.00888	0.5	87340	776	86952	2182943	24.99
1970-1979	49	0.00969	0.00965	0.5	86564	835	86147	2095990	24.21
1970-1979	50	0.01079	0.01074	0.5	85729	920	85269	2009843	23.44
1970-1979	51	0.01151	0.01145	0.5	84809	971	84324	1924574	22.69
1970-1979	52	0.01278	0.01270	0.5	83838	1065	83306	1840251	21.95
1970-1979	53	0.01358	0.01349	0.5	82773	1116	82215	1756945	21.23
1970-1979	54	0.01490	0.01479	0.5	81657	1208	81053	1674730	20.51
1970-1979	55	0.01598	0.01586	0.5	80449	1276	79811	1593677	19.81
1970-1979	56	0.01760	0.01744	0.5	79174	1381	78483	1513865	19.12
1970-1979	57	0.01920	0.01902	0.5	77793	1479	77053	1435382	18.45
1970-1979	58	0.02046	0.02025	0.5	76313	1546	75541	1358329	17.80
1970-1979	59	0.02229	0.02205	0.5	74768	1649	73943	1282788	17.16
1970-1979	60	0.02381	0.02353	0.5	73119	1721	72259	1208845	16.53
1970-1979	61	0.02541	0.02509	0.5	71399	1792	70503	1136586	15.92
1970-1979	62	0.02823	0.02784	0.5	69607	1938	68638	1066083	15.32
1970-1979	63	0.03030	0.02985	0.5	67669	2020	66659	997445	14.74
1970-1979	64	0.03216	0.03165	0.5	65649	2078	64611	930785	14.18
1970-1979	65	0.03421	0.03363	0.5	63572	2138	62503	866175	13.63
1970-1979	66	0.03565	0.03503	0.5	61434	2152	60358	803672	13.08
1970-1979	67	0.03860	0.03787	0.5	59282	2245	58160	743314	12.54
1970-1979	68	0.04110	0.04027	0.5	57037	2297	55889	685154	12.01
1970-1979	69	0.04386	0.04292	0.5	54740	2350	53565	629266	11.50
1970-1979	70	0.04842	0.04727	0.5	52391	2477	51152	575700	10.99
1970-1979	71	0.05026	0.04903	0.5	49914	2447	48690	524548	10.51
1970-1979	72	0.05541	0.05391	0.5	47467	2559	46187	475858	10.03
1970-1979	73	0.05859	0.05692	0.5	44907	2556	43629	429671	9.57
1970-1979	74	0.06261	0.06071	0.5	42351	2571	41066	386041	9.12
1970-1979	75	0.06839	0.06613	0.5	39780	2631	38465	344976	8.67
1970-1979	76	0.07206	0.06955	0.5	37149	2584	35857	306511	8.25
1970-1979	77	0.07712	0.07426	0.5	34565	2567	33282	270654	7.83
1970-1979	78	0.08337	0.08003	0.5	31999	2561	30718	237372	7.42
1970-1979	79	0.08990	0.08603	0.5	29438	2533	28172	206653	7.02
1970-1979	80	0.10172	0.09679	0.5	26905	2604	25603	178482	6.63
1970-1979	81	0.10616	0.10081	0.5	24301	2450	23076	152878	6.29
1970-1979	82	0.11830	0.11169	0.5	21851	2441	20631	129802	5.94
1970-1979	83	0.12742	0.11979	0.5	19411	2325	18248	109171	5.62
1970-1979	84	0.13797	0.12907	0.5	17086	2205	15983	90923	5.32
1970-1979	85	0.14868	0.13839	0.5	14880	2059	13851	74940	5.04
1970-1979	86	0.16242	0.15022	0.5	12821	1926	11858	61089	4.76
1970-1979	87	0.17265	0.15893	0.5	10895	1732	10029	49231	4.52
1970-1979	88	0.18614	0.17029	0.5	9164	1560	8383	39202	4.28
1970-1979	89	0.20211	0.18356	0.5	7603	1396	6905	30819	4.05
1970-1979	90	0.21740	0.19609	0.5	6207	1217	5599	23913	3.85
1970-1979	91	0.22390	0.20136	0.5	4990	1005	4488	18315	3.67
1970-1979	92	0.24584	0.21893	0.5	3985	873	3549	13827	3.47
1970-1979	93	0.26193	0.23160	0.5	3113	721	2752	10277	3.30
1970-1979	94	0.27822	0.24424	0.5	2392	584	2100	7525	3.15
1970-1979	95	0.29179	0.25464	0.5	1808	460	1578	5425	3.00
1970-1979	96	0.30993	0.26835	0.5	1347	362	1167	3848	2.86
1970-1979	97	0.32867	0.28228	0.5	986	278	847	2681	2.72
1970-1979	98	0.34798	0.29641	0.5	708	210	603	1834	2.59
1970-1979	99	0.36780	0.31067	0.5	498	155	421	1232	2.47
1970-1979	100	0.38808	0.32501	0.5	343	112	287	811	2.36
1970-1979	101	0.40875	0.33939	0.5	232	79	192	524	2.26
1970-1979	102	0.42975	0.35374	0.5	153	54	126	331	2.17
1970-1979	103	0.45101	0.36802	0.5	99	36	81	205	2.08
1970-1979	104	0.47244	0.38217	0.5	62	24	51	125	1.99
1970-1979	105	0.49398	0.39614	0.5	39	15	31	74	1.92
1970-1979	106	0.51554	0.40989	0.5	23	10	19	43	1.85
1970-1979	107	0.53705	0.42336	0.5	14	6	11	25	1.79
1970-1979	108	0.55841	0.43653	0.5	8	3	6	14	1.74
1970-1979	109	0.57956	0.44935	0.5	4	2	3	8	1.69
1970-1979	110+	0.60043	1.00000	1.67	2	2	4	4	1.67
1980-1989	0	0.01397	0.01379	0.08	100000	1379	98735	7022018	70.22
1980-1989	1	0.00101	0.00101	0.5	98621	100	98571	6923283	70.20
1980-1989	2	0.00072	0.00072	0.5	98521	71	98486	6824712	69.27
1980-1989	3	0.00054	0.00054	0.5	98450	53	98424	6726227	68.32
1980-1989	4	0.00043	0.00043	0.5	98398	42	98377	6627803	67.36
1980-1989	5	0.00037	0.00037	0.5	98355	36	98337	6529426	66.39
1980-1989	6	0.00034	0.00034	0.5	98319	34	98302	6431089	65.41
1980-1989	7	0.00030	0.00030	0.5	98286	29	98271	6332786	64.43
1980-1989	8	0.00033	0.00033	0.5	98256	32	98240	6234515	63.45
1980-1989	9	0.00030	0.00030	0.5	98224	29	98209	6136275	62.47
1980-1989	10	0.00028	0.00028	0.5	98195	28	98181	6038066	61.49
1980-1989	11	0.00030	0.00030	0.5	98167	29	98152	5939885	60.51
1980-1989	12	0.00037	0.00037	0.5	98138	36	98120	5841733	59.53
1980-1989	13	0.00040	0.00040	0.5	98102	40	98082	5743613	58.55
1980-1989	14	0.00052	0.00052	0.5	98062	51	98036	5645531	57.57
1980-1989	15	0.00072	0.00072	0.5	98011	71	97976	5547495	56.60
1980-1989	16	0.00109	0.00109	0.5	97940	107	97887	5449519	55.64
1980-1989	17	0.00130	0.00130	0.5	97833	128	97770	5351632	54.70
1980-1989	18	0.00157	0.00157	0.5	97706	154	97629	5253863	53.77
1980-1989	19	0.00158	0.00158	0.5	97552	154	97476	5156234	52.86
1980-1989	20	0.00165	0.00165	0.5	97399	161	97318	5058758	51.94
1980-1989	21	0.00174	0.00174	0.5	97238	169	97153	4961440	51.02
1980-1989	22	0.00180	0.00180	0.5	97069	175	96982	4864286	50.11
1980-1989	23	0.00182	0.00182	0.5	96894	176	96806	4767305	49.20
1980-1989	24	0.00181	0.00181	0.5	96718	175	96631	4670499	48.29
1980-1989	25	0.00183	0.00183	0.5	96543	177	96455	4573868	47.38
1980-1989	26	0.00186	0.00186	0.5	96366	179	96277	4477413	46.46
1980-1989	27	0.00187	0.00186	0.5	96187	179	96098	4381137	45.55
1980-1989	28	0.00205	0.00205	0.5	96008	197	95910	4285039	44.63
1980-1989	29	0.00194	0.00194	0.5	95811	186	95718	4189129	43.72
1980-1989	30	0.00210	0.00210	0.5	95625	201	95525	4093411	42.81
1980-1989	31	0.00213	0.00212	0.5	95424	203	95323	3997886	41.90
1980-1989	32	0.00217	0.00217	0.5	95222	207	95118	3902563	40.98
1980-1989	33	0.00233	0.00232	0.5	95015	221	94905	3807445	40.07
1980-1989	34	0.00228	0.00228	0.5	94794	216	94686	3712540	39.16
1980-1989	35	0.00240	0.00240	0.5	94578	227	94465	3617854	38.25
1980-1989	36	0.00252	0.00252	0.5	94352	237	94233	3523389	37.34
1980-1989	37	0.00272	0.00272	0.5	94114	256	93986	3429156	36.44
1980-1989	38	0.00289	0.00289	0.5	93858	271	93723	3335169	35.53
1980-1989	39	0.00299	0.00299	0.5	93587	279	93448	3241447	34.64
1980-1989	40	0.00320	0.00319	0.5	93308	298	93159	3147999	33.74
1980-1989	41	0.00352	0.00351	0.5	93010	326	92847	3054840	32.84
1980-1989	42	0.00387	0.00386	0.5	92683	358	92505	2961994	31.96
1980-1989	43	0.00405	0.00404	0.5	92326	373	92139	2869489	31.08
1980-1989	44	0.00440	0.00439	0.5	91952	403	91751	2777350	30.20
1980-1989	45	0.00493	0.00492	0.5	91549	450	91324	2685600	29.34
1980-1989	46	0.00532	0.00531	0.5	91099	484	90857	2594276	28.48
1980-1989	47	0.00587	0.00586	0.5	90615	531	90350	2503419	27.63
1980-1989	48	0.00675	0.00673	0.5	90084	606	89781	2413069	26.79
1980-1989	49	0.00693	0.00691	0.5	89478	618	89169	2323288	25.96
1980-1989	50	0.00791	0.00788	0.5	88860	700	88510	2234119	25.14
1980-1989	51	0.00873	0.00869	0.5	88160	766	87777	2145608	24.34
1980-1989	52	0.00967	0.00962	0.5	87394	841	86974	2057831	23.55
1980-1989	53	0.01056	0.01051	0.5	86553	909	86099	1970857	22.77
1980-1989	54	0.01146	0.01139	0.5	85644	976	85156	1884759	22.01
1980-1989	55	0.01266	0.01258	0.5	84668	1065	84135	1799603	21.25
1980-1989	56	0.01390	0.01381	0.5	83603	1154	83025	1715467	20.52
1980-1989	57	0.01473	0.01463	0.5	82448	1206	81845	1632442	19.80
1980-1989	58	0.01687	0.01673	0.5	81242	1359	80563	1550597	19.09
1980-1989	59	0.01752	0.01737	0.5	79883	1387	79190	1470034	18.40
1980-1989	60	0.01925	0.01906	0.5	78496	1496	77748	1390845	17.72
1980-1989	61	0.02066	0.02045	0.5	76999	1575	76212	1313097	17.05
1980-1989	62	0.02318	0.02291	0.5	75425	1728	74561	1236885	16.40
1980-1989	63	0.02435	0.02406	0.5	73697	1773	72810	1162324	15.77
1980-1989	64	0.02565	0.02533	0.5	71924	1822	71013	1089514	15.15
1980-1989	65	0.02791	0.02753	0.5	70102	1930	69137	1018501	14.53
1980-1989	66	0.03003	0.02958	0.5	68172	2017	67164	949364	13.93
1980-1989	67	0.03187	0.03137	0.5	66155	2075	65118	882200	13.34
1980-1989	68	0.03516	0.03456	0.5	64080	2214	62973	817082	12.75
1980-1989	69	0.03768	0.03698	0.5	61866	2288	60722	754109	12.19
1980-1989	70	0.04083	0.04002	0.5	59578	2384	58386	693387	11.64
1980-1989	71	0.04363	0.04270	0.5	57194	2442	55973	635001	11.10
1980-1989	72	0.04876	0.04760	0.5	54752	2606	53449	579028	10.58
1980-1989	73	0.05236	0.05102	0.5	52146	2661	50815	525579	10.08
1980-1989	74	0.05527	0.05378	0.5	49485	2661	48155	474764	9.59
1980-1989	75	0.05987	0.05813	0.5	46824	2722	45463	426609	9.11
1980-1989	76	0.06561	0.06352	0.5	44102	2802	42701	381146	8.64
1980-1989	77	0.06965	0.06730	0.5	41300	2780	39911	338445	8.19
1980-1989	78	0.07592	0.07315	0.5	38521	2818	37112	298535	7.75
1980-1989	79	0.08007	0.07699	0.5	35703	2749	34329	261422	7.32
1980-1989	80	0.09381	0.08961	0.5	32954	2953	31478	227094	6.89
1980-1989	81	0.10144	0.09654	0.5	30002	2896	28553	195616	6.52
1980-1989	82	0.10873	0.10312	0.5	27105	2795	25708	167062	6.16
1980-1989	83	0.12022	0.11341	0.5	24310	2757	22931	141355	5.81
1980-1989	84	0.12948	0.12161	0.5	21553	2621	20243	118423	5.49
1980-1989	85	0.14000	0.13084	0.5	18932	2477	17694	98181	5.19
1980-1989	86	0.15365	0.14269	0.5	16455	2348	15281	80487	4.89
1980-1989	87	0.16466	0.15214	0.5	14107	2146	13034	65206	4.62
1980-1989	88	0.17772	0.16322	0.5	11961	1952	10985	52172	4.36
1980-1989	89	0.19240	0.17551	0.5	10009	1757	9130	41187	4.12
1980-1989	90	0.20784	0.18828	0.5	8252	1554	7475	32057	3.88
1980-1989	91	0.22347	0.20101	0.5	6698	1346	6025	24582	3.67
1980-1989	92	0.24169	0.21563	0.5	5352	1154	4775	18557	3.47
1980-1989	93	0.26065	0.23060	0.5	4198	968	3714	13782	3.28
1980-1989	94	0.27799	0.24406	0.5	3230	788	2836	10068	3.12
1980-1989	95	0.29362	0.25603	0.5	2442	625	2129	7232	2.96
1980-1989	96	0.31328	0.27086	0.5	1816	492	1570	5103	2.81
1980-1989	97	0.33365	0.28594	0.5	1324	379	1135	3533	2.67
1980-1989	98	0.35465	0.30123	0.5	946	285	803	2398	2.54
1980-1989	99	0.37623	0.31666	0.5	661	209	556	1594	2.41
1980-1989	100	0.39831	0.33216	0.5	452	150	377	1038	2.30
1980-1989	101	0.42082	0.34766	0.5	302	105	249	662	2.19
1980-1989	102	0.44365	0.36311	0.5	197	71	161	412	2.10
1980-1989	103	0.46673	0.37842	0.5	125	47	102	251	2.01
1980-1989	104	0.48995	0.39354	0.5	78	31	63	150	1.92
1980-1989	105	0.51322	0.40842	0.5	47	19	38	87	1.85
1980-1989	106	0.53643	0.42298	0.5	28	12	22	50	1.78
1980-1989	107	0.55948	0.43718	0.5	16	7	13	28	1.72
1980-1989	108	0.58228	0.45098	0.5	9	4	7	15	1.67
1980-1989	109	0.60473	0.46433	0.5	5	2	4	8	1.62
1980-1989	110+	0.62675	1.00000	1.6	3	3	4	4	1.60
1990-1999	0	0.01043	0.01033	0.07	100000	1033	99042	7206435	72.06
1990-1999	1	0.00074	0.00074	0.5	98967	73	98930	7107393	71.82
1990-1999	2	0.00051	0.00051	0.5	98894	50	98869	7008463	70.87
1990-1999	3	0.00039	0.00039	0.5	98844	39	98824	6909594	69.90
1990-1999	4	0.00032	0.00032	0.5	98805	31	98789	6810769	68.93
1990-1999	5	0.00028	0.00028	0.5	98774	27	98760	6711980	67.95
1990-1999	6	0.00025	0.00025	0.5	98746	24	98734	6613220	66.97
1990-1999	7	0.00022	0.00022	0.5	98722	22	98711	6514486	65.99
1990-1999	8	0.00024	0.00024	0.5	98700	24	98688	6415774	65.00
1990-1999	9	0.00022	0.00022	0.5	98676	21	98666	6317086	64.02
1990-1999	10	0.00022	0.00022	0.5	98655	21	98645	6218420	63.03
1990-1999	11	0.00024	0.00024	0.5	98634	23	98622	6119776	62.05
1990-1999	12	0.00027	0.00027	0.5	98611	27	98597	6021154	61.06
1990-1999	13	0.00035	0.00035	0.5	98584	35	98566	5922556	60.08
1990-1999	14	0.00048	0.00048	0.5	98549	47	98525	5823990	59.10
1990-1999	15	0.00064	0.00064	0.5	98502	63	98470	5725464	58.13
1990-1999	16	0.00101	0.00101	0.5	98439	99	98389	5626994	57.16
1990-1999	17	0.00122	0.00122	0.5	98339	120	98279	5528605	56.22
1990-1999	18	0.00152	0.00152	0.5	98220	149	98145	5430326	55.29
1990-1999	19	0.00156	0.00156	0.5	98070	153	97994	5332181	54.37
1990-1999	20	0.00155	0.00155	0.5	97917	151	97841	5234187	53.46
1990-1999	21	0.00166	0.00166	0.5	97766	162	97685	5136346	52.54
1990-1999	22	0.00161	0.00161	0.5	97604	157	97525	5038661	51.62
1990-1999	23	0.00162	0.00162	0.5	97446	158	97367	4941136	50.71
1990-1999	24	0.00157	0.00157	0.5	97288	153	97212	4843769	49.79
1990-1999	25	0.00162	0.00162	0.5	97135	158	97057	4746557	48.87
1990-1999	26	0.00168	0.00168	0.5	96978	163	96896	4649501	47.94
1990-1999	27	0.00174	0.00174	0.5	96815	168	96731	4552604	47.02
1990-1999	28	0.00186	0.00186	0.5	96647	180	96557	4455874	46.10
1990-1999	29	0.00191	0.00191	0.5	96467	184	96375	4359317	45.19
1990-1999	30	0.00199	0.00199	0.5	96283	192	96187	4262942	44.28
1990-1999	31	0.00218	0.00218	0.5	96091	209	95986	4166756	43.36
1990-1999	32	0.00225	0.00225	0.5	95882	216	95774	4070769	42.46
1990-1999	33	0.00241	0.00241	0.5	95666	231	95551	3974996	41.55
1990-1999	34	0.00248	0.00247	0.5	95436	236	95317	3879445	40.65
1990-1999	35	0.00262	0.00262	0.5	95199	250	95075	3784127	39.75
1990-1999	36	0.00279	0.00279	0.5	94950	265	94817	3689053	38.85
1990-1999	37	0.00296	0.00295	0.5	94685	280	94545	3594235	37.96
1990-1999	38	0.00317	0.00316	0.5	94405	299	94256	3499690	37.07
1990-1999	39	0.00320	0.00319	0.5	94106	301	93956	3405434	36.19
1990-1999	40	0.00341	0.00340	0.5	93806	319	93646	3311478	35.30
1990-1999	41	0.00367	0.00366	0.5	93487	342	93315	3217832	34.42
1990-1999	42	0.00395	0.00394	0.5	93144	367	92960	3124517	33.54
1990-1999	43	0.00415	0.00414	0.5	92777	384	92585	3031556	32.68
1990-1999	44	0.00421	0.00420	0.5	92393	388	92198	2938971	31.81
1990-1999	45	0.00461	0.00460	0.5	92004	423	91793	2846773	30.94
1990-1999	46	0.00503	0.00501	0.5	91581	459	91351	2754980	30.08
1990-1999	47	0.00538	0.00537	0.5	91122	489	90877	2663629	29.23
1990-1999	48	0.00580	0.00578	0.5	90633	524	90371	2572752	28.39
1990-1999	49	0.00592	0.00590	0.5	90109	532	89843	2482381	27.55
1990-1999	50	0.00644	0.00642	0.5	89577	575	89289	2392538	26.71
1990-1999	51	0.00718	0.00716	0.5	89002	637	88683	2303249	25.88
1990-1999	52	0.00787	0.00784	0.5	88365	692	88019	2214566	25.06
1990-1999	53	0.00844	0.00840	0.5	87672	737	87304	2126547	24.26
1990-1999	54	0.00912	0.00908	0.5	86936	789	86541	2039243	23.46
1990-1999	55	0.00999	0.00994	0.5	86147	856	85719	1952702	22.67
1990-1999	56	0.01116	0.01109	0.5	85291	946	84818	1866983	21.89
1990-1999	57	0.01196	0.01188	0.5	84345	1002	83843	1782165	21.13
1990-1999	58	0.01358	0.01349	0.5	83342	1124	82780	1698322	20.38
1990-1999	59	0.01411	0.01401	0.5	82218	1152	81642	1615542	19.65
1990-1999	60	0.01573	0.01561	0.5	81066	1265	80433	1533900	18.92
1990-1999	61	0.01736	0.01721	0.5	79801	1374	79114	1453466	18.21
1990-1999	62	0.01914	0.01896	0.5	78427	1487	77684	1374353	17.52
1990-1999	63	0.02014	0.01994	0.5	76940	1534	76173	1296669	16.85
1990-1999	64	0.02165	0.02142	0.5	75406	1615	74598	1220496	16.19
1990-1999	65	0.02310	0.02283	0.5	73791	1685	72948	1145898	15.53
1990-1999	66	0.02491	0.02461	0.5	72106	1774	71219	1072949	14.88
1990-1999	67	0.02652	0.02618	0.5	70331	1841	69411	1001731	14.24
1990-1999	68	0.02947	0.02905	0.5	68490	1989	67496	932320	13.61
1990-1999	69	0.03165	0.03116	0.5	66501	2072	65465	864824	13.00
1990-1999	70	0.03413	0.03356	0.5	64429	2162	63348	799359	12.41
1990-1999	71	0.03718	0.03650	0.5	62267	2273	61131	736012	11.82
1990-1999	72	0.03979	0.03901	0.5	59994	2341	58824	674881	11.25
1990-1999	73	0.04361	0.04268	0.5	57654	2461	56423	616057	10.69
1990-1999	74	0.04678	0.04571	0.5	55193	2523	53931	559634	10.14
1990-1999	75	0.05072	0.04946	0.5	52670	2605	51367	505702	9.60
1990-1999	76	0.05534	0.05385	0.5	50065	2696	48717	454335	9.07
1990-1999	77	0.06059	0.05881	0.5	47369	2786	45976	405618	8.56
1990-1999	78	0.06573	0.06364	0.5	44583	2837	43164	359642	8.07
1990-1999	79	0.07028	0.06790	0.5	41746	2834	40328	316478	7.58
1990-1999	80	0.08511	0.08163	0.5	38911	3176	37323	276150	7.10
1990-1999	81	0.09330	0.08914	0.5	35735	3186	34142	238827	6.68
1990-1999	82	0.10241	0.09743	0.5	32549	3171	30964	204685	6.29
1990-1999	83	0.11235	0.10637	0.5	29378	3125	27816	173721	5.91
1990-1999	84	0.12262	0.11554	0.5	26253	3033	24736	145906	5.56
1990-1999	85	0.13487	0.12635	0.5	23220	2934	21753	121169	5.22
1990-1999	86	0.14733	0.13722	0.5	20286	2784	18894	99416	4.90
1990-1999	87	0.16148	0.14941	0.5	17502	2615	16195	80522	4.60
1990-1999	88	0.17564	0.16146	0.5	14887	2404	13686	64327	4.32
1990-1999	89	0.19077	0.17416	0.5	12484	2174	11397	50641	4.06
1990-1999	90	0.20797	0.18838	0.5	10310	1942	9338	39245	3.81
1990-1999	91	0.22489	0.20216	0.5	8367	1692	7522	29906	3.57
1990-1999	92	0.24595	0.21901	0.5	6676	1462	5945	22385	3.35
1990-1999	93	0.26724	0.23574	0.5	5214	1229	4599	16440	3.15
1990-1999	94	0.29064	0.25376	0.5	3985	1011	3479	11841	2.97
1990-1999	95	0.30824	0.26708	0.5	2974	794	2576	8362	2.81
1990-1999	96	0.33103	0.28402	0.5	2179	619	1870	5785	2.65
1990-1999	97	0.35465	0.30123	0.5	1560	470	1325	3915	2.51
1990-1999	98	0.37899	0.31861	0.5	1090	347	917	2590	2.38
1990-1999	99	0.40396	0.33608	0.5	743	250	618	1673	2.25
1990-1999	100	0.42943	0.35352	0.5	493	174	406	1055	2.14
1990-1999	101	0.45529	0.37086	0.5	319	118	260	649	2.04
1990-1999	102	0.48138	0.38800	0.5	201	78	162	389	1.94
1990-1999	103	0.50758	0.40484	0.5	123	50	98	228	1.85
1990-1999	104	0.53374	0.42131	0.5	73	31	58	130	1.78
1990-1999	105	0.55971	0.43733	0.5	42	18	33	72	1.70
1990-1999	106	0.58537	0.45283	0.5	24	11	18	39	1.64
1990-1999	107	0.61056	0.46776	0.5	13	6	10	21	1.58
1990-1999	108	0.63518	0.48208	0.5	7	3	5	11	1.53
1990-1999	109	0.65911	0.49574	0.5	4	2	3	5	1.49
1990-1999	110+	0.68226	1.00000	1.47	2	2	3	3	1.47
2000-2009	0	0.00891	0.00884	0.07	100000	884	99177	7424291	74.24
2000-2009	1	0.00056	0.00056	0.5	99116	55	99088	7325115	73.90
2000-2009	2	0.00040	0.00040	0.5	99061	39	99041	7226026	72.95
2000-2009	3	0.00030	0.00030	0.5	99022	29	99007	7126985	71.97
2000-2009	4	0.00021	0.00021	0.5	98992	21	98982	7027978	71.00
2000-2009	5	0.00019	0.00019	0.5	98971	19	98962	6928996	70.01
2000-2009	6	0.00016	0.00016	0.5	98953	15	98945	6830034	69.02
2000-2009	7	0.00016	0.00016	0.5	98937	16	98929	6731089	68.03
2000-2009	8	0.00016	0.00016	0.5	98921	16	98913	6632159	67.04
2000-2009	9	0.00016	0.00016	0.5	98905	16	98897	6533246	66.06
2000-2009	10	0.00016	0.00016	0.5	98889	15	98881	6434349	65.07
2000-2009	11	0.00018	0.00018	0.5	98873	18	98865	6335468	64.08
2000-2009	12	0.00021	0.00021	0.5	98856	21	98845	6236603	63.09
2000-2009	13	0.00024	0.00024	0.5	98835	24	98823	6137758	62.10
2000-2009	14	0.00032	0.00032	0.5	98811	32	98795	6038935	61.12
2000-2009	15	0.00045	0.00045	0.5	98779	45	98757	5940140	60.14
2000-2009	16	0.00071	0.00071	0.5	98734	70	98699	5841384	59.16
2000-2009	17	0.00093	0.00093	0.5	98664	92	98618	5742685	58.20
2000-2009	18	0.00120	0.00120	0.5	98572	119	98513	5644066	57.26
2000-2009	19	0.00143	0.00143	0.5	98454	141	98383	5545553	56.33
2000-2009	20	0.00150	0.00150	0.5	98313	147	98239	5447170	55.41
2000-2009	21	0.00161	0.00161	0.5	98166	158	98087	5348930	54.49
2000-2009	22	0.00164	0.00164	0.5	98008	160	97928	5250843	53.58
2000-2009	23	0.00164	0.00164	0.5	97848	160	97768	5152915	52.66
2000-2009	24	0.00164	0.00163	0.5	97688	160	97608	5055147	51.75
2000-2009	25	0.00159	0.00159	0.5	97528	155	97451	4957540	50.83
2000-2009	26	0.00161	0.00161	0.5	97373	157	97295	4860089	49.91
2000-2009	27	0.00158	0.00158	0.5	97217	154	97140	4762794	48.99
2000-2009	28	0.00161	0.00160	0.5	97063	156	96985	4665654	48.07
2000-2009	29	0.00161	0.00161	0.5	96907	156	96829	4568669	47.14
2000-2009	30	0.00158	0.00158	0.5	96751	153	96675	4471840	46.22
2000-2009	31	0.00164	0.00164	0.5	96598	159	96519	4375165	45.29
2000-2009	32	0.00165	0.00165	0.5	96440	159	96360	4278646	44.37
2000-2009	33	0.00173	0.00173	0.5	96280	167	96197	4182286	43.44
2000-2009	34	0.00183	0.00183	0.5	96114	176	96026	4086089	42.51
2000-2009	35	0.00193	0.00193	0.5	95938	185	95845	3990063	41.59
2000-2009	36	0.00199	0.00199	0.5	95753	191	95657	3894218	40.67
2000-2009	37	0.00222	0.00222	0.5	95562	212	95456	3798560	39.75
2000-2009	38	0.00239	0.00239	0.5	95350	228	95236	3703104	38.84
2000-2009	39	0.00251	0.00251	0.5	95123	239	95003	3607868	37.93
2000-2009	40	0.00273	0.00272	0.5	94884	259	94755	3512865	37.02
2000-2009	41	0.00298	0.00298	0.5	94625	282	94485	3418110	36.12
2000-2009	42	0.00328	0.00328	0.5	94344	309	94189	3323626	35.23
2000-2009	43	0.00355	0.00354	0.5	94034	333	93868	3229437	34.34
2000-2009	44	0.00388	0.00387	0.5	93701	363	93520	3135569	33.46
2000-2009	45	0.00420	0.00419	0.5	93339	391	93143	3042049	32.59
2000-2009	46	0.00457	0.00456	0.5	92948	424	92736	2948906	31.73
2000-2009	47	0.00495	0.00494	0.5	92524	457	92296	2856170	30.87
2000-2009	48	0.00537	0.00535	0.5	92067	493	91821	2763874	30.02
2000-2009	49	0.00583	0.00581	0.5	91574	532	91308	2672054	29.18
2000-2009	50	0.00629	0.00628	0.5	91042	571	90756	2580745	28.35
2000-2009	51	0.00682	0.00680	0.5	90471	615	90163	2489989	27.52
2000-2009	52	0.00734	0.00732	0.5	89856	657	89527	2399826	26.71
2000-2009	53	0.00779	0.00776	0.5	89198	692	88852	2310299	25.90
2000-2009	54	0.00838	0.00835	0.5	88506	739	88137	2221446	25.10
2000-2009	55	0.00901	0.00897	0.5	87767	787	87374	2133310	24.31
2000-2009	56	0.00949	0.00945	0.5	86980	822	86569	2045936	23.52
2000-2009	57	0.01027	0.01022	0.5	86158	880	85718	1959367	22.74
2000-2009	58	0.01091	0.01085	0.5	85278	925	84815	1873649	21.97
2000-2009	59	0.01174	0.01167	0.5	84353	984	83860	1788834	21.21
2000-2009	60	0.01287	0.01279	0.5	83368	1066	82835	1704974	20.45
2000-2009	61	0.01353	0.01343	0.5	82302	1106	81749	1622139	19.71
2000-2009	62	0.01483	0.01473	0.5	81196	1196	80598	1540390	18.97
2000-2009	63	0.01576	0.01563	0.5	80000	1251	79375	1459792	18.25
2000-2009	64	0.01720	0.01705	0.5	78750	1343	78078	1380417	17.53
2000-2009	65	0.01856	0.01839	0.5	77407	1423	76695	1302338	16.82
2000-2009	66	0.01989	0.01970	0.5	75984	1497	75235	1225643	16.13
2000-2009	67	0.02137	0.02114	0.5	74487	1575	73700	1150408	15.44
2000-2009	68	0.02305	0.02279	0.5	72912	1661	72081	1076708	14.77
2000-2009	69	0.02513	0.02482	0.5	71251	1768	70366	1004627	14.10
2000-2009	70	0.02751	0.02714	0.5	69482	1885	68540	934261	13.45
2000-2009	71	0.02942	0.02899	0.5	67597	1960	66617	865721	12.81
2000-2009	72	0.03220	0.03169	0.5	65637	2080	64597	799104	12.17
2000-2009	73	0.03522	0.03461	0.5	63557	2200	62458	734507	11.56
2000-2009	74	0.03828	0.03756	0.5	61358	2305	60205	672049	10.95
2000-2009	75	0.04240	0.04152	0.5	59053	2452	57827	611844	10.36
2000-2009	76	0.04585	0.04482	0.5	56601	2537	55333	554017	9.79
2000-2009	77	0.05041	0.04917	0.5	54064	2658	52735	498684	9.22
2000-2009	78	0.05471	0.05325	0.5	51406	2738	50037	445949	8.68
2000-2009	79	0.06094	0.05914	0.5	48668	2878	47229	395912	8.13
2000-2009	80	0.07140	0.06894	0.5	45790	3157	44212	348683	7.61
2000-2009	81	0.07916	0.07615	0.5	42633	3246	41010	304471	7.14
2000-2009	82	0.08762	0.08394	0.5	39387	3306	37734	263462	6.69
2000-2009	83	0.09679	0.09232	0.5	36080	3331	34415	225728	6.26
2000-2009	84	0.10782	0.10231	0.5	32750	3351	31074	191313	5.84
2000-2009	85	0.11913	0.11244	0.5	29399	3305	27746	160238	5.45
2000-2009	86	0.13313	0.12482	0.5	26094	3257	24465	132492	5.08
2000-2009	87	0.14705	0.13697	0.5	22837	3128	21273	108027	4.73
2000-2009	88	0.16276	0.15051	0.5	19709	2966	18225	86754	4.40
2000-2009	89	0.18065	0.16568	0.5	16742	2774	15355	68529	4.09
2000-2009	90	0.20157	0.18312	0.5	13968	2558	12689	53174	3.81
2000-2009	91	0.22038	0.19851	0.5	11411	2265	10278	40484	3.55
2000-2009	92	0.24481	0.21812	0.5	9145	1995	8148	30206	3.30
2000-2009	93	0.26953	0.23752	0.5	7151	1698	6301	22058	3.08
2000-2009	94	0.29781	0.25921	0.5	5452	1413	4746	15757	2.89
2000-2009	95	0.31435	0.27166	0.5	4039	1097	3490	11011	2.73
2000-2009	96	0.34087	0.29124	0.5	2942	857	2513	7521	2.56
2000-2009	97	0.36843	0.31112	0.5	2085	649	1761	5008	2.40
2000-2009	98	0.39687	0.33116	0.5	1436	476	1198	3247	2.26
2000-2009	99	0.42602	0.35121	0.5	961	337	792	2048	2.13
2000-2009	100	0.45570	0.37114	0.5	623	231	508	1256	2.02
2000-2009	101	0.48570	0.39079	0.5	392	153	315	749	1.91
2000-2009	102	0.51580	0.41005	0.5	239	98	190	433	1.82
2000-2009	103	0.54578	0.42877	0.5	141	60	111	244	1.73
2000-2009	104	0.57544	0.44687	0.5	80	36	62	133	1.65
2000-2009	105	0.60457	0.46423	0.5	45	21	34	70	1.58
2000-2009	106	0.63297	0.48080	0.5	24	11	18	36	1.52
2000-2009	107	0.66047	0.49651	0.5	12	6	9	18	1.47
2000-2009	108	0.68694	0.51132	0.5	6	3	5	9	1.42
2000-2009	109	0.71224	0.52520	0.5	3	2	2	4	1.38
2000-2009	110+	0.73628	1.00000	1.36	1	1	2	2	1.36
2010-2019	0	0.00721	0.00716	0.06	100000	716	99330	7599415	75.99
2010-2019	1	0.00049	0.00049	0.5	99284	49	99260	7500085	75.54
2010-2019	2	0.00033	0.00033	0.5	99235	33	99219	7400825	74.58
2010-2019	3	0.00025	0.00025	0.5	99202	25	99190	7301607	73.60
2010-2019	4	0.00018	0.00018	0.5	99178	18	99169	7202417	72.62
2010-2019	5	0.00016	0.00016	0.5	99159	16	99151	7103248	71.63
2010-2019	6	0.00014	0.00014	0.5	99143	14	99136	7004097	70.65
2010-2019	7	0.00014	0.00014	0.5	99130	14	99123	6904960	69.66
2010-2019	8	0.00013	0.00013	0.5	99116	13	99110	6805837	68.67
2010-2019	9	0.00013	0.00013	0.5	99103	13	99097	6706728	67.67
2010-2019	10	0.00012	0.00012	0.5	99091	12	99084	6607631	66.68
2010-2019	11	0.00013	0.00013	0.5	99078	13	99072	6508546	65.69
2010-2019	12	0.00015	0.00015	0.5	99065	15	99058	6409474	64.70
2010-2019	13	0.00019	0.00019	0.5	99051	19	99041	6310417	63.71
2010-2019	14	0.00025	0.00025	0.5	99032	25	99020	6211375	62.72
2010-2019	15	0.00034	0.00034	0.5	99007	34	98990	6112356	61.74
2010-2019	16	0.00050	0.00050	0.5	98973	49	98949	6013365	60.76
2010-2019	17	0.00067	0.00067	0.5	98924	66	98891	5914417	59.79
2010-2019	18	0.00094	0.00094	0.5	98858	93	98812	5815525	58.83
2010-2019	19	0.00109	0.00109	0.5	98765	108	98711	5716714	57.88
2010-2019	20	0.00117	0.00117	0.5	98657	116	98599	5618003	56.94
2010-2019	21	0.00133	0.00133	0.5	98541	131	98476	5519404	56.01
2010-2019	22	0.00142	0.00142	0.5	98411	139	98341	5420928	55.08
2010-2019	23	0.00149	0.00148	0.5	98271	146	98198	5322587	54.16
2010-2019	24	0.00153	0.00153	0.5	98125	150	98051	5224388	53.24
2010-2019	25	0.00155	0.00155	0.5	97976	152	97900	5126338	52.32
2010-2019	26	0.00159	0.00159	0.5	97824	155	97746	5028438	51.40
2010-2019	27	0.00164	0.00164	0.5	97668	160	97588	4930692	50.48
2010-2019	28	0.00170	0.00170	0.5	97508	166	97425	4833104	49.57
2010-2019	29	0.00174	0.00173	0.5	97342	169	97258	4735679	48.65
2010-2019	30	0.00176	0.00176	0.5	97173	171	97088	4638422	47.73
2010-2019	31	0.00185	0.00185	0.5	97002	179	96912	4541334	46.82
2010-2019	32	0.00184	0.00184	0.5	96823	178	96734	4444422	45.90
2010-2019	33	0.00192	0.00192	0.5	96645	185	96552	4347688	44.99
2010-2019	34	0.00195	0.00195	0.5	96460	188	96365	4251136	44.07
2010-2019	35	0.00202	0.00202	0.5	96271	194	96174	4154770	43.16
2010-2019	36	0.00204	0.00204	0.5	96077	196	95979	4058596	42.24
2010-2019	37	0.00217	0.00217	0.5	95881	208	95777	3962617	41.33
2010-2019	38	0.00223	0.00223	0.5	95673	213	95567	3866840	40.42
2010-2019	39	0.00234	0.00233	0.5	95460	223	95349	3771273	39.51
2010-2019	40	0.00246	0.00245	0.5	95237	234	95121	3675924	38.60
2010-2019	41	0.00254	0.00253	0.5	95004	241	94883	3580803	37.69
2010-2019	42	0.00265	0.00264	0.5	94763	250	94638	3485920	36.79
2010-2019	43	0.00290	0.00289	0.5	94513	273	94376	3391282	35.88
2010-2019	44	0.00311	0.00310	0.5	94239	292	94093	3296906	34.98
2010-2019	45	0.00338	0.00338	0.5	93947	317	93788	3202813	34.09
2010-2019	46	0.00374	0.00373	0.5	93630	350	93455	3109025	33.21
2010-2019	47	0.00408	0.00407	0.5	93280	380	93090	3015570	32.33
2010-2019	48	0.00446	0.00445	0.5	92901	414	92694	2922479	31.46
2010-2019	49	0.00486	0.00485	0.5	92487	449	92263	2829785	30.60
2010-2019	50	0.00543	0.00542	0.5	92038	498	91789	2737523	29.74
2010-2019	51	0.00593	0.00591	0.5	91540	541	91269	2645733	28.90
2010-2019	52	0.00646	0.00644	0.5	90999	586	90706	2554464	28.07
2010-2019	53	0.00712	0.00709	0.5	90413	641	90093	2463758	27.25
2010-2019	54	0.00776	0.00773	0.5	89772	694	89425	2373665	26.44
2010-2019	55	0.00857	0.00853	0.5	89078	760	88698	2284241	25.64
2010-2019	56	0.00933	0.00929	0.5	88318	821	87908	2195543	24.86
2010-2019	57	0.00999	0.00994	0.5	87497	870	87062	2107635	24.09
2010-2019	58	0.01078	0.01072	0.5	86627	929	86163	2020573	23.32
2010-2019	59	0.01151	0.01145	0.5	85698	981	85208	1934410	22.57
2010-2019	60	0.01251	0.01243	0.5	84717	1053	84191	1849202	21.83
2010-2019	61	0.01327	0.01318	0.5	83664	1103	83113	1765012	21.10
2010-2019	62	0.01403	0.01393	0.5	82562	1150	81987	1681899	20.37
2010-2019	63	0.01501	0.01489	0.5	81412	1213	80805	1599912	19.65
2010-2019	64	0.01582	0.01569	0.5	80199	1259	79570	1519107	18.94
2010-2019	65	0.01673	0.01659	0.5	78941	1310	78286	1439537	18.24
2010-2019	66	0.01776	0.01760	0.5	77631	1366	76948	1361251	17.53
2010-2019	67	0.01897	0.01879	0.5	76264	1433	75548	1284303	16.84
2010-2019	68	0.02016	0.01996	0.5	74831	1494	74085	1208756	16.15
2010-2019	69	0.02157	0.02134	0.5	73338	1565	72555	1134671	15.47
2010-2019	70	0.02319	0.02292	0.5	71773	1645	70950	1062116	14.80
2010-2019	71	0.02507	0.02476	0.5	70127	1736	69259	991166	14.13
2010-2019	72	0.02717	0.02681	0.5	68391	1833	67474	921907	13.48
2010-2019	73	0.02942	0.02899	0.5	66558	1930	65593	854432	12.84
2010-2019	74	0.03233	0.03182	0.5	64628	2056	63600	788839	12.21
2010-2019	75	0.03495	0.03435	0.5	62572	2149	61497	725239	11.59
2010-2019	76	0.03826	0.03754	0.5	60422	2268	59288	663742	10.99
2010-2019	77	0.04154	0.04070	0.5	58154	2367	56971	604454	10.39
2010-2019	78	0.04560	0.04459	0.5	55787	2487	54544	547483	9.81
2010-2019	79	0.05031	0.04908	0.5	53300	2616	51992	492940	9.25
2010-2019	80	0.05512	0.05364	0.5	50684	2719	49325	440948	8.70
2010-2019	81	0.06084	0.05905	0.5	47965	2832	46549	391623	8.16
2010-2019	82	0.06737	0.06517	0.5	45133	2942	43662	345074	7.65
2010-2019	83	0.07457	0.07189	0.5	42192	3033	40675	301411	7.14
2010-2019	84	0.08327	0.07995	0.5	39158	3131	37593	260736	6.66
2010-2019	85	0.09284	0.08873	0.5	36028	3197	34430	223143	6.19
2010-2019	86	0.10515	0.09989	0.5	32831	3280	31192	188714	5.75
2010-2019	87	0.11862	0.11198	0.5	29552	3309	27897	157522	5.33
2010-2019	88	0.13342	0.12507	0.5	26242	3282	24601	129625	4.94
2010-2019	89	0.14935	0.13897	0.5	22960	3191	21365	105024	4.57
2010-2019	90	0.16948	0.15624	0.5	19769	3089	18225	83659	4.23
2010-2019	91	0.18823	0.17204	0.5	16681	2870	15246	65434	3.92
2010-2019	92	0.21200	0.19168	0.5	13811	2647	12487	50188	3.63
2010-2019	93	0.23607	0.21115	0.5	11164	2357	9985	37701	3.38
2010-2019	94	0.26113	0.23097	0.5	8806	2034	7789	27716	3.15
2010-2019	95	0.28123	0.24656	0.5	6772	1670	5937	19927	2.94
2010-2019	96	0.30836	0.26717	0.5	5103	1363	4421	13989	2.74
2010-2019	97	0.33688	0.28831	0.5	3739	1078	3200	9568	2.56
2010-2019	98	0.36663	0.30983	0.5	2661	825	2249	6368	2.39
2010-2019	99	0.39744	0.33155	0.5	1837	609	1532	4119	2.24
2010-2019	100	0.42908	0.35329	0.5	1228	434	1011	2587	2.11
2010-2019	101	0.46131	0.37485	0.5	794	298	645	1576	1.98
2010-2019	102	0.49387	0.39607	0.5	496	197	398	931	1.87
2010-2019	103	0.52649	0.41677	0.5	300	125	237	532	1.78
2010-2019	104	0.55887	0.43681	0.5	175	76	137	295	1.69
2010-2019	105	0.59077	0.45606	0.5	98	45	76	159	1.61
2010-2019	106	0.62192	0.47440	0.5	54	25	41	83	1.54
2010-2019	107	0.65209	0.49176	0.5	28	14	21	42	1.48
2010-2019	108	0.68109	0.50807	0.5	14	7	11	20	1.43
2010-2019	109	0.70875	0.52331	0.5	7	4	5	10	1.39
2010-2019	110+	0.73495	1.00000	1.36	3	3	5	5	1.36
