Div5: South Atlantic, Lifetables (period 5x1), Males Last modified: 20 Dec 2020, MPv5 (May07) 

Year	Age	mx	qx	ax	lx	dx	Lx	Tx	ex
1959	0	0.03689	0.03576	0.14	100000	3576	96939	6529965	65.30
1959	1-4	0.00141	0.00560	1.51	96424	540	384351	6433025	66.72
1959	5-9	0.00066	0.00330	2.43	95884	316	478606	6048674	63.08
1959	10-14	0.00064	0.00317	2.65	95568	303	477126	5570068	58.28
1959	15-19	0.00144	0.00718	2.77	95264	684	474798	5092941	53.46
1959	20-24	0.00205	0.01022	2.47	94580	966	470459	4618144	48.83
1959	25-29	0.00210	0.01046	2.45	93614	979	465577	4147685	44.31
1959	30-34	0.00262	0.01300	2.62	92635	1204	460305	3682108	39.75
1959	35-39	0.00370	0.01834	2.66	91431	1677	453233	3221803	35.24
1959	40-44	0.00577	0.02846	2.69	89754	2554	442870	2768570	30.85
1959	45-49	0.00917	0.04488	2.68	87200	3914	426903	2325700	26.67
1959	50-54	0.01428	0.06904	2.63	83286	5750	402810	1898797	22.80
1959	55-59	0.02081	0.09917	2.63	77536	7689	369433	1495987	19.29
1959	60-64	0.02985	0.13903	2.54	69847	9711	325315	1126553	16.13
1959	65-69	0.04040	0.18388	2.56	60136	11058	273677	801238	13.32
1959	70-74	0.05549	0.24394	2.52	49078	11972	215736	527561	10.75
1959	75-79	0.07959	0.33207	2.51	37106	12322	154816	311825	8.40
1959	80-84	0.12241	0.46530	2.42	24785	11532	94213	157009	6.33
1959	85-89	0.18389	0.61213	2.27	13252	8112	44114	62796	4.74
1959	90-94	0.25475	0.73061	2.08	5140	3755	14742	18682	3.63
1959	95-99	0.33683	0.82937	1.94	1385	1148	3410	3940	2.85
1959	100-104	0.43659	0.90118	1.74	236	213	488	530	2.25
1959	105-109	0.54198	0.94482	1.55	23	22	41	43	1.83
1959	110+	0.62721	1.00000	1.59	1	1	2	2	1.59
1960	0	0.03556	0.03450	0.14	100000	3450	97034	6500511	65.01
1960	1-4	0.00136	0.00541	1.56	96550	522	384928	6403477	66.32
1960	5-9	0.00062	0.00307	2.39	96028	295	479368	6018549	62.68
1960	10-14	0.00065	0.00322	2.72	95733	308	477962	5539181	57.86
1960	15-19	0.00140	0.00695	2.8	95425	664	475663	5061219	53.04
1960	20-24	0.00189	0.00941	2.5	94761	892	471575	4585556	48.39
1960	25-29	0.00219	0.01088	2.48	93869	1021	466773	4113981	43.83
1960	30-34	0.00256	0.01275	2.61	92847	1183	461413	3647208	39.28
1960	35-39	0.00372	0.01846	2.67	91664	1692	454372	3185795	34.76
1960	40-44	0.00591	0.02914	2.67	89972	2622	443740	2731423	30.36
1960	45-49	0.00943	0.04612	2.67	87350	4028	427371	2287683	26.19
1960	50-54	0.01479	0.07143	2.64	83322	5952	402548	1860312	22.33
1960	55-59	0.02153	0.10236	2.61	77370	7919	367897	1457765	18.84
1960	60-64	0.03190	0.14802	2.57	69450	10280	322270	1089867	15.69
1960	65-69	0.04314	0.19503	2.54	59170	11540	267495	767598	12.97
1960	70-74	0.05791	0.25289	2.5	47630	12045	208003	500103	10.50
1960	75-79	0.08292	0.34380	2.52	35585	12234	147536	292100	8.21
1960	80-84	0.12717	0.47869	2.42	23351	11178	87900	144563	6.19
1960	85-89	0.18980	0.62447	2.26	12173	7602	40051	56663	4.65
1960	90-94	0.25453	0.73885	2.16	4571	3377	13269	16613	3.63
1960	95-99	0.34295	0.83484	1.93	1194	997	2906	3343	2.80
1960	100-104	0.44230	0.90414	1.73	197	178	403	437	2.22
1960	105-109	0.54672	0.94619	1.54	19	18	33	34	1.82
1960	110+	0.63099	1.00000	1.58	1	1	2	2	1.58
1961	0	0.03409	0.03311	0.14	100000	3311	97141	6566395	65.66
1961	1-4	0.00131	0.00524	1.61	96689	507	385547	6469254	66.91
1961	5-9	0.00057	0.00282	2.33	96182	271	480186	6083707	63.25
1961	10-14	0.00060	0.00299	2.78	95911	287	478917	5603522	58.42
1961	15-19	0.00134	0.00670	2.8	95624	641	476711	5124605	53.59
1961	20-24	0.00179	0.00891	2.49	94983	847	472788	4647894	48.93
1961	25-29	0.00201	0.01002	2.51	94137	943	468334	4175106	44.35
1961	30-34	0.00244	0.01214	2.57	93193	1131	463219	3706773	39.78
1961	35-39	0.00362	0.01793	2.64	92062	1651	456414	3243554	35.23
1961	40-44	0.00568	0.02802	2.68	90411	2533	446191	2787140	30.83
1961	45-49	0.00892	0.04370	2.68	87878	3841	430492	2340948	26.64
1961	50-54	0.01417	0.06856	2.63	84038	5761	406553	1910456	22.73
1961	55-59	0.02047	0.09754	2.59	78276	7635	372977	1503902	19.21
1961	60-64	0.02982	0.13907	2.58	70641	9824	329471	1130925	16.01
1961	65-69	0.04192	0.18963	2.49	60817	11533	275109	801454	13.18
1961	70-74	0.05716	0.24996	2.49	49284	12319	215497	526345	10.68
1961	75-79	0.07832	0.32762	2.51	36965	12111	154624	310847	8.41
1961	80-84	0.12554	0.47264	2.39	24855	11747	93576	156223	6.29
1961	85-89	0.18268	0.60824	2.25	13107	7972	43642	62647	4.78
1961	90-94	0.25050	0.72535	2.1	5135	3725	14869	19005	3.70
1961	95-99	0.32620	0.81848	1.96	1410	1154	3539	4137	2.93
1961	100-104	0.41877	0.89038	1.77	256	228	544	598	2.34
1961	105-109	0.51756	0.93637	1.59	28	26	51	54	1.92
1961	110+	0.59803	1.00000	1.67	2	2	3	3	1.67
1962	0	0.03285	0.03194	0.13	100000	3194	97231	6539734	65.40
1962	1-4	0.00126	0.00502	1.58	96806	486	386050	6442502	66.55
1962	5-9	0.00060	0.00301	2.27	96320	290	480807	6056452	62.88
1962	10-14	0.00062	0.00310	2.79	96030	298	479492	5575644	58.06
1962	15-19	0.00145	0.00723	2.83	95732	692	477157	5096152	53.23
1962	20-24	0.00189	0.00941	2.53	95040	894	472996	4618996	48.60
1962	25-29	0.00202	0.01004	2.55	94146	945	468411	4145999	44.04
1962	30-34	0.00251	0.01246	2.61	93201	1161	463235	3677588	39.46
1962	35-39	0.00376	0.01861	2.64	92040	1713	456157	3214353	34.92
1962	40-44	0.00565	0.02790	2.67	90327	2520	445754	2758196	30.54
1962	45-49	0.00909	0.04449	2.65	87807	3907	429871	2312442	26.34
1962	50-54	0.01447	0.06994	2.63	83901	5868	405613	1882572	22.44
1962	55-59	0.02080	0.09908	2.61	78032	7732	371688	1476959	18.93
1962	60-64	0.03034	0.14144	2.6	70301	9943	327675	1105272	15.72
1962	65-69	0.04451	0.20018	2.49	60358	12082	271467	777596	12.88
1962	70-74	0.05959	0.25927	2.5	48275	12516	210038	506130	10.48
1962	75-79	0.08079	0.33564	2.48	35759	12002	148553	296092	8.28
1962	80-84	0.12576	0.47568	2.44	23757	11301	89858	147539	6.21
1962	85-89	0.19135	0.62693	2.25	12456	7809	40811	57681	4.63
1962	90-94	0.25215	0.72916	2.11	4647	3389	13438	16870	3.63
1962	95-99	0.35292	0.84413	1.91	1259	1062	3010	3431	2.73
1962	100-104	0.45791	0.91247	1.7	196	179	391	421	2.15
1962	105-109	0.56711	0.95222	1.51	17	16	29	30	1.75
1962	110+	0.65447	1.00000	1.53	1	1	1	1	1.53
1963	0	0.03395	0.03298	0.14	100000	3298	97151	6509557	65.10
1963	1-4	0.00126	0.00503	1.57	96702	486	385627	6412406	66.31
1963	5-9	0.00058	0.00290	2.31	96215	279	480325	6026780	62.64
1963	10-14	0.00061	0.00302	2.73	95936	290	479022	5546455	57.81
1963	15-19	0.00144	0.00717	2.77	95646	685	476705	5067433	52.98
1963	20-24	0.00196	0.00974	2.51	94961	925	472506	4590728	48.34
1963	25-29	0.00207	0.01028	2.52	94036	967	467779	4118222	43.79
1963	30-34	0.00258	0.01281	2.61	93069	1192	462496	3650443	39.22
1963	35-39	0.00369	0.01831	2.66	91877	1682	455448	3187946	34.70
1963	40-44	0.00572	0.02821	2.67	90195	2545	445044	2732499	30.30
1963	45-49	0.00912	0.04467	2.67	87650	3915	429115	2287455	26.10
1963	50-54	0.01446	0.06990	2.65	83735	5853	404913	1858340	22.19
1963	55-59	0.02125	0.10106	2.59	77882	7871	370455	1453427	18.66
1963	60-64	0.03069	0.14293	2.6	70012	10007	326013	1082972	15.47
1963	65-69	0.04616	0.20674	2.48	60005	12405	268748	756959	12.61
1963	70-74	0.06244	0.26975	2.48	47600	12840	205631	488210	10.26
1963	75-79	0.08190	0.33840	2.43	34760	11763	143620	282580	8.13
1963	80-84	0.13091	0.48910	2.42	22997	11248	85923	138960	6.04
1963	85-89	0.19310	0.63255	2.27	11749	7432	38488	53037	4.51
1963	90-94	0.27764	0.76523	2.07	4317	3304	11899	14549	3.37
1963	95-99	0.36947	0.85794	1.88	1014	870	2354	2650	2.61
1963	100-104	0.47866	0.92220	1.67	144	133	277	296	2.06
1963	105-109	0.59040	0.95818	1.48	11	11	18	19	1.68
1963	110+	0.67872	1.00000	1.47	0	0	1	1	1.47
1964	0	0.03221	0.03134	0.13	100000	3134	97278	6542421	65.42
1964	1-4	0.00125	0.00499	1.61	96866	484	386310	6445142	66.54
1964	5-9	0.00059	0.00294	2.31	96383	283	481153	6058833	62.86
1964	10-14	0.00061	0.00303	2.84	96100	291	479869	5577680	58.04
1964	15-19	0.00145	0.00725	2.84	95808	694	477538	5097811	53.21
1964	20-24	0.00195	0.00970	2.48	95114	923	473243	4620273	48.58
1964	25-29	0.00215	0.01071	2.55	94191	1009	468484	4147030	44.03
1964	30-34	0.00261	0.01295	2.59	93182	1206	463005	3678546	39.48
1964	35-39	0.00368	0.01824	2.67	91976	1678	455963	3215541	34.96
1964	40-44	0.00583	0.02876	2.73	90298	2597	445596	2759577	30.56
1964	45-49	0.00894	0.04377	2.65	87701	3839	429487	2313982	26.38
1964	50-54	0.01436	0.06946	2.63	83862	5825	405519	1884495	22.47
1964	55-59	0.02104	0.10016	2.62	78037	7816	371552	1478976	18.95
1964	60-64	0.03011	0.14047	2.62	70221	9864	327597	1107425	15.77
1964	65-69	0.04467	0.20118	2.53	60357	12143	271813	779828	12.92
1964	70-74	0.05929	0.25839	2.52	48214	12458	210137	508015	10.54
1964	75-79	0.08060	0.33334	2.41	35756	11919	147872	297878	8.33
1964	80-84	0.12437	0.47094	2.42	23837	11226	90260	150006	6.29
1964	85-89	0.18554	0.61720	2.29	12611	7784	41950	59746	4.74
1964	90-94	0.24927	0.72249	2.09	4828	3488	13993	17795	3.69
1964	95-99	0.33784	0.83022	1.94	1340	1112	3292	3803	2.84
1964	100-104	0.43702	0.90135	1.74	227	205	469	510	2.24
1964	105-109	0.54173	0.94470	1.55	22	21	39	41	1.83
1964	110+	0.62640	1.00000	1.6	1	1	2	2	1.60
1965	0	0.03111	0.03029	0.13	100000	3029	97360	6531403	65.31
1965	1-4	0.00122	0.00487	1.57	96971	473	386736	6434043	66.35
1965	5-9	0.00056	0.00278	2.33	96498	268	481774	6047307	62.67
1965	10-14	0.00058	0.00291	2.71	96230	280	480508	5565533	57.84
1965	15-19	0.00156	0.00779	2.84	95950	747	478135	5085025	53.00
1965	20-24	0.00203	0.01010	2.5	95202	962	473609	4606890	48.39
1965	25-29	0.00225	0.01121	2.54	94241	1056	468603	4133280	43.86
1965	30-34	0.00255	0.01268	2.54	93184	1181	463021	3664677	39.33
1965	35-39	0.00373	0.01847	2.68	92003	1700	456071	3201656	34.80
1965	40-44	0.00580	0.02862	2.66	90304	2585	445475	2745585	30.40
1965	45-49	0.00915	0.04478	2.65	87719	3928	429373	2300110	26.22
1965	50-54	0.01466	0.07084	2.61	83790	5936	404743	1870737	22.33
1965	55-59	0.02106	0.10024	2.61	77855	7804	370646	1465994	18.83
1965	60-64	0.03016	0.14061	2.6	70051	9850	326602	1095348	15.64
1965	65-69	0.04507	0.20292	2.55	60201	12216	271021	768745	12.77
1965	70-74	0.06049	0.26317	2.53	47985	12628	208771	497724	10.37
1965	75-79	0.08504	0.34920	2.44	35357	12347	145185	288953	8.17
1965	80-84	0.12461	0.47269	2.45	23010	10877	87285	143768	6.25
1965	85-89	0.18896	0.62304	2.27	12133	7560	40007	56484	4.66
1965	90-94	0.25484	0.72992	2.07	4574	3338	13100	16477	3.60
1965	95-99	0.35183	0.84327	1.91	1235	1042	2961	3377	2.73
1965	100-104	0.45730	0.91223	1.71	194	177	386	416	2.15
1965	105-109	0.56710	0.95225	1.51	17	16	29	30	1.75
1965	110+	0.65493	1.00000	1.53	1	1	1	1	1.53
1966	0	0.03024	0.02946	0.13	100000	2946	97425	6530043	65.30
1966	1-4	0.00124	0.00493	1.56	97054	478	387048	6432618	66.28
1966	5-9	0.00057	0.00285	2.39	96576	275	482160	6045570	62.60
1966	10-14	0.00062	0.00308	2.77	96300	296	480840	5563409	57.77
1966	15-19	0.00158	0.00786	2.84	96004	755	478389	5082569	52.94
1966	20-24	0.00211	0.01048	2.46	95250	998	473711	4604180	48.34
1966	25-29	0.00212	0.01052	2.53	94251	992	468804	4130469	43.82
1966	30-34	0.00265	0.01318	2.6	93260	1229	463345	3661665	39.26
1966	35-39	0.00377	0.01868	2.67	92031	1719	456148	3198321	34.75
1966	40-44	0.00586	0.02892	2.65	90311	2612	445420	2742172	30.36
1966	45-49	0.00909	0.04448	2.64	87699	3901	429280	2296752	26.19
1966	50-54	0.01465	0.07077	2.62	83798	5930	404885	1867472	22.29
1966	55-59	0.02173	0.10325	2.6	77868	8040	370050	1462588	18.78
1966	60-64	0.03020	0.14064	2.56	69828	9820	325202	1092538	15.65
1966	65-69	0.04433	0.19981	2.53	60008	11990	270451	767335	12.79
1966	70-74	0.06093	0.26432	2.5	48017	12692	208302	496884	10.35
1966	75-79	0.08497	0.34867	2.43	35325	12317	144956	288582	8.17
1966	80-84	0.12490	0.47204	2.41	23008	10861	86956	143626	6.24
1966	85-89	0.18751	0.62059	2.28	12148	7539	40205	56670	4.67
1966	90-94	0.25944	0.73741	2.07	4609	3399	13100	16466	3.57
1966	95-99	0.34536	0.83729	1.92	1210	1013	2934	3366	2.78
1966	100-104	0.44740	0.90703	1.72	197	179	399	432	2.19
1966	105-109	0.55435	0.94857	1.53	18	17	31	33	1.79
1966	110+	0.64040	1.00000	1.56	1	1	1	1	1.56
1967	0	0.02850	0.02780	0.12	100000	2780	97558	6563385	65.63
1967	1-4	0.00116	0.00465	1.64	97220	452	387813	6465827	66.51
1967	5-9	0.00055	0.00276	2.3	96768	267	483119	6078014	62.81
1967	10-14	0.00058	0.00288	2.76	96501	278	481883	5594894	57.98
1967	15-19	0.00158	0.00785	2.89	96224	755	479523	5113011	53.14
1967	20-24	0.00220	0.01093	2.52	95468	1043	474759	4633488	48.53
1967	25-29	0.00221	0.01100	2.55	94425	1039	469583	4158730	44.04
1967	30-34	0.00269	0.01339	2.58	93386	1250	463909	3689147	39.50
1967	35-39	0.00379	0.01877	2.6	92136	1729	456537	3225237	35.01
1967	40-44	0.00590	0.02910	2.65	90407	2631	445842	2768700	30.62
1967	45-49	0.00895	0.04385	2.67	87776	3849	429905	2322858	26.46
1967	50-54	0.01430	0.06919	2.65	83927	5807	406007	1892953	22.55
1967	55-59	0.02123	0.10104	2.63	78120	7893	371883	1486946	19.03
1967	60-64	0.02937	0.13702	2.56	70227	9623	327694	1115064	15.88
1967	65-69	0.04227	0.19145	2.54	60604	11603	274468	787370	12.99
1967	70-74	0.06043	0.26263	2.51	49001	12869	212974	512902	10.47
1967	75-79	0.08240	0.34073	2.46	36132	12311	149404	299928	8.30
1967	80-84	0.12232	0.46434	2.41	23821	11061	90425	150524	6.32
1967	85-89	0.18375	0.61191	2.27	12760	7808	42493	60099	4.71
1967	90-94	0.26175	0.74236	2.09	4952	3676	14044	17606	3.56
1967	95-99	0.34383	0.83607	1.93	1276	1067	3102	3562	2.79
1967	100-104	0.44694	0.90691	1.72	209	190	424	459	2.20
1967	105-109	0.55511	0.94886	1.53	19	18	33	35	1.79
1967	110+	0.64212	1.00000	1.56	1	1	2	2	1.56
1968	0	0.02819	0.02751	0.12	100000	2751	97581	6507135	65.07
1968	1-4	0.00117	0.00465	1.63	97249	452	387921	6409554	65.91
1968	5-9	0.00056	0.00282	2.39	96796	272	483269	6021633	62.21
1968	10-14	0.00067	0.00336	2.75	96524	324	481891	5538364	57.38
1968	15-19	0.00175	0.00871	2.8	96199	838	479158	5056473	52.56
1968	20-24	0.00225	0.01120	2.51	95361	1068	474142	4577315	48.00
1968	25-29	0.00231	0.01150	2.52	94293	1084	468774	4103173	43.52
1968	30-34	0.00284	0.01411	2.53	93209	1315	462795	3634400	38.99
1968	35-39	0.00404	0.02000	2.63	91893	1838	455119	3171605	34.51
1968	40-44	0.00615	0.03032	2.63	90055	2730	443806	2716486	30.16
1968	45-49	0.00943	0.04610	2.62	87325	4025	427039	2272680	26.03
1968	50-54	0.01466	0.07086	2.64	83300	5903	402551	1845641	22.16
1968	55-59	0.02182	0.10362	2.58	77397	8020	367586	1443091	18.65
1968	60-64	0.03125	0.14520	2.56	69377	10073	322313	1075505	15.50
1968	65-69	0.04396	0.19819	2.52	59303	11753	267390	753192	12.70
1968	70-74	0.06217	0.26892	2.49	47550	12787	205687	485802	10.22
1968	75-79	0.08772	0.35851	2.45	34763	12463	142072	280115	8.06
1968	80-84	0.12606	0.47542	2.42	22300	10602	84103	138042	6.19
1968	85-89	0.18727	0.61796	2.25	11698	7229	38602	53940	4.61
1968	90-94	0.27299	0.75811	2.07	4469	3388	12411	15338	3.43
1968	95-99	0.35561	0.84650	1.91	1081	915	2573	2927	2.71
1968	100-104	0.46164	0.91433	1.7	166	152	329	353	2.13
1968	105-109	0.57162	0.95345	1.51	14	14	24	25	1.74
1968	110+	0.65942	1.00000	1.52	1	1	1	1	1.52
1969	0	0.02661	0.02600	0.12	100000	2600	97703	6531296	65.31
1969	1-4	0.00111	0.00443	1.62	97400	432	388575	6433593	66.05
1969	5-9	0.00058	0.00289	2.41	96968	280	484118	6045018	62.34
1969	10-14	0.00060	0.00299	2.79	96689	289	482803	5560900	57.51
1969	15-19	0.00179	0.00891	2.83	96400	859	480136	5078097	52.68
1969	20-24	0.00238	0.01181	2.51	95541	1129	474893	4597961	48.13
1969	25-29	0.00246	0.01221	2.53	94412	1153	469216	4123068	43.67
1969	30-34	0.00278	0.01381	2.58	93260	1288	463187	3653852	39.18
1969	35-39	0.00389	0.01926	2.63	91972	1771	455669	3190666	34.69
1969	40-44	0.00621	0.03062	2.67	90201	2762	444556	2734997	30.32
1969	45-49	0.00941	0.04606	2.66	87439	4027	427759	2290440	26.19
1969	50-54	0.01431	0.06922	2.65	83412	5774	403512	1862682	22.33
1969	55-59	0.02168	0.10303	2.59	77638	7999	368898	1459170	18.79
1969	60-64	0.03156	0.14661	2.58	69639	10209	323470	1090272	15.66
1969	65-69	0.04297	0.19440	2.55	59430	11553	268887	766802	12.90
1969	70-74	0.06026	0.26251	2.55	47877	12568	208550	497915	10.40
1969	75-79	0.08507	0.34936	2.44	35309	12336	145011	289366	8.20
1969	80-84	0.12515	0.47220	2.4	22973	10848	86678	144355	6.28
1969	85-89	0.18189	0.60910	2.29	12125	7385	40604	57677	4.76
1969	90-94	0.25882	0.74394	2.14	4740	3526	13624	17073	3.60
1969	95-99	0.33740	0.82976	1.94	1214	1007	2985	3449	2.84
1969	100-104	0.43609	0.90080	1.74	207	186	427	464	2.25
1969	105-109	0.54033	0.94423	1.56	20	19	36	38	1.84
1969	110+	0.62466	1.00000	1.6	1	1	2	2	1.60
1970	0	0.02637	0.02577	0.12	100000	2577	97722	6556825	65.57
1970	1-4	0.00100	0.00399	1.74	97423	389	388815	6459104	66.30
1970	5-9	0.00057	0.00285	2.42	97034	277	484459	6070289	62.56
1970	10-14	0.00058	0.00288	2.8	96757	279	483174	5585830	57.73
1970	15-19	0.00174	0.00865	2.81	96479	834	480567	5102656	52.89
1970	20-24	0.00233	0.01160	2.54	95644	1110	475496	4622089	48.33
1970	25-29	0.00236	0.01171	2.48	94534	1107	469880	4146593	43.86
1970	30-34	0.00284	0.01412	2.59	93428	1319	463959	3676713	39.35
1970	35-39	0.00391	0.01935	2.61	92108	1782	456288	3212754	34.88
1970	40-44	0.00601	0.02961	2.67	90326	2675	445406	2756466	30.52
1970	45-49	0.00938	0.04591	2.64	87652	4024	428772	2311060	26.37
1970	50-54	0.01427	0.06902	2.66	83628	5772	404612	1882288	22.51
1970	55-59	0.02155	0.10251	2.62	77856	7981	370274	1477676	18.98
1970	60-64	0.03127	0.14542	2.6	69875	10161	324986	1107401	15.85
1970	65-69	0.04227	0.19144	2.54	59714	11432	270417	782415	13.10
1970	70-74	0.05899	0.25747	2.53	48282	12431	210741	511998	10.60
1970	75-79	0.08293	0.34289	2.48	35851	12293	148235	301257	8.40
1970	80-84	0.12122	0.46115	2.41	23558	10864	89618	153022	6.50
1970	85-89	0.17434	0.59117	2.28	12694	7504	43045	63404	4.99
1970	90-94	0.23379	0.70702	2.21	5190	3669	15695	20359	3.92
1970	95-99	0.31039	0.80199	1.99	1520	1219	3929	4665	3.07
1970	100-104	0.39896	0.87758	1.81	301	264	662	736	2.44
1970	105-109	0.49470	0.92762	1.63	37	34	69	74	2.00
1970	110+	0.57319	1.00000	1.74	3	3	5	5	1.74
1971	0	0.02416	0.02365	0.11	100000	2365	97895	6608700	66.09
1971	1-4	0.00100	0.00399	1.7	97635	390	389643	6510805	66.69
1971	5-9	0.00057	0.00282	2.3	97245	275	485484	6121162	62.95
1971	10-14	0.00059	0.00296	2.86	96970	287	484239	5635678	58.12
1971	15-19	0.00175	0.00871	2.82	96683	843	481582	5151439	53.28
1971	20-24	0.00231	0.01147	2.6	95841	1100	476569	4669857	48.73
1971	25-29	0.00231	0.01147	2.5	94741	1087	470993	4193288	44.26
1971	30-34	0.00273	0.01356	2.63	93654	1270	465262	3722295	39.75
1971	35-39	0.00392	0.01940	2.65	92385	1792	457702	3257033	35.26
1971	40-44	0.00570	0.02815	2.69	90592	2550	447067	2799331	30.90
1971	45-49	0.00893	0.04371	2.65	88042	3848	431164	2352264	26.72
1971	50-54	0.01380	0.06682	2.64	84194	5626	407694	1921100	22.82
1971	55-59	0.02067	0.09845	2.6	78568	7735	374251	1513407	19.26
1971	60-64	0.02954	0.13788	2.59	70833	9767	330629	1139156	16.08
1971	65-69	0.04059	0.18438	2.52	61066	11260	277404	808527	13.24
1971	70-74	0.05765	0.25189	2.49	49807	12546	217606	531123	10.66
1971	75-79	0.08167	0.33858	2.48	37261	12616	154479	313517	8.41
1971	80-84	0.11997	0.45775	2.41	24645	11281	94038	159038	6.45
1971	85-89	0.17667	0.59822	2.3	13364	7994	45250	65001	4.86
1971	90-94	0.25149	0.72692	2.1	5369	3903	15520	19750	3.68
1971	95-99	0.33155	0.82445	1.95	1466	1209	3646	4231	2.89
1971	100-104	0.43116	0.89822	1.75	257	231	536	585	2.27
1971	105-109	0.53686	0.94325	1.56	26	25	46	48	1.85
1971	110+	0.62253	1.00000	1.61	1	1	2	2	1.61
1972	0	0.02242	0.02198	0.11	100000	2198	98033	6599920	66.00
1972	1-4	0.00097	0.00388	1.64	97802	379	390311	6501887	66.48
1972	5-9	0.00055	0.00274	2.38	97423	267	486414	6111576	62.73
1972	10-14	0.00057	0.00283	2.77	97156	275	485166	5625163	57.90
1972	15-19	0.00178	0.00885	2.79	96881	857	482506	5139997	53.05
1972	20-24	0.00233	0.01156	2.5	96023	1110	477340	4657491	48.50
1972	25-29	0.00233	0.01156	2.62	94913	1097	471953	4180151	44.04
1972	30-34	0.00280	0.01389	2.56	93816	1303	465899	3708198	39.53
1972	35-39	0.00367	0.01819	2.68	92513	1683	458661	3242300	35.05
1972	40-44	0.00582	0.02869	2.68	90830	2606	448113	2783639	30.65
1972	45-49	0.00939	0.04592	2.64	88224	4051	431544	2335526	26.47
1972	50-54	0.01398	0.06765	2.62	84173	5694	407286	1903982	22.62
1972	55-59	0.02080	0.09911	2.62	78478	7778	373881	1496696	19.07
1972	60-64	0.03059	0.14244	2.59	70700	10071	329197	1122815	15.88
1972	65-69	0.04129	0.18731	2.53	60629	11357	275063	793618	13.09
1972	70-74	0.05924	0.25802	2.5	49273	12713	214609	518555	10.52
1972	75-79	0.08334	0.34447	2.48	36560	12594	151107	303946	8.31
1972	80-84	0.12370	0.46817	2.4	23966	11220	90706	152839	6.38
1972	85-89	0.17893	0.60184	2.28	12746	7671	42872	62134	4.87
1972	90-94	0.24280	0.72000	2.17	5075	3654	15049	19262	3.80
1972	95-99	0.32231	0.81466	1.97	1421	1158	3592	4212	2.96
1972	100-104	0.41486	0.88805	1.78	263	234	564	621	2.36
1972	105-109	0.51394	0.93511	1.6	29	28	54	57	1.93
1972	110+	0.59477	1.00000	1.68	2	2	3	3	1.68
1973	0	0.02172	0.02131	0.1	100000	2131	98090	6628454	66.28
1973	1-4	0.00101	0.00402	1.7	97869	394	390573	6530364	66.73
1973	5-9	0.00056	0.00277	2.34	97476	270	486661	6139791	62.99
1973	10-14	0.00060	0.00298	2.74	97206	289	485373	5653130	58.16
1973	15-19	0.00174	0.00866	2.8	96916	839	482739	5167757	53.32
1973	20-24	0.00226	0.01125	2.46	96077	1081	477637	4685018	48.76
1973	25-29	0.00232	0.01155	2.57	94997	1097	472315	4207381	44.29
1973	30-34	0.00262	0.01304	2.54	93899	1224	466480	3735066	39.78
1973	35-39	0.00382	0.01892	2.63	92675	1753	459223	3268586	35.27
1973	40-44	0.00572	0.02823	2.62	90922	2567	448503	2809363	30.90
1973	45-49	0.00900	0.04406	2.64	88355	3893	432604	2360860	26.72
1973	50-54	0.01358	0.06578	2.64	84462	5556	409169	1928255	22.83
1973	55-59	0.02026	0.09666	2.63	78906	7627	376465	1519087	19.25
1973	60-64	0.03005	0.14017	2.6	71279	9991	332440	1142622	16.03
1973	65-69	0.04029	0.18316	2.52	61288	11226	278625	810182	13.22
1973	70-74	0.05806	0.25366	2.51	50062	12699	218711	531557	10.62
1973	75-79	0.08097	0.33621	2.48	37363	12562	155136	312845	8.37
1973	80-84	0.12276	0.46604	2.42	24801	11558	94157	157710	6.36
1973	85-89	0.18020	0.60572	2.29	13243	8022	44515	63552	4.80
1973	90-94	0.25335	0.73302	2.13	5221	3827	15107	19037	3.65
1973	95-99	0.34014	0.83264	1.93	1394	1161	3412	3930	2.82
1973	100-104	0.44204	0.90428	1.73	233	211	477	518	2.22
1973	105-109	0.54931	0.94713	1.54	22	21	39	40	1.81
1973	110+	0.63582	1.00000	1.57	1	1	2	2	1.57
1974	0	0.02131	0.02091	0.1	100000	2091	98123	6694617	66.95
1974	1-4	0.00090	0.00358	1.65	97909	350	390814	6596494	67.37
1974	5-9	0.00050	0.00252	2.4	97559	246	487157	6205680	63.61
1974	10-14	0.00056	0.00279	2.86	97313	271	485985	5718523	58.76
1974	15-19	0.00164	0.00815	2.86	97042	791	483519	5232538	53.92
1974	20-24	0.00214	0.01063	2.48	96250	1024	478678	4749019	49.34
1974	25-29	0.00224	0.01112	2.53	95227	1058	473515	4270341	44.84
1974	30-34	0.00260	0.01290	2.61	94168	1215	467939	3796826	40.32
1974	35-39	0.00340	0.01689	2.68	92954	1570	461132	3328887	35.81
1974	40-44	0.00530	0.02618	2.65	91384	2393	451292	2867755	31.38
1974	45-49	0.00869	0.04258	2.69	88991	3789	436195	2416463	27.15
1974	50-54	0.01297	0.06291	2.63	85202	5360	413295	1980268	23.24
1974	55-59	0.01909	0.09131	2.62	79842	7290	381876	1566973	19.63
1974	60-64	0.02877	0.13457	2.6	72552	9763	339310	1185097	16.33
1974	65-69	0.03935	0.17949	2.56	62789	11270	286406	845787	13.47
1974	70-74	0.05671	0.24863	2.52	51519	12809	225885	559381	10.86
1974	75-79	0.07724	0.32374	2.5	38709	12532	162237	333496	8.62
1974	80-84	0.11824	0.45324	2.43	26177	11865	100347	171260	6.54
1974	85-89	0.17307	0.58887	2.29	14313	8428	48699	70913	4.95
1974	90-94	0.24447	0.71971	2.14	5884	4235	17324	22214	3.78
1974	95-99	0.32179	0.81461	1.97	1649	1344	4175	4890	2.96
1974	100-104	0.41810	0.89042	1.78	306	272	651	715	2.34
1974	105-109	0.52122	0.93795	1.59	34	31	60	64	1.90
1974	110+	0.60526	1.00000	1.65	2	2	3	3	1.65
1975	0	0.02072	0.02034	0.1	100000	2034	98171	6764397	67.64
1975	1-4	0.00088	0.00350	1.69	97966	343	391072	6666226	68.05
1975	5-9	0.00044	0.00220	2.38	97623	215	487551	6275154	64.28
1975	10-14	0.00051	0.00254	2.82	97408	247	486503	5787603	59.42
1975	15-19	0.00151	0.00751	2.83	97161	729	484226	5301100	54.56
1975	20-24	0.00200	0.00997	2.46	96432	961	479721	4816874	49.95
1975	25-29	0.00208	0.01036	2.49	95471	989	474868	4337152	45.43
1975	30-34	0.00237	0.01177	2.61	94482	1112	469746	3862285	40.88
1975	35-39	0.00331	0.01643	2.67	93370	1535	463279	3392539	36.33
1975	40-44	0.00497	0.02458	2.66	91835	2257	453894	2929259	31.90
1975	45-49	0.00796	0.03909	2.65	89578	3502	439658	2475365	27.63
1975	50-54	0.01235	0.05998	2.61	86076	5163	418060	2035707	23.65
1975	55-59	0.01850	0.08859	2.62	80913	7169	387503	1617647	19.99
1975	60-64	0.02762	0.12954	2.6	73745	9553	345824	1230145	16.68
1975	65-69	0.03800	0.17383	2.55	64192	11158	293644	884320	13.78
1975	70-74	0.05340	0.23596	2.54	53033	12514	234321	590676	11.14
1975	75-79	0.07557	0.31740	2.48	40520	12861	170188	356356	8.79
1975	80-84	0.11382	0.44092	2.45	27659	12195	107146	186167	6.73
1975	85-89	0.16640	0.57361	2.29	15463	8870	53304	79021	5.11
1975	90-94	0.23381	0.69922	2.13	6593	4610	19718	25717	3.90
1975	95-99	0.31446	0.80721	1.99	1983	1601	5091	5999	3.03
1975	100-104	0.41082	0.88604	1.79	382	339	825	909	2.38
1975	105-109	0.51464	0.93572	1.6	44	41	79	84	1.93
1975	110+	0.59949	1.00000	1.67	3	3	5	5	1.67
1976	0	0.01898	0.01866	0.1	100000	1866	98313	6811763	68.12
1976	1-4	0.00080	0.00318	1.72	98134	313	391822	6713450	68.41
1976	5-9	0.00046	0.00231	2.32	97821	226	488500	6321629	64.62
1976	10-14	0.00049	0.00246	2.82	97595	240	487453	5833129	59.77
1976	15-19	0.00137	0.00681	2.88	97355	663	485372	5345676	54.91
1976	20-24	0.00185	0.00923	2.45	96692	892	481190	4860304	50.27
1976	25-29	0.00191	0.00952	2.52	95800	912	476741	4379114	45.71
1976	30-34	0.00206	0.01025	2.64	94888	972	472147	3902373	41.13
1976	35-39	0.00306	0.01519	2.71	93916	1427	466311	3430226	36.52
1976	40-44	0.00489	0.02419	2.69	92489	2237	457282	2963915	32.05
1976	45-49	0.00774	0.03799	2.68	90252	3429	443294	2506633	27.77
1976	50-54	0.01209	0.05877	2.65	86823	5102	422122	2063339	23.76
1976	55-59	0.01824	0.08739	2.62	81721	7141	391605	1641217	20.08
1976	60-64	0.02687	0.12622	2.6	74579	9414	350310	1249612	16.76
1976	65-69	0.03792	0.17360	2.57	65166	11313	298295	899302	13.80
1976	70-74	0.05258	0.23249	2.51	53853	12520	238133	601007	11.16
1976	75-79	0.07640	0.31975	2.45	41333	13216	172981	362874	8.78
1976	80-84	0.11217	0.43533	2.43	28117	12240	109120	189893	6.75
1976	85-89	0.16609	0.57546	2.33	15877	9136	55009	80774	5.09
1976	90-94	0.24012	0.71405	2.16	6740	4813	20044	25764	3.82
1976	95-99	0.32090	0.81427	1.98	1927	1569	4891	5721	2.97
1976	100-104	0.42163	0.89299	1.77	358	320	758	830	2.32
1976	105-109	0.52951	0.94106	1.58	38	36	68	72	1.87
1976	110+	0.61728	1.00000	1.62	2	2	4	4	1.62
1977	0	0.01824	0.01794	0.09	100000	1794	98375	6846050	68.46
1977	1-4	0.00081	0.00323	1.65	98206	317	392080	6747676	68.71
1977	5-9	0.00042	0.00208	2.21	97889	203	488878	6355596	64.93
1977	10-14	0.00045	0.00225	2.84	97685	219	487954	5866718	60.06
1977	15-19	0.00143	0.00711	2.87	97466	693	485856	5378764	55.19
1977	20-24	0.00189	0.00940	2.5	96774	910	481596	4892908	50.56
1977	25-29	0.00196	0.00977	2.53	95864	936	477010	4411312	46.02
1977	30-34	0.00212	0.01053	2.59	94927	1000	472231	3934302	41.45
1977	35-39	0.00300	0.01488	2.66	93928	1398	466366	3462071	36.86
1977	40-44	0.00463	0.02292	2.7	92530	2121	457772	2995704	32.38
1977	45-49	0.00719	0.03536	2.68	90409	3197	444641	2537932	28.07
1977	50-54	0.01169	0.05689	2.64	87212	4961	424363	2093291	24.00
1977	55-59	0.01824	0.08743	2.63	82251	7191	394226	1668928	20.29
1977	60-64	0.02608	0.12273	2.6	75060	9212	353190	1274702	16.98
1977	65-69	0.03638	0.16721	2.59	65848	11011	302682	921511	13.99
1977	70-74	0.05155	0.22852	2.52	54838	12532	243079	618829	11.28
1977	75-79	0.07424	0.31294	2.49	42306	13239	178341	375750	8.88
1977	80-84	0.11339	0.43947	2.44	29066	12774	112656	197409	6.79
1977	85-89	0.16334	0.56841	2.33	16293	9261	56698	84754	5.20
1977	90-94	0.22824	0.69299	2.17	7032	4873	21351	28056	3.99
1977	95-99	0.30551	0.79730	2	2159	1721	5634	6705	3.11
1977	100-104	0.39807	0.87750	1.81	438	384	965	1071	2.45
1977	105-109	0.49858	0.92953	1.63	54	50	100	106	1.99
1977	110+	0.58109	1.00000	1.72	4	4	7	7	1.72
1978	0	0.01759	0.01732	0.09	100000	1732	98428	6874335	68.74
1978	1-4	0.00082	0.00327	1.65	98268	321	392320	6775907	68.95
1978	5-9	0.00041	0.00206	2.33	97947	202	489195	6383587	65.17
1978	10-14	0.00042	0.00211	2.72	97745	207	488254	5894392	60.30
1978	15-19	0.00139	0.00695	2.93	97538	678	486289	5406138	55.43
1978	20-24	0.00184	0.00916	2.5	96861	887	482084	4919849	50.79
1978	25-29	0.00189	0.00942	2.47	95974	904	477583	4437766	46.24
1978	30-34	0.00207	0.01031	2.59	95070	980	472987	3960182	41.66
1978	35-39	0.00290	0.01439	2.66	94090	1354	467277	3487195	37.06
1978	40-44	0.00454	0.02247	2.71	92736	2084	458911	3019918	32.56
1978	45-49	0.00697	0.03429	2.67	90652	3109	446010	2561008	28.25
1978	50-54	0.01146	0.05578	2.66	87543	4884	426300	2114998	24.16
1978	55-59	0.01740	0.08356	2.63	82660	6907	396904	1688698	20.43
1978	60-64	0.02526	0.11911	2.62	75752	9023	357252	1291794	17.05
1978	65-69	0.03653	0.16783	2.58	66730	11199	306529	934542	14.00
1978	70-74	0.05155	0.22876	2.54	55531	12703	246404	628013	11.31
1978	75-79	0.07329	0.30921	2.47	42828	13243	180679	381609	8.91
1978	80-84	0.11080	0.43087	2.42	29585	12747	115050	200930	6.79
1978	85-89	0.16729	0.57799	2.33	16838	9732	58175	85880	5.10
1978	90-94	0.23320	0.70025	2.15	7106	4976	21336	27705	3.90
1978	95-99	0.31827	0.81155	1.98	2130	1729	5431	6369	2.99
1978	100-104	0.41829	0.89096	1.78	401	358	855	937	2.34
1978	105-109	0.52567	0.93976	1.58	44	41	78	83	1.89
1978	110+	0.61315	1.00000	1.63	3	3	4	4	1.63
1979	0	0.01727	0.01700	0.09	100000	1700	98455	6909670	69.10
1979	1-4	0.00076	0.00303	1.71	98300	297	392520	6811215	69.29
1979	5-9	0.00039	0.00195	2.34	98002	191	489503	6418695	65.50
1979	10-14	0.00044	0.00222	2.8	97811	217	488578	5929192	60.62
1979	15-19	0.00134	0.00670	2.89	97594	654	486589	5440615	55.75
1979	20-24	0.00191	0.00948	2.52	96940	919	482423	4954025	51.10
1979	25-29	0.00196	0.00974	2.51	96021	936	477773	4471602	46.57
1979	30-34	0.00207	0.01031	2.53	95085	981	473003	3993829	42.00
1979	35-39	0.00285	0.01415	2.65	94105	1332	467393	3520827	37.41
1979	40-44	0.00449	0.02222	2.72	92773	2061	459161	3053434	32.91
1979	45-49	0.00689	0.03391	2.66	90712	3076	446370	2594273	28.60
1979	50-54	0.01112	0.05418	2.65	87635	4748	427005	2147903	24.51
1979	55-59	0.01677	0.08068	2.65	82887	6687	398745	1720898	20.76
1979	60-64	0.02436	0.11508	2.6	76200	8769	359959	1322153	17.35
1979	65-69	0.03462	0.15958	2.55	67431	10761	310794	962194	14.27
1979	70-74	0.05017	0.22341	2.55	56670	12661	252380	651400	11.49
1979	75-79	0.07114	0.30215	2.51	44010	13297	186917	399019	9.07
1979	80-84	0.10974	0.42789	2.43	30712	13142	119750	212102	6.91
1979	85-89	0.16042	0.56029	2.31	17571	9845	61366	92351	5.26
1979	90-94	0.22715	0.68836	2.14	7726	5318	23413	30986	4.01
1979	95-99	0.30111	0.79249	2.01	2408	1908	6337	7572	3.15
1979	100-104	0.39365	0.87456	1.82	500	437	1110	1235	2.47
1979	105-109	0.49453	0.92798	1.63	63	58	118	125	2.00
1979	110+	0.57747	1.00000	1.73	5	5	8	8	1.73
1980	0	0.01631	0.01607	0.09	100000	1607	98535	6907781	69.08
1980	1-4	0.00079	0.00316	1.65	98393	311	392842	6809246	69.20
1980	5-9	0.00037	0.00185	2.5	98082	182	489956	6416404	65.42
1980	10-14	0.00040	0.00202	2.82	97900	198	489070	5926449	60.54
1980	15-19	0.00145	0.00720	2.88	97703	704	487022	5437378	55.65
1980	20-24	0.00209	0.01041	2.52	96999	1010	482490	4950356	51.04
1980	25-29	0.00208	0.01036	2.53	95989	994	477484	4467866	46.55
1980	30-34	0.00208	0.01036	2.5	94995	984	472515	3990382	42.01
1980	35-39	0.00281	0.01395	2.67	94011	1311	467002	3517867	37.42
1980	40-44	0.00419	0.02075	2.67	92700	1924	459008	3050865	32.91
1980	45-49	0.00677	0.03332	2.67	90776	3025	446819	2591856	28.55
1980	50-54	0.01097	0.05350	2.68	87751	4695	427842	2145037	24.44
1980	55-59	0.01663	0.08003	2.64	83056	6647	399609	1717195	20.68
1980	60-64	0.02440	0.11528	2.6	76409	8809	360947	1317586	17.24
1980	65-69	0.03519	0.16211	2.58	67601	10959	311457	956639	14.15
1980	70-74	0.05068	0.22538	2.55	56642	12766	251878	645182	11.39
1980	75-79	0.07221	0.30522	2.47	43876	13392	185460	393305	8.96
1980	80-84	0.11049	0.43053	2.44	30484	13124	118778	207844	6.82
1980	85-89	0.16537	0.57269	2.32	17360	9942	60118	89067	5.13
1980	90-94	0.23354	0.70153	2.15	7418	5204	22284	28949	3.90
1980	95-99	0.31588	0.80903	1.99	2214	1791	5671	6665	3.01
1980	100-104	0.41517	0.88902	1.78	423	376	905	995	2.35
1980	105-109	0.52199	0.93848	1.59	47	44	84	89	1.90
1980	110+	0.60915	1.00000	1.64	3	3	5	5	1.64
1981	0	0.01496	0.01476	0.09	100000	1476	98650	6946860	69.47
1981	1-4	0.00075	0.00299	1.61	98524	294	393392	6848210	69.51
1981	5-9	0.00038	0.00188	2.45	98230	185	490677	6454818	65.71
1981	10-14	0.00039	0.00194	2.73	98045	190	489793	5964141	60.83
1981	15-19	0.00129	0.00645	2.9	97855	631	487946	5474348	55.94
1981	20-24	0.00190	0.00947	2.55	97224	921	483864	4986402	51.29
1981	25-29	0.00205	0.01018	2.49	96303	981	479053	4502538	46.75
1981	30-34	0.00214	0.01067	2.57	95322	1017	474140	4023485	42.21
1981	35-39	0.00276	0.01372	2.65	94305	1294	468492	3549345	37.64
1981	40-44	0.00416	0.02060	2.64	93011	1916	460539	3080853	33.12
1981	45-49	0.00652	0.03210	2.65	91095	2925	448612	2620314	28.76
1981	50-54	0.01059	0.05167	2.66	88171	4555	430182	2171703	24.63
1981	55-59	0.01617	0.07787	2.63	83615	6511	402616	1741521	20.83
1981	60-64	0.02397	0.11332	2.6	77104	8738	364528	1338904	17.36
1981	65-69	0.03415	0.15765	2.57	68366	10778	315615	974377	14.25
1981	70-74	0.04988	0.22207	2.53	57588	12789	256403	658762	11.44
1981	75-79	0.07093	0.30048	2.46	44799	13461	189775	402359	8.98
1981	80-84	0.11242	0.43564	2.42	31338	13652	121434	212584	6.78
1981	85-89	0.16360	0.56842	2.32	17686	10053	61451	91150	5.15
1981	90-94	0.23509	0.70612	2.17	7633	5390	22926	29699	3.89
1981	95-99	0.31501	0.80795	1.99	2243	1812	5753	6772	3.02
1981	100-104	0.41280	0.88743	1.79	431	382	926	1019	2.37
1981	105-109	0.51812	0.93705	1.59	48	45	88	93	1.91
1981	110+	0.60413	1.00000	1.66	3	3	5	5	1.66
1982	0	0.01468	0.01448	0.08	100000	1448	98674	7011117	70.11
1982	1-4	0.00066	0.00265	1.67	98552	261	393596	6912443	70.14
1982	5-9	0.00032	0.00162	2.4	98290	159	491038	6518847	66.32
1982	10-14	0.00037	0.00184	2.74	98131	180	490247	6027809	61.43
1982	15-19	0.00121	0.00602	2.88	97951	590	488503	5537562	56.53
1982	20-24	0.00171	0.00852	2.54	97361	830	484759	5049059	51.86
1982	25-29	0.00187	0.00932	2.55	96531	899	480448	4564301	47.28
1982	30-34	0.00206	0.01026	2.5	95632	981	475702	4083853	42.70
1982	35-39	0.00260	0.01291	2.61	94651	1222	470338	3608151	38.12
1982	40-44	0.00375	0.01860	2.65	93429	1737	463067	3137813	33.58
1982	45-49	0.00617	0.03040	2.7	91692	2788	452044	2674746	29.17
1982	50-54	0.01010	0.04934	2.67	88904	4386	434318	2222702	25.00
1982	55-59	0.01546	0.07457	2.63	84518	6302	407681	1788384	21.16
1982	60-64	0.02340	0.11076	2.6	78216	8663	370287	1380703	17.65
1982	65-69	0.03329	0.15402	2.58	69552	10712	321803	1010416	14.53
1982	70-74	0.04775	0.21373	2.55	58840	12576	263341	688612	11.70
1982	75-79	0.06938	0.29563	2.5	46264	13677	197122	425272	9.19
1982	80-84	0.10814	0.42347	2.44	32587	13800	127615	228149	7.00
1982	85-89	0.15621	0.55132	2.33	18788	10358	66307	100534	5.35
1982	90-94	0.22336	0.68740	2.2	8430	5795	25942	34227	4.06
1982	95-99	0.30097	0.79258	2.01	2635	2088	6939	8285	3.14
1982	100-104	0.39543	0.87599	1.82	547	479	1211	1345	2.46
1982	105-109	0.49844	0.92967	1.63	68	63	126	135	1.99
1982	110+	0.58311	1.00000	1.71	5	5	8	8	1.71
1983	0	0.01414	0.01396	0.08	100000	1396	98720	7024191	70.24
1983	1-4	0.00069	0.00277	1.64	98604	273	393773	6925471	70.24
1983	5-9	0.00034	0.00168	2.35	98331	165	491220	6531698	66.43
1983	10-14	0.00034	0.00171	2.82	98166	168	490464	6040479	61.53
1983	15-19	0.00115	0.00572	2.86	97998	561	488791	5550015	56.63
1983	20-24	0.00155	0.00771	2.53	97437	751	485332	5061224	51.94
1983	25-29	0.00174	0.00867	2.5	96686	839	481330	4575892	47.33
1983	30-34	0.00195	0.00968	2.57	95847	928	476981	4094562	42.72
1983	35-39	0.00248	0.01231	2.67	94920	1168	471878	3617581	38.11
1983	40-44	0.00371	0.01838	2.64	93751	1723	464691	3145703	33.55
1983	45-49	0.00599	0.02955	2.69	92028	2720	453872	2681012	29.13
1983	50-54	0.00954	0.04664	2.66	89309	4165	436816	2227141	24.94
1983	55-59	0.01560	0.07520	2.63	85143	6403	410526	1790325	21.03
1983	60-64	0.02300	0.10900	2.61	78740	8583	373197	1379799	17.52
1983	65-69	0.03327	0.15405	2.6	70157	10808	324827	1006602	14.35
1983	70-74	0.04982	0.22208	2.56	59350	13180	264577	681775	11.49
1983	75-79	0.07057	0.30001	2.5	46169	13851	196278	417198	9.04
1983	80-84	0.11123	0.43289	2.44	32318	13990	125777	220920	6.84
1983	85-89	0.16167	0.56285	2.3	18328	10316	63809	95143	5.19
1983	90-94	0.23314	0.70462	2.19	8012	5646	24215	31335	3.91
1983	95-99	0.31610	0.80929	1.99	2367	1915	6059	7119	3.01
1983	100-104	0.41569	0.88937	1.78	451	401	966	1060	2.35
1983	105-109	0.52281	0.93878	1.59	50	47	90	95	1.90
1983	110+	0.61019	1.00000	1.64	3	3	5	5	1.64
1984	0	0.01369	0.01352	0.08	100000	1352	98759	7047771	70.48
1984	1-4	0.00063	0.00252	1.64	98648	248	394008	6949012	70.44
1984	5-9	0.00031	0.00157	2.37	98400	155	491594	6555004	66.62
1984	10-14	0.00036	0.00178	2.78	98246	175	490838	6063410	61.72
1984	15-19	0.00113	0.00563	2.79	98070	552	489129	5572571	56.82
1984	20-24	0.00167	0.00833	2.53	97518	812	485585	5083442	52.13
1984	25-29	0.00178	0.00885	2.51	96706	856	481397	4597857	47.54
1984	30-34	0.00200	0.00994	2.53	95849	953	476890	4116460	42.95
1984	35-39	0.00241	0.01198	2.64	94897	1137	471804	3639570	38.35
1984	40-44	0.00368	0.01823	2.66	93760	1709	464796	3167765	33.79
1984	45-49	0.00582	0.02874	2.7	92050	2645	454165	2702969	29.36
1984	50-54	0.00942	0.04608	2.63	89405	4120	437263	2248805	25.15
1984	55-59	0.01519	0.07332	2.63	85286	6253	411632	1811542	21.24
1984	60-64	0.02294	0.10875	2.61	79032	8594	374626	1399910	17.71
1984	65-69	0.03217	0.14932	2.6	70438	10518	326958	1025284	14.56
1984	70-74	0.04817	0.21548	2.56	59920	12912	268067	698327	11.65
1984	75-79	0.06961	0.29639	2.5	47008	13932	200149	430259	9.15
1984	80-84	0.10758	0.42219	2.45	33075	13964	129807	230110	6.96
1984	85-89	0.15811	0.55650	2.34	19111	10636	67268	100303	5.25
1984	90-94	0.23330	0.70264	2.17	8476	5955	25527	33035	3.90
1984	95-99	0.31913	0.81294	1.98	2520	2049	6420	7508	2.98
1984	100-104	0.42337	0.89439	1.77	471	422	996	1088	2.31
1984	105-109	0.53511	0.94311	1.57	50	47	88	92	1.85
1984	110+	0.62590	1.00000	1.6	3	3	5	5	1.60
1985	0	0.01386	0.01368	0.08	100000	1368	98744	7038859	70.39
1985	1-4	0.00063	0.00250	1.62	98632	247	393940	6940115	70.36
1985	5-9	0.00030	0.00151	2.44	98385	149	491545	6546176	66.54
1985	10-14	0.00036	0.00182	2.83	98236	178	490793	6054630	61.63
1985	15-19	0.00114	0.00569	2.87	98058	558	489099	5563837	56.74
1985	20-24	0.00167	0.00831	2.54	97499	811	485505	5074738	52.05
1985	25-29	0.00179	0.00890	2.56	96689	860	481347	4589233	47.46
1985	30-34	0.00198	0.00984	2.51	95829	943	476799	4107886	42.87
1985	35-39	0.00254	0.01261	2.57	94885	1197	471514	3631087	38.27
1985	40-44	0.00368	0.01823	2.66	93689	1708	464441	3159573	33.72
1985	45-49	0.00589	0.02906	2.68	91981	2673	453716	2695132	29.30
1985	50-54	0.00951	0.04653	2.66	89308	4156	436812	2241416	25.10
1985	55-59	0.01518	0.07327	2.65	85153	6239	411114	1804604	21.19
1985	60-64	0.02253	0.10683	2.59	78914	8430	374229	1393489	17.66
1985	65-69	0.03242	0.15026	2.57	70483	10591	326733	1019260	14.46
1985	70-74	0.04826	0.21576	2.55	59892	12923	267781	692527	11.56
1985	75-79	0.07016	0.29854	2.51	46970	14022	199864	424746	9.04
1985	80-84	0.10997	0.42870	2.43	32947	14124	128438	224882	6.83
1985	85-89	0.16512	0.57207	2.32	18823	10768	65215	96444	5.12
1985	90-94	0.23432	0.70487	2.17	8055	5678	24230	31229	3.88
1985	95-99	0.32356	0.81727	1.97	2377	1943	6005	6999	2.94
1985	100-104	0.42726	0.89652	1.76	434	389	912	994	2.29
1985	105-109	0.53799	0.94395	1.56	45	42	79	83	1.84
1985	110+	0.62782	1.00000	1.59	3	3	4	4	1.59
1986	0	0.01332	0.01316	0.08	100000	1316	98790	7042867	70.43
1986	1-4	0.00066	0.00264	1.63	98684	261	394119	6944077	70.37
1986	5-9	0.00030	0.00149	2.31	98423	147	491720	6549959	66.55
1986	10-14	0.00039	0.00197	2.89	98276	193	490972	6058239	61.65
1986	15-19	0.00126	0.00627	2.8	98083	615	489058	5567267	56.76
1986	20-24	0.00174	0.00865	2.5	97468	844	485234	5078209	52.10
1986	25-29	0.00190	0.00945	2.59	96624	913	480920	4592975	47.53
1986	30-34	0.00228	0.01132	2.56	95712	1083	475911	4112055	42.96
1986	35-39	0.00267	0.01328	2.59	94628	1257	470109	3636144	38.43
1986	40-44	0.00374	0.01854	2.66	93371	1731	462810	3166035	33.91
1986	45-49	0.00570	0.02812	2.64	91640	2577	452118	2703225	29.50
1986	50-54	0.00941	0.04606	2.66	89064	4102	435737	2251107	25.28
1986	55-59	0.01457	0.07043	2.66	84961	5984	410778	1815370	21.37
1986	60-64	0.02197	0.10435	2.61	78977	8241	375184	1404593	17.78
1986	65-69	0.03169	0.14714	2.58	70736	10408	328492	1029409	14.55
1986	70-74	0.04752	0.21270	2.54	60328	12832	270043	700917	11.62
1986	75-79	0.07045	0.29950	2.5	47496	14225	201918	430875	9.07
1986	80-84	0.10783	0.42245	2.44	33271	14055	130347	228956	6.88
1986	85-89	0.16413	0.57105	2.34	19216	10973	66857	98609	5.13
1986	90-94	0.23551	0.70737	2.18	8243	5831	24758	31753	3.85
1986	95-99	0.32875	0.82282	1.97	2412	1985	6037	6995	2.90
1986	100-104	0.43679	0.90219	1.75	427	386	883	958	2.24
1986	105-109	0.55148	0.94823	1.54	42	40	72	75	1.80
1986	110+	0.64400	1.00000	1.55	2	2	3	3	1.55
1987	0	0.01326	0.01310	0.08	100000	1310	98796	7056873	70.57
1987	1-4	0.00066	0.00262	1.68	98690	258	394161	6958077	70.50
1987	5-9	0.00031	0.00157	2.29	98432	154	491743	6563916	66.68
1987	10-14	0.00039	0.00194	2.82	98278	190	490974	6072174	61.79
1987	15-19	0.00126	0.00628	2.84	98087	616	489107	5581200	56.90
1987	20-24	0.00173	0.00859	2.57	97471	837	485317	5092092	52.24
1987	25-29	0.00193	0.00962	2.56	96634	930	480903	4606775	47.67
1987	30-34	0.00236	0.01172	2.57	95704	1122	475788	4125872	43.11
1987	35-39	0.00276	0.01373	2.57	94582	1299	469754	3650084	38.59
1987	40-44	0.00369	0.01831	2.65	93283	1708	462407	3180330	34.09
1987	45-49	0.00562	0.02772	2.68	91576	2538	451998	2717923	29.68
1987	50-54	0.00912	0.04467	2.67	89037	3977	435917	2265926	25.45
1987	55-59	0.01419	0.06867	2.66	85060	5841	411635	1830009	21.51
1987	60-64	0.02159	0.10264	2.59	79219	8131	376526	1418374	17.90
1987	65-69	0.03127	0.14540	2.59	71088	10336	330580	1041847	14.66
1987	70-74	0.04688	0.21066	2.59	60752	12798	272965	711267	11.71
1987	75-79	0.06826	0.29216	2.54	47954	14010	205248	438302	9.14
1987	80-84	0.10933	0.42705	2.44	33944	14496	132584	233054	6.87
1987	85-89	0.16167	0.56555	2.34	19448	10999	68033	100470	5.17
1987	90-94	0.23615	0.70449	2.14	8449	5952	25206	32438	3.84
1987	95-99	0.32924	0.82326	1.96	2497	2056	6243	7232	2.90
1987	100-104	0.43699	0.90226	1.75	441	398	911	989	2.24
1987	105-109	0.55132	0.94816	1.54	43	41	74	78	1.80
1987	110+	0.64355	1.00000	1.55	2	2	3	3	1.55
1988	0	0.01318	0.01302	0.08	100000	1302	98802	7051966	70.52
1988	1-4	0.00067	0.00268	1.65	98698	264	394168	6953164	70.45
1988	5-9	0.00031	0.00157	2.43	98433	154	491770	6558996	66.63
1988	10-14	0.00037	0.00186	2.79	98279	183	490991	6067225	61.73
1988	15-19	0.00135	0.00674	2.8	98096	661	489025	5576234	56.84
1988	20-24	0.00183	0.00911	2.55	97435	888	484998	5087210	52.21
1988	25-29	0.00197	0.00978	2.53	96548	945	480401	4602211	47.67
1988	30-34	0.00247	0.01229	2.52	95603	1175	475098	4121811	43.11
1988	35-39	0.00292	0.01451	2.56	94428	1370	468804	3646713	38.62
1988	40-44	0.00372	0.01844	2.64	93058	1716	461241	3177909	34.15
1988	45-49	0.00564	0.02782	2.64	91342	2541	450725	2716668	29.74
1988	50-54	0.00906	0.04438	2.68	88801	3941	434863	2265943	25.52
1988	55-59	0.01411	0.06828	2.62	84860	5794	410484	1831080	21.58
1988	60-64	0.02132	0.10139	2.59	79066	8016	375990	1420596	17.97
1988	65-69	0.03096	0.14408	2.6	71050	10237	330633	1044606	14.70
1988	70-74	0.04609	0.20742	2.59	60813	12614	273665	713974	11.74
1988	75-79	0.06837	0.29232	2.52	48199	14089	206087	440308	9.14
1988	80-84	0.10796	0.42357	2.46	34110	14448	133826	234221	6.87
1988	85-89	0.16296	0.56744	2.32	19662	11157	68462	100395	5.11
1988	90-94	0.24372	0.71958	2.15	8505	6120	25111	31933	3.75
1988	95-99	0.33368	0.82778	1.96	2385	1974	5916	6822	2.86
1988	100-104	0.44429	0.90635	1.73	411	372	838	906	2.21
1988	105-109	0.56107	0.95104	1.52	38	37	65	68	1.77
1988	110+	0.65482	1.00000	1.53	2	2	3	3	1.53
1989	0	0.01281	0.01266	0.08	100000	1266	98834	7077945	70.78
1989	1-4	0.00063	0.00250	1.63	98734	247	394350	6979111	70.69
1989	5-9	0.00032	0.00161	2.45	98487	158	492032	6584761	66.86
1989	10-14	0.00036	0.00182	2.91	98329	179	491268	6092729	61.96
1989	15-19	0.00128	0.00637	2.85	98150	625	489406	5601460	57.07
1989	20-24	0.00177	0.00881	2.59	97525	859	485551	5112054	52.42
1989	25-29	0.00201	0.01002	2.57	96665	969	480973	4626504	47.86
1989	30-34	0.00256	0.01271	2.61	95697	1216	475583	4145530	43.32
1989	35-39	0.00302	0.01500	2.59	94481	1417	468989	3669947	38.84
1989	40-44	0.00385	0.01908	2.61	93064	1776	461067	3200959	34.40
1989	45-49	0.00569	0.02807	2.64	91288	2563	450389	2739892	30.01
1989	50-54	0.00882	0.04321	2.67	88725	3834	434695	2289503	25.80
1989	55-59	0.01394	0.06749	2.63	84891	5729	410900	1854808	21.85
1989	60-64	0.02075	0.09888	2.62	79162	7828	377191	1443908	18.24
1989	65-69	0.03025	0.14103	2.6	71334	10061	332534	1066717	14.95
1989	70-74	0.04425	0.19992	2.59	61274	12250	276825	734183	11.98
1989	75-79	0.06660	0.28621	2.54	49024	14031	210662	457358	9.33
1989	80-84	0.10449	0.41311	2.47	34992	14456	138346	246697	7.05
1989	85-89	0.15714	0.55444	2.35	20537	11386	72458	108350	5.28
1989	90-94	0.23009	0.69796	2.18	9150	6386	27756	35892	3.92
1989	95-99	0.32307	0.81740	1.98	2764	2259	6993	8136	2.94
1989	100-104	0.43172	0.89954	1.76	505	454	1052	1143	2.27
1989	105-109	0.54765	0.94720	1.55	51	48	88	92	1.81
1989	110+	0.64136	1.00000	1.56	3	3	4	4	1.56
1990	0	0.01266	0.01252	0.08	100000	1252	98847	7109770	71.10
1990	1-4	0.00056	0.00225	1.62	98748	222	394465	7010923	71.00
1990	5-9	0.00029	0.00146	2.45	98526	143	492266	6616457	67.15
1990	10-14	0.00034	0.00169	2.89	98383	166	491564	6124191	62.25
1990	15-19	0.00134	0.00666	2.92	98217	654	489725	5632627	57.35
1990	20-24	0.00169	0.00843	2.57	97562	822	485810	5142902	52.71
1990	25-29	0.00205	0.01019	2.56	96740	985	481296	4657092	48.14
1990	30-34	0.00250	0.01242	2.59	95755	1189	475910	4175797	43.61
1990	35-39	0.00310	0.01541	2.56	94565	1457	469270	3699886	39.13
1990	40-44	0.00378	0.01872	2.56	93108	1743	461285	3230616	34.70
1990	45-49	0.00552	0.02723	2.64	91365	2488	450945	2769332	30.31
1990	50-54	0.00841	0.04125	2.66	88877	3666	435797	2318387	26.09
1990	55-59	0.01349	0.06534	2.62	85210	5568	412815	1882590	22.09
1990	60-64	0.02018	0.09628	2.62	79643	7668	379958	1469775	18.45
1990	65-69	0.02902	0.13557	2.58	71975	9758	336246	1089817	15.14
1990	70-74	0.04319	0.19555	2.58	62217	12167	281692	753571	12.11
1990	75-79	0.06413	0.27652	2.51	50050	13840	215822	471879	9.43
1990	80-84	0.10424	0.41146	2.44	36210	14899	142937	256057	7.07
1990	85-89	0.15589	0.55271	2.37	21311	11779	75557	113120	5.31
1990	90-94	0.23017	0.69724	2.17	9532	6646	28876	37562	3.94
1990	95-99	0.31532	0.80914	1.99	2886	2335	7406	8686	3.01
1990	100-104	0.42007	0.89255	1.78	551	492	1170	1281	2.32
1990	105-109	0.53274	0.94243	1.57	59	56	105	110	1.86
1990	110+	0.62441	1.00000	1.6	3	3	5	5	1.60
1991	0	0.01167	0.01155	0.08	100000	1155	98933	7132363	71.32
1991	1-4	0.00058	0.00232	1.63	98845	229	394837	7033429	71.16
1991	5-9	0.00026	0.00130	2.43	98616	128	492751	6638592	67.32
1991	10-14	0.00035	0.00174	2.87	98488	171	492076	6145841	62.40
1991	15-19	0.00129	0.00642	2.82	98317	631	490208	5653765	57.51
1991	20-24	0.00170	0.00848	2.47	97686	828	486334	5163556	52.86
1991	25-29	0.00199	0.00992	2.6	96858	961	481985	4677222	48.29
1991	30-34	0.00251	0.01249	2.58	95896	1198	476584	4195238	43.75
1991	35-39	0.00308	0.01530	2.59	94698	1449	470003	3718654	39.27
1991	40-44	0.00383	0.01896	2.59	93249	1768	461985	3248651	34.84
1991	45-49	0.00550	0.02714	2.67	91481	2483	451614	2786666	30.46
1991	50-54	0.00820	0.04022	2.66	88998	3580	436611	2335052	26.24
1991	55-59	0.01328	0.06438	2.66	85419	5499	414200	1898440	22.23
1991	60-64	0.01997	0.09528	2.61	79919	7615	381397	1484240	18.57
1991	65-69	0.02883	0.13474	2.57	72305	9742	337876	1102843	15.25
1991	70-74	0.04226	0.19176	2.59	62562	11997	283885	764967	12.23
1991	75-79	0.06248	0.27062	2.53	50565	13684	219015	481082	9.51
1991	80-84	0.10316	0.40887	2.47	36881	15079	146182	262067	7.11
1991	85-89	0.15489	0.54812	2.33	21802	11950	77151	115885	5.32
1991	90-94	0.22945	0.69776	2.19	9852	6874	29960	38734	3.93
1991	95-99	0.32260	0.81706	1.98	2978	2433	7541	8774	2.95
1991	100-104	0.43221	0.89991	1.76	545	490	1134	1233	2.26
1991	105-109	0.54917	0.94771	1.55	55	52	94	99	1.81
1991	110+	0.64367	1.00000	1.55	3	3	4	4	1.55
1992	0	0.01107	0.01096	0.07	100000	1096	98986	7165981	71.66
1992	1-4	0.00052	0.00207	1.66	98904	205	395136	7066996	71.45
1992	5-9	0.00026	0.00128	2.44	98699	126	493171	6671860	67.60
1992	10-14	0.00031	0.00155	2.91	98573	152	492546	6178689	62.68
1992	15-19	0.00123	0.00615	2.86	98421	605	490809	5686144	57.77
1992	20-24	0.00159	0.00791	2.5	97816	773	487142	5195335	53.11
1992	25-29	0.00186	0.00925	2.58	97042	898	483041	4708192	48.52
1992	30-34	0.00246	0.01221	2.59	96144	1174	477899	4225152	43.95
1992	35-39	0.00310	0.01539	2.54	94971	1461	471258	3747253	39.46
1992	40-44	0.00392	0.01941	2.58	93509	1815	463160	3275996	35.03
1992	45-49	0.00550	0.02716	2.65	91694	2491	452630	2812836	30.68
1992	50-54	0.00810	0.03973	2.65	89204	3544	437691	2360205	26.46
1992	55-59	0.01269	0.06163	2.66	85660	5280	415919	1922515	22.44
1992	60-64	0.01948	0.09303	2.6	80380	7478	383942	1506596	18.74
1992	65-69	0.02823	0.13218	2.6	72902	9636	341369	1122654	15.40
1992	70-74	0.04120	0.18735	2.58	63266	11853	287668	781286	12.35
1992	75-79	0.06140	0.26689	2.55	51413	13722	223499	493618	9.60
1992	80-84	0.10074	0.40142	2.47	37692	15130	150187	270119	7.17
1992	85-89	0.15406	0.54752	2.36	22561	12353	80182	119933	5.32
1992	90-94	0.23166	0.70331	2.21	10208	7180	30992	39750	3.89
1992	95-99	0.32916	0.82405	1.97	3029	2496	7583	8758	2.89
1992	100-104	0.44406	0.90669	1.74	533	483	1088	1175	2.21
1992	105-109	0.56567	0.95256	1.52	50	47	84	87	1.76
1992	110+	0.66310	1.00000	1.51	2	2	4	4	1.51
1993	0	0.01081	0.01070	0.07	100000	1070	99009	7144272	71.44
1993	1-4	0.00053	0.00212	1.72	98930	209	395241	7045263	71.21
1993	5-9	0.00025	0.00123	2.36	98720	121	493280	6650021	67.36
1993	10-14	0.00033	0.00167	3	98599	165	492666	6156741	62.44
1993	15-19	0.00127	0.00632	2.85	98434	622	490832	5664075	57.54
1993	20-24	0.00169	0.00842	2.5	97812	823	487001	5173243	52.89
1993	25-29	0.00191	0.00953	2.62	96989	924	482744	4686242	48.32
1993	30-34	0.00256	0.01274	2.6	96064	1224	477381	4203498	43.76
1993	35-39	0.00329	0.01634	2.56	94840	1550	470422	3726117	39.29
1993	40-44	0.00411	0.02034	2.56	93291	1898	461824	3255695	34.90
1993	45-49	0.00550	0.02713	2.61	91393	2479	451034	2793871	30.57
1993	50-54	0.00821	0.04028	2.66	88914	3581	436175	2342837	26.35
1993	55-59	0.01282	0.06223	2.67	85333	5310	414278	1906661	22.34
1993	60-64	0.01952	0.09323	2.59	80023	7461	382118	1492384	18.65
1993	65-69	0.02846	0.13316	2.59	72562	9662	339559	1110265	15.30
1993	70-74	0.04122	0.18742	2.58	62900	11788	286022	770706	12.25
1993	75-79	0.06102	0.26523	2.54	51111	13556	222168	484684	9.48
1993	80-84	0.10455	0.41280	2.45	37555	15503	148280	262516	6.99
1993	85-89	0.16068	0.56371	2.35	22052	12431	77364	114236	5.18
1993	90-94	0.23562	0.70758	2.18	9621	6808	28893	36872	3.83
1993	95-99	0.33661	0.83101	1.95	2813	2338	6946	7978	2.84
1993	100-104	0.45157	0.91043	1.72	475	433	959	1032	2.17
1993	105-109	0.57238	0.95426	1.51	43	41	71	74	1.74
1993	110+	0.66879	1.00000	1.5	2	2	3	3	1.50
1994	0	0.01035	0.01025	0.07	100000	1025	99050	7166564	71.67
1994	1-4	0.00053	0.00210	1.65	98975	208	395414	7067514	71.41
1994	5-9	0.00024	0.00120	2.36	98768	119	493524	6672101	67.55
1994	10-14	0.00034	0.00169	2.96	98649	166	492904	6178577	62.63
1994	15-19	0.00127	0.00635	2.92	98482	626	491113	5685672	57.73
1994	20-24	0.00168	0.00837	2.52	97857	819	487249	5194560	53.08
1994	25-29	0.00188	0.00936	2.66	97037	908	483060	4707311	48.51
1994	30-34	0.00259	0.01287	2.62	96129	1237	477696	4224251	43.94
1994	35-39	0.00338	0.01676	2.6	94892	1591	470647	3746555	39.48
1994	40-44	0.00423	0.02095	2.57	93301	1955	461749	3275908	35.11
1994	45-49	0.00549	0.02709	2.6	91346	2475	450798	2814159	30.81
1994	50-54	0.00816	0.04002	2.66	88871	3556	436026	2363361	26.59
1994	55-59	0.01212	0.05891	2.65	85315	5026	414786	1927335	22.59
1994	60-64	0.01913	0.09149	2.61	80289	7346	383917	1512549	18.84
1994	65-69	0.02753	0.12923	2.63	72944	9426	342377	1128632	15.47
1994	70-74	0.04029	0.18348	2.57	63517	11654	289264	786255	12.38
1994	75-79	0.06018	0.26206	2.54	51863	13591	225848	496991	9.58
1994	80-84	0.10130	0.40347	2.48	38272	15441	152438	271143	7.08
1994	85-89	0.15928	0.55885	2.33	22831	12759	80101	118705	5.20
1994	90-94	0.23522	0.70946	2.2	10072	7146	30378	38604	3.83
1994	95-99	0.33962	0.83422	1.95	2926	2441	7188	8226	2.81
1994	100-104	0.45862	0.91420	1.71	485	443	967	1038	2.14
1994	105-109	0.58306	0.95710	1.49	42	40	68	71	1.70
1994	110+	0.68172	1.00000	1.47	2	2	3	3	1.47
1995	0	0.00960	0.00952	0.07	100000	952	99116	7182507	71.83
1995	1-4	0.00048	0.00192	1.69	99048	190	395754	7083391	71.51
1995	5-9	0.00024	0.00122	2.49	98858	120	493989	6687637	67.65
1995	10-14	0.00030	0.00150	2.94	98738	148	493384	6193648	62.73
1995	15-19	0.00125	0.00626	2.94	98590	617	491680	5700264	57.82
1995	20-24	0.00163	0.00813	2.51	97973	796	487883	5208584	53.16
1995	25-29	0.00185	0.00920	2.64	97177	894	483775	4720701	48.58
1995	30-34	0.00257	0.01277	2.57	96283	1230	478425	4236926	44.00
1995	35-39	0.00342	0.01698	2.61	95053	1614	471416	3758501	39.54
1995	40-44	0.00426	0.02109	2.58	93440	1970	462433	3287085	35.18
1995	45-49	0.00553	0.02729	2.58	91469	2497	451318	2824652	30.88
1995	50-54	0.00800	0.03928	2.64	88973	3495	436622	2373335	26.67
1995	55-59	0.01204	0.05856	2.64	85478	5005	415569	1936712	22.66
1995	60-64	0.01906	0.09113	2.59	80473	7334	384697	1521143	18.90
1995	65-69	0.02686	0.12628	2.63	73139	9236	343845	1136446	15.54
1995	70-74	0.03964	0.18084	2.58	63903	11556	291501	792601	12.40
1995	75-79	0.05932	0.25850	2.52	52347	13532	228132	501100	9.57
1995	80-84	0.10244	0.40706	2.48	38815	15800	154235	272968	7.03
1995	85-89	0.16053	0.56216	2.33	23015	12938	80595	118734	5.16
1995	90-94	0.23923	0.71400	2.18	10077	7195	30076	38139	3.78
1995	95-99	0.34148	0.83587	1.95	2882	2409	7055	8063	2.80
1995	100-104	0.46035	0.91499	1.71	473	433	940	1009	2.13
1995	105-109	0.58445	0.95742	1.49	40	38	66	68	1.70
1995	110+	0.68275	1.00000	1.46	2	2	3	3	1.46
1996	0	0.00953	0.00945	0.07	100000	945	99122	7228162	72.28
1996	1-4	0.00046	0.00185	1.72	99055	183	395802	7129041	71.97
1996	5-9	0.00023	0.00114	2.36	98872	113	494062	6733239	68.10
1996	10-14	0.00031	0.00157	2.95	98759	155	493480	6239177	63.18
1996	15-19	0.00120	0.00596	2.89	98605	588	491783	5745697	58.27
1996	20-24	0.00165	0.00820	2.5	98016	804	488075	5253914	53.60
1996	25-29	0.00167	0.00831	2.62	97212	808	484138	4765839	49.03
1996	30-34	0.00217	0.01081	2.63	96404	1042	479553	4281701	44.41
1996	35-39	0.00292	0.01449	2.61	95362	1382	473509	3802148	39.87
1996	40-44	0.00392	0.01941	2.6	93980	1824	465524	3328639	35.42
1996	45-49	0.00535	0.02641	2.61	92156	2433	454960	2863114	31.07
1996	50-54	0.00768	0.03774	2.66	89723	3387	440676	2408154	26.84
1996	55-59	0.01184	0.05761	2.65	86336	4974	419999	1967478	22.79
1996	60-64	0.01859	0.08906	2.64	81362	7246	389694	1547479	19.02
1996	65-69	0.02625	0.12355	2.62	74116	9157	348832	1157786	15.62
1996	70-74	0.03977	0.18121	2.55	64959	11771	295977	808953	12.45
1996	75-79	0.05907	0.25801	2.55	53188	13723	232313	512976	9.64
1996	80-84	0.10051	0.40108	2.48	39465	15829	157481	280663	7.11
1996	85-89	0.15779	0.55724	2.36	23637	13171	83473	123182	5.21
1996	90-94	0.23789	0.71162	2.18	10465	7447	31306	39709	3.79
1996	95-99	0.34312	0.83766	1.95	3018	2528	7368	8403	2.78
1996	100-104	0.46477	0.91729	1.7	490	449	967	1035	2.11
1996	105-109	0.59137	0.95916	1.48	41	39	66	68	1.68
1996	110+	0.69118	1.00000	1.45	2	2	2	2	1.45
1997	0	0.00961	0.00953	0.07	100000	953	99115	7287918	72.88
1997	1-4	0.00043	0.00171	1.65	99047	169	395789	7188803	72.58
1997	5-9	0.00021	0.00104	2.29	98878	103	494108	6793014	68.70
1997	10-14	0.00029	0.00146	2.94	98775	144	493575	6298905	63.77
1997	15-19	0.00106	0.00529	2.92	98630	522	492068	5805330	58.86
1997	20-24	0.00148	0.00738	2.47	98108	724	488711	5313262	54.16
1997	25-29	0.00152	0.00757	2.51	97385	737	485090	4824551	49.54
1997	30-34	0.00182	0.00905	2.62	96647	875	481157	4339460	44.90
1997	35-39	0.00253	0.01256	2.61	95773	1203	475991	3858304	40.29
1997	40-44	0.00363	0.01801	2.61	94570	1703	468780	3382313	35.77
1997	45-49	0.00504	0.02490	2.59	92867	2313	458769	2913533	31.37
1997	50-54	0.00745	0.03661	2.66	90554	3315	445025	2454764	27.11
1997	55-59	0.01144	0.05570	2.65	87239	4860	424787	2009738	23.04
1997	60-64	0.01781	0.08548	2.64	82380	7042	395262	1584952	19.24
1997	65-69	0.02530	0.11929	2.61	75338	8987	355241	1189690	15.79
1997	70-74	0.03834	0.17538	2.57	66351	11636	303470	834448	12.58
1997	75-79	0.05832	0.25521	2.55	54715	13964	239418	530979	9.70
1997	80-84	0.09931	0.39761	2.49	40751	16203	163156	291561	7.15
1997	85-89	0.15628	0.55304	2.36	24548	13576	86867	128405	5.23
1997	90-94	0.23893	0.71569	2.2	10972	7852	32865	41538	3.79
1997	95-99	0.34355	0.83821	1.95	3119	2615	7611	8673	2.78
1997	100-104	0.46656	0.91822	1.7	505	463	993	1062	2.10
1997	105-109	0.59440	0.95991	1.47	41	40	67	69	1.67
1997	110+	0.69497	1.00000	1.44	2	2	2	2	1.44
1998	0	0.00953	0.00945	0.07	100000	945	99122	7310156	73.10
1998	1-4	0.00039	0.00158	1.61	99055	156	395847	7211034	72.80
1998	5-9	0.00024	0.00118	2.45	98899	116	494198	6815187	68.91
1998	10-14	0.00028	0.00141	2.78	98783	139	493604	6320988	63.99
1998	15-19	0.00101	0.00505	2.87	98643	498	492157	5827384	59.08
1998	20-24	0.00144	0.00715	2.5	98145	702	488972	5335227	54.36
1998	25-29	0.00144	0.00718	2.45	97444	700	485431	4846255	49.73
1998	30-34	0.00173	0.00864	2.63	96744	836	481743	4360824	45.08
1998	35-39	0.00243	0.01207	2.65	95908	1157	476819	3879081	40.45
1998	40-44	0.00362	0.01797	2.66	94751	1702	469766	3402262	35.91
1998	45-49	0.00505	0.02494	2.61	93049	2321	459708	2932496	31.52
1998	50-54	0.00710	0.03489	2.63	90728	3166	446139	2472788	27.26
1998	55-59	0.01120	0.05453	2.63	87562	4775	426505	2026649	23.15
1998	60-64	0.01725	0.08284	2.62	82787	6858	397638	1600145	19.33
1998	65-69	0.02503	0.11809	2.61	75929	8966	358209	1202507	15.84
1998	70-74	0.03810	0.17440	2.58	66962	11678	306501	844298	12.61
1998	75-79	0.05759	0.25247	2.56	55285	13958	242354	537797	9.73
1998	80-84	0.09900	0.39673	2.5	41327	16395	165615	295443	7.15
1998	85-89	0.15648	0.55388	2.36	24931	13809	88248	129828	5.21
1998	90-94	0.24184	0.71708	2.16	11122	7976	32979	41580	3.74
1998	95-99	0.35003	0.84421	1.93	3147	2657	7589	8601	2.73
1998	100-104	0.47642	0.92283	1.68	490	452	950	1012	2.06
1998	105-109	0.60666	0.96269	1.45	38	36	60	62	1.64
1998	110+	0.70819	1.00000	1.41	1	1	2	2	1.41
1999	0	0.00939	0.00931	0.07	100000	931	99134	7316161	73.16
1999	1-4	0.00040	0.00160	1.54	99069	158	395885	7217027	72.85
1999	5-9	0.00021	0.00104	2.3	98911	103	494276	6821142	68.96
1999	10-14	0.00027	0.00134	2.88	98808	133	493759	6326866	64.03
1999	15-19	0.00104	0.00518	2.91	98675	511	492307	5833107	59.11
1999	20-24	0.00147	0.00731	2.42	98165	717	488976	5340799	54.41
1999	25-29	0.00144	0.00718	2.51	97447	700	485496	4851823	49.79
1999	30-34	0.00167	0.00833	2.64	96748	806	481836	4366328	45.13
1999	35-39	0.00238	0.01183	2.66	95942	1135	477048	3884492	40.49
1999	40-44	0.00355	0.01762	2.68	94806	1671	470156	3407444	35.94
1999	45-49	0.00515	0.02543	2.61	93135	2368	460025	2937288	31.54
1999	50-54	0.00724	0.03561	2.66	90767	3232	446268	2477263	27.29
1999	55-59	0.01113	0.05425	2.67	87535	4749	426589	2030995	23.20
1999	60-64	0.01685	0.08106	2.65	82787	6711	398159	1604406	19.38
1999	65-69	0.02495	0.11771	2.61	76076	8955	358975	1206247	15.86
1999	70-74	0.03738	0.17152	2.6	67121	11513	308031	847272	12.62
1999	75-79	0.05765	0.25293	2.58	55609	14065	243966	539241	9.70
1999	80-84	0.09873	0.39606	2.5	41544	16454	166652	295275	7.11
1999	85-89	0.15910	0.56012	2.36	25090	14053	88331	128623	5.13
1999	90-94	0.24874	0.72965	2.17	11037	8053	32374	40292	3.65
1999	95-99	0.36157	0.85434	1.91	2984	2549	7050	7918	2.65
1999	100-104	0.49329	0.93010	1.65	435	404	819	868	2.00
1999	105-109	0.62689	0.96686	1.42	30	29	47	48	1.59
1999	110+	0.72935	1.00000	1.37	1	1	1	1	1.37
2000	0	0.00908	0.00901	0.07	100000	901	99162	7323050	73.23
2000	1-4	0.00040	0.00159	1.61	99099	158	396021	7223888	72.90
2000	5-9	0.00018	0.00092	2.37	98941	91	494468	6827867	69.01
2000	10-14	0.00027	0.00134	2.8	98850	132	493961	6333399	64.07
2000	15-19	0.00103	0.00514	2.96	98718	508	492555	5839438	59.15
2000	20-24	0.00155	0.00774	2.49	98210	760	489146	5346883	54.44
2000	25-29	0.00147	0.00731	2.49	97450	712	485460	4857737	49.85
2000	30-34	0.00168	0.00836	2.63	96738	809	481776	4372277	45.20
2000	35-39	0.00238	0.01185	2.69	95929	1136	477018	3890501	40.56
2000	40-44	0.00356	0.01766	2.65	94793	1674	470032	3413483	36.01
2000	45-49	0.00538	0.02656	2.63	93119	2473	459732	2943451	31.61
2000	50-54	0.00733	0.03601	2.65	90645	3264	445544	2483718	27.40
2000	55-59	0.01101	0.05367	2.64	87381	4690	425829	2038175	23.33
2000	60-64	0.01651	0.07945	2.64	82691	6570	397925	1612346	19.50
2000	65-69	0.02425	0.11457	2.6	76122	8721	359661	1214421	15.95
2000	70-74	0.03712	0.17038	2.6	67401	11483	309393	854760	12.68
2000	75-79	0.05672	0.24936	2.58	55917	13943	245808	545367	9.75
2000	80-84	0.09729	0.39114	2.5	41974	16418	168752	299559	7.14
2000	85-89	0.15933	0.56137	2.37	25556	14347	90043	130807	5.12
2000	90-94	0.24968	0.73003	2.16	11210	8184	32776	40764	3.64
2000	95-99	0.36364	0.85621	1.91	3026	2591	7125	7988	2.64
2000	100-104	0.49724	0.93176	1.64	435	405	815	862	1.98
2000	105-109	0.63224	0.96790	1.42	30	29	45	47	1.57
2000	110+	0.73526	1.00000	1.36	1	1	1	1	1.36
2001	0	0.00913	0.00905	0.07	100000	905	99158	7346802	73.47
2001	1-4	0.00041	0.00165	1.67	99095	164	395999	7247644	73.14
2001	5-9	0.00016	0.00082	2.48	98931	81	494453	6851645	69.26
2001	10-14	0.00025	0.00123	2.78	98851	122	493983	6357192	64.31
2001	15-19	0.00101	0.00506	3	98729	499	492647	5863209	59.39
2001	20-24	0.00159	0.00790	2.5	98230	776	489205	5370561	54.67
2001	25-29	0.00152	0.00755	2.51	97454	736	485441	4881356	50.09
2001	30-34	0.00165	0.00822	2.58	96718	795	481664	4395915	45.45
2001	35-39	0.00240	0.01193	2.64	95923	1145	476913	3914251	40.81
2001	40-44	0.00352	0.01747	2.66	94778	1655	470024	3437338	36.27
2001	45-49	0.00532	0.02626	2.66	93123	2445	459883	2967315	31.86
2001	50-54	0.00724	0.03562	2.65	90678	3230	445806	2507431	27.65
2001	55-59	0.01068	0.05211	2.66	87448	4557	426591	2061626	23.58
2001	60-64	0.01589	0.07654	2.61	82891	6345	399277	1635034	19.73
2001	65-69	0.02376	0.11239	2.61	76547	8603	362159	1235757	16.14
2001	70-74	0.03591	0.16538	2.61	67943	11236	312883	873599	12.86
2001	75-79	0.05541	0.24408	2.56	56707	13841	249810	560716	9.89
2001	80-84	0.09486	0.38332	2.5	42866	16431	173222	310906	7.25
2001	85-89	0.15508	0.54999	2.36	26435	14539	93751	137684	5.21
2001	90-94	0.24514	0.72523	2.18	11896	8627	35194	43934	3.69
2001	95-99	0.35833	0.85195	1.92	3269	2785	7771	8740	2.67
2001	100-104	0.49184	0.92969	1.66	484	450	915	969	2.00
2001	105-109	0.62750	0.96706	1.42	34	33	52	54	1.59
2001	110+	0.73141	1.00000	1.37	1	1	2	2	1.37
2002	0	0.00898	0.00891	0.07	100000	891	99171	7367198	73.67
2002	1-4	0.00037	0.00148	1.64	99109	146	396092	7268027	73.33
2002	5-9	0.00018	0.00088	2.55	98963	87	494603	6871935	69.44
2002	10-14	0.00024	0.00120	2.84	98876	119	494126	6377332	64.50
2002	15-19	0.00098	0.00489	2.99	98758	482	492818	5883206	59.57
2002	20-24	0.00159	0.00789	2.52	98275	776	489455	5390387	54.85
2002	25-29	0.00151	0.00754	2.47	97499	735	485642	4900932	50.27
2002	30-34	0.00173	0.00861	2.59	96765	833	481815	4415290	45.63
2002	35-39	0.00236	0.01175	2.63	95931	1127	476986	3933475	41.00
2002	40-44	0.00353	0.01753	2.66	94804	1662	470135	3456489	36.46
2002	45-49	0.00521	0.02576	2.65	93142	2399	460074	2986354	32.06
2002	50-54	0.00729	0.03580	2.59	90743	3248	445901	2526279	27.84
2002	55-59	0.01046	0.05103	2.64	87495	4465	426917	2080379	23.78
2002	60-64	0.01565	0.07546	2.63	83030	6266	400327	1653462	19.91
2002	65-69	0.02292	0.10865	2.62	76764	8340	363940	1253135	16.32
2002	70-74	0.03451	0.15942	2.61	68424	10908	316067	889195	13.00
2002	75-79	0.05404	0.23887	2.57	57515	13738	254224	573128	9.96
2002	80-84	0.09420	0.38157	2.51	43777	16704	177323	318903	7.28
2002	85-89	0.15297	0.54620	2.38	27073	14787	96665	141581	5.23
2002	90-94	0.24808	0.73095	2.19	12286	8980	36198	44915	3.66
2002	95-99	0.36374	0.85670	1.91	3305	2832	7785	8717	2.64
2002	100-104	0.50093	0.93342	1.64	474	442	883	932	1.97
2002	105-109	0.63908	0.96924	1.41	32	31	48	49	1.56
2002	110+	0.74376	1.00000	1.34	1	1	1	1	1.34
2003	0	0.00915	0.00907	0.07	100000	907	99156	7377069	73.77
2003	1-4	0.00037	0.00149	1.59	99093	147	396017	7277913	73.45
2003	5-9	0.00018	0.00089	2.34	98946	88	494494	6881897	69.55
2003	10-14	0.00024	0.00121	2.8	98858	120	494025	6387403	64.61
2003	15-19	0.00099	0.00493	3.03	98738	487	492731	5893378	59.69
2003	20-24	0.00163	0.00812	2.52	98251	798	489273	5400647	54.97
2003	25-29	0.00159	0.00793	2.59	97453	773	485402	4911374	50.40
2003	30-34	0.00169	0.00840	2.57	96680	812	481428	4425972	45.78
2003	35-39	0.00225	0.01120	2.68	95868	1074	476846	3944544	41.15
2003	40-44	0.00353	0.01751	2.68	94794	1660	470111	3467698	36.58
2003	45-49	0.00516	0.02549	2.65	93134	2374	460102	2997587	32.19
2003	50-54	0.00743	0.03649	2.6	90760	3312	445849	2537485	27.96
2003	55-59	0.01042	0.05086	2.63	87448	4448	426684	2091636	23.92
2003	60-64	0.01545	0.07449	2.6	83000	6182	400192	1664951	20.06
2003	65-69	0.02269	0.10767	2.63	76818	8271	364504	1264759	16.46
2003	70-74	0.03366	0.15562	2.58	68547	10667	316911	900255	13.13
2003	75-79	0.05300	0.23485	2.58	57879	13593	256491	583344	10.08
2003	80-84	0.09138	0.37222	2.51	44286	16484	180400	326853	7.38
2003	85-89	0.15063	0.54157	2.41	27802	15057	99959	146453	5.27
2003	90-94	0.24852	0.72895	2.16	12745	9291	37385	46494	3.65
2003	95-99	0.36360	0.85687	1.92	3455	2960	8141	9109	2.64
2003	100-104	0.50318	0.93444	1.64	494	462	918	968	1.96
2003	105-109	0.64344	0.97007	1.4	32	31	49	50	1.55
2003	110+	0.74919	1.00000	1.33	1	1	1	1	1.33
2004	0	0.00898	0.00891	0.07	100000	891	99171	7416506	74.17
2004	1-4	0.00036	0.00144	1.72	99109	142	396112	7317335	73.83
2004	5-9	0.00018	0.00091	2.46	98967	90	494607	6921223	69.93
2004	10-14	0.00024	0.00119	2.91	98877	118	494140	6426616	65.00
2004	15-19	0.00094	0.00470	2.99	98759	464	492864	5932476	60.07
2004	20-24	0.00160	0.00796	2.52	98296	782	489538	5439613	55.34
2004	25-29	0.00160	0.00796	2.54	97513	776	485657	4950074	50.76
2004	30-34	0.00164	0.00815	2.59	96737	788	481787	4464417	46.15
2004	35-39	0.00222	0.01103	2.62	95949	1059	477222	3982630	41.51
2004	40-44	0.00329	0.01632	2.64	94891	1549	470791	3505409	36.94
2004	45-49	0.00502	0.02478	2.64	93342	2313	461247	3034617	32.51
2004	50-54	0.00749	0.03681	2.61	91028	3350	447141	2573370	28.27
2004	55-59	0.01007	0.04915	2.6	87678	4309	428051	2126230	24.25
2004	60-64	0.01500	0.07244	2.63	83369	6039	402516	1698179	20.37
2004	65-69	0.02182	0.10368	2.61	77330	8018	367455	1295662	16.76
2004	70-74	0.03239	0.15020	2.59	69312	10411	321443	928207	13.39
2004	75-79	0.05076	0.22607	2.58	58901	13316	262330	606765	10.30
2004	80-84	0.08858	0.36322	2.52	45586	16558	186926	344435	7.56
2004	85-89	0.14530	0.52775	2.41	29028	15320	105432	157509	5.43
2004	90-94	0.23638	0.71221	2.21	13709	9763	41303	52077	3.80
2004	95-99	0.34964	0.84504	1.94	3945	3334	9535	10773	2.73
2004	100-104	0.48575	0.92754	1.67	611	567	1167	1238	2.02
2004	105-109	0.62501	0.96674	1.43	44	43	69	71	1.59
2004	110+	0.73176	1.00000	1.37	1	1	2	2	1.37
2005	0	0.00912	0.00905	0.07	100000	905	99158	7425503	74.26
2005	1-4	0.00037	0.00146	1.67	99095	145	396044	7326345	73.93
2005	5-9	0.00018	0.00089	2.5	98951	88	494533	6930301	70.04
2005	10-14	0.00021	0.00107	3.04	98863	106	494105	6435768	65.10
2005	15-19	0.00099	0.00493	3.02	98757	487	492817	5941663	60.16
2005	20-24	0.00159	0.00791	2.57	98269	778	489457	5448846	55.45
2005	25-29	0.00162	0.00806	2.44	97492	786	485446	4959389	50.87
2005	30-34	0.00174	0.00866	2.58	96706	837	481502	4473943	46.26
2005	35-39	0.00214	0.01067	2.66	95869	1023	476951	3992441	41.64
2005	40-44	0.00326	0.01620	2.69	94846	1536	470681	3515490	37.07
2005	45-49	0.00506	0.02501	2.65	93310	2333	461054	3044809	32.63
2005	50-54	0.00748	0.03676	2.61	90976	3344	446898	2583755	28.40
2005	55-59	0.01003	0.04896	2.61	87632	4291	427893	2136857	24.38
2005	60-64	0.01491	0.07198	2.61	83341	5999	402352	1708964	20.51
2005	65-69	0.02121	0.10092	2.6	77342	7805	367974	1306612	16.89
2005	70-74	0.03174	0.14751	2.61	69537	10257	323155	938638	13.50
2005	75-79	0.04939	0.22065	2.59	59279	13080	264839	615483	10.38
2005	80-84	0.08633	0.35554	2.52	46200	16426	190255	350643	7.59
2005	85-89	0.14645	0.53060	2.41	29774	15798	107875	160388	5.39
2005	90-94	0.23889	0.71676	2.21	13976	10017	41933	52513	3.76
2005	95-99	0.35790	0.85255	1.93	3959	3375	9430	10581	2.67
2005	100-104	0.49949	0.93327	1.64	584	545	1091	1151	1.97
2005	105-109	0.64238	0.96999	1.4	39	38	59	60	1.55
2005	110+	0.75007	1.00000	1.33	1	1	2	2	1.33
2006	0	0.00882	0.00875	0.07	100000	875	99185	7449364	74.49
2006	1-4	0.00036	0.00142	1.59	99125	141	396160	7350179	74.15
2006	5-9	0.00017	0.00083	2.32	98984	82	494699	6954019	70.25
2006	10-14	0.00020	0.00099	2.94	98902	98	494308	6459320	65.31
2006	15-19	0.00097	0.00486	3.05	98804	480	493082	5965012	60.37
2006	20-24	0.00171	0.00853	2.55	98324	838	489565	5471930	55.65
2006	25-29	0.00173	0.00861	2.47	97486	839	485307	4982366	51.11
2006	30-34	0.00170	0.00846	2.53	96647	817	481216	4497058	46.53
2006	35-39	0.00212	0.01053	2.64	95829	1009	476767	4015842	41.91
2006	40-44	0.00326	0.01619	2.68	94820	1535	470536	3539076	37.32
2006	45-49	0.00493	0.02438	2.67	93285	2275	461136	3068539	32.89
2006	50-54	0.00737	0.03623	2.62	91011	3297	447211	2607403	28.65
2006	55-59	0.01018	0.04969	2.62	87714	4358	428207	2160192	24.63
2006	60-64	0.01419	0.06863	2.61	83355	5721	403127	1731985	20.78
2006	65-69	0.02058	0.09808	2.62	77634	7614	370023	1328857	17.12
2006	70-74	0.03091	0.14390	2.6	70020	10076	325954	958834	13.69
2006	75-79	0.04825	0.21602	2.58	59944	12949	268397	632881	10.56
2006	80-84	0.08457	0.34994	2.54	46995	16445	194461	364484	7.76
2006	85-89	0.13914	0.51322	2.44	30549	15679	112682	170023	5.57
2006	90-94	0.23229	0.70727	2.24	14871	10518	45277	57341	3.86
2006	95-99	0.34363	0.84004	1.96	4353	3657	10642	12064	2.77
2006	100-104	0.48131	0.92590	1.68	696	645	1339	1422	2.04
2006	105-109	0.62292	0.96644	1.43	52	50	80	82	1.60
2006	110+	0.73156	1.00000	1.37	2	2	2	2	1.37
2007	0	0.00909	0.00901	0.07	100000	901	99162	7473032	74.73
2007	1-4	0.00036	0.00143	1.5	99099	142	396041	7373870	74.41
2007	5-9	0.00016	0.00079	2.49	98957	78	494592	6977829	70.51
2007	10-14	0.00022	0.00109	2.91	98880	107	494174	6483237	65.57
2007	15-19	0.00094	0.00469	3.03	98772	463	492951	5989063	60.64
2007	20-24	0.00171	0.00852	2.55	98309	838	489495	5496112	55.91
2007	25-29	0.00173	0.00860	2.48	97472	838	485242	5006617	51.36
2007	30-34	0.00175	0.00870	2.54	96633	841	481095	4521375	46.79
2007	35-39	0.00218	0.01084	2.58	95793	1038	476447	4040280	42.18
2007	40-44	0.00312	0.01547	2.69	94754	1466	470386	3563833	37.61
2007	45-49	0.00475	0.02348	2.67	93288	2190	461329	3093448	33.16
2007	50-54	0.00725	0.03563	2.63	91098	3246	447804	2632119	28.89
2007	55-59	0.00994	0.04853	2.58	87852	4264	428923	2184314	24.86
2007	60-64	0.01414	0.06841	2.62	83588	5718	404337	1755391	21.00
2007	65-69	0.02008	0.09579	2.61	77871	7459	371507	1351055	17.35
2007	70-74	0.02978	0.13895	2.59	70411	9784	328526	979547	13.91
2007	75-79	0.04645	0.20880	2.58	60627	12659	272515	651022	10.74
2007	80-84	0.08177	0.34048	2.54	47968	16332	199722	378506	7.89
2007	85-89	0.13647	0.50476	2.42	31636	15969	117011	178784	5.65
2007	90-94	0.22512	0.69419	2.24	15668	10876	48313	61774	3.94
2007	95-99	0.33823	0.83524	1.97	4791	4002	11832	13461	2.81
2007	100-104	0.47583	0.92363	1.69	789	729	1532	1629	2.06
2007	105-109	0.61819	0.96557	1.44	60	58	94	97	1.61
2007	110+	0.72781	1.00000	1.37	2	2	3	3	1.37
2008	0	0.00865	0.00858	0.07	100000	858	99201	7501925	75.02
2008	1-4	0.00036	0.00143	1.55	99142	142	396221	7402724	74.67
2008	5-9	0.00014	0.00070	2.7	99000	69	494842	7006504	70.77
2008	10-14	0.00019	0.00095	2.76	98931	94	494446	6511661	65.82
2008	15-19	0.00090	0.00449	3.08	98837	444	493334	6017215	60.88
2008	20-24	0.00162	0.00805	2.54	98394	792	490023	5523881	56.14
2008	25-29	0.00165	0.00823	2.54	97602	803	486035	5033858	51.58
2008	30-34	0.00166	0.00827	2.53	96799	800	482016	4547823	46.98
2008	35-39	0.00200	0.00995	2.6	95998	955	477702	4065807	42.35
2008	40-44	0.00290	0.01439	2.68	95043	1367	472043	3588105	37.75
2008	45-49	0.00467	0.02308	2.66	93676	2162	463330	3116061	33.26
2008	50-54	0.00719	0.03535	2.65	91514	3235	449964	2652731	28.99
2008	55-59	0.01005	0.04907	2.59	88279	4332	430945	2202767	24.95
2008	60-64	0.01379	0.06677	2.61	83947	5605	406349	1771822	21.11
2008	65-69	0.01982	0.09455	2.58	78342	7407	373818	1365473	17.43
2008	70-74	0.02954	0.13792	2.6	70935	9784	331179	991655	13.98
2008	75-79	0.04637	0.20852	2.59	61151	12751	274988	660476	10.80
2008	80-84	0.07988	0.33448	2.57	48400	16189	202667	385488	7.96
2008	85-89	0.13563	0.50340	2.44	32211	16215	119550	182821	5.68
2008	90-94	0.22323	0.69131	2.25	15996	11058	49538	63271	3.96
2008	95-99	0.34192	0.83901	1.97	4938	4143	12117	13733	2.78
2008	100-104	0.48347	0.92712	1.68	795	737	1524	1616	2.03
2008	105-109	0.62886	0.96770	1.42	58	56	89	92	1.58
2008	110+	0.73967	1.00000	1.35	2	2	3	3	1.35
2009	0	0.00818	0.00812	0.07	100000	812	99243	7537932	75.38
2009	1-4	0.00031	0.00124	1.59	99188	123	396457	7438690	75.00
2009	5-9	0.00015	0.00074	2.32	99066	73	495132	7042232	71.09
2009	10-14	0.00017	0.00087	2.75	98992	86	494768	6547100	66.14
2009	15-19	0.00073	0.00365	3.03	98906	361	493819	6052332	61.19
2009	20-24	0.00144	0.00718	2.57	98545	708	491007	5558513	56.41
2009	25-29	0.00156	0.00779	2.51	97837	762	487290	5067507	51.80
2009	30-34	0.00165	0.00821	2.52	97075	797	483403	4580216	47.18
2009	35-39	0.00201	0.01000	2.62	96278	963	479096	4096813	42.55
2009	40-44	0.00285	0.01413	2.68	95315	1347	473450	3617717	37.96
2009	45-49	0.00446	0.02209	2.66	93968	2076	464983	3144267	33.46
2009	50-54	0.00716	0.03522	2.64	91892	3236	451821	2679284	29.16
2009	55-59	0.01020	0.04979	2.6	88656	4414	432668	2227462	25.12
2009	60-64	0.01370	0.06633	2.6	84242	5588	407803	1794795	21.31
2009	65-69	0.01961	0.09365	2.59	78654	7366	375532	1386992	17.63
2009	70-74	0.02878	0.13471	2.63	71288	9603	333666	1011460	14.19
2009	75-79	0.04485	0.20238	2.59	61685	12484	278338	677793	10.99
2009	80-84	0.07658	0.32309	2.58	49201	15896	207570	399455	8.12
2009	85-89	0.13167	0.49331	2.46	33305	16430	124781	191885	5.76
2009	90-94	0.22155	0.68844	2.25	16875	11618	52437	67104	3.98
2009	95-99	0.34048	0.83809	1.97	5258	4406	12942	14667	2.79
2009	100-104	0.48495	0.92798	1.67	851	790	1629	1725	2.03
2009	105-109	0.63322	0.96860	1.42	61	59	94	96	1.57
2009	110+	0.74563	1.00000	1.34	2	2	3	3	1.34
2010	0	0.00752	0.00747	0.07	100000	747	99302	7564072	75.64
2010	1-4	0.00034	0.00135	1.52	99253	134	396681	7464770	75.21
2010	5-9	0.00014	0.00068	2.43	99119	67	495425	7068088	71.31
2010	10-14	0.00016	0.00081	2.91	99052	80	495094	6572664	66.36
2010	15-19	0.00072	0.00359	3.04	98972	355	494166	6077570	61.41
2010	20-24	0.00133	0.00661	2.56	98617	652	491495	5583403	56.62
2010	25-29	0.00150	0.00747	2.54	97965	732	488026	5091908	51.98
2010	30-34	0.00161	0.00804	2.47	97234	782	484194	4603882	47.35
2010	35-39	0.00189	0.00942	2.61	96452	909	480084	4119687	42.71
2010	40-44	0.00264	0.01310	2.66	95543	1251	474793	3639604	38.09
2010	45-49	0.00435	0.02153	2.67	94292	2030	466726	3164811	33.56
2010	50-54	0.00685	0.03372	2.66	92261	3111	454032	2698084	29.24
2010	55-59	0.01013	0.04944	2.59	89151	4407	435136	2244053	25.17
2010	60-64	0.01362	0.06595	2.6	84743	5589	410289	1808917	21.35
2010	65-69	0.01969	0.09402	2.6	79155	7442	377930	1398627	17.67
2010	70-74	0.02871	0.13436	2.61	71712	9635	335562	1020698	14.23
2010	75-79	0.04484	0.20236	2.59	62077	12562	280148	685135	11.04
2010	80-84	0.07477	0.31620	2.56	49515	15657	209410	404987	8.18
2010	85-89	0.13060	0.48978	2.45	33858	16583	126976	195577	5.78
2010	90-94	0.22133	0.68608	2.23	17275	11852	53550	68602	3.97
2010	95-99	0.34230	0.84000	1.97	5423	4555	13308	15052	2.78
2010	100-104	0.48921	0.92986	1.67	868	807	1649	1744	2.01
2010	105-109	0.63932	0.96974	1.41	61	59	92	95	1.56
2010	110+	0.75238	1.00000	1.33	2	2	2	2	1.33
2011	0	0.00740	0.00735	0.06	100000	735	99313	7593475	75.93
2011	1-4	0.00031	0.00124	1.58	99265	123	396764	7494162	75.50
2011	5-9	0.00015	0.00074	2.33	99142	73	495516	7097398	71.59
2011	10-14	0.00018	0.00090	2.74	99069	89	495145	6601882	66.64
2011	15-19	0.00070	0.00348	3.1	98980	345	494247	6106738	61.70
2011	20-24	0.00132	0.00656	2.59	98636	647	491621	5612490	56.90
2011	25-29	0.00147	0.00734	2.52	97989	719	488163	5120869	52.26
2011	30-34	0.00163	0.00811	2.52	97270	789	484395	4632706	47.63
2011	35-39	0.00185	0.00921	2.58	96481	888	480256	4148311	43.00
2011	40-44	0.00258	0.01280	2.64	95593	1224	475075	3668054	38.37
2011	45-49	0.00426	0.02108	2.71	94369	1990	467295	3192979	33.84
2011	50-54	0.00678	0.03339	2.65	92379	3084	454653	2725684	29.51
2011	55-59	0.00998	0.04873	2.61	89295	4351	436057	2271031	25.43
2011	60-64	0.01342	0.06503	2.61	84944	5524	411492	1834974	21.60
2011	65-69	0.01861	0.08914	2.64	79420	7079	380395	1423482	17.92
2011	70-74	0.02798	0.13116	2.62	72340	9488	339085	1043086	14.42
2011	75-79	0.04319	0.19566	2.6	62852	12298	284711	704002	11.20
2011	80-84	0.07376	0.31280	2.57	50554	15813	214379	419291	8.29
2011	85-89	0.12614	0.47778	2.46	34741	16598	131585	204912	5.90
2011	90-94	0.21687	0.67920	2.25	18142	12322	56817	73327	4.04
2011	95-99	0.33390	0.83216	1.99	5820	4843	14505	16509	2.84
2011	100-104	0.47854	0.92542	1.69	977	904	1889	2005	2.05
2011	105-109	0.62806	0.96773	1.43	73	71	112	115	1.58
2011	110+	0.74191	1.00000	1.35	2	2	3	3	1.35
2012	0	0.00723	0.00718	0.06	100000	718	99328	7612904	76.13
2012	1-4	0.00031	0.00125	1.55	99282	124	396823	7513576	75.68
2012	5-9	0.00013	0.00067	2.6	99158	66	495630	7116752	71.77
2012	10-14	0.00016	0.00082	2.91	99092	82	495288	6621122	66.82
2012	15-19	0.00066	0.00331	3.05	99010	328	494411	6125834	61.87
2012	20-24	0.00128	0.00636	2.59	98682	627	491897	5631423	57.07
2012	25-29	0.00143	0.00712	2.53	98055	698	488548	5139526	52.41
2012	30-34	0.00162	0.00809	2.56	97357	788	484862	4650978	47.77
2012	35-39	0.00183	0.00913	2.57	96569	882	480706	4166115	43.14
2012	40-44	0.00256	0.01272	2.64	95687	1217	475570	3685410	38.52
2012	45-49	0.00412	0.02041	2.71	94470	1928	467933	3209840	33.98
2012	50-54	0.00659	0.03246	2.64	92542	3004	455616	2741907	29.63
2012	55-59	0.00994	0.04853	2.6	89538	4346	437254	2286291	25.53
2012	60-64	0.01358	0.06573	2.58	85193	5600	412388	1849037	21.70
2012	65-69	0.01876	0.08977	2.62	79593	7145	380945	1436649	18.05
2012	70-74	0.02730	0.12821	2.63	72448	9288	340201	1055703	14.57
2012	75-79	0.04255	0.19322	2.62	63159	12204	286786	715502	11.33
2012	80-84	0.07063	0.30184	2.59	50955	15381	217757	428716	8.41
2012	85-89	0.12501	0.47520	2.48	35575	16905	135225	210959	5.93
2012	90-94	0.21516	0.67943	2.29	18670	12685	58956	75734	4.06
2012	95-99	0.33812	0.83668	1.98	5985	5008	14810	16778	2.80
2012	100-104	0.48827	0.92979	1.67	977	909	1861	1968	2.01
2012	105-109	0.64199	0.97033	1.4	69	67	104	106	1.55
2012	110+	0.75726	1.00000	1.32	2	2	3	3	1.32
2013	0	0.00716	0.00711	0.06	100000	711	99335	7617939	76.18
2013	1-4	0.00031	0.00125	1.54	99289	124	396850	7518604	75.72
2013	5-9	0.00014	0.00070	2.48	99165	70	495647	7121754	71.82
2013	10-14	0.00016	0.00080	2.88	99095	80	495306	6626107	66.87
2013	15-19	0.00063	0.00315	2.99	99015	312	494451	6130802	61.92
2013	20-24	0.00121	0.00603	2.57	98704	596	492073	5636351	57.10
2013	25-29	0.00144	0.00717	2.57	98108	703	488829	5144278	52.43
2013	30-34	0.00161	0.00803	2.6	97405	782	485147	4655449	47.79
2013	35-39	0.00183	0.00909	2.61	96623	878	481013	4170303	43.16
2013	40-44	0.00252	0.01254	2.64	95745	1201	475887	3689290	38.53
2013	45-49	0.00404	0.02000	2.69	94544	1891	468347	3213403	33.99
2013	50-54	0.00659	0.03243	2.67	92653	3005	456268	2745056	29.63
2013	55-59	0.01010	0.04930	2.63	89648	4419	437763	2288788	25.53
2013	60-64	0.01391	0.06728	2.56	85229	5734	412160	1851025	21.72
2013	65-69	0.01877	0.08983	2.6	79494	7141	380344	1438865	18.10
2013	70-74	0.02743	0.12863	2.59	72354	9307	339323	1058522	14.63
2013	75-79	0.04216	0.19147	2.61	63047	12072	286333	719199	11.41
2013	80-84	0.06919	0.29632	2.58	50975	15105	218329	432866	8.49
2013	85-89	0.12254	0.46852	2.49	35870	16806	137146	214537	5.98
2013	90-94	0.21493	0.67824	2.28	19064	12930	60160	77391	4.06
2013	95-99	0.33722	0.83603	1.98	6134	5128	15208	17231	2.81
2013	100-104	0.48870	0.93008	1.67	1006	935	1914	2023	2.01
2013	105-109	0.64376	0.97067	1.4	70	68	106	109	1.55
2013	110+	0.75975	1.00000	1.32	2	2	3	3	1.32
2014	0	0.00725	0.00720	0.06	100000	720	99327	7616597	76.17
2014	1-4	0.00032	0.00128	1.76	99280	127	396837	7517270	75.72
2014	5-9	0.00015	0.00074	2.44	99153	73	495580	7120434	71.81
2014	10-14	0.00017	0.00085	2.94	99080	84	495227	6624854	66.86
2014	15-19	0.00066	0.00329	3.07	98996	326	494349	6129627	61.92
2014	20-24	0.00129	0.00642	2.61	98670	634	491831	5635278	57.11
2014	25-29	0.00149	0.00742	2.54	98036	727	488391	5143446	52.47
2014	30-34	0.00169	0.00840	2.54	97308	817	484532	4655055	47.84
2014	35-39	0.00198	0.00986	2.57	96491	952	480146	4170523	43.22
2014	40-44	0.00253	0.01260	2.63	95540	1203	474844	3690377	38.63
2014	45-49	0.00387	0.01918	2.69	94336	1809	467496	3215533	34.09
2014	50-54	0.00653	0.03216	2.67	92527	2976	455715	2748037	29.70
2014	55-59	0.01014	0.04949	2.63	89552	4432	437235	2292322	25.60
2014	60-64	0.01410	0.06817	2.56	85119	5803	411457	1855087	21.79
2014	65-69	0.01871	0.08951	2.58	79316	7099	379405	1443629	18.20
2014	70-74	0.02748	0.12890	2.6	72217	9308	338752	1064225	14.74
2014	75-79	0.04207	0.19098	2.59	62909	12014	285606	725472	11.53
2014	80-84	0.06643	0.28675	2.62	50894	14594	219704	439867	8.64
2014	85-89	0.11944	0.45956	2.49	36300	16682	139676	220163	6.07
2014	90-94	0.21109	0.67115	2.29	19618	13167	62376	80487	4.10
2014	95-99	0.33719	0.83645	1.99	6451	5396	16004	18111	2.81
2014	100-104	0.49228	0.93177	1.67	1055	983	1997	2107	2.00
2014	105-109	0.65049	0.97188	1.39	72	70	108	110	1.53
2014	110+	0.76780	1.00000	1.3	2	2	3	3	1.30
2015	0	0.00747	0.00742	0.07	100000	742	99306	7596151	75.96
2015	1-4	0.00036	0.00143	1.55	99258	142	396684	7496845	75.53
2015	5-9	0.00014	0.00071	2.29	99116	70	495391	7100160	71.63
2015	10-14	0.00016	0.00082	2.83	99046	81	495054	6604769	66.68
2015	15-19	0.00071	0.00356	2.99	98965	352	494114	6109715	61.74
2015	20-24	0.00144	0.00715	2.66	98613	706	491408	5615600	56.95
2015	25-29	0.00164	0.00815	2.57	97907	798	487593	5124192	52.34
2015	30-34	0.00183	0.00909	2.53	97109	882	483361	4636599	47.75
2015	35-39	0.00211	0.01048	2.56	96226	1009	478674	4153238	43.16
2015	40-44	0.00267	0.01327	2.63	95218	1264	473093	3674564	38.59
2015	45-49	0.00387	0.01919	2.68	93954	1803	465588	3201471	34.07
2015	50-54	0.00656	0.03229	2.68	92150	2976	453835	2735883	29.69
2015	55-59	0.01013	0.04948	2.63	89175	4412	435411	2282048	25.59
2015	60-64	0.01440	0.06957	2.59	84762	5897	409595	1846637	21.79
2015	65-69	0.01873	0.08958	2.58	78866	7065	377228	1437042	18.22
2015	70-74	0.02774	0.13010	2.61	71801	9341	336682	1059814	14.76
2015	75-79	0.04194	0.19046	2.59	62460	11896	283627	723131	11.58
2015	80-84	0.06605	0.28491	2.59	50564	14406	218109	439504	8.69
2015	85-89	0.11833	0.45642	2.5	36157	16503	139469	221396	6.12
2015	90-94	0.20689	0.66275	2.29	19654	13026	62962	81926	4.17
2015	95-99	0.33000	0.82941	2	6629	5498	16660	18965	2.86
2015	100-104	0.48174	0.92738	1.68	1131	1049	2177	2305	2.04
2015	105-109	0.63835	0.96982	1.41	82	80	125	128	1.56
2015	110+	0.75607	1.00000	1.32	2	2	3	3	1.32
2016	0	0.00715	0.00710	0.06	100000	710	99335	7582361	75.82
2016	1-4	0.00030	0.00121	1.66	99290	120	396879	7483026	75.37
2016	5-9	0.00014	0.00070	2.38	99170	70	495666	7086146	71.45
2016	10-14	0.00016	0.00081	2.92	99100	80	495334	6590480	66.50
2016	15-19	0.00078	0.00390	3.07	99020	386	494355	6095147	61.55
2016	20-24	0.00157	0.00783	2.64	98633	773	491344	5600792	56.78
2016	25-29	0.00184	0.00917	2.57	97861	898	487125	5109448	52.21
2016	30-34	0.00214	0.01065	2.56	96963	1032	482298	4622323	47.67
2016	35-39	0.00238	0.01185	2.56	95931	1137	476882	4140024	43.16
2016	40-44	0.00288	0.01428	2.63	94793	1354	470755	3663142	38.64
2016	45-49	0.00414	0.02049	2.66	93440	1915	462711	3192387	34.17
2016	50-54	0.00658	0.03242	2.68	91525	2967	450749	2729675	29.82
2016	55-59	0.01011	0.04939	2.65	88558	4374	432531	2278927	25.73
2016	60-64	0.01435	0.06937	2.6	84185	5840	406887	1846395	21.93
2016	65-69	0.01914	0.09147	2.59	78345	7166	374441	1439508	18.37
2016	70-74	0.02706	0.12715	2.64	71179	9050	334510	1065067	14.96
2016	75-79	0.04102	0.18667	2.59	62128	11597	282741	730557	11.76
2016	80-84	0.06420	0.27753	2.56	50531	14024	218428	447817	8.86
2016	85-89	0.11329	0.44182	2.51	36507	16130	142371	229389	6.28
2016	90-94	0.20105	0.65165	2.3	20378	13279	66047	87017	4.27
2016	95-99	0.31801	0.81731	2.03	7099	5802	18244	20971	2.95
2016	100-104	0.46604	0.92049	1.71	1297	1194	2561	2727	2.10
2016	105-109	0.62153	0.96677	1.44	103	100	160	165	1.60
2016	110+	0.74040	1.00000	1.35	3	3	5	5	1.35
2017	0	0.00699	0.00695	0.06	100000	695	99350	7582884	75.83
2017	1-4	0.00030	0.00122	1.62	99305	121	396934	7483535	75.36
2017	5-9	0.00014	0.00068	2.23	99184	67	495735	7086601	71.45
2017	10-14	0.00019	0.00094	2.71	99117	93	495372	6590866	66.50
2017	15-19	0.00075	0.00374	3.05	99024	370	494400	6095493	61.56
2017	20-24	0.00150	0.00746	2.69	98654	736	491571	5601093	56.78
2017	25-29	0.00192	0.00955	2.56	97918	935	487309	5109522	52.18
2017	30-34	0.00218	0.01085	2.56	96983	1052	482353	4622213	47.66
2017	35-39	0.00250	0.01245	2.54	95931	1194	476716	4139859	43.15
2017	40-44	0.00287	0.01426	2.58	94737	1351	470423	3663143	38.67
2017	45-49	0.00414	0.02051	2.64	93386	1916	462402	3192720	34.19
2017	50-54	0.00639	0.03148	2.67	91471	2880	450639	2730318	29.85
2017	55-59	0.01006	0.04916	2.65	88591	4355	432712	2279679	25.73
2017	60-64	0.01460	0.07054	2.6	84236	5942	406924	1846967	21.93
2017	65-69	0.01908	0.09114	2.56	78294	7136	374075	1440043	18.39
2017	70-74	0.02716	0.12754	2.62	71158	9076	334143	1065967	14.98
2017	75-79	0.04085	0.18613	2.62	62082	11555	282857	731824	11.79
2017	80-84	0.06458	0.27866	2.54	50527	14080	218029	448967	8.89
2017	85-89	0.11185	0.43784	2.52	36447	15958	142674	230938	6.34
2017	90-94	0.19897	0.64920	2.32	20489	13302	66853	88264	4.31
2017	95-99	0.31499	0.81407	2.03	7188	5851	18576	21411	2.98
2017	100-104	0.46153	0.91835	1.72	1336	1227	2659	2835	2.12
2017	105-109	0.61617	0.96571	1.45	109	105	171	176	1.61
2017	110+	0.73503	1.00000	1.36	4	4	5	5	1.36
2018	0	0.00690	0.00686	0.06	100000	686	99358	7600638	76.01
2018	1-4	0.00030	0.00121	1.66	99314	120	396975	7501280	75.53
2018	5-9	0.00014	0.00068	2.39	99194	67	495793	7104306	71.62
2018	10-14	0.00016	0.00081	3	99126	80	495471	6608513	66.67
2018	15-19	0.00072	0.00361	3.05	99046	357	494532	6113042	61.72
2018	20-24	0.00146	0.00730	2.65	98689	720	491754	5618511	56.93
2018	25-29	0.00180	0.00897	2.56	97968	879	487699	5126757	52.33
2018	30-34	0.00210	0.01043	2.53	97089	1013	482945	4639058	47.78
2018	35-39	0.00251	0.01248	2.59	96077	1199	477490	4156113	43.26
2018	40-44	0.00300	0.01492	2.59	94878	1415	470975	3678623	38.77
2018	45-49	0.00411	0.02036	2.64	93463	1903	462827	3207648	34.32
2018	50-54	0.00630	0.03104	2.69	91560	2842	451246	2744821	29.98
2018	55-59	0.00995	0.04859	2.63	88718	4311	433384	2293576	25.85
2018	60-64	0.01448	0.07000	2.61	84407	5908	407938	1860192	22.04
2018	65-69	0.01920	0.09171	2.57	78499	7199	375014	1452254	18.50
2018	70-74	0.02682	0.12597	2.59	71299	8982	334890	1077240	15.11
2018	75-79	0.04087	0.18588	2.57	62317	11584	283438	742349	11.91
2018	80-84	0.06373	0.27533	2.53	50734	13968	219165	458911	9.05
2018	85-89	0.10735	0.42441	2.53	36765	15604	145350	239746	6.52
2018	90-94	0.19120	0.63315	2.33	21162	13399	70075	94395	4.46
2018	95-99	0.29723	0.79401	2.07	7763	6164	20738	24321	3.13
2018	100-104	0.43534	0.90483	1.77	1599	1447	3324	3582	2.24
2018	105-109	0.58498	0.95889	1.5	152	146	249	258	1.70
2018	110+	0.70330	1.00000	1.42	6	6	9	9	1.42
2019	0	0.00699	0.00694	0.06	100000	694	99350	7617322	76.17
2019	1-4	0.00028	0.00113	1.51	99306	112	396943	7517972	75.71
2019	5-9	0.00013	0.00066	2.32	99193	65	495792	7121029	71.79
2019	10-14	0.00017	0.00085	2.83	99128	84	495458	6625237	66.84
2019	15-19	0.00075	0.00373	3.07	99044	369	494509	6129779	61.89
2019	20-24	0.00147	0.00731	2.61	98675	721	491651	5635270	57.11
2019	25-29	0.00183	0.00912	2.56	97953	893	487592	5143618	52.51
2019	30-34	0.00214	0.01066	2.55	97061	1035	482771	4656026	47.97
2019	35-39	0.00259	0.01285	2.57	96026	1234	477134	4173256	43.46
2019	40-44	0.00306	0.01518	2.54	94792	1439	470421	3696122	38.99
2019	45-49	0.00409	0.02026	2.63	93353	1891	462278	3225701	34.55
2019	50-54	0.00614	0.03024	2.65	91461	2766	450810	2763423	30.21
2019	55-59	0.00971	0.04747	2.64	88695	4210	433545	2312612	26.07
2019	60-64	0.01433	0.06929	2.6	84485	5854	408348	1879067	22.24
2019	65-69	0.01922	0.09181	2.56	78631	7219	375563	1470720	18.70
2019	70-74	0.02612	0.12292	2.6	71412	8778	336015	1095156	15.34
2019	75-79	0.04003	0.18252	2.59	62634	11432	285597	759142	12.12
2019	80-84	0.06308	0.27332	2.56	51202	13995	221847	473544	9.25
2019	85-89	0.10154	0.40634	2.54	37207	15119	148903	251697	6.76
2019	90-94	0.18094	0.61235	2.36	22088	13526	74754	102795	4.65
2019	95-99	0.28223	0.77568	2.1	8563	6642	23533	28040	3.27
2019	100-104	0.41392	0.89228	1.81	1921	1714	4140	4507	2.35
2019	105-109	0.55961	0.95239	1.54	207	197	352	367	1.77
2019	110+	0.67710	1.00000	1.48	10	10	15	15	1.48
