Div5: South Atlantic, Lifetables (period 5x10), Females Last modified: 20 Dec 2020, MPv5 (May07) 

Year     	Age	mx	qx	ax	lx	dx	Lx	Tx	ex
1960-1969	0	0.02458	0.02406	0.12	100000	2406	97887	7301006	73.01
1960-1969	1-4	0.00105	0.00419	1.56	97594	409	389375	7203119	73.81
1960-1969	5-9	0.00043	0.00217	2.26	97184	211	485345	6813744	70.11
1960-1969	10-14	0.00035	0.00173	2.61	96974	168	484468	6328399	65.26
1960-1969	15-19	0.00060	0.00300	2.71	96806	290	483365	5843931	60.37
1960-1969	20-24	0.00079	0.00394	2.58	96516	380	481660	5360566	55.54
1960-1969	25-29	0.00101	0.00502	2.61	96136	483	479522	4878905	50.75
1960-1969	30-34	0.00150	0.00749	2.67	95653	716	476598	4399383	45.99
1960-1969	35-39	0.00225	0.01120	2.65	94936	1064	472181	3922785	41.32
1960-1969	40-44	0.00338	0.01675	2.65	93873	1572	465668	3450605	36.76
1960-1969	45-49	0.00489	0.02418	2.64	92301	2232	456247	2984936	32.34
1960-1969	50-54	0.00726	0.03570	2.62	90069	3215	442684	2528689	28.08
1960-1969	55-59	0.01007	0.04919	2.63	86853	4272	424155	2086006	24.02
1960-1969	60-64	0.01496	0.07221	2.61	82581	5963	398628	1661851	20.12
1960-1969	65-69	0.02254	0.10689	2.59	76617	8190	363320	1263223	16.49
1960-1969	70-74	0.03450	0.15936	2.61	68428	10905	316065	899903	13.15
1960-1969	75-79	0.05426	0.23965	2.57	57523	13785	254060	583839	10.15
1960-1969	80-84	0.09101	0.37165	2.53	43738	16255	178603	329778	7.54
1960-1969	85-89	0.14832	0.53390	2.38	27483	14673	98927	151175	5.50
1960-1969	90-94	0.21854	0.67804	2.2	12810	8686	39743	52249	4.08
1960-1969	95-99	0.31163	0.80645	2.01	4124	3326	10673	12505	3.03
1960-1969	100-104	0.42529	0.89657	1.77	798	716	1683	1832	2.30
1960-1969	105-109	0.54774	0.94764	1.55	83	78	143	150	1.81
1960-1969	110+	0.64685	1.00000	1.55	4	4	7	7	1.55
1970-1979	0	0.01660	0.01635	0.1	100000	1635	98527	7564046	75.64
1970-1979	1-4	0.00072	0.00288	1.61	98365	283	392782	7465518	75.90
1970-1979	5-9	0.00034	0.00170	2.3	98081	166	489957	7072736	72.11
1970-1979	10-14	0.00029	0.00147	2.67	97915	144	489239	6582779	67.23
1970-1979	15-19	0.00059	0.00295	2.7	97771	289	488192	6093540	62.32
1970-1979	20-24	0.00071	0.00352	2.49	97482	343	486550	5605348	57.50
1970-1979	25-29	0.00081	0.00404	2.6	97139	392	484754	5118797	52.70
1970-1979	30-34	0.00112	0.00560	2.68	96747	542	482474	4634044	47.90
1970-1979	35-39	0.00177	0.00881	2.68	96205	847	479061	4151570	43.15
1970-1979	40-44	0.00287	0.01424	2.68	95357	1357	473642	3672509	38.51
1970-1979	45-49	0.00430	0.02127	2.64	94000	2000	465283	3198868	34.03
1970-1979	50-54	0.00630	0.03103	2.62	92000	2854	453198	2733585	29.71
1970-1979	55-59	0.00897	0.04392	2.62	89146	3915	436409	2280387	25.58
1970-1979	60-64	0.01275	0.06188	2.61	85231	5274	413572	1843978	21.64
1970-1979	65-69	0.01832	0.08777	2.61	79956	7018	383000	1430406	17.89
1970-1979	70-74	0.02883	0.13487	2.62	72939	9838	341251	1047406	14.36
1970-1979	75-79	0.04554	0.20527	2.6	63101	12953	284438	706155	11.19
1970-1979	80-84	0.07597	0.32043	2.56	50149	16069	211519	421717	8.41
1970-1979	85-89	0.12411	0.47081	2.44	34079	16045	129285	210199	6.17
1970-1979	90-94	0.19326	0.63311	2.28	18034	11418	59080	80913	4.49
1970-1979	95-99	0.28181	0.77277	2.08	6617	5113	18144	21833	3.30
1970-1979	100-104	0.39514	0.87826	1.84	1503	1320	3342	3689	2.45
1970-1979	105-109	0.52108	0.93958	1.6	183	172	330	348	1.90
1970-1979	110+	0.62469	1.00000	1.6	11	11	18	18	1.60
1980-1989	0	0.01138	0.01127	0.08	100000	1127	98969	7781810	77.82
1980-1989	1-4	0.00053	0.00211	1.57	98873	209	394986	7682841	77.70
1980-1989	5-9	0.00024	0.00120	2.32	98665	119	493005	7287855	73.86
1980-1989	10-14	0.00022	0.00112	2.68	98546	111	492472	6794850	68.95
1980-1989	15-19	0.00051	0.00255	2.71	98435	251	491601	6302378	64.03
1980-1989	20-24	0.00061	0.00305	2.54	98184	299	490185	5810777	59.18
1980-1989	25-29	0.00071	0.00354	2.56	97885	347	488581	5320592	54.36
1980-1989	30-34	0.00091	0.00453	2.61	97539	441	486639	4832011	49.54
1980-1989	35-39	0.00125	0.00622	2.63	97097	604	484055	4345372	44.75
1980-1989	40-44	0.00198	0.00983	2.68	96493	949	480263	3861317	40.02
1980-1989	45-49	0.00316	0.01567	2.69	95544	1498	474264	3381054	35.39
1980-1989	50-54	0.00499	0.02467	2.67	94047	2320	464837	2906790	30.91
1980-1989	55-59	0.00763	0.03747	2.65	91726	3437	450546	2441954	26.62
1980-1989	60-64	0.01152	0.05608	2.62	88289	4952	429678	1991408	22.56
1980-1989	65-69	0.01669	0.08026	2.61	83338	6688	400715	1561730	18.74
1980-1989	70-74	0.02560	0.12068	2.63	76649	9250	361330	1161015	15.15
1980-1989	75-79	0.03981	0.18169	2.6	67400	12246	307577	799684	11.86
1980-1989	80-84	0.06806	0.29198	2.57	55154	16104	236592	492107	8.92
1980-1989	85-89	0.11237	0.43737	2.47	39050	17079	151987	255515	6.54
1980-1989	90-94	0.18025	0.60744	2.32	21971	13346	74040	103528	4.71
1980-1989	95-99	0.26957	0.75766	2.11	8625	6535	24241	29488	3.42
1980-1989	100-104	0.38503	0.87177	1.86	2090	1822	4732	5247	2.51
1980-1989	105-109	0.51509	0.93787	1.61	268	251	488	515	1.92
1980-1989	110+	0.62266	1.00000	1.61	17	17	27	27	1.61
1990-1999	0	0.00850	0.00843	0.08	100000	843	99222	7880980	78.81
1990-1999	1-4	0.00041	0.00164	1.61	99157	163	396237	7781758	78.48
1990-1999	5-9	0.00018	0.00089	2.37	98994	88	494737	7385521	74.61
1990-1999	10-14	0.00019	0.00097	2.77	98906	96	494313	6890784	69.67
1990-1999	15-19	0.00047	0.00234	2.68	98809	231	493512	6396471	64.74
1990-1999	20-24	0.00055	0.00275	2.57	98579	272	492232	5902959	59.88
1990-1999	25-29	0.00070	0.00350	2.61	98307	344	490711	5410727	55.04
1990-1999	30-34	0.00096	0.00480	2.63	97963	470	488697	4920016	50.22
1990-1999	35-39	0.00136	0.00680	2.64	97493	663	485896	4431319	45.45
1990-1999	40-44	0.00190	0.00944	2.64	96829	914	481988	3945423	40.75
1990-1999	45-49	0.00276	0.01370	2.66	95915	1314	476505	3463434	36.11
1990-1999	50-54	0.00430	0.02128	2.67	94601	2013	468303	2986929	31.57
1990-1999	55-59	0.00676	0.03325	2.67	92588	3079	455766	2518626	27.20
1990-1999	60-64	0.01050	0.05124	2.64	89509	4586	436738	2062860	23.05
1990-1999	65-69	0.01537	0.07417	2.63	84923	6298	409686	1626122	19.15
1990-1999	70-74	0.02384	0.11283	2.63	78624	8871	372117	1216436	15.47
1990-1999	75-79	0.03719	0.17079	2.61	69754	11913	320333	844319	12.10
1990-1999	80-84	0.06508	0.28108	2.58	57840	16258	249800	523985	9.06
1990-1999	85-89	0.10918	0.42837	2.49	41583	17813	163156	274185	6.59
1990-1999	90-94	0.18080	0.60941	2.33	23770	14486	80120	111029	4.67
1990-1999	95-99	0.27743	0.76879	2.1	9284	7138	25728	30909	3.33
1990-1999	100-104	0.40160	0.88385	1.83	2147	1897	4724	5182	2.41
1990-1999	105-109	0.54004	0.94644	1.57	249	236	437	457	1.83
1990-1999	110+	0.65309	1.00000	1.53	13	13	20	20	1.53
2000-2009	0	0.00730	0.00726	0.07	100000	726	99328	7970438	79.70
2000-2009	1-4	0.00029	0.00116	1.58	99274	115	396819	7871110	79.29
2000-2009	5-9	0.00013	0.00067	2.42	99159	67	495624	7474291	75.38
2000-2009	10-14	0.00015	0.00075	2.74	99093	75	495294	6978667	70.43
2000-2009	15-19	0.00040	0.00199	2.82	99018	197	494660	6483372	65.48
2000-2009	20-24	0.00054	0.00270	2.56	98821	267	493454	5988712	60.60
2000-2009	25-29	0.00065	0.00324	2.61	98554	320	492007	5495258	55.76
2000-2009	30-34	0.00085	0.00423	2.65	98234	416	490193	5003251	50.93
2000-2009	35-39	0.00126	0.00631	2.66	97819	617	487652	4513058	46.14
2000-2009	40-44	0.00197	0.00981	2.67	97202	954	483786	4025406	41.41
2000-2009	45-49	0.00290	0.01442	2.64	96248	1388	477958	3541620	36.80
2000-2009	50-54	0.00413	0.02047	2.62	94860	1942	469670	3063663	32.30
2000-2009	55-59	0.00590	0.02910	2.65	92918	2704	458230	2593993	27.92
2000-2009	60-64	0.00892	0.04367	2.65	90213	3940	441803	2135763	23.67
2000-2009	65-69	0.01356	0.06569	2.64	86274	5668	417975	1693959	19.63
2000-2009	70-74	0.02130	0.10141	2.65	80606	8174	383791	1275985	15.83
2000-2009	75-79	0.03451	0.15954	2.64	72432	11555	334836	892194	12.32
2000-2009	80-84	0.06147	0.26787	2.6	60876	16307	265304	557357	9.16
2000-2009	85-89	0.10790	0.42529	2.51	44569	18955	175667	292054	6.55
2000-2009	90-94	0.18558	0.62067	2.33	25614	15898	85668	116387	4.54
2000-2009	95-99	0.29391	0.79030	2.08	9716	7679	26126	30719	3.16
2000-2009	100-104	0.43231	0.90329	1.78	2038	1841	4257	4593	2.25
2000-2009	105-109	0.58284	0.95844	1.5	197	189	324	336	1.70
2000-2009	110+	0.70207	1.00000	1.42	8	8	12	12	1.42
2010-2019	0	0.00602	0.00598	0.07	100000	598	99443	8108282	81.08
2010-2019	1-4	0.00024	0.00095	1.59	99402	95	397378	8008839	80.57
2010-2019	5-9	0.00011	0.00055	2.39	99307	55	496391	7611461	76.65
2010-2019	10-14	0.00012	0.00061	2.74	99252	61	496123	7115070	71.69
2010-2019	15-19	0.00029	0.00146	2.86	99191	145	495646	6618948	66.73
2010-2019	20-24	0.00049	0.00247	2.64	99046	245	494654	6123301	61.82
2010-2019	25-29	0.00068	0.00339	2.61	98802	335	493208	5628647	56.97
2010-2019	30-34	0.00092	0.00460	2.62	98467	453	491259	5135439	52.15
2010-2019	35-39	0.00123	0.00613	2.63	98014	601	488646	4644180	47.38
2010-2019	40-44	0.00172	0.00854	2.66	97413	832	485118	4155535	42.66
2010-2019	45-49	0.00262	0.01300	2.68	96581	1256	479985	3670417	38.00
2010-2019	50-54	0.00407	0.02016	2.66	95325	1921	472123	3190432	33.47
2010-2019	55-59	0.00591	0.02916	2.62	93403	2724	460544	2718310	29.10
2010-2019	60-64	0.00824	0.04041	2.62	90680	3665	444678	2257766	24.90
2010-2019	65-69	0.01172	0.05701	2.64	87015	4960	423376	1813088	20.84
2010-2019	70-74	0.01808	0.08671	2.65	82054	7115	393525	1389712	16.94
2010-2019	75-79	0.02951	0.13794	2.64	74940	10337	350338	996187	13.29
2010-2019	80-84	0.05081	0.22673	2.63	64603	14648	288276	645849	10.00
2010-2019	85-89	0.09207	0.37586	2.56	49955	18776	203938	357573	7.16
2010-2019	90-94	0.16482	0.57594	2.39	31179	17957	108950	153636	4.93
2010-2019	95-99	0.27045	0.76202	2.14	13222	10075	37253	44686	3.38
2010-2019	100-104	0.41037	0.89128	1.83	3146	2804	6834	7432	2.36
2010-2019	105-109	0.56697	0.95495	1.53	342	327	576	598	1.75
2010-2019	110+	0.69270	1.00000	1.44	15	15	22	22	1.44
