Div1: New England, Lifetables (period 5x1), Both sexes Last modified: 20 Dec 2020, MPv5 (May07) 

Year	Age	mx	qx	ax	lx	dx	Lx	Tx	ex
1959	0	0.02319	0.02272	0.11	100000	2272	97985	7072419	70.72
1959	1-4	0.00086	0.00343	1.7	97728	335	390143	6974434	71.37
1959	5-9	0.00044	0.00220	2.31	97393	214	486390	6584290	67.61
1959	10-14	0.00042	0.00207	2.66	97179	202	485423	6097900	62.75
1959	15-19	0.00069	0.00342	2.74	96977	332	484135	5612477	57.87
1959	20-24	0.00099	0.00494	2.4	96645	478	481986	5128342	53.06
1959	25-29	0.00091	0.00453	2.61	96168	435	479801	4646355	48.32
1959	30-34	0.00126	0.00629	2.59	95733	602	477210	4166555	43.52
1959	35-39	0.00189	0.00942	2.71	95131	896	473606	3689345	38.78
1959	40-44	0.00306	0.01518	2.71	94235	1431	467894	3215739	34.12
1959	45-49	0.00537	0.02650	2.71	92804	2459	458399	2747845	29.61
1959	50-54	0.00855	0.04192	2.66	90345	3787	442867	2289446	25.34
1959	55-59	0.01345	0.06517	2.64	86558	5641	419480	1846579	21.33
1959	60-64	0.02052	0.09787	2.64	80917	7919	385893	1427099	17.64
1959	65-69	0.03251	0.15069	2.58	72998	11000	338361	1041206	14.26
1959	70-74	0.04818	0.21585	2.59	61998	13382	277737	702845	11.34
1959	75-79	0.07447	0.31437	2.52	48615	15283	205236	425109	8.74
1959	80-84	0.11367	0.44078	2.45	33332	14692	129252	219872	6.60
1959	85-89	0.17475	0.59209	2.28	18640	11037	63157	90621	4.86
1959	90-94	0.25355	0.73552	2.15	7603	5592	22057	27464	3.61
1959	95-99	0.35726	0.84930	1.91	2011	1708	4780	5407	2.69
1959	100-104	0.47601	0.92199	1.68	303	279	587	626	2.07
1959	105-109	0.59899	0.96072	1.47	24	23	38	39	1.66
1959	110+	0.69603	1.00000	1.44	1	1	1	1	1.44
1960	0	0.02270	0.02225	0.11	100000	2225	98024	7062171	70.62
1960	1-4	0.00081	0.00323	1.68	97775	316	390366	6964148	71.23
1960	5-9	0.00045	0.00223	2.26	97459	217	486698	6573781	67.45
1960	10-14	0.00035	0.00174	2.71	97241	169	485819	6087083	62.60
1960	15-19	0.00073	0.00362	2.76	97072	352	484573	5601264	57.70
1960	20-24	0.00093	0.00462	2.59	96720	447	482523	5116692	52.90
1960	25-29	0.00098	0.00489	2.53	96273	471	480206	4634169	48.14
1960	30-34	0.00119	0.00596	2.54	95802	571	477608	4153963	43.36
1960	35-39	0.00199	0.00993	2.72	95232	946	474006	3676355	38.60
1960	40-44	0.00318	0.01579	2.74	94286	1489	468066	3202349	33.96
1960	45-49	0.00538	0.02657	2.71	92797	2465	458328	2734283	29.47
1960	50-54	0.00891	0.04363	2.65	90332	3941	442415	2275955	25.20
1960	55-59	0.01333	0.06466	2.68	86390	5586	419015	1833540	21.22
1960	60-64	0.02154	0.10257	2.68	80805	8288	384786	1414525	17.51
1960	65-69	0.03252	0.15094	2.63	72517	10945	336593	1029739	14.20
1960	70-74	0.04927	0.21992	2.56	61571	13540	274848	693146	11.26
1960	75-79	0.07529	0.31757	2.54	48031	15253	202599	418298	8.71
1960	80-84	0.11452	0.44346	2.46	32778	14536	126923	215699	6.58
1960	85-89	0.17284	0.59032	2.32	18242	10769	62304	88776	4.87
1960	90-94	0.25987	0.74540	2.14	7473	5571	21436	26472	3.54
1960	95-99	0.36342	0.85456	1.9	1903	1626	4474	5036	2.65
1960	100-104	0.48459	0.92578	1.66	277	256	529	562	2.03
1960	105-109	0.60904	0.96295	1.45	21	20	32	34	1.63
1960	110+	0.70652	1.00000	1.42	1	1	1	1	1.42
1961	0	0.02311	0.02264	0.11	100000	2264	97990	7090413	70.90
1961	1-4	0.00085	0.00339	1.63	97736	332	390157	6992423	71.54
1961	5-9	0.00041	0.00204	2.21	97404	199	486467	6602266	67.78
1961	10-14	0.00041	0.00204	2.69	97205	199	485569	6115799	62.92
1961	15-19	0.00063	0.00312	2.77	97007	303	484359	5630231	58.04
1961	20-24	0.00090	0.00448	2.52	96704	433	482445	5145872	53.21
1961	25-29	0.00093	0.00466	2.51	96270	449	480232	4663427	48.44
1961	30-34	0.00123	0.00611	2.62	95821	586	477710	4183195	43.66
1961	35-39	0.00180	0.00894	2.7	95235	851	474217	3705484	38.91
1961	40-44	0.00310	0.01538	2.68	94384	1452	468556	3231268	34.24
1961	45-49	0.00525	0.02594	2.71	92932	2411	459132	2762712	29.73
1961	50-54	0.00863	0.04231	2.69	90522	3830	443768	2303579	25.45
1961	55-59	0.01348	0.06536	2.67	86692	5666	420281	1859811	21.45
1961	60-64	0.02039	0.09734	2.67	81025	7887	386768	1439531	17.77
1961	65-69	0.03172	0.14733	2.59	73139	10775	339730	1052763	14.39
1961	70-74	0.04756	0.21305	2.56	62363	13287	279359	713033	11.43
1961	75-79	0.07326	0.31057	2.55	49077	15242	208040	433673	8.84
1961	80-84	0.11182	0.43536	2.46	33835	14730	131733	225633	6.67
1961	85-89	0.17126	0.58602	2.31	19105	11196	65372	93900	4.92
1961	90-94	0.25353	0.73221	2.12	7909	5791	22841	28528	3.61
1961	95-99	0.35771	0.84980	1.91	2118	1800	5032	5687	2.69
1961	100-104	0.47749	0.92270	1.68	318	294	615	655	2.06
1961	105-109	0.60119	0.96123	1.46	25	24	39	41	1.65
1961	110+	0.69854	1.00000	1.43	1	1	1	1	1.43
1962	0	0.02278	0.02233	0.11	100000	2233	98017	7092153	70.92
1962	1-4	0.00077	0.00309	1.72	97767	302	390380	6994136	71.54
1962	5-9	0.00043	0.00214	2.19	97465	209	486738	6603756	67.76
1962	10-14	0.00034	0.00169	2.64	97256	165	485891	6117017	62.90
1962	15-19	0.00065	0.00323	2.78	97091	314	484759	5631127	58.00
1962	20-24	0.00088	0.00437	2.53	96777	423	482842	5146368	53.18
1962	25-29	0.00093	0.00465	2.6	96354	448	480695	4663526	48.40
1962	30-34	0.00119	0.00593	2.66	95906	568	478203	4182831	43.61
1962	35-39	0.00198	0.00985	2.74	95338	939	474568	3704628	38.86
1962	40-44	0.00305	0.01514	2.64	94398	1430	468622	3230060	34.22
1962	45-49	0.00521	0.02575	2.72	92969	2394	459377	2761438	29.70
1962	50-54	0.00881	0.04315	2.64	90574	3908	443645	2302061	25.42
1962	55-59	0.01336	0.06477	2.67	86666	5613	420265	1858415	21.44
1962	60-64	0.02009	0.09592	2.66	81053	7775	387043	1438150	17.74
1962	65-69	0.03226	0.14966	2.59	73278	10967	339915	1051107	14.34
1962	70-74	0.04796	0.21474	2.57	62311	13381	279009	711192	11.41
1962	75-79	0.07124	0.30327	2.55	48931	14839	208300	432183	8.83
1962	80-84	0.11383	0.44159	2.46	34091	15054	132252	223883	6.57
1962	85-89	0.17711	0.59899	2.3	19037	11403	64382	91631	4.81
1962	90-94	0.25491	0.73580	2.13	7634	5617	22036	27249	3.57
1962	95-99	0.37301	0.86233	1.88	2017	1739	4663	5213	2.58
1962	100-104	0.49728	0.93101	1.64	278	259	520	550	1.98
1962	105-109	0.62318	0.96584	1.43	19	19	30	31	1.60
1962	110+	0.72059	1.00000	1.39	1	1	1	1	1.39
1963	0	0.02233	0.02190	0.11	100000	2190	98052	7105184	71.05
1963	1-4	0.00074	0.00294	1.59	97810	288	390547	7007132	71.64
1963	5-9	0.00036	0.00180	2.21	97522	176	487122	6616584	67.85
1963	10-14	0.00031	0.00157	2.53	97347	153	486356	6129462	62.97
1963	15-19	0.00070	0.00347	2.75	97194	338	485209	5643106	58.06
1963	20-24	0.00092	0.00457	2.47	96856	443	483161	5157897	53.25
1963	25-29	0.00095	0.00475	2.54	96413	458	480937	4674736	48.49
1963	30-34	0.00115	0.00574	2.6	95955	551	478450	4193800	43.71
1963	35-39	0.00186	0.00925	2.74	95404	882	475025	3715349	38.94
1963	40-44	0.00304	0.01508	2.7	94521	1425	469331	3240324	34.28
1963	45-49	0.00525	0.02593	2.67	93096	2414	459851	2770993	29.76
1963	50-54	0.00852	0.04178	2.67	90682	3788	444579	2311142	25.49
1963	55-59	0.01332	0.06460	2.68	86894	5614	421424	1866563	21.48
1963	60-64	0.01992	0.09518	2.65	81281	7736	388260	1445139	17.78
1963	65-69	0.03150	0.14630	2.57	73544	10760	341608	1056879	14.37
1963	70-74	0.04847	0.21671	2.56	62785	13606	280700	715271	11.39
1963	75-79	0.07121	0.30211	2.49	49179	14858	208630	434571	8.84
1963	80-84	0.11298	0.43887	2.46	34321	15063	133320	225941	6.58
1963	85-89	0.17684	0.59931	2.31	19258	11542	65266	92621	4.81
1963	90-94	0.25826	0.74336	2.15	7717	5736	22211	27355	3.54
1963	95-99	0.37081	0.86092	1.89	1980	1705	4598	5144	2.60
1963	100-104	0.49759	0.93137	1.64	275	257	516	546	1.98
1963	105-109	0.62664	0.96665	1.42	19	18	29	30	1.59
1963	110+	0.72648	1.00000	1.38	1	1	1	1	1.38
1964	0	0.02108	0.02069	0.11	100000	2069	98153	7177772	71.78
1964	1-4	0.00071	0.00283	1.67	97931	277	391078	7079619	72.29
1964	5-9	0.00036	0.00182	2.34	97654	178	487795	6688542	68.49
1964	10-14	0.00032	0.00161	2.65	97476	157	487010	6200746	63.61
1964	15-19	0.00070	0.00352	2.79	97319	342	485838	5713736	58.71
1964	20-24	0.00088	0.00440	2.56	96977	426	483843	5227898	53.91
1964	25-29	0.00088	0.00440	2.64	96550	424	481749	4744055	49.14
1964	30-34	0.00122	0.00606	2.61	96126	583	479237	4262306	44.34
1964	35-39	0.00187	0.00931	2.68	95543	890	475649	3783069	39.60
1964	40-44	0.00294	0.01460	2.69	94653	1382	470073	3307420	34.94
1964	45-49	0.00502	0.02482	2.71	93271	2315	461049	2837347	30.42
1964	50-54	0.00822	0.04036	2.7	90956	3671	446354	2376299	26.13
1964	55-59	0.01262	0.06127	2.64	87285	5348	423803	1929945	22.11
1964	60-64	0.01930	0.09220	2.59	81938	7555	391513	1506142	18.38
1964	65-69	0.02914	0.13609	2.58	74383	10123	347397	1114629	14.98
1964	70-74	0.04538	0.20448	2.59	64260	13140	289572	767232	11.94
1964	75-79	0.06511	0.27999	2.5	51120	14313	219823	477660	9.34
1964	80-84	0.10436	0.41375	2.5	36807	15229	145921	257837	7.01
1964	85-89	0.16060	0.56318	2.35	21578	12152	75667	111916	5.19
1964	90-94	0.23371	0.70190	2.16	9426	6616	28308	36250	3.85
1964	95-99	0.33755	0.83223	1.95	2810	2338	6927	7942	2.83
1964	100-104	0.45589	0.91291	1.72	471	430	944	1014	2.15
1964	105-109	0.58089	0.95664	1.49	41	39	68	70	1.71
1964	110+	0.68071	1.00000	1.47	2	2	3	3	1.47
1965	0	0.02188	0.02146	0.11	100000	2146	98088	7092616	70.93
1965	1-4	0.00078	0.00310	1.63	97854	304	390698	6994528	71.48
1965	5-9	0.00036	0.00180	2.28	97551	175	487275	6603830	67.70
1965	10-14	0.00031	0.00157	2.64	97375	153	486515	6116555	62.81
1965	15-19	0.00076	0.00380	2.92	97222	369	485341	5630040	57.91
1965	20-24	0.00100	0.00498	2.48	96853	482	483048	5144699	53.12
1965	25-29	0.00104	0.00518	2.53	96370	500	480616	4661651	48.37
1965	30-34	0.00135	0.00672	2.68	95871	644	477860	4181035	43.61
1965	35-39	0.00201	0.01003	2.66	95227	955	473900	3703175	38.89
1965	40-44	0.00316	0.01569	2.69	94272	1479	467947	3229275	34.25
1965	45-49	0.00525	0.02593	2.7	92793	2406	458429	2761328	29.76
1965	50-54	0.00854	0.04186	2.7	90387	3784	443247	2302898	25.48
1965	55-59	0.01359	0.06587	2.69	86603	5705	419838	1859651	21.47
1965	60-64	0.02055	0.09796	2.61	80898	7924	385557	1439813	17.80
1965	65-69	0.03093	0.14401	2.61	72974	10509	339781	1054256	14.45
1965	70-74	0.04816	0.21574	2.59	62465	13476	279834	714476	11.44
1965	75-79	0.07125	0.30245	2.5	48989	14817	207960	434641	8.87
1965	80-84	0.11210	0.43620	2.46	34172	14906	132974	226682	6.63
1965	85-89	0.17521	0.59552	2.31	19266	11474	65486	93708	4.86
1965	90-94	0.25128	0.73234	2.15	7793	5707	22712	28222	3.62
1965	95-99	0.36408	0.85533	1.9	2086	1784	4900	5510	2.64
1965	100-104	0.48752	0.92717	1.66	302	280	574	610	2.02
1965	105-109	0.61414	0.96410	1.44	22	21	35	36	1.62
1965	110+	0.71300	1.00000	1.4	1	1	1	1	1.40
1966	0	0.02137	0.02097	0.11	100000	2097	98129	7116505	71.17
1966	1-4	0.00073	0.00293	1.62	97903	287	390929	7018376	71.69
1966	5-9	0.00039	0.00197	2.25	97616	193	487552	6627447	67.89
1966	10-14	0.00032	0.00157	2.68	97424	153	486764	6139895	63.02
1966	15-19	0.00077	0.00384	2.83	97270	374	485540	5653132	58.12
1966	20-24	0.00094	0.00467	2.6	96897	453	483397	5167591	53.33
1966	25-29	0.00101	0.00502	2.54	96444	485	481027	4684194	48.57
1966	30-34	0.00128	0.00636	2.58	95959	610	478320	4203167	43.80
1966	35-39	0.00194	0.00965	2.73	95350	920	474659	3724847	39.07
1966	40-44	0.00317	0.01576	2.67	94429	1488	468688	3250188	34.42
1966	45-49	0.00519	0.02564	2.71	92942	2383	459257	2781501	29.93
1966	50-54	0.00854	0.04184	2.65	90559	3789	443884	2322244	25.64
1966	55-59	0.01330	0.06451	2.7	86770	5597	420961	1878360	21.65
1966	60-64	0.02059	0.09817	2.63	81172	7968	386984	1457399	17.95
1966	65-69	0.03038	0.14158	2.6	73204	10364	341101	1070415	14.62
1966	70-74	0.04691	0.21065	2.58	62840	13237	282193	729314	11.61
1966	75-79	0.07064	0.30036	2.51	49603	14899	210908	447120	9.01
1966	80-84	0.10888	0.42652	2.46	34704	14802	135947	236212	6.81
1966	85-89	0.16525	0.57180	2.31	19902	11380	68863	100264	5.04
1966	90-94	0.24795	0.72427	2.13	8522	6172	24893	31401	3.68
1966	95-99	0.34540	0.83927	1.94	2350	1972	5710	6508	2.77
1966	100-104	0.46425	0.91685	1.7	378	346	746	799	2.12
1966	105-109	0.58901	0.95856	1.48	31	30	51	53	1.69
1966	110+	0.68825	1.00000	1.45	1	1	2	2	1.45
1967	0	0.02009	0.01974	0.1	100000	1974	98232	7131655	71.32
1967	1-4	0.00073	0.00293	1.66	98026	287	391433	7033423	71.75
1967	5-9	0.00036	0.00181	2.33	97739	177	488226	6641990	67.96
1967	10-14	0.00035	0.00175	2.63	97563	171	487409	6153764	63.07
1967	15-19	0.00082	0.00408	2.81	97392	397	486088	5666355	58.18
1967	20-24	0.00097	0.00485	2.46	96994	470	483776	5180267	53.41
1967	25-29	0.00098	0.00489	2.56	96524	472	481470	4696491	48.66
1967	30-34	0.00121	0.00605	2.62	96052	581	478879	4215021	43.88
1967	35-39	0.00206	0.01028	2.7	95471	981	475102	3736142	39.13
1967	40-44	0.00308	0.01530	2.69	94490	1445	469108	3261040	34.51
1967	45-49	0.00504	0.02491	2.69	93045	2317	459864	2791932	30.01
1967	50-54	0.00842	0.04127	2.63	90727	3745	444762	2332068	25.70
1967	55-59	0.01310	0.06353	2.63	86983	5526	421834	1887306	21.70
1967	60-64	0.02054	0.09791	2.63	81457	7975	388350	1465472	17.99
1967	65-69	0.03040	0.14177	2.62	73481	10417	342631	1077122	14.66
1967	70-74	0.04680	0.21026	2.59	63064	13260	283322	734492	11.65
1967	75-79	0.07057	0.30021	2.51	49804	14952	211865	451170	9.06
1967	80-84	0.10614	0.41821	2.47	34852	14576	137321	239305	6.87
1967	85-89	0.16536	0.57283	2.32	20277	11615	70244	101984	5.03
1967	90-94	0.24862	0.72511	2.13	8662	6281	25262	31740	3.66
1967	95-99	0.35206	0.84556	1.93	2381	2013	5718	6478	2.72
1967	100-104	0.47583	0.92240	1.68	368	339	713	760	2.07
1967	105-109	0.60443	0.96218	1.46	29	27	45	47	1.65
1967	110+	0.70555	1.00000	1.42	1	1	2	2	1.42
1968	0	0.01989	0.01954	0.1	100000	1954	98248	7119619	71.20
1968	1-4	0.00073	0.00291	1.67	98046	285	391518	7021370	71.61
1968	5-9	0.00037	0.00183	2.3	97761	179	488319	6629853	67.82
1968	10-14	0.00034	0.00171	2.65	97582	167	487517	6141533	62.94
1968	15-19	0.00085	0.00424	2.73	97415	413	486136	5654016	58.04
1968	20-24	0.00109	0.00543	2.42	97002	526	483649	5167880	53.28
1968	25-29	0.00101	0.00504	2.47	96475	486	481146	4684231	48.55
1968	30-34	0.00135	0.00673	2.66	95989	646	478432	4203085	43.79
1968	35-39	0.00197	0.00979	2.59	95343	933	474472	3724653	39.07
1968	40-44	0.00305	0.01513	2.68	94410	1428	468740	3250181	34.43
1968	45-49	0.00516	0.02551	2.68	92982	2372	459413	2781442	29.91
1968	50-54	0.00864	0.04236	2.7	90610	3838	444222	2322029	25.63
1968	55-59	0.01344	0.06512	2.64	86772	5650	420515	1877807	21.64
1968	60-64	0.02018	0.09630	2.63	81122	7812	387100	1457292	17.96
1968	65-69	0.03030	0.14120	2.59	73310	10351	341646	1070192	14.60
1968	70-74	0.04731	0.21206	2.56	62959	13351	282216	728546	11.57
1968	75-79	0.07146	0.30325	2.51	49608	15043	210511	446330	9.00
1968	80-84	0.10714	0.42125	2.46	34565	14560	135899	235820	6.82
1968	85-89	0.16774	0.58045	2.35	20004	11612	69222	99921	4.99
1968	90-94	0.24856	0.72810	2.16	8393	6111	24585	30698	3.66
1968	95-99	0.35821	0.85081	1.91	2282	1942	5420	6114	2.68
1968	100-104	0.48325	0.92559	1.67	340	315	652	693	2.04
1968	105-109	0.61210	0.96378	1.45	25	24	40	41	1.63
1968	110+	0.71275	1.00000	1.4	1	1	1	1	1.40
1969	0	0.01925	0.01892	0.1	100000	1892	98300	7162218	71.62
1969	1-4	0.00067	0.00269	1.79	98108	264	391848	7063918	72.00
1969	5-9	0.00036	0.00181	2.29	97844	177	488741	6672069	68.19
1969	10-14	0.00031	0.00152	2.66	97667	149	487987	6183328	63.31
1969	15-19	0.00084	0.00418	2.66	97518	408	486638	5695341	58.40
1969	20-24	0.00105	0.00522	2.48	97110	507	484273	5208702	53.64
1969	25-29	0.00101	0.00503	2.54	96604	486	481822	4724429	48.91
1969	30-34	0.00139	0.00694	2.59	96118	667	478979	4242608	44.14
1969	35-39	0.00196	0.00974	2.69	95450	930	475102	3763629	39.43
1969	40-44	0.00325	0.01614	2.74	94521	1526	469158	3288527	34.79
1969	45-49	0.00493	0.02435	2.64	92995	2264	459637	2819369	30.32
1969	50-54	0.00822	0.04033	2.67	90730	3659	445129	2359732	26.01
1969	55-59	0.01299	0.06303	2.64	87071	5488	422411	1914603	21.99
1969	60-64	0.01974	0.09427	2.63	81583	7691	389686	1492192	18.29
1969	65-69	0.03013	0.14040	2.58	73892	10374	344342	1102506	14.92
1969	70-74	0.04448	0.20101	2.61	63518	12768	287035	758164	11.94
1969	75-79	0.06853	0.29320	2.54	50750	14880	217124	471129	9.28
1969	80-84	0.10216	0.40617	2.48	35870	14569	142615	254006	7.08
1969	85-89	0.15796	0.55642	2.34	21300	11852	75032	111391	5.23
1969	90-94	0.23379	0.70783	2.21	9448	6688	28606	36359	3.85
1969	95-99	0.33977	0.83455	1.95	2761	2304	6781	7753	2.81
1969	100-104	0.46074	0.91545	1.71	457	418	908	973	2.13
1969	105-109	0.58809	0.95848	1.48	39	37	63	65	1.69
1969	110+	0.68928	1.00000	1.45	2	2	2	2	1.45
1970	0	0.01807	0.01778	0.1	100000	1778	98397	7191390	71.91
1970	1-4	0.00065	0.00259	1.74	98222	254	392315	7092992	72.21
1970	5-9	0.00037	0.00185	2.31	97968	181	489352	6700678	68.40
1970	10-14	0.00032	0.00160	2.87	97787	157	488600	6211326	63.52
1970	15-19	0.00084	0.00418	2.81	97630	408	487255	5722725	58.62
1970	20-24	0.00100	0.00501	2.45	97222	487	484868	5235470	53.85
1970	25-29	0.00107	0.00534	2.5	96735	516	482386	4750602	49.11
1970	30-34	0.00128	0.00640	2.68	96219	616	479665	4268216	44.36
1970	35-39	0.00193	0.00960	2.75	95603	917	475950	3788551	39.63
1970	40-44	0.00326	0.01616	2.68	94686	1530	469879	3312601	34.99
1970	45-49	0.00504	0.02492	2.65	93156	2321	460320	2842721	30.52
1970	50-54	0.00804	0.03946	2.68	90835	3584	445858	2382401	26.23
1970	55-59	0.01261	0.06120	2.63	87251	5340	423620	1936543	22.20
1970	60-64	0.01953	0.09334	2.63	81911	7645	391460	1512923	18.47
1970	65-69	0.02935	0.13715	2.61	74266	10185	347029	1121463	15.10
1970	70-74	0.04397	0.19901	2.62	64081	12753	290054	774434	12.09
1970	75-79	0.06727	0.28829	2.52	51328	14797	219976	484380	9.44
1970	80-84	0.09829	0.39451	2.5	36530	14411	146618	264404	7.24
1970	85-89	0.15520	0.54774	2.32	22119	12115	78065	117786	5.33
1970	90-94	0.22519	0.69277	2.22	10004	6930	30774	39720	3.97
1970	95-99	0.32636	0.82165	1.98	3073	2525	7737	8946	2.91
1970	100-104	0.44398	0.90702	1.74	548	497	1120	1209	2.20
1970	105-109	0.56981	0.95393	1.51	51	49	85	89	1.74
1970	110+	0.67109	1.00000	1.49	2	2	3	3	1.49
1971	0	0.01644	0.01620	0.09	100000	1620	98532	7226278	72.26
1971	1-4	0.00061	0.00243	1.72	98380	239	392973	7127746	72.45
1971	5-9	0.00037	0.00186	2.33	98140	182	490216	6734773	68.62
1971	10-14	0.00033	0.00165	2.81	97958	161	489437	6244557	63.75
1971	15-19	0.00095	0.00473	2.84	97797	462	487989	5755119	58.85
1971	20-24	0.00108	0.00538	2.52	97335	523	485377	5267130	54.11
1971	25-29	0.00107	0.00532	2.52	96811	515	482780	4781753	49.39
1971	30-34	0.00130	0.00650	2.71	96297	626	480046	4298972	44.64
1971	35-39	0.00178	0.00885	2.72	95670	847	476419	3818926	39.92
1971	40-44	0.00310	0.01541	2.68	94823	1461	470734	3342507	35.25
1971	45-49	0.00505	0.02494	2.65	93362	2328	461340	2871773	30.76
1971	50-54	0.00767	0.03765	2.66	91034	3427	447147	2410433	26.48
1971	55-59	0.01244	0.06044	2.64	87607	5295	425554	1963287	22.41
1971	60-64	0.01905	0.09114	2.63	82311	7502	393811	1537733	18.68
1971	65-69	0.02798	0.13108	2.6	74809	9806	350491	1143922	15.29
1971	70-74	0.04221	0.19148	2.58	65003	12447	294894	793431	12.21
1971	75-79	0.06643	0.28571	2.55	52556	15016	226026	498537	9.49
1971	80-84	0.09778	0.39300	2.5	37541	14753	150882	272511	7.26
1971	85-89	0.15277	0.54301	2.34	22787	12374	80993	121629	5.34
1971	90-94	0.22960	0.69712	2.18	10413	7259	31618	40636	3.90
1971	95-99	0.33289	0.82824	1.97	3154	2612	7847	9018	2.86
1971	100-104	0.45368	0.91210	1.72	542	494	1089	1170	2.16
1971	105-109	0.58154	0.95695	1.49	48	46	78	81	1.71
1971	110+	0.68354	1.00000	1.46	2	2	3	3	1.46
1972	0	0.01528	0.01507	0.09	100000	1507	98631	7240822	72.41
1972	1-4	0.00068	0.00270	1.64	98493	266	393344	7142191	72.51
1972	5-9	0.00035	0.00176	2.24	98227	173	490655	6748847	68.71
1972	10-14	0.00033	0.00167	2.66	98053	164	489884	6258192	63.82
1972	15-19	0.00095	0.00476	2.74	97890	466	488397	5768309	58.93
1972	20-24	0.00097	0.00484	2.51	97424	472	485942	5279911	54.20
1972	25-29	0.00097	0.00486	2.54	96952	471	483599	4793969	49.45
1972	30-34	0.00121	0.00604	2.57	96481	583	480990	4310370	44.68
1972	35-39	0.00191	0.00948	2.72	95898	910	477413	3829380	39.93
1972	40-44	0.00304	0.01511	2.74	94988	1435	471700	3351967	35.29
1972	45-49	0.00495	0.02445	2.69	93553	2287	462489	2880267	30.79
1972	50-54	0.00773	0.03796	2.65	91266	3465	448184	2417778	26.49
1972	55-59	0.01226	0.05955	2.61	87802	5228	426522	1969594	22.43
1972	60-64	0.01870	0.08956	2.64	82573	7395	395447	1543072	18.69
1972	65-69	0.02876	0.13449	2.6	75178	10111	351590	1147626	15.27
1972	70-74	0.04295	0.19467	2.6	65067	12667	294948	796036	12.23
1972	75-79	0.06661	0.28638	2.55	52401	15006	225305	501088	9.56
1972	80-84	0.09552	0.38503	2.48	37394	14398	150739	275783	7.37
1972	85-89	0.14958	0.53665	2.37	22996	12341	82506	125044	5.44
1972	90-94	0.22358	0.68660	2.19	10655	7316	32722	42538	3.99
1972	95-99	0.32255	0.81812	1.99	3339	2732	8470	9815	2.94
1972	100-104	0.44171	0.90604	1.75	607	550	1246	1345	2.21
1972	105-109	0.56968	0.95401	1.51	57	54	96	99	1.74
1972	110+	0.67259	1.00000	1.49	3	3	4	4	1.49
1973	0	0.01525	0.01504	0.09	100000	1504	98632	7259592	72.60
1973	1-4	0.00059	0.00237	1.69	98496	234	393442	7160959	72.70
1973	5-9	0.00035	0.00176	2.31	98262	173	490842	6767518	68.87
1973	10-14	0.00033	0.00165	2.77	98088	162	490080	6276676	63.99
1973	15-19	0.00091	0.00452	2.86	97927	443	488687	5786595	59.09
1973	20-24	0.00107	0.00535	2.39	97484	521	486058	5297909	54.35
1973	25-29	0.00106	0.00531	2.4	96962	515	483472	4811851	49.63
1973	30-34	0.00121	0.00605	2.67	96448	584	480879	4328379	44.88
1973	35-39	0.00178	0.00885	2.63	95864	849	477307	3847500	40.14
1973	40-44	0.00300	0.01487	2.66	95015	1413	471768	3370194	35.47
1973	45-49	0.00488	0.02415	2.69	93602	2261	462796	2898425	30.97
1973	50-54	0.00740	0.03639	2.66	91341	3324	448927	2435629	26.67
1973	55-59	0.01209	0.05878	2.65	88018	5174	427929	1986702	22.57
1973	60-64	0.01865	0.08929	2.61	82844	7397	396569	1558773	18.82
1973	65-69	0.02762	0.12945	2.58	75446	9767	353594	1162203	15.40
1973	70-74	0.04133	0.18786	2.58	65679	12339	298547	808609	12.31
1973	75-79	0.06527	0.28122	2.54	53341	15001	229819	510062	9.56
1973	80-84	0.09751	0.39190	2.5	38340	15025	154084	280243	7.31
1973	85-89	0.15059	0.53993	2.38	23315	12588	83593	126159	5.41
1973	90-94	0.22531	0.69063	2.2	10726	7408	32879	42566	3.97
1973	95-99	0.32513	0.82065	1.98	3318	2723	8376	9687	2.92
1973	100-104	0.44441	0.90743	1.74	595	540	1215	1311	2.20
1973	105-109	0.57235	0.95470	1.51	55	53	92	96	1.74
1973	110+	0.67527	1.00000	1.48	2	2	4	4	1.48
1974	0	0.01461	0.01442	0.09	100000	1442	98686	7306899	73.07
1974	1-4	0.00063	0.00252	1.75	98558	249	393672	7208213	73.14
1974	5-9	0.00032	0.00159	2.32	98309	156	491128	6814541	69.32
1974	10-14	0.00028	0.00142	2.77	98153	139	490456	6323413	64.42
1974	15-19	0.00084	0.00419	2.93	98014	410	489220	5832957	59.51
1974	20-24	0.00102	0.00511	2.39	97604	499	486718	5343737	54.75
1974	25-29	0.00099	0.00495	2.56	97105	480	484354	4857020	50.02
1974	30-34	0.00113	0.00565	2.69	96625	546	481859	4372665	45.25
1974	35-39	0.00177	0.00879	2.65	96078	845	478406	3890806	40.50
1974	40-44	0.00284	0.01412	2.73	95233	1344	473115	3412400	35.83
1974	45-49	0.00492	0.02434	2.69	93889	2285	464165	2939285	31.31
1974	50-54	0.00723	0.03554	2.66	91604	3255	450397	2475120	27.02
1974	55-59	0.01159	0.05642	2.69	88349	4985	430227	2024723	22.92
1974	60-64	0.01808	0.08668	2.64	83365	7226	399736	1594496	19.13
1974	65-69	0.02680	0.12590	2.59	76138	9585	357632	1194760	15.69
1974	70-74	0.04006	0.18262	2.59	66553	12154	303422	837128	12.58
1974	75-79	0.06206	0.26946	2.56	54399	14658	236211	533706	9.81
1974	80-84	0.09298	0.37716	2.5	39741	14989	161197	297496	7.49
1974	85-89	0.14698	0.52985	2.37	24752	13115	89228	136299	5.51
1974	90-94	0.21975	0.68160	2.21	11637	7932	36095	47070	4.04
1974	95-99	0.31967	0.81528	2	3705	3021	9450	10975	2.96
1974	100-104	0.43884	0.90456	1.75	684	619	1411	1525	2.23
1974	105-109	0.56710	0.95337	1.52	65	62	110	114	1.75
1974	110+	0.67056	1.00000	1.49	3	3	5	5	1.49
1975	0	0.01387	0.01369	0.09	100000	1369	98749	7367885	73.68
1975	1-4	0.00050	0.00199	1.72	98631	197	394074	7269136	73.70
1975	5-9	0.00029	0.00143	2.23	98434	141	491782	6875062	69.84
1975	10-14	0.00027	0.00135	2.86	98293	133	491184	6383280	64.94
1975	15-19	0.00082	0.00410	2.88	98161	402	489953	5892096	60.02
1975	20-24	0.00106	0.00527	2.48	97759	515	487495	5402143	55.26
1975	25-29	0.00099	0.00496	2.48	97244	482	485001	4914648	50.54
1975	30-34	0.00116	0.00580	2.62	96762	561	482473	4429646	45.78
1975	35-39	0.00163	0.00811	2.67	96200	780	479185	3947174	41.03
1975	40-44	0.00270	0.01339	2.72	95420	1278	474190	3467989	36.34
1975	45-49	0.00465	0.02301	2.68	94142	2166	465684	2993799	31.80
1975	50-54	0.00709	0.03486	2.65	91976	3206	452358	2528115	27.49
1975	55-59	0.01114	0.05429	2.66	88770	4819	432553	2075757	23.38
1975	60-64	0.01723	0.08276	2.62	83951	6948	403228	1643204	19.57
1975	65-69	0.02564	0.12080	2.61	77003	9302	362774	1239975	16.10
1975	70-74	0.03838	0.17586	2.62	67701	11906	310188	877201	12.96
1975	75-79	0.05856	0.25627	2.57	55795	14299	244161	567013	10.16
1975	80-84	0.08860	0.36238	2.49	41496	15038	169734	322852	7.78
1975	85-89	0.13648	0.50404	2.41	26459	13336	97713	153118	5.79
1975	90-94	0.20947	0.66579	2.26	13123	8737	41709	55406	4.22
1975	95-99	0.30090	0.79494	2.03	4386	3486	11586	13697	3.12
1975	100-104	0.41496	0.89076	1.8	899	801	1931	2111	2.35
1975	105-109	0.54033	0.94569	1.56	98	93	172	180	1.83
1975	110+	0.64305	1.00000	1.56	5	5	8	8	1.56
1976	0	0.01244	0.01230	0.08	100000	1230	98872	7400941	74.01
1976	1-4	0.00049	0.00198	1.65	98770	195	394623	7302069	73.93
1976	5-9	0.00026	0.00130	2.31	98575	128	492532	6907446	70.07
1976	10-14	0.00024	0.00119	2.69	98447	118	491965	6414914	65.16
1976	15-19	0.00075	0.00374	2.91	98330	368	490881	5922949	60.24
1976	20-24	0.00101	0.00502	2.53	97962	491	488596	5432068	55.45
1976	25-29	0.00092	0.00459	2.53	97470	448	486245	4943472	50.72
1976	30-34	0.00102	0.00508	2.58	97023	492	483921	4457228	45.94
1976	35-39	0.00157	0.00783	2.65	96530	756	480875	3973306	41.16
1976	40-44	0.00255	0.01268	2.7	95774	1214	476079	3492431	36.47
1976	45-49	0.00435	0.02155	2.69	94560	2038	468086	3016352	31.90
1976	50-54	0.00699	0.03438	2.64	92522	3181	455107	2548266	27.54
1976	55-59	0.01080	0.05269	2.66	89341	4707	435709	2093159	23.43
1976	60-64	0.01696	0.08157	2.65	84634	6904	406951	1657450	19.58
1976	65-69	0.02536	0.11954	2.6	77730	9292	366389	1250498	16.09
1976	70-74	0.03788	0.17349	2.58	68438	11874	313445	884109	12.92
1976	75-79	0.05858	0.25599	2.54	56564	14480	247195	570664	10.09
1976	80-84	0.08940	0.36591	2.52	42084	15399	172248	323470	7.69
1976	85-89	0.14023	0.51399	2.4	26685	13716	97809	151222	5.67
1976	90-94	0.21456	0.67360	2.24	12969	8736	40717	53414	4.12
1976	95-99	0.31477	0.81062	2.01	4233	3432	10902	12697	3.00
1976	100-104	0.43644	0.90362	1.76	802	724	1660	1795	2.24
1976	105-109	0.56826	0.95388	1.52	77	74	130	135	1.75
1976	110+	0.67461	1.00000	1.48	4	4	5	5	1.48
1977	0	0.01192	0.01179	0.08	100000	1179	98917	7457384	74.57
1977	1-4	0.00049	0.00195	1.72	98821	193	394846	7358467	74.46
1977	5-9	0.00025	0.00124	2.48	98628	122	492835	6963621	70.60
1977	10-14	0.00027	0.00137	2.72	98506	135	492224	6470787	65.69
1977	15-19	0.00076	0.00380	2.9	98371	374	491071	5978563	60.78
1977	20-24	0.00098	0.00490	2.43	97997	480	488755	5487492	56.00
1977	25-29	0.00095	0.00474	2.45	97517	463	486405	4998737	51.26
1977	30-34	0.00107	0.00535	2.62	97055	519	484038	4512332	46.49
1977	35-39	0.00143	0.00713	2.74	96535	689	481117	4028294	41.73
1977	40-44	0.00250	0.01242	2.78	95847	1190	476591	3547177	37.01
1977	45-49	0.00410	0.02029	2.68	94656	1921	468835	3070586	32.44
1977	50-54	0.00675	0.03321	2.65	92736	3080	456441	2601751	28.06
1977	55-59	0.01041	0.05082	2.66	89656	4556	437607	2145309	23.93
1977	60-64	0.01601	0.07714	2.64	85100	6564	410012	1707702	20.07
1977	65-69	0.02452	0.11584	2.61	78535	9097	370962	1297690	16.52
1977	70-74	0.03637	0.16703	2.56	69438	11598	318934	926728	13.35
1977	75-79	0.05512	0.24277	2.55	57840	14042	254758	607794	10.51
1977	80-84	0.08426	0.34846	2.52	43798	15262	181130	353036	8.06
1977	85-89	0.12985	0.48594	2.41	28536	13867	106792	171906	6.02
1977	90-94	0.19484	0.63583	2.27	14669	9327	47873	65114	4.44
1977	95-99	0.28949	0.78180	2.06	5342	4177	14427	17241	3.23
1977	100-104	0.40229	0.88289	1.82	1166	1029	2558	2814	2.41
1977	105-109	0.52812	0.94193	1.59	137	129	243	256	1.88
1977	110+	0.63210	1.00000	1.58	8	8	13	13	1.58
1978	0	0.01131	0.01120	0.08	100000	1120	98970	7466435	74.66
1978	1-4	0.00046	0.00185	1.67	98880	183	395096	7367465	74.51
1978	5-9	0.00027	0.00137	2.06	98698	136	493090	6972369	70.64
1978	10-14	0.00026	0.00132	2.64	98562	130	492505	6479279	65.74
1978	15-19	0.00081	0.00407	2.89	98433	400	491318	5986774	60.82
1978	20-24	0.00104	0.00519	2.44	98032	509	488859	5495456	56.06
1978	25-29	0.00098	0.00487	2.4	97524	475	486385	5006597	51.34
1978	30-34	0.00106	0.00531	2.6	97049	515	484009	4520212	46.58
1978	35-39	0.00142	0.00705	2.73	96533	681	481120	4036203	41.81
1978	40-44	0.00255	0.01266	2.71	95853	1213	476486	3555084	37.09
1978	45-49	0.00423	0.02097	2.68	94639	1984	468585	3078597	32.53
1978	50-54	0.00658	0.03238	2.67	92655	3000	456272	2610013	28.17
1978	55-59	0.00995	0.04862	2.66	89655	4359	438058	2153740	24.02
1978	60-64	0.01630	0.07847	2.64	85296	6693	410697	1715682	20.11
1978	65-69	0.02415	0.11410	2.59	78602	8968	371432	1304985	16.60
1978	70-74	0.03607	0.16598	2.6	69634	11558	320386	933553	13.41
1978	75-79	0.05349	0.23639	2.54	58077	13729	256674	613167	10.56
1978	80-84	0.08399	0.34677	2.49	44348	15378	183097	356493	8.04
1978	85-89	0.13046	0.48739	2.41	28969	14119	108226	173396	5.99
1978	90-94	0.19871	0.64373	2.27	14850	9559	48107	65170	4.39
1978	95-99	0.28964	0.78205	2.06	5291	4138	14285	17063	3.23
1978	100-104	0.40315	0.88354	1.82	1153	1019	2527	2778	2.41
1978	105-109	0.52993	0.94259	1.58	134	127	239	251	1.87
1978	110+	0.63467	1.00000	1.58	8	8	12	12	1.58
1979	0	0.01128	0.01116	0.08	100000	1116	98972	7500560	75.01
1979	1-4	0.00042	0.00170	1.83	98884	168	395170	7401588	74.85
1979	5-9	0.00027	0.00136	2.39	98716	135	493227	7006418	70.98
1979	10-14	0.00024	0.00120	2.88	98581	119	492654	6513192	66.07
1979	15-19	0.00083	0.00416	2.9	98463	409	491455	6020538	61.15
1979	20-24	0.00104	0.00521	2.42	98053	511	488948	5529083	56.39
1979	25-29	0.00098	0.00489	2.44	97543	477	486493	5040135	51.67
1979	30-34	0.00100	0.00500	2.51	97065	485	484118	4553642	46.91
1979	35-39	0.00142	0.00709	2.67	96580	685	481306	4069524	42.14
1979	40-44	0.00238	0.01183	2.67	95895	1134	476838	3588218	37.42
1979	45-49	0.00387	0.01920	2.74	94761	1819	469694	3111380	32.83
1979	50-54	0.00651	0.03209	2.72	92942	2982	457909	2641686	28.42
1979	55-59	0.00979	0.04787	2.67	89959	4306	439773	2183777	24.28
1979	60-64	0.01548	0.07470	2.67	85653	6398	413379	1744004	20.36
1979	65-69	0.02373	0.11229	2.61	79255	8900	374996	1330624	16.79
1979	70-74	0.03531	0.16268	2.59	70355	11445	324158	955628	13.58
1979	75-79	0.05269	0.23362	2.58	58910	13763	261187	631470	10.72
1979	80-84	0.08231	0.34191	2.53	45147	15436	187539	370283	8.20
1979	85-89	0.12633	0.47539	2.4	29711	14124	111802	182745	6.15
1979	90-94	0.18913	0.62461	2.28	15587	9736	51477	70943	4.55
1979	95-99	0.27954	0.76938	2.08	5851	4502	16104	19465	3.33
1979	100-104	0.38882	0.87362	1.85	1349	1179	3032	3361	2.49
1979	105-109	0.51219	0.93641	1.61	171	160	312	329	1.93
1979	110+	0.61502	1.00000	1.63	11	11	18	18	1.63
1980	0	0.01065	0.01055	0.08	100000	1055	99028	7476917	74.77
1980	1-4	0.00046	0.00185	1.56	98945	183	395335	7377890	74.57
1980	5-9	0.00025	0.00125	2.38	98762	123	493490	6982555	70.70
1980	10-14	0.00025	0.00126	2.82	98639	124	492925	6489065	65.79
1980	15-19	0.00081	0.00404	2.91	98515	398	491741	5996140	60.87
1980	20-24	0.00108	0.00540	2.5	98117	530	489261	5504398	56.10
1980	25-29	0.00098	0.00487	2.51	97587	475	486754	5015138	51.39
1980	30-34	0.00104	0.00517	2.61	97112	502	484359	4528384	46.63
1980	35-39	0.00149	0.00743	2.63	96610	718	481350	4044025	41.86
1980	40-44	0.00238	0.01184	2.73	95892	1136	476882	3562675	37.15
1980	45-49	0.00377	0.01869	2.72	94756	1771	469740	3085793	32.57
1980	50-54	0.00634	0.03124	2.68	92985	2905	458187	2616053	28.13
1980	55-59	0.01028	0.05017	2.65	90080	4520	439777	2157867	23.95
1980	60-64	0.01557	0.07509	2.64	85561	6425	412621	1718089	20.08
1980	65-69	0.02419	0.11435	2.62	79136	9049	374144	1305469	16.50
1980	70-74	0.03569	0.16432	2.59	70087	11516	322661	931325	13.29
1980	75-79	0.05501	0.24229	2.54	58571	14191	257982	608664	10.39
1980	80-84	0.08516	0.35111	2.5	44380	15582	182972	350681	7.90
1980	85-89	0.13410	0.49720	2.4	28797	14318	106770	167710	5.82
1980	90-94	0.20857	0.66021	2.22	14479	9559	45833	60939	4.21
1980	95-99	0.30613	0.80162	2.03	4920	3944	12883	15106	3.07
1980	100-104	0.42832	0.89935	1.78	976	878	2049	2223	2.28
1980	105-109	0.56206	0.95238	1.53	98	94	166	173	1.77
1980	110+	0.67055	1.00000	1.49	5	5	7	7	1.49
1981	0	0.01054	0.01044	0.08	100000	1044	99037	7527005	75.27
1981	1-4	0.00045	0.00181	1.66	98956	180	395403	7427968	75.06
1981	5-9	0.00027	0.00134	2.28	98777	132	493522	7032565	71.20
1981	10-14	0.00023	0.00116	2.69	98644	114	492956	6539043	66.29
1981	15-19	0.00070	0.00347	2.87	98530	342	491921	6046087	61.36
1981	20-24	0.00095	0.00472	2.42	98188	464	489743	5554166	56.57
1981	25-29	0.00097	0.00484	2.5	97724	473	487439	5064422	51.82
1981	30-34	0.00099	0.00496	2.55	97251	482	485074	4576984	47.06
1981	35-39	0.00142	0.00705	2.68	96769	683	482257	4091910	42.29
1981	40-44	0.00222	0.01103	2.72	96086	1060	478017	3609652	37.57
1981	45-49	0.00387	0.01917	2.71	95026	1822	470957	3131635	32.96
1981	50-54	0.00626	0.03084	2.72	93204	2875	459470	2660679	28.55
1981	55-59	0.00965	0.04717	2.65	90329	4261	441633	2201209	24.37
1981	60-64	0.01528	0.07376	2.64	86068	6349	415375	1759576	20.44
1981	65-69	0.02343	0.11092	2.6	79720	8842	377413	1344201	16.86
1981	70-74	0.03462	0.15982	2.6	70877	11328	327220	966788	13.64
1981	75-79	0.05225	0.23161	2.55	59549	13792	263968	639568	10.74
1981	80-84	0.08116	0.33759	2.51	45757	15447	190330	375601	8.21
1981	85-89	0.12718	0.47795	2.4	30310	14487	113905	185270	6.11
1981	90-94	0.19172	0.62940	2.27	15823	9959	51948	71366	4.51
1981	95-99	0.28085	0.77126	2.08	5864	4523	16104	19418	3.31
1981	100-104	0.39223	0.87619	1.84	1341	1175	2996	3314	2.47
1981	105-109	0.51777	0.93851	1.6	166	156	301	317	1.91
1981	110+	0.62222	1.00000	1.61	10	10	16	16	1.61
1982	0	0.01035	0.01025	0.08	100000	1025	99054	7552635	75.53
1982	1-4	0.00044	0.00177	1.66	98975	175	395488	7453582	75.31
1982	5-9	0.00022	0.00110	2.36	98799	109	493709	7058093	71.44
1982	10-14	0.00023	0.00115	2.8	98690	113	493201	6564385	66.52
1982	15-19	0.00069	0.00346	2.93	98577	342	492176	6071183	61.59
1982	20-24	0.00086	0.00427	2.52	98235	420	490135	5579008	56.79
1982	25-29	0.00092	0.00461	2.52	97816	450	487962	5088873	52.03
1982	30-34	0.00099	0.00494	2.55	97365	481	485649	4600911	47.25
1982	35-39	0.00129	0.00645	2.66	96884	625	482962	4115262	42.48
1982	40-44	0.00212	0.01057	2.65	96259	1017	478909	3632300	37.73
1982	45-49	0.00368	0.01824	2.73	95242	1737	472262	3153391	33.11
1982	50-54	0.00619	0.03053	2.68	93505	2854	460907	2681129	28.67
1982	55-59	0.00958	0.04684	2.66	90650	4246	443302	2220222	24.49
1982	60-64	0.01518	0.07331	2.66	86405	6335	417208	1776920	20.57
1982	65-69	0.02324	0.11016	2.64	80070	8821	379539	1359712	16.98
1982	70-74	0.03484	0.16088	2.62	71249	11463	329010	980174	13.76
1982	75-79	0.05224	0.23180	2.57	59787	13858	265292	651163	10.89
1982	80-84	0.07916	0.33105	2.53	45928	15204	192078	385872	8.40
1982	85-89	0.12187	0.46380	2.42	30724	14250	116926	193794	6.31
1982	90-94	0.18282	0.61096	2.29	16474	10065	55054	76868	4.67
1982	95-99	0.27187	0.75974	2.1	6409	4869	17911	21814	3.40
1982	100-104	0.38129	0.86843	1.87	1540	1337	3507	3903	2.53
1982	105-109	0.50585	0.93425	1.62	203	189	374	396	1.95
1982	110+	0.61011	1.00000	1.64	13	13	22	22	1.64
1983	0	0.00943	0.00935	0.07	100000	935	99134	7556226	75.56
1983	1-4	0.00039	0.00156	1.62	99065	155	395891	7457091	75.27
1983	5-9	0.00021	0.00103	2.19	98910	102	494263	7061200	71.39
1983	10-14	0.00022	0.00108	2.75	98808	107	493801	6566937	66.46
1983	15-19	0.00067	0.00336	2.84	98701	331	492791	6073136	61.53
1983	20-24	0.00091	0.00453	2.49	98370	446	490731	5580345	56.73
1983	25-29	0.00086	0.00428	2.53	97924	419	488588	5089614	51.97
1983	30-34	0.00098	0.00490	2.64	97505	478	486400	4601026	47.19
1983	35-39	0.00137	0.00682	2.72	97027	662	483630	4114626	42.41
1983	40-44	0.00212	0.01053	2.71	96366	1015	479503	3630996	37.68
1983	45-49	0.00358	0.01775	2.75	95351	1692	472949	3151494	33.05
1983	50-54	0.00614	0.03025	2.69	93659	2833	461734	2678544	28.60
1983	55-59	0.00966	0.04723	2.69	90825	4290	444207	2216810	24.41
1983	60-64	0.01510	0.07293	2.67	86535	6311	418000	1772603	20.48
1983	65-69	0.02280	0.10822	2.65	80224	8682	380739	1354603	16.89
1983	70-74	0.03494	0.16125	2.61	71543	11536	330128	973864	13.61
1983	75-79	0.05209	0.23126	2.58	60007	13877	266416	643736	10.73
1983	80-84	0.08042	0.33542	2.53	46129	15473	192407	377319	8.18
1983	85-89	0.12707	0.47851	2.42	30656	14669	115442	184912	6.03
1983	90-94	0.20112	0.64840	2.26	15987	10366	51542	69470	4.35
1983	95-99	0.29270	0.78648	2.06	5621	4421	15104	17928	3.19
1983	100-104	0.41324	0.89061	1.81	1200	1069	2587	2824	2.35
1983	105-109	0.54747	0.94840	1.55	131	125	227	238	1.81
1983	110+	0.65754	1.00000	1.52	7	7	10	10	1.52
1984	0	0.00951	0.00943	0.07	100000	943	99128	7562414	75.62
1984	1-4	0.00034	0.00134	1.49	99057	133	395895	7463287	75.34
1984	5-9	0.00018	0.00092	2.34	98924	91	494379	7067392	71.44
1984	10-14	0.00021	0.00103	2.68	98833	102	493928	6573013	66.51
1984	15-19	0.00064	0.00319	2.89	98731	315	492990	6079084	61.57
1984	20-24	0.00087	0.00435	2.45	98416	428	490986	5586094	56.76
1984	25-29	0.00082	0.00407	2.54	97988	399	488956	5095108	52.00
1984	30-34	0.00103	0.00511	2.57	97589	499	486732	4606152	47.20
1984	35-39	0.00137	0.00682	2.65	97090	662	483889	4119420	42.43
1984	40-44	0.00210	0.01044	2.69	96427	1007	479815	3635531	37.70
1984	45-49	0.00359	0.01778	2.74	95420	1697	473275	3155717	33.07
1984	50-54	0.00592	0.02918	2.69	93724	2735	462309	2682442	28.62
1984	55-59	0.00956	0.04679	2.7	90988	4257	445155	2220133	24.40
1984	60-64	0.01497	0.07228	2.65	86731	6269	418909	1774978	20.47
1984	65-69	0.02274	0.10791	2.64	80462	8683	381828	1356069	16.85
1984	70-74	0.03553	0.16357	2.58	71779	11741	330458	974241	13.57
1984	75-79	0.05263	0.23348	2.58	60038	14018	266324	643782	10.72
1984	80-84	0.08025	0.33490	2.53	46020	15412	192054	377459	8.20
1984	85-89	0.12781	0.48142	2.44	30608	14736	115290	185405	6.06
1984	90-94	0.19523	0.63801	2.29	15873	10127	51870	70115	4.42
1984	95-99	0.29427	0.78830	2.06	5746	4529	15392	18245	3.18
1984	100-104	0.41481	0.89151	1.8	1216	1084	2614	2853	2.35
1984	105-109	0.54852	0.94866	1.55	132	125	228	239	1.81
1984	110+	0.65800	1.00000	1.52	7	7	10	10	1.52
1985	0	0.00944	0.00936	0.07	100000	936	99134	7560304	75.60
1985	1-4	0.00038	0.00151	1.64	99064	149	395905	7461170	75.32
1985	5-9	0.00018	0.00091	2.4	98915	90	494340	7065264	71.43
1985	10-14	0.00019	0.00095	2.92	98824	94	493928	6570925	66.49
1985	15-19	0.00068	0.00341	2.86	98731	336	492936	6076997	61.55
1985	20-24	0.00084	0.00419	2.47	98394	412	490929	5584061	56.75
1985	25-29	0.00087	0.00435	2.53	97982	427	488854	5093132	51.98
1985	30-34	0.00108	0.00537	2.59	97555	524	486512	4604278	47.20
1985	35-39	0.00137	0.00683	2.62	97031	663	483583	4117766	42.44
1985	40-44	0.00213	0.01058	2.7	96369	1020	479495	3634183	37.71
1985	45-49	0.00348	0.01729	2.74	95349	1648	473023	3154688	33.09
1985	50-54	0.00577	0.02848	2.69	93701	2668	462340	2681665	28.62
1985	55-59	0.00938	0.04589	2.67	91032	4177	445449	2219326	24.38
1985	60-64	0.01528	0.07377	2.64	86855	6407	419183	1773877	20.42
1985	65-69	0.02309	0.10947	2.63	80448	8807	381393	1354693	16.84
1985	70-74	0.03515	0.16201	2.59	71641	11606	330220	973301	13.59
1985	75-79	0.05215	0.23140	2.57	60035	13892	266390	643081	10.71
1985	80-84	0.08052	0.33560	2.52	46143	15486	192309	376690	8.16
1985	85-89	0.12819	0.48112	2.41	30657	14750	115063	184381	6.01
1985	90-94	0.19907	0.64469	2.27	15907	10255	51516	69318	4.36
1985	95-99	0.29695	0.79155	2.05	5652	4474	15066	17802	3.15
1985	100-104	0.41924	0.89431	1.79	1178	1054	2513	2736	2.32
1985	105-109	0.55463	0.95048	1.54	125	118	213	223	1.79
1985	110+	0.66512	1.00000	1.5	6	6	9	9	1.50
1986	0	0.00888	0.00881	0.07	100000	881	99184	7579860	75.80
1986	1-4	0.00042	0.00166	1.77	99119	164	396111	7480676	75.47
1986	5-9	0.00019	0.00096	2.33	98955	95	494521	7084565	71.59
1986	10-14	0.00021	0.00107	2.71	98860	106	494055	6590045	66.66
1986	15-19	0.00067	0.00335	2.73	98753	331	493017	6095990	61.73
1986	20-24	0.00081	0.00404	2.49	98423	398	491115	5602972	56.93
1986	25-29	0.00094	0.00470	2.54	98025	461	488991	5111858	52.15
1986	30-34	0.00108	0.00537	2.54	97564	524	486533	4622867	47.38
1986	35-39	0.00144	0.00720	2.67	97040	698	483571	4136334	42.62
1986	40-44	0.00204	0.01013	2.7	96342	976	479460	3652763	37.91
1986	45-49	0.00338	0.01676	2.69	95366	1599	473138	3173303	33.28
1986	50-54	0.00567	0.02796	2.69	93767	2622	462777	2700165	28.80
1986	55-59	0.00909	0.04453	2.69	91145	4059	446359	2237388	24.55
1986	60-64	0.01442	0.06974	2.64	87086	6074	421109	1791029	20.57
1986	65-69	0.02224	0.10565	2.64	81012	8559	384855	1369920	16.91
1986	70-74	0.03479	0.16037	2.56	72453	11619	333964	985065	13.60
1986	75-79	0.05229	0.23206	2.58	60834	14117	269958	651101	10.70
1986	80-84	0.08029	0.33439	2.5	46716	15622	194571	381144	8.16
1986	85-89	0.12837	0.48250	2.43	31095	15003	116871	186573	6.00
1986	90-94	0.19999	0.64449	2.24	16092	10371	51858	69702	4.33
1986	95-99	0.30027	0.79543	2.04	5721	4550	15154	17844	3.12
1986	100-104	0.42390	0.89709	1.79	1170	1050	2477	2690	2.30
1986	105-109	0.56007	0.95200	1.53	120	115	205	213	1.77
1986	110+	0.67075	1.00000	1.49	6	6	9	9	1.49
1987	0	0.00802	0.00796	0.07	100000	796	99260	7598122	75.98
1987	1-4	0.00036	0.00145	1.7	99204	144	396485	7498862	75.59
1987	5-9	0.00019	0.00094	2.45	99060	93	495064	7102377	71.70
1987	10-14	0.00021	0.00103	2.62	98967	102	494593	6607313	66.76
1987	15-19	0.00061	0.00306	2.8	98865	303	493660	6112720	61.83
1987	20-24	0.00083	0.00415	2.53	98562	409	491801	5619060	57.01
1987	25-29	0.00096	0.00481	2.53	98153	472	489599	5127259	52.24
1987	30-34	0.00121	0.00601	2.61	97682	587	487006	4637659	47.48
1987	35-39	0.00145	0.00721	2.61	97094	700	483798	4150653	42.75
1987	40-44	0.00206	0.01024	2.64	96395	988	479647	3666855	38.04
1987	45-49	0.00343	0.01704	2.71	95407	1626	473318	3187208	33.41
1987	50-54	0.00574	0.02832	2.66	93782	2656	462690	2713890	28.94
1987	55-59	0.00878	0.04303	2.66	91126	3921	446463	2251200	24.70
1987	60-64	0.01434	0.06936	2.63	87205	6049	421713	1804737	20.70
1987	65-69	0.02193	0.10422	2.62	81156	8458	385653	1383023	17.04
1987	70-74	0.03411	0.15756	2.59	72698	11455	335846	997370	13.72
1987	75-79	0.05149	0.22895	2.58	61243	14022	272338	661524	10.80
1987	80-84	0.08032	0.33520	2.53	47222	15829	197074	389186	8.24
1987	85-89	0.12484	0.47248	2.43	31393	14832	118806	192112	6.12
1987	90-94	0.19470	0.63648	2.28	16561	10540	54137	73306	4.43
1987	95-99	0.29329	0.78718	2.06	6020	4739	16158	19169	3.18
1987	100-104	0.41386	0.89095	1.8	1281	1141	2758	3011	2.35
1987	105-109	0.54771	0.94843	1.55	140	133	242	253	1.81
1987	110+	0.65734	1.00000	1.52	7	7	11	11	1.52
1988	0	0.00830	0.00824	0.07	100000	824	99235	7596140	75.96
1988	1-4	0.00036	0.00144	1.68	99176	143	396374	7496905	75.59
1988	5-9	0.00022	0.00110	2.31	99033	109	494874	7100531	71.70
1988	10-14	0.00019	0.00095	2.76	98925	94	494413	6605657	66.77
1988	15-19	0.00069	0.00347	2.85	98831	343	493418	6111244	61.84
1988	20-24	0.00083	0.00412	2.53	98488	406	491440	5617827	57.04
1988	25-29	0.00096	0.00481	2.6	98082	472	489276	5126386	52.27
1988	30-34	0.00119	0.00594	2.55	97610	580	486630	4637110	47.51
1988	35-39	0.00148	0.00735	2.55	97030	713	483401	4150480	42.78
1988	40-44	0.00218	0.01085	2.66	96317	1045	479142	3667079	38.07
1988	45-49	0.00346	0.01717	2.68	95272	1636	472565	3187937	33.46
1988	50-54	0.00552	0.02727	2.68	93637	2553	462264	2715372	29.00
1988	55-59	0.00907	0.04442	2.68	91083	4046	446019	2253107	24.74
1988	60-64	0.01411	0.06828	2.66	87038	5943	421258	1807088	20.76
1988	65-69	0.02152	0.10238	2.63	81095	8303	385773	1385830	17.09
1988	70-74	0.03418	0.15804	2.62	72792	11504	336538	1000057	13.74
1988	75-79	0.04958	0.22121	2.57	61288	13557	273445	663519	10.83
1988	80-84	0.07954	0.33244	2.53	47731	15868	199496	390074	8.17
1988	85-89	0.12837	0.48314	2.44	31863	15394	119919	190578	5.98
1988	90-94	0.20234	0.65149	2.27	16469	10729	53026	70659	4.29
1988	95-99	0.30536	0.80148	2.04	5739	4600	15064	17632	3.07
1988	100-104	0.43290	0.90244	1.77	1139	1028	2375	2568	2.25
1988	105-109	0.57221	0.95532	1.51	111	106	186	193	1.73
1988	110+	0.68442	1.00000	1.46	5	5	7	7	1.46
1989	0	0.00861	0.00854	0.07	100000	854	99207	7639958	76.40
1989	1-4	0.00035	0.00139	1.73	99146	137	396270	7540750	76.06
1989	5-9	0.00019	0.00096	2.34	99008	95	494789	7144480	72.16
1989	10-14	0.00023	0.00114	2.67	98913	113	494305	6649691	67.23
1989	15-19	0.00064	0.00320	2.71	98801	316	493277	6155386	62.30
1989	20-24	0.00085	0.00425	2.56	98484	419	491401	5662109	57.49
1989	25-29	0.00093	0.00462	2.53	98065	453	489208	5170708	52.73
1989	30-34	0.00118	0.00588	2.61	97613	574	486690	4681501	47.96
1989	35-39	0.00156	0.00778	2.57	97039	755	483359	4194810	43.23
1989	40-44	0.00208	0.01036	2.61	96284	997	479042	3711452	38.55
1989	45-49	0.00316	0.01570	2.68	95287	1496	472962	3232410	33.92
1989	50-54	0.00525	0.02594	2.67	93791	2433	463283	2759448	29.42
1989	55-59	0.00868	0.04256	2.72	91358	3888	447907	2296164	25.13
1989	60-64	0.01393	0.06744	2.65	87469	5899	423484	1848257	21.13
1989	65-69	0.02097	0.09987	2.63	81570	8147	388506	1424773	17.47
1989	70-74	0.03259	0.15116	2.61	73423	11099	340601	1036268	14.11
1989	75-79	0.04869	0.21758	2.56	62324	13561	278508	695667	11.16
1989	80-84	0.07590	0.31981	2.54	48764	15595	205462	417158	8.55
1989	85-89	0.11720	0.45069	2.44	33169	14949	127549	211697	6.38
1989	90-94	0.18403	0.61260	2.27	18220	11162	60650	84148	4.62
1989	95-99	0.27832	0.76886	2.09	7058	5427	19499	23498	3.33
1989	100-104	0.39526	0.87895	1.84	1631	1434	3628	3999	2.45
1989	105-109	0.52734	0.94214	1.59	197	186	353	371	1.88
1989	110+	0.63688	1.00000	1.57	11	11	18	18	1.57
1990	0	0.00760	0.00755	0.07	100000	755	99298	7684786	76.85
1990	1-4	0.00032	0.00129	1.61	99245	128	396675	7585488	76.43
1990	5-9	0.00017	0.00084	2.23	99117	83	495357	7188813	72.53
1990	10-14	0.00018	0.00090	2.92	99034	89	494985	6693457	67.59
1990	15-19	0.00065	0.00324	2.71	98945	321	493992	6198471	62.65
1990	20-24	0.00074	0.00369	2.62	98624	364	492253	5704480	57.84
1990	25-29	0.00092	0.00457	2.62	98260	449	490232	5212226	53.05
1990	30-34	0.00112	0.00558	2.57	97811	546	487732	4721994	48.28
1990	35-39	0.00147	0.00734	2.54	97265	714	484570	4234262	43.53
1990	40-44	0.00193	0.00963	2.61	96551	930	480531	3749692	38.84
1990	45-49	0.00305	0.01516	2.7	95621	1449	474776	3269161	34.19
1990	50-54	0.00516	0.02550	2.69	94172	2402	465313	2794385	29.67
1990	55-59	0.00839	0.04113	2.68	91770	3775	450108	2329071	25.38
1990	60-64	0.01322	0.06413	2.65	87995	5643	426736	1878963	21.35
1990	65-69	0.02064	0.09842	2.64	82352	8105	392662	1452227	17.63
1990	70-74	0.03147	0.14624	2.59	74248	10858	345056	1059565	14.27
1990	75-79	0.04753	0.21319	2.59	63390	13514	284335	714509	11.27
1990	80-84	0.07469	0.31504	2.52	49876	15713	210375	430175	8.62
1990	85-89	0.11586	0.44723	2.45	34163	15279	131872	219800	6.43
1990	90-94	0.18291	0.61378	2.32	18884	11591	63369	87927	4.66
1990	95-99	0.27444	0.76401	2.1	7293	5572	20304	24558	3.37
1990	100-104	0.39156	0.87656	1.85	1721	1509	3853	4254	2.47
1990	105-109	0.52464	0.94135	1.59	212	200	381	401	1.89
1990	110+	0.63529	1.00000	1.57	12	12	20	20	1.57
1991	0	0.00697	0.00693	0.07	100000	693	99354	7705802	77.06
1991	1-4	0.00030	0.00121	1.62	99307	120	396945	7606448	76.59
1991	5-9	0.00016	0.00082	2.49	99188	81	495734	7209503	72.69
1991	10-14	0.00018	0.00088	3.02	99106	87	495359	6713769	67.74
1991	15-19	0.00062	0.00310	2.94	99019	307	494466	6218411	62.80
1991	20-24	0.00074	0.00372	2.59	98713	367	492679	5723945	57.99
1991	25-29	0.00088	0.00441	2.52	98346	433	490653	5231266	53.19
1991	30-34	0.00118	0.00587	2.56	97912	575	488161	4740613	48.42
1991	35-39	0.00161	0.00800	2.64	97338	779	484852	4252452	43.69
1991	40-44	0.00205	0.01021	2.64	96559	986	480466	3767600	39.02
1991	45-49	0.00311	0.01544	2.66	95573	1476	474409	3287134	34.39
1991	50-54	0.00480	0.02373	2.67	94097	2233	465291	2812725	29.89
1991	55-59	0.00824	0.04044	2.67	91864	3715	450661	2347433	25.55
1991	60-64	0.01330	0.06447	2.65	88149	5683	427402	1896773	21.52
1991	65-69	0.01978	0.09447	2.64	82466	7791	393942	1469371	17.82
1991	70-74	0.03051	0.14229	2.64	74675	10625	348304	1075429	14.40
1991	75-79	0.04632	0.20798	2.55	64050	13321	287590	727124	11.35
1991	80-84	0.07322	0.31028	2.54	50729	15740	214984	439535	8.66
1991	85-89	0.11522	0.44504	2.44	34989	15571	135139	224551	6.42
1991	90-94	0.18476	0.61490	2.28	19417	11940	64622	89412	4.60
1991	95-99	0.27921	0.77051	2.09	7478	5762	20635	24790	3.32
1991	100-104	0.40040	0.88282	1.83	1716	1515	3784	4154	2.42
1991	105-109	0.53707	0.94549	1.57	201	190	354	371	1.84
1991	110+	0.64987	1.00000	1.54	11	11	17	17	1.54
1992	0	0.00693	0.00688	0.07	100000	688	99358	7710982	77.11
1992	1-4	0.00029	0.00115	1.63	99312	114	396977	7611623	76.64
1992	5-9	0.00013	0.00063	2.36	99198	63	495825	7214646	72.73
1992	10-14	0.00017	0.00087	2.93	99135	86	495498	6718821	67.77
1992	15-19	0.00054	0.00272	2.63	99049	269	494607	6223323	62.83
1992	20-24	0.00069	0.00346	2.53	98780	342	493055	5728716	57.99
1992	25-29	0.00082	0.00408	2.66	98438	401	491251	5235661	53.19
1992	30-34	0.00127	0.00632	2.61	98037	620	488706	4744411	48.39
1992	35-39	0.00165	0.00819	2.62	97417	798	485182	4255704	43.69
1992	40-44	0.00216	0.01075	2.62	96619	1039	480622	3770522	39.02
1992	45-49	0.00328	0.01627	2.66	95580	1555	474266	3289900	34.42
1992	50-54	0.00487	0.02407	2.73	94025	2264	464976	2815634	29.95
1992	55-59	0.00810	0.03976	2.7	91761	3649	450406	2350658	25.62
1992	60-64	0.01292	0.06271	2.65	88113	5525	427575	1900252	21.57
1992	65-69	0.01991	0.09508	2.64	82588	7852	394371	1472677	17.83
1992	70-74	0.03048	0.14219	2.64	74735	10627	348615	1078306	14.43
1992	75-79	0.04619	0.20761	2.56	64109	13309	288135	729691	11.38
1992	80-84	0.07286	0.30882	2.53	50800	15688	215306	441556	8.69
1992	85-89	0.11561	0.44647	2.45	35111	15676	135592	226251	6.44
1992	90-94	0.18203	0.60950	2.29	19435	11846	65076	90658	4.66
1992	95-99	0.27400	0.76356	2.1	7590	5795	21150	25582	3.37
1992	100-104	0.39178	0.87677	1.85	1794	1573	4016	4432	2.47
1992	105-109	0.52536	0.94161	1.59	221	208	396	417	1.88
1992	110+	0.63629	1.00000	1.57	13	13	20	20	1.57
1993	0	0.00661	0.00657	0.07	100000	657	99387	7694817	76.95
1993	1-4	0.00033	0.00134	1.44	99343	133	397035	7595430	76.46
1993	5-9	0.00015	0.00076	2.33	99211	75	495853	7198395	72.56
1993	10-14	0.00021	0.00107	2.97	99136	106	495464	6702542	67.61
1993	15-19	0.00061	0.00304	2.76	99029	301	494474	6207078	62.68
1993	20-24	0.00069	0.00345	2.49	98728	340	492788	5712604	57.86
1993	25-29	0.00087	0.00436	2.66	98388	429	490938	5219816	53.05
1993	30-34	0.00129	0.00645	2.61	97960	632	488287	4728878	48.27
1993	35-39	0.00168	0.00838	2.6	97328	815	484680	4240591	43.57
1993	40-44	0.00228	0.01134	2.57	96513	1094	479908	3755911	38.92
1993	45-49	0.00309	0.01532	2.63	95419	1462	473625	3276003	34.33
1993	50-54	0.00495	0.02446	2.63	93957	2298	464327	2802378	29.83
1993	55-59	0.00797	0.03914	2.68	91658	3587	449985	2338051	25.51
1993	60-64	0.01315	0.06378	2.64	88071	5617	427089	1888066	21.44
1993	65-69	0.01980	0.09457	2.63	82454	7798	393821	1460977	17.72
1993	70-74	0.03025	0.14107	2.62	74656	10532	348211	1067156	14.29
1993	75-79	0.04700	0.21097	2.57	64124	13528	287804	718945	11.21
1993	80-84	0.07334	0.31052	2.53	50596	15711	214222	431141	8.52
1993	85-89	0.12013	0.46009	2.46	34885	16050	133612	216919	6.22
1993	90-94	0.19483	0.64013	2.32	18835	12057	61883	83307	4.42
1993	95-99	0.29487	0.79018	2.06	6778	5356	18163	21424	3.16
1993	100-104	0.42467	0.89825	1.79	1422	1277	3008	3261	2.29
1993	105-109	0.56791	0.95446	1.52	145	138	243	253	1.75
1993	110+	0.68363	1.00000	1.46	7	7	10	10	1.46
1994	0	0.00660	0.00656	0.07	100000	656	99388	7716951	77.17
1994	1-4	0.00027	0.00109	1.68	99344	108	397127	7617562	76.68
1994	5-9	0.00014	0.00068	2.47	99236	67	496013	7220436	72.76
1994	10-14	0.00021	0.00104	2.86	99169	104	495626	6724423	67.81
1994	15-19	0.00060	0.00298	2.84	99066	295	494691	6228797	62.88
1994	20-24	0.00072	0.00360	2.51	98771	356	492969	5734106	58.05
1994	25-29	0.00086	0.00429	2.71	98415	422	491108	5241137	53.26
1994	30-34	0.00126	0.00627	2.63	97993	614	488509	4750029	48.47
1994	35-39	0.00173	0.00863	2.59	97379	841	484870	4261520	43.76
1994	40-44	0.00229	0.01138	2.59	96538	1098	480043	3776650	39.12
1994	45-49	0.00313	0.01555	2.64	95440	1484	473696	3296608	34.54
1994	50-54	0.00486	0.02403	2.64	93956	2257	464441	2822912	30.05
1994	55-59	0.00784	0.03849	2.68	91698	3529	450321	2358470	25.72
1994	60-64	0.01273	0.06181	2.66	88169	5450	428081	1908150	21.64
1994	65-69	0.01975	0.09439	2.65	82719	7808	395278	1480069	17.89
1994	70-74	0.02988	0.13948	2.62	74911	10449	349655	1084791	14.48
1994	75-79	0.04520	0.20398	2.61	64462	13149	290899	735136	11.40
1994	80-84	0.07175	0.30499	2.54	51313	15650	218132	444237	8.66
1994	85-89	0.11837	0.45432	2.44	35663	16202	136876	226106	6.34
1994	90-94	0.18510	0.61759	2.31	19461	12019	64931	89230	4.59
1994	95-99	0.28405	0.77686	2.08	7442	5781	20353	24299	3.27
1994	100-104	0.40863	0.88833	1.82	1661	1475	3610	3945	2.38
1994	105-109	0.54801	0.94887	1.56	185	176	321	335	1.81
1994	110+	0.66217	1.00000	1.51	9	9	14	14	1.51
1995	0	0.00600	0.00597	0.07	100000	597	99442	7732079	77.32
1995	1-4	0.00027	0.00109	1.68	99403	108	397362	7632637	76.78
1995	5-9	0.00013	0.00066	2.19	99295	65	496292	7235275	72.87
1995	10-14	0.00020	0.00100	2.69	99230	99	495918	6738983	67.91
1995	15-19	0.00054	0.00268	2.79	99130	265	495063	6243065	62.98
1995	20-24	0.00071	0.00357	2.46	98865	353	493429	5748002	58.14
1995	25-29	0.00083	0.00415	2.71	98512	409	491624	5254573	53.34
1995	30-34	0.00130	0.00647	2.61	98103	635	488995	4762948	48.55
1995	35-39	0.00169	0.00844	2.57	97468	822	485341	4273953	43.85
1995	40-44	0.00224	0.01115	2.52	96646	1078	480558	3788612	39.20
1995	45-49	0.00317	0.01574	2.65	95568	1505	474310	3308054	34.61
1995	50-54	0.00476	0.02352	2.67	94063	2212	465154	2833744	30.13
1995	55-59	0.00760	0.03733	2.67	91851	3429	451262	2368590	25.79
1995	60-64	0.01243	0.06038	2.65	88423	5339	429567	1917328	21.68
1995	65-69	0.01923	0.09197	2.64	83084	7641	397372	1487761	17.91
1995	70-74	0.02932	0.13698	2.6	75443	10334	352456	1090389	14.45
1995	75-79	0.04573	0.20605	2.6	65108	13416	293341	737933	11.33
1995	80-84	0.07270	0.30854	2.55	51692	15949	219384	444592	8.60
1995	85-89	0.11804	0.45345	2.45	35743	16208	137313	225208	6.30
1995	90-94	0.18875	0.62552	2.3	19536	12220	64742	87895	4.50
1995	95-99	0.29441	0.78968	2.06	7316	5777	19623	23153	3.16
1995	100-104	0.42432	0.89806	1.79	1539	1382	3256	3531	2.29
1995	105-109	0.56756	0.95437	1.52	157	150	264	274	1.75
1995	110+	0.68325	1.00000	1.46	7	7	10	10	1.46
1996	0	0.00548	0.00545	0.06	100000	545	99490	7766658	77.67
1996	1-4	0.00027	0.00108	1.57	99455	108	397560	7667168	77.09
1996	5-9	0.00015	0.00074	2.26	99348	74	496536	7269608	73.17
1996	10-14	0.00018	0.00088	2.73	99274	87	496171	6773072	68.23
1996	15-19	0.00051	0.00255	2.93	99187	252	495411	6276901	63.28
1996	20-24	0.00069	0.00346	2.46	98934	342	493802	5781490	58.44
1996	25-29	0.00074	0.00369	2.69	98592	363	492122	5287688	53.63
1996	30-34	0.00108	0.00537	2.69	98229	528	489924	4795567	48.82
1996	35-39	0.00143	0.00715	2.6	97701	698	486834	4305643	44.07
1996	40-44	0.00204	0.01015	2.65	97003	984	482706	3818809	39.37
1996	45-49	0.00303	0.01502	2.64	96019	1442	476683	3336103	34.74
1996	50-54	0.00458	0.02265	2.73	94576	2143	468022	2859419	30.23
1996	55-59	0.00737	0.03622	2.71	92434	3348	454490	2391398	25.87
1996	60-64	0.01209	0.05879	2.65	89086	5237	433135	1936907	21.74
1996	65-69	0.01864	0.08929	2.66	83848	7487	401732	1503772	17.93
1996	70-74	0.02950	0.13778	2.61	76362	10521	356690	1102040	14.43
1996	75-79	0.04523	0.20410	2.61	65840	13438	297094	745350	11.32
1996	80-84	0.07358	0.31162	2.55	52402	16330	221933	448256	8.55
1996	85-89	0.11821	0.45438	2.46	36073	16391	138663	226323	6.27
1996	90-94	0.19193	0.63258	2.31	19682	12450	64867	87660	4.45
1996	95-99	0.29589	0.79135	2.06	7232	5723	19341	22793	3.15
1996	100-104	0.42570	0.89881	1.79	1509	1356	3186	3452	2.29
1996	105-109	0.56861	0.95462	1.52	153	146	256	266	1.75
1996	110+	0.68396	1.00000	1.46	7	7	10	10	1.46
1997	0	0.00588	0.00585	0.06	100000	585	99453	7791957	77.92
1997	1-4	0.00025	0.00099	1.69	99415	99	397431	7692504	77.38
1997	5-9	0.00010	0.00048	2.44	99316	48	496458	7295073	73.45
1997	10-14	0.00019	0.00094	2.77	99268	94	496132	6798616	68.49
1997	15-19	0.00050	0.00249	2.78	99174	247	495323	6302484	63.55
1997	20-24	0.00067	0.00333	2.5	98927	329	493815	5807161	58.70
1997	25-29	0.00064	0.00319	2.61	98598	315	492237	5313346	53.89
1997	30-34	0.00092	0.00458	2.65	98283	451	490360	4821109	49.05
1997	35-39	0.00129	0.00643	2.68	97833	629	487707	4330749	44.27
1997	40-44	0.00186	0.00928	2.64	97204	902	483889	3843043	39.54
1997	45-49	0.00285	0.01417	2.61	96302	1364	478249	3359154	34.88
1997	50-54	0.00449	0.02221	2.7	94938	2108	469840	2880905	30.35
1997	55-59	0.00733	0.03604	2.69	92829	3346	456420	2411065	25.97
1997	60-64	0.01167	0.05680	2.68	89483	5083	435645	1954644	21.84
1997	65-69	0.01851	0.08869	2.65	84400	7485	404424	1518999	18.00
1997	70-74	0.02850	0.13335	2.59	76915	10257	359891	1114575	14.49
1997	75-79	0.04486	0.20263	2.61	66658	13507	301064	754684	11.32
1997	80-84	0.07347	0.31155	2.56	53151	16559	225386	453619	8.53
1997	85-89	0.11922	0.45699	2.45	36592	16722	140269	228233	6.24
1997	90-94	0.19323	0.63531	2.31	19870	12624	65330	87964	4.43
1997	95-99	0.29896	0.79502	2.06	7246	5761	19270	22633	3.12
1997	100-104	0.43051	0.90162	1.78	1485	1339	3111	3363	2.26
1997	105-109	0.57467	0.95619	1.51	146	140	243	252	1.73
1997	110+	0.69047	1.00000	1.45	6	6	9	9	1.45
1998	0	0.00610	0.00607	0.07	100000	607	99433	7803935	78.04
1998	1-4	0.00022	0.00088	1.45	99393	88	397348	7704503	77.52
1998	5-9	0.00009	0.00043	2.38	99305	43	496414	7307154	73.58
1998	10-14	0.00012	0.00062	2.77	99262	62	496174	6810740	68.61
1998	15-19	0.00053	0.00265	2.93	99201	262	495459	6314566	63.65
1998	20-24	0.00068	0.00341	2.51	98938	337	493849	5819107	58.82
1998	25-29	0.00065	0.00327	2.46	98601	322	492185	5325257	54.01
1998	30-34	0.00090	0.00449	2.64	98279	441	490351	4833073	49.18
1998	35-39	0.00128	0.00640	2.67	97838	626	487726	4342722	44.39
1998	40-44	0.00190	0.00946	2.61	97211	920	483857	3854995	39.66
1998	45-49	0.00274	0.01362	2.63	96292	1311	478358	3371139	35.01
1998	50-54	0.00430	0.02127	2.71	94981	2020	470287	2892781	30.46
1998	55-59	0.00705	0.03468	2.68	92961	3224	457315	2422493	26.06
1998	60-64	0.01164	0.05668	2.67	89737	5087	436851	1965179	21.90
1998	65-69	0.01852	0.08867	2.61	84650	7506	405330	1528327	18.05
1998	70-74	0.02817	0.13198	2.61	77144	10181	361388	1122997	14.56
1998	75-79	0.04415	0.19993	2.64	66963	13388	303224	761610	11.37
1998	80-84	0.07278	0.30912	2.57	53575	16561	227563	458386	8.56
1998	85-89	0.11829	0.45490	2.46	37014	16838	142339	230823	6.24
1998	90-94	0.19521	0.63996	2.31	20176	12912	66144	88484	4.39
1998	95-99	0.30416	0.80126	2.05	7264	5821	19136	22339	3.08
1998	100-104	0.43998	0.90704	1.76	1444	1309	2976	3203	2.22
1998	105-109	0.58760	0.95943	1.49	134	129	219	227	1.69
1998	110+	0.70493	1.00000	1.42	5	5	8	8	1.42
1999	0	0.00563	0.00560	0.06	100000	560	99476	7822213	78.22
1999	1-4	0.00021	0.00082	1.75	99440	82	397575	7722737	77.66
1999	5-9	0.00012	0.00060	2.6	99358	60	496646	7325162	73.73
1999	10-14	0.00016	0.00078	2.84	99298	77	496323	6828516	68.77
1999	15-19	0.00047	0.00236	2.9	99221	234	495612	6332193	63.82
1999	20-24	0.00070	0.00351	2.7	98986	347	494133	5836580	58.96
1999	25-29	0.00065	0.00323	2.58	98639	318	492427	5342448	54.16
1999	30-34	0.00089	0.00443	2.69	98321	435	490600	4850021	49.33
1999	35-39	0.00128	0.00639	2.64	97886	625	487953	4359420	44.54
1999	40-44	0.00186	0.00928	2.74	97260	902	484260	3871467	39.81
1999	45-49	0.00273	0.01358	2.64	96358	1308	478707	3387207	35.15
1999	50-54	0.00425	0.02102	2.69	95050	1998	470630	2908500	30.60
1999	55-59	0.00689	0.03389	2.68	93052	3154	457927	2437869	26.20
1999	60-64	0.01113	0.05423	2.67	89898	4876	438136	1979943	22.02
1999	65-69	0.01768	0.08488	2.66	85022	7217	408218	1541807	18.13
1999	70-74	0.02782	0.13047	2.62	77805	10151	364882	1133589	14.57
1999	75-79	0.04356	0.19728	2.61	67654	13347	306389	768707	11.36
1999	80-84	0.07301	0.30964	2.55	54307	16816	230309	462318	8.51
1999	85-89	0.11974	0.45843	2.44	37492	17187	143537	232009	6.19
1999	90-94	0.19723	0.64310	2.3	20304	13058	66208	88472	4.36
1999	95-99	0.30460	0.80161	2.05	7247	5809	19071	22265	3.07
1999	100-104	0.43939	0.90661	1.76	1438	1303	2966	3194	2.22
1999	105-109	0.58574	0.95893	1.49	134	129	220	228	1.70
1999	110+	0.70218	1.00000	1.42	6	6	8	8	1.42
2000	0	0.00554	0.00551	0.06	100000	551	99484	7817233	78.17
2000	1-4	0.00022	0.00087	1.56	99449	86	397586	7717749	77.61
2000	5-9	0.00012	0.00062	2.38	99363	61	496654	7320163	73.67
2000	10-14	0.00015	0.00075	2.71	99302	74	496339	6823509	68.71
2000	15-19	0.00047	0.00236	2.79	99227	235	495619	6327170	63.76
2000	20-24	0.00068	0.00340	2.55	98993	336	494142	5831551	58.91
2000	25-29	0.00067	0.00335	2.6	98657	331	492491	5337409	54.10
2000	30-34	0.00081	0.00404	2.5	98326	397	490636	4844918	49.27
2000	35-39	0.00136	0.00676	2.57	97929	662	488033	4354282	44.46
2000	40-44	0.00196	0.00977	2.67	97267	950	484117	3866249	39.75
2000	45-49	0.00291	0.01443	2.64	96317	1390	478297	3382132	35.11
2000	50-54	0.00428	0.02120	2.67	94927	2013	469945	2903835	30.59
2000	55-59	0.00692	0.03405	2.7	92914	3164	457295	2433890	26.20
2000	60-64	0.01101	0.05368	2.66	89750	4817	437456	1976595	22.02
2000	65-69	0.01759	0.08445	2.64	84933	7172	407751	1539138	18.12
2000	70-74	0.02759	0.12947	2.63	77760	10068	364903	1131387	14.55
2000	75-79	0.04414	0.19949	2.59	67692	13504	305914	766485	11.32
2000	80-84	0.07260	0.30831	2.56	54189	16707	230111	460570	8.50
2000	85-89	0.12052	0.46103	2.45	37482	17280	143379	230459	6.15
2000	90-94	0.19964	0.64973	2.31	20202	13126	65746	87080	4.31
2000	95-99	0.31125	0.80908	2.03	7076	5725	18394	21334	3.01
2000	100-104	0.44929	0.91184	1.74	1351	1232	2742	2940	2.18
2000	105-109	0.59747	0.96163	1.47	119	115	192	198	1.66
2000	110+	0.71407	1.00000	1.4	5	5	6	6	1.40
2001	0	0.00548	0.00545	0.06	100000	545	99490	7831139	78.31
2001	1-4	0.00022	0.00088	1.71	99455	87	397621	7731649	77.74
2001	5-9	0.00011	0.00054	2.41	99368	53	496701	7334028	73.81
2001	10-14	0.00014	0.00072	2.67	99314	71	496406	6837327	68.85
2001	15-19	0.00049	0.00245	2.95	99243	243	495719	6340922	63.89
2001	20-24	0.00071	0.00356	2.56	99000	353	494141	5845203	59.04
2001	25-29	0.00079	0.00392	2.55	98648	386	492292	5351062	54.24
2001	30-34	0.00089	0.00445	2.56	98261	437	490238	4858770	49.45
2001	35-39	0.00134	0.00668	2.73	97824	654	487635	4368532	44.66
2001	40-44	0.00202	0.01006	2.7	97171	978	483605	3880897	39.94
2001	45-49	0.00294	0.01458	2.68	96193	1403	477714	3397291	35.32
2001	50-54	0.00417	0.02063	2.71	94790	1955	469471	2919577	30.80
2001	55-59	0.00673	0.03313	2.73	92834	3076	457188	2450107	26.39
2001	60-64	0.01050	0.05125	2.66	89758	4600	438022	1992919	22.20
2001	65-69	0.01725	0.08291	2.66	85158	7061	409282	1554897	18.26
2001	70-74	0.02692	0.12652	2.63	78097	9881	367080	1145615	14.67
2001	75-79	0.04267	0.19339	2.58	68216	13192	309195	778535	11.41
2001	80-84	0.07176	0.30547	2.57	55024	16808	234245	469340	8.53
2001	85-89	0.12129	0.46404	2.47	38215	17733	146212	235096	6.15
2001	90-94	0.19721	0.64415	2.31	20482	13193	66902	88884	4.34
2001	95-99	0.31093	0.80898	2.04	7288	5896	18963	21982	3.02
2001	100-104	0.45094	0.91286	1.74	1392	1271	2818	3019	2.17
2001	105-109	0.60135	0.96257	1.47	121	117	194	200	1.65
2001	110+	0.71935	1.00000	1.39	5	5	6	6	1.39
2002	0	0.00544	0.00541	0.06	100000	541	99493	7840291	78.40
2002	1-4	0.00021	0.00083	1.66	99459	82	397644	7740798	77.83
2002	5-9	0.00012	0.00058	2.37	99377	57	496733	7343154	73.89
2002	10-14	0.00012	0.00061	2.7	99319	61	496457	6846421	68.93
2002	15-19	0.00044	0.00218	2.96	99259	217	495851	6349963	63.97
2002	20-24	0.00076	0.00377	2.53	99042	373	494288	5854112	59.11
2002	25-29	0.00077	0.00384	2.52	98669	379	492404	5359824	54.32
2002	30-34	0.00090	0.00447	2.59	98290	440	490387	4867420	49.52
2002	35-39	0.00130	0.00648	2.66	97850	634	487768	4377034	44.73
2002	40-44	0.00203	0.01012	2.65	97216	984	483772	3889266	40.01
2002	45-49	0.00290	0.01442	2.69	96232	1388	477951	3405494	35.39
2002	50-54	0.00426	0.02109	2.64	94845	2000	469511	2927543	30.87
2002	55-59	0.00673	0.03315	2.71	92845	3078	457169	2458032	26.47
2002	60-64	0.01059	0.05167	2.7	89766	4639	438148	2000863	22.29
2002	65-69	0.01649	0.07940	2.67	85128	6759	409909	1562714	18.36
2002	70-74	0.02666	0.12532	2.62	78369	9821	368438	1152805	14.71
2002	75-79	0.04226	0.19186	2.6	68548	13151	311174	784367	11.44
2002	80-84	0.07069	0.30171	2.57	55397	16713	236438	473193	8.54
2002	85-89	0.12172	0.46532	2.47	38683	18000	147884	236755	6.12
2002	90-94	0.19990	0.64866	2.29	20683	13416	67116	88871	4.30
2002	95-99	0.31358	0.81191	2.03	7267	5900	18815	21755	2.99
2002	100-104	0.45486	0.91482	1.73	1367	1250	2749	2940	2.15
2002	105-109	0.60572	0.96349	1.46	116	112	185	191	1.64
2002	110+	0.72352	1.00000	1.38	4	4	6	6	1.38
2003	0	0.00515	0.00513	0.06	100000	513	99519	7865108	78.65
2003	1-4	0.00019	0.00077	1.71	99487	77	397772	7765589	78.06
2003	5-9	0.00011	0.00055	2.32	99410	55	496904	7367817	74.12
2003	10-14	0.00013	0.00064	2.86	99355	63	496640	6870913	69.16
2003	15-19	0.00047	0.00233	2.86	99292	232	495964	6374273	64.20
2003	20-24	0.00076	0.00378	2.53	99060	375	494376	5878308	59.34
2003	25-29	0.00076	0.00379	2.6	98685	374	492530	5383932	54.56
2003	30-34	0.00090	0.00450	2.62	98311	442	490501	4891402	49.75
2003	35-39	0.00133	0.00661	2.71	97869	647	487864	4400901	44.97
2003	40-44	0.00200	0.00995	2.64	97222	968	483820	3913037	40.25
2003	45-49	0.00296	0.01468	2.67	96254	1413	477985	3429216	35.63
2003	50-54	0.00415	0.02056	2.61	94841	1950	469546	2951232	31.12
2003	55-59	0.00652	0.03214	2.69	92892	2985	457564	2481685	26.72
2003	60-64	0.01049	0.05118	2.64	89906	4602	438672	2024121	22.51
2003	65-69	0.01624	0.07823	2.64	85305	6673	410795	1585449	18.59
2003	70-74	0.02568	0.12101	2.62	78631	9515	370537	1174653	14.94
2003	75-79	0.04072	0.18548	2.6	69116	12820	314807	804117	11.63
2003	80-84	0.06821	0.29267	2.58	56297	16476	241561	489310	8.69
2003	85-89	0.11753	0.45326	2.48	39820	18049	153563	247748	6.22
2003	90-94	0.19790	0.64396	2.29	21771	14020	70845	94185	4.33
2003	95-99	0.31125	0.80975	2.04	7751	6277	20166	23340	3.01
2003	100-104	0.45454	0.91490	1.73	1475	1349	2968	3174	2.15
2003	105-109	0.60785	0.96404	1.46	126	121	199	205	1.64
2003	110+	0.72728	1.00000	1.37	5	5	6	6	1.37
2004	0	0.00525	0.00523	0.06	100000	523	99510	7902174	79.02
2004	1-4	0.00019	0.00077	1.54	99477	77	397720	7802664	78.44
2004	5-9	0.00010	0.00050	2.38	99400	50	496870	7404945	74.50
2004	10-14	0.00013	0.00064	2.82	99350	63	496614	6908075	69.53
2004	15-19	0.00045	0.00227	2.88	99287	225	495957	6411461	64.57
2004	20-24	0.00078	0.00391	2.61	99062	388	494384	5915503	59.72
2004	25-29	0.00076	0.00381	2.49	98674	376	492428	5421120	54.94
2004	30-34	0.00081	0.00403	2.69	98298	396	490577	4928692	50.14
2004	35-39	0.00125	0.00625	2.65	97902	612	488073	4438114	45.33
2004	40-44	0.00185	0.00923	2.72	97290	898	484409	3950041	40.60
2004	45-49	0.00289	0.01436	2.66	96393	1384	478726	3465632	35.95
2004	50-54	0.00409	0.02025	2.64	95009	1924	470495	2986906	31.44
2004	55-59	0.00604	0.02977	2.67	93085	2771	458969	2516411	27.03
2004	60-64	0.00990	0.04839	2.67	90314	4370	441390	2057441	22.78
2004	65-69	0.01555	0.07499	2.65	85944	6445	414584	1616052	18.80
2004	70-74	0.02508	0.11841	2.64	79499	9413	375263	1201468	15.11
2004	75-79	0.03929	0.17952	2.6	70085	12582	320229	826204	11.79
2004	80-84	0.06759	0.29093	2.61	57504	16729	247515	505975	8.80
2004	85-89	0.11550	0.44735	2.48	40774	18240	157930	258460	6.34
2004	90-94	0.19033	0.63070	2.33	22534	14212	74673	100530	4.46
2004	95-99	0.30013	0.79725	2.06	8322	6635	22106	25857	3.11
2004	100-104	0.43884	0.90677	1.76	1687	1530	3486	3751	2.22
2004	105-109	0.58970	0.96006	1.49	157	151	256	265	1.68
2004	110+	0.70918	1.00000	1.41	6	6	9	9	1.41
2005	0	0.00575	0.00572	0.06	100000	572	99465	7914406	79.14
2005	1-4	0.00017	0.00067	1.65	99428	66	397558	7814941	78.60
2005	5-9	0.00010	0.00050	2.35	99362	50	496678	7417383	74.65
2005	10-14	0.00013	0.00063	2.63	99312	63	496411	6920705	69.69
2005	15-19	0.00044	0.00219	2.87	99249	218	495781	6424295	64.73
2005	20-24	0.00080	0.00401	2.53	99031	397	494178	5928514	59.86
2005	25-29	0.00073	0.00363	2.49	98635	358	492276	5434336	55.10
2005	30-34	0.00090	0.00449	2.66	98277	441	490349	4942060	50.29
2005	35-39	0.00117	0.00586	2.7	97835	573	487861	4451710	45.50
2005	40-44	0.00186	0.00928	2.71	97262	902	484242	3963850	40.75
2005	45-49	0.00272	0.01352	2.65	96360	1302	478743	3479608	36.11
2005	50-54	0.00415	0.02057	2.65	95057	1955	470699	3000865	31.57
2005	55-59	0.00600	0.02959	2.66	93102	2755	459069	2530166	27.18
2005	60-64	0.00968	0.04735	2.68	90347	4278	441816	2071097	22.92
2005	65-69	0.01519	0.07335	2.65	86069	6314	415541	1629281	18.93
2005	70-74	0.02456	0.11610	2.64	79756	9259	376954	1213740	15.22
2005	75-79	0.03865	0.17704	2.63	70496	12480	322942	836786	11.87
2005	80-84	0.06452	0.27909	2.58	58016	16192	250945	513844	8.86
2005	85-89	0.11455	0.44472	2.49	41824	18600	162379	262899	6.29
2005	90-94	0.19764	0.64248	2.28	23224	14921	75498	100520	4.33
2005	95-99	0.31066	0.80954	2.04	8303	6722	21637	25022	3.01
2005	100-104	0.45699	0.91633	1.73	1581	1449	3171	3386	2.14
2005	105-109	0.61309	0.96521	1.45	132	128	208	215	1.62
2005	110+	0.73395	1.00000	1.36	5	5	6	6	1.36
2006	0	0.00567	0.00564	0.06	100000	564	99472	7943476	79.43
2006	1-4	0.00017	0.00067	1.55	99436	66	397580	7844004	78.89
2006	5-9	0.00008	0.00042	2.44	99369	41	496742	7446424	74.94
2006	10-14	0.00012	0.00058	2.98	99328	58	496524	6949682	69.97
2006	15-19	0.00041	0.00206	2.94	99271	204	495931	6453158	65.01
2006	20-24	0.00080	0.00399	2.64	99066	395	494396	5957227	60.13
2006	25-29	0.00083	0.00413	2.57	98671	408	492364	5462831	55.36
2006	30-34	0.00079	0.00395	2.5	98263	388	490345	4970467	50.58
2006	35-39	0.00111	0.00553	2.63	97875	541	488090	4480122	45.77
2006	40-44	0.00173	0.00862	2.65	97334	839	484694	3992031	41.01
2006	45-49	0.00280	0.01391	2.68	96495	1343	479354	3507337	36.35
2006	50-54	0.00413	0.02046	2.63	95152	1947	471138	3027983	31.82
2006	55-59	0.00604	0.02978	2.7	93205	2775	459638	2556845	27.43
2006	60-64	0.00949	0.04642	2.7	90430	4198	442492	2097207	23.19
2006	65-69	0.01465	0.07082	2.67	86232	6107	416917	1654715	19.19
2006	70-74	0.02356	0.11162	2.65	80125	8944	379647	1237799	15.45
2006	75-79	0.03781	0.17349	2.63	71181	12349	326583	858151	12.06
2006	80-84	0.06301	0.27349	2.59	58832	16090	255363	531568	9.04
2006	85-89	0.11006	0.43179	2.51	42742	18456	167680	276205	6.46
2006	90-94	0.18913	0.62660	2.31	24286	15218	80462	108525	4.47
2006	95-99	0.30106	0.79901	2.06	9068	7246	24068	28063	3.09
2006	100-104	0.44547	0.91070	1.75	1823	1660	3726	3995	2.19
2006	105-109	0.60166	0.96290	1.47	163	157	260	269	1.65
2006	110+	0.72392	1.00000	1.38	6	6	8	8	1.38
2007	0	0.00587	0.00584	0.06	100000	584	99454	7963012	79.63
2007	1-4	0.00019	0.00075	1.54	99416	75	397479	7863559	79.10
2007	5-9	0.00009	0.00043	2.49	99341	43	496598	7466080	75.16
2007	10-14	0.00011	0.00056	2.77	99298	56	496367	6969482	70.19
2007	15-19	0.00042	0.00211	2.99	99243	209	495792	6473115	65.23
2007	20-24	0.00074	0.00371	2.63	99033	367	494296	5977323	60.36
2007	25-29	0.00078	0.00390	2.46	98666	385	492352	5483027	55.57
2007	30-34	0.00084	0.00420	2.6	98281	413	490415	4990675	50.78
2007	35-39	0.00116	0.00577	2.64	97868	565	488009	4500260	45.98
2007	40-44	0.00170	0.00847	2.66	97303	824	484586	4012251	41.23
2007	45-49	0.00271	0.01348	2.65	96479	1301	479344	3527665	36.56
2007	50-54	0.00395	0.01958	2.63	95179	1864	471482	3048321	32.03
2007	55-59	0.00596	0.02941	2.63	93315	2744	460072	2576839	27.61
2007	60-64	0.00926	0.04534	2.71	90571	4106	443459	2116767	23.37
2007	65-69	0.01436	0.06943	2.65	86465	6004	418211	1673309	19.35
2007	70-74	0.02293	0.10882	2.66	80461	8756	381775	1255098	15.60
2007	75-79	0.03719	0.17074	2.6	71705	12243	329176	873322	12.18
2007	80-84	0.06110	0.26647	2.6	59463	15845	259330	544147	9.15
2007	85-89	0.10943	0.43005	2.51	43618	18758	171413	284817	6.53
2007	90-94	0.18400	0.61753	2.34	24860	15352	83432	113404	4.56
2007	95-99	0.29459	0.79151	2.08	9508	7526	25546	29972	3.15
2007	100-104	0.43667	0.90604	1.77	1982	1796	4113	4426	2.23
2007	105-109	0.59161	0.96068	1.49	186	179	302	313	1.68
2007	110+	0.71394	1.00000	1.4	7	7	10	10	1.40
2008	0	0.00542	0.00540	0.06	100000	540	99495	7986652	79.87
2008	1-4	0.00018	0.00070	1.47	99460	70	397664	7887157	79.30
2008	5-9	0.00009	0.00047	2.34	99390	46	496828	7489493	75.35
2008	10-14	0.00010	0.00052	2.75	99344	52	496603	6992664	70.39
2008	15-19	0.00038	0.00189	2.87	99292	188	496061	6496061	65.42
2008	20-24	0.00069	0.00346	2.66	99104	343	494718	6000000	60.54
2008	25-29	0.00076	0.00380	2.49	98762	375	492867	5505283	55.74
2008	30-34	0.00082	0.00409	2.54	98386	402	490939	5012416	50.95
2008	35-39	0.00111	0.00556	2.62	97984	545	488622	4521476	46.15
2008	40-44	0.00169	0.00842	2.76	97439	821	485353	4032854	41.39
2008	45-49	0.00274	0.01363	2.7	96618	1317	480060	3547501	36.72
2008	50-54	0.00397	0.01966	2.64	95301	1873	472076	3067441	32.19
2008	55-59	0.00576	0.02840	2.62	93428	2653	460829	2595365	27.78
2008	60-64	0.00871	0.04267	2.65	90774	3873	444778	2134536	23.51
2008	65-69	0.01370	0.06636	2.65	86901	5767	420973	1689758	19.44
2008	70-74	0.02240	0.10639	2.64	81134	8632	385326	1268785	15.64
2008	75-79	0.03696	0.16999	2.64	72502	12325	333418	883459	12.19
2008	80-84	0.06166	0.26842	2.59	60178	16153	261974	550041	9.14
2008	85-89	0.10762	0.42453	2.51	44025	18690	173666	288067	6.54
2008	90-94	0.18694	0.62272	2.32	25335	15777	84393	114401	4.52
2008	95-99	0.29586	0.79319	2.08	9558	7582	25626	30008	3.14
2008	100-104	0.44001	0.90799	1.77	1977	1795	4079	4382	2.22
2008	105-109	0.59711	0.96199	1.48	182	175	293	303	1.66
2008	110+	0.72063	1.00000	1.39	7	7	10	10	1.39
2009	0	0.00541	0.00539	0.06	100000	539	99495	8012746	80.13
2009	1-4	0.00015	0.00061	1.7	99461	60	397706	7913250	79.56
2009	5-9	0.00010	0.00051	2.4	99401	51	496873	7515544	75.61
2009	10-14	0.00011	0.00053	2.74	99350	52	496634	7018671	70.65
2009	15-19	0.00035	0.00175	3.01	99298	174	496144	6522037	65.68
2009	20-24	0.00070	0.00350	2.68	99125	347	494817	6025893	60.79
2009	25-29	0.00082	0.00407	2.51	98778	402	492886	5531076	56.00
2009	30-34	0.00084	0.00418	2.61	98376	411	490894	5038190	51.21
2009	35-39	0.00113	0.00562	2.65	97964	551	488528	4547296	46.42
2009	40-44	0.00170	0.00847	2.64	97413	825	485120	4058768	41.67
2009	45-49	0.00267	0.01325	2.7	96588	1280	479992	3573648	37.00
2009	50-54	0.00396	0.01960	2.63	95309	1868	472107	3093656	32.46
2009	55-59	0.00581	0.02865	2.61	93440	2677	460809	2621549	28.06
2009	60-64	0.00862	0.04226	2.65	90764	3836	444787	2160741	23.81
2009	65-69	0.01359	0.06587	2.66	86928	5726	421244	1715954	19.74
2009	70-74	0.02172	0.10330	2.63	81202	8389	386162	1294710	15.94
2009	75-79	0.03577	0.16489	2.63	72814	12007	335663	908549	12.48
2009	80-84	0.05817	0.25545	2.62	60807	15533	267022	572886	9.42
2009	85-89	0.10238	0.40864	2.53	45274	18501	180707	305863	6.76
2009	90-94	0.17865	0.60603	2.35	26773	16225	90823	125156	4.67
2009	95-99	0.28342	0.77818	2.1	10548	8208	28961	34333	3.25
2009	100-104	0.42347	0.89879	1.8	2340	2103	4966	5372	2.30
2009	105-109	0.57836	0.95766	1.51	237	227	392	406	1.72
2009	110+	0.70206	1.00000	1.42	10	10	14	14	1.42
2010	0	0.00487	0.00485	0.06	100000	485	99545	8030073	80.30
2010	1-4	0.00018	0.00073	1.62	99515	72	397889	7930528	79.69
2010	5-9	0.00007	0.00035	2.5	99443	35	497128	7532638	75.75
2010	10-14	0.00009	0.00045	2.69	99408	45	496936	7035510	70.77
2010	15-19	0.00034	0.00172	2.93	99363	171	496462	6538574	65.80
2010	20-24	0.00070	0.00349	2.65	99192	347	495147	6042112	60.91
2010	25-29	0.00084	0.00417	2.57	98846	412	493225	5546965	56.12
2010	30-34	0.00085	0.00424	2.52	98433	417	491132	5053740	51.34
2010	35-39	0.00105	0.00524	2.64	98016	514	488867	4562608	46.55
2010	40-44	0.00163	0.00813	2.66	97502	793	485659	4073741	41.78
2010	45-49	0.00255	0.01266	2.66	96709	1224	480681	3588082	37.10
2010	50-54	0.00388	0.01924	2.64	95485	1837	473090	3107401	32.54
2010	55-59	0.00578	0.02853	2.65	93648	2672	461967	2634311	28.13
2010	60-64	0.00852	0.04179	2.67	90976	3802	446036	2172345	23.88
2010	65-69	0.01358	0.06585	2.68	87174	5740	422538	1726309	19.80
2010	70-74	0.02133	0.10149	2.62	81434	8265	387528	1303771	16.01
2010	75-79	0.03503	0.16166	2.62	73169	11829	337694	916243	12.52
2010	80-84	0.05836	0.25633	2.63	61340	15723	269419	578549	9.43
2010	85-89	0.10142	0.40537	2.53	45617	18492	182324	309130	6.78
2010	90-94	0.17847	0.60535	2.34	27125	16420	92007	126806	4.67
2010	95-99	0.28373	0.77872	2.1	10705	8336	29380	34799	3.25
2010	100-104	0.42512	0.89988	1.8	2369	2132	5014	5419	2.29
2010	105-109	0.58157	0.95850	1.5	237	227	391	405	1.71
2010	110+	0.70625	1.00000	1.42	10	10	14	14	1.42
2011	0	0.00487	0.00485	0.06	100000	485	99545	8030438	80.30
2011	1-4	0.00015	0.00060	1.79	99515	60	397930	7930893	79.70
2011	5-9	0.00011	0.00056	2.67	99456	56	497148	7532963	75.74
2011	10-14	0.00011	0.00053	2.73	99400	53	496878	7035815	70.78
2011	15-19	0.00030	0.00150	2.96	99347	149	496430	6538937	65.82
2011	20-24	0.00073	0.00367	2.67	99198	364	495142	6042507	60.91
2011	25-29	0.00081	0.00403	2.59	98834	398	493214	5547365	56.13
2011	30-34	0.00089	0.00444	2.5	98436	437	491088	5054151	51.34
2011	35-39	0.00110	0.00549	2.61	97999	538	488706	4563064	46.56
2011	40-44	0.00166	0.00828	2.67	97461	807	485428	4074357	41.81
2011	45-49	0.00253	0.01257	2.69	96654	1215	480468	3588929	37.13
2011	50-54	0.00389	0.01928	2.63	95439	1840	472827	3108461	32.57
2011	55-59	0.00571	0.02817	2.66	93599	2637	461832	2635634	28.16
2011	60-64	0.00854	0.04187	2.71	90962	3809	446088	2173802	23.90
2011	65-69	0.01317	0.06389	2.68	87153	5569	422836	1727715	19.82
2011	70-74	0.02083	0.09925	2.63	81585	8097	388723	1304879	15.99
2011	75-79	0.03498	0.16163	2.65	73488	11878	339511	916156	12.47
2011	80-84	0.05852	0.25664	2.6	61610	15812	270180	576645	9.36
2011	85-89	0.10306	0.41039	2.52	45798	18795	182365	306465	6.69
2011	90-94	0.18210	0.61348	2.34	27003	16566	90973	124100	4.60
2011	95-99	0.29177	0.78875	2.09	10437	8232	28215	33127	3.17
2011	100-104	0.43750	0.90690	1.77	2205	2000	4571	4912	2.23
2011	105-109	0.59674	0.96202	1.48	205	197	331	342	1.66
2011	110+	0.72189	1.00000	1.39	8	8	11	11	1.39
2012	0	0.00480	0.00478	0.06	100000	478	99552	8057750	80.58
2012	1-4	0.00017	0.00068	1.55	99522	68	397923	7958198	79.96
2012	5-9	0.00012	0.00058	2.36	99454	57	497120	7560275	76.02
2012	10-14	0.00009	0.00043	2.82	99397	43	496890	7063155	71.06
2012	15-19	0.00030	0.00150	2.92	99354	149	496459	6566265	66.09
2012	20-24	0.00065	0.00327	2.64	99205	324	495259	6069805	61.18
2012	25-29	0.00080	0.00397	2.63	98881	393	493476	5574546	56.38
2012	30-34	0.00095	0.00474	2.52	98488	467	491284	5081070	51.59
2012	35-39	0.00112	0.00558	2.67	98021	547	488831	4589786	46.82
2012	40-44	0.00161	0.00802	2.68	97474	782	485559	4100955	42.07
2012	45-49	0.00254	0.01262	2.59	96693	1221	480523	3615396	37.39
2012	50-54	0.00389	0.01927	2.63	95472	1840	472998	3134872	32.84
2012	55-59	0.00565	0.02789	2.66	93632	2612	462056	2661875	28.43
2012	60-64	0.00820	0.04022	2.62	91021	3661	446381	2199818	24.17
2012	65-69	0.01288	0.06254	2.69	87360	5463	424162	1753438	20.07
2012	70-74	0.02025	0.09663	2.64	81896	7914	390827	1329276	16.23
2012	75-79	0.03363	0.15582	2.64	73983	11528	342760	938449	12.68
2012	80-84	0.05693	0.25058	2.61	62454	15650	274889	595688	9.54
2012	85-89	0.09974	0.40045	2.54	46805	18743	187918	320799	6.85
2012	90-94	0.17422	0.59648	2.36	28062	16738	96073	132881	4.74
2012	95-99	0.28366	0.77876	2.1	11323	8818	31088	36808	3.25
2012	100-104	0.42595	0.90042	1.79	2505	2256	5296	5720	2.28
2012	105-109	0.58303	0.95886	1.5	249	239	410	425	1.70
2012	110+	0.70789	1.00000	1.41	10	10	14	14	1.41
2013	0	0.00478	0.00476	0.06	100000	476	99553	8046481	80.46
2013	1-4	0.00017	0.00067	1.53	99524	67	397930	7946927	79.85
2013	5-9	0.00008	0.00042	2.31	99457	42	497172	7548998	75.90
2013	10-14	0.00011	0.00057	2.94	99415	57	496958	7051826	70.93
2013	15-19	0.00031	0.00154	2.88	99358	153	496466	6554867	65.97
2013	20-24	0.00072	0.00357	2.71	99205	354	495214	6058401	61.07
2013	25-29	0.00082	0.00409	2.54	98851	404	493261	5563187	56.28
2013	30-34	0.00102	0.00510	2.53	98447	502	490994	5069926	51.50
2013	35-39	0.00114	0.00571	2.55	97946	559	488356	4578931	46.75
2013	40-44	0.00169	0.00843	2.62	97387	821	484979	4090576	42.00
2013	45-49	0.00259	0.01287	2.7	96566	1242	479970	3605596	37.34
2013	50-54	0.00388	0.01924	2.62	95324	1834	472252	3125626	32.79
2013	55-59	0.00574	0.02832	2.62	93489	2648	461143	2653374	28.38
2013	60-64	0.00828	0.04063	2.65	90841	3691	445529	2192231	24.13
2013	65-69	0.01275	0.06191	2.66	87150	5395	423140	1746702	20.04
2013	70-74	0.02073	0.09885	2.66	81755	8081	389828	1323562	16.19
2013	75-79	0.03336	0.15471	2.65	73674	11398	341622	933733	12.67
2013	80-84	0.05690	0.25066	2.63	62276	15610	274319	592111	9.51
2013	85-89	0.10065	0.40338	2.54	46666	18824	187029	317792	6.81
2013	90-94	0.17612	0.60056	2.35	27842	16721	94939	130764	4.70
2013	95-99	0.28664	0.78258	2.1	11121	8703	30362	35825	3.22
2013	100-104	0.43088	0.90329	1.79	2418	2184	5069	5463	2.26
2013	105-109	0.58939	0.96037	1.49	234	225	381	394	1.68
2013	110+	0.71469	1.00000	1.4	9	9	13	13	1.40
2014	0	0.00468	0.00466	0.06	100000	466	99563	8047133	80.47
2014	1-4	0.00018	0.00070	1.72	99534	70	397978	7947570	79.85
2014	5-9	0.00007	0.00036	2.5	99465	36	497233	7549592	75.90
2014	10-14	0.00011	0.00056	2.84	99428	56	497021	7052359	70.93
2014	15-19	0.00030	0.00152	2.86	99373	151	496540	6555338	65.97
2014	20-24	0.00069	0.00343	2.81	99222	341	495364	6058798	61.06
2014	25-29	0.00103	0.00512	2.56	98881	506	493169	5563434	56.26
2014	30-34	0.00113	0.00562	2.64	98375	553	490570	5070265	51.54
2014	35-39	0.00128	0.00636	2.49	97822	622	487549	4579694	46.82
2014	40-44	0.00166	0.00825	2.69	97200	802	484149	4092145	42.10
2014	45-49	0.00264	0.01310	2.72	96397	1263	479105	3607996	37.43
2014	50-54	0.00394	0.01950	2.66	95135	1855	471327	3128891	32.89
2014	55-59	0.00576	0.02841	2.64	93279	2650	460150	2657564	28.49
2014	60-64	0.00824	0.04043	2.63	90630	3664	444457	2197414	24.25
2014	65-69	0.01244	0.06040	2.62	86965	5252	422349	1752957	20.16
2014	70-74	0.02024	0.09654	2.62	81713	7888	389759	1330608	16.28
2014	75-79	0.03311	0.15351	2.63	73825	11333	342272	940849	12.74
2014	80-84	0.05598	0.24694	2.61	62492	15432	275652	598576	9.58
2014	85-89	0.09900	0.39830	2.55	47060	18744	189329	322924	6.86
2014	90-94	0.17519	0.60071	2.38	28316	17010	97093	133595	4.72
2014	95-99	0.28574	0.78167	2.1	11306	8838	30930	36502	3.23
2014	100-104	0.43125	0.90363	1.79	2468	2231	5172	5572	2.26
2014	105-109	0.59118	0.96084	1.49	238	229	387	400	1.68
2014	110+	0.71738	1.00000	1.39	9	9	13	13	1.39
2015	0	0.00487	0.00485	0.06	100000	485	99545	8010613	80.11
2015	1-4	0.00016	0.00064	1.66	99515	64	397912	7911068	79.50
2015	5-9	0.00009	0.00043	2.44	99451	43	497147	7513156	75.55
2015	10-14	0.00009	0.00043	2.9	99409	43	496953	7016009	70.58
2015	15-19	0.00031	0.00154	2.95	99366	153	496515	6519056	65.61
2015	20-24	0.00078	0.00387	2.8	99213	384	495217	6022541	60.70
2015	25-29	0.00112	0.00558	2.56	98829	552	492797	5527324	55.93
2015	30-34	0.00132	0.00660	2.6	98277	649	489829	5034528	51.23
2015	35-39	0.00148	0.00736	2.51	97628	718	486353	4544699	46.55
2015	40-44	0.00175	0.00870	2.64	96909	843	482559	4058347	41.88
2015	45-49	0.00261	0.01297	2.7	96067	1246	477465	3575788	37.22
2015	50-54	0.00399	0.01974	2.66	94821	1872	469720	3098323	32.68
2015	55-59	0.00590	0.02907	2.63	92948	2702	458327	2628602	28.28
2015	60-64	0.00849	0.04160	2.65	90247	3754	442428	2170276	24.05
2015	65-69	0.01255	0.06095	2.65	86492	5272	420076	1727847	19.98
2015	70-74	0.02035	0.09711	2.65	81221	7887	387551	1307771	16.10
2015	75-79	0.03451	0.15957	2.64	73333	11702	339080	920220	12.55
2015	80-84	0.05715	0.25121	2.59	61632	15482	270919	581140	9.43
2015	85-89	0.10174	0.40670	2.53	46149	18769	184472	310221	6.72
2015	90-94	0.18204	0.61500	2.36	27381	16839	92501	125749	4.59
2015	95-99	0.29382	0.79141	2.09	10541	8343	28394	33248	3.15
2015	100-104	0.44187	0.90934	1.76	2199	2000	4525	4854	2.21
2015	105-109	0.60275	0.96335	1.47	199	192	319	329	1.65
2015	110+	0.72832	1.00000	1.37	7	7	10	10	1.37
2016	0	0.00437	0.00435	0.06	100000	435	99592	8022716	80.23
2016	1-4	0.00016	0.00065	1.71	99565	64	398113	7923124	79.58
2016	5-9	0.00009	0.00044	2.79	99501	44	497407	7525011	75.63
2016	10-14	0.00012	0.00059	3.01	99457	59	497168	7027604	70.66
2016	15-19	0.00031	0.00156	2.97	99398	155	496676	6530436	65.70
2016	20-24	0.00083	0.00414	2.87	99243	411	495341	6033760	60.80
2016	25-29	0.00126	0.00626	2.58	98833	618	492664	5538419	56.04
2016	30-34	0.00145	0.00723	2.63	98214	711	489385	5045754	51.38
2016	35-39	0.00164	0.00816	2.48	97504	796	485516	4556369	46.73
2016	40-44	0.00196	0.00976	2.69	96708	943	481357	4070854	42.09
2016	45-49	0.00262	0.01302	2.68	95764	1247	475926	3589497	37.48
2016	50-54	0.00399	0.01978	2.63	94517	1869	468148	3113572	32.94
2016	55-59	0.00597	0.02945	2.62	92648	2729	456750	2645424	28.55
2016	60-64	0.00826	0.04051	2.65	89919	3643	441046	2188674	24.34
2016	65-69	0.01260	0.06120	2.67	86277	5280	419075	1747628	20.26
2016	70-74	0.01968	0.09413	2.7	80997	7624	387465	1328553	16.40
2016	75-79	0.03272	0.15183	2.63	73373	11140	340447	941088	12.83
2016	80-84	0.05536	0.24425	2.59	62233	15201	274598	600640	9.65
2016	85-89	0.09744	0.39341	2.55	47032	18503	189900	326043	6.93
2016	90-94	0.17209	0.59184	2.36	28529	16885	98116	136143	4.77
2016	95-99	0.28190	0.77682	2.11	11645	9046	32088	38027	3.27
2016	100-104	0.42552	0.90034	1.8	2599	2340	5499	5939	2.29
2016	105-109	0.58417	0.95920	1.5	259	248	425	440	1.70
2016	110+	0.71010	1.00000	1.41	11	11	15	15	1.41
2017	0	0.00430	0.00428	0.06	100000	428	99598	8009436	80.09
2017	1-4	0.00017	0.00066	1.68	99572	66	398136	7909838	79.44
2017	5-9	0.00009	0.00045	2.23	99506	45	497406	7511702	75.49
2017	10-14	0.00011	0.00053	2.67	99461	53	497183	7014296	70.52
2017	15-19	0.00033	0.00167	2.79	99408	166	496675	6517113	65.56
2017	20-24	0.00079	0.00392	2.83	99242	389	495365	6020438	60.66
2017	25-29	0.00124	0.00619	2.61	98853	612	492804	5525073	55.89
2017	30-34	0.00150	0.00747	2.59	98242	734	489440	5032269	51.22
2017	35-39	0.00174	0.00865	2.6	97508	844	485512	4542829	46.59
2017	40-44	0.00193	0.00962	2.58	96664	930	481070	4057317	41.97
2017	45-49	0.00264	0.01312	2.66	95734	1256	475727	3576247	37.36
2017	50-54	0.00410	0.02030	2.64	94478	1918	467861	3100520	32.82
2017	55-59	0.00585	0.02883	2.65	92560	2669	456527	2632660	28.44
2017	60-64	0.00846	0.04146	2.64	89891	3727	440649	2176132	24.21
2017	65-69	0.01239	0.06020	2.63	86164	5187	418541	1735483	20.14
2017	70-74	0.02035	0.09713	2.66	80978	7866	386445	1316943	16.26
2017	75-79	0.03271	0.15186	2.64	73112	11103	339401	930497	12.73
2017	80-84	0.05669	0.24944	2.59	62009	15467	272826	591096	9.53
2017	85-89	0.09994	0.40103	2.54	46541	18664	186755	318270	6.84
2017	90-94	0.17510	0.59933	2.37	27877	16708	95419	131515	4.72
2017	95-99	0.28552	0.78126	2.1	11170	8726	30562	36096	3.23
2017	100-104	0.42976	0.90269	1.79	2443	2206	5132	5533	2.26
2017	105-109	0.58841	0.96016	1.49	238	228	388	401	1.69
2017	110+	0.71391	1.00000	1.4	9	9	13	13	1.40
2018	0	0.00434	0.00432	0.06	100000	432	99594	8025260	80.25
2018	1-4	0.00016	0.00063	1.69	99568	62	398128	7925666	79.60
2018	5-9	0.00009	0.00046	2.21	99506	45	497401	7527538	75.65
2018	10-14	0.00010	0.00048	2.36	99460	48	497175	7030137	70.68
2018	15-19	0.00030	0.00150	3	99413	149	496764	6532961	65.72
2018	20-24	0.00069	0.00344	2.83	99263	341	495577	6036198	60.81
2018	25-29	0.00117	0.00585	2.71	98922	579	493286	5540620	56.01
2018	30-34	0.00145	0.00724	2.56	98344	712	489982	5047334	51.32
2018	35-39	0.00165	0.00822	2.54	97632	802	486184	4557352	46.68
2018	40-44	0.00202	0.01004	2.61	96829	972	481822	4071168	42.04
2018	45-49	0.00264	0.01312	2.64	95857	1258	476313	3589346	37.44
2018	50-54	0.00389	0.01929	2.68	94599	1825	468768	3113033	32.91
2018	55-59	0.00588	0.02897	2.62	92774	2688	457481	2644265	28.50
2018	60-64	0.00853	0.04180	2.64	90086	3766	441534	2186784	24.27
2018	65-69	0.01217	0.05914	2.6	86321	5105	419370	1745250	20.22
2018	70-74	0.01963	0.09384	2.67	81216	7621	388338	1325880	16.33
2018	75-79	0.03332	0.15442	2.63	73594	11364	341059	937542	12.74
2018	80-84	0.05653	0.24881	2.59	62230	15484	273900	596483	9.59
2018	85-89	0.09817	0.39566	2.55	46746	18496	188403	322583	6.90
2018	90-94	0.17340	0.59581	2.38	28251	16832	97069	134180	4.75
2018	95-99	0.28345	0.77883	2.11	11419	8893	31374	37111	3.25
2018	100-104	0.42830	0.90202	1.79	2525	2278	5319	5736	2.27
2018	105-109	0.58833	0.96022	1.49	247	238	404	418	1.69
2018	110+	0.71506	1.00000	1.4	10	10	14	14	1.40
2019	0	0.00404	0.00402	0.06	100000	402	99622	8036820	80.37
2019	1-4	0.00015	0.00061	1.6	99598	61	398244	7937199	79.69
2019	5-9	0.00009	0.00043	2.33	99537	43	497568	7538955	75.74
2019	10-14	0.00011	0.00054	2.55	99494	53	497337	7041386	70.77
2019	15-19	0.00027	0.00134	3.01	99440	134	496935	6544049	65.81
2019	20-24	0.00066	0.00331	2.77	99307	328	495800	6047114	60.89
2019	25-29	0.00109	0.00546	2.68	98978	540	493638	5551314	56.09
2019	30-34	0.00146	0.00730	2.53	98438	718	490414	5057676	51.38
2019	35-39	0.00170	0.00845	2.54	97720	826	486569	4567262	46.74
2019	40-44	0.00206	0.01024	2.6	96894	993	482087	4080694	42.12
2019	45-49	0.00262	0.01304	2.66	95901	1251	476577	3598606	37.52
2019	50-54	0.00399	0.01977	2.65	94650	1871	468846	3122030	32.98
2019	55-59	0.00581	0.02866	2.65	92779	2659	457634	2653184	28.60
2019	60-64	0.00870	0.04259	2.6	90119	3838	441402	2195549	24.36
2019	65-69	0.01234	0.05997	2.64	86281	5174	419180	1754147	20.33
2019	70-74	0.01934	0.09247	2.65	81106	7500	387895	1334967	16.46
2019	75-79	0.03199	0.14873	2.64	73606	10947	342202	947072	12.87
2019	80-84	0.05612	0.24758	2.62	62659	15513	276436	604870	9.65
2019	85-89	0.09669	0.39068	2.54	47146	18419	190495	328434	6.97
2019	90-94	0.17182	0.59260	2.38	28727	17024	99078	137939	4.80
2019	95-99	0.27653	0.76970	2.12	11703	9008	32575	38860	3.32
2019	100-104	0.41631	0.89474	1.81	2695	2412	5793	6285	2.33
2019	105-109	0.57206	0.95618	1.52	284	271	474	492	1.73
2019	110+	0.69702	1.00000	1.43	12	12	18	18	1.43
