Div1: New England, Lifetables (period 5x1), Males Last modified: 20 Dec 2020, MPv5 (May07) 

Year	Age	mx	qx	ax	lx	dx	Lx	Tx	ex
1959	0	0.02702	0.02639	0.12	100000	2639	97671	6760402	67.60
1959	1-4	0.00093	0.00373	1.77	97361	363	388638	6662731	68.43
1959	5-9	0.00051	0.00256	2.36	96999	248	484338	6274093	64.68
1959	10-14	0.00053	0.00267	2.69	96751	258	483158	5789755	59.84
1959	15-19	0.00097	0.00484	2.83	96493	467	481452	5306597	54.99
1959	20-24	0.00144	0.00717	2.32	96026	689	478285	4825145	50.25
1959	25-29	0.00119	0.00595	2.61	95337	567	475329	4346860	45.59
1959	30-34	0.00155	0.00773	2.54	94770	733	472046	3871531	40.85
1959	35-39	0.00228	0.01136	2.7	94037	1068	467728	3399485	36.15
1959	40-44	0.00397	0.01969	2.72	92969	1831	460676	2931757	31.53
1959	45-49	0.00692	0.03407	2.74	91138	3105	448674	2471081	27.11
1959	50-54	0.01148	0.05590	2.67	88033	4921	428682	2022407	22.97
1959	55-59	0.01820	0.08722	2.63	83112	7249	398396	1593725	19.18
1959	60-64	0.02746	0.12890	2.62	75863	9778	356052	1195329	15.76
1959	65-69	0.04267	0.19310	2.54	66084	12761	299050	839276	12.70
1959	70-74	0.06124	0.26615	2.54	53323	14192	231763	540227	10.13
1959	75-79	0.08810	0.36031	2.47	39131	14099	160043	308464	7.88
1959	80-84	0.13369	0.49598	2.4	25032	12415	92865	148420	5.93
1959	85-89	0.20136	0.64351	2.2	12617	8119	40320	55555	4.40
1959	90-94	0.27381	0.75988	2.07	4498	3418	12482	15235	3.39
1959	95-99	0.37985	0.86594	1.86	1080	935	2462	2753	2.55
1959	100-104	0.49089	0.92739	1.65	145	134	274	291	2.01
1959	105-109	0.60336	0.96115	1.46	11	10	17	17	1.65
1959	110+	0.69161	1.00000	1.45	0	0	1	1	1.45
1960	0	0.02637	0.02576	0.12	100000	2576	97722	6734204	67.34
1960	1-4	0.00090	0.00361	1.72	97424	351	388895	6636482	68.12
1960	5-9	0.00051	0.00255	2.26	97072	247	484683	6247587	64.36
1960	10-14	0.00042	0.00210	2.78	96825	204	483673	5762904	59.52
1960	15-19	0.00107	0.00533	2.8	96621	515	481976	5279231	54.64
1960	20-24	0.00136	0.00677	2.59	96106	651	478963	4797255	49.92
1960	25-29	0.00126	0.00629	2.56	95456	601	475814	4318292	45.24
1960	30-34	0.00148	0.00736	2.51	94855	698	472536	3842478	40.51
1960	35-39	0.00256	0.01271	2.71	94157	1197	468044	3369942	35.79
1960	40-44	0.00394	0.01953	2.82	92960	1815	460836	2901898	31.22
1960	45-49	0.00695	0.03421	2.71	91145	3118	448593	2441062	26.78
1960	50-54	0.01218	0.05922	2.66	88027	5213	427929	1992470	22.63
1960	55-59	0.01851	0.08877	2.69	82813	7351	397074	1564540	18.89
1960	60-64	0.02921	0.13669	2.66	75462	10315	353157	1167466	15.47
1960	65-69	0.04356	0.19713	2.59	65147	12842	294820	814309	12.50
1960	70-74	0.06346	0.27428	2.53	52305	14346	226084	519489	9.93
1960	75-79	0.09187	0.37328	2.49	37959	14169	154233	293404	7.73
1960	80-84	0.13655	0.50382	2.4	23790	11986	87777	139171	5.85
1960	85-89	0.20218	0.64705	2.22	11804	7638	37777	51394	4.35
1960	90-94	0.28585	0.77731	2.07	4166	3238	11329	13617	3.27
1960	95-99	0.39362	0.87610	1.83	928	813	2065	2288	2.47
1960	100-104	0.50904	0.93461	1.61	115	107	211	223	1.94
1960	105-109	0.62416	0.96556	1.42	8	7	12	12	1.60
1960	110+	0.71329	1.00000	1.4	0	0	0	0	1.40
1961	0	0.02588	0.02530	0.11	100000	2530	97760	6773467	67.73
1961	1-4	0.00090	0.00361	1.68	97470	352	389066	6675708	68.49
1961	5-9	0.00045	0.00226	2.21	97119	220	484980	6286642	64.73
1961	10-14	0.00053	0.00264	2.8	96899	256	483931	5801662	59.87
1961	15-19	0.00089	0.00442	2.78	96643	427	482266	5317731	55.02
1961	20-24	0.00134	0.00668	2.53	96216	643	479495	4835464	50.26
1961	25-29	0.00119	0.00596	2.53	95573	569	476460	4355970	45.58
1961	30-34	0.00145	0.00723	2.61	95004	687	473379	3879510	40.84
1961	35-39	0.00214	0.01067	2.69	94317	1006	469260	3406130	36.11
1961	40-44	0.00405	0.02006	2.69	93311	1871	462239	2936871	31.47
1961	45-49	0.00677	0.03331	2.7	91440	3046	450183	2474632	27.06
1961	50-54	0.01158	0.05637	2.68	88394	4983	430397	2024449	22.90
1961	55-59	0.01873	0.08975	2.68	83411	7486	399699	1594051	19.11
1961	60-64	0.02838	0.13306	2.65	75925	10103	355923	1194352	15.73
1961	65-69	0.04222	0.19155	2.58	65822	12608	298597	838429	12.74
1961	70-74	0.06027	0.26193	2.5	53214	13938	231279	539831	10.14
1961	75-79	0.08891	0.36326	2.48	39276	14267	160467	308552	7.86
1961	80-84	0.13470	0.49989	2.42	25008	12501	92810	148085	5.92
1961	85-89	0.19839	0.64343	2.27	12507	8047	40563	55276	4.42
1961	90-94	0.28307	0.77620	2.09	4460	3462	12229	14713	3.30
1961	95-99	0.38961	0.87337	1.84	998	872	2237	2484	2.49
1961	100-104	0.50517	0.93322	1.62	126	118	233	247	1.95
1961	105-109	0.62082	0.96493	1.43	8	8	13	14	1.60
1961	110+	0.71053	1.00000	1.41	0	0	0	0	1.41
1962	0	0.02598	0.02540	0.11	100000	2540	97752	6775582	67.76
1962	1-4	0.00083	0.00332	1.75	97460	323	389111	6677830	68.52
1962	5-9	0.00053	0.00263	2.24	97137	255	484980	6288719	64.74
1962	10-14	0.00043	0.00216	2.78	96882	209	483944	5803739	59.91
1962	15-19	0.00093	0.00466	2.8	96673	451	482374	5319795	55.03
1962	20-24	0.00126	0.00628	2.44	96222	605	479563	4837422	50.27
1962	25-29	0.00112	0.00561	2.45	95617	536	476719	4357858	45.58
1962	30-34	0.00134	0.00670	2.66	95081	637	473913	3881139	40.82
1962	35-39	0.00235	0.01170	2.75	94444	1105	469736	3407226	36.08
1962	40-44	0.00384	0.01902	2.65	93339	1775	462521	2937490	31.47
1962	45-49	0.00681	0.03353	2.73	91564	3070	450849	2474970	27.03
1962	50-54	0.01191	0.05793	2.68	88495	5127	430597	2024120	22.87
1962	55-59	0.01832	0.08788	2.68	83368	7326	399855	1593524	19.11
1962	60-64	0.02753	0.12932	2.66	76042	9834	357170	1193669	15.70
1962	65-69	0.04356	0.19683	2.56	66208	13032	299192	836499	12.63
1962	70-74	0.06113	0.26548	2.53	53177	14117	230946	537307	10.10
1962	75-79	0.08688	0.35715	2.51	39059	13950	160566	306361	7.84
1962	80-84	0.13726	0.50553	2.39	25109	12693	92474	145795	5.81
1962	85-89	0.20440	0.65233	2.23	12416	8099	39624	53321	4.29
1962	90-94	0.29492	0.77883	1.97	4317	3362	11399	13697	3.17
1962	95-99	0.40406	0.88336	1.81	955	843	2087	2298	2.41
1962	100-104	0.52305	0.93973	1.59	111	105	200	211	1.89
1962	105-109	0.64024	0.96864	1.4	7	7	10	10	1.56
1962	110+	0.72990	1.00000	1.37	0	0	0	0	1.37
1963	0	0.02559	0.02502	0.11	100000	2502	97782	6779109	67.79
1963	1-4	0.00083	0.00333	1.66	97498	324	389231	6681327	68.53
1963	5-9	0.00043	0.00214	2.24	97173	207	485293	6292096	64.75
1963	10-14	0.00041	0.00207	2.59	96966	200	484347	5806803	59.89
1963	15-19	0.00093	0.00462	2.85	96766	447	482866	5322457	55.00
1963	20-24	0.00129	0.00644	2.41	96318	620	479988	4839590	50.25
1963	25-29	0.00123	0.00612	2.47	95698	586	477010	4359602	45.56
1963	30-34	0.00151	0.00753	2.67	95113	716	473895	3882592	40.82
1963	35-39	0.00222	0.01103	2.76	94397	1041	469650	3408697	36.11
1963	40-44	0.00381	0.01888	2.65	93356	1763	462644	2939047	31.48
1963	45-49	0.00668	0.03290	2.69	91593	3013	450998	2476404	27.04
1963	50-54	0.01157	0.05636	2.69	88580	4992	431360	2025406	22.87
1963	55-59	0.01826	0.08757	2.67	83588	7320	400853	1594046	19.07
1963	60-64	0.02777	0.13020	2.61	76268	9930	357605	1193192	15.64
1963	65-69	0.04298	0.19439	2.54	66338	12895	300023	835588	12.60
1963	70-74	0.06305	0.27238	2.5	53443	14556	230869	535564	10.02
1963	75-79	0.08745	0.35725	2.44	38886	13892	158855	304695	7.84
1963	80-84	0.13592	0.50153	2.39	24994	12535	92222	145840	5.83
1963	85-89	0.20564	0.65515	2.23	12459	8162	39693	53617	4.30
1963	90-94	0.28908	0.78370	2.08	4296	3367	11648	13924	3.24
1963	95-99	0.39652	0.87817	1.83	929	816	2058	2276	2.45
1963	100-104	0.51303	0.93611	1.61	113	106	207	218	1.93
1963	105-109	0.62881	0.96648	1.42	7	7	11	11	1.58
1963	110+	0.71815	1.00000	1.39	0	0	0	0	1.39
1964	0	0.02470	0.02417	0.11	100000	2417	97852	6835696	68.36
1964	1-4	0.00079	0.00314	1.71	97583	306	389630	6737844	69.05
1964	5-9	0.00041	0.00204	2.44	97277	199	485874	6348214	65.26
1964	10-14	0.00040	0.00198	2.6	97078	192	484929	5862340	60.39
1964	15-19	0.00101	0.00506	2.82	96886	490	483360	5377411	55.50
1964	20-24	0.00130	0.00650	2.54	96396	626	480438	4894050	50.77
1964	25-29	0.00117	0.00585	2.68	95770	560	477551	4413613	46.09
1964	30-34	0.00156	0.00776	2.69	95209	739	474341	3936062	41.34
1964	35-39	0.00239	0.01187	2.72	94471	1122	469793	3461720	36.64
1964	40-44	0.00371	0.01840	2.68	93349	1717	462763	2991927	32.05
1964	45-49	0.00656	0.03229	2.69	91632	2959	451318	2529164	27.60
1964	50-54	0.01093	0.05334	2.73	88672	4729	432614	2077847	23.43
1964	55-59	0.01755	0.08429	2.66	83943	7075	403132	1645233	19.60
1964	60-64	0.02723	0.12772	2.57	76868	9818	360506	1242101	16.16
1964	65-69	0.04001	0.18219	2.55	67050	12216	305331	881595	13.15
1964	70-74	0.05942	0.25909	2.53	54834	14207	239074	576264	10.51
1964	75-79	0.08030	0.33302	2.44	40627	13530	168490	337189	8.30
1964	80-84	0.12534	0.47431	2.44	27098	12853	102544	168699	6.23
1964	85-89	0.18722	0.61777	2.25	14245	8800	47003	66156	4.64
1964	90-94	0.26143	0.74186	2.09	5445	4039	15451	19152	3.52
1964	95-99	0.36626	0.85577	1.89	1406	1203	3284	3701	2.63
1964	100-104	0.47825	0.92228	1.67	203	187	391	417	2.06
1964	105-109	0.59297	0.95893	1.47	16	15	25	26	1.68
1964	110+	0.68348	1.00000	1.46	1	1	1	1	1.46
1965	0	0.02494	0.02440	0.11	100000	2440	97833	6752480	67.52
1965	1-4	0.00088	0.00351	1.72	97560	343	389456	6654647	68.21
1965	5-9	0.00042	0.00207	2.18	97217	202	485517	6265191	64.45
1965	10-14	0.00039	0.00196	2.6	97015	190	484621	5779674	59.57
1965	15-19	0.00112	0.00559	2.98	96825	541	483031	5295053	54.69
1965	20-24	0.00141	0.00701	2.43	96284	675	479683	4812022	49.98
1965	25-29	0.00135	0.00671	2.56	95609	642	476478	4332340	45.31
1965	30-34	0.00161	0.00802	2.67	94967	762	473062	3855862	40.60
1965	35-39	0.00252	0.01253	2.59	94205	1180	468185	3382800	35.91
1965	40-44	0.00397	0.01967	2.67	93025	1830	460869	2914615	31.33
1965	45-49	0.00670	0.03299	2.73	91195	3008	449134	2453746	26.91
1965	50-54	0.01150	0.05602	2.71	88187	4940	429607	2004612	22.73
1965	55-59	0.01877	0.08996	2.69	83247	7489	398953	1575004	18.92
1965	60-64	0.02920	0.13641	2.59	75758	10334	353932	1176051	15.52
1965	65-69	0.04252	0.19271	2.57	65424	12608	296536	822119	12.57
1965	70-74	0.06394	0.27629	2.54	52816	14592	228208	525583	9.95
1965	75-79	0.08915	0.36300	2.44	38224	13875	155640	297375	7.78
1965	80-84	0.13688	0.50462	2.4	24349	12287	89763	141735	5.82
1965	85-89	0.20707	0.66029	2.26	12062	7964	38461	51972	4.31
1965	90-94	0.28140	0.77302	2.09	4098	3167	11256	13511	3.30
1965	95-99	0.40078	0.88113	1.82	930	819	2045	2255	2.43
1965	100-104	0.51874	0.93820	1.6	111	104	200	211	1.91
1965	105-109	0.63537	0.96774	1.41	7	7	10	11	1.57
1965	110+	0.72493	1.00000	1.38	0	0	0	0	1.38
1966	0	0.02449	0.02397	0.11	100000	2397	97868	6762999	67.63
1966	1-4	0.00081	0.00322	1.63	97603	315	389665	6665131	68.29
1966	5-9	0.00046	0.00227	2.15	97288	221	485810	6275466	64.50
1966	10-14	0.00040	0.00198	2.75	97067	192	484903	5789656	59.65
1966	15-19	0.00113	0.00564	2.86	96875	547	483204	5304753	54.76
1966	20-24	0.00139	0.00691	2.55	96328	665	480008	4821549	50.05
1966	25-29	0.00138	0.00686	2.48	95663	656	476660	4341540	45.38
1966	30-34	0.00163	0.00811	2.5	95007	771	473108	3864880	40.68
1966	35-39	0.00249	0.01236	2.76	94236	1165	468569	3391772	35.99
1966	40-44	0.00412	0.02041	2.7	93071	1899	460995	2923203	31.41
1966	45-49	0.00668	0.03288	2.73	91172	2998	449059	2462208	27.01
1966	50-54	0.01117	0.05445	2.66	88174	4801	429646	2013148	22.83
1966	55-59	0.01854	0.08896	2.72	83373	7417	399965	1583503	18.99
1966	60-64	0.02917	0.13643	2.63	75956	10363	355231	1183537	15.58
1966	65-69	0.04260	0.19287	2.55	65593	12651	296938	828306	12.63
1966	70-74	0.06240	0.27015	2.52	52942	14302	229197	531368	10.04
1966	75-79	0.09083	0.36869	2.45	38640	14246	156840	302171	7.82
1966	80-84	0.13290	0.49334	2.39	24394	12034	90555	145331	5.96
1966	85-89	0.19785	0.63877	2.23	12359	7895	39903	54777	4.43
1966	90-94	0.28055	0.76760	2.05	4465	3427	12215	14874	3.33
1966	95-99	0.37769	0.86434	1.86	1038	897	2374	2659	2.56
1966	100-104	0.48855	0.92644	1.65	141	130	267	284	2.02
1966	105-109	0.60107	0.96065	1.46	10	10	17	17	1.66
1966	110+	0.68947	1.00000	1.45	0	0	1	1	1.45
1967	0	0.02315	0.02268	0.11	100000	2268	97975	6777524	67.78
1967	1-4	0.00080	0.00319	1.7	97732	311	390213	6679549	68.35
1967	5-9	0.00041	0.00204	2.33	97421	198	486573	6289336	64.56
1967	10-14	0.00043	0.00213	2.71	97222	207	485636	5802763	59.69
1967	15-19	0.00121	0.00603	2.86	97015	585	483825	5317128	54.81
1967	20-24	0.00144	0.00716	2.44	96430	691	480380	4833302	50.12
1967	25-29	0.00129	0.00642	2.56	95739	614	477196	4352922	45.47
1967	30-34	0.00158	0.00787	2.67	95125	748	473880	3875726	40.74
1967	35-39	0.00263	0.01308	2.72	94377	1234	469073	3401846	36.05
1967	40-44	0.00393	0.01946	2.71	93143	1812	461559	2932773	31.49
1967	45-49	0.00642	0.03163	2.68	91330	2889	449947	2471214	27.06
1967	50-54	0.01128	0.05492	2.64	88441	4858	430721	2021267	22.85
1967	55-59	0.01801	0.08635	2.62	83584	7217	400758	1590546	19.03
1967	60-64	0.02944	0.13750	2.61	76366	10501	356700	1189788	15.58
1967	65-69	0.04263	0.19337	2.6	65866	12736	298734	833088	12.65
1967	70-74	0.06290	0.27234	2.54	53129	14469	230045	534353	10.06
1967	75-79	0.09072	0.36856	2.46	38660	14249	157065	304309	7.87
1967	80-84	0.12991	0.48527	2.39	24412	11846	91189	147243	6.03
1967	85-89	0.19575	0.63879	2.28	12565	8027	41005	56054	4.46
1967	90-94	0.28167	0.76990	2.06	4539	3494	12406	15049	3.32
1967	95-99	0.38257	0.86837	1.86	1044	907	2371	2643	2.53
1967	100-104	0.49783	0.93044	1.63	137	128	257	272	1.98
1967	105-109	0.61394	0.96356	1.44	10	9	15	16	1.62
1967	110+	0.70438	1.00000	1.42	0	0	0	0	1.42
1968	0	0.02266	0.02221	0.11	100000	2221	98014	6762758	67.63
1968	1-4	0.00076	0.00305	1.65	97779	298	390415	6664744	68.16
1968	5-9	0.00045	0.00224	2.3	97480	218	486812	6274329	64.37
1968	10-14	0.00039	0.00196	2.72	97262	190	485875	5787517	59.50
1968	15-19	0.00127	0.00636	2.78	97072	617	483990	5301642	54.62
1968	20-24	0.00167	0.00834	2.35	96455	804	480144	4817651	49.95
1968	25-29	0.00142	0.00706	2.46	95651	675	476539	4337507	45.35
1968	30-34	0.00170	0.00846	2.71	94975	804	473034	3860969	40.65
1968	35-39	0.00246	0.01221	2.57	94172	1149	468070	3387934	35.98
1968	40-44	0.00387	0.01920	2.65	93022	1786	460921	2919865	31.39
1968	45-49	0.00656	0.03229	2.7	91236	2946	449401	2458943	26.95
1968	50-54	0.01143	0.05569	2.7	88290	4917	430150	2009543	22.76
1968	55-59	0.01865	0.08931	2.64	83373	7446	399316	1579393	18.94
1968	60-64	0.02843	0.13315	2.62	75927	10110	355562	1180077	15.54
1968	65-69	0.04329	0.19574	2.55	65817	12883	297577	824515	12.53
1968	70-74	0.06439	0.27735	2.5	52934	14681	228013	526938	9.95
1968	75-79	0.09244	0.37344	2.43	38253	14285	154524	298925	7.81
1968	80-84	0.13068	0.48763	2.4	23968	11687	89438	144401	6.02
1968	85-89	0.19455	0.63657	2.29	12280	7817	40181	54963	4.48
1968	90-94	0.28139	0.77001	2.06	4463	3437	12213	14782	3.31
1968	95-99	0.38717	0.87184	1.85	1026	895	2311	2569	2.50
1968	100-104	0.50424	0.93299	1.62	132	123	243	258	1.96
1968	105-109	0.62152	0.96514	1.43	9	9	14	14	1.60
1968	110+	0.71239	1.00000	1.4	0	0	0	0	1.40
1969	0	0.02152	0.02111	0.1	100000	2111	98106	6797195	67.97
1969	1-4	0.00073	0.00291	1.75	97889	285	390914	6699089	68.44
1969	5-9	0.00044	0.00218	2.4	97604	213	487466	6308175	64.63
1969	10-14	0.00039	0.00195	2.66	97391	190	486512	5820710	59.77
1969	15-19	0.00124	0.00620	2.79	97201	603	484676	5334198	54.88
1969	20-24	0.00162	0.00807	2.5	96599	779	481048	4849522	50.20
1969	25-29	0.00139	0.00691	2.51	95819	662	477446	4368474	45.59
1969	30-34	0.00180	0.00898	2.58	95157	855	473713	3891027	40.89
1969	35-39	0.00255	0.01266	2.67	94302	1194	468725	3417314	36.24
1969	40-44	0.00414	0.02050	2.72	93109	1909	461187	2948589	31.67
1969	45-49	0.00634	0.03123	2.65	91200	2849	449319	2487402	27.27
1969	50-54	0.01097	0.05350	2.68	88352	4727	430791	2038083	23.07
1969	55-59	0.01788	0.08579	2.65	83625	7174	401243	1607292	19.22
1969	60-64	0.02784	0.13052	2.61	76451	9978	358442	1206049	15.78
1969	65-69	0.04325	0.19556	2.55	66473	12999	300535	847607	12.75
1969	70-74	0.06113	0.26551	2.53	53474	14198	232268	547072	10.23
1969	75-79	0.08909	0.36364	2.48	39276	14282	160316	314804	8.02
1969	80-84	0.12722	0.47787	2.4	24993	11944	93880	154488	6.18
1969	85-89	0.18454	0.61283	2.26	13050	7997	43335	60608	4.64
1969	90-94	0.27302	0.76343	2.11	5052	3857	14128	17273	3.42
1969	95-99	0.36672	0.85603	1.89	1195	1023	2790	3145	2.63
1969	100-104	0.47780	0.92201	1.67	172	159	332	355	2.06
1969	105-109	0.59161	0.95857	1.47	13	13	22	23	1.68
1969	110+	0.68148	1.00000	1.47	1	1	1	1	1.47
1970	0	0.02048	0.02011	0.1	100000	2011	98190	6819063	68.19
1970	1-4	0.00072	0.00288	1.76	97989	282	391324	6720873	68.59
1970	5-9	0.00045	0.00227	2.36	97707	222	487948	6329549	64.78
1970	10-14	0.00039	0.00195	2.84	97485	190	487016	5841600	59.92
1970	15-19	0.00124	0.00618	2.84	97295	601	485174	5354585	55.03
1970	20-24	0.00152	0.00759	2.49	96694	734	481623	4869411	50.36
1970	25-29	0.00148	0.00739	2.42	95960	709	477968	4387788	45.73
1970	30-34	0.00166	0.00825	2.66	95250	786	474414	3909820	41.05
1970	35-39	0.00244	0.01214	2.73	94464	1147	469715	3435406	36.37
1970	40-44	0.00412	0.02040	2.63	93318	1904	462077	2965691	31.78
1970	45-49	0.00642	0.03162	2.66	91414	2890	450318	2503614	27.39
1970	50-54	0.01081	0.05276	2.7	88524	4670	431875	2053296	23.19
1970	55-59	0.01772	0.08505	2.65	83854	7131	402518	1621421	19.34
1970	60-64	0.02766	0.12981	2.64	76722	9960	360104	1218903	15.89
1970	65-69	0.04183	0.19000	2.59	66763	12685	303278	858798	12.86
1970	70-74	0.06068	0.26454	2.58	54078	14306	235769	555520	10.27
1970	75-79	0.08929	0.36423	2.47	39772	14486	162240	319752	8.04
1970	80-84	0.12445	0.47133	2.43	25286	11918	95766	157511	6.23
1970	85-89	0.18918	0.62266	2.26	13368	8324	44000	61745	4.62
1970	90-94	0.26278	0.75155	2.15	5044	3791	14427	17745	3.52
1970	95-99	0.36415	0.85402	1.89	1253	1070	2939	3318	2.65
1970	100-104	0.47538	0.92098	1.67	183	168	354	379	2.07
1970	105-109	0.58959	0.95812	1.48	14	14	23	24	1.69
1970	110+	0.67987	1.00000	1.47	1	1	1	1	1.47
1971	0	0.01834	0.01804	0.09	100000	1804	98366	6865340	68.65
1971	1-4	0.00068	0.00270	1.82	98196	265	392206	6766974	68.91
1971	5-9	0.00045	0.00222	2.33	97931	218	489072	6374769	65.09
1971	10-14	0.00037	0.00183	2.85	97713	179	488179	5885697	60.23
1971	15-19	0.00134	0.00670	2.91	97534	653	486303	5397518	55.34
1971	20-24	0.00161	0.00803	2.49	96881	778	482450	4911215	50.69
1971	25-29	0.00150	0.00745	2.52	96103	716	478741	4428765	46.08
1971	30-34	0.00170	0.00847	2.74	95387	808	475105	3950024	41.41
1971	35-39	0.00226	0.01123	2.73	94579	1063	470479	3474919	36.74
1971	40-44	0.00398	0.01970	2.69	93516	1842	463318	3004440	32.13
1971	45-49	0.00650	0.03204	2.67	91674	2937	451534	2541121	27.72
1971	50-54	0.01004	0.04902	2.63	88737	4350	433398	2089587	23.55
1971	55-59	0.01705	0.08198	2.65	84387	6918	405652	1656189	19.63
1971	60-64	0.02647	0.12451	2.62	77470	9646	364406	1250537	16.14
1971	65-69	0.04004	0.18236	2.56	67824	12368	308911	886130	13.07
1971	70-74	0.05867	0.25589	2.51	55456	14190	241890	577220	10.41
1971	75-79	0.08833	0.36164	2.49	41265	14923	168942	335329	8.13
1971	80-84	0.12169	0.46315	2.42	26342	12200	100261	166388	6.32
1971	85-89	0.18293	0.60996	2.27	14142	8626	47155	66126	4.68
1971	90-94	0.26881	0.75182	2.07	5516	4147	15427	18971	3.44
1971	95-99	0.37286	0.86148	1.88	1369	1179	3163	3544	2.59
1971	100-104	0.49045	0.92777	1.65	190	176	359	381	2.01
1971	105-109	0.60974	0.96283	1.45	14	13	22	22	1.63
1971	110+	0.70282	1.00000	1.42	1	1	1	1	1.42
1972	0	0.01826	0.01796	0.09	100000	1796	98372	6868153	68.68
1972	1-4	0.00077	0.00307	1.68	98204	302	392113	6769780	68.94
1972	5-9	0.00040	0.00200	2.2	97902	196	488961	6377667	65.14
1972	10-14	0.00040	0.00200	2.83	97706	196	488105	5888705	60.27
1972	15-19	0.00139	0.00695	2.79	97510	677	486057	5400601	55.38
1972	20-24	0.00150	0.00749	2.46	96833	725	482322	4914544	50.75
1972	25-29	0.00129	0.00643	2.44	96108	618	478958	4432222	46.12
1972	30-34	0.00159	0.00790	2.53	95490	754	475583	3953263	41.40
1972	35-39	0.00236	0.01173	2.77	94736	1111	471204	3477680	36.71
1972	40-44	0.00418	0.02068	2.71	93625	1936	463687	3006476	32.11
1972	45-49	0.00621	0.03059	2.67	91688	2804	451919	2542789	27.73
1972	50-54	0.01029	0.05023	2.66	88884	4465	433982	2090870	23.52
1972	55-59	0.01668	0.08022	2.63	84419	6772	406065	1656887	19.63
1972	60-64	0.02649	0.12471	2.66	77647	9684	365570	1250823	16.11
1972	65-69	0.03998	0.18213	2.56	67963	12378	309642	885253	13.03
1972	70-74	0.05948	0.25958	2.55	55585	14429	242564	575612	10.36
1972	75-79	0.09082	0.36942	2.48	41157	15204	167405	333048	8.09
1972	80-84	0.12338	0.46699	2.4	25952	12120	98227	165643	6.38
1972	85-89	0.17354	0.58937	2.28	13833	8153	46980	67416	4.87
1972	90-94	0.25839	0.73565	2.07	5680	4179	16171	20437	3.60
1972	95-99	0.33737	0.83000	1.94	1502	1246	3694	4265	2.84
1972	100-104	0.43823	0.90217	1.74	255	230	525	571	2.24
1972	105-109	0.54470	0.94571	1.55	25	24	43	46	1.82
1972	110+	0.63073	1.00000	1.59	1	1	2	2	1.59
1973	0	0.01733	0.01706	0.09	100000	1706	98450	6875367	68.75
1973	1-4	0.00067	0.00268	1.72	98294	264	392576	6776916	68.95
1973	5-9	0.00045	0.00224	2.35	98031	220	489570	6384341	65.13
1973	10-14	0.00042	0.00208	2.76	97811	203	488599	5894771	60.27
1973	15-19	0.00137	0.00681	2.91	97608	665	486651	5406171	55.39
1973	20-24	0.00161	0.00804	2.4	96943	779	482685	4919521	50.75
1973	25-29	0.00153	0.00762	2.39	96164	733	478904	4436835	46.14
1973	30-34	0.00158	0.00787	2.61	95431	751	475359	3957931	41.47
1973	35-39	0.00230	0.01145	2.63	94680	1084	470826	3482572	36.78
1973	40-44	0.00382	0.01895	2.69	93596	1774	463880	3011746	32.18
1973	45-49	0.00639	0.03147	2.67	91822	2890	452384	2547866	27.75
1973	50-54	0.00997	0.04873	2.67	88932	4333	434572	2095483	23.56
1973	55-59	0.01669	0.08029	2.64	84598	6793	406963	1660911	19.63
1973	60-64	0.02636	0.12393	2.59	77806	9642	365832	1253948	16.12
1973	65-69	0.04010	0.18272	2.57	68164	12455	310572	888115	13.03
1973	70-74	0.05880	0.25677	2.53	55709	14304	243278	577543	10.37
1973	75-79	0.08843	0.36152	2.48	41404	14968	169264	334265	8.07
1973	80-84	0.12655	0.47791	2.44	26436	12634	99837	165001	6.24
1973	85-89	0.18362	0.61284	2.29	13802	8458	46066	65164	4.72
1973	90-94	0.25774	0.73878	2.11	5344	3948	15317	19098	3.57
1973	95-99	0.35524	0.84628	1.91	1396	1181	3325	3782	2.71
1973	100-104	0.46202	0.91458	1.7	215	196	425	457	2.13
1973	105-109	0.57277	0.95380	1.5	18	17	31	32	1.74
1973	110+	0.66113	1.00000	1.51	1	1	1	1	1.51
1974	0	0.01683	0.01658	0.09	100000	1658	98491	6924689	69.25
1974	1-4	0.00071	0.00285	1.87	98342	280	392772	6826197	69.41
1974	5-9	0.00039	0.00196	2.37	98062	192	489803	6433426	65.61
1974	10-14	0.00037	0.00183	2.85	97870	179	488964	5943623	60.73
1974	15-19	0.00121	0.00604	3.04	97691	590	487297	5454659	55.84
1974	20-24	0.00157	0.00782	2.37	97101	759	483507	4967362	51.16
1974	25-29	0.00140	0.00699	2.5	96342	674	480030	4483854	46.54
1974	30-34	0.00149	0.00742	2.66	95668	710	476681	4003824	41.85
1974	35-39	0.00228	0.01132	2.65	94958	1075	472269	3527143	37.14
1974	40-44	0.00365	0.01810	2.74	93883	1700	465579	3054874	32.54
1974	45-49	0.00644	0.03174	2.66	92184	2926	454084	2589296	28.09
1974	50-54	0.00958	0.04684	2.65	89257	4180	436459	2135212	23.92
1974	55-59	0.01563	0.07544	2.69	85077	6418	410550	1698752	19.97
1974	60-64	0.02541	0.11983	2.63	78659	9425	370964	1288202	16.38
1974	65-69	0.03909	0.17863	2.59	69233	12367	316388	917238	13.25
1974	70-74	0.05720	0.25107	2.57	56866	14277	249620	600850	10.57
1974	75-79	0.08511	0.35021	2.47	42589	14915	175234	351230	8.25
1974	80-84	0.12067	0.46019	2.42	27674	12735	105542	175996	6.36
1974	85-89	0.18194	0.60880	2.28	14939	9095	49988	70454	4.72
1974	90-94	0.26336	0.74633	2.1	5844	4362	16561	20466	3.50
1974	95-99	0.36590	0.85586	1.89	1482	1269	3468	3905	2.63
1974	100-104	0.48118	0.92381	1.67	214	197	410	437	2.05
1974	105-109	0.59906	0.96047	1.46	16	16	26	27	1.66
1974	110+	0.69169	1.00000	1.45	1	1	1	1	1.45
1975	0	0.01551	0.01529	0.09	100000	1529	98603	6985957	69.86
1975	1-4	0.00054	0.00217	1.74	98471	214	393398	6887354	69.94
1975	5-9	0.00033	0.00163	2.22	98256	160	490839	6493956	66.09
1975	10-14	0.00034	0.00169	2.9	98097	166	490136	6003117	61.20
1975	15-19	0.00120	0.00600	2.93	97931	588	488440	5512981	56.29
1975	20-24	0.00166	0.00828	2.48	97343	806	484688	5024541	51.62
1975	25-29	0.00143	0.00711	2.41	96537	686	480906	4539853	47.03
1975	30-34	0.00158	0.00789	2.6	95851	756	477436	4058947	42.35
1975	35-39	0.00211	0.01052	2.72	95095	1000	473195	3581511	37.66
1975	40-44	0.00358	0.01774	2.71	94094	1670	466652	3108316	33.03
1975	45-49	0.00607	0.02994	2.73	92424	2767	455834	2641663	28.58
1975	50-54	0.00965	0.04717	2.67	89657	4229	438420	2185829	24.38
1975	55-59	0.01530	0.07386	2.66	85428	6310	412368	1747410	20.45
1975	60-64	0.02403	0.11367	2.63	79119	8993	374289	1335042	16.87
1975	65-69	0.03678	0.16887	2.58	70125	11842	321974	960753	13.70
1975	70-74	0.05381	0.23823	2.6	58283	13885	258052	638778	10.96
1975	75-79	0.08088	0.33674	2.52	44398	14951	184856	380727	8.58
1975	80-84	0.11370	0.43931	2.41	29448	12937	113779	195871	6.65
1975	85-89	0.16918	0.58086	2.3	16511	9591	56689	82092	4.97
1975	90-94	0.25135	0.73760	2.2	6920	5104	20308	25402	3.67
1975	95-99	0.34129	0.83460	1.94	1816	1516	4441	5094	2.81
1975	100-104	0.45090	0.90955	1.72	300	273	606	654	2.18
1975	105-109	0.56586	0.95222	1.52	27	26	46	48	1.76
1975	110+	0.65790	1.00000	1.52	1	1	2	2	1.52
1976	0	0.01414	0.01396	0.08	100000	1396	98720	7031229	70.31
1976	1-4	0.00053	0.00213	1.74	98604	210	393942	6932509	70.31
1976	5-9	0.00029	0.00147	2.37	98394	145	491590	6538567	66.45
1976	10-14	0.00029	0.00147	2.59	98249	144	490899	6046978	61.55
1976	15-19	0.00108	0.00539	3.02	98105	528	489479	5556078	56.63
1976	20-24	0.00154	0.00767	2.57	97577	749	486064	5066599	51.92
1976	25-29	0.00139	0.00692	2.49	96828	670	482455	4580535	47.31
1976	30-34	0.00132	0.00659	2.56	96158	633	479245	4098080	42.62
1976	35-39	0.00197	0.00980	2.59	95524	936	475370	3618836	37.88
1976	40-44	0.00330	0.01637	2.68	94588	1549	469352	3143465	33.23
1976	45-49	0.00556	0.02745	2.68	93040	2554	459284	2674113	28.74
1976	50-54	0.00927	0.04536	2.62	90486	4105	442680	2214828	24.48
1976	55-59	0.01461	0.07062	2.67	86381	6100	417672	1772148	20.52
1976	60-64	0.02352	0.11142	2.65	80281	8945	380373	1354476	16.87
1976	65-69	0.03601	0.16571	2.6	71336	11821	328286	974102	13.66
1976	70-74	0.05417	0.23890	2.53	59515	14218	262485	645816	10.85
1976	75-79	0.08121	0.33712	2.48	45297	15271	188042	383331	8.46
1976	80-84	0.11868	0.45624	2.47	30026	13699	115428	195290	6.50
1976	85-89	0.17383	0.59185	2.3	16327	9663	55591	79862	4.89
1976	90-94	0.25238	0.73023	2.12	6664	4866	19281	24271	3.64
1976	95-99	0.34555	0.83820	1.93	1798	1507	4361	4990	2.78
1976	100-104	0.45384	0.91085	1.71	291	265	584	629	2.16
1976	105-109	0.56704	0.95244	1.51	26	25	44	45	1.75
1976	110+	0.65761	1.00000	1.52	1	1	2	2	1.52
1977	0	0.01305	0.01290	0.08	100000	1290	98813	7083092	70.83
1977	1-4	0.00057	0.00227	1.79	98710	224	394345	6984279	70.76
1977	5-9	0.00028	0.00140	2.53	98486	138	492090	6589934	66.91
1977	10-14	0.00033	0.00163	2.77	98348	161	491382	6097844	62.00
1977	15-19	0.00112	0.00559	3.01	98187	549	489843	5606462	57.10
1977	20-24	0.00151	0.00753	2.42	97638	735	486294	5116619	52.40
1977	25-29	0.00136	0.00676	2.34	96903	655	482774	4630325	47.78
1977	30-34	0.00146	0.00725	2.56	96248	698	479536	4147550	43.09
1977	35-39	0.00182	0.00909	2.72	95550	868	475769	3668015	38.39
1977	40-44	0.00314	0.01558	2.79	94682	1475	470152	3192245	33.72
1977	45-49	0.00527	0.02605	2.7	93207	2428	460445	2722093	29.20
1977	50-54	0.00889	0.04353	2.66	90779	3952	444636	2261648	24.91
1977	55-59	0.01395	0.06752	2.64	86827	5863	420330	1817012	20.93
1977	60-64	0.02223	0.10561	2.64	80965	8551	384603	1396682	17.25
1977	65-69	0.03499	0.16138	2.6	72414	11686	334027	1012079	13.98
1977	70-74	0.05210	0.23077	2.53	60728	14014	268959	678052	11.17
1977	75-79	0.07679	0.32217	2.5	46714	15050	195974	409094	8.76
1977	80-84	0.11373	0.44000	2.43	31664	13932	122501	213120	6.73
1977	85-89	0.16504	0.57142	2.31	17732	10132	61395	90619	5.11
1977	90-94	0.23631	0.70608	2.15	7599	5366	22707	29223	3.85
1977	95-99	0.32700	0.82057	1.96	2234	1833	5605	6516	2.92
1977	100-104	0.43031	0.89817	1.76	401	360	837	911	2.27
1977	105-109	0.54029	0.94460	1.56	41	39	71	75	1.84
1977	110+	0.62939	1.00000	1.59	2	2	4	4	1.59
1978	0	0.01226	0.01213	0.08	100000	1213	98882	7093229	70.93
1978	1-4	0.00051	0.00205	1.68	98787	203	394680	6994347	70.80
1978	5-9	0.00029	0.00144	2.08	98585	142	492510	6599668	66.94
1978	10-14	0.00032	0.00161	2.64	98443	158	491842	6107158	62.04
1978	15-19	0.00116	0.00581	2.95	98285	571	490253	5615316	57.13
1978	20-24	0.00162	0.00805	2.42	97714	787	486537	5125063	52.45
1978	25-29	0.00140	0.00699	2.38	96927	678	482861	4638526	47.86
1978	30-34	0.00146	0.00728	2.54	96249	700	479522	4155665	43.18
1978	35-39	0.00187	0.00929	2.71	95549	888	475714	3676143	38.47
1978	40-44	0.00322	0.01597	2.69	94662	1511	469812	3200429	33.81
1978	45-49	0.00538	0.02657	2.67	93150	2475	459992	2730617	29.31
1978	50-54	0.00872	0.04273	2.66	90675	3874	444302	2270626	25.04
1978	55-59	0.01348	0.06532	2.63	86801	5670	420585	1826323	21.04
1978	60-64	0.02237	0.10629	2.66	81131	8624	385468	1405738	17.33
1978	65-69	0.03438	0.15877	2.59	72508	11512	334797	1020270	14.07
1978	70-74	0.05161	0.22930	2.57	60996	13986	270996	685473	11.24
1978	75-79	0.07464	0.31414	2.48	47009	14768	197843	414477	8.82
1978	80-84	0.11454	0.44123	2.4	32242	14226	124208	216634	6.72
1978	85-89	0.16465	0.56923	2.29	18016	10255	62282	92426	5.13
1978	90-94	0.23563	0.70869	2.19	7761	5500	23342	30144	3.88
1978	95-99	0.31635	0.80923	1.98	2261	1829	5783	6802	3.01
1978	100-104	0.41338	0.88768	1.79	431	383	926	1019	2.36
1978	105-109	0.51775	0.93685	1.59	48	45	88	93	1.91
1978	110+	0.60297	1.00000	1.66	3	3	5	5	1.66
1979	0	0.01265	0.01250	0.08	100000	1250	98849	7123083	71.23
1979	1-4	0.00048	0.00190	1.84	98750	188	394594	7024234	71.13
1979	5-9	0.00034	0.00171	2.32	98562	169	492359	6629640	67.26
1979	10-14	0.00028	0.00141	2.99	98393	139	491687	6137281	62.38
1979	15-19	0.00123	0.00614	3.01	98254	603	490068	5645594	57.46
1979	20-24	0.00163	0.00810	2.38	97651	791	486185	5155526	52.80
1979	25-29	0.00148	0.00735	2.41	96860	712	482457	4669341	48.21
1979	30-34	0.00139	0.00692	2.4	96148	665	479009	4186884	43.55
1979	35-39	0.00196	0.00977	2.68	95483	933	475252	3707875	38.83
1979	40-44	0.00297	0.01474	2.62	94550	1393	469428	3232623	34.19
1979	45-49	0.00497	0.02459	2.75	93157	2290	460620	2763196	29.66
1979	50-54	0.00875	0.04291	2.73	90866	3899	445468	2302576	25.34
1979	55-59	0.01301	0.06315	2.67	86967	5492	422048	1857108	21.35
1979	60-64	0.02081	0.09927	2.68	81475	8088	388597	1435060	17.61
1979	65-69	0.03331	0.15421	2.6	73388	11317	339766	1046464	14.26
1979	70-74	0.04994	0.22248	2.55	62070	13810	276551	706697	11.39
1979	75-79	0.07420	0.31296	2.5	48261	15104	203541	430146	8.91
1979	80-84	0.11137	0.43277	2.43	33157	14349	128850	226605	6.83
1979	85-89	0.16225	0.56359	2.29	18807	10600	65330	97755	5.20
1979	90-94	0.22963	0.69890	2.2	8208	5736	24981	32425	3.95
1979	95-99	0.31568	0.80882	1.99	2471	1999	6332	7444	3.01
1979	100-104	0.41491	0.88886	1.78	472	420	1012	1112	2.35
1979	105-109	0.52169	0.93838	1.59	53	49	94	100	1.90
1979	110+	0.60883	1.00000	1.64	3	3	5	5	1.64
1980	0	0.01169	0.01157	0.08	100000	1157	98932	7111054	71.11
1980	1-4	0.00054	0.00217	1.54	98843	215	394844	7012122	70.94
1980	5-9	0.00030	0.00151	2.23	98628	149	492729	6617278	67.09
1980	10-14	0.00031	0.00155	2.92	98479	153	492079	6124549	62.19
1980	15-19	0.00121	0.00602	3.01	98326	592	490453	5632470	57.28
1980	20-24	0.00167	0.00830	2.44	97735	811	486598	5142017	52.61
1980	25-29	0.00148	0.00738	2.49	96924	715	482826	4655419	48.03
1980	30-34	0.00145	0.00723	2.57	96209	696	479353	4172593	43.37
1980	35-39	0.00199	0.00991	2.64	95513	946	475335	3693240	38.67
1980	40-44	0.00303	0.01504	2.75	94567	1422	469629	3217905	34.03
1980	45-49	0.00486	0.02405	2.73	93145	2240	460628	2748276	29.51
1980	50-54	0.00841	0.04124	2.69	90905	3749	445853	2287648	25.17
1980	55-59	0.01364	0.06605	2.63	87156	5757	422110	1841795	21.13
1980	60-64	0.02094	0.09977	2.64	81399	8121	387792	1419685	17.44
1980	65-69	0.03305	0.15320	2.62	73278	11226	339660	1031893	14.08
1980	70-74	0.05060	0.22534	2.57	62052	13983	276329	692232	11.16
1980	75-79	0.07743	0.32418	2.49	48069	15583	201268	415903	8.65
1980	80-84	0.11570	0.44532	2.41	32486	14467	125033	214635	6.61
1980	85-89	0.16894	0.58157	2.32	18019	10480	62032	89603	4.97
1980	90-94	0.25029	0.72844	2.13	7540	5492	21944	27571	3.66
1980	95-99	0.34907	0.84174	1.92	2048	1723	4937	5627	2.75
1980	100-104	0.46160	0.91495	1.7	324	296	642	690	2.13
1980	105-109	0.57864	0.95563	1.5	28	26	46	47	1.72
1980	110+	0.67170	1.00000	1.49	1	1	2	2	1.49
1981	0	0.01196	0.01183	0.08	100000	1183	98909	7153625	71.54
1981	1-4	0.00053	0.00210	1.79	98817	208	394810	7054717	71.39
1981	5-9	0.00031	0.00153	2.34	98609	151	492646	6659906	67.54
1981	10-14	0.00026	0.00131	2.65	98459	129	491991	6167260	62.64
1981	15-19	0.00102	0.00507	2.98	98330	499	490642	5675269	57.72
1981	20-24	0.00147	0.00735	2.41	97831	719	487294	5184627	53.00
1981	25-29	0.00145	0.00725	2.51	97113	704	483808	4697333	48.37
1981	30-34	0.00140	0.00698	2.52	96409	673	480374	4213524	43.70
1981	35-39	0.00190	0.00947	2.67	95736	906	476564	3733150	38.99
1981	40-44	0.00284	0.01413	2.75	94830	1340	471137	3256586	34.34
1981	45-49	0.00495	0.02446	2.74	93490	2287	462273	2785449	29.79
1981	50-54	0.00814	0.03995	2.72	91203	3643	447717	2323176	25.47
1981	55-59	0.01300	0.06308	2.64	87560	5524	424765	1875459	21.42
1981	60-64	0.02077	0.09900	2.65	82036	8122	391079	1450694	17.68
1981	65-69	0.03218	0.14936	2.6	73915	11040	343069	1059615	14.34
1981	70-74	0.04972	0.22166	2.56	62875	13937	280311	716547	11.40
1981	75-79	0.07362	0.31127	2.52	48938	15233	206908	436236	8.91
1981	80-84	0.10984	0.42790	2.42	33705	14422	131305	229328	6.80
1981	85-89	0.16782	0.57868	2.32	19283	11159	66492	98023	5.08
1981	90-94	0.23199	0.69828	2.15	8124	5673	24454	31531	3.88
1981	95-99	0.33056	0.82442	1.96	2451	2021	6113	7077	2.89
1981	100-104	0.43760	0.90251	1.75	430	388	888	963	2.24
1981	105-109	0.55108	0.94804	1.54	42	40	72	76	1.80
1981	110+	0.64261	1.00000	1.56	2	2	3	3	1.56
1982	0	0.01143	0.01131	0.08	100000	1131	98955	7191211	71.91
1982	1-4	0.00046	0.00182	1.75	98869	180	395070	7092257	71.73
1982	5-9	0.00026	0.00132	2.32	98689	131	493094	6697187	67.86
1982	10-14	0.00025	0.00127	2.79	98558	126	492514	6204093	62.95
1982	15-19	0.00103	0.00512	3	98433	504	491154	5711580	58.03
1982	20-24	0.00130	0.00648	2.55	97929	634	488090	5220425	53.31
1982	25-29	0.00137	0.00683	2.51	97294	665	484814	4732336	48.64
1982	30-34	0.00137	0.00685	2.51	96630	662	481499	4247521	43.96
1982	35-39	0.00165	0.00822	2.64	95968	788	477982	3766022	39.24
1982	40-44	0.00280	0.01391	2.65	95180	1324	472791	3288040	34.55
1982	45-49	0.00478	0.02363	2.74	93856	2218	464274	2815249	30.00
1982	50-54	0.00796	0.03912	2.73	91638	3584	450057	2350975	25.66
1982	55-59	0.01281	0.06218	2.65	88053	5475	427384	1900918	21.59
1982	60-64	0.02015	0.09617	2.64	82578	7942	394175	1473534	17.84
1982	65-69	0.03200	0.14876	2.64	74637	11103	347001	1079359	14.46
1982	70-74	0.04909	0.21975	2.62	63534	13961	284388	732358	11.53
1982	75-79	0.07363	0.31137	2.52	49572	15436	209645	447970	9.04
1982	80-84	0.10760	0.42324	2.48	34137	14448	134272	238325	6.98
1982	85-89	0.15800	0.55632	2.34	19689	10953	69323	104053	5.28
1982	90-94	0.22562	0.69200	2.21	8735	6045	26792	34730	3.98
1982	95-99	0.32250	0.81658	1.98	2691	2197	6812	7937	2.95
1982	100-104	0.42907	0.89785	1.76	493	443	1033	1125	2.28
1982	105-109	0.54290	0.94565	1.55	50	48	88	92	1.83
1982	110+	0.63509	1.00000	1.57	3	3	4	4	1.57
1983	0	0.01081	0.01070	0.07	100000	1070	99009	7193438	71.93
1983	1-4	0.00047	0.00187	1.68	98930	185	395289	7094429	71.71
1983	5-9	0.00024	0.00121	2.21	98744	119	493388	6699140	67.84
1983	10-14	0.00026	0.00130	3.03	98625	128	492871	6205752	62.92
1983	15-19	0.00095	0.00473	2.93	98496	465	491519	5712881	58.00
1983	20-24	0.00137	0.00682	2.48	98031	669	488468	5221362	53.26
1983	25-29	0.00131	0.00653	2.52	97362	635	485237	4732894	48.61
1983	30-34	0.00137	0.00681	2.64	96727	659	482081	4247657	43.91
1983	35-39	0.00184	0.00915	2.71	96068	879	478324	3765576	39.20
1983	40-44	0.00264	0.01311	2.73	95189	1248	473116	3287252	34.53
1983	45-49	0.00473	0.02339	2.76	93941	2197	464788	2814136	29.96
1983	50-54	0.00793	0.03896	2.69	91743	3574	450474	2349348	25.61
1983	55-59	0.01301	0.06315	2.69	88169	5568	428004	1898874	21.54
1983	60-64	0.02013	0.09613	2.66	82601	7941	394398	1470870	17.81
1983	65-69	0.03121	0.14533	2.64	74660	10850	347683	1076472	14.42
1983	70-74	0.04851	0.21724	2.6	63810	13862	285754	728789	11.42
1983	75-79	0.07401	0.31276	2.53	49948	15622	211083	443034	8.87
1983	80-84	0.11164	0.43469	2.45	34326	14921	133651	231952	6.76
1983	85-89	0.16648	0.57384	2.29	19405	11135	66885	98300	5.07
1983	90-94	0.23951	0.71439	2.18	8270	5908	24666	31415	3.80
1983	95-99	0.33431	0.82806	1.95	2362	1956	5850	6750	2.86
1983	100-104	0.44246	0.90515	1.74	406	368	831	899	2.21
1983	105-109	0.55667	0.94967	1.53	39	37	66	69	1.78
1983	110+	0.64855	1.00000	1.54	2	2	3	3	1.54
1984	0	0.01054	0.01043	0.07	100000	1043	99033	7213340	72.13
1984	1-4	0.00034	0.00138	1.34	98957	136	395463	7114307	71.89
1984	5-9	0.00020	0.00100	2.3	98820	99	493835	6718844	67.99
1984	10-14	0.00026	0.00129	2.75	98722	127	493321	6225009	63.06
1984	15-19	0.00095	0.00473	2.97	98594	466	492027	5731688	58.13
1984	20-24	0.00131	0.00651	2.4	98128	639	488980	5239661	53.40
1984	25-29	0.00118	0.00588	2.51	97489	573	486021	4750682	48.73
1984	30-34	0.00143	0.00710	2.55	96917	689	482899	4264660	44.00
1984	35-39	0.00183	0.00909	2.65	96228	875	479088	3781761	39.30
1984	40-44	0.00269	0.01337	2.67	95353	1275	473795	3302673	34.64
1984	45-49	0.00453	0.02242	2.75	94079	2110	465638	2828878	30.07
1984	50-54	0.00767	0.03769	2.69	91969	3466	451844	2363240	25.70
1984	55-59	0.01259	0.06117	2.68	88503	5414	429947	1911396	21.60
1984	60-64	0.02013	0.09613	2.66	83089	7987	396768	1481449	17.83
1984	65-69	0.03074	0.14322	2.62	75102	10756	349919	1084681	14.44
1984	70-74	0.04889	0.21836	2.56	64345	14051	287419	734762	11.42
1984	75-79	0.07336	0.31064	2.54	50295	15624	212968	447343	8.89
1984	80-84	0.11058	0.43079	2.44	34671	14936	135065	234376	6.76
1984	85-89	0.16654	0.57535	2.31	19735	11355	68180	99311	5.03
1984	90-94	0.24497	0.72146	2.15	8380	6046	24681	31130	3.71
1984	95-99	0.34677	0.84006	1.93	2334	1961	5655	6449	2.76
1984	100-104	0.46177	0.91526	1.7	373	342	740	794	2.13
1984	105-109	0.58147	0.95647	1.49	32	30	52	54	1.71
1984	110+	0.67649	1.00000	1.48	1	1	2	2	1.48
1985	0	0.01039	0.01029	0.07	100000	1029	99046	7208262	72.08
1985	1-4	0.00041	0.00162	1.72	98971	160	395517	7109216	71.83
1985	5-9	0.00022	0.00109	2.44	98810	108	493775	6713699	67.95
1985	10-14	0.00022	0.00108	2.89	98702	106	493287	6219924	63.02
1985	15-19	0.00103	0.00515	2.89	98596	508	491910	5726637	58.08
1985	20-24	0.00132	0.00656	2.49	98088	644	488827	5234728	53.37
1985	25-29	0.00132	0.00657	2.5	97445	640	485624	4745901	48.70
1985	30-34	0.00154	0.00765	2.54	96805	740	482201	4260277	44.01
1985	35-39	0.00185	0.00921	2.61	96065	884	478208	3778076	39.33
1985	40-44	0.00286	0.01423	2.73	95180	1354	472832	3299868	34.67
1985	45-49	0.00442	0.02187	2.73	93826	2052	464469	2827036	30.13
1985	50-54	0.00744	0.03656	2.69	91774	3356	451118	2362567	25.74
1985	55-59	0.01239	0.06020	2.67	88418	5323	429679	1911449	21.62
1985	60-64	0.02025	0.09665	2.64	83095	8031	396521	1481770	17.83
1985	65-69	0.03093	0.14405	2.63	75064	10813	349641	1085248	14.46
1985	70-74	0.04832	0.21624	2.57	64251	13894	287520	735607	11.45
1985	75-79	0.07286	0.30887	2.54	50357	15554	213471	448087	8.90
1985	80-84	0.11168	0.43396	2.43	34803	15103	135241	234616	6.74
1985	85-89	0.16643	0.57531	2.32	19700	11334	68099	99375	5.04
1985	90-94	0.24462	0.72196	2.16	8366	6040	24692	31276	3.74
1985	95-99	0.33785	0.83151	1.95	2326	1934	5725	6584	2.83
1985	100-104	0.44763	0.90795	1.73	392	356	795	859	2.19
1985	105-109	0.56312	0.95152	1.52	36	34	61	64	1.76
1985	110+	0.65574	1.00000	1.52	2	2	3	3	1.52
1986	0	0.00937	0.00929	0.07	100000	929	99136	7241676	72.42
1986	1-4	0.00044	0.00174	1.77	99071	173	395898	7142540	72.10
1986	5-9	0.00025	0.00123	2.35	98898	121	494168	6746642	68.22
1986	10-14	0.00026	0.00128	2.64	98777	126	493585	6252473	63.30
1986	15-19	0.00096	0.00479	2.8	98650	473	492211	5758888	58.38
1986	20-24	0.00123	0.00611	2.46	98178	600	489367	5266677	53.64
1986	25-29	0.00137	0.00685	2.53	97578	668	486240	4777310	48.96
1986	30-34	0.00156	0.00775	2.52	96909	751	482685	4291071	44.28
1986	35-39	0.00198	0.00984	2.62	96158	946	478536	3808385	39.61
1986	40-44	0.00265	0.01318	2.67	95212	1255	473128	3329849	34.97
1986	45-49	0.00416	0.02060	2.7	93957	1936	465325	2856721	30.40
1986	50-54	0.00744	0.03659	2.72	92021	3367	452431	2391396	25.99
1986	55-59	0.01206	0.05868	2.68	88654	5202	431199	1938965	21.87
1986	60-64	0.01892	0.09052	2.63	83452	7554	399328	1507766	18.07
1986	65-69	0.02925	0.13680	2.64	75899	10383	354991	1108438	14.60
1986	70-74	0.04774	0.21384	2.56	65516	14010	293443	753447	11.50
1986	75-79	0.07177	0.30495	2.54	51506	15707	218860	460004	8.93
1986	80-84	0.11162	0.43354	2.43	35799	15521	139046	241143	6.74
1986	85-89	0.16594	0.57638	2.35	20279	11688	70434	102097	5.03
1986	90-94	0.24819	0.72639	2.15	8591	6240	25142	31663	3.69
1986	95-99	0.34524	0.83857	1.93	2350	1971	5709	6521	2.77
1986	100-104	0.45889	0.91380	1.71	379	347	756	812	2.14
1986	105-109	0.57745	0.95541	1.5	33	31	54	56	1.72
1986	110+	0.67178	1.00000	1.49	1	1	2	2	1.49
1987	0	0.00898	0.00890	0.07	100000	890	99171	7250005	72.50
1987	1-4	0.00044	0.00178	1.72	99110	176	396037	7150834	72.15
1987	5-9	0.00027	0.00133	2.48	98933	132	494334	6754797	68.28
1987	10-14	0.00024	0.00121	2.66	98801	119	493728	6260463	63.36
1987	15-19	0.00090	0.00448	2.86	98682	442	492465	5766735	58.44
1987	20-24	0.00129	0.00643	2.49	98240	632	489615	5274270	53.69
1987	25-29	0.00142	0.00709	2.5	97608	692	486311	4784655	49.02
1987	30-34	0.00172	0.00857	2.59	96916	830	482583	4298344	44.35
1987	35-39	0.00198	0.00987	2.6	96086	948	478157	3815760	39.71
1987	40-44	0.00267	0.01325	2.63	95138	1261	472704	3337603	35.08
1987	45-49	0.00440	0.02178	2.75	93877	2045	464786	2864899	30.52
1987	50-54	0.00731	0.03592	2.64	91832	3298	451366	2400113	26.14
1987	55-59	0.01143	0.05567	2.65	88534	4928	431108	1948747	22.01
1987	60-64	0.01900	0.09086	2.6	83605	7596	399780	1517640	18.15
1987	65-69	0.02924	0.13670	2.62	76009	10391	355347	1117860	14.71
1987	70-74	0.04685	0.21036	2.58	65618	13804	294629	762512	11.62
1987	75-79	0.07129	0.30340	2.55	51815	15721	220516	467884	9.03
1987	80-84	0.11012	0.43105	2.48	36094	15558	141284	247367	6.85
1987	85-89	0.16078	0.56112	2.31	20536	11523	71669	106083	5.17
1987	90-94	0.23604	0.70577	2.15	9013	6361	26948	34414	3.82
1987	95-99	0.33955	0.83345	1.95	2652	2210	6509	7466	2.82
1987	100-104	0.45264	0.91075	1.72	442	402	889	957	2.17
1987	105-109	0.57126	0.95385	1.51	39	38	66	69	1.74
1987	110+	0.66597	1.00000	1.5	2	2	3	3	1.50
1988	0	0.00935	0.00927	0.07	100000	927	99138	7256456	72.56
1988	1-4	0.00039	0.00158	1.7	99073	156	395935	7157318	72.24
1988	5-9	0.00025	0.00126	2.4	98917	124	494264	6761383	68.35
1988	10-14	0.00024	0.00122	2.93	98793	121	493716	6267119	63.44
1988	15-19	0.00098	0.00487	2.98	98672	480	492392	5773403	58.51
1988	20-24	0.00126	0.00628	2.52	98192	617	489429	5281011	53.78
1988	25-29	0.00146	0.00725	2.59	97575	708	486173	4791582	49.11
1988	30-34	0.00173	0.00864	2.54	96867	837	482280	4305409	44.45
1988	35-39	0.00210	0.01044	2.6	96031	1003	477744	3823128	39.81
1988	40-44	0.00284	0.01409	2.6	95028	1339	471926	3345384	35.20
1988	45-49	0.00442	0.02189	2.65	93689	2051	463620	2873458	30.67
1988	50-54	0.00701	0.03451	2.68	91639	3163	450869	2409838	26.30
1988	55-59	0.01138	0.05545	2.67	88476	4906	430947	1958969	22.14
1988	60-64	0.01875	0.08983	2.67	83570	7507	400364	1528022	18.28
1988	65-69	0.02850	0.13340	2.61	76063	10147	356038	1127657	14.83
1988	70-74	0.04636	0.20861	2.6	65916	13751	296611	771619	11.71
1988	75-79	0.06815	0.29223	2.56	52165	15244	223678	475008	9.11
1988	80-84	0.10827	0.42448	2.46	36921	15672	144757	251330	6.81
1988	85-89	0.16500	0.57313	2.34	21249	12178	73807	106573	5.02
1988	90-94	0.25385	0.73577	2.14	9070	6674	26290	32765	3.61
1988	95-99	0.35515	0.84785	1.92	2397	2032	5721	6475	2.70
1988	100-104	0.47597	0.92212	1.68	365	336	706	754	2.07
1988	105-109	0.60030	0.96105	1.46	28	27	45	47	1.66
1988	110+	0.69779	1.00000	1.43	1	1	2	2	1.43
1989	0	0.00975	0.00966	0.07	100000	966	99103	7294485	72.94
1989	1-4	0.00037	0.00148	1.82	99034	147	395816	7195382	72.66
1989	5-9	0.00021	0.00107	2.3	98887	106	494150	6799566	68.76
1989	10-14	0.00028	0.00137	2.77	98781	136	493604	6305417	63.83
1989	15-19	0.00094	0.00468	2.83	98646	462	492225	5811813	58.92
1989	20-24	0.00130	0.00647	2.56	98184	635	489372	5319588	54.18
1989	25-29	0.00136	0.00677	2.53	97549	660	486115	4830216	49.52
1989	30-34	0.00170	0.00847	2.6	96889	820	482473	4344101	44.84
1989	35-39	0.00224	0.01115	2.55	96068	1071	477716	3861628	40.20
1989	40-44	0.00275	0.01364	2.63	94997	1295	471909	3383912	35.62
1989	45-49	0.00417	0.02064	2.66	93701	1934	463987	2912003	31.08
1989	50-54	0.00668	0.03290	2.67	91767	3019	451816	2448016	26.68
1989	55-59	0.01121	0.05464	2.72	88748	4850	432697	1996200	22.49
1989	60-64	0.01818	0.08717	2.65	83899	7313	402290	1563503	18.64
1989	65-69	0.02758	0.12938	2.61	76585	9909	359234	1161213	15.16
1989	70-74	0.04345	0.19665	2.59	66676	13112	301784	801979	12.03
1989	75-79	0.06702	0.28743	2.52	53564	15396	229709	500195	9.34
1989	80-84	0.10402	0.41237	2.49	38168	15740	151313	270486	7.09
1989	85-89	0.15415	0.54788	2.36	22429	12288	79719	119172	5.31
1989	90-94	0.23148	0.70003	2.18	10141	7099	30667	39453	3.89
1989	95-99	0.32974	0.82441	1.97	3042	2508	7605	8786	2.89
1989	100-104	0.44305	0.90601	1.74	534	484	1092	1181	2.21
1989	105-109	0.56300	0.95176	1.52	50	48	85	89	1.76
1989	110+	0.65923	1.00000	1.52	2	2	4	4	1.52
1990	0	0.00833	0.00827	0.07	100000	827	99229	7350113	73.50
1990	1-4	0.00036	0.00144	1.61	99173	143	396352	7250884	73.11
1990	5-9	0.00019	0.00096	2.16	99031	95	494882	6854531	69.22
1990	10-14	0.00022	0.00109	3.03	98935	108	494464	6359649	64.28
1990	15-19	0.00089	0.00445	2.84	98827	440	493186	5865185	59.35
1990	20-24	0.00114	0.00570	2.62	98388	561	490601	5371999	54.60
1990	25-29	0.00137	0.00681	2.6	97826	666	487535	4881399	49.90
1990	30-34	0.00162	0.00808	2.56	97160	785	483888	4393864	45.22
1990	35-39	0.00205	0.01021	2.53	96376	984	479447	3909976	40.57
1990	40-44	0.00267	0.01328	2.64	95392	1267	473967	3430528	35.96
1990	45-49	0.00397	0.01969	2.75	94125	1854	466454	2956561	31.41
1990	50-54	0.00647	0.03187	2.67	92272	2940	454497	2490107	26.99
1990	55-59	0.01069	0.05217	2.7	89331	4660	435925	2035610	22.79
1990	60-64	0.01728	0.08306	2.67	84671	7032	406948	1599685	18.89
1990	65-69	0.02750	0.12910	2.63	77639	10023	364454	1192737	15.36
1990	70-74	0.04172	0.18947	2.58	67616	12811	307091	828283	12.25
1990	75-79	0.06493	0.28048	2.57	54804	15372	236737	521193	9.51
1990	80-84	0.10141	0.40267	2.44	39433	15878	156578	284456	7.21
1990	85-89	0.15104	0.54018	2.36	23554	12724	84239	127878	5.43
1990	90-94	0.22202	0.68260	2.18	10831	7393	33298	43639	4.03
1990	95-99	0.31524	0.80941	1.99	3438	2783	8827	10340	3.01
1990	100-104	0.42282	0.89446	1.78	655	586	1386	1513	2.31
1990	105-109	0.53848	0.94443	1.56	69	65	121	127	1.84
1990	110+	0.63241	1.00000	1.58	4	4	6	6	1.58
1991	0	0.00759	0.00754	0.07	100000	754	99296	7373361	73.73
1991	1-4	0.00031	0.00125	1.66	99246	124	396697	7274065	73.29
1991	5-9	0.00020	0.00099	2.46	99123	98	495365	6877368	69.38
1991	10-14	0.00025	0.00123	3	99025	121	494882	6382003	64.45
1991	15-19	0.00092	0.00457	2.98	98903	452	493603	5887122	59.52
1991	20-24	0.00116	0.00580	2.6	98452	571	490890	5393518	54.78
1991	25-29	0.00126	0.00626	2.47	97880	613	487852	4902628	50.09
1991	30-34	0.00168	0.00837	2.55	97267	815	484341	4414777	45.39
1991	35-39	0.00228	0.01133	2.64	96453	1092	479684	3930436	40.75
1991	40-44	0.00283	0.01404	2.61	95360	1339	473595	3450751	36.19
1991	45-49	0.00400	0.01980	2.62	94021	1862	465681	2977156	31.66
1991	50-54	0.00598	0.02948	2.7	92160	2717	454543	2511476	27.25
1991	55-59	0.01042	0.05085	2.66	89443	4548	436551	2056933	23.00
1991	60-64	0.01739	0.08356	2.67	84894	7093	407917	1620382	19.09
1991	65-69	0.02612	0.12299	2.63	77801	9569	366330	1212465	15.58
1991	70-74	0.04016	0.18340	2.64	68232	12514	311587	846135	12.40
1991	75-79	0.06245	0.27044	2.53	55718	15069	241307	534548	9.59
1991	80-84	0.09958	0.39820	2.49	40650	16187	162546	293241	7.21
1991	85-89	0.15186	0.53988	2.32	24463	13207	86966	130695	5.34
1991	90-94	0.23114	0.69692	2.15	11256	7845	33938	43729	3.88
1991	95-99	0.33176	0.82682	1.97	3411	2821	8502	9791	2.87
1991	100-104	0.44916	0.90950	1.73	591	537	1196	1289	2.18
1991	105-109	0.57296	0.95458	1.51	53	51	89	93	1.73
1991	110+	0.67173	1.00000	1.49	2	2	4	4	1.49
1992	0	0.00783	0.00777	0.07	100000	777	99274	7376487	73.76
1992	1-4	0.00032	0.00128	1.7	99223	127	396600	7277213	73.34
1992	5-9	0.00015	0.00073	2.18	99096	72	495277	6880612	69.43
1992	10-14	0.00024	0.00122	2.88	99024	120	494864	6385336	64.48
1992	15-19	0.00078	0.00388	2.75	98903	384	493653	5890472	59.56
1992	20-24	0.00104	0.00519	2.53	98520	511	491338	5396819	54.78
1992	25-29	0.00122	0.00607	2.65	98008	595	488645	4905482	50.05
1992	30-34	0.00182	0.00906	2.61	97413	883	484953	4416837	45.34
1992	35-39	0.00230	0.01146	2.61	96530	1106	480003	3931885	40.73
1992	40-44	0.00293	0.01453	2.6	95424	1387	473792	3451882	36.17
1992	45-49	0.00428	0.02121	2.64	94037	1995	465484	2978090	31.67
1992	50-54	0.00609	0.03004	2.7	92043	2765	453859	2512606	27.30
1992	55-59	0.01046	0.05106	2.72	89278	4559	436000	2058747	23.06
1992	60-64	0.01671	0.08040	2.65	84719	6811	407609	1622747	19.15
1992	65-69	0.02629	0.12377	2.64	77908	9643	366784	1215138	15.60
1992	70-74	0.04005	0.18287	2.62	68265	12483	311655	848354	12.43
1992	75-79	0.06158	0.26770	2.56	55782	14933	242488	536699	9.62
1992	80-84	0.09811	0.39272	2.46	40849	16042	163521	294210	7.20
1992	85-89	0.15588	0.55265	2.37	24807	13709	87951	130689	5.27
1992	90-94	0.23365	0.70152	2.15	11097	7785	33319	42738	3.85
1992	95-99	0.33514	0.83020	1.96	3312	2750	8205	9419	2.84
1992	100-104	0.45451	0.91230	1.72	562	513	1129	1214	2.16
1992	105-109	0.57986	0.95638	1.5	49	47	81	85	1.71
1992	110+	0.67943	1.00000	1.47	2	2	3	3	1.47
1993	0	0.00742	0.00737	0.06	100000	737	99311	7375138	73.75
1993	1-4	0.00035	0.00138	1.57	99263	137	396718	7275827	73.30
1993	5-9	0.00015	0.00073	2.35	99126	72	495438	6879109	69.40
1993	10-14	0.00024	0.00120	3.17	99054	119	495051	6383671	64.45
1993	15-19	0.00086	0.00430	2.86	98935	425	493762	5888621	59.52
1993	20-24	0.00105	0.00522	2.45	98509	514	491238	5394859	54.76
1993	25-29	0.00127	0.00634	2.61	97995	621	488492	4903621	50.04
1993	30-34	0.00188	0.00935	2.62	97374	910	484708	4415128	45.34
1993	35-39	0.00247	0.01229	2.58	96464	1186	479454	3930421	40.74
1993	40-44	0.00312	0.01546	2.54	95278	1473	472766	3450967	36.22
1993	45-49	0.00401	0.01985	2.64	93806	1862	464638	2978202	31.75
1993	50-54	0.00622	0.03062	2.6	91944	2816	452952	2513564	27.34
1993	55-59	0.00998	0.04880	2.69	89128	4349	435604	2060611	23.12
1993	60-64	0.01661	0.07993	2.65	84779	6776	407948	1625007	19.17
1993	65-69	0.02581	0.12166	2.64	78003	9490	367618	1217059	15.60
1993	70-74	0.03966	0.18107	2.6	68513	12406	312826	849441	12.40
1993	75-79	0.06250	0.27104	2.55	56107	15207	243310	536615	9.56
1993	80-84	0.09822	0.39362	2.48	40900	16099	163908	293306	7.17
1993	85-89	0.15524	0.55051	2.36	24801	13653	87948	129397	5.22
1993	90-94	0.24485	0.72620	2.2	11148	8096	33064	41449	3.72
1993	95-99	0.34803	0.84245	1.94	3052	2571	7389	8386	2.75
1993	100-104	0.47396	0.92174	1.69	481	443	935	997	2.07
1993	105-109	0.60403	0.96213	1.46	38	36	60	62	1.65
1993	110+	0.70563	1.00000	1.42	1	1	2	2	1.42
1994	0	0.00687	0.00683	0.06	100000	683	99360	7400462	74.00
1994	1-4	0.00032	0.00128	1.6	99317	128	396961	7301102	73.51
1994	5-9	0.00015	0.00074	2.39	99189	74	495755	6904140	69.61
1994	10-14	0.00026	0.00130	2.89	99116	128	495307	6408386	64.66
1994	15-19	0.00081	0.00402	2.95	98987	398	494119	5913079	59.74
1994	20-24	0.00109	0.00542	2.47	98589	535	491595	5418959	54.97
1994	25-29	0.00126	0.00627	2.66	98055	614	488835	4927365	50.25
1994	30-34	0.00179	0.00890	2.64	97440	868	485156	4438530	45.55
1994	35-39	0.00240	0.01192	2.56	96573	1151	480056	3953374	40.94
1994	40-44	0.00318	0.01580	2.6	95422	1507	473495	3473318	36.40
1994	45-49	0.00400	0.01979	2.61	93914	1859	465135	2999823	31.94
1994	50-54	0.00631	0.03111	2.64	92056	2864	453511	2534688	27.53
1994	55-59	0.01000	0.04887	2.68	89192	4359	435845	2081177	23.33
1994	60-64	0.01623	0.07817	2.66	84833	6632	408644	1645332	19.40
1994	65-69	0.02576	0.12149	2.66	78201	9501	368784	1236687	15.81
1994	70-74	0.03846	0.17608	2.6	68701	12097	314501	867903	12.63
1994	75-79	0.05900	0.25833	2.59	56604	14622	247833	553402	9.78
1994	80-84	0.09541	0.38540	2.51	41981	16180	169587	305570	7.28
1994	85-89	0.15579	0.55154	2.35	25802	14231	91347	135983	5.27
1994	90-94	0.23242	0.70332	2.19	11571	8138	35014	44636	3.86
1994	95-99	0.34028	0.83545	1.95	3433	2868	8428	9622	2.80
1994	100-104	0.46448	0.91741	1.7	565	518	1116	1194	2.11
1994	105-109	0.59390	0.95988	1.47	47	45	75	78	1.67
1994	110+	0.69572	1.00000	1.44	2	2	3	3	1.44
1995	0	0.00641	0.00637	0.06	100000	637	99402	7421195	74.21
1995	1-4	0.00031	0.00123	1.68	99363	123	397165	7321793	73.69
1995	5-9	0.00017	0.00083	2.3	99240	82	495977	6924627	69.78
1995	10-14	0.00023	0.00113	2.81	99157	112	495542	6428650	64.83
1995	15-19	0.00079	0.00396	2.88	99046	392	494397	5933109	59.90
1995	20-24	0.00107	0.00535	2.48	98653	528	491935	5438712	55.13
1995	25-29	0.00119	0.00595	2.7	98126	584	489286	4946777	50.41
1995	30-34	0.00182	0.00908	2.58	97542	886	485569	4457491	45.70
1995	35-39	0.00244	0.01214	2.55	96656	1173	480413	3971922	41.09
1995	40-44	0.00308	0.01529	2.53	95483	1460	473808	3491509	36.57
1995	45-49	0.00410	0.02029	2.62	94024	1908	465585	3017701	32.10
1995	50-54	0.00609	0.03000	2.66	92116	2763	454115	2552116	27.71
1995	55-59	0.00949	0.04644	2.67	89352	4150	437112	2098001	23.48
1995	60-64	0.01559	0.07522	2.65	85203	6409	410977	1660888	19.49
1995	65-69	0.02461	0.11629	2.63	78794	9163	372267	1249911	15.86
1995	70-74	0.03869	0.17693	2.59	69631	12320	318415	877644	12.60
1995	75-79	0.05954	0.26005	2.57	57311	14904	250311	559229	9.76
1995	80-84	0.09514	0.38417	2.5	42407	16291	171239	308918	7.28
1995	85-89	0.15459	0.54983	2.38	26116	14359	92889	137679	5.27
1995	90-94	0.23565	0.71101	2.21	11756	8359	35472	44789	3.81
1995	95-99	0.34850	0.84320	1.94	3398	2865	8220	9317	2.74
1995	100-104	0.47734	0.92344	1.68	533	492	1031	1097	2.06
1995	105-109	0.61006	0.96352	1.45	41	39	64	67	1.63
1995	110+	0.71321	1.00000	1.4	1	1	2	2	1.40
1996	0	0.00598	0.00595	0.06	100000	595	99441	7469189	74.69
1996	1-4	0.00029	0.00117	1.52	99405	116	397332	7369747	74.14
1996	5-9	0.00019	0.00093	2.15	99289	92	496181	6972415	70.22
1996	10-14	0.00021	0.00104	2.69	99197	104	495744	6476234	65.29
1996	15-19	0.00072	0.00358	3.07	99093	354	494782	5980490	60.35
1996	20-24	0.00111	0.00554	2.44	98739	547	492294	5485709	55.56
1996	25-29	0.00105	0.00524	2.62	98192	514	489735	4993415	50.85
1996	30-34	0.00150	0.00749	2.67	97678	732	486687	4503680	46.11
1996	35-39	0.00197	0.00981	2.64	96946	951	482484	4016994	41.44
1996	40-44	0.00276	0.01370	2.67	95995	1315	476907	3534510	36.82
1996	45-49	0.00401	0.01984	2.6	94680	1878	468888	3057603	32.29
1996	50-54	0.00571	0.02817	2.75	92802	2614	458124	2588716	27.90
1996	55-59	0.00927	0.04537	2.72	90187	4092	441594	2130591	23.62
1996	60-64	0.01512	0.07305	2.69	86095	6289	415949	1688998	19.62
1996	65-69	0.02374	0.11244	2.66	79806	8973	378025	1273049	15.95
1996	70-74	0.03779	0.17323	2.6	70833	12270	324685	895024	12.64
1996	75-79	0.05855	0.25670	2.6	58562	15033	256750	570339	9.74
1996	80-84	0.09754	0.39231	2.51	43529	17077	175087	313589	7.20
1996	85-89	0.15330	0.54535	2.35	26452	14426	94102	138502	5.24
1996	90-94	0.24589	0.72389	2.16	12027	8706	35406	44399	3.69
1996	95-99	0.35346	0.84748	1.93	3321	2814	7962	8993	2.71
1996	100-104	0.48312	0.92590	1.67	506	469	971	1031	2.04
1996	105-109	0.61594	0.96471	1.44	38	36	59	61	1.62
1996	110+	0.71871	1.00000	1.39	1	1	2	2	1.39
1997	0	0.00651	0.00647	0.06	100000	647	99394	7512733	75.13
1997	1-4	0.00028	0.00114	1.69	99353	113	397152	7413340	74.62
1997	5-9	0.00011	0.00055	2.73	99240	54	496077	7016188	70.70
1997	10-14	0.00022	0.00112	2.86	99186	111	495692	6520110	65.74
1997	15-19	0.00066	0.00328	2.89	99075	325	494691	6024418	60.81
1997	20-24	0.00102	0.00507	2.49	98750	501	492496	5529727	56.00
1997	25-29	0.00091	0.00452	2.52	98250	444	490148	5037232	51.27
1997	30-34	0.00126	0.00629	2.61	97806	615	487560	4547084	46.49
1997	35-39	0.00169	0.00844	2.63	97190	820	484006	4059523	41.77
1997	40-44	0.00241	0.01196	2.6	96370	1152	479089	3575517	37.10
1997	45-49	0.00366	0.01814	2.63	95218	1727	471995	3096428	32.52
1997	50-54	0.00556	0.02746	2.68	93491	2568	461505	2624433	28.07
1997	55-59	0.00897	0.04395	2.68	90923	3996	445343	2162928	23.79
1997	60-64	0.01454	0.07031	2.66	86928	6112	420308	1717584	19.76
1997	65-69	0.02355	0.11153	2.63	80816	9013	382713	1297277	16.05
1997	70-74	0.03656	0.16784	2.56	71803	12052	329632	914564	12.74
1997	75-79	0.05802	0.25444	2.58	59751	15203	262014	584932	9.79
1997	80-84	0.09571	0.38664	2.52	44548	17224	179950	322918	7.25
1997	85-89	0.15608	0.55197	2.35	27324	15082	96631	142969	5.23
1997	90-94	0.23695	0.71071	2.19	12242	8701	36719	46338	3.79
1997	95-99	0.35229	0.84655	1.93	3541	2998	8510	9618	2.72
1997	100-104	0.48233	0.92561	1.67	543	503	1043	1108	2.04
1997	105-109	0.61565	0.96467	1.44	40	39	63	65	1.62
1997	110+	0.71881	1.00000	1.39	1	1	2	2	1.39
1998	0	0.00669	0.00665	0.06	100000	665	99377	7522682	75.23
1998	1-4	0.00025	0.00101	1.47	99335	100	397085	7423306	74.73
1998	5-9	0.00011	0.00053	2.44	99234	53	496038	7026221	70.80
1998	10-14	0.00015	0.00074	2.71	99182	74	495740	6530183	65.84
1998	15-19	0.00080	0.00401	3	99108	397	494744	6034442	60.89
1998	20-24	0.00103	0.00515	2.49	98711	508	492277	5539698	56.12
1998	25-29	0.00099	0.00493	2.41	98203	484	489760	5047421	51.40
1998	30-34	0.00122	0.00608	2.6	97719	594	487171	4557661	46.64
1998	35-39	0.00168	0.00834	2.67	97125	810	483740	4070490	41.91
1998	40-44	0.00244	0.01214	2.61	96315	1170	478780	3586749	37.24
1998	45-49	0.00356	0.01765	2.67	95145	1679	471811	3107969	32.67
1998	50-54	0.00529	0.02612	2.72	93466	2441	461766	2636157	28.20
1998	55-59	0.00871	0.04268	2.69	91024	3885	446163	2174391	23.89
1998	60-64	0.01461	0.07062	2.66	87140	6154	421272	1728228	19.83
1998	65-69	0.02330	0.11037	2.62	80986	8939	383696	1306956	16.14
1998	70-74	0.03645	0.16748	2.58	72047	12066	331039	923260	12.81
1998	75-79	0.05671	0.24995	2.63	59981	14992	264360	592222	9.87
1998	80-84	0.09463	0.38316	2.52	44989	17238	182159	327861	7.29
1998	85-89	0.15216	0.54464	2.39	27751	15114	99333	145702	5.25
1998	90-94	0.24762	0.72835	2.17	12637	9204	37170	46370	3.67
1998	95-99	0.35738	0.85122	1.92	3433	2922	8176	9200	2.68
1998	100-104	0.49134	0.92954	1.66	511	475	966	1023	2.00
1998	105-109	0.62755	0.96709	1.42	36	35	55	57	1.59
1998	110+	0.73185	1.00000	1.37	1	1	2	2	1.37
1999	0	0.00589	0.00586	0.06	100000	586	99449	7552976	75.53
1999	1-4	0.00024	0.00094	1.68	99414	94	397438	7453526	74.97
1999	5-9	0.00013	0.00066	2.42	99320	65	496433	7056089	71.04
1999	10-14	0.00020	0.00102	2.86	99255	101	496060	6559655	66.09
1999	15-19	0.00065	0.00322	3	99154	319	495132	6063595	61.15
1999	20-24	0.00102	0.00506	2.67	98835	501	493008	5568463	56.34
1999	25-29	0.00098	0.00488	2.54	98334	480	490490	5075455	51.61
1999	30-34	0.00120	0.00599	2.73	97855	586	487941	4584965	46.85
1999	35-39	0.00162	0.00806	2.64	97269	784	484495	4097024	42.12
1999	40-44	0.00245	0.01218	2.72	96485	1175	479746	3612528	37.44
1999	45-49	0.00354	0.01757	2.65	95310	1675	472613	3132782	32.87
1999	50-54	0.00532	0.02628	2.69	93635	2461	462503	2660169	28.41
1999	55-59	0.00850	0.04168	2.67	91174	3800	447035	2197666	24.10
1999	60-64	0.01379	0.06679	2.66	87374	5836	423237	1750631	20.04
1999	65-69	0.02224	0.10568	2.65	81538	8617	387432	1327394	16.28
1999	70-74	0.03580	0.16496	2.62	72921	12029	335974	939962	12.89
1999	75-79	0.05576	0.24583	2.6	60892	14969	268474	603988	9.92
1999	80-84	0.09354	0.37949	2.51	45923	17427	186298	335514	7.31
1999	85-89	0.15400	0.54713	2.36	28495	15591	101240	149216	5.24
1999	90-94	0.24264	0.72282	2.2	12905	9328	38443	47976	3.72
1999	95-99	0.35951	0.85312	1.92	3577	3052	8488	9533	2.67
1999	100-104	0.49491	0.93103	1.65	525	489	988	1045	1.99
1999	105-109	0.63210	0.96796	1.42	36	35	55	57	1.57
1999	110+	0.73672	1.00000	1.36	1	1	2	2	1.36
2000	0	0.00603	0.00600	0.06	100000	600	99437	7555907	75.56
2000	1-4	0.00022	0.00089	1.52	99400	89	397381	7456470	75.01
2000	5-9	0.00012	0.00059	2.42	99312	59	496406	7059089	71.08
2000	10-14	0.00017	0.00086	2.63	99253	86	496062	6562682	66.12
2000	15-19	0.00069	0.00342	2.84	99167	339	495105	6066621	61.18
2000	20-24	0.00103	0.00513	2.55	98828	507	492897	5571516	56.38
2000	25-29	0.00097	0.00485	2.55	98321	477	490438	5078619	51.65
2000	30-34	0.00108	0.00538	2.46	97844	526	487887	4588181	46.89
2000	35-39	0.00174	0.00865	2.58	97318	842	484554	4100295	42.13
2000	40-44	0.00256	0.01272	2.69	96476	1227	479550	3615740	37.48
2000	45-49	0.00380	0.01885	2.66	95249	1795	472036	3136190	32.93
2000	50-54	0.00524	0.02587	2.63	93454	2418	461543	2664155	28.51
2000	55-59	0.00857	0.04204	2.7	91036	3827	446364	2202611	24.19
2000	60-64	0.01333	0.06464	2.65	87209	5637	422787	1756247	20.14
2000	65-69	0.02182	0.10377	2.64	81572	8465	387872	1333461	16.35
2000	70-74	0.03561	0.16418	2.62	73107	12002	337024	945588	12.93
2000	75-79	0.05622	0.24729	2.57	61105	15110	268772	608564	9.96
2000	80-84	0.09110	0.37157	2.52	45994	17090	187601	339792	7.39
2000	85-89	0.15167	0.54273	2.38	28904	15687	103433	152191	5.27
2000	90-94	0.24435	0.72615	2.21	13217	9598	39279	48759	3.69
2000	95-99	0.36631	0.85916	1.91	3619	3110	8489	9480	2.62
2000	100-104	0.50734	0.93604	1.63	510	477	941	991	1.94
2000	105-109	0.64845	0.97094	1.39	33	32	49	50	1.54
2000	110+	0.75430	1.00000	1.33	1	1	1	1	1.33
2001	0	0.00566	0.00563	0.06	100000	563	99471	7582750	75.83
2001	1-4	0.00023	0.00092	1.68	99437	91	397536	7483279	75.26
2001	5-9	0.00011	0.00053	2.32	99346	53	496586	7085743	71.32
2001	10-14	0.00016	0.00080	2.61	99293	79	496275	6589157	66.36
2001	15-19	0.00071	0.00355	3.07	99214	352	495387	6092882	61.41
2001	20-24	0.00104	0.00519	2.54	98862	513	493048	5597494	56.62
2001	25-29	0.00113	0.00564	2.51	98349	555	490363	5104446	51.90
2001	30-34	0.00122	0.00611	2.55	97794	597	487511	4614082	47.18
2001	35-39	0.00169	0.00840	2.71	97197	817	484117	4126571	42.46
2001	40-44	0.00256	0.01274	2.71	96381	1228	479090	3642454	37.79
2001	45-49	0.00382	0.01892	2.71	95153	1800	471640	3163365	33.25
2001	50-54	0.00511	0.02525	2.68	93353	2358	461292	2691725	28.83
2001	55-59	0.00823	0.04042	2.76	90995	3678	446751	2230433	24.51
2001	60-64	0.01274	0.06187	2.65	87317	5402	423910	1783682	20.43
2001	65-69	0.02141	0.10190	2.64	81915	8347	389891	1359772	16.60
2001	70-74	0.03365	0.15573	2.62	73568	11457	340521	969881	13.18
2001	75-79	0.05379	0.23783	2.57	62111	14772	274600	629359	10.13
2001	80-84	0.09015	0.36844	2.52	47339	17442	193477	354760	7.49
2001	85-89	0.14666	0.53173	2.42	29898	15897	108398	161282	5.39
2001	90-94	0.23828	0.71723	2.23	14000	10041	42141	52885	3.78
2001	95-99	0.35214	0.84713	1.94	3959	3354	9524	10744	2.71
2001	100-104	0.48814	0.92847	1.66	605	562	1151	1220	2.02
2001	105-109	0.62694	0.96708	1.42	43	42	67	69	1.59
2001	110+	0.73317	1.00000	1.36	1	1	2	2	1.36
2002	0	0.00639	0.00635	0.06	100000	635	99404	7574307	75.74
2002	1-4	0.00023	0.00092	1.64	99365	91	397245	7474903	75.23
2002	5-9	0.00013	0.00066	2.57	99274	65	496212	7077657	71.29
2002	10-14	0.00013	0.00064	2.8	99209	64	495904	6581446	66.34
2002	15-19	0.00062	0.00309	3.05	99145	306	495130	6085542	61.38
2002	20-24	0.00112	0.00559	2.55	98839	552	492843	5590412	56.56
2002	25-29	0.00115	0.00573	2.51	98287	563	490031	5097569	51.86
2002	30-34	0.00126	0.00626	2.57	97724	612	487135	4607538	47.15
2002	35-39	0.00166	0.00829	2.64	97112	805	483664	4120404	42.43
2002	40-44	0.00267	0.01327	2.71	96307	1278	478612	3636739	37.76
2002	45-49	0.00374	0.01856	2.71	95029	1763	471104	3158128	33.23
2002	50-54	0.00549	0.02709	2.6	93266	2527	460265	2687024	28.81
2002	55-59	0.00830	0.04074	2.72	90739	3697	445274	2226759	24.54
2002	60-64	0.01302	0.06321	2.7	87042	5502	422574	1781484	20.47
2002	65-69	0.02076	0.09904	2.68	81540	8076	388963	1358911	16.67
2002	70-74	0.03335	0.15448	2.61	73464	11348	340239	969948	13.20
2002	75-79	0.05315	0.23537	2.57	62116	14620	275076	629709	10.14
2002	80-84	0.08783	0.36111	2.54	47496	17151	195280	354634	7.47
2002	85-89	0.15225	0.54628	2.42	30345	16577	108879	159354	5.25
2002	90-94	0.24539	0.72681	2.2	13768	10007	40780	50474	3.67
2002	95-99	0.37266	0.86464	1.9	3761	3252	8727	9695	2.58
2002	100-104	0.51923	0.94052	1.61	509	479	922	968	1.90
2002	105-109	0.66401	0.97352	1.37	30	29	44	45	1.50
2002	110+	0.77074	1.00000	1.3	1	1	1	1	1.30
2003	0	0.00588	0.00585	0.06	100000	585	99451	7611592	76.12
2003	1-4	0.00023	0.00091	1.68	99415	91	397452	7512141	75.56
2003	5-9	0.00012	0.00058	2.3	99325	58	496468	7114690	71.63
2003	10-14	0.00016	0.00080	2.98	99267	80	496173	6618222	66.67
2003	15-19	0.00066	0.00329	2.98	99187	327	495276	6122049	61.72
2003	20-24	0.00111	0.00552	2.54	98860	545	492959	5626773	56.92
2003	25-29	0.00107	0.00534	2.6	98315	525	490313	5133813	52.22
2003	30-34	0.00123	0.00614	2.51	97790	601	487454	4643500	47.48
2003	35-39	0.00173	0.00863	2.73	97189	839	484044	4156046	42.76
2003	40-44	0.00259	0.01287	2.65	96350	1240	478837	3672002	38.11
2003	45-49	0.00382	0.01895	2.68	95110	1803	471378	3193165	33.57
2003	50-54	0.00536	0.02645	2.61	93308	2468	460634	2721787	29.17
2003	55-59	0.00808	0.03968	2.68	90840	3604	445837	2261153	24.89
2003	60-64	0.01264	0.06137	2.62	87235	5354	423450	1815316	20.81
2003	65-69	0.01967	0.09396	2.62	81882	7694	391065	1391866	17.00
2003	70-74	0.03202	0.14883	2.63	74188	11041	344806	1000801	13.49
2003	75-79	0.05051	0.22506	2.58	63147	14212	281351	655995	10.39
2003	80-84	0.08442	0.34945	2.54	48935	17100	202568	374644	7.66
2003	85-89	0.14501	0.52726	2.41	31835	16785	115749	172076	5.41
2003	90-94	0.23944	0.71510	2.18	15049	10762	44946	56327	3.74
2003	95-99	0.36053	0.85504	1.93	4288	3666	10168	11381	2.65
2003	100-104	0.50525	0.93560	1.64	622	582	1151	1212	1.95
2003	105-109	0.65043	0.97141	1.39	40	39	60	61	1.53
2003	110+	0.75888	1.00000	1.32	1	1	2	2	1.32
2004	0	0.00598	0.00595	0.06	100000	595	99442	7650044	76.50
2004	1-4	0.00022	0.00086	1.64	99405	86	397419	7550603	75.96
2004	5-9	0.00012	0.00060	2.46	99320	60	496446	7153184	72.02
2004	10-14	0.00014	0.00068	2.84	99260	68	496152	6656738	67.06
2004	15-19	0.00065	0.00325	2.95	99192	323	495299	6160586	62.11
2004	20-24	0.00117	0.00583	2.6	98869	576	492965	5665287	57.30
2004	25-29	0.00110	0.00547	2.48	98293	538	490110	5172322	52.62
2004	30-34	0.00110	0.00547	2.59	97755	535	487487	4682212	47.90
2004	35-39	0.00165	0.00824	2.59	97220	801	484175	4194725	43.15
2004	40-44	0.00232	0.01151	2.72	96420	1110	479564	3710550	38.48
2004	45-49	0.00375	0.01857	2.68	95309	1770	472440	3230986	33.90
2004	50-54	0.00529	0.02612	2.64	93539	2443	461940	2758546	29.49
2004	55-59	0.00754	0.03706	2.62	91096	3376	447452	2296606	25.21
2004	60-64	0.01219	0.05928	2.66	87720	5200	426431	1849154	21.08
2004	65-69	0.01919	0.09179	2.65	82520	7575	394772	1422724	17.24
2004	70-74	0.03029	0.14136	2.64	74945	10594	349709	1027952	13.72
2004	75-79	0.04866	0.21778	2.59	64351	14014	287975	678243	10.54
2004	80-84	0.08440	0.35049	2.58	50337	17642	209029	390268	7.75
2004	85-89	0.14261	0.52171	2.43	32694	17057	119606	181238	5.54
2004	90-94	0.22357	0.69593	2.29	15637	10883	48678	61632	3.94
2004	95-99	0.35018	0.84608	1.95	4755	4023	11488	12954	2.72
2004	100-104	0.49118	0.93009	1.66	732	681	1386	1466	2.00
2004	105-109	0.63476	0.96869	1.41	51	50	78	80	1.57
2004	110+	0.74369	1.00000	1.34	2	2	2	2	1.34
2005	0	0.00622	0.00619	0.06	100000	619	99420	7666267	76.66
2005	1-4	0.00021	0.00085	1.67	99381	84	397330	7566848	76.14
2005	5-9	0.00010	0.00049	2.5	99297	49	496364	7169518	72.20
2005	10-14	0.00014	0.00072	2.65	99248	71	496075	6673154	67.24
2005	15-19	0.00062	0.00311	2.94	99177	308	495250	6177079	62.28
2005	20-24	0.00120	0.00598	2.54	98869	591	492893	5681829	57.47
2005	25-29	0.00106	0.00527	2.46	98278	518	490070	5188936	52.80
2005	30-34	0.00122	0.00608	2.63	97760	595	487389	4698866	48.07
2005	35-39	0.00156	0.00777	2.67	97165	755	484065	4211476	43.34
2005	40-44	0.00236	0.01174	2.72	96410	1132	479465	3727411	38.66
2005	45-49	0.00347	0.01720	2.64	95279	1639	472523	3247946	34.09
2005	50-54	0.00540	0.02667	2.64	93639	2497	462304	2775423	29.64
2005	55-59	0.00761	0.03740	2.65	91142	3409	447685	2313119	25.38
2005	60-64	0.01179	0.05737	2.67	87733	5033	426955	1865434	21.26
2005	65-69	0.01832	0.08779	2.63	82700	7260	396322	1438480	17.39
2005	70-74	0.03025	0.14110	2.63	75440	10645	351949	1042158	13.81
2005	75-79	0.04786	0.21501	2.64	64795	13931	291117	690209	10.65
2005	80-84	0.07959	0.33311	2.55	50864	16943	212872	399092	7.85
2005	85-89	0.14053	0.51638	2.43	33921	17516	124642	186220	5.49
2005	90-94	0.23758	0.71261	2.19	16405	11690	49205	61578	3.75
2005	95-99	0.36475	0.85919	1.92	4714	4051	11105	12373	2.62
2005	100-104	0.51641	0.93998	1.62	664	624	1208	1268	1.91
2005	105-109	0.66671	0.97410	1.37	40	39	58	60	1.49
2005	110+	0.77678	1.00000	1.29	1	1	1	1	1.29
2006	0	0.00597	0.00594	0.06	100000	594	99442	7696312	76.96
2006	1-4	0.00017	0.00068	1.56	99406	68	397459	7596869	76.42
2006	5-9	0.00010	0.00049	2.53	99338	48	496573	7199411	72.47
2006	10-14	0.00014	0.00072	3.06	99290	71	496312	6702838	67.51
2006	15-19	0.00055	0.00277	3.01	99219	274	495548	6206526	62.55
2006	20-24	0.00120	0.00598	2.61	98945	592	493312	5710978	57.72
2006	25-29	0.00122	0.00610	2.56	98353	600	490302	5217666	53.05
2006	30-34	0.00110	0.00547	2.5	97753	535	487427	4727364	48.36
2006	35-39	0.00151	0.00750	2.63	97219	729	484365	4239938	43.61
2006	40-44	0.00222	0.01105	2.66	96489	1066	479957	3755573	38.92
2006	45-49	0.00357	0.01768	2.7	95424	1687	473235	3275616	34.33
2006	50-54	0.00530	0.02617	2.63	93736	2453	462878	2802381	29.90
2006	55-59	0.00762	0.03745	2.66	91283	3418	448418	2339503	25.63
2006	60-64	0.01161	0.05650	2.66	87864	4965	427729	1891085	21.52
2006	65-69	0.01775	0.08523	2.67	82900	7065	398009	1463356	17.65
2006	70-74	0.02917	0.13640	2.63	75834	10344	354614	1065347	14.05
2006	75-79	0.04658	0.20958	2.61	65491	13725	294663	710733	10.85
2006	80-84	0.07752	0.32556	2.54	51765	16853	217408	416071	8.04
2006	85-89	0.13290	0.49598	2.44	34913	17316	130297	198663	5.69
2006	90-94	0.22829	0.69950	2.23	17597	12309	53918	68365	3.89
2006	95-99	0.34857	0.84547	1.95	5288	4471	12825	14447	2.73
2006	100-104	0.49578	0.93238	1.65	817	762	1537	1622	1.98
2006	105-109	0.64509	0.97068	1.4	55	54	83	85	1.54
2006	110+	0.75696	1.00000	1.32	2	2	2	2	1.32
2007	0	0.00633	0.00629	0.06	100000	629	99410	7720739	77.21
2007	1-4	0.00020	0.00078	1.5	99371	78	397290	7621329	76.70
2007	5-9	0.00010	0.00048	2.49	99293	47	496347	7224039	72.75
2007	10-14	0.00013	0.00066	2.6	99246	66	496071	6727692	67.79
2007	15-19	0.00057	0.00285	3.07	99180	283	495355	6231621	62.83
2007	20-24	0.00108	0.00537	2.68	98897	531	493252	5736266	58.00
2007	25-29	0.00114	0.00566	2.44	98366	557	490405	5243014	53.30
2007	30-34	0.00117	0.00581	2.62	97809	569	487691	4752609	48.59
2007	35-39	0.00153	0.00762	2.6	97240	741	484422	4264918	43.86
2007	40-44	0.00220	0.01096	2.66	96500	1058	480022	3780496	39.18
2007	45-49	0.00342	0.01698	2.65	95441	1621	473400	3300474	34.58
2007	50-54	0.00503	0.02485	2.61	93821	2332	463528	2827074	30.13
2007	55-59	0.00761	0.03738	2.62	91489	3420	449306	2363546	25.83
2007	60-64	0.01125	0.05482	2.7	88069	4828	429256	1914240	21.74
2007	65-69	0.01756	0.08435	2.66	83241	7021	399807	1484984	17.84
2007	70-74	0.02778	0.13041	2.66	76220	9940	357816	1085177	14.24
2007	75-79	0.04570	0.20592	2.6	66281	13648	298665	727361	10.97
2007	80-84	0.07491	0.31686	2.57	52632	16677	222613	428696	8.15
2007	85-89	0.13316	0.49702	2.45	35956	17871	134206	206083	5.73
2007	90-94	0.22004	0.68517	2.25	18085	12391	56315	71878	3.97
2007	95-99	0.34825	0.84546	1.96	5694	4814	13823	15563	2.73
2007	100-104	0.49769	0.93328	1.65	880	821	1650	1740	1.98
2007	105-109	0.64901	0.97140	1.39	59	57	88	90	1.53
2007	110+	0.76181	1.00000	1.31	2	2	2	2	1.31
2008	0	0.00581	0.00578	0.06	100000	578	99457	7739346	77.39
2008	1-4	0.00020	0.00081	1.49	99422	81	397485	7639889	76.84
2008	5-9	0.00010	0.00051	2.09	99341	51	496558	7242404	72.90
2008	10-14	0.00012	0.00058	2.78	99290	57	496324	6745846	67.94
2008	15-19	0.00055	0.00276	2.93	99233	274	495598	6249522	62.98
2008	20-24	0.00105	0.00521	2.67	98959	516	493592	5753925	58.14
2008	25-29	0.00111	0.00554	2.51	98443	545	490859	5260332	53.44
2008	30-34	0.00116	0.00580	2.5	97898	567	488075	4769473	48.72
2008	35-39	0.00152	0.00759	2.63	97331	738	484906	4281398	43.99
2008	40-44	0.00209	0.01041	2.77	96593	1006	480724	3796492	39.30
2008	45-49	0.00345	0.01710	2.69	95587	1635	474152	3315768	34.69
2008	50-54	0.00504	0.02488	2.64	93952	2338	464241	2841617	30.25
2008	55-59	0.00747	0.03669	2.6	91615	3361	450003	2377375	25.95
2008	60-64	0.01084	0.05286	2.64	88254	4665	430239	1927372	21.84
2008	65-69	0.01678	0.08074	2.66	83589	6749	402118	1497133	17.91
2008	70-74	0.02756	0.12927	2.6	76840	9933	360406	1095015	14.25
2008	75-79	0.04514	0.20389	2.63	66906	13641	302202	734609	10.98
2008	80-84	0.07620	0.32077	2.54	53265	17086	224214	432407	8.12
2008	85-89	0.13110	0.49194	2.46	36179	17798	135761	208194	5.75
2008	90-94	0.22461	0.69459	2.25	18381	12767	56842	72433	3.94
2008	95-99	0.34214	0.83969	1.97	5614	4714	13777	15591	2.78
2008	100-104	0.48768	0.92915	1.67	900	836	1715	1814	2.02
2008	105-109	0.63661	0.96923	1.41	64	62	97	100	1.56
2008	110+	0.74914	1.00000	1.33	2	2	3	3	1.33
2009	0	0.00568	0.00565	0.06	100000	565	99469	7777582	77.78
2009	1-4	0.00018	0.00070	1.61	99435	70	397571	7678114	77.22
2009	5-9	0.00013	0.00065	2.44	99365	65	496657	7280542	73.27
2009	10-14	0.00012	0.00060	2.75	99300	60	496365	6783885	68.32
2009	15-19	0.00044	0.00222	3.15	99240	221	495792	6287520	63.36
2009	20-24	0.00102	0.00509	2.64	99020	504	493906	5791728	58.49
2009	25-29	0.00120	0.00599	2.53	98515	590	491117	5297822	53.78
2009	30-34	0.00112	0.00559	2.54	97925	547	488276	4806705	49.09
2009	35-39	0.00151	0.00754	2.63	97378	734	485149	4318428	44.35
2009	40-44	0.00219	0.01090	2.64	96644	1053	480731	3833279	39.66
2009	45-49	0.00326	0.01617	2.7	95591	1546	474394	3352548	35.07
2009	50-54	0.00503	0.02485	2.63	94045	2337	464681	2878155	30.60
2009	55-59	0.00738	0.03627	2.59	91708	3326	450533	2413474	26.32
2009	60-64	0.01056	0.05150	2.63	88382	4552	431144	1962941	22.21
2009	65-69	0.01647	0.07928	2.66	83830	6646	403569	1531797	18.27
2009	70-74	0.02597	0.12231	2.62	77185	9441	363472	1128228	14.62
2009	75-79	0.04305	0.19538	2.64	67744	13236	307427	764756	11.29
2009	80-84	0.07080	0.30244	2.59	54508	16485	232833	457329	8.39
2009	85-89	0.12520	0.47503	2.46	38023	18062	144271	224496	5.90
2009	90-94	0.21803	0.68185	2.25	19961	13610	62424	80225	4.02
2009	95-99	0.33818	0.83668	1.98	6350	5313	15711	17801	2.80
2009	100-104	0.48792	0.92962	1.67	1037	964	1976	2089	2.01
2009	105-109	0.64126	0.97019	1.41	73	71	110	113	1.55
2009	110+	0.75636	1.00000	1.32	2	2	3	3	1.32
2010	0	0.00524	0.00522	0.06	100000	522	99509	7782507	77.83
2010	1-4	0.00020	0.00082	1.61	99478	81	397718	7682998	77.23
2010	5-9	0.00008	0.00040	2.6	99397	40	496888	7285279	73.29
2010	10-14	0.00012	0.00061	2.82	99357	60	496653	6788392	68.32
2010	15-19	0.00048	0.00239	3.02	99296	238	496013	6291739	63.36
2010	20-24	0.00107	0.00532	2.69	99059	527	494076	5795726	58.51
2010	25-29	0.00126	0.00627	2.54	98532	618	491136	5301650	53.81
2010	30-34	0.00123	0.00615	2.47	97914	602	488045	4810513	49.13
2010	35-39	0.00133	0.00662	2.64	97311	644	485036	4322468	44.42
2010	40-44	0.00207	0.01028	2.67	96667	994	481024	3837432	39.70
2010	45-49	0.00328	0.01626	2.66	95674	1556	474722	3356409	35.08
2010	50-54	0.00499	0.02467	2.63	94118	2322	465083	2881686	30.62
2010	55-59	0.00748	0.03678	2.66	91796	3376	451087	2416604	26.33
2010	60-64	0.01067	0.05205	2.64	88420	4603	431221	1965517	22.23
2010	65-69	0.01657	0.07978	2.68	83818	6687	403596	1534296	18.31
2010	70-74	0.02568	0.12090	2.59	77131	9325	363188	1130700	14.66
2010	75-79	0.04268	0.19367	2.61	67806	13132	307695	767513	11.32
2010	80-84	0.07142	0.30477	2.6	54674	16663	233305	459818	8.41
2010	85-89	0.12316	0.46950	2.47	38011	17846	144908	226513	5.96
2010	90-94	0.21643	0.67792	2.24	20165	13670	63162	81604	4.05
2010	95-99	0.33329	0.83191	1.99	6495	5403	16211	18442	2.84
2010	100-104	0.48052	0.92647	1.68	1092	1011	2105	2231	2.04
2010	105-109	0.63251	0.96862	1.42	80	78	123	126	1.57
2010	110+	0.74763	1.00000	1.34	3	3	3	3	1.34
2011	0	0.00541	0.00538	0.06	100000	538	99494	7788773	77.89
2011	1-4	0.00016	0.00065	1.78	99462	65	397703	7689279	77.31
2011	5-9	0.00012	0.00059	2.79	99397	58	496855	7291576	73.36
2011	10-14	0.00013	0.00063	2.87	99338	62	496560	6794722	68.40
2011	15-19	0.00043	0.00217	3.02	99276	215	495956	6298162	63.44
2011	20-24	0.00109	0.00545	2.73	99061	540	494079	5802206	58.57
2011	25-29	0.00118	0.00588	2.62	98521	580	491230	5308127	53.88
2011	30-34	0.00125	0.00624	2.45	97942	611	488149	4816898	49.18
2011	35-39	0.00143	0.00711	2.59	97330	692	484983	4328749	44.47
2011	40-44	0.00209	0.01042	2.68	96639	1007	480855	3843766	39.77
2011	45-49	0.00318	0.01579	2.72	95632	1510	474709	3362911	35.17
2011	50-54	0.00502	0.02481	2.63	94121	2335	465075	2888202	30.69
2011	55-59	0.00736	0.03618	2.66	91786	3321	451155	2423127	26.40
2011	60-64	0.01070	0.05219	2.69	88466	4617	431676	1971972	22.29
2011	65-69	0.01586	0.07648	2.69	83849	6412	404400	1540296	18.37
2011	70-74	0.02531	0.11938	2.63	77436	9244	365250	1135896	14.67
2011	75-79	0.04203	0.19120	2.64	68192	13038	310243	770646	11.30
2011	80-84	0.07216	0.30728	2.59	55154	16947	234845	460403	8.35
2011	85-89	0.12524	0.47537	2.47	38206	18162	145015	225559	5.90
2011	90-94	0.21717	0.68178	2.27	20044	13666	62926	80544	4.02
2011	95-99	0.34387	0.84198	1.97	6378	5370	15618	17618	2.76
2011	100-104	0.49574	0.93277	1.66	1008	940	1896	2000	1.98
2011	105-109	0.64992	0.97165	1.39	68	66	101	104	1.53
2011	110+	0.76457	1.00000	1.31	2	2	3	3	1.31
2012	0	0.00534	0.00531	0.06	100000	531	99500	7815750	78.16
2012	1-4	0.00020	0.00080	1.54	99469	80	397680	7716249	77.57
2012	5-9	0.00012	0.00062	2.48	99389	61	496792	7318569	73.64
2012	10-14	0.00009	0.00047	3.1	99328	46	496552	6821777	68.68
2012	15-19	0.00043	0.00214	3.04	99282	213	495992	6325224	63.71
2012	20-24	0.00088	0.00441	2.57	99069	437	494285	5829232	58.84
2012	25-29	0.00113	0.00563	2.63	98632	555	491846	5334947	54.09
2012	30-34	0.00133	0.00663	2.53	98077	650	488784	4843101	49.38
2012	35-39	0.00155	0.00774	2.67	97427	754	485381	4354317	44.69
2012	40-44	0.00203	0.01012	2.7	96673	978	481112	3868936	40.02
2012	45-49	0.00328	0.01626	2.61	95695	1556	474752	3387824	35.40
2012	50-54	0.00504	0.02489	2.62	94139	2343	465123	2913071	30.94
2012	55-59	0.00720	0.03538	2.65	91796	3248	451348	2447949	26.67
2012	60-64	0.01049	0.05114	2.59	88548	4529	431815	1996601	22.55
2012	65-69	0.01580	0.07618	2.67	84019	6401	405175	1564786	18.62
2012	70-74	0.02512	0.11852	2.63	77618	9199	366272	1159611	14.94
2012	75-79	0.04010	0.18316	2.64	68419	12532	312514	793338	11.60
2012	80-84	0.06843	0.29377	2.59	55887	16418	239944	480825	8.60
2012	85-89	0.11886	0.45811	2.5	39469	18081	152127	240881	6.10
2012	90-94	0.20835	0.66614	2.29	21388	14247	68380	88754	4.15
2012	95-99	0.33117	0.83033	2	7141	5929	17903	20374	2.85
2012	100-104	0.48149	0.92715	1.68	1212	1123	2333	2471	2.04
2012	105-109	0.63663	0.96947	1.41	88	86	134	138	1.56
2012	110+	0.75351	1.00000	1.33	3	3	4	4	1.33
2013	0	0.00523	0.00521	0.06	100000	521	99510	7807458	78.07
2013	1-4	0.00017	0.00070	1.4	99479	69	397738	7707948	77.48
2013	5-9	0.00010	0.00048	2.3	99410	48	496922	7310210	73.54
2013	10-14	0.00010	0.00049	2.84	99362	49	496706	6813288	68.57
2013	15-19	0.00040	0.00199	3.09	99313	198	496188	6316582	63.60
2013	20-24	0.00109	0.00542	2.71	99115	537	494348	5820394	58.72
2013	25-29	0.00118	0.00590	2.55	98578	582	491464	5326046	54.03
2013	30-34	0.00142	0.00706	2.52	97996	692	488265	4834581	49.33
2013	35-39	0.00152	0.00756	2.57	97304	736	484733	4346317	44.67
2013	40-44	0.00215	0.01071	2.66	96568	1035	480416	3861584	39.99
2013	45-49	0.00336	0.01666	2.69	95534	1591	474000	3381168	35.39
2013	50-54	0.00495	0.02447	2.6	93942	2299	464194	2907168	30.95
2013	55-59	0.00732	0.03600	2.65	91644	3299	450449	2442975	26.66
2013	60-64	0.01056	0.05153	2.63	88344	4552	430945	1992525	22.55
2013	65-69	0.01556	0.07508	2.66	83792	6291	404238	1561581	18.64
2013	70-74	0.02475	0.11689	2.63	77501	9059	366006	1157343	14.93
2013	75-79	0.03992	0.18235	2.63	68441	12480	312649	791336	11.56
2013	80-84	0.06842	0.29363	2.59	55961	16432	240163	478687	8.55
2013	85-89	0.12111	0.46462	2.5	39529	18366	151641	238525	6.03
2013	90-94	0.21086	0.66922	2.27	21163	14163	67168	86883	4.11
2013	95-99	0.33612	0.83513	1.99	7000	5846	17393	19715	2.82
2013	100-104	0.48842	0.93005	1.67	1154	1073	2198	2322	2.01
2013	105-109	0.64439	0.97081	1.4	81	78	122	125	1.54
2013	110+	0.76093	1.00000	1.31	2	2	3	3	1.31
2014	0	0.00515	0.00513	0.06	100000	513	99517	7799246	77.99
2014	1-4	0.00021	0.00085	1.59	99487	85	397744	7699729	77.39
2014	5-9	0.00007	0.00037	2.7	99402	37	496928	7301985	73.46
2014	10-14	0.00014	0.00072	2.78	99366	72	496670	6805057	68.48
2014	15-19	0.00043	0.00215	3.03	99294	214	496049	6308387	63.53
2014	20-24	0.00098	0.00491	2.8	99080	486	494332	5812338	58.66
2014	25-29	0.00148	0.00736	2.54	98594	725	491184	5318006	53.94
2014	30-34	0.00160	0.00795	2.64	97869	778	487510	4826822	49.32
2014	35-39	0.00171	0.00851	2.44	97091	826	483337	4339312	44.69
2014	40-44	0.00216	0.01075	2.66	96265	1035	478901	3855975	40.06
2014	45-49	0.00341	0.01690	2.76	95230	1609	472540	3377074	35.46
2014	50-54	0.00502	0.02479	2.65	93621	2321	462647	2904534	31.02
2014	55-59	0.00735	0.03613	2.66	91299	3298	448766	2441887	26.75
2014	60-64	0.01038	0.05064	2.62	88001	4456	429402	1993121	22.65
2014	65-69	0.01538	0.07417	2.6	83545	6196	402881	1563719	18.72
2014	70-74	0.02447	0.11560	2.61	77348	8941	365367	1160838	15.01
2014	75-79	0.03963	0.18111	2.63	68407	12389	312626	795471	11.63
2014	80-84	0.06685	0.28793	2.59	56018	16129	241274	482844	8.62
2014	85-89	0.12086	0.46408	2.5	39889	18512	153169	241570	6.06
2014	90-94	0.20857	0.67016	2.33	21377	14326	68688	88401	4.14
2014	95-99	0.33878	0.83794	1.98	7051	5908	17440	19713	2.80
2014	100-104	0.49435	0.93258	1.66	1143	1066	2156	2273	1.99
2014	105-109	0.65266	0.97223	1.39	77	75	115	118	1.53
2014	110+	0.76978	1.00000	1.3	2	2	3	3	1.30
2015	0	0.00514	0.00511	0.06	100000	511	99519	7766854	77.67
2015	1-4	0.00016	0.00065	1.69	99489	65	397806	7667335	77.07
2015	5-9	0.00009	0.00043	2.64	99424	43	497019	7269529	73.12
2015	10-14	0.00009	0.00047	3.11	99381	47	496817	6772510	68.15
2015	15-19	0.00041	0.00206	3.06	99334	204	496274	6275693	63.18
2015	20-24	0.00111	0.00554	2.78	99130	549	494429	5779418	58.30
2015	25-29	0.00163	0.00814	2.59	98581	803	490967	5284989	53.61
2015	30-34	0.00192	0.00955	2.58	97778	934	486626	4794022	49.03
2015	35-39	0.00202	0.01006	2.45	96844	975	481739	4307396	44.48
2015	40-44	0.00231	0.01151	2.62	95869	1103	476723	3825656	39.90
2015	45-49	0.00333	0.01654	2.69	94766	1567	470215	3348933	35.34
2015	50-54	0.00506	0.02501	2.63	93199	2331	460465	2878719	30.89
2015	55-59	0.00747	0.03670	2.64	90868	3334	446479	2418253	26.61
2015	60-64	0.01077	0.05254	2.66	87533	4599	426887	1971774	22.53
2015	65-69	0.01530	0.07382	2.63	82934	6122	400158	1544888	18.63
2015	70-74	0.02443	0.11549	2.65	76812	8871	363168	1144729	14.90
2015	75-79	0.04097	0.18664	2.62	67940	12681	309538	781561	11.50
2015	80-84	0.06887	0.29512	2.58	55260	16308	236795	472023	8.54
2015	85-89	0.11944	0.45983	2.5	38951	17911	149957	235228	6.04
2015	90-94	0.21506	0.67956	2.29	21040	14298	66483	85271	4.05
2015	95-99	0.34015	0.83903	1.98	6742	5657	16631	18789	2.79
2015	100-104	0.49467	0.93260	1.66	1085	1012	2046	2158	1.99
2015	105-109	0.65182	0.97206	1.39	73	71	109	112	1.53
2015	110+	0.76826	1.00000	1.3	2	2	3	3	1.30
2016	0	0.00471	0.00468	0.06	100000	468	99559	7762013	77.62
2016	1-4	0.00016	0.00064	1.63	99532	64	397975	7662454	76.99
2016	5-9	0.00011	0.00055	2.65	99468	54	497212	7264479	73.03
2016	10-14	0.00014	0.00068	3.16	99414	67	496944	6767267	68.07
2016	15-19	0.00041	0.00206	3.04	99346	205	496329	6270323	63.12
2016	20-24	0.00121	0.00604	2.86	99141	598	494422	5773995	58.24
2016	25-29	0.00181	0.00899	2.58	98543	886	490567	5279572	53.58
2016	30-34	0.00209	0.01039	2.62	97657	1015	485867	4789005	49.04
2016	35-39	0.00231	0.01147	2.45	96642	1108	480380	4303138	44.53
2016	40-44	0.00258	0.01284	2.72	95533	1227	474867	3822757	40.01
2016	45-49	0.00336	0.01665	2.66	94306	1570	467862	3347890	35.50
2016	50-54	0.00503	0.02486	2.64	92736	2305	458245	2880028	31.06
2016	55-59	0.00748	0.03675	2.59	90431	3324	444146	2421782	26.78
2016	60-64	0.01074	0.05236	2.64	87107	4561	424784	1977637	22.70
2016	65-69	0.01581	0.07622	2.65	82546	6292	397973	1552853	18.81
2016	70-74	0.02393	0.11339	2.69	76255	8647	361329	1154880	15.15
2016	75-79	0.03944	0.18027	2.62	67608	12187	309034	793551	11.74
2016	80-84	0.06638	0.28590	2.58	55421	15845	238701	484518	8.74
2016	85-89	0.11579	0.45028	2.53	39576	17820	153899	245816	6.21
2016	90-94	0.20201	0.65476	2.31	21756	14245	70517	91917	4.22
2016	95-99	0.33146	0.83103	2	7511	6242	18831	21400	2.85
2016	100-104	0.48519	0.92893	1.68	1269	1179	2430	2569	2.02
2016	105-109	0.64330	0.97071	1.4	90	88	136	140	1.55
2016	110+	0.76145	1.00000	1.31	3	3	3	3	1.31
2017	0	0.00476	0.00473	0.06	100000	473	99554	7749121	77.49
2017	1-4	0.00021	0.00082	1.66	99527	82	397915	7649567	76.86
2017	5-9	0.00009	0.00047	2.09	99445	47	497088	7251652	72.92
2017	10-14	0.00013	0.00064	2.65	99398	64	496842	6754564	67.95
2017	15-19	0.00047	0.00237	2.84	99335	236	496165	6257722	63.00
2017	20-24	0.00119	0.00591	2.84	99099	586	494231	5761557	58.14
2017	25-29	0.00181	0.00900	2.58	98513	887	490420	5267326	53.47
2017	30-34	0.00210	0.01046	2.56	97626	1022	485635	4776907	48.93
2017	35-39	0.00240	0.01196	2.59	96605	1155	480245	4291272	44.42
2017	40-44	0.00249	0.01239	2.54	95450	1183	474339	3811027	39.93
2017	45-49	0.00339	0.01683	2.63	94267	1586	467576	3336688	35.40
2017	50-54	0.00531	0.02622	2.64	92681	2430	457671	2869112	30.96
2017	55-59	0.00732	0.03597	2.65	90251	3246	443631	2411441	26.72
2017	60-64	0.01078	0.05254	2.63	87005	4571	424176	1967810	22.62
2017	65-69	0.01542	0.07436	2.61	82434	6130	397542	1543634	18.73
2017	70-74	0.02417	0.11430	2.64	76304	8722	360914	1146093	15.02
2017	75-79	0.03944	0.18023	2.61	67582	12180	308823	785178	11.62
2017	80-84	0.06755	0.29007	2.57	55402	16071	237899	476355	8.60
2017	85-89	0.12007	0.46150	2.49	39331	18152	151170	238456	6.06
2017	90-94	0.20954	0.66971	2.31	21180	14184	67692	87286	4.12
2017	95-99	0.33812	0.83722	1.99	6995	5857	17322	19594	2.80
2017	100-104	0.49269	0.93187	1.66	1139	1061	2154	2273	2.00
2017	105-109	0.65028	0.97183	1.39	78	75	116	119	1.53
2017	110+	0.76720	1.00000	1.3	2	2	3	3	1.30
2018	0	0.00456	0.00454	0.06	100000	454	99572	7768243	77.68
2018	1-4	0.00018	0.00072	1.63	99546	72	398013	7668671	77.04
2018	5-9	0.00011	0.00057	2.2	99474	57	497212	7270657	73.09
2018	10-14	0.00011	0.00053	2.53	99417	53	496957	6773446	68.13
2018	15-19	0.00040	0.00201	3.02	99365	199	496428	6276489	63.17
2018	20-24	0.00099	0.00495	2.89	99165	491	494791	5780061	58.29
2018	25-29	0.00165	0.00821	2.7	98674	810	491507	5285270	53.56
2018	30-34	0.00195	0.00973	2.57	97864	952	487008	4793763	48.98
2018	35-39	0.00224	0.01113	2.51	96912	1079	481878	4306755	44.44
2018	40-44	0.00272	0.01349	2.58	95833	1293	476041	3824877	39.91
2018	45-49	0.00346	0.01717	2.63	94540	1623	468860	3348836	35.42
2018	50-54	0.00515	0.02546	2.68	92917	2365	459098	2879976	31.00
2018	55-59	0.00758	0.03725	2.63	90551	3373	444772	2420879	26.73
2018	60-64	0.01082	0.05274	2.63	87179	4597	425001	1976106	22.67
2018	65-69	0.01546	0.07452	2.6	82581	6154	398167	1551106	18.78
2018	70-74	0.02353	0.11148	2.64	76428	8520	362064	1152938	15.09
2018	75-79	0.03997	0.18251	2.62	67908	12394	310046	790875	11.65
2018	80-84	0.06790	0.29097	2.54	55514	16153	237884	480828	8.66
2018	85-89	0.11638	0.45100	2.51	39361	17752	152529	242944	6.17
2018	90-94	0.20648	0.66319	2.3	21609	14331	69407	90415	4.18
2018	95-99	0.32679	0.82603	2.01	7278	6012	18397	21008	2.89
2018	100-104	0.47579	0.92471	1.69	1266	1171	2461	2611	2.06
2018	105-109	0.63054	0.96839	1.42	95	92	146	150	1.58
2018	110+	0.74786	1.00000	1.34	3	3	4	4	1.34
2019	0	0.00431	0.00430	0.06	100000	430	99595	7778321	77.78
2019	1-4	0.00016	0.00063	1.58	99570	62	398131	7678727	77.12
2019	5-9	0.00009	0.00046	2.18	99508	46	497411	7280596	73.17
2019	10-14	0.00012	0.00059	2.33	99462	58	497156	6783184	68.20
2019	15-19	0.00037	0.00187	3.13	99404	186	496673	6286029	63.24
2019	20-24	0.00096	0.00479	2.79	99218	475	495039	5789356	58.35
2019	25-29	0.00155	0.00771	2.7	98743	762	491960	5294317	53.62
2019	30-34	0.00205	0.01022	2.51	97981	1001	487416	4802356	49.01
2019	35-39	0.00237	0.01178	2.59	96980	1142	482144	4314940	44.49
2019	40-44	0.00278	0.01379	2.62	95838	1322	476041	3832796	39.99
2019	45-49	0.00334	0.01655	2.64	94516	1564	468889	3356754	35.52
2019	50-54	0.00522	0.02580	2.65	92952	2399	459119	2887866	31.07
2019	55-59	0.00741	0.03643	2.66	90553	3299	445041	2428747	26.82
2019	60-64	0.01104	0.05378	2.62	87254	4693	425112	1983706	22.73
2019	65-69	0.01550	0.07472	2.59	82561	6169	397955	1558594	18.88
2019	70-74	0.02370	0.11220	2.63	76392	8571	361623	1160639	15.19
2019	75-79	0.03825	0.17533	2.63	67821	11891	310877	799016	11.78
2019	80-84	0.06698	0.28868	2.61	55929	16146	241047	488139	8.73
2019	85-89	0.11515	0.44712	2.5	39784	17788	154477	247093	6.21
2019	90-94	0.20421	0.65947	2.31	21996	14505	71030	92616	4.21
2019	95-99	0.32727	0.82671	2.01	7490	6192	18921	21586	2.88
2019	100-104	0.47809	0.92583	1.69	1298	1202	2514	2665	2.05
2019	105-109	0.63439	0.96913	1.42	96	93	147	151	1.57
2019	110+	0.75236	1.00000	1.33	3	3	4	4	1.33
