Div1: New England, Lifetables (period 1x5), Both sexes Last modified: 20 Dec 2020, MPv5 (May07) 

Year     	Age	mx	qx	ax	lx	dx	Lx	Tx	ex
1960-1964	0	0.02241	0.02197	0.11	100000	2197	98046	7105547	71.06
1960-1964	1	0.00117	0.00117	0.5	97803	114	97746	7007501	71.65
1960-1964	2	0.00080	0.00080	0.5	97688	79	97649	6909755	70.73
1960-1964	3	0.00059	0.00059	0.5	97610	58	97581	6812106	69.79
1960-1964	4	0.00054	0.00054	0.5	97552	52	97526	6714525	68.83
1960-1964	5	0.00048	0.00048	0.5	97500	47	97476	6616999	67.87
1960-1964	6	0.00047	0.00047	0.5	97453	46	97430	6519523	66.90
1960-1964	7	0.00042	0.00042	0.5	97407	41	97386	6422093	65.93
1960-1964	8	0.00035	0.00035	0.5	97366	34	97349	6324706	64.96
1960-1964	9	0.00029	0.00029	0.5	97333	28	97319	6227357	63.98
1960-1964	10	0.00031	0.00031	0.5	97305	30	97290	6130038	63.00
1960-1964	11	0.00032	0.00032	0.5	97275	31	97260	6032748	62.02
1960-1964	12	0.00034	0.00034	0.5	97244	33	97227	5935489	61.04
1960-1964	13	0.00035	0.00035	0.5	97211	34	97194	5838261	60.06
1960-1964	14	0.00042	0.00042	0.5	97177	41	97156	5741068	59.08
1960-1964	15	0.00046	0.00046	0.5	97136	45	97114	5643911	58.10
1960-1964	16	0.00062	0.00062	0.5	97091	60	97061	5546797	57.13
1960-1964	17	0.00072	0.00072	0.5	97031	70	96996	5449736	56.16
1960-1964	18	0.00075	0.00075	0.5	96961	73	96925	5352740	55.20
1960-1964	19	0.00086	0.00086	0.5	96889	83	96847	5255815	54.25
1960-1964	20	0.00084	0.00084	0.5	96806	82	96765	5158967	53.29
1960-1964	21	0.00091	0.00091	0.5	96724	88	96680	5062202	52.34
1960-1964	22	0.00092	0.00092	0.5	96637	88	96592	4965522	51.38
1960-1964	23	0.00091	0.00091	0.5	96548	88	96504	4868929	50.43
1960-1964	24	0.00092	0.00092	0.5	96460	89	96416	4772425	49.48
1960-1964	25	0.00092	0.00092	0.5	96371	88	96327	4676010	48.52
1960-1964	26	0.00087	0.00087	0.5	96283	84	96241	4579682	47.56
1960-1964	27	0.00088	0.00088	0.5	96199	85	96157	4483441	46.61
1960-1964	28	0.00101	0.00101	0.5	96114	97	96066	4387285	45.65
1960-1964	29	0.00100	0.00100	0.5	96017	96	95969	4291219	44.69
1960-1964	30	0.00104	0.00104	0.5	95921	99	95872	4195250	43.74
1960-1964	31	0.00123	0.00123	0.5	95822	118	95763	4099378	42.78
1960-1964	32	0.00114	0.00114	0.5	95704	109	95650	4003615	41.83
1960-1964	33	0.00120	0.00119	0.5	95595	114	95538	3907966	40.88
1960-1964	34	0.00138	0.00138	0.5	95481	131	95415	3812428	39.93
1960-1964	35	0.00152	0.00152	0.5	95349	145	95277	3717013	38.98
1960-1964	36	0.00164	0.00164	0.5	95205	156	95127	3621736	38.04
1960-1964	37	0.00188	0.00188	0.5	95049	178	94960	3526609	37.10
1960-1964	38	0.00216	0.00216	0.5	94870	205	94768	3431650	36.17
1960-1964	39	0.00231	0.00230	0.5	94665	218	94556	3336882	35.25
1960-1964	40	0.00243	0.00243	0.5	94447	229	94333	3242325	34.33
1960-1964	41	0.00276	0.00276	0.5	94218	260	94088	3147992	33.41
1960-1964	42	0.00308	0.00307	0.5	93958	289	93814	3053904	32.50
1960-1964	43	0.00343	0.00343	0.5	93670	321	93509	2960090	31.60
1960-1964	44	0.00361	0.00360	0.5	93348	336	93180	2866581	30.71
1960-1964	45	0.00406	0.00405	0.5	93012	377	92824	2773400	29.82
1960-1964	46	0.00474	0.00473	0.5	92636	438	92417	2680577	28.94
1960-1964	47	0.00532	0.00531	0.5	92198	490	91953	2588160	28.07
1960-1964	48	0.00565	0.00563	0.5	91708	516	91450	2496207	27.22
1960-1964	49	0.00636	0.00634	0.5	91192	578	90903	2404757	26.37
1960-1964	50	0.00720	0.00718	0.5	90614	650	90289	2313854	25.54
1960-1964	51	0.00767	0.00764	0.5	89964	687	89620	2223565	24.72
1960-1964	52	0.00853	0.00849	0.5	89276	758	88897	2133945	23.90
1960-1964	53	0.00928	0.00924	0.5	88519	818	88110	2045048	23.10
1960-1964	54	0.01046	0.01041	0.5	87701	913	87244	1956938	22.31
1960-1964	55	0.01072	0.01066	0.5	86788	925	86325	1869694	21.54
1960-1964	56	0.01197	0.01190	0.5	85863	1022	85352	1783369	20.77
1960-1964	57	0.01306	0.01297	0.5	84841	1101	84290	1698017	20.01
1960-1964	58	0.01464	0.01453	0.5	83740	1217	83132	1613727	19.27
1960-1964	59	0.01587	0.01574	0.5	82523	1299	81874	1530595	18.55
1960-1964	60	0.01675	0.01662	0.5	81224	1350	80549	1448722	17.84
1960-1964	61	0.01783	0.01768	0.5	79874	1412	79169	1368172	17.13
1960-1964	62	0.02049	0.02028	0.5	78463	1591	77667	1289004	16.43
1960-1964	63	0.02224	0.02199	0.5	76871	1691	76026	1211337	15.76
1960-1964	64	0.02431	0.02402	0.5	75181	1806	74278	1135311	15.10
1960-1964	65	0.02700	0.02664	0.5	73375	1955	72397	1061033	14.46
1960-1964	66	0.02855	0.02815	0.5	71420	2010	70415	988635	13.84
1960-1964	67	0.03191	0.03141	0.5	69410	2180	68320	918220	13.23
1960-1964	68	0.03402	0.03345	0.5	67230	2249	66105	849901	12.64
1960-1964	69	0.03635	0.03570	0.5	64981	2320	63821	783795	12.06
1960-1964	70	0.04100	0.04018	0.5	62661	2518	61402	719974	11.49
1960-1964	71	0.04251	0.04162	0.5	60143	2503	58892	658572	10.95
1960-1964	72	0.04923	0.04805	0.5	57640	2770	56255	599681	10.40
1960-1964	73	0.05195	0.05064	0.5	54870	2779	53481	543425	9.90
1960-1964	74	0.05569	0.05419	0.5	52092	2823	50681	489944	9.41
1960-1964	75	0.06109	0.05928	0.5	49269	2921	47809	439264	8.92
1960-1964	76	0.06554	0.06346	0.5	46348	2941	44878	391455	8.45
1960-1964	77	0.06964	0.06729	0.5	43407	2921	41947	346577	7.98
1960-1964	78	0.07809	0.07516	0.5	40486	3043	38965	304630	7.52
1960-1964	79	0.08491	0.08145	0.5	37443	3050	35918	265666	7.10
1960-1964	80	0.09549	0.09114	0.5	34393	3134	32826	229748	6.68
1960-1964	81	0.09883	0.09418	0.5	31259	2944	29787	196921	6.30
1960-1964	82	0.11276	0.10674	0.5	28315	3022	26804	167135	5.90
1960-1964	83	0.12451	0.11722	0.5	25293	2965	23810	140331	5.55
1960-1964	84	0.13769	0.12883	0.5	22328	2876	20890	116520	5.22
1960-1964	85	0.14901	0.13867	0.5	19452	2697	18103	95630	4.92
1960-1964	86	0.16194	0.14981	0.5	16754	2510	15499	77528	4.63
1960-1964	87	0.17432	0.16035	0.5	14244	2284	13102	62028	4.35
1960-1964	88	0.18985	0.17339	0.5	11960	2074	10923	48926	4.09
1960-1964	89	0.20826	0.18862	0.5	9886	1865	8954	38003	3.84
1960-1964	90	0.22795	0.20463	0.5	8022	1641	7201	29049	3.62
1960-1964	91	0.23601	0.21110	0.5	6380	1347	5707	21848	3.42
1960-1964	92	0.25707	0.22779	0.5	5033	1147	4460	16141	3.21
1960-1964	93	0.28332	0.24816	0.5	3887	965	3405	11681	3.01
1960-1964	94	0.30291	0.26307	0.5	2922	769	2538	8276	2.83
1960-1964	95	0.32934	0.28277	0.5	2154	609	1849	5739	2.66
1960-1964	96	0.35292	0.29998	0.5	1545	463	1313	3889	2.52
1960-1964	97	0.37727	0.31740	0.5	1081	343	910	2577	2.38
1960-1964	98	0.40230	0.33493	0.5	738	247	614	1667	2.26
1960-1964	99	0.42789	0.35248	0.5	491	173	404	1053	2.14
1960-1964	100	0.45391	0.36995	0.5	318	118	259	648	2.04
1960-1964	101	0.48021	0.38723	0.5	200	78	161	389	1.94
1960-1964	102	0.50666	0.40425	0.5	123	50	98	228	1.86
1960-1964	103	0.53311	0.42091	0.5	73	31	58	130	1.78
1960-1964	104	0.55941	0.43714	0.5	42	19	33	72	1.70
1960-1964	105	0.58541	0.45286	0.5	24	11	18	39	1.64
1960-1964	106	0.61097	0.46800	0.5	13	6	10	21	1.58
1960-1964	107	0.63596	0.48253	0.5	7	3	5	11	1.52
1960-1964	108	0.66027	0.49639	0.5	4	2	3	5	1.48
1960-1964	109	0.68379	0.50957	0.5	2	1	1	3	1.44
1960-1964	110+	0.70642	1.00000	1.42	1	1	1	1	1.42
1965-1969	0	0.02053	0.02016	0.11	100000	2016	98196	7124167	71.24
1965-1969	1	0.00110	0.00110	0.5	97984	107	97930	7025971	71.71
1965-1969	2	0.00074	0.00074	0.5	97876	72	97840	6928041	70.78
1965-1969	3	0.00059	0.00059	0.5	97804	57	97775	6830201	69.84
1965-1969	4	0.00050	0.00050	0.5	97747	49	97722	6732426	68.88
1965-1969	5	0.00044	0.00044	0.5	97698	43	97676	6634703	67.91
1965-1969	6	0.00041	0.00041	0.5	97655	40	97635	6537027	66.94
1965-1969	7	0.00039	0.00039	0.5	97615	39	97596	6439392	65.97
1965-1969	8	0.00031	0.00031	0.5	97576	30	97561	6341797	64.99
1965-1969	9	0.00029	0.00029	0.5	97546	29	97532	6244235	64.01
1965-1969	10	0.00029	0.00029	0.5	97518	29	97503	6146703	63.03
1965-1969	11	0.00030	0.00030	0.5	97489	29	97474	6049200	62.05
1965-1969	12	0.00030	0.00030	0.5	97460	29	97445	5951726	61.07
1965-1969	13	0.00033	0.00033	0.5	97431	32	97414	5854281	60.09
1965-1969	14	0.00040	0.00040	0.5	97398	39	97379	5756867	59.11
1965-1969	15	0.00052	0.00052	0.5	97359	50	97334	5659488	58.13
1965-1969	16	0.00075	0.00075	0.5	97308	73	97272	5562154	57.16
1965-1969	17	0.00083	0.00083	0.5	97235	80	97195	5464883	56.20
1965-1969	18	0.00095	0.00095	0.5	97155	92	97109	5367687	55.25
1965-1969	19	0.00099	0.00099	0.5	97063	97	97014	5270579	54.30
1965-1969	20	0.00097	0.00097	0.5	96966	94	96919	5173564	53.35
1965-1969	21	0.00109	0.00109	0.5	96872	105	96820	5076645	52.41
1965-1969	22	0.00104	0.00104	0.5	96767	101	96717	4979825	51.46
1965-1969	23	0.00100	0.00100	0.5	96666	97	96618	4883108	50.52
1965-1969	24	0.00096	0.00096	0.5	96570	93	96523	4786491	49.57
1965-1969	25	0.00097	0.00097	0.5	96477	93	96430	4689967	48.61
1965-1969	26	0.00100	0.00100	0.5	96383	96	96335	4593537	47.66
1965-1969	27	0.00102	0.00102	0.5	96287	98	96238	4497202	46.71
1965-1969	28	0.00105	0.00105	0.5	96189	101	96139	4400964	45.75
1965-1969	29	0.00102	0.00102	0.5	96089	98	96040	4304825	44.80
1965-1969	30	0.00119	0.00119	0.5	95991	114	95934	4208785	43.85
1965-1969	31	0.00121	0.00121	0.5	95877	116	95819	4112851	42.90
1965-1969	32	0.00130	0.00130	0.5	95761	125	95699	4017032	41.95
1965-1969	33	0.00134	0.00134	0.5	95637	128	95573	3921333	41.00
1965-1969	34	0.00155	0.00154	0.5	95509	148	95435	3825760	40.06
1965-1969	35	0.00165	0.00165	0.5	95361	157	95283	3730325	39.12
1965-1969	36	0.00181	0.00180	0.5	95204	172	95119	3635042	38.18
1965-1969	37	0.00192	0.00192	0.5	95033	183	94941	3539923	37.25
1965-1969	38	0.00225	0.00225	0.5	94850	213	94743	3444982	36.32
1965-1969	39	0.00232	0.00231	0.5	94637	219	94527	3350238	35.40
1965-1969	40	0.00252	0.00252	0.5	94418	237	94299	3255711	34.48
1965-1969	41	0.00278	0.00278	0.5	94180	262	94049	3161412	33.57
1965-1969	42	0.00320	0.00320	0.5	93919	300	93769	3067363	32.66
1965-1969	43	0.00345	0.00345	0.5	93619	323	93457	2973594	31.76
1965-1969	44	0.00377	0.00377	0.5	93296	351	93120	2880137	30.87
1965-1969	45	0.00418	0.00417	0.5	92944	388	92750	2787017	29.99
1965-1969	46	0.00454	0.00453	0.5	92556	419	92347	2694266	29.11
1965-1969	47	0.00506	0.00504	0.5	92137	465	91905	2601920	28.24
1965-1969	48	0.00570	0.00568	0.5	91672	521	91412	2510015	27.38
1965-1969	49	0.00610	0.00608	0.5	91152	555	90874	2418603	26.53
1965-1969	50	0.00704	0.00702	0.5	90597	636	90279	2327729	25.69
1965-1969	51	0.00743	0.00740	0.5	89961	666	89628	2237449	24.87
1965-1969	52	0.00858	0.00855	0.5	89295	763	88914	2147821	24.05
1965-1969	53	0.00923	0.00919	0.5	88532	813	88125	2058908	23.26
1965-1969	54	0.01012	0.01007	0.5	87719	884	87277	1970782	22.47
1965-1969	55	0.01071	0.01065	0.5	86835	925	86373	1883506	21.69
1965-1969	56	0.01217	0.01210	0.5	85910	1039	85390	1797133	20.92
1965-1969	57	0.01332	0.01323	0.5	84871	1123	84309	1711743	20.17
1965-1969	58	0.01472	0.01462	0.5	83748	1224	83135	1627434	19.43
1965-1969	59	0.01562	0.01550	0.5	82523	1279	81884	1544298	18.71
1965-1969	60	0.01701	0.01686	0.5	81244	1370	80559	1462414	18.00
1965-1969	61	0.01837	0.01821	0.5	79874	1454	79147	1381855	17.30
1965-1969	62	0.02090	0.02068	0.5	78420	1622	77609	1302708	16.61
1965-1969	63	0.02193	0.02169	0.5	76798	1666	75965	1225099	15.95
1965-1969	64	0.02370	0.02342	0.5	75132	1760	74253	1149134	15.29
1965-1969	65	0.02594	0.02561	0.5	73373	1879	72433	1074881	14.65
1965-1969	66	0.02738	0.02701	0.5	71494	1931	70528	1002448	14.02
1965-1969	67	0.03099	0.03052	0.5	69563	2123	68501	931920	13.40
1965-1969	68	0.03330	0.03275	0.5	67440	2209	66335	863419	12.80
1965-1969	69	0.03529	0.03468	0.5	65231	2262	64100	797084	12.22
1965-1969	70	0.03968	0.03891	0.5	62969	2450	61744	732984	11.64
1965-1969	71	0.04123	0.04040	0.5	60519	2445	59297	671240	11.09
1965-1969	72	0.04791	0.04678	0.5	58074	2717	56716	611943	10.54
1965-1969	73	0.05096	0.04969	0.5	55357	2751	53982	555228	10.03
1965-1969	74	0.05579	0.05427	0.5	52606	2855	51179	501246	9.53
1965-1969	75	0.06178	0.05993	0.5	49751	2981	48260	450067	9.05
1965-1969	76	0.06392	0.06194	0.5	46770	2897	45321	401807	8.59
1965-1969	77	0.07031	0.06792	0.5	43873	2980	42383	356485	8.13
1965-1969	78	0.07727	0.07440	0.5	40893	3042	39372	314103	7.68
1965-1969	79	0.08303	0.07972	0.5	37851	3017	36342	274731	7.26
1965-1969	80	0.09203	0.08798	0.5	34833	3065	33301	238389	6.84
1965-1969	81	0.09647	0.09203	0.5	31768	2924	30307	205088	6.46
1965-1969	82	0.10740	0.10193	0.5	28845	2940	27375	174782	6.06
1965-1969	83	0.12065	0.11378	0.5	25905	2948	24431	147407	5.69
1965-1969	84	0.12998	0.12204	0.5	22957	2802	21556	122976	5.36
1965-1969	85	0.14458	0.13483	0.5	20155	2718	18797	101420	5.03
1965-1969	86	0.15512	0.14395	0.5	17438	2510	16183	82623	4.74
1965-1969	87	0.17135	0.15783	0.5	14928	2356	13750	66440	4.45
1965-1969	88	0.18037	0.16545	0.5	12572	2080	11532	52691	4.19
1965-1969	89	0.20255	0.18393	0.5	10492	1930	9527	41159	3.92
1965-1969	90	0.21749	0.19616	0.5	8562	1679	7722	31633	3.69
1965-1969	91	0.23281	0.20854	0.5	6882	1435	6165	23911	3.47
1965-1969	92	0.25583	0.22681	0.5	5447	1235	4829	17746	3.26
1965-1969	93	0.27805	0.24411	0.5	4212	1028	3698	12916	3.07
1965-1969	94	0.29390	0.25624	0.5	3184	816	2776	9219	2.90
1965-1969	95	0.32055	0.27627	0.5	2368	654	2041	6443	2.72
1965-1969	96	0.34402	0.29353	0.5	1714	503	1462	4402	2.57
1965-1969	97	0.36833	0.31105	0.5	1211	377	1022	2940	2.43
1965-1969	98	0.39338	0.32872	0.5	834	274	697	1918	2.30
1965-1969	99	0.41905	0.34646	0.5	560	194	463	1221	2.18
1965-1969	100	0.44522	0.36416	0.5	366	133	299	758	2.07
1965-1969	101	0.47174	0.38171	0.5	233	89	188	459	1.97
1965-1969	102	0.49847	0.39902	0.5	144	57	115	271	1.88
1965-1969	103	0.52526	0.41600	0.5	86	36	68	155	1.80
1965-1969	104	0.55194	0.43256	0.5	50	22	40	87	1.72
1965-1969	105	0.57837	0.44863	0.5	29	13	22	47	1.65
1965-1969	106	0.60439	0.46413	0.5	16	7	12	25	1.59
1965-1969	107	0.62987	0.47901	0.5	8	4	6	13	1.54
1965-1969	108	0.65469	0.49323	0.5	4	2	3	7	1.49
1965-1969	109	0.67871	0.50675	0.5	2	1	2	3	1.45
1965-1969	110+	0.70186	1.00000	1.42	1	1	2	2	1.42
1970-1974	0	0.01604	0.01581	0.09	100000	1581	98566	7244270	72.44
1970-1974	1	0.00091	0.00091	0.5	98419	89	98375	7145704	72.60
1970-1974	2	0.00064	0.00064	0.5	98330	63	98298	7047329	71.67
1970-1974	3	0.00052	0.00052	0.5	98267	51	98241	6949031	70.72
1970-1974	4	0.00046	0.00046	0.5	98215	45	98193	6850790	69.75
1970-1974	5	0.00044	0.00044	0.5	98170	44	98149	6752597	68.78
1970-1974	6	0.00037	0.00037	0.5	98127	36	98109	6654449	67.81
1970-1974	7	0.00035	0.00035	0.5	98091	34	98074	6556340	66.84
1970-1974	8	0.00031	0.00031	0.5	98056	30	98041	6458266	65.86
1970-1974	9	0.00030	0.00030	0.5	98026	29	98012	6360225	64.88
1970-1974	10	0.00027	0.00027	0.5	97997	27	97984	6262213	63.90
1970-1974	11	0.00025	0.00025	0.5	97970	24	97958	6164230	62.92
1970-1974	12	0.00029	0.00029	0.5	97946	28	97932	6066272	61.93
1970-1974	13	0.00034	0.00034	0.5	97917	34	97901	5968340	60.95
1970-1974	14	0.00044	0.00044	0.5	97884	43	97862	5870440	59.97
1970-1974	15	0.00056	0.00056	0.5	97840	55	97813	5772577	59.00
1970-1974	16	0.00075	0.00075	0.5	97786	74	97749	5674764	58.03
1970-1974	17	0.00091	0.00091	0.5	97712	89	97668	5577015	57.08
1970-1974	18	0.00114	0.00114	0.5	97623	111	97567	5479347	56.13
1970-1974	19	0.00112	0.00112	0.5	97512	109	97457	5381780	55.19
1970-1974	20	0.00104	0.00104	0.5	97403	102	97352	5284323	54.25
1970-1974	21	0.00109	0.00109	0.5	97301	106	97248	5186971	53.31
1970-1974	22	0.00106	0.00106	0.5	97195	103	97143	5089723	52.37
1970-1974	23	0.00098	0.00098	0.5	97092	95	97045	4992580	51.42
1970-1974	24	0.00098	0.00098	0.5	96997	95	96949	4895535	50.47
1970-1974	25	0.00105	0.00105	0.5	96902	102	96851	4798586	49.52
1970-1974	26	0.00104	0.00104	0.5	96800	101	96750	4701735	48.57
1970-1974	27	0.00099	0.00099	0.5	96699	95	96652	4604985	47.62
1970-1974	28	0.00100	0.00100	0.5	96604	97	96556	4508333	46.67
1970-1974	29	0.00108	0.00108	0.5	96507	104	96455	4411778	45.71
1970-1974	30	0.00113	0.00113	0.5	96403	108	96349	4315322	44.76
1970-1974	31	0.00102	0.00102	0.5	96295	98	96246	4218973	43.81
1970-1974	32	0.00115	0.00115	0.5	96197	111	96141	4122727	42.86
1970-1974	33	0.00139	0.00139	0.5	96086	133	96019	4026586	41.91
1970-1974	34	0.00145	0.00145	0.5	95952	139	95883	3930567	40.96
1970-1974	35	0.00152	0.00152	0.5	95814	145	95741	3834684	40.02
1970-1974	36	0.00165	0.00165	0.5	95668	158	95589	3738943	39.08
1970-1974	37	0.00178	0.00178	0.5	95511	170	95426	3643353	38.15
1970-1974	38	0.00193	0.00193	0.5	95341	184	95249	3547928	37.21
1970-1974	39	0.00228	0.00228	0.5	95157	217	95048	3452679	36.28
1970-1974	40	0.00250	0.00250	0.5	94940	237	94821	3357631	35.37
1970-1974	41	0.00266	0.00265	0.5	94703	251	94577	3262809	34.45
1970-1974	42	0.00303	0.00303	0.5	94452	286	94309	3168232	33.54
1970-1974	43	0.00340	0.00339	0.5	94166	320	94006	3073923	32.64
1970-1974	44	0.00368	0.00368	0.5	93846	345	93674	2979917	31.75
1970-1974	45	0.00405	0.00405	0.5	93501	378	93312	2886244	30.87
1970-1974	46	0.00452	0.00451	0.5	93123	420	92913	2792932	29.99
1970-1974	47	0.00501	0.00500	0.5	92703	464	92471	2700018	29.13
1970-1974	48	0.00538	0.00537	0.5	92240	495	91992	2607547	28.27
1970-1974	49	0.00591	0.00589	0.5	91745	540	91475	2515555	27.42
1970-1974	50	0.00642	0.00640	0.5	91204	584	90912	2424080	26.58
1970-1974	51	0.00684	0.00681	0.5	90621	617	90312	2333168	25.75
1970-1974	52	0.00753	0.00751	0.5	90003	676	89665	2242856	24.92
1970-1974	53	0.00824	0.00820	0.5	89328	733	88961	2153190	24.10
1970-1974	54	0.00907	0.00902	0.5	88595	800	88195	2064229	23.30
1970-1974	55	0.01014	0.01008	0.5	87795	885	87353	1976034	22.51
1970-1974	56	0.01110	0.01104	0.5	86910	960	86430	1888681	21.73
1970-1974	57	0.01237	0.01229	0.5	85950	1057	85422	1802251	20.97
1970-1974	58	0.01322	0.01314	0.5	84894	1115	84336	1716829	20.22
1970-1974	59	0.01425	0.01415	0.5	83779	1186	83186	1632493	19.49
1970-1974	60	0.01590	0.01577	0.5	82593	1303	81942	1549307	18.76
1970-1974	61	0.01694	0.01679	0.5	81290	1365	80608	1467366	18.05
1970-1974	62	0.01888	0.01871	0.5	79925	1495	79177	1386758	17.35
1970-1974	63	0.02035	0.02015	0.5	78430	1580	77640	1307581	16.67
1970-1974	64	0.02218	0.02194	0.5	76849	1686	76006	1229941	16.00
1970-1974	65	0.02428	0.02399	0.5	75164	1803	74262	1153935	15.35
1970-1974	66	0.02562	0.02530	0.5	73360	1856	72432	1079673	14.72
1970-1974	67	0.02814	0.02775	0.5	71504	1984	70512	1007240	14.09
1970-1974	68	0.03021	0.02976	0.5	69520	2069	68486	936728	13.47
1970-1974	69	0.03277	0.03224	0.5	67451	2175	66364	868242	12.87
1970-1974	70	0.03521	0.03460	0.5	65276	2259	64147	801878	12.28
1970-1974	71	0.03757	0.03687	0.5	63018	2324	61856	737731	11.71
1970-1974	72	0.04347	0.04254	0.5	60694	2582	59403	675875	11.14
1970-1974	73	0.04594	0.04491	0.5	58112	2610	56807	616472	10.61
1970-1974	74	0.04986	0.04865	0.5	55502	2700	54152	559665	10.08
1970-1974	75	0.05526	0.05378	0.5	52802	2840	51382	505513	9.57
1970-1974	76	0.06051	0.05873	0.5	49962	2935	48495	454131	9.09
1970-1974	77	0.06458	0.06256	0.5	47028	2942	45557	405636	8.63
1970-1974	78	0.07234	0.06981	0.5	44086	3078	42547	360079	8.17
1970-1974	79	0.07868	0.07570	0.5	41008	3104	39456	317532	7.74
1970-1974	80	0.08128	0.07811	0.5	37904	2961	36423	278076	7.34
1970-1974	81	0.08756	0.08389	0.5	34943	2931	33478	241653	6.92
1970-1974	82	0.09656	0.09211	0.5	32012	2949	30538	208175	6.50
1970-1974	83	0.10683	0.10141	0.5	29063	2947	27589	177638	6.11
1970-1974	84	0.11860	0.11196	0.5	26116	2924	24654	150048	5.75
1970-1974	85	0.13173	0.12359	0.5	23192	2866	21759	125394	5.41
1970-1974	86	0.14155	0.13219	0.5	20326	2687	18982	103635	5.10
1970-1974	87	0.15100	0.14040	0.5	17639	2476	16400	84653	4.80
1970-1974	88	0.16791	0.15491	0.5	15162	2349	13988	68253	4.50
1970-1974	89	0.18091	0.16590	0.5	12813	2126	11751	54265	4.24
1970-1974	90	0.19571	0.17826	0.5	10688	1905	9735	42515	3.98
1970-1974	91	0.21597	0.19492	0.5	8782	1712	7927	32779	3.73
1970-1974	92	0.23187	0.20778	0.5	7071	1469	6336	24853	3.51
1970-1974	93	0.24873	0.22122	0.5	5601	1239	4982	18517	3.31
1970-1974	94	0.27182	0.23930	0.5	4362	1044	3840	13535	3.10
1970-1974	95	0.29342	0.25588	0.5	3318	849	2894	9695	2.92
1970-1974	96	0.31577	0.27272	0.5	2469	673	2133	6801	2.75
1970-1974	97	0.33907	0.28992	0.5	1796	521	1536	4668	2.60
1970-1974	98	0.36324	0.30741	0.5	1275	392	1079	3133	2.46
1970-1974	99	0.38818	0.32508	0.5	883	287	740	2053	2.32
1970-1974	100	0.41378	0.34285	0.5	596	204	494	1314	2.20
1970-1974	101	0.43992	0.36060	0.5	392	141	321	820	2.09
1970-1974	102	0.46645	0.37824	0.5	250	95	203	499	1.99
1970-1974	103	0.49324	0.39566	0.5	156	62	125	296	1.90
1970-1974	104	0.52011	0.41277	0.5	94	39	75	171	1.81
1970-1974	105	0.54693	0.42948	0.5	55	24	43	96	1.74
1970-1974	106	0.57352	0.44571	0.5	32	14	25	53	1.67
1970-1974	107	0.59974	0.46138	0.5	17	8	13	28	1.61
1970-1974	108	0.62544	0.47645	0.5	9	4	7	15	1.55
1970-1974	109	0.65049	0.49085	0.5	5	2	4	7	1.51
1970-1974	110+	0.67478	1.00000	1.48	3	3	4	4	1.48
1975-1979	0	0.01215	0.01201	0.08	100000	1201	98897	7438697	74.39
1975-1979	1	0.00070	0.00070	0.5	98799	70	98764	7339800	74.29
1975-1979	2	0.00044	0.00044	0.5	98729	44	98707	7241036	73.34
1975-1979	3	0.00038	0.00038	0.5	98685	38	98666	7142329	72.37
1975-1979	4	0.00037	0.00037	0.5	98647	36	98629	7043662	71.40
1975-1979	5	0.00034	0.00034	0.5	98611	34	98594	6945033	70.43
1975-1979	6	0.00028	0.00028	0.5	98577	28	98564	6846439	69.45
1975-1979	7	0.00027	0.00027	0.5	98550	27	98536	6747875	68.47
1975-1979	8	0.00021	0.00021	0.5	98523	21	98513	6649338	67.49
1975-1979	9	0.00024	0.00024	0.5	98503	23	98491	6550826	66.50
1975-1979	10	0.00021	0.00021	0.5	98479	21	98469	6452335	65.52
1975-1979	11	0.00024	0.00024	0.5	98458	23	98446	6353866	64.53
1975-1979	12	0.00020	0.00020	0.5	98435	20	98425	6255420	63.55
1975-1979	13	0.00028	0.00028	0.5	98415	27	98402	6156995	62.56
1975-1979	14	0.00036	0.00036	0.5	98388	35	98370	6058593	61.58
1975-1979	15	0.00045	0.00045	0.5	98352	45	98330	5960223	60.60
1975-1979	16	0.00060	0.00060	0.5	98308	59	98278	5861893	59.63
1975-1979	17	0.00086	0.00086	0.5	98248	85	98206	5763615	58.66
1975-1979	18	0.00102	0.00102	0.5	98164	100	98114	5665409	57.71
1975-1979	19	0.00104	0.00104	0.5	98064	102	98013	5567295	56.77
1975-1979	20	0.00106	0.00106	0.5	97962	104	97910	5469282	55.83
1975-1979	21	0.00102	0.00102	0.5	97858	100	97808	5371373	54.89
1975-1979	22	0.00107	0.00107	0.5	97758	105	97705	5273565	53.95
1975-1979	23	0.00100	0.00100	0.5	97653	97	97604	5175860	53.00
1975-1979	24	0.00098	0.00098	0.5	97556	95	97508	5078255	52.05
1975-1979	25	0.00104	0.00104	0.5	97460	101	97410	4980747	51.11
1975-1979	26	0.00095	0.00095	0.5	97359	92	97313	4883338	50.16
1975-1979	27	0.00093	0.00093	0.5	97267	91	97221	4786025	49.21
1975-1979	28	0.00096	0.00096	0.5	97176	94	97129	4688803	48.25
1975-1979	29	0.00094	0.00094	0.5	97083	91	97037	4591674	47.30
1975-1979	30	0.00093	0.00093	0.5	96992	90	96947	4494637	46.34
1975-1979	31	0.00106	0.00106	0.5	96902	102	96850	4397690	45.38
1975-1979	32	0.00105	0.00105	0.5	96799	102	96748	4300840	44.43
1975-1979	33	0.00116	0.00116	0.5	96698	112	96641	4204091	43.48
1975-1979	34	0.00112	0.00112	0.5	96585	108	96531	4107450	42.53
1975-1979	35	0.00125	0.00125	0.5	96478	121	96417	4010918	41.57
1975-1979	36	0.00129	0.00129	0.5	96357	124	96295	3914501	40.63
1975-1979	37	0.00149	0.00149	0.5	96233	143	96162	3818206	39.68
1975-1979	38	0.00160	0.00160	0.5	96090	154	96013	3722045	38.73
1975-1979	39	0.00182	0.00182	0.5	95936	175	95849	3626032	37.80
1975-1979	40	0.00199	0.00198	0.5	95761	190	95666	3530183	36.86
1975-1979	41	0.00224	0.00224	0.5	95572	214	95465	3434517	35.94
1975-1979	42	0.00251	0.00251	0.5	95358	239	95238	3339052	35.02
1975-1979	43	0.00284	0.00283	0.5	95118	269	94984	3243814	34.10
1975-1979	44	0.00310	0.00310	0.5	94849	294	94702	3148830	33.20
1975-1979	45	0.00354	0.00353	0.5	94555	334	94388	3054129	32.30
1975-1979	46	0.00366	0.00365	0.5	94221	344	94049	2959741	31.41
1975-1979	47	0.00422	0.00421	0.5	93877	396	93679	2865692	30.53
1975-1979	48	0.00470	0.00469	0.5	93481	438	93262	2772013	29.65
1975-1979	49	0.00514	0.00513	0.5	93043	477	92804	2678751	28.79
1975-1979	50	0.00559	0.00558	0.5	92566	516	92308	2585946	27.94
1975-1979	51	0.00630	0.00628	0.5	92050	578	91760	2493639	27.09
1975-1979	52	0.00668	0.00665	0.5	91471	609	91167	2401878	26.26
1975-1979	53	0.00726	0.00723	0.5	90863	657	90534	2310711	25.43
1975-1979	54	0.00814	0.00811	0.5	90205	732	89840	2220177	24.61
1975-1979	55	0.00873	0.00869	0.5	89474	777	89085	2130338	23.81
1975-1979	56	0.00936	0.00932	0.5	88696	826	88283	2041253	23.01
1975-1979	57	0.01031	0.01026	0.5	87870	902	87419	1952970	22.23
1975-1979	58	0.01126	0.01119	0.5	86969	973	86482	1865550	21.45
1975-1979	59	0.01251	0.01243	0.5	85995	1069	85461	1779068	20.69
1975-1979	60	0.01355	0.01346	0.5	84926	1143	84355	1693608	19.94
1975-1979	61	0.01455	0.01444	0.5	83783	1210	83178	1609253	19.21
1975-1979	62	0.01706	0.01691	0.5	82574	1396	81875	1526074	18.48
1975-1979	63	0.01777	0.01761	0.5	81177	1429	80462	1444199	17.79
1975-1979	64	0.01924	0.01906	0.5	79748	1520	78988	1363737	17.10
1975-1979	65	0.02113	0.02091	0.5	78228	1636	77410	1284749	16.42
1975-1979	66	0.02260	0.02235	0.5	76592	1712	75736	1207339	15.76
1975-1979	67	0.02474	0.02443	0.5	74880	1830	73966	1131603	15.11
1975-1979	68	0.02661	0.02626	0.5	73051	1918	72092	1057638	14.48
1975-1979	69	0.02872	0.02831	0.5	71133	2014	70126	985546	13.86
1975-1979	70	0.03117	0.03069	0.5	69119	2122	68058	915420	13.24
1975-1979	71	0.03342	0.03287	0.5	66997	2202	65896	847362	12.65
1975-1979	72	0.03742	0.03673	0.5	64795	2380	63605	781466	12.06
1975-1979	73	0.03998	0.03920	0.5	62415	2446	61192	717861	11.50
1975-1979	74	0.04299	0.04208	0.5	59968	2524	58707	656670	10.95
1975-1979	75	0.04784	0.04673	0.5	57445	2684	56103	597963	10.41
1975-1979	76	0.05062	0.04937	0.5	54761	2704	53409	541861	9.90
1975-1979	77	0.05572	0.05421	0.5	52057	2822	50646	488452	9.38
1975-1979	78	0.06012	0.05837	0.5	49235	2874	47798	437806	8.89
1975-1979	79	0.06647	0.06434	0.5	46361	2983	44870	390008	8.41
1975-1979	80	0.07295	0.07038	0.5	43378	3053	41852	345138	7.96
1975-1979	81	0.07693	0.07408	0.5	40325	2987	38832	303286	7.52
1975-1979	82	0.08662	0.08302	0.5	37338	3100	35788	264454	7.08
1975-1979	83	0.09555	0.09120	0.5	34238	3122	32677	228666	6.68
1975-1979	84	0.10298	0.09794	0.5	31116	3047	29592	195989	6.30
1975-1979	85	0.11188	0.10595	0.5	28068	2974	26581	166397	5.93
1975-1979	86	0.12523	0.11785	0.5	25095	2957	23616	139816	5.57
1975-1979	87	0.13528	0.12671	0.5	22137	2805	20735	116200	5.25
1975-1979	88	0.14427	0.13457	0.5	19332	2601	18031	95465	4.94
1975-1979	89	0.16104	0.14904	0.5	16731	2494	15484	77433	4.63
1975-1979	90	0.17472	0.16068	0.5	14237	2288	13093	61949	4.35
1975-1979	91	0.18449	0.16891	0.5	11950	2018	10940	48856	4.09
1975-1979	92	0.20996	0.19001	0.5	9931	1887	8988	37916	3.82
1975-1979	93	0.22580	0.20289	0.5	8044	1632	7228	28928	3.60
1975-1979	94	0.24428	0.21769	0.5	6412	1396	5714	21700	3.38
1975-1979	95	0.26317	0.23257	0.5	5016	1167	4433	15986	3.19
1975-1979	96	0.28391	0.24862	0.5	3850	957	3371	11553	3.00
1975-1979	97	0.30569	0.26516	0.5	2892	767	2509	8182	2.83
1975-1979	98	0.32844	0.28211	0.5	2126	600	1826	5673	2.67
1975-1979	99	0.35210	0.29939	0.5	1526	457	1297	3847	2.52
1975-1979	100	0.37658	0.31691	0.5	1069	339	900	2550	2.39
1975-1979	101	0.40178	0.33457	0.5	730	244	608	1650	2.26
1975-1979	102	0.42758	0.35227	0.5	486	171	400	1042	2.14
1975-1979	103	0.45385	0.36991	0.5	315	116	257	642	2.04
1975-1979	104	0.48045	0.38739	0.5	198	77	160	385	1.94
1975-1979	105	0.50722	0.40461	0.5	121	49	97	225	1.86
1975-1979	106	0.53400	0.42147	0.5	72	30	57	128	1.78
1975-1979	107	0.56065	0.43790	0.5	42	18	33	71	1.71
1975-1979	108	0.58700	0.45381	0.5	24	11	18	39	1.65
1975-1979	109	0.61291	0.46914	0.5	13	6	10	21	1.60
1975-1979	110+	0.63823	1.00000	1.57	7	7	11	11	1.57
1980-1984	0	0.01009	0.00999	0.08	100000	999	99077	7535112	75.35
1980-1984	1	0.00065	0.00065	0.5	99001	64	98969	7436036	75.11
1980-1984	2	0.00044	0.00044	0.5	98937	44	98915	7337067	74.16
1980-1984	3	0.00033	0.00033	0.5	98893	33	98876	7238152	73.19
1980-1984	4	0.00024	0.00024	0.5	98860	24	98848	7139276	72.22
1980-1984	5	0.00027	0.00027	0.5	98836	27	98822	7040428	71.23
1980-1984	6	0.00024	0.00024	0.5	98809	24	98797	6941606	70.25
1980-1984	7	0.00022	0.00022	0.5	98785	22	98774	6842809	69.27
1980-1984	8	0.00020	0.00020	0.5	98763	20	98753	6744035	68.29
1980-1984	9	0.00019	0.00019	0.5	98743	19	98734	6645282	67.30
1980-1984	10	0.00019	0.00019	0.5	98724	19	98715	6546548	66.31
1980-1984	11	0.00019	0.00019	0.5	98705	18	98696	6447834	65.32
1980-1984	12	0.00020	0.00020	0.5	98687	20	98677	6349138	64.34
1980-1984	13	0.00026	0.00026	0.5	98667	26	98654	6250461	63.35
1980-1984	14	0.00030	0.00030	0.5	98641	29	98626	6151807	62.37
1980-1984	15	0.00039	0.00039	0.5	98612	39	98592	6053181	61.38
1980-1984	16	0.00057	0.00057	0.5	98573	57	98545	5954589	60.41
1980-1984	17	0.00075	0.00075	0.5	98516	74	98479	5856044	59.44
1980-1984	18	0.00088	0.00088	0.5	98442	86	98399	5757565	58.49
1980-1984	19	0.00092	0.00092	0.5	98356	91	98310	5659165	57.54
1980-1984	20	0.00095	0.00095	0.5	98265	93	98218	5560855	56.59
1980-1984	21	0.00096	0.00096	0.5	98172	94	98125	5462636	55.64
1980-1984	22	0.00092	0.00092	0.5	98078	91	98033	5364512	54.70
1980-1984	23	0.00091	0.00091	0.5	97987	89	97943	5266479	53.75
1980-1984	24	0.00092	0.00092	0.5	97898	90	97853	5168536	52.80
1980-1984	25	0.00088	0.00088	0.5	97808	86	97765	5070683	51.84
1980-1984	26	0.00086	0.00086	0.5	97722	84	97680	4972918	50.89
1980-1984	27	0.00095	0.00095	0.5	97638	93	97591	4875238	49.93
1980-1984	28	0.00095	0.00095	0.5	97545	93	97499	4777647	48.98
1980-1984	29	0.00089	0.00089	0.5	97452	87	97409	4680148	48.02
1980-1984	30	0.00090	0.00090	0.5	97366	88	97322	4582739	47.07
1980-1984	31	0.00098	0.00098	0.5	97278	96	97230	4485417	46.11
1980-1984	32	0.00100	0.00100	0.5	97183	97	97134	4388186	45.15
1980-1984	33	0.00106	0.00106	0.5	97085	103	97034	4291052	44.20
1980-1984	34	0.00108	0.00108	0.5	96983	105	96930	4194018	43.25
1980-1984	35	0.00114	0.00114	0.5	96878	111	96823	4097088	42.29
1980-1984	36	0.00125	0.00125	0.5	96767	121	96707	4000266	41.34
1980-1984	37	0.00140	0.00140	0.5	96646	135	96579	3903559	40.39
1980-1984	38	0.00153	0.00153	0.5	96511	148	96437	3806980	39.45
1980-1984	39	0.00160	0.00159	0.5	96364	154	96287	3710543	38.51
1980-1984	40	0.00169	0.00169	0.5	96210	163	96129	3614256	37.57
1980-1984	41	0.00205	0.00205	0.5	96047	197	95949	3518127	36.63
1980-1984	42	0.00215	0.00215	0.5	95850	206	95747	3422178	35.70
1980-1984	43	0.00233	0.00233	0.5	95644	223	95533	3326431	34.78
1980-1984	44	0.00269	0.00268	0.5	95421	256	95293	3230898	33.86
1980-1984	45	0.00283	0.00283	0.5	95165	269	95031	3135605	32.95
1980-1984	46	0.00329	0.00328	0.5	94896	311	94740	3040575	32.04
1980-1984	47	0.00362	0.00362	0.5	94585	342	94414	2945834	31.14
1980-1984	48	0.00417	0.00416	0.5	94243	392	94047	2851421	30.26
1980-1984	49	0.00459	0.00458	0.5	93851	430	93636	2757374	29.38
1980-1984	50	0.00468	0.00467	0.5	93421	436	93203	2663738	28.51
1980-1984	51	0.00579	0.00577	0.5	92985	536	92716	2570536	27.64
1980-1984	52	0.00629	0.00627	0.5	92448	579	92158	2477819	26.80
1980-1984	53	0.00684	0.00681	0.5	91869	626	91556	2385661	25.97
1980-1984	54	0.00731	0.00729	0.5	91243	665	90910	2294105	25.14
1980-1984	55	0.00813	0.00809	0.5	90578	733	90211	2203195	24.32
1980-1984	56	0.00885	0.00882	0.5	89845	792	89449	2112983	23.52
1980-1984	57	0.00934	0.00930	0.5	89053	828	88639	2023534	22.72
1980-1984	58	0.01074	0.01068	0.5	88225	942	87753	1934896	21.93
1980-1984	59	0.01177	0.01170	0.5	87282	1021	86772	1847142	21.16
1980-1984	60	0.01245	0.01237	0.5	86261	1067	85728	1760370	20.41
1980-1984	61	0.01351	0.01342	0.5	85194	1143	84623	1674642	19.66
1980-1984	62	0.01588	0.01575	0.5	84051	1324	83389	1590020	18.92
1980-1984	63	0.01660	0.01647	0.5	82727	1362	82046	1506631	18.21
1980-1984	64	0.01787	0.01771	0.5	81365	1441	80644	1424585	17.51
1980-1984	65	0.01915	0.01897	0.5	79924	1516	79166	1343941	16.82
1980-1984	66	0.02136	0.02114	0.5	78408	1657	77579	1264775	16.13
1980-1984	67	0.02347	0.02320	0.5	76750	1781	75860	1187196	15.47
1980-1984	68	0.02522	0.02490	0.5	74970	1867	74036	1111336	14.82
1980-1984	69	0.02762	0.02724	0.5	73103	1992	72107	1037300	14.19
1980-1984	70	0.02997	0.02952	0.5	71111	2099	70061	965193	13.57
1980-1984	71	0.03142	0.03094	0.5	69012	2135	67944	895131	12.97
1980-1984	72	0.03526	0.03465	0.5	66877	2317	65718	827187	12.37
1980-1984	73	0.03862	0.03788	0.5	64559	2446	63336	761469	11.79
1980-1984	74	0.04141	0.04057	0.5	62114	2520	60854	698132	11.24
1980-1984	75	0.04438	0.04341	0.5	59594	2587	58300	637279	10.69
1980-1984	76	0.04887	0.04770	0.5	57006	2719	55647	578979	10.16
1980-1984	77	0.05320	0.05182	0.5	54287	2813	52881	523332	9.64
1980-1984	78	0.05673	0.05517	0.5	51474	2840	50054	470451	9.14
1980-1984	79	0.06335	0.06141	0.5	48634	2986	47141	420397	8.64
1980-1984	80	0.06747	0.06527	0.5	45648	2979	44158	373256	8.18
1980-1984	81	0.07475	0.07206	0.5	42668	3075	41131	329098	7.71
1980-1984	82	0.08221	0.07897	0.5	39594	3127	38030	287967	7.27
1980-1984	83	0.09017	0.08628	0.5	36467	3146	34894	249937	6.85
1980-1984	84	0.09762	0.09308	0.5	33321	3101	31770	215043	6.45
1980-1984	85	0.10739	0.10192	0.5	30219	3080	28679	183273	6.06
1980-1984	86	0.11956	0.11282	0.5	27140	3062	25609	154593	5.70
1980-1984	87	0.13019	0.12224	0.5	24078	2943	22606	128985	5.36
1980-1984	88	0.14218	0.13274	0.5	21135	2805	19732	106379	5.03
1980-1984	89	0.15313	0.14224	0.5	18329	2607	17025	86647	4.73
1980-1984	90	0.16957	0.15632	0.5	15722	2458	14493	69621	4.43
1980-1984	91	0.18381	0.16834	0.5	13264	2233	12148	55128	4.16
1980-1984	92	0.20546	0.18632	0.5	11031	2055	10004	42980	3.90
1980-1984	93	0.21676	0.19557	0.5	8976	1755	8098	32977	3.67
1980-1984	94	0.23558	0.21075	0.5	7221	1522	6460	24878	3.45
1980-1984	95	0.25706	0.22778	0.5	5699	1298	5050	18418	3.23
1980-1984	96	0.27818	0.24421	0.5	4401	1075	3863	13369	3.04
1980-1984	97	0.30041	0.26118	0.5	3326	869	2892	9505	2.86
1980-1984	98	0.32371	0.27862	0.5	2457	685	2115	6613	2.69
1980-1984	99	0.34801	0.29643	0.5	1773	525	1510	4498	2.54
1980-1984	100	0.37321	0.31452	0.5	1247	392	1051	2988	2.40
1980-1984	101	0.39921	0.33278	0.5	855	285	713	1937	2.27
1980-1984	102	0.42586	0.35110	0.5	570	200	470	1225	2.15
1980-1984	103	0.45304	0.36937	0.5	370	137	302	754	2.04
1980-1984	104	0.48057	0.38747	0.5	233	90	188	452	1.94
1980-1984	105	0.50830	0.40529	0.5	143	58	114	264	1.85
1980-1984	106	0.53604	0.42274	0.5	85	36	67	150	1.77
1980-1984	107	0.56363	0.43971	0.5	49	22	38	83	1.70
1980-1984	108	0.59088	0.45612	0.5	28	13	21	45	1.63
1980-1984	109	0.61764	0.47191	0.5	15	7	11	24	1.58
1980-1984	110+	0.64375	1.00000	1.55	8	8	12	12	1.55
1985-1989	0	0.00864	0.00857	0.07	100000	857	99205	7594695	75.95
1985-1989	1	0.00051	0.00051	0.5	99143	51	99118	7495490	75.60
1985-1989	2	0.00041	0.00041	0.5	99092	41	99072	7396372	74.64
1985-1989	3	0.00030	0.00030	0.5	99051	30	99036	7297301	73.67
1985-1989	4	0.00026	0.00026	0.5	99021	25	99008	7198265	72.69
1985-1989	5	0.00023	0.00023	0.5	98996	23	98984	7099256	71.71
1985-1989	6	0.00020	0.00020	0.5	98973	20	98963	7000272	70.73
1985-1989	7	0.00020	0.00020	0.5	98953	19	98944	6901309	69.74
1985-1989	8	0.00018	0.00018	0.5	98934	17	98925	6802365	68.76
1985-1989	9	0.00018	0.00018	0.5	98916	17	98908	6703440	67.77
1985-1989	10	0.00017	0.00017	0.5	98899	17	98891	6604533	66.78
1985-1989	11	0.00019	0.00019	0.5	98882	19	98873	6505642	65.79
1985-1989	12	0.00017	0.00017	0.5	98863	17	98855	6406769	64.80
1985-1989	13	0.00021	0.00021	0.5	98846	21	98836	6307915	63.82
1985-1989	14	0.00028	0.00028	0.5	98825	28	98811	6209079	62.83
1985-1989	15	0.00044	0.00044	0.5	98797	43	98776	6110268	61.85
1985-1989	16	0.00057	0.00057	0.5	98754	56	98726	6011492	60.87
1985-1989	17	0.00068	0.00068	0.5	98698	67	98664	5912766	59.91
1985-1989	18	0.00080	0.00080	0.5	98630	79	98591	5814102	58.95
1985-1989	19	0.00081	0.00081	0.5	98551	80	98511	5715512	58.00
1985-1989	20	0.00080	0.00080	0.5	98471	78	98432	5617000	57.04
1985-1989	21	0.00084	0.00083	0.5	98393	82	98352	5518568	56.09
1985-1989	22	0.00086	0.00086	0.5	98311	84	98269	5420216	55.13
1985-1989	23	0.00084	0.00083	0.5	98227	82	98186	5321947	54.18
1985-1989	24	0.00083	0.00083	0.5	98145	82	98104	5223762	53.23
1985-1989	25	0.00089	0.00088	0.5	98063	87	98019	5125658	52.27
1985-1989	26	0.00093	0.00093	0.5	97976	91	97930	5027638	51.31
1985-1989	27	0.00091	0.00090	0.5	97885	89	97840	4929708	50.36
1985-1989	28	0.00098	0.00098	0.5	97796	96	97748	4831868	49.41
1985-1989	29	0.00097	0.00097	0.5	97700	94	97653	4734120	48.46
1985-1989	30	0.00104	0.00104	0.5	97606	102	97555	4636467	47.50
1985-1989	31	0.00111	0.00111	0.5	97504	108	97450	4538912	46.55
1985-1989	32	0.00117	0.00116	0.5	97396	113	97339	4441462	45.60
1985-1989	33	0.00118	0.00118	0.5	97283	115	97225	4344123	44.65
1985-1989	34	0.00124	0.00124	0.5	97168	121	97108	4246897	43.71
1985-1989	35	0.00129	0.00129	0.5	97047	125	96985	4149790	42.76
1985-1989	36	0.00139	0.00139	0.5	96922	134	96855	4052805	41.82
1985-1989	37	0.00145	0.00145	0.5	96787	141	96717	3955951	40.87
1985-1989	38	0.00162	0.00162	0.5	96647	156	96569	3859234	39.93
1985-1989	39	0.00156	0.00156	0.5	96491	150	96416	3762665	39.00
1985-1989	40	0.00173	0.00173	0.5	96341	167	96257	3666249	38.06
1985-1989	41	0.00194	0.00194	0.5	96174	187	96081	3569992	37.12
1985-1989	42	0.00216	0.00216	0.5	95987	207	95884	3473911	36.19
1985-1989	43	0.00222	0.00222	0.5	95780	213	95674	3378028	35.27
1985-1989	44	0.00245	0.00244	0.5	95567	233	95451	3282354	34.35
1985-1989	45	0.00279	0.00278	0.5	95334	265	95201	3186903	33.43
1985-1989	46	0.00284	0.00283	0.5	95069	269	94934	3091702	32.52
1985-1989	47	0.00337	0.00337	0.5	94799	319	94640	2996768	31.61
1985-1989	48	0.00390	0.00389	0.5	94480	368	94296	2902129	30.72
1985-1989	49	0.00401	0.00400	0.5	94112	377	93924	2807833	29.84
1985-1989	50	0.00452	0.00451	0.5	93735	423	93524	2713909	28.95
1985-1989	51	0.00508	0.00507	0.5	93313	473	93076	2620385	28.08
1985-1989	52	0.00559	0.00557	0.5	92840	517	92581	2527309	27.22
1985-1989	53	0.00616	0.00614	0.5	92322	567	92039	2434728	26.37
1985-1989	54	0.00664	0.00662	0.5	91756	607	91452	2342689	25.53
1985-1989	55	0.00739	0.00736	0.5	91148	671	90813	2251237	24.70
1985-1989	56	0.00796	0.00793	0.5	90478	717	90119	2160424	23.88
1985-1989	57	0.00872	0.00869	0.5	89760	780	89371	2070305	23.06
1985-1989	58	0.01026	0.01021	0.5	88981	908	88527	1980935	22.26
1985-1989	59	0.01079	0.01073	0.5	88073	945	87600	1892408	21.49
1985-1989	60	0.01199	0.01192	0.5	87127	1038	86608	1804808	20.71
1985-1989	61	0.01303	0.01295	0.5	86089	1115	85532	1718200	19.96
1985-1989	62	0.01459	0.01448	0.5	84974	1230	84359	1632668	19.21
1985-1989	63	0.01582	0.01569	0.5	83744	1314	83087	1548309	18.49
1985-1989	64	0.01687	0.01673	0.5	82430	1379	81740	1465222	17.78
1985-1989	65	0.01851	0.01834	0.5	81051	1486	80307	1383482	17.07
1985-1989	66	0.02000	0.01980	0.5	79564	1575	78777	1303175	16.38
1985-1989	67	0.02168	0.02145	0.5	77989	1673	77153	1224398	15.70
1985-1989	68	0.02390	0.02362	0.5	76316	1803	75415	1147245	15.03
1985-1989	69	0.02606	0.02573	0.5	74514	1917	73555	1071830	14.38
1985-1989	70	0.02846	0.02806	0.5	72597	2037	71578	998275	13.75
1985-1989	71	0.03162	0.03113	0.5	70560	2196	69461	926697	13.13
1985-1989	72	0.03512	0.03452	0.5	68363	2360	67183	857235	12.54
1985-1989	73	0.03673	0.03607	0.5	66003	2381	64813	790052	11.97
1985-1989	74	0.03976	0.03898	0.5	63623	2480	62383	725239	11.40
1985-1989	75	0.04289	0.04199	0.5	61143	2568	59859	662856	10.84
1985-1989	76	0.04665	0.04559	0.5	58575	2670	57240	602997	10.29
1985-1989	77	0.05083	0.04957	0.5	55905	2771	54519	545757	9.76
1985-1989	78	0.05514	0.05366	0.5	53134	2851	51708	491238	9.25
1985-1989	79	0.06077	0.05898	0.5	50283	2966	48800	439530	8.74
1985-1989	80	0.06597	0.06387	0.5	47317	3022	45806	390730	8.26
1985-1989	81	0.07283	0.07027	0.5	44295	3113	42739	344924	7.79
1985-1989	82	0.08021	0.07712	0.5	41183	3176	39595	302185	7.34
1985-1989	83	0.08703	0.08340	0.5	38007	3170	36422	262590	6.91
1985-1989	84	0.09625	0.09183	0.5	34837	3199	33237	226169	6.49
1985-1989	85	0.10585	0.10053	0.5	31638	3181	30048	192931	6.10
1985-1989	86	0.11518	0.10891	0.5	28457	3099	26908	162884	5.72
1985-1989	87	0.12949	0.12162	0.5	25358	3084	23816	135976	5.36
1985-1989	88	0.13748	0.12864	0.5	22274	2865	20841	112160	5.04
1985-1989	89	0.15334	0.14242	0.5	19409	2764	18027	91318	4.70
1985-1989	90	0.17106	0.15758	0.5	16645	2623	15333	73292	4.40
1985-1989	91	0.18262	0.16734	0.5	14022	2346	12849	57958	4.13
1985-1989	92	0.20246	0.18385	0.5	11675	2146	10602	45110	3.86
1985-1989	93	0.22154	0.19945	0.5	9529	1901	8579	34508	3.62
1985-1989	94	0.23472	0.21007	0.5	7628	1603	6827	25929	3.40
1985-1989	95	0.26195	0.23162	0.5	6026	1396	5328	19102	3.17
1985-1989	96	0.28412	0.24878	0.5	4630	1152	4054	13774	2.97
1985-1989	97	0.30747	0.26650	0.5	3478	927	3015	9719	2.79
1985-1989	98	0.33194	0.28469	0.5	2551	726	2188	6705	2.63
1985-1989	99	0.35743	0.30324	0.5	1825	553	1548	4516	2.47
1985-1989	100	0.38385	0.32204	0.5	1272	410	1067	2968	2.33
1985-1989	101	0.41106	0.34098	0.5	862	294	715	1901	2.21
1985-1989	102	0.43890	0.35992	0.5	568	204	466	1186	2.09
1985-1989	103	0.46722	0.37874	0.5	364	138	295	720	1.98
1985-1989	104	0.49582	0.39732	0.5	226	90	181	425	1.88
1985-1989	105	0.52453	0.41555	0.5	136	57	108	244	1.80
1985-1989	106	0.55314	0.43330	0.5	80	34	62	137	1.72
1985-1989	107	0.58147	0.45049	0.5	45	20	35	74	1.65
1985-1989	108	0.60932	0.46703	0.5	25	12	19	39	1.59
1985-1989	109	0.63653	0.48286	0.5	13	6	10	20	1.54
1985-1989	110+	0.66295	1.00000	1.51	7	7	10	10	1.51
1990-1994	0	0.00695	0.00691	0.07	100000	691	99356	7702272	77.02
1990-1994	1	0.00048	0.00048	0.5	99309	48	99285	7602916	76.56
1990-1994	2	0.00032	0.00032	0.5	99262	32	99246	7503630	75.59
1990-1994	3	0.00023	0.00023	0.5	99230	23	99218	7404384	74.62
1990-1994	4	0.00018	0.00018	0.5	99207	18	99198	7305166	73.64
1990-1994	5	0.00016	0.00016	0.5	99189	16	99181	7205969	72.65
1990-1994	6	0.00015	0.00015	0.5	99173	15	99165	7106788	71.66
1990-1994	7	0.00017	0.00017	0.5	99158	17	99149	7007623	70.67
1990-1994	8	0.00013	0.00013	0.5	99141	13	99134	6908473	69.68
1990-1994	9	0.00012	0.00012	0.5	99127	12	99121	6809339	68.69
1990-1994	10	0.00012	0.00012	0.5	99115	12	99109	6710218	67.70
1990-1994	11	0.00016	0.00016	0.5	99103	16	99096	6611109	66.71
1990-1994	12	0.00017	0.00017	0.5	99088	17	99079	6512013	65.72
1990-1994	13	0.00021	0.00021	0.5	99071	20	99061	6412934	64.73
1990-1994	14	0.00031	0.00031	0.5	99051	30	99036	6313873	63.74
1990-1994	15	0.00038	0.00038	0.5	99020	37	99002	6214837	62.76
1990-1994	16	0.00054	0.00054	0.5	98983	53	98957	6115835	61.79
1990-1994	17	0.00067	0.00067	0.5	98930	66	98897	6016879	60.82
1990-1994	18	0.00075	0.00075	0.5	98864	74	98827	5917982	59.86
1990-1994	19	0.00070	0.00070	0.5	98790	69	98756	5819155	58.90
1990-1994	20	0.00065	0.00065	0.5	98721	64	98689	5720399	57.94
1990-1994	21	0.00073	0.00073	0.5	98657	72	98621	5621709	56.98
1990-1994	22	0.00073	0.00073	0.5	98586	72	98549	5523088	56.02
1990-1994	23	0.00073	0.00073	0.5	98513	72	98477	5424538	55.06
1990-1994	24	0.00074	0.00074	0.5	98441	73	98404	5326061	54.10
1990-1994	25	0.00074	0.00074	0.5	98368	73	98332	5227657	53.14
1990-1994	26	0.00083	0.00083	0.5	98295	82	98254	5129325	52.18
1990-1994	27	0.00086	0.00086	0.5	98214	84	98172	5031071	51.23
1990-1994	28	0.00096	0.00096	0.5	98130	95	98082	4932900	50.27
1990-1994	29	0.00096	0.00096	0.5	98035	94	97988	4834817	49.32
1990-1994	30	0.00109	0.00109	0.5	97941	107	97887	4736829	48.36
1990-1994	31	0.00119	0.00119	0.5	97834	117	97775	4638942	47.42
1990-1994	32	0.00121	0.00121	0.5	97717	118	97658	4541167	46.47
1990-1994	33	0.00124	0.00124	0.5	97599	121	97539	4443508	45.53
1990-1994	34	0.00138	0.00138	0.5	97478	135	97411	4345970	44.58
1990-1994	35	0.00145	0.00144	0.5	97344	141	97273	4248559	43.64
1990-1994	36	0.00157	0.00157	0.5	97203	152	97127	4151285	42.71
1990-1994	37	0.00162	0.00162	0.5	97051	157	96972	4054158	41.77
1990-1994	38	0.00174	0.00174	0.5	96893	169	96809	3957186	40.84
1990-1994	39	0.00177	0.00177	0.5	96725	172	96639	3860377	39.91
1990-1994	40	0.00184	0.00183	0.5	96553	177	96465	3763739	38.98
1990-1994	41	0.00212	0.00211	0.5	96376	204	96274	3667274	38.05
1990-1994	42	0.00214	0.00214	0.5	96172	206	96069	3571000	37.13
1990-1994	43	0.00231	0.00231	0.5	95967	221	95856	3474930	36.21
1990-1994	44	0.00233	0.00233	0.5	95745	223	95634	3379074	35.29
1990-1994	45	0.00269	0.00268	0.5	95523	256	95395	3283441	34.37
1990-1994	46	0.00286	0.00286	0.5	95266	272	95130	3188046	33.46
1990-1994	47	0.00304	0.00303	0.5	94994	288	94850	3092916	32.56
1990-1994	48	0.00343	0.00342	0.5	94706	324	94544	2998066	31.66
1990-1994	49	0.00368	0.00367	0.5	94382	347	94209	2903522	30.76
1990-1994	50	0.00404	0.00403	0.5	94035	379	93846	2809313	29.88
1990-1994	51	0.00452	0.00451	0.5	93656	422	93445	2715467	28.99
1990-1994	52	0.00487	0.00485	0.5	93234	453	93008	2622022	28.12
1990-1994	53	0.00548	0.00546	0.5	92782	507	92528	2529014	27.26
1990-1994	54	0.00576	0.00575	0.5	92275	530	92010	2436486	26.40
1990-1994	55	0.00653	0.00651	0.5	91745	597	91446	2344476	25.55
1990-1994	56	0.00733	0.00731	0.5	91147	666	90814	2253030	24.72
1990-1994	57	0.00784	0.00781	0.5	90482	707	90128	2162215	23.90
1990-1994	58	0.00928	0.00924	0.5	89775	829	89360	2072087	23.08
1990-1994	59	0.00963	0.00958	0.5	88945	852	88519	1982727	22.29
1990-1994	60	0.01075	0.01070	0.5	88093	942	87622	1894208	21.50
1990-1994	61	0.01189	0.01182	0.5	87151	1030	86636	1806586	20.73
1990-1994	62	0.01321	0.01313	0.5	86121	1131	85556	1719950	19.97
1990-1994	63	0.01436	0.01426	0.5	84990	1212	84384	1634395	19.23
1990-1994	64	0.01528	0.01517	0.5	83779	1271	83143	1550010	18.50
1990-1994	65	0.01641	0.01627	0.5	82508	1343	81837	1466867	17.78
1990-1994	66	0.01845	0.01829	0.5	81165	1484	80423	1385030	17.06
1990-1994	67	0.01959	0.01940	0.5	79681	1546	78908	1304607	16.37
1990-1994	68	0.02220	0.02196	0.5	78135	1716	77278	1225699	15.69
1990-1994	69	0.02360	0.02333	0.5	76420	1783	75528	1148421	15.03
1990-1994	70	0.02533	0.02502	0.5	74637	1867	73703	1072893	14.37
1990-1994	71	0.02783	0.02744	0.5	72770	1997	71771	999190	13.73
1990-1994	72	0.03034	0.02989	0.5	70772	2115	69715	927419	13.10
1990-1994	73	0.03334	0.03279	0.5	68657	2251	67532	857704	12.49
1990-1994	74	0.03655	0.03589	0.5	66406	2383	65214	790172	11.90
1990-1994	75	0.03880	0.03806	0.5	64023	2437	62804	724958	11.32
1990-1994	76	0.04305	0.04215	0.5	61586	2596	60288	662154	10.75
1990-1994	77	0.04702	0.04594	0.5	58990	2710	57635	601865	10.20
1990-1994	78	0.04987	0.04865	0.5	56280	2738	54911	544230	9.67
1990-1994	79	0.05529	0.05380	0.5	53542	2881	52102	489319	9.14
1990-1994	80	0.06175	0.05990	0.5	50661	3034	49144	437217	8.63
1990-1994	81	0.06609	0.06398	0.5	47627	3047	46104	388073	8.15
1990-1994	82	0.07378	0.07116	0.5	44580	3172	42994	341970	7.67
1990-1994	83	0.08111	0.07795	0.5	41408	3228	39794	298976	7.22
1990-1994	84	0.08793	0.08423	0.5	38180	3216	36572	259182	6.79
1990-1994	85	0.09890	0.09424	0.5	34964	3295	33317	222609	6.37
1990-1994	86	0.10822	0.10267	0.5	31669	3251	30044	189292	5.98
1990-1994	87	0.11760	0.11107	0.5	28418	3156	26840	159249	5.60
1990-1994	88	0.12993	0.12200	0.5	25262	3082	23721	132409	5.24
1990-1994	89	0.14396	0.13429	0.5	22180	2979	20690	108688	4.90
1990-1994	90	0.15860	0.14695	0.5	19201	2822	17790	87998	4.58
1990-1994	91	0.17484	0.16078	0.5	16379	2634	15063	70208	4.29
1990-1994	92	0.18943	0.17304	0.5	13746	2379	12557	55145	4.01
1990-1994	93	0.21110	0.19095	0.5	11367	2171	10282	42589	3.75
1990-1994	94	0.22906	0.20552	0.5	9197	1890	8252	32307	3.51
1990-1994	95	0.24844	0.22099	0.5	7307	1615	6499	24055	3.29
1990-1994	96	0.27033	0.23814	0.5	5692	1355	5014	17556	3.08
1990-1994	97	0.29349	0.25593	0.5	4336	1110	3782	12542	2.89
1990-1994	98	0.31784	0.27426	0.5	3227	885	2784	8760	2.71
1990-1994	99	0.34332	0.29302	0.5	2342	686	1999	5976	2.55
1990-1994	100	0.36981	0.31210	0.5	1656	517	1397	3977	2.40
1990-1994	101	0.39719	0.33138	0.5	1139	377	950	2580	2.27
1990-1994	102	0.42532	0.35073	0.5	761	267	628	1630	2.14
1990-1994	103	0.45401	0.37002	0.5	494	183	403	1002	2.03
1990-1994	104	0.48309	0.38910	0.5	311	121	251	599	1.92
1990-1994	105	0.51235	0.40787	0.5	190	78	151	348	1.83
1990-1994	106	0.54159	0.42618	0.5	113	48	89	197	1.75
1990-1994	107	0.57061	0.44395	0.5	65	29	50	108	1.67
1990-1994	108	0.59921	0.46107	0.5	36	17	28	58	1.61
1990-1994	109	0.62719	0.47746	0.5	19	9	15	30	1.56
1990-1994	110+	0.65440	1.00000	1.53	10	10	15	15	1.53
1995-1999	0	0.00582	0.00579	0.06	100000	579	99459	7783506	77.84
1995-1999	1	0.00038	0.00038	0.5	99421	38	99402	7684048	77.29
1995-1999	2	0.00025	0.00025	0.5	99383	25	99371	7584645	76.32
1995-1999	3	0.00018	0.00018	0.5	99358	18	99349	7485274	75.34
1995-1999	4	0.00016	0.00016	0.5	99340	16	99332	7385925	74.35
1995-1999	5	0.00013	0.00013	0.5	99324	13	99318	7286593	73.36
1995-1999	6	0.00012	0.00012	0.5	99311	12	99305	7187275	72.37
1995-1999	7	0.00012	0.00012	0.5	99299	12	99293	7087970	71.38
1995-1999	8	0.00012	0.00012	0.5	99287	12	99281	6988677	70.39
1995-1999	9	0.00009	0.00009	0.5	99275	9	99271	6889396	69.40
1995-1999	10	0.00014	0.00014	0.5	99266	14	99259	6790125	68.40
1995-1999	11	0.00014	0.00014	0.5	99253	14	99246	6690866	67.41
1995-1999	12	0.00016	0.00016	0.5	99239	16	99231	6591620	66.42
1995-1999	13	0.00018	0.00018	0.5	99223	18	99214	6492389	65.43
1995-1999	14	0.00022	0.00022	0.5	99205	22	99194	6393176	64.44
1995-1999	15	0.00027	0.00027	0.5	99183	27	99169	6293982	63.46
1995-1999	16	0.00045	0.00045	0.5	99156	45	99134	6194813	62.48
1995-1999	17	0.00056	0.00056	0.5	99111	55	99084	6095679	61.50
1995-1999	18	0.00062	0.00062	0.5	99056	62	99025	5996596	60.54
1995-1999	19	0.00065	0.00065	0.5	98994	64	98962	5897570	59.57
1995-1999	20	0.00063	0.00063	0.5	98930	62	98899	5798608	58.61
1995-1999	21	0.00071	0.00071	0.5	98868	70	98833	5699709	57.65
1995-1999	22	0.00072	0.00072	0.5	98798	71	98762	5600876	56.69
1995-1999	23	0.00073	0.00072	0.5	98727	72	98691	5502114	55.73
1995-1999	24	0.00067	0.00067	0.5	98655	66	98622	5403423	54.77
1995-1999	25	0.00065	0.00065	0.5	98589	64	98557	5304801	53.81
1995-1999	26	0.00063	0.00063	0.5	98525	62	98494	5206243	52.84
1995-1999	27	0.00068	0.00068	0.5	98463	67	98430	5107749	51.87
1995-1999	28	0.00077	0.00077	0.5	98396	76	98358	5009320	50.91
1995-1999	29	0.00079	0.00079	0.5	98320	77	98282	4910961	49.95
1995-1999	30	0.00084	0.00084	0.5	98243	82	98202	4812680	48.99
1995-1999	31	0.00097	0.00097	0.5	98161	96	98113	4714477	48.03
1995-1999	32	0.00105	0.00105	0.5	98066	103	98014	4616364	47.07
1995-1999	33	0.00107	0.00107	0.5	97963	105	97910	4518350	46.12
1995-1999	34	0.00117	0.00117	0.5	97858	115	97800	4420440	45.17
1995-1999	35	0.00122	0.00122	0.5	97743	119	97683	4322640	44.22
1995-1999	36	0.00131	0.00131	0.5	97624	128	97560	4224957	43.28
1995-1999	37	0.00136	0.00136	0.5	97496	132	97430	4127397	42.33
1995-1999	38	0.00152	0.00152	0.5	97363	148	97289	4029967	41.39
1995-1999	39	0.00157	0.00157	0.5	97215	152	97139	3932678	40.45
1995-1999	40	0.00172	0.00171	0.5	97063	166	96980	3835539	39.52
1995-1999	41	0.00187	0.00187	0.5	96896	181	96806	3738560	38.58
1995-1999	42	0.00198	0.00198	0.5	96715	191	96620	3641754	37.65
1995-1999	43	0.00203	0.00203	0.5	96524	196	96426	3545134	36.73
1995-1999	44	0.00229	0.00229	0.5	96328	221	96218	3448708	35.80
1995-1999	45	0.00246	0.00246	0.5	96107	236	95989	3352490	34.88
1995-1999	46	0.00269	0.00268	0.5	95871	257	95743	3256501	33.97
1995-1999	47	0.00296	0.00296	0.5	95614	283	95473	3160758	33.06
1995-1999	48	0.00314	0.00314	0.5	95331	299	95182	3065286	32.15
1995-1999	49	0.00326	0.00326	0.5	95032	310	94878	2970104	31.25
1995-1999	50	0.00349	0.00349	0.5	94723	330	94558	2875226	30.35
1995-1999	51	0.00400	0.00399	0.5	94393	377	94204	2780669	29.46
1995-1999	52	0.00451	0.00450	0.5	94016	423	93805	2686464	28.57
1995-1999	53	0.00498	0.00497	0.5	93593	465	93361	2592660	27.70
1995-1999	54	0.00535	0.00534	0.5	93128	497	92880	2499299	26.84
1995-1999	55	0.00589	0.00587	0.5	92631	544	92359	2406419	25.98
1995-1999	56	0.00651	0.00649	0.5	92087	598	91788	2314060	25.13
1995-1999	57	0.00701	0.00699	0.5	91489	639	91170	2222271	24.29
1995-1999	58	0.00811	0.00808	0.5	90850	734	90483	2131102	23.46
1995-1999	59	0.00870	0.00866	0.5	90116	781	89726	2040618	22.64
1995-1999	60	0.00942	0.00937	0.5	89336	837	88917	1950892	21.84
1995-1999	61	0.01089	0.01084	0.5	88499	959	88019	1861975	21.04
1995-1999	62	0.01176	0.01169	0.5	87540	1023	87028	1773956	20.26
1995-1999	63	0.01306	0.01298	0.5	86516	1123	85955	1686928	19.50
1995-1999	64	0.01395	0.01385	0.5	85394	1183	84802	1600973	18.75
1995-1999	65	0.01555	0.01543	0.5	84211	1299	83561	1516171	18.00
1995-1999	66	0.01685	0.01670	0.5	82911	1385	82219	1432610	17.28
1995-1999	67	0.01789	0.01773	0.5	81526	1446	80803	1350391	16.56
1995-1999	68	0.02051	0.02030	0.5	80081	1626	79268	1269587	15.85
1995-1999	69	0.02214	0.02190	0.5	78455	1718	77596	1190320	15.17
1995-1999	70	0.02392	0.02364	0.5	76737	1814	75830	1112724	14.50
1995-1999	71	0.02664	0.02629	0.5	74923	1970	73938	1036894	13.84
1995-1999	72	0.02888	0.02847	0.5	72953	2077	71915	962956	13.20
1995-1999	73	0.03084	0.03037	0.5	70876	2152	69800	891041	12.57
1995-1999	74	0.03373	0.03317	0.5	68724	2280	67584	821241	11.95
1995-1999	75	0.03643	0.03577	0.5	66444	2377	65256	753657	11.34
1995-1999	76	0.04007	0.03928	0.5	64067	2516	62809	688401	10.74
1995-1999	77	0.04475	0.04377	0.5	61551	2694	60204	625592	10.16
1995-1999	78	0.04949	0.04829	0.5	58857	2842	57435	565389	9.61
1995-1999	79	0.05479	0.05333	0.5	56014	2987	54521	507953	9.07
1995-1999	80	0.05971	0.05798	0.5	53027	3074	51490	453433	8.55
1995-1999	81	0.06641	0.06428	0.5	49953	3211	48347	401943	8.05
1995-1999	82	0.07418	0.07153	0.5	46742	3343	45070	353595	7.56
1995-1999	83	0.08095	0.07780	0.5	43399	3376	41710	308525	7.11
1995-1999	84	0.08978	0.08592	0.5	40022	3439	38303	266815	6.67
1995-1999	85	0.09884	0.09419	0.5	36583	3446	34861	228512	6.25
1995-1999	86	0.11054	0.10475	0.5	33138	3471	31402	193651	5.84
1995-1999	87	0.11946	0.11273	0.5	29666	3344	27994	162249	5.47
1995-1999	88	0.13255	0.12431	0.5	26322	3272	24686	134255	5.10
1995-1999	89	0.14604	0.13610	0.5	23050	3137	21482	109569	4.75
1995-1999	90	0.16263	0.15040	0.5	19913	2995	18415	88087	4.42
1995-1999	91	0.18005	0.16518	0.5	16918	2794	15521	69672	4.12
1995-1999	92	0.19874	0.18078	0.5	14124	2553	12847	54151	3.83
1995-1999	93	0.22307	0.20068	0.5	11570	2322	10409	41304	3.57
1995-1999	94	0.24128	0.21530	0.5	9248	1991	8253	30895	3.34
1995-1999	95	0.26389	0.23313	0.5	7257	1692	6411	22642	3.12
1995-1999	96	0.28799	0.25174	0.5	5565	1401	4865	16231	2.92
1995-1999	97	0.31342	0.27096	0.5	4164	1128	3600	11366	2.73
1995-1999	98	0.34009	0.29067	0.5	3036	882	2595	7766	2.56
1995-1999	99	0.36790	0.31074	0.5	2154	669	1819	5171	2.40
1995-1999	100	0.39668	0.33102	0.5	1484	491	1239	3352	2.26
1995-1999	101	0.42626	0.35137	0.5	993	349	819	2113	2.13
1995-1999	102	0.45646	0.37164	0.5	644	239	524	1295	2.01
1995-1999	103	0.48705	0.39167	0.5	405	159	325	771	1.90
1995-1999	104	0.51780	0.41131	0.5	246	101	196	445	1.81
1995-1999	105	0.54847	0.43043	0.5	145	62	114	249	1.72
1995-1999	106	0.57885	0.44892	0.5	83	37	64	136	1.64
1995-1999	107	0.60869	0.46666	0.5	45	21	35	72	1.58
1995-1999	108	0.63778	0.48357	0.5	24	12	18	37	1.52
1995-1999	109	0.66595	0.49960	0.5	13	6	9	18	1.47
1995-1999	110+	0.69302	1.00000	1.44	6	6	9	9	1.44
2000-2004	0	0.00537	0.00535	0.06	100000	535	99499	7851118	78.51
2000-2004	1	0.00031	0.00031	0.5	99465	31	99450	7751618	77.93
2000-2004	2	0.00022	0.00022	0.5	99434	22	99423	7652169	76.96
2000-2004	3	0.00016	0.00016	0.5	99412	16	99405	7552745	75.97
2000-2004	4	0.00013	0.00013	0.5	99397	13	99390	7453340	74.99
2000-2004	5	0.00013	0.00013	0.5	99383	13	99377	7353950	74.00
2000-2004	6	0.00011	0.00011	0.5	99370	11	99365	7254573	73.01
2000-2004	7	0.00011	0.00011	0.5	99359	11	99354	7155209	72.01
2000-2004	8	0.00010	0.00010	0.5	99348	10	99343	7055855	71.02
2000-2004	9	0.00010	0.00010	0.5	99338	10	99333	6956512	70.03
2000-2004	10	0.00011	0.00011	0.5	99328	11	99322	6857179	69.04
2000-2004	11	0.00010	0.00010	0.5	99317	10	99312	6757856	68.04
2000-2004	12	0.00014	0.00014	0.5	99307	14	99300	6658544	67.05
2000-2004	13	0.00014	0.00014	0.5	99293	14	99286	6559245	66.06
2000-2004	14	0.00018	0.00018	0.5	99279	17	99270	6459959	65.07
2000-2004	15	0.00024	0.00024	0.5	99261	24	99249	6360688	64.08
2000-2004	16	0.00039	0.00039	0.5	99237	39	99218	6261439	63.10
2000-2004	17	0.00051	0.00051	0.5	99198	50	99173	6162221	62.12
2000-2004	18	0.00057	0.00057	0.5	99148	57	99120	6063048	61.15
2000-2004	19	0.00061	0.00061	0.5	99091	60	99061	5963928	60.19
2000-2004	20	0.00064	0.00064	0.5	99031	64	99000	5864867	59.22
2000-2004	21	0.00077	0.00077	0.5	98968	76	98930	5765867	58.26
2000-2004	22	0.00076	0.00076	0.5	98892	75	98854	5666938	57.30
2000-2004	23	0.00077	0.00077	0.5	98817	76	98778	5568084	56.35
2000-2004	24	0.00075	0.00075	0.5	98740	74	98703	5469305	55.39
2000-2004	25	0.00070	0.00070	0.5	98666	70	98631	5370602	54.43
2000-2004	26	0.00075	0.00075	0.5	98596	74	98560	5271971	53.47
2000-2004	27	0.00075	0.00075	0.5	98523	74	98486	5173411	52.51
2000-2004	28	0.00074	0.00074	0.5	98449	73	98413	5074925	51.55
2000-2004	29	0.00080	0.00080	0.5	98376	79	98336	4976512	50.59
2000-2004	30	0.00080	0.00080	0.5	98297	78	98258	4878176	49.63
2000-2004	31	0.00081	0.00081	0.5	98219	80	98179	4779918	48.67
2000-2004	32	0.00085	0.00085	0.5	98139	83	98098	4681739	47.71
2000-2004	33	0.00093	0.00093	0.5	98056	91	98010	4583642	46.75
2000-2004	34	0.00093	0.00093	0.5	97965	91	97920	4485631	45.79
2000-2004	35	0.00110	0.00110	0.5	97874	107	97821	4387712	44.83
2000-2004	36	0.00121	0.00121	0.5	97767	118	97708	4289891	43.88
2000-2004	37	0.00132	0.00132	0.5	97649	129	97585	4192183	42.93
2000-2004	38	0.00145	0.00145	0.5	97521	141	97450	4094598	41.99
2000-2004	39	0.00152	0.00152	0.5	97379	148	97306	3997148	41.05
2000-2004	40	0.00167	0.00167	0.5	97232	162	97151	3899843	40.11
2000-2004	41	0.00176	0.00176	0.5	97069	171	96984	3802692	39.17
2000-2004	42	0.00195	0.00195	0.5	96898	189	96804	3705708	38.24
2000-2004	43	0.00211	0.00211	0.5	96710	204	96608	3608904	37.32
2000-2004	44	0.00238	0.00238	0.5	96505	229	96391	3512297	36.39
2000-2004	45	0.00237	0.00236	0.5	96276	228	96162	3415906	35.48
2000-2004	46	0.00270	0.00270	0.5	96048	259	95919	3319744	34.56
2000-2004	47	0.00293	0.00292	0.5	95789	280	95650	3223825	33.66
2000-2004	48	0.00324	0.00323	0.5	95510	309	95355	3128175	32.75
2000-2004	49	0.00337	0.00336	0.5	95201	320	95041	3032820	31.86
2000-2004	50	0.00359	0.00358	0.5	94881	340	94711	2937779	30.96
2000-2004	51	0.00383	0.00382	0.5	94541	362	94360	2843069	30.07
2000-2004	52	0.00404	0.00403	0.5	94179	380	93989	2748709	29.19
2000-2004	53	0.00459	0.00458	0.5	93800	429	93585	2654719	28.30
2000-2004	54	0.00491	0.00489	0.5	93370	457	93142	2561134	27.43
2000-2004	55	0.00531	0.00530	0.5	92913	492	92667	2467993	26.56
2000-2004	56	0.00570	0.00568	0.5	92421	525	92158	2375326	25.70
2000-2004	57	0.00659	0.00657	0.5	91896	604	91594	2283167	24.85
2000-2004	58	0.00731	0.00728	0.5	91292	665	90960	2191573	24.01
2000-2004	59	0.00802	0.00799	0.5	90627	724	90265	2100614	23.18
2000-2004	60	0.00866	0.00863	0.5	89904	776	89516	2010348	22.36
2000-2004	61	0.00954	0.00949	0.5	89128	846	88705	1920833	21.55
2000-2004	62	0.01025	0.01020	0.5	88282	900	87832	1832128	20.75
2000-2004	63	0.01150	0.01143	0.5	87382	999	86882	1744296	19.96
2000-2004	64	0.01256	0.01248	0.5	86382	1078	85843	1657414	19.19
2000-2004	65	0.01386	0.01376	0.5	85304	1174	84717	1571570	18.42
2000-2004	66	0.01487	0.01476	0.5	84130	1242	83509	1486853	17.67
2000-2004	67	0.01640	0.01627	0.5	82888	1348	82214	1403344	16.93
2000-2004	68	0.01822	0.01805	0.5	81540	1472	80804	1321130	16.20
2000-2004	69	0.02003	0.01984	0.5	80068	1588	79274	1240326	15.49
2000-2004	70	0.02188	0.02164	0.5	78480	1698	77631	1161052	14.79
2000-2004	71	0.02406	0.02378	0.5	76781	1826	75869	1083421	14.11
2000-2004	72	0.02653	0.02619	0.5	74956	1963	73974	1007553	13.44
2000-2004	73	0.02877	0.02837	0.5	72993	2071	71958	933578	12.79
2000-2004	74	0.03142	0.03093	0.5	70922	2194	69825	861621	12.15
2000-2004	75	0.03533	0.03472	0.5	68728	2386	67535	791795	11.52
2000-2004	76	0.03786	0.03716	0.5	66342	2465	65110	724260	10.92
2000-2004	77	0.04167	0.04082	0.5	63877	2608	62573	659150	10.32
2000-2004	78	0.04568	0.04466	0.5	61269	2736	59901	596577	9.74
2000-2004	79	0.05014	0.04891	0.5	58533	2863	57101	536676	9.17
2000-2004	80	0.05689	0.05531	0.5	55670	3079	54130	479574	8.61
2000-2004	81	0.06290	0.06098	0.5	52591	3207	50987	425444	8.09
2000-2004	82	0.06971	0.06736	0.5	49384	3327	47720	374457	7.58
2000-2004	83	0.07878	0.07579	0.5	46057	3491	44311	326737	7.09
2000-2004	84	0.08776	0.08407	0.5	42566	3579	40777	282425	6.63
2000-2004	85	0.09669	0.09223	0.5	38988	3596	37190	241648	6.20
2000-2004	86	0.10977	0.10406	0.5	35392	3683	33550	204459	5.78
2000-2004	87	0.12148	0.11452	0.5	31709	3631	29893	170909	5.39
2000-2004	88	0.13499	0.12646	0.5	28077	3551	26302	141016	5.02
2000-2004	89	0.14887	0.13856	0.5	24527	3398	22828	114714	4.68
2000-2004	90	0.16557	0.15291	0.5	21128	3231	19513	91886	4.35
2000-2004	91	0.18173	0.16660	0.5	17897	2982	16407	72373	4.04
2000-2004	92	0.20258	0.18395	0.5	14916	2744	13544	55967	3.75
2000-2004	93	0.22511	0.20233	0.5	12172	2463	10941	42423	3.49
2000-2004	94	0.25210	0.22388	0.5	9709	2174	8622	31482	3.24
2000-2004	95	0.27148	0.23903	0.5	7536	1801	6635	22859	3.03
2000-2004	96	0.29724	0.25878	0.5	5734	1484	4992	16224	2.83
2000-2004	97	0.32441	0.27914	0.5	4250	1186	3657	11232	2.64
2000-2004	98	0.35288	0.29996	0.5	3064	919	2604	7575	2.47
2000-2004	99	0.38249	0.32108	0.5	2145	689	1801	4971	2.32
2000-2004	100	0.41305	0.34234	0.5	1456	499	1207	3170	2.18
2000-2004	101	0.44435	0.36357	0.5	958	348	784	1963	2.05
2000-2004	102	0.47616	0.38459	0.5	610	234	492	1179	1.94
2000-2004	103	0.50821	0.40524	0.5	375	152	299	687	1.83
2000-2004	104	0.54026	0.42536	0.5	223	95	176	388	1.74
2000-2004	105	0.57202	0.44480	0.5	128	57	100	212	1.66
2000-2004	106	0.60324	0.46345	0.5	71	33	55	113	1.58
2000-2004	107	0.63369	0.48122	0.5	38	18	29	58	1.52
2000-2004	108	0.66314	0.49802	0.5	20	10	15	29	1.46
2000-2004	109	0.69142	0.51379	0.5	10	5	7	14	1.42
2000-2004	110+	0.71836	1.00000	1.39	5	5	7	7	1.39
2005-2009	0	0.00563	0.00560	0.06	100000	560	99476	7964105	79.64
2005-2009	1	0.00028	0.00028	0.5	99440	28	99426	7864629	79.09
2005-2009	2	0.00018	0.00018	0.5	99412	17	99403	7765203	78.11
2005-2009	3	0.00011	0.00011	0.5	99395	11	99389	7665800	77.12
2005-2009	4	0.00011	0.00011	0.5	99383	11	99378	7566411	76.13
2005-2009	5	0.00010	0.00010	0.5	99372	10	99368	7467033	75.14
2005-2009	6	0.00011	0.00011	0.5	99363	11	99357	7367665	74.15
2005-2009	7	0.00008	0.00008	0.5	99351	8	99347	7268308	73.16
2005-2009	8	0.00008	0.00008	0.5	99344	8	99340	7168961	72.16
2005-2009	9	0.00009	0.00009	0.5	99335	9	99331	7069621	71.17
2005-2009	10	0.00010	0.00010	0.5	99326	10	99321	6970290	70.18
2005-2009	11	0.00008	0.00008	0.5	99316	8	99312	6870969	69.18
2005-2009	12	0.00010	0.00010	0.5	99308	10	99303	6771657	68.19
2005-2009	13	0.00013	0.00013	0.5	99299	13	99292	6672354	67.19
2005-2009	14	0.00015	0.00015	0.5	99285	15	99278	6573062	66.20
2005-2009	15	0.00021	0.00021	0.5	99270	21	99260	6473784	65.21
2005-2009	16	0.00033	0.00033	0.5	99250	32	99233	6374524	64.23
2005-2009	17	0.00041	0.00041	0.5	99217	41	99197	6275290	63.25
2005-2009	18	0.00051	0.00051	0.5	99176	51	99151	6176094	62.27
2005-2009	19	0.00055	0.00055	0.5	99126	54	99099	6076942	61.31
2005-2009	20	0.00062	0.00062	0.5	99072	61	99041	5977844	60.34
2005-2009	21	0.00074	0.00074	0.5	99010	74	98974	5878803	59.38
2005-2009	22	0.00075	0.00075	0.5	98937	74	98899	5779829	58.42
2005-2009	23	0.00079	0.00079	0.5	98862	78	98823	5680930	57.46
2005-2009	24	0.00083	0.00083	0.5	98784	82	98743	5582106	56.51
2005-2009	25	0.00077	0.00077	0.5	98702	76	98664	5483363	55.55
2005-2009	26	0.00078	0.00078	0.5	98626	77	98588	5384699	54.60
2005-2009	27	0.00080	0.00080	0.5	98549	79	98510	5286111	53.64
2005-2009	28	0.00078	0.00078	0.5	98470	76	98432	5187602	52.68
2005-2009	29	0.00079	0.00079	0.5	98394	78	98355	5089169	51.72
2005-2009	30	0.00077	0.00077	0.5	98316	76	98279	4990814	50.76
2005-2009	31	0.00081	0.00081	0.5	98241	80	98201	4892536	49.80
2005-2009	32	0.00082	0.00082	0.5	98161	80	98121	4794335	48.84
2005-2009	33	0.00086	0.00086	0.5	98080	85	98038	4696214	47.88
2005-2009	34	0.00093	0.00093	0.5	97996	91	97950	4598176	46.92
2005-2009	35	0.00098	0.00098	0.5	97905	96	97857	4500226	45.97
2005-2009	36	0.00105	0.00105	0.5	97809	103	97758	4402369	45.01
2005-2009	37	0.00113	0.00113	0.5	97706	111	97651	4304612	44.06
2005-2009	38	0.00118	0.00118	0.5	97596	115	97538	4206961	43.11
2005-2009	39	0.00135	0.00135	0.5	97481	131	97415	4109422	42.16
2005-2009	40	0.00144	0.00144	0.5	97350	140	97280	4012007	41.21
2005-2009	41	0.00155	0.00155	0.5	97209	150	97134	3914727	40.27
2005-2009	42	0.00177	0.00177	0.5	97059	172	96973	3817593	39.33
2005-2009	43	0.00185	0.00185	0.5	96888	179	96798	3720620	38.40
2005-2009	44	0.00209	0.00209	0.5	96709	202	96608	3623821	37.47
2005-2009	45	0.00234	0.00234	0.5	96506	226	96394	3527214	36.55
2005-2009	46	0.00239	0.00239	0.5	96281	230	96166	3430820	35.63
2005-2009	47	0.00265	0.00265	0.5	96051	254	95923	3334654	34.72
2005-2009	48	0.00299	0.00299	0.5	95796	286	95653	3238731	33.81
2005-2009	49	0.00327	0.00327	0.5	95510	312	95354	3143078	32.91
2005-2009	50	0.00346	0.00346	0.5	95198	329	95033	3047724	32.01
2005-2009	51	0.00366	0.00366	0.5	94868	347	94695	2952691	31.12
2005-2009	52	0.00414	0.00413	0.5	94522	390	94327	2857996	30.24
2005-2009	53	0.00433	0.00432	0.5	94131	407	93928	2763669	29.36
2005-2009	54	0.00456	0.00455	0.5	93724	427	93511	2669742	28.48
2005-2009	55	0.00505	0.00503	0.5	93298	470	93063	2576230	27.61
2005-2009	56	0.00544	0.00543	0.5	92828	504	92576	2483168	26.75
2005-2009	57	0.00580	0.00579	0.5	92324	534	92057	2390592	25.89
2005-2009	58	0.00643	0.00641	0.5	91790	588	91496	2298535	25.04
2005-2009	59	0.00688	0.00685	0.5	91202	625	90889	2207039	24.20
2005-2009	60	0.00746	0.00743	0.5	90577	673	90240	2116150	23.36
2005-2009	61	0.00818	0.00815	0.5	89903	732	89537	2025910	22.53
2005-2009	62	0.00904	0.00900	0.5	89171	803	88770	1936373	21.72
2005-2009	63	0.01005	0.01000	0.5	88368	884	87926	1847604	20.91
2005-2009	64	0.01103	0.01097	0.5	87485	960	87005	1759677	20.11
2005-2009	65	0.01178	0.01171	0.5	86525	1013	86019	1672672	19.33
2005-2009	66	0.01277	0.01269	0.5	85512	1085	84970	1586654	18.55
2005-2009	67	0.01430	0.01419	0.5	84427	1198	83828	1501684	17.79
2005-2009	68	0.01568	0.01556	0.5	83229	1295	82581	1417856	17.04
2005-2009	69	0.01700	0.01686	0.5	81933	1381	81243	1335275	16.30
2005-2009	70	0.01904	0.01886	0.5	80552	1520	79793	1254033	15.57
2005-2009	71	0.02059	0.02038	0.5	79033	1611	78227	1174240	14.86
2005-2009	72	0.02300	0.02274	0.5	77422	1760	76542	1096013	14.16
2005-2009	73	0.02515	0.02484	0.5	75661	1879	74722	1019471	13.47
2005-2009	74	0.02791	0.02753	0.5	73782	2031	72767	944749	12.80
2005-2009	75	0.03025	0.02980	0.5	71751	2138	70682	871982	12.15
2005-2009	76	0.03357	0.03301	0.5	69613	2298	68464	801300	11.51
2005-2009	77	0.03767	0.03698	0.5	67315	2489	66070	732837	10.89
2005-2009	78	0.04096	0.04014	0.5	64826	2602	63525	666766	10.29
2005-2009	79	0.04545	0.04444	0.5	62223	2765	60841	603242	9.69
2005-2009	80	0.04949	0.04830	0.5	59458	2872	58023	542401	9.12
2005-2009	81	0.05504	0.05357	0.5	56587	3031	55071	484378	8.56
2005-2009	82	0.06240	0.06051	0.5	53556	3241	51935	429307	8.02
2005-2009	83	0.06873	0.06645	0.5	50315	3343	48643	377372	7.50
2005-2009	84	0.07700	0.07415	0.5	46971	3483	45230	328729	7.00
2005-2009	85	0.08781	0.08411	0.5	43489	3658	41660	283499	6.52
2005-2009	86	0.09765	0.09310	0.5	39831	3708	37976	241840	6.07
2005-2009	87	0.10949	0.10381	0.5	36122	3750	34247	203863	5.64
2005-2009	88	0.12254	0.11547	0.5	32373	3738	30504	169616	5.24
2005-2009	89	0.13971	0.13059	0.5	28635	3739	26765	139112	4.86
2005-2009	90	0.15714	0.14569	0.5	24895	3627	23082	112347	4.51
2005-2009	91	0.17437	0.16038	0.5	21268	3411	19563	89266	4.20
2005-2009	92	0.19043	0.17388	0.5	17857	3105	16305	69703	3.90
2005-2009	93	0.21542	0.19448	0.5	14752	2869	13318	53398	3.62
2005-2009	94	0.23425	0.20969	0.5	11883	2492	10637	40080	3.37
2005-2009	95	0.25810	0.22860	0.5	9391	2147	8318	29443	3.14
2005-2009	96	0.28406	0.24873	0.5	7245	1802	6344	21125	2.92
2005-2009	97	0.31157	0.26958	0.5	5443	1467	4709	14781	2.72
2005-2009	98	0.34052	0.29098	0.5	3975	1157	3397	10072	2.53
2005-2009	99	0.37075	0.31277	0.5	2819	882	2378	6675	2.37
2005-2009	100	0.40208	0.33478	0.5	1937	648	1613	4298	2.22
2005-2009	101	0.43427	0.35680	0.5	1289	460	1059	2685	2.08
2005-2009	102	0.46708	0.37865	0.5	829	314	672	1626	1.96
2005-2009	103	0.50022	0.40014	0.5	515	206	412	954	1.85
2005-2009	104	0.53340	0.42110	0.5	309	130	244	542	1.76
2005-2009	105	0.56634	0.44136	0.5	179	79	139	298	1.67
2005-2009	106	0.59874	0.46079	0.5	100	46	77	159	1.59
2005-2009	107	0.63034	0.47928	0.5	54	26	41	82	1.52
2005-2009	108	0.66089	0.49675	0.5	28	14	21	41	1.47
2005-2009	109	0.69020	0.51312	0.5	14	7	10	20	1.42
2005-2009	110+	0.71808	1.00000	1.39	7	7	10	10	1.39
2010-2014	0	0.00480	0.00478	0.06	100000	478	99552	8042584	80.43
2010-2014	1	0.00027	0.00027	0.5	99522	26	99509	7943032	79.81
2010-2014	2	0.00016	0.00016	0.5	99496	16	99488	7843523	78.83
2010-2014	3	0.00014	0.00014	0.5	99480	14	99473	7744036	77.85
2010-2014	4	0.00011	0.00011	0.5	99466	11	99460	7644563	76.86
2010-2014	5	0.00009	0.00009	0.5	99455	9	99450	7545103	75.86
2010-2014	6	0.00010	0.00010	0.5	99446	10	99441	7445652	74.87
2010-2014	7	0.00009	0.00009	0.5	99436	9	99432	7346211	73.88
2010-2014	8	0.00009	0.00009	0.5	99427	9	99423	7246780	72.89
2010-2014	9	0.00009	0.00009	0.5	99418	9	99414	7147357	71.89
2010-2014	10	0.00008	0.00008	0.5	99410	8	99405	7047943	70.90
2010-2014	11	0.00007	0.00007	0.5	99401	7	99397	6948537	69.90
2010-2014	12	0.00010	0.00010	0.5	99394	10	99389	6849140	68.91
2010-2014	13	0.00011	0.00011	0.5	99384	11	99379	6749751	67.92
2010-2014	14	0.00014	0.00014	0.5	99373	14	99366	6650372	66.92
2010-2014	15	0.00019	0.00019	0.5	99359	19	99349	6551006	65.93
2010-2014	16	0.00025	0.00025	0.5	99340	24	99328	6451657	64.95
2010-2014	17	0.00029	0.00029	0.5	99316	29	99301	6352329	63.96
2010-2014	18	0.00040	0.00040	0.5	99287	39	99267	6253028	62.98
2010-2014	19	0.00043	0.00043	0.5	99247	43	99226	6153761	62.00
2010-2014	20	0.00052	0.00052	0.5	99204	52	99178	6054535	61.03
2010-2014	21	0.00065	0.00065	0.5	99152	65	99120	5955357	60.06
2010-2014	22	0.00074	0.00074	0.5	99088	73	99051	5856237	59.10
2010-2014	23	0.00076	0.00076	0.5	99015	75	98977	5757186	58.14
2010-2014	24	0.00081	0.00081	0.5	98939	80	98899	5658209	57.19
2010-2014	25	0.00081	0.00081	0.5	98859	80	98819	5559310	56.23
2010-2014	26	0.00083	0.00083	0.5	98778	82	98737	5460491	55.28
2010-2014	27	0.00080	0.00080	0.5	98697	79	98657	5361754	54.33
2010-2014	28	0.00091	0.00090	0.5	98617	89	98573	5263097	53.37
2010-2014	29	0.00094	0.00094	0.5	98528	93	98482	5164524	52.42
2010-2014	30	0.00092	0.00092	0.5	98435	90	98390	5066042	51.47
2010-2014	31	0.00096	0.00096	0.5	98345	94	98298	4967652	50.51
2010-2014	32	0.00096	0.00096	0.5	98251	95	98203	4869354	49.56
2010-2014	33	0.00099	0.00099	0.5	98156	97	98108	4771151	48.61
2010-2014	34	0.00102	0.00102	0.5	98059	100	98009	4673043	47.66
2010-2014	35	0.00109	0.00108	0.5	97959	106	97906	4575034	46.70
2010-2014	36	0.00106	0.00106	0.5	97852	103	97801	4477129	45.75
2010-2014	37	0.00110	0.00110	0.5	97749	107	97695	4379328	44.80
2010-2014	38	0.00117	0.00117	0.5	97642	114	97584	4281633	43.85
2010-2014	39	0.00128	0.00128	0.5	97527	125	97465	4184048	42.90
2010-2014	40	0.00142	0.00142	0.5	97403	139	97333	4086583	41.96
2010-2014	41	0.00148	0.00148	0.5	97264	144	97192	3989250	41.01
2010-2014	42	0.00160	0.00160	0.5	97120	155	97042	3892058	40.07
2010-2014	43	0.00176	0.00176	0.5	96965	171	96879	3795016	39.14
2010-2014	44	0.00199	0.00198	0.5	96794	192	96698	3698136	38.21
2010-2014	45	0.00210	0.00210	0.5	96602	202	96501	3601438	37.28
2010-2014	46	0.00240	0.00240	0.5	96399	231	96284	3504938	36.36
2010-2014	47	0.00253	0.00253	0.5	96168	243	96046	3408654	35.44
2010-2014	48	0.00274	0.00274	0.5	95925	262	95794	3312607	34.53
2010-2014	49	0.00307	0.00306	0.5	95663	293	95516	3216814	33.63
2010-2014	50	0.00338	0.00337	0.5	95369	322	95209	3121298	32.73
2010-2014	51	0.00361	0.00360	0.5	95048	342	94877	3026089	31.84
2010-2014	52	0.00388	0.00387	0.5	94706	367	94522	2931213	30.95
2010-2014	53	0.00412	0.00411	0.5	94339	388	94145	2836690	30.07
2010-2014	54	0.00451	0.00450	0.5	93951	423	93739	2742546	29.19
2010-2014	55	0.00485	0.00484	0.5	93528	453	93302	2648806	28.32
2010-2014	56	0.00530	0.00528	0.5	93075	492	92829	2555505	27.46
2010-2014	57	0.00567	0.00565	0.5	92583	523	92322	2462676	26.60
2010-2014	58	0.00614	0.00612	0.5	92060	563	91778	2370354	25.75
2010-2014	59	0.00671	0.00669	0.5	91497	612	91191	2278575	24.90
2010-2014	60	0.00706	0.00703	0.5	90885	639	90565	2187385	24.07
2010-2014	61	0.00763	0.00760	0.5	90246	686	89903	2096819	23.23
2010-2014	62	0.00818	0.00815	0.5	89560	730	89195	2006917	22.41
2010-2014	63	0.00899	0.00895	0.5	88830	795	88432	1917722	21.59
2010-2014	64	0.00998	0.00993	0.5	88035	874	87598	1829289	20.78
2010-2014	65	0.01063	0.01057	0.5	87160	921	86700	1741692	19.98
2010-2014	66	0.01161	0.01155	0.5	86239	996	85741	1654992	19.19
2010-2014	67	0.01280	0.01272	0.5	85243	1084	84702	1569251	18.41
2010-2014	68	0.01443	0.01433	0.5	84160	1206	83557	1484549	17.64
2010-2014	69	0.01543	0.01531	0.5	82953	1270	82319	1400993	16.89
2010-2014	70	0.01732	0.01717	0.5	81684	1403	80982	1318674	16.14
2010-2014	71	0.01890	0.01873	0.5	80281	1503	79529	1237692	15.42
2010-2014	72	0.02054	0.02033	0.5	78778	1602	77977	1158163	14.70
2010-2014	73	0.02211	0.02186	0.5	77176	1687	76332	1080186	14.00
2010-2014	74	0.02479	0.02449	0.5	75489	1848	74564	1003854	13.30
2010-2014	75	0.02756	0.02719	0.5	73640	2002	72639	929289	12.62
2010-2014	76	0.03030	0.02985	0.5	71638	2138	70569	856650	11.96
2010-2014	77	0.03387	0.03331	0.5	69500	2315	68342	786081	11.31
2010-2014	78	0.03812	0.03741	0.5	67185	2513	65928	717739	10.68
2010-2014	79	0.04145	0.04061	0.5	64672	2626	63359	651810	10.08
2010-2014	80	0.04493	0.04394	0.5	62046	2727	60682	588452	9.48
2010-2014	81	0.05145	0.05016	0.5	59319	2975	57831	527769	8.90
2010-2014	82	0.05792	0.05629	0.5	56344	3172	54758	469938	8.34
2010-2014	83	0.06396	0.06198	0.5	53172	3295	51524	415180	7.81
2010-2014	84	0.07235	0.06982	0.5	49877	3483	48135	363655	7.29
2010-2014	85	0.08018	0.07709	0.5	46394	3576	44606	315520	6.80
2010-2014	86	0.08932	0.08550	0.5	42818	3661	40987	270914	6.33
2010-2014	87	0.10297	0.09793	0.5	39157	3835	37240	229927	5.87
2010-2014	88	0.11502	0.10877	0.5	35322	3842	33401	192687	5.46
2010-2014	89	0.12877	0.12098	0.5	31480	3809	29576	159286	5.06
2010-2014	90	0.14620	0.13624	0.5	27672	3770	25787	129710	4.69
2010-2014	91	0.16163	0.14954	0.5	23902	3574	22115	103923	4.35
2010-2014	92	0.18427	0.16873	0.5	20327	3430	18612	81808	4.02
2010-2014	93	0.20320	0.18446	0.5	16898	3117	15339	63196	3.74
2010-2014	94	0.22620	0.20321	0.5	13781	2800	12380	47857	3.47
2010-2014	95	0.24696	0.21982	0.5	10980	2414	9773	35476	3.23
2010-2014	96	0.27269	0.23997	0.5	8567	2056	7539	25703	3.00
2010-2014	97	0.30006	0.26091	0.5	6511	1699	5662	18164	2.79
2010-2014	98	0.32896	0.28250	0.5	4812	1359	4132	12503	2.60
2010-2014	99	0.35927	0.30456	0.5	3453	1052	2927	8370	2.42
2010-2014	100	0.39077	0.32690	0.5	2401	785	2009	5443	2.27
2010-2014	101	0.42325	0.34933	0.5	1616	565	1334	3434	2.12
2010-2014	102	0.45645	0.37164	0.5	1052	391	856	2101	2.00
2010-2014	103	0.49009	0.39363	0.5	661	260	531	1244	1.88
2010-2014	104	0.52386	0.41512	0.5	401	166	318	714	1.78
2010-2014	105	0.55745	0.43594	0.5	234	102	183	396	1.69
2010-2014	106	0.59056	0.45593	0.5	132	60	102	213	1.61
2010-2014	107	0.62291	0.47498	0.5	72	34	55	111	1.54
2010-2014	108	0.65424	0.49298	0.5	38	19	28	56	1.48
2010-2014	109	0.68431	0.50986	0.5	19	10	14	27	1.43
2010-2014	110+	0.71294	1.00000	1.4	9	9	13	13	1.40
2015-2019	0	0.00439	0.00437	0.06	100000	437	99590	8021014	80.21
2015-2019	1	0.00023	0.00023	0.5	99563	23	99552	7921424	79.56
2015-2019	2	0.00017	0.00017	0.5	99540	17	99531	7821872	78.58
2015-2019	3	0.00012	0.00012	0.5	99523	12	99517	7722341	77.59
2015-2019	4	0.00011	0.00011	0.5	99511	11	99505	7622824	76.60
2015-2019	5	0.00010	0.00010	0.5	99500	10	99495	7523319	75.61
2015-2019	6	0.00010	0.00010	0.5	99490	10	99485	7423824	74.62
2015-2019	7	0.00008	0.00008	0.5	99480	8	99476	7324339	73.63
2015-2019	8	0.00008	0.00008	0.5	99472	8	99468	7224863	72.63
2015-2019	9	0.00009	0.00009	0.5	99464	9	99460	7125394	71.64
2015-2019	10	0.00010	0.00010	0.5	99456	10	99451	7025934	70.64
2015-2019	11	0.00008	0.00008	0.5	99446	8	99442	6926483	69.65
2015-2019	12	0.00009	0.00009	0.5	99438	9	99434	6827041	68.66
2015-2019	13	0.00011	0.00011	0.5	99429	11	99424	6727608	67.66
2015-2019	14	0.00013	0.00013	0.5	99418	13	99411	6628184	66.67
2015-2019	15	0.00018	0.00018	0.5	99405	18	99396	6528772	65.68
2015-2019	16	0.00023	0.00023	0.5	99387	22	99376	6429377	64.69
2015-2019	17	0.00030	0.00030	0.5	99365	30	99349	6330001	63.70
2015-2019	18	0.00038	0.00038	0.5	99334	38	99315	6230651	62.72
2015-2019	19	0.00043	0.00043	0.5	99296	43	99275	6131336	61.75
2015-2019	20	0.00049	0.00049	0.5	99253	48	99229	6032061	60.77
2015-2019	21	0.00063	0.00063	0.5	99205	62	99174	5932832	59.80
2015-2019	22	0.00079	0.00079	0.5	99142	78	99103	5833659	58.84
2015-2019	23	0.00087	0.00087	0.5	99064	86	99021	5734555	57.89
2015-2019	24	0.00097	0.00097	0.5	98978	96	98930	5635534	56.94
2015-2019	25	0.00102	0.00102	0.5	98882	100	98832	5536604	55.99
2015-2019	26	0.00113	0.00113	0.5	98782	111	98726	5437772	55.05
2015-2019	27	0.00114	0.00114	0.5	98670	112	98614	5339046	54.11
2015-2019	28	0.00128	0.00128	0.5	98558	126	98495	5240431	53.17
2015-2019	29	0.00132	0.00132	0.5	98432	130	98367	5141936	52.24
2015-2019	30	0.00132	0.00132	0.5	98302	130	98237	5043569	51.31
2015-2019	31	0.00137	0.00137	0.5	98172	134	98105	4945332	50.37
2015-2019	32	0.00143	0.00143	0.5	98038	140	97968	4847227	49.44
2015-2019	33	0.00154	0.00154	0.5	97898	151	97823	4749259	48.51
2015-2019	34	0.00154	0.00154	0.5	97747	150	97672	4651437	47.59
2015-2019	35	0.00158	0.00157	0.5	97597	154	97520	4553764	46.66
2015-2019	36	0.00159	0.00159	0.5	97443	155	97366	4456244	45.73
2015-2019	37	0.00168	0.00168	0.5	97289	163	97207	4358878	44.80
2015-2019	38	0.00167	0.00166	0.5	97126	162	97045	4261671	43.88
2015-2019	39	0.00170	0.00170	0.5	96964	165	96881	4164626	42.95
2015-2019	40	0.00171	0.00171	0.5	96799	165	96716	4067745	42.02
2015-2019	41	0.00189	0.00189	0.5	96634	182	96542	3971028	41.09
2015-2019	42	0.00184	0.00184	0.5	96451	177	96362	3874486	40.17
2015-2019	43	0.00201	0.00201	0.5	96274	194	96177	3778123	39.24
2015-2019	44	0.00226	0.00226	0.5	96080	217	95972	3681946	38.32
2015-2019	45	0.00220	0.00220	0.5	95863	211	95758	3585975	37.41
2015-2019	46	0.00238	0.00238	0.5	95653	228	95539	3490216	36.49
2015-2019	47	0.00262	0.00261	0.5	95425	249	95300	3394677	35.57
2015-2019	48	0.00284	0.00283	0.5	95176	270	95041	3299377	34.67
2015-2019	49	0.00310	0.00309	0.5	94906	294	94759	3204336	33.76
2015-2019	50	0.00338	0.00337	0.5	94612	319	94453	3109577	32.87
2015-2019	51	0.00368	0.00367	0.5	94293	346	94120	3015124	31.98
2015-2019	52	0.00400	0.00400	0.5	93947	375	93759	2921004	31.09
2015-2019	53	0.00425	0.00424	0.5	93572	396	93373	2827244	30.21
2015-2019	54	0.00467	0.00466	0.5	93175	434	92958	2733871	29.34
2015-2019	55	0.00514	0.00513	0.5	92741	476	92503	2640913	28.48
2015-2019	56	0.00530	0.00529	0.5	92265	488	92021	2548410	27.62
2015-2019	57	0.00593	0.00591	0.5	91777	543	91506	2456389	26.76
2015-2019	58	0.00626	0.00624	0.5	91235	569	90950	2364883	25.92
2015-2019	59	0.00679	0.00677	0.5	90665	614	90358	2273933	25.08
2015-2019	60	0.00731	0.00728	0.5	90051	656	89724	2183575	24.25
2015-2019	61	0.00768	0.00765	0.5	89396	684	89054	2093851	23.42
2015-2019	62	0.00848	0.00844	0.5	88712	749	88337	2004797	22.60
2015-2019	63	0.00923	0.00919	0.5	87963	808	87559	1916460	21.79
2015-2019	64	0.00980	0.00975	0.5	87155	850	86730	1828901	20.98
2015-2019	65	0.01054	0.01048	0.5	86305	905	85853	1742171	20.19
2015-2019	66	0.01138	0.01132	0.5	85400	966	84917	1656318	19.39
2015-2019	67	0.01217	0.01210	0.5	84434	1022	83923	1571401	18.61
2015-2019	68	0.01355	0.01346	0.5	83412	1122	82851	1487478	17.83
2015-2019	69	0.01454	0.01444	0.5	82290	1188	81696	1404627	17.07
2015-2019	70	0.01611	0.01598	0.5	81102	1296	80454	1322931	16.31
2015-2019	71	0.01765	0.01750	0.5	79806	1397	79107	1242477	15.57
2015-2019	72	0.02006	0.01986	0.5	78409	1557	77630	1163370	14.84
2015-2019	73	0.02154	0.02131	0.5	76852	1638	76033	1085739	14.13
2015-2019	74	0.02436	0.02407	0.5	75214	1810	74309	1009706	13.42
2015-2019	75	0.02695	0.02659	0.5	73404	1952	72428	935397	12.74
2015-2019	76	0.02975	0.02932	0.5	71452	2095	70405	862969	12.08
2015-2019	77	0.03272	0.03220	0.5	69357	2233	68241	792564	11.43
2015-2019	78	0.03606	0.03542	0.5	67124	2378	65936	724324	10.79
2015-2019	79	0.04073	0.03992	0.5	64747	2585	63455	658388	10.17
2015-2019	80	0.04567	0.04465	0.5	62162	2776	60774	594933	9.57
2015-2019	81	0.05038	0.04914	0.5	59386	2918	57927	534159	8.99
2015-2019	82	0.05655	0.05499	0.5	56468	3105	54916	476232	8.43
2015-2019	83	0.06272	0.06081	0.5	53363	3245	51741	421316	7.90
2015-2019	84	0.06995	0.06758	0.5	50118	3387	48425	369575	7.37
2015-2019	85	0.07818	0.07524	0.5	46731	3516	44973	321151	6.87
2015-2019	86	0.08794	0.08424	0.5	43215	3640	41395	276178	6.39
2015-2019	87	0.10014	0.09537	0.5	39575	3774	37688	234783	5.93
2015-2019	88	0.11239	0.10641	0.5	35801	3810	33896	197095	5.51
2015-2019	89	0.12763	0.11997	0.5	31991	3838	30072	163200	5.10
2015-2019	90	0.14229	0.13284	0.5	28153	3740	26283	133128	4.73
2015-2019	91	0.16103	0.14903	0.5	24413	3638	22594	106845	4.38
2015-2019	92	0.18013	0.16525	0.5	20775	3433	19058	84251	4.06
2015-2019	93	0.20088	0.18255	0.5	17342	3166	15759	65193	3.76
2015-2019	94	0.22643	0.20340	0.5	14176	2883	12734	49434	3.49
2015-2019	95	0.24475	0.21806	0.5	11293	2462	10061	36700	3.25
2015-2019	96	0.27047	0.23825	0.5	8830	2104	7778	26638	3.02
2015-2019	97	0.29785	0.25924	0.5	6726	1744	5854	18860	2.80
2015-2019	98	0.32679	0.28090	0.5	4983	1400	4283	13006	2.61
2015-2019	99	0.35714	0.30303	0.5	3583	1086	3040	8723	2.43
2015-2019	100	0.38872	0.32546	0.5	2497	813	2091	5683	2.28
2015-2019	101	0.42129	0.34799	0.5	1684	586	1391	3592	2.13
2015-2019	102	0.45460	0.37040	0.5	1098	407	895	2201	2.00
2015-2019	103	0.48835	0.39251	0.5	691	271	556	1306	1.89
2015-2019	104	0.52225	0.41411	0.5	420	174	333	750	1.79
2015-2019	105	0.55598	0.43504	0.5	246	107	193	417	1.69
2015-2019	106	0.58924	0.45514	0.5	139	63	107	224	1.61
2015-2019	107	0.62173	0.47429	0.5	76	36	58	117	1.54
2015-2019	108	0.65320	0.49239	0.5	40	20	30	59	1.48
2015-2019	109	0.68342	0.50936	0.5	20	10	15	29	1.43
2015-2019	110+	0.71219	1.00000	1.4	10	10	14	14	1.40
