Reg3: , Lifetables (period 5x1), Both sexes Last modified: 20 Dec 2020, MPv5 (May07) 

Year	Age	mx	qx	ax	lx	dx	Lx	Tx	ex
1959	0	0.03200	0.03114	0.14	100000	3114	97312	6918125	69.18
1959	1-4	0.00129	0.00516	1.52	96886	500	386301	6820813	70.40
1959	5-9	0.00053	0.00267	2.34	96386	257	481245	6434512	66.76
1959	10-14	0.00051	0.00256	2.69	96129	246	480077	5953267	61.93
1959	15-19	0.00107	0.00536	2.71	95883	514	478238	5473190	57.08
1959	20-24	0.00150	0.00748	2.47	95369	713	475040	4994952	52.38
1959	25-29	0.00158	0.00789	2.52	94655	747	471422	4519912	47.75
1959	30-34	0.00199	0.00992	2.63	93908	931	467339	4048490	43.11
1959	35-39	0.00282	0.01400	2.68	92977	1302	461870	3581151	38.52
1959	40-44	0.00421	0.02085	2.67	91675	1911	453921	3119281	34.03
1959	45-49	0.00645	0.03177	2.67	89764	2852	442180	2665360	29.69
1959	50-54	0.01000	0.04885	2.65	86912	4245	424579	2223180	25.58
1959	55-59	0.01454	0.07031	2.66	82667	5812	399734	1798601	21.76
1959	60-64	0.02080	0.09902	2.59	76854	7610	365913	1398868	18.20
1959	65-69	0.03031	0.14121	2.59	69244	9778	322619	1032954	14.92
1959	70-74	0.04400	0.19867	2.56	59466	11814	268506	710335	11.95
1959	75-79	0.06701	0.28783	2.55	47652	13716	204685	441830	9.27
1959	80-84	0.10547	0.41680	2.48	33937	14145	134107	237144	6.99
1959	85-89	0.16305	0.56788	2.33	19792	11239	68934	103038	5.21
1959	90-94	0.22779	0.69014	2.15	8553	5902	25912	34104	3.99
1959	95-99	0.30636	0.79900	2.01	2650	2117	6911	8192	3.09
1959	100-104	0.40540	0.88305	1.8	533	470	1160	1280	2.40
1959	105-109	0.51343	0.93563	1.6	62	58	114	120	1.93
1959	110+	0.60228	1.00000	1.66	4	4	7	7	1.66
1960	0	0.03141	0.03058	0.14	100000	3058	97356	6892073	68.92
1960	1-4	0.00132	0.00526	1.55	96942	510	386517	6794717	70.09
1960	5-9	0.00055	0.00274	2.33	96432	264	481453	6408199	66.45
1960	10-14	0.00051	0.00255	2.68	96167	246	480266	5926746	61.63
1960	15-19	0.00104	0.00520	2.76	95922	499	478488	5446480	56.78
1960	20-24	0.00139	0.00693	2.53	95423	662	475478	4967992	52.06
1960	25-29	0.00160	0.00796	2.52	94761	754	471937	4492514	47.41
1960	30-34	0.00196	0.00978	2.63	94007	919	467855	4020577	42.77
1960	35-39	0.00280	0.01392	2.67	93088	1296	462426	3552723	38.17
1960	40-44	0.00436	0.02157	2.67	91792	1980	454348	3090296	33.67
1960	45-49	0.00662	0.03259	2.67	89812	2927	442234	2635948	29.35
1960	50-54	0.01023	0.04994	2.63	86885	4339	424162	2193714	25.25
1960	55-59	0.01477	0.07136	2.64	82546	5890	398840	1769552	21.44
1960	60-64	0.02213	0.10507	2.6	76655	8054	363910	1370712	17.88
1960	65-69	0.03135	0.14569	2.58	68601	9995	318800	1006802	14.68
1960	70-74	0.04557	0.20493	2.55	58606	12010	263576	688002	11.74
1960	75-79	0.06870	0.29393	2.55	46596	13696	199373	424426	9.11
1960	80-84	0.10865	0.42641	2.48	32900	14029	129119	225053	6.84
1960	85-89	0.16717	0.57723	2.32	18871	10893	65161	95935	5.08
1960	90-94	0.23669	0.70717	2.15	7978	5642	23837	30774	3.86
1960	95-99	0.32042	0.81413	1.98	2336	1902	5936	6937	2.97
1960	100-104	0.42408	0.89476	1.77	434	389	916	1001	2.30
1960	105-109	0.53562	0.94328	1.57	46	43	80	85	1.85
1960	110+	0.62657	1.00000	1.6	3	3	4	4	1.60
1961	0	0.02977	0.02902	0.13	100000	2902	97478	6951641	69.52
1961	1-4	0.00122	0.00488	1.58	97098	474	387242	6854163	70.59
1961	5-9	0.00051	0.00253	2.29	96624	244	482458	6466921	66.93
1961	10-14	0.00048	0.00241	2.69	96380	233	481361	5984463	62.09
1961	15-19	0.00098	0.00489	2.78	96147	470	479694	5503103	57.24
1961	20-24	0.00133	0.00664	2.55	95677	636	476831	5023409	52.50
1961	25-29	0.00152	0.00756	2.57	95042	719	473459	4546578	47.84
1961	30-34	0.00193	0.00962	2.62	94323	908	469456	4073118	43.18
1961	35-39	0.00273	0.01358	2.65	93415	1269	464092	3603662	38.58
1961	40-44	0.00422	0.02092	2.66	92147	1928	456230	3139570	34.07
1961	45-49	0.00632	0.03114	2.66	90219	2809	444526	2683340	29.74
1961	50-54	0.00987	0.04824	2.62	87410	4217	427031	2238815	25.61
1961	55-59	0.01400	0.06771	2.6	83193	5633	402420	1811784	21.78
1961	60-64	0.02128	0.10122	2.6	77560	7851	368947	1409364	18.17
1961	65-69	0.03044	0.14166	2.55	69710	9875	324359	1040417	14.93
1961	70-74	0.04413	0.19907	2.54	59835	11911	269929	716058	11.97
1961	75-79	0.06551	0.28237	2.56	47924	13532	206571	446130	9.31
1961	80-84	0.10627	0.41855	2.46	34392	14394	135454	239559	6.97
1961	85-89	0.16203	0.56495	2.32	19997	11297	69725	104105	5.21
1961	90-94	0.22990	0.69378	2.14	8700	6036	26254	34380	3.95
1961	95-99	0.31091	0.80408	2	2664	2142	6890	8126	3.05
1961	100-104	0.41196	0.88735	1.79	522	463	1124	1236	2.37
1961	105-109	0.52174	0.93864	1.59	59	55	106	112	1.90
1961	110+	0.61176	1.00000	1.63	4	4	6	6	1.63
1962	0	0.02969	0.02894	0.13	100000	2894	97484	6923684	69.24
1962	1-4	0.00123	0.00491	1.54	97106	477	387249	6826200	70.30
1962	5-9	0.00051	0.00255	2.24	96629	246	482464	6438951	66.64
1962	10-14	0.00049	0.00245	2.72	96383	236	481375	5956487	61.80
1962	15-19	0.00102	0.00510	2.79	96147	491	479651	5475111	56.95
1962	20-24	0.00138	0.00689	2.55	95656	659	476666	4995461	52.22
1962	25-29	0.00151	0.00754	2.53	94997	716	473219	4518795	47.57
1962	30-34	0.00192	0.00956	2.61	94281	901	469254	4045575	42.91
1962	35-39	0.00284	0.01413	2.64	93380	1319	463784	3576321	38.30
1962	40-44	0.00421	0.02085	2.66	92061	1919	455818	3112536	33.81
1962	45-49	0.00651	0.03208	2.67	90141	2892	443956	2656719	29.47
1962	50-54	0.00998	0.04875	2.63	87249	4254	426155	2212762	25.36
1962	55-59	0.01436	0.06943	2.62	82995	5763	401286	1786607	21.53
1962	60-64	0.02149	0.10222	2.62	77233	7894	367403	1385322	17.94
1962	65-69	0.03157	0.14646	2.54	69338	10155	321692	1017919	14.68
1962	70-74	0.04577	0.20594	2.57	59183	12188	266323	696227	11.76
1962	75-79	0.06688	0.28733	2.55	46995	13503	201888	429904	9.15
1962	80-84	0.10878	0.42694	2.48	33492	14299	131454	228016	6.81
1962	85-89	0.16992	0.58371	2.32	19193	11203	65929	96562	5.03
1962	90-94	0.23683	0.70498	2.13	7990	5633	23784	30634	3.83
1962	95-99	0.32807	0.82204	1.97	2357	1938	5906	6850	2.91
1962	100-104	0.43515	0.90124	1.75	419	378	869	944	2.25
1962	105-109	0.54942	0.94763	1.54	41	39	71	75	1.81
1962	110+	0.64200	1.00000	1.56	2	2	3	3	1.56
1963	0	0.02991	0.02915	0.13	100000	2915	97467	6902899	69.03
1963	1-4	0.00123	0.00490	1.54	97085	476	387169	6805432	70.10
1963	5-9	0.00051	0.00253	2.29	96609	244	482382	6418263	66.44
1963	10-14	0.00048	0.00239	2.72	96365	231	481298	5935881	61.60
1963	15-19	0.00104	0.00517	2.74	96134	497	479548	5454583	56.74
1963	20-24	0.00141	0.00704	2.52	95637	673	476514	4975035	52.02
1963	25-29	0.00157	0.00782	2.54	94964	743	472993	4498521	47.37
1963	30-34	0.00197	0.00982	2.64	94221	926	468925	4025528	42.72
1963	35-39	0.00288	0.01433	2.65	93296	1337	463333	3556603	38.12
1963	40-44	0.00424	0.02100	2.67	91959	1931	455289	3093270	33.64
1963	45-49	0.00657	0.03237	2.67	90028	2914	443343	2637980	29.30
1963	50-54	0.01012	0.04941	2.65	87114	4305	425434	2194638	25.19
1963	55-59	0.01470	0.07102	2.61	82809	5881	399977	1769204	21.36
1963	60-64	0.02162	0.10281	2.62	76928	7909	365824	1369227	17.80
1963	65-69	0.03259	0.15082	2.53	69019	10410	319374	1003403	14.54
1963	70-74	0.04703	0.21094	2.56	58609	12363	262883	684029	11.67
1963	75-79	0.06650	0.28492	2.49	46246	13176	198135	421145	9.11
1963	80-84	0.11021	0.43116	2.48	33070	14259	129370	223010	6.74
1963	85-89	0.17123	0.58548	2.3	18811	11014	64321	93640	4.98
1963	90-94	0.24217	0.71483	2.13	7798	5574	23017	29319	3.76
1963	95-99	0.33724	0.83104	1.95	2224	1848	5480	6302	2.83
1963	100-104	0.44800	0.90827	1.73	376	341	762	822	2.19
1963	105-109	0.56514	0.95218	1.52	34	33	58	61	1.76
1963	110+	0.65937	1.00000	1.52	2	2	2	2	1.52
1964	0	0.02910	0.02839	0.13	100000	2839	97527	6937320	69.37
1964	1-4	0.00120	0.00479	1.53	97161	465	387495	6839793	70.40
1964	5-9	0.00050	0.00252	2.31	96696	243	482827	6452298	66.73
1964	10-14	0.00049	0.00243	2.74	96453	234	481736	5969471	61.89
1964	15-19	0.00108	0.00537	2.78	96219	516	479949	5487735	57.03
1964	20-24	0.00142	0.00707	2.52	95702	677	476837	5007786	52.33
1964	25-29	0.00156	0.00775	2.56	95026	736	473334	4530948	47.68
1964	30-34	0.00201	0.01000	2.63	94290	943	469217	4057614	43.03
1964	35-39	0.00287	0.01426	2.66	93346	1331	463614	3588397	38.44
1964	40-44	0.00433	0.02144	2.68	92016	1972	455511	3124784	33.96
1964	45-49	0.00646	0.03182	2.66	90043	2866	443514	2669273	29.64
1964	50-54	0.01000	0.04884	2.65	87178	4258	425872	2225758	25.53
1964	55-59	0.01441	0.06965	2.62	82920	5775	400854	1799886	21.71
1964	60-64	0.02108	0.10040	2.64	77144	7745	367440	1399032	18.14
1964	65-69	0.03156	0.14654	2.57	69399	10170	322249	1031592	14.86
1964	70-74	0.04523	0.20383	2.58	59229	12072	266895	709343	11.98
1964	75-79	0.06415	0.27593	2.47	47157	13012	202827	442449	9.38
1964	80-84	0.10469	0.41463	2.49	34145	14158	135232	239622	7.02
1964	85-89	0.16084	0.56362	2.35	19987	11265	70042	104390	5.22
1964	90-94	0.22996	0.69528	2.16	8722	6064	26371	34348	3.94
1964	95-99	0.31623	0.81017	1.99	2658	2153	6809	7977	3.00
1964	100-104	0.42206	0.89387	1.78	505	451	1069	1168	2.31
1964	105-109	0.53651	0.94376	1.57	54	51	94	99	1.85
1964	110+	0.62993	1.00000	1.59	3	3	5	5	1.59
1965	0	0.02782	0.02716	0.13	100000	2716	97625	6946020	69.46
1965	1-4	0.00116	0.00464	1.58	97284	451	388044	6848395	70.40
1965	5-9	0.00051	0.00254	2.31	96833	245	483506	6460351	66.72
1965	10-14	0.00046	0.00231	2.7	96588	223	482426	5976845	61.88
1965	15-19	0.00109	0.00544	2.77	96365	524	480656	5494419	57.02
1965	20-24	0.00144	0.00715	2.54	95840	685	477513	5013763	52.31
1965	25-29	0.00158	0.00789	2.58	95155	751	473959	4536250	47.67
1965	30-34	0.00196	0.00974	2.6	94404	919	469817	4062291	43.03
1965	35-39	0.00284	0.01412	2.65	93485	1320	464321	3592474	38.43
1965	40-44	0.00432	0.02141	2.65	92165	1973	456180	3128153	33.94
1965	45-49	0.00650	0.03203	2.66	90192	2889	444195	2671973	29.63
1965	50-54	0.00997	0.04868	2.63	87303	4250	426424	2227779	25.52
1965	55-59	0.01430	0.06915	2.62	83053	5743	401617	1801354	21.69
1965	60-64	0.02084	0.09931	2.63	77310	7678	368375	1399737	18.11
1965	65-69	0.03158	0.14668	2.58	69632	10214	323412	1031362	14.81
1965	70-74	0.04474	0.20182	2.58	59418	11992	268048	707950	11.91
1965	75-79	0.06684	0.28628	2.5	47426	13577	203130	439902	9.28
1965	80-84	0.10459	0.41435	2.49	33849	14025	134096	236772	6.99
1965	85-89	0.16295	0.56740	2.32	19823	11248	69027	102676	5.18
1965	90-94	0.23025	0.69585	2.16	8576	5967	25917	33648	3.92
1965	95-99	0.32061	0.81479	1.98	2608	2125	6629	7732	2.96
1965	100-104	0.42808	0.89745	1.76	483	434	1013	1103	2.28
1965	105-109	0.54373	0.94605	1.55	50	47	86	90	1.82
1965	110+	0.63782	1.00000	1.57	3	3	4	4	1.57
1966	0	0.02718	0.02655	0.12	100000	2655	97673	6938883	69.39
1966	1-4	0.00116	0.00462	1.57	97345	449	388290	6841210	70.28
1966	5-9	0.00050	0.00250	2.33	96896	242	483832	6452919	66.60
1966	10-14	0.00048	0.00238	2.72	96654	230	482745	5969087	61.76
1966	15-19	0.00119	0.00592	2.79	96424	571	480855	5486342	56.90
1966	20-24	0.00146	0.00728	2.5	95852	698	477515	5005487	52.22
1966	25-29	0.00156	0.00776	2.53	95154	739	473949	4527972	47.59
1966	30-34	0.00202	0.01004	2.62	94416	948	469821	4054023	42.94
1966	35-39	0.00284	0.01409	2.65	93468	1317	464246	3584201	38.35
1966	40-44	0.00438	0.02170	2.66	92151	1999	456071	3119955	33.86
1966	45-49	0.00655	0.03226	2.66	90152	2908	443944	2663884	29.55
1966	50-54	0.01002	0.04896	2.63	87244	4271	426078	2219940	25.45
1966	55-59	0.01464	0.07075	2.61	82972	5870	400850	1793861	21.62
1966	60-64	0.02071	0.09863	2.59	77102	7605	367170	1393011	18.07
1966	65-69	0.03147	0.14615	2.56	69498	10157	322736	1025841	14.76
1966	70-74	0.04557	0.20511	2.56	59341	12171	267065	703105	11.85
1966	75-79	0.06778	0.28996	2.51	47169	13677	201798	436040	9.24
1966	80-84	0.10419	0.41256	2.48	33492	13817	132623	234242	6.99
1966	85-89	0.16273	0.56724	2.33	19675	11160	68583	101618	5.16
1966	90-94	0.23421	0.70285	2.16	8514	5984	25551	33035	3.88
1966	95-99	0.32129	0.81555	1.98	2530	2063	6422	7485	2.96
1966	100-104	0.42946	0.89829	1.76	467	419	976	1062	2.28
1966	105-109	0.54580	0.94671	1.55	47	45	82	86	1.82
1966	110+	0.64037	1.00000	1.56	3	3	4	4	1.56
1967	0	0.02554	0.02498	0.12	100000	2498	97800	6979856	69.80
1967	1-4	0.00108	0.00432	1.6	97502	421	388998	6882056	70.58
1967	5-9	0.00048	0.00238	2.32	97081	231	484785	6493058	66.88
1967	10-14	0.00046	0.00231	2.74	96850	223	483742	6008273	62.04
1967	15-19	0.00115	0.00574	2.85	96626	555	481940	5524531	57.17
1967	20-24	0.00151	0.00754	2.51	96071	724	478553	5042591	52.49
1967	25-29	0.00158	0.00785	2.54	95347	748	474898	4564038	47.87
1967	30-34	0.00198	0.00986	2.65	94599	932	470800	4089140	43.23
1967	35-39	0.00283	0.01406	2.65	93667	1317	465238	3618340	38.63
1967	40-44	0.00432	0.02139	2.65	92350	1975	457100	3153102	34.14
1967	45-49	0.00647	0.03188	2.66	90375	2882	445133	2696002	29.83
1967	50-54	0.00997	0.04873	2.65	87493	4264	427463	2250870	25.73
1967	55-59	0.01427	0.06901	2.63	83229	5744	402548	1823407	21.91
1967	60-64	0.02016	0.09616	2.6	77486	7451	369567	1420859	18.34
1967	65-69	0.03030	0.14110	2.57	70035	9882	326163	1051292	15.01
1967	70-74	0.04442	0.20044	2.57	60153	12057	271440	725129	12.05
1967	75-79	0.06544	0.28145	2.52	48096	13536	206859	453689	9.43
1967	80-84	0.10076	0.40198	2.49	34559	13892	137871	246830	7.14
1967	85-89	0.15863	0.55815	2.35	20667	11535	72717	108959	5.27
1967	90-94	0.22788	0.69434	2.19	9132	6341	27824	36242	3.97
1967	95-99	0.31431	0.80839	2	2791	2256	7179	8417	3.02
1967	100-104	0.42159	0.89377	1.78	535	478	1134	1239	2.32
1967	105-109	0.53777	0.94427	1.56	57	54	100	105	1.84
1967	110+	0.63261	1.00000	1.58	3	3	5	5	1.58
1968	0	0.02492	0.02438	0.12	100000	2438	97848	6934362	69.34
1968	1-4	0.00106	0.00424	1.58	97562	414	389247	6836514	70.07
1968	5-9	0.00049	0.00244	2.32	97148	238	485103	6447268	66.37
1968	10-14	0.00050	0.00250	2.74	96911	242	484006	5962165	61.52
1968	15-19	0.00123	0.00614	2.77	96669	593	482017	5478159	56.67
1968	20-24	0.00158	0.00788	2.51	96075	757	478490	4996142	52.00
1968	25-29	0.00166	0.00825	2.53	95319	786	474650	4517652	47.40
1968	30-34	0.00207	0.01030	2.59	94532	974	470309	4043002	42.77
1968	35-39	0.00295	0.01466	2.64	93558	1372	464548	3572693	38.19
1968	40-44	0.00447	0.02211	2.63	92186	2038	456107	3108146	33.72
1968	45-49	0.00676	0.03325	2.63	90148	2997	443634	2652038	29.42
1968	50-54	0.01020	0.04978	2.63	87151	4339	425484	2208405	25.34
1968	55-59	0.01473	0.07114	2.61	82812	5891	399988	1782921	21.53
1968	60-64	0.02116	0.10067	2.59	76921	7744	365910	1382932	17.98
1968	65-69	0.03130	0.14540	2.56	69177	10059	321324	1017022	14.70
1968	70-74	0.04590	0.20634	2.56	59118	12199	265794	695698	11.77
1968	75-79	0.06852	0.29270	2.51	46920	13733	200427	429904	9.16
1968	80-84	0.10553	0.41704	2.49	33187	13840	131153	229477	6.91
1968	85-89	0.16462	0.57226	2.34	19346	11071	67254	98324	5.08
1968	90-94	0.24340	0.71674	2.13	8275	5931	24368	31070	3.75
1968	95-99	0.33358	0.82800	1.96	2344	1941	5818	6702	2.86
1968	100-104	0.44711	0.90814	1.73	403	366	819	884	2.19
1968	105-109	0.56767	0.95306	1.52	37	35	62	65	1.75
1968	110+	0.66460	1.00000	1.5	2	2	3	3	1.50
1969	0	0.02424	0.02373	0.12	100000	2373	97901	6957217	69.57
1969	1-4	0.00102	0.00408	1.63	97627	399	389563	6859316	70.26
1969	5-9	0.00049	0.00246	2.36	97228	240	485510	6469753	66.54
1969	10-14	0.00049	0.00247	2.74	96989	239	484402	5984243	61.70
1969	15-19	0.00126	0.00628	2.81	96749	608	482417	5499841	56.85
1969	20-24	0.00161	0.00804	2.52	96141	773	478792	5017424	52.19
1969	25-29	0.00168	0.00836	2.54	95369	797	474879	4538632	47.59
1969	30-34	0.00203	0.01011	2.63	94572	957	470591	4063752	42.97
1969	35-39	0.00291	0.01443	2.67	93615	1351	464925	3593162	38.38
1969	40-44	0.00454	0.02245	2.67	92264	2071	456491	3128237	33.91
1969	45-49	0.00672	0.03306	2.64	90193	2982	443916	2671746	29.62
1969	50-54	0.00997	0.04872	2.66	87211	4249	426098	2227830	25.55
1969	55-59	0.01474	0.07121	2.61	82962	5908	400695	1801732	21.72
1969	60-64	0.02106	0.10024	2.6	77054	7724	366771	1401037	18.18
1969	65-69	0.03059	0.14249	2.6	69330	9879	322972	1034266	14.92
1969	70-74	0.04477	0.20209	2.6	59452	12015	268370	711293	11.96
1969	75-79	0.06722	0.28812	2.52	47437	13668	203341	442923	9.34
1969	80-84	0.10199	0.40571	2.48	33769	13701	134336	239582	7.09
1969	85-89	0.15963	0.56094	2.35	20069	11257	70519	105246	5.24
1969	90-94	0.22944	0.69806	2.2	8811	6151	26808	34727	3.94
1969	95-99	0.31889	0.81330	1.99	2660	2164	6785	7918	2.98
1969	100-104	0.42841	0.89788	1.77	497	446	1041	1133	2.28
1969	105-109	0.54663	0.94708	1.55	51	48	88	92	1.81
1969	110+	0.64279	1.00000	1.56	3	3	4	4	1.56
1970	0	0.02362	0.02314	0.11	100000	2314	97950	6984131	69.84
1970	1-4	0.00098	0.00389	1.63	97686	380	389846	6886181	70.49
1970	5-9	0.00048	0.00240	2.34	97306	233	485910	6496335	66.76
1970	10-14	0.00047	0.00235	2.76	97073	228	484855	6010425	61.92
1970	15-19	0.00122	0.00608	2.8	96845	589	482932	5525570	57.06
1970	20-24	0.00158	0.00788	2.52	96256	758	479400	5042638	52.39
1970	25-29	0.00165	0.00823	2.52	95498	786	475545	4563238	47.78
1970	30-34	0.00205	0.01019	2.62	94712	965	471267	4087693	43.16
1970	35-39	0.00290	0.01440	2.63	93748	1350	465546	3616426	38.58
1970	40-44	0.00441	0.02181	2.65	92398	2015	457257	3150881	34.10
1970	45-49	0.00670	0.03299	2.64	90382	2982	444885	2693624	29.80
1970	50-54	0.01004	0.04903	2.65	87401	4285	426920	2248739	25.73
1970	55-59	0.01468	0.07091	2.62	83116	5894	401542	1821819	21.92
1970	60-64	0.02086	0.09934	2.61	77222	7671	367786	1420277	18.39
1970	65-69	0.02976	0.13881	2.58	69551	9655	324411	1052491	15.13
1970	70-74	0.04401	0.19893	2.58	59896	11915	270702	728079	12.16
1970	75-79	0.06544	0.28168	2.53	47981	13515	206527	457377	9.53
1970	80-84	0.09910	0.39642	2.48	34466	13663	137876	250850	7.28
1970	85-89	0.15187	0.54118	2.35	20803	11258	74129	112974	5.43
1970	90-94	0.22143	0.68254	2.19	9545	6515	29421	38844	4.07
1970	95-99	0.30355	0.79661	2.02	3030	2414	7952	9424	3.11
1970	100-104	0.40786	0.88526	1.8	616	546	1338	1472	2.39
1970	105-109	0.52226	0.93916	1.59	71	66	127	134	1.90
1970	110+	0.61637	1.00000	1.62	4	4	7	7	1.62
1971	0	0.02161	0.02120	0.11	100000	2120	98109	7033152	70.33
1971	1-4	0.00092	0.00368	1.66	97880	360	390677	6935043	70.85
1971	5-9	0.00048	0.00239	2.29	97520	233	486969	6544366	67.11
1971	10-14	0.00046	0.00230	2.75	97287	224	485932	6057397	62.26
1971	15-19	0.00121	0.00603	2.81	97063	585	484035	5571465	57.40
1971	20-24	0.00157	0.00781	2.56	96478	754	480550	5087430	52.73
1971	25-29	0.00163	0.00813	2.54	95724	778	476705	4606880	48.13
1971	30-34	0.00197	0.00983	2.62	94946	933	472513	4130175	43.50
1971	35-39	0.00286	0.01420	2.65	94013	1335	466923	3657662	38.91
1971	40-44	0.00426	0.02109	2.68	92677	1954	458846	3190739	34.43
1971	45-49	0.00642	0.03160	2.64	90723	2867	446860	2731894	30.11
1971	50-54	0.00965	0.04719	2.63	87856	4146	429454	2285034	26.01
1971	55-59	0.01399	0.06768	2.61	83710	5666	405018	1855579	22.17
1971	60-64	0.02042	0.09733	2.6	78044	7596	372007	1450561	18.59
1971	65-69	0.02832	0.13238	2.54	70448	9326	329342	1078554	15.31
1971	70-74	0.04303	0.19461	2.55	61122	11895	276450	749213	12.26
1971	75-79	0.06437	0.27779	2.54	49227	13675	212428	472762	9.60
1971	80-84	0.09758	0.39185	2.49	35552	13931	142770	260334	7.32
1971	85-89	0.15099	0.53917	2.35	21621	11657	77207	117564	5.44
1971	90-94	0.22245	0.68585	2.21	9964	6834	30720	40357	4.05
1971	95-99	0.30681	0.80049	2.01	3130	2506	8167	9637	3.08
1971	100-104	0.41401	0.88935	1.79	624	555	1341	1470	2.35
1971	105-109	0.53115	0.94227	1.58	69	65	123	129	1.87
1971	110+	0.62720	1.00000	1.59	4	4	6	6	1.59
1972	0	0.02057	0.02020	0.11	100000	2020	98193	7025647	70.26
1972	1-4	0.00090	0.00360	1.64	97980	353	391090	6927454	70.70
1972	5-9	0.00047	0.00235	2.34	97628	230	487528	6536363	66.95
1972	10-14	0.00047	0.00237	2.71	97398	230	486463	6048836	62.10
1972	15-19	0.00125	0.00622	2.77	97168	604	484492	5562373	57.25
1972	20-24	0.00157	0.00782	2.52	96563	755	480944	5077881	52.59
1972	25-29	0.00161	0.00803	2.58	95808	770	477176	4596938	47.98
1972	30-34	0.00199	0.00991	2.63	95038	942	472957	4119762	43.35
1972	35-39	0.00280	0.01389	2.66	94097	1307	467431	3646804	38.76
1972	40-44	0.00425	0.02103	2.69	92790	1951	459445	3179373	34.26
1972	45-49	0.00666	0.03277	2.65	90839	2977	447197	2719928	29.94
1972	50-54	0.00974	0.04758	2.64	87862	4181	429429	2272731	25.87
1972	55-59	0.01406	0.06803	2.63	83681	5693	404930	1843302	22.03
1972	60-64	0.02097	0.09983	2.61	77988	7785	371329	1438372	18.44
1972	65-69	0.02916	0.13614	2.56	70202	9557	327732	1067042	15.20
1972	70-74	0.04373	0.19762	2.56	60645	11984	274041	739311	12.19
1972	75-79	0.06461	0.27892	2.55	48661	13572	210062	465269	9.56
1972	80-84	0.09926	0.39705	2.48	35088	13932	140356	255207	7.27
1972	85-89	0.15266	0.54405	2.36	21156	11510	75396	114851	5.43
1972	90-94	0.21920	0.68113	2.22	9646	6570	29974	39456	4.09
1972	95-99	0.30653	0.80001	2.01	3076	2461	8028	9482	3.08
1972	100-104	0.41232	0.88817	1.8	615	546	1325	1454	2.36
1972	105-109	0.52804	0.94117	1.58	69	65	123	129	1.88
1972	110+	0.62305	1.00000	1.61	4	4	6	6	1.61
1973	0	0.02026	0.01990	0.1	100000	1990	98218	7043227	70.43
1973	1-4	0.00092	0.00366	1.66	98010	359	391201	6945009	70.86
1973	5-9	0.00048	0.00240	2.34	97651	234	487634	6553808	67.11
1973	10-14	0.00046	0.00230	2.75	97417	224	486582	6066174	62.27
1973	15-19	0.00122	0.00608	2.77	97193	591	484646	5579592	57.41
1973	20-24	0.00154	0.00766	2.48	96602	740	481145	5094946	52.74
1973	25-29	0.00162	0.00806	2.56	95862	773	477428	4613801	48.13
1973	30-34	0.00192	0.00953	2.56	95089	906	473239	4136373	43.50
1973	35-39	0.00277	0.01376	2.65	94183	1296	467864	3663133	38.89
1973	40-44	0.00420	0.02080	2.65	92887	1932	459887	3195269	34.40
1973	45-49	0.00647	0.03187	2.65	90955	2899	447958	2735382	30.07
1973	50-54	0.00966	0.04722	2.62	88056	4158	430404	2287424	25.98
1973	55-59	0.01395	0.06754	2.63	83899	5667	406085	1857020	22.13
1973	60-64	0.02068	0.09856	2.61	78232	7710	372758	1450936	18.55
1973	65-69	0.02849	0.13321	2.57	70522	9394	329760	1078178	15.29
1973	70-74	0.04297	0.19447	2.56	61127	11887	276626	748418	12.24
1973	75-79	0.06311	0.27306	2.53	49240	13445	213035	471792	9.58
1973	80-84	0.09959	0.39835	2.49	35795	14259	143169	258757	7.23
1973	85-89	0.15370	0.54699	2.37	21536	11780	76641	115588	5.37
1973	90-94	0.22502	0.68899	2.19	9756	6722	29871	38947	3.99
1973	95-99	0.31688	0.81147	1.99	3034	2462	7770	9076	2.99
1973	100-104	0.42801	0.89785	1.77	572	514	1200	1306	2.28
1973	105-109	0.54821	0.94767	1.55	58	55	101	106	1.81
1973	110+	0.64597	1.00000	1.55	3	3	5	5	1.55
1974	0	0.01913	0.01881	0.1	100000	1881	98310	7113181	71.13
1974	1-4	0.00083	0.00331	1.62	98119	325	391705	7014871	71.49
1974	5-9	0.00042	0.00210	2.4	97795	205	488440	6623166	67.73
1974	10-14	0.00044	0.00220	2.79	97590	214	487473	6134726	62.86
1974	15-19	0.00114	0.00570	2.84	97375	556	485674	5647253	57.99
1974	20-24	0.00143	0.00715	2.5	96820	692	482367	5161579	53.31
1974	25-29	0.00154	0.00768	2.54	96128	739	478819	4679212	48.68
1974	30-34	0.00183	0.00909	2.64	95389	867	474900	4200393	44.03
1974	35-39	0.00252	0.01251	2.68	94522	1183	469862	3725493	39.41
1974	40-44	0.00393	0.01949	2.68	93339	1819	462478	3255630	34.88
1974	45-49	0.00618	0.03044	2.67	91520	2786	451119	2793152	30.52
1974	50-54	0.00919	0.04499	2.63	88733	3992	434198	2342033	26.39
1974	55-59	0.01331	0.06452	2.62	84742	5468	410721	1907835	22.51
1974	60-64	0.02000	0.09547	2.62	79274	7568	378337	1497114	18.89
1974	65-69	0.02785	0.13047	2.58	71706	9356	335887	1118777	15.60
1974	70-74	0.04142	0.18836	2.6	62350	11744	283533	782890	12.56
1974	75-79	0.05932	0.25913	2.56	50606	13113	221061	499357	9.87
1974	80-84	0.09541	0.38508	2.5	37492	14438	151324	278296	7.42
1974	85-89	0.14843	0.53378	2.37	23055	12306	82908	126972	5.51
1974	90-94	0.21793	0.67830	2.22	10749	7291	33455	44064	4.10
1974	95-99	0.30773	0.80184	2.01	3458	2773	9010	10609	3.07
1974	100-104	0.41793	0.89203	1.79	685	611	1462	1599	2.33
1974	105-109	0.53826	0.94471	1.57	74	70	130	136	1.84
1974	110+	0.63663	1.00000	1.57	4	4	6	6	1.57
1975	0	0.01838	0.01808	0.1	100000	1808	98371	7176044	71.76
1975	1-4	0.00079	0.00317	1.63	98192	311	392028	7077673	72.08
1975	5-9	0.00039	0.00194	2.35	97880	190	488901	6685645	68.30
1975	10-14	0.00041	0.00207	2.74	97691	202	487998	6196744	63.43
1975	15-19	0.00109	0.00542	2.8	97489	528	486282	5708746	58.56
1975	20-24	0.00139	0.00695	2.48	96960	674	483100	5222464	53.86
1975	25-29	0.00145	0.00722	2.5	96286	695	479692	4739364	49.22
1975	30-34	0.00168	0.00837	2.58	95591	800	476019	4259672	44.56
1975	35-39	0.00244	0.01213	2.7	94791	1150	471311	3783653	39.92
1975	40-44	0.00373	0.01847	2.66	93642	1730	464156	3312342	35.37
1975	45-49	0.00582	0.02869	2.67	91912	2637	453413	2848186	30.99
1975	50-54	0.00881	0.04313	2.62	89275	3851	437222	2394774	26.82
1975	55-59	0.01298	0.06297	2.62	85424	5379	414329	1957552	22.92
1975	60-64	0.01909	0.09131	2.62	80045	7309	382807	1543223	19.28
1975	65-69	0.02666	0.12526	2.59	72736	9111	341716	1160416	15.95
1975	70-74	0.03940	0.17989	2.59	63625	11445	290522	818700	12.87
1975	75-79	0.05791	0.25356	2.55	52180	13231	228466	528178	10.12
1975	80-84	0.09145	0.37232	2.51	38949	14502	158568	299712	7.69
1975	85-89	0.13903	0.50971	2.38	24447	12461	89630	141143	5.77
1975	90-94	0.20602	0.65561	2.23	11986	7858	38143	51513	4.30
1975	95-99	0.28933	0.78053	2.05	4128	3222	11136	13370	3.24
1975	100-104	0.39366	0.87617	1.83	906	794	2016	2234	2.47
1975	105-109	0.50985	0.93500	1.61	112	105	206	218	1.94
1975	110+	0.60618	1.00000	1.65	7	7	12	12	1.65
1976	0	0.01747	0.01720	0.1	100000	1720	98446	7211300	72.11
1976	1-4	0.00076	0.00303	1.65	98280	298	392420	7112854	72.37
1976	5-9	0.00037	0.00187	2.32	97982	184	489419	6720434	68.59
1976	10-14	0.00038	0.00191	2.82	97799	187	488585	6231015	63.71
1976	15-19	0.00102	0.00510	2.84	97612	498	486983	5742430	58.83
1976	20-24	0.00130	0.00646	2.47	97114	627	483980	5255448	54.12
1976	25-29	0.00136	0.00679	2.54	96486	655	480819	4771468	49.45
1976	30-34	0.00156	0.00775	2.63	95831	742	477396	4290648	44.77
1976	35-39	0.00229	0.01138	2.69	95088	1082	472943	3813252	40.10
1976	40-44	0.00361	0.01792	2.66	94007	1685	466086	3340309	35.53
1976	45-49	0.00560	0.02765	2.67	92322	2553	455674	2874223	31.13
1976	50-54	0.00870	0.04265	2.65	89769	3829	439839	2418549	26.94
1976	55-59	0.01280	0.06211	2.63	85941	5338	417066	1978710	23.02
1976	60-64	0.01870	0.08950	2.61	80603	7214	385785	1561644	19.37
1976	65-69	0.02646	0.12440	2.6	73389	9130	345012	1175859	16.02
1976	70-74	0.03817	0.17459	2.56	64259	11219	293949	830847	12.93
1976	75-79	0.05798	0.25350	2.53	53040	13446	231924	536898	10.12
1976	80-84	0.09074	0.36996	2.51	39594	14648	161428	304974	7.70
1976	85-89	0.13872	0.50918	2.39	24946	12702	91568	143546	5.75
1976	90-94	0.20888	0.66199	2.23	12244	8105	38804	51979	4.25
1976	95-99	0.29484	0.78739	2.04	4139	3259	11052	13175	3.18
1976	100-104	0.40303	0.88275	1.82	880	777	1927	2123	2.41
1976	105-109	0.52285	0.93976	1.59	103	97	185	195	1.89
1976	110+	0.62172	1.00000	1.61	6	6	10	10	1.61
1977	0	0.01664	0.01639	0.09	100000	1639	98516	7242817	72.43
1977	1-4	0.00073	0.00292	1.61	98361	287	392758	7144301	72.63
1977	5-9	0.00036	0.00180	2.29	98074	177	489889	6751542	68.84
1977	10-14	0.00038	0.00192	2.78	97897	188	489067	6261654	63.96
1977	15-19	0.00107	0.00532	2.85	97709	520	487426	5772586	59.08
1977	20-24	0.00137	0.00680	2.5	97189	661	484288	5285160	54.38
1977	25-29	0.00139	0.00694	2.53	96528	670	480983	4800872	49.74
1977	30-34	0.00157	0.00780	2.61	95858	748	477503	4319889	45.07
1977	35-39	0.00226	0.01124	2.66	95111	1069	473055	3842386	40.40
1977	40-44	0.00349	0.01730	2.69	94041	1627	466442	3369330	35.83
1977	45-49	0.00540	0.02665	2.67	92414	2463	456341	2902888	31.41
1977	50-54	0.00844	0.04136	2.62	89951	3720	440915	2446547	27.20
1977	55-59	0.01264	0.06135	2.63	86231	5290	418615	2005632	23.26
1977	60-64	0.01816	0.08706	2.62	80941	7047	387934	1587017	19.61
1977	65-69	0.02575	0.12129	2.61	73894	8963	348013	1199083	16.23
1977	70-74	0.03754	0.17199	2.57	64931	11168	297498	851070	13.11
1977	75-79	0.05631	0.24741	2.55	53764	13302	236206	553572	10.30
1977	80-84	0.08839	0.36217	2.51	40462	14654	165792	317367	7.84
1977	85-89	0.13553	0.50096	2.4	25808	12929	95390	151575	5.87
1977	90-94	0.20166	0.64826	2.25	12879	8349	41401	56185	4.36
1977	95-99	0.28650	0.77743	2.06	4530	3522	12292	14783	3.26
1977	100-104	0.39271	0.87581	1.84	1008	883	2249	2491	2.47
1977	105-109	0.51152	0.93581	1.61	125	117	229	242	1.93
1977	110+	0.61016	1.00000	1.64	8	8	13	13	1.64
1978	0	0.01574	0.01552	0.09	100000	1552	98591	7265714	72.66
1978	1-4	0.00074	0.00294	1.6	98448	290	393099	7167123	72.80
1978	5-9	0.00036	0.00179	2.32	98159	176	490323	6774023	69.01
1978	10-14	0.00037	0.00185	2.75	97983	181	489508	6283701	64.13
1978	15-19	0.00105	0.00525	2.85	97802	513	487911	5794192	59.24
1978	20-24	0.00139	0.00693	2.5	97289	674	484759	5306282	54.54
1978	25-29	0.00138	0.00688	2.5	96615	665	481410	4821523	49.90
1978	30-34	0.00151	0.00754	2.61	95950	724	478024	4340113	45.23
1978	35-39	0.00218	0.01084	2.65	95227	1032	473706	3862089	40.56
1978	40-44	0.00340	0.01688	2.68	94194	1590	467278	3388382	35.97
1978	45-49	0.00526	0.02598	2.64	92604	2406	457337	2921105	31.54
1978	50-54	0.00821	0.04027	2.64	90198	3632	442426	2463768	27.32
1978	55-59	0.01231	0.05981	2.63	86566	5178	420577	2021342	23.35
1978	60-64	0.01779	0.08534	2.62	81388	6946	390422	1600765	19.67
1978	65-69	0.02565	0.12080	2.59	74442	8993	350582	1210342	16.26
1978	70-74	0.03732	0.17111	2.57	65449	11199	300070	859760	13.14
1978	75-79	0.05573	0.24501	2.54	54250	13292	238511	559690	10.32
1978	80-84	0.08776	0.35988	2.5	40958	14740	167961	321179	7.84
1978	85-89	0.13619	0.50272	2.4	26218	13180	96779	153218	5.84
1978	90-94	0.20283	0.65093	2.25	13038	8487	41840	56440	4.33
1978	95-99	0.29203	0.78432	2.05	4551	3570	12223	14599	3.21
1978	100-104	0.40146	0.88192	1.82	982	866	2156	2376	2.42
1978	105-109	0.52306	0.93997	1.59	116	109	208	219	1.89
1978	110+	0.62352	1.00000	1.6	7	7	11	11	1.60
1979	0	0.01491	0.01471	0.09	100000	1471	98660	7307578	73.08
1979	1-4	0.00071	0.00282	1.65	98529	278	393460	7208917	73.17
1979	5-9	0.00034	0.00171	2.32	98251	168	490802	6815457	69.37
1979	10-14	0.00036	0.00182	2.79	98082	178	490017	6324655	64.48
1979	15-19	0.00104	0.00517	2.85	97904	506	488432	5834637	59.60
1979	20-24	0.00137	0.00685	2.53	97398	667	485344	5346206	54.89
1979	25-29	0.00140	0.00699	2.49	96731	676	481959	4860862	50.25
1979	30-34	0.00156	0.00776	2.57	96055	745	478466	4378903	45.59
1979	35-39	0.00212	0.01056	2.64	95309	1007	474172	3900438	40.92
1979	40-44	0.00327	0.01621	2.72	94303	1528	468026	3426265	36.33
1979	45-49	0.00509	0.02516	2.68	92774	2334	458449	2958240	31.89
1979	50-54	0.00802	0.03936	2.66	90440	3559	443861	2499791	27.64
1979	55-59	0.01196	0.05813	2.63	86881	5050	422452	2055930	23.66
1979	60-64	0.01722	0.08271	2.61	81830	6768	393008	1633478	19.96
1979	65-69	0.02483	0.11713	2.59	75062	8792	354142	1240470	16.53
1979	70-74	0.03643	0.16744	2.59	66270	11096	304614	886328	13.37
1979	75-79	0.05381	0.23777	2.56	55173	13119	243807	581715	10.54
1979	80-84	0.08489	0.35061	2.52	42055	14745	173684	337908	8.03
1979	85-89	0.13109	0.48879	2.4	27310	13349	101827	164223	6.01
1979	90-94	0.19504	0.63506	2.25	13961	8866	45459	62396	4.47
1979	95-99	0.28023	0.76982	2.07	5095	3922	13996	16937	3.32
1979	100-104	0.38631	0.87145	1.85	1173	1022	2646	2940	2.51
1979	105-109	0.50579	0.93381	1.62	151	141	278	295	1.96
1979	110+	0.60536	1.00000	1.65	10	10	16	16	1.65
1980	0	0.01430	0.01411	0.09	100000	1411	98713	7303279	73.03
1980	1-4	0.00071	0.00283	1.62	98589	279	393693	7204566	73.08
1980	5-9	0.00034	0.00167	2.4	98310	165	491123	6810873	69.28
1980	10-14	0.00035	0.00172	2.76	98146	169	490349	6319751	64.39
1980	15-19	0.00107	0.00532	2.86	97976	521	488768	5829401	59.50
1980	20-24	0.00146	0.00729	2.51	97455	711	485509	5340634	54.80
1980	25-29	0.00146	0.00727	2.53	96745	703	481984	4855124	50.18
1980	30-34	0.00155	0.00774	2.55	96041	743	478382	4373140	45.53
1980	35-39	0.00209	0.01040	2.67	95298	991	474175	3894758	40.87
1980	40-44	0.00316	0.01569	2.66	94306	1480	468074	3420583	36.27
1980	45-49	0.00502	0.02479	2.67	92827	2302	458764	2952508	31.81
1980	50-54	0.00788	0.03871	2.66	90525	3504	444410	2493744	27.55
1980	55-59	0.01189	0.05785	2.64	87021	5034	423237	2049334	23.55
1980	60-64	0.01735	0.08329	2.61	81987	6829	393586	1626096	19.83
1980	65-69	0.02511	0.11838	2.6	75158	8898	354396	1232510	16.40
1980	70-74	0.03702	0.16986	2.57	66261	11255	303989	878114	13.25
1980	75-79	0.05453	0.24024	2.53	55006	13214	242344	574126	10.44
1980	80-84	0.08620	0.35458	2.5	41792	14819	171908	331782	7.94
1980	85-89	0.13304	0.49393	2.39	26973	13323	100141	159874	5.93
1980	90-94	0.20043	0.64535	2.24	13650	8809	43952	59733	4.38
1980	95-99	0.28665	0.77783	2.06	4841	3766	13136	15781	3.26
1980	100-104	0.39466	0.87733	1.83	1076	944	2391	2644	2.46
1980	105-109	0.51541	0.93732	1.61	132	124	240	253	1.92
1980	110+	0.61561	1.00000	1.62	8	8	13	13	1.62
1981	0	0.01307	0.01291	0.08	100000	1291	98818	7335583	73.36
1981	1-4	0.00067	0.00267	1.62	98709	264	394208	7236765	73.31
1981	5-9	0.00032	0.00160	2.38	98445	158	491813	6842557	69.51
1981	10-14	0.00033	0.00164	2.7	98287	161	491066	6350744	64.61
1981	15-19	0.00098	0.00491	2.88	98126	482	489610	5859678	59.72
1981	20-24	0.00138	0.00686	2.54	97644	670	486576	5370068	55.00
1981	25-29	0.00145	0.00724	2.5	96974	702	483119	4883491	50.36
1981	30-34	0.00155	0.00772	2.57	96273	743	479559	4400373	45.71
1981	35-39	0.00204	0.01013	2.65	95530	968	475379	3920813	41.04
1981	40-44	0.00308	0.01531	2.66	94562	1448	469423	3445435	36.44
1981	45-49	0.00492	0.02430	2.65	93114	2263	460258	2976012	31.96
1981	50-54	0.00767	0.03769	2.66	90852	3425	446245	2515754	27.69
1981	55-59	0.01165	0.05670	2.62	87427	4957	425362	2069509	23.67
1981	60-64	0.01712	0.08220	2.6	82470	6779	396086	1644147	19.94
1981	65-69	0.02473	0.11668	2.59	75690	8832	357139	1248061	16.49
1981	70-74	0.03662	0.16815	2.57	66859	11242	306975	890922	13.33
1981	75-79	0.05314	0.23463	2.51	55616	13049	245568	583947	10.50
1981	80-84	0.08615	0.35386	2.48	42567	15063	174853	338378	7.95
1981	85-89	0.13312	0.49492	2.41	27504	13612	102255	163525	5.95
1981	90-94	0.19862	0.64251	2.25	13892	8926	44938	61270	4.41
1981	95-99	0.28379	0.77424	2.07	4966	3845	13549	16332	3.29
1981	100-104	0.39056	0.87445	1.84	1121	980	2510	2783	2.48
1981	105-109	0.51046	0.93552	1.61	141	132	258	273	1.94
1981	110+	0.61023	1.00000	1.64	9	9	15	15	1.64
1982	0	0.01272	0.01258	0.08	100000	1258	98848	7382682	73.83
1982	1-4	0.00064	0.00257	1.59	98742	254	394356	7283834	73.77
1982	5-9	0.00031	0.00155	2.38	98488	153	492040	6889478	69.95
1982	10-14	0.00032	0.00158	2.76	98335	155	491327	6397438	65.06
1982	15-19	0.00095	0.00473	2.87	98180	464	489913	5906111	60.16
1982	20-24	0.00130	0.00648	2.52	97716	633	487010	5416198	55.43
1982	25-29	0.00135	0.00673	2.53	97083	653	483803	4929188	50.77
1982	30-34	0.00149	0.00744	2.55	96430	717	480395	4445385	46.10
1982	35-39	0.00196	0.00976	2.63	95713	934	476351	3964990	41.43
1982	40-44	0.00290	0.01438	2.67	94778	1363	470713	3488638	36.81
1982	45-49	0.00462	0.02285	2.71	93416	2134	462181	3017925	32.31
1982	50-54	0.00738	0.03627	2.67	91281	3310	448679	2555744	28.00
1982	55-59	0.01118	0.05448	2.64	87971	4792	428531	2107066	23.95
1982	60-64	0.01676	0.08056	2.61	83179	6701	399865	1678535	20.18
1982	65-69	0.02420	0.11434	2.6	76478	8745	361389	1278669	16.72
1982	70-74	0.03553	0.16359	2.58	67733	11081	311872	917280	13.54
1982	75-79	0.05239	0.23216	2.55	56653	13153	251070	605408	10.69
1982	80-84	0.08365	0.34590	2.5	43500	15047	179885	354338	8.15
1982	85-89	0.12752	0.47939	2.41	28453	13640	106961	174453	6.13
1982	90-94	0.19042	0.62715	2.28	14813	9290	48788	67491	4.56
1982	95-99	0.27422	0.76213	2.09	5523	4209	15350	18703	3.39
1982	100-104	0.37884	0.86600	1.87	1314	1138	3003	3353	2.55
1982	105-109	0.49755	0.93069	1.64	176	164	329	350	1.99
1982	110+	0.59696	1.00000	1.68	12	12	20	20	1.68
1983	0	0.01236	0.01222	0.08	100000	1222	98879	7390161	73.90
1983	1-4	0.00062	0.00249	1.63	98778	246	394531	7291282	73.81
1983	5-9	0.00030	0.00148	2.34	98533	146	492274	6896751	69.99
1983	10-14	0.00029	0.00147	2.79	98386	145	491613	6404477	65.10
1983	15-19	0.00089	0.00444	2.88	98242	436	490286	5912864	60.19
1983	20-24	0.00119	0.00594	2.52	97806	581	487590	5422579	55.44
1983	25-29	0.00127	0.00634	2.5	97225	617	484583	4934989	50.76
1983	30-34	0.00143	0.00713	2.57	96608	689	481365	4450405	46.07
1983	35-39	0.00187	0.00930	2.66	95919	892	477502	3969041	41.38
1983	40-44	0.00280	0.01393	2.67	95027	1324	472053	3491539	36.74
1983	45-49	0.00448	0.02215	2.68	93703	2075	463707	3019485	32.22
1983	50-54	0.00717	0.03527	2.66	91628	3232	450584	2555778	27.89
1983	55-59	0.01126	0.05486	2.64	88396	4849	430532	2105194	23.82
1983	60-64	0.01676	0.08061	2.63	83547	6734	401752	1674662	20.04
1983	65-69	0.02432	0.11492	2.61	76812	8827	362926	1272910	16.57
1983	70-74	0.03652	0.16785	2.59	67985	11411	312424	909983	13.39
1983	75-79	0.05324	0.23545	2.55	56574	13320	250196	597559	10.56
1983	80-84	0.08528	0.35199	2.52	43254	15225	178528	347363	8.03
1983	85-89	0.13006	0.48575	2.4	28029	13615	104680	168836	6.02
1983	90-94	0.19593	0.63806	2.27	14414	9197	46940	64155	4.45
1983	95-99	0.28251	0.77281	2.07	5217	4032	14271	17215	3.30
1983	100-104	0.39022	0.87435	1.84	1185	1036	2656	2944	2.48
1983	105-109	0.51135	0.93594	1.61	149	139	273	288	1.93
1983	110+	0.61220	1.00000	1.63	10	10	16	16	1.63
1984	0	0.01196	0.01183	0.08	100000	1183	98914	7408057	74.08
1984	1-4	0.00059	0.00236	1.62	98817	233	394715	7309143	73.97
1984	5-9	0.00027	0.00137	2.38	98584	135	492567	6914429	70.14
1984	10-14	0.00031	0.00153	2.76	98449	150	491908	6421862	65.23
1984	15-19	0.00086	0.00429	2.83	98299	422	490576	5929954	60.33
1984	20-24	0.00121	0.00605	2.53	97877	592	487921	5439378	55.57
1984	25-29	0.00127	0.00634	2.54	97285	616	484906	4951457	50.90
1984	30-34	0.00145	0.00723	2.55	96668	699	481630	4466551	46.20
1984	35-39	0.00184	0.00915	2.65	95969	878	477784	3984921	41.52
1984	40-44	0.00283	0.01405	2.67	95091	1336	472340	3507137	36.88
1984	45-49	0.00439	0.02175	2.69	93756	2039	464066	3034796	32.37
1984	50-54	0.00710	0.03493	2.66	91717	3204	451094	2570730	28.03
1984	55-59	0.01105	0.05387	2.65	88513	4768	431380	2119637	23.95
1984	60-64	0.01669	0.08029	2.63	83745	6724	402815	1688257	20.16
1984	65-69	0.02400	0.11348	2.6	77021	8740	364168	1285442	16.69
1984	70-74	0.03590	0.16520	2.59	68281	11280	314173	921274	13.49
1984	75-79	0.05266	0.23322	2.55	57001	13294	252439	607100	10.65
1984	80-84	0.08357	0.34620	2.52	43707	15131	181072	354662	8.11
1984	85-89	0.12796	0.48056	2.41	28576	13733	107322	173590	6.07
1984	90-94	0.19465	0.63554	2.27	14843	9434	48465	66267	4.46
1984	95-99	0.28314	0.77388	2.07	5410	4187	14786	17803	3.29
1984	100-104	0.39317	0.87663	1.84	1223	1072	2728	3017	2.47
1984	105-109	0.51680	0.93803	1.6	151	142	274	289	1.92
1984	110+	0.61957	1.00000	1.61	9	9	15	15	1.61
1985	0	0.01186	0.01173	0.08	100000	1173	98922	7403258	74.03
1985	1-4	0.00058	0.00230	1.63	98827	227	394769	7304335	73.91
1985	5-9	0.00028	0.00138	2.36	98600	136	492641	6909566	70.08
1985	10-14	0.00032	0.00158	2.76	98464	156	491972	6416925	65.17
1985	15-19	0.00088	0.00438	2.82	98308	431	490602	5924953	60.27
1985	20-24	0.00121	0.00602	2.53	97878	589	487931	5434351	55.52
1985	25-29	0.00126	0.00630	2.53	97288	613	484927	4946420	50.84
1985	30-34	0.00146	0.00725	2.57	96675	701	481671	4461493	46.15
1985	35-39	0.00185	0.00922	2.59	95974	885	477742	3979822	41.47
1985	40-44	0.00280	0.01390	2.67	95089	1322	472370	3502080	36.83
1985	45-49	0.00440	0.02179	2.69	93767	2043	464124	3029709	32.31
1985	50-54	0.00709	0.03488	2.65	91724	3200	451114	2565586	27.97
1985	55-59	0.01105	0.05385	2.66	88524	4767	431443	2114472	23.89
1985	60-64	0.01654	0.07957	2.61	83757	6664	402831	1683029	20.09
1985	65-69	0.02407	0.11374	2.58	77093	8768	364282	1280198	16.61
1985	70-74	0.03607	0.16587	2.58	68324	11333	314205	915916	13.41
1985	75-79	0.05313	0.23497	2.54	56991	13391	252066	601711	10.56
1985	80-84	0.08439	0.34884	2.52	43600	15210	180221	349646	8.02
1985	85-89	0.13097	0.48878	2.41	28391	13877	105957	169425	5.97
1985	90-94	0.20005	0.64718	2.27	14514	9393	46954	63468	4.37
1985	95-99	0.28976	0.78211	2.06	5121	4005	13822	16514	3.22
1985	100-104	0.40259	0.88309	1.82	1116	985	2448	2692	2.41
1985	105-109	0.52850	0.94207	1.58	130	123	233	244	1.87
1985	110+	0.63259	1.00000	1.58	8	8	12	12	1.58
1986	0	0.01134	0.01122	0.08	100000	1122	98967	7413922	74.14
1986	1-4	0.00059	0.00234	1.61	98878	231	394957	7314955	73.98
1986	5-9	0.00027	0.00135	2.37	98646	133	492881	6919998	70.15
1986	10-14	0.00031	0.00157	2.83	98513	155	492231	6427117	65.24
1986	15-19	0.00095	0.00472	2.81	98359	464	490778	5934886	60.34
1986	20-24	0.00126	0.00628	2.5	97894	614	487936	5444107	55.61
1986	25-29	0.00132	0.00660	2.55	97280	642	484829	4956172	50.95
1986	30-34	0.00157	0.00784	2.57	96639	758	481353	4471343	46.27
1986	35-39	0.00193	0.00962	2.61	95881	922	477197	3989990	41.61
1986	40-44	0.00277	0.01376	2.67	94959	1307	471753	3512793	36.99
1986	45-49	0.00429	0.02124	2.65	93652	1989	463589	3041040	32.47
1986	50-54	0.00696	0.03425	2.66	91663	3140	450976	2577452	28.12
1986	55-59	0.01072	0.05227	2.66	88523	4627	431797	2126475	24.02
1986	60-64	0.01638	0.07880	2.61	83896	6611	403701	1694678	20.20
1986	65-69	0.02380	0.11252	2.57	77285	8696	365331	1290977	16.70
1986	70-74	0.03569	0.16430	2.58	68589	11269	315716	925646	13.50
1986	75-79	0.05271	0.23330	2.54	57319	13373	253724	609930	10.64
1986	80-84	0.08286	0.34329	2.5	43947	15086	182076	356207	8.11
1986	85-89	0.12865	0.48232	2.41	28860	13920	108198	174130	6.03
1986	90-94	0.19760	0.64103	2.26	14940	9577	48468	65932	4.41
1986	95-99	0.28648	0.77817	2.07	5363	4173	14568	17464	3.26
1986	100-104	0.39872	0.88054	1.83	1190	1048	2627	2896	2.43
1986	105-109	0.52434	0.94070	1.59	142	134	255	268	1.89
1986	110+	0.62841	1.00000	1.59	8	8	13	13	1.59
1987	0	0.01122	0.01110	0.08	100000	1110	98978	7430165	74.30
1987	1-4	0.00057	0.00226	1.63	98890	224	395030	7331187	74.13
1987	5-9	0.00027	0.00136	2.36	98666	134	492976	6936157	70.30
1987	10-14	0.00029	0.00145	2.82	98532	143	492349	6443181	65.39
1987	15-19	0.00092	0.00457	2.81	98389	450	490961	5950832	60.48
1987	20-24	0.00122	0.00609	2.52	97939	596	488218	5459871	55.75
1987	25-29	0.00131	0.00655	2.55	97343	637	485153	4971652	51.07
1987	30-34	0.00158	0.00788	2.55	96706	762	481666	4486499	46.39
1987	35-39	0.00197	0.00979	2.61	95944	939	477479	4004833	41.74
1987	40-44	0.00273	0.01356	2.66	95005	1288	472016	3527354	37.13
1987	45-49	0.00420	0.02077	2.66	93717	1947	464026	3055338	32.60
1987	50-54	0.00683	0.03362	2.67	91771	3085	451659	2591312	28.24
1987	55-59	0.01053	0.05141	2.67	88686	4559	432790	2139653	24.13
1987	60-64	0.01620	0.07797	2.61	84126	6559	404979	1706864	20.29
1987	65-69	0.02370	0.11211	2.59	77567	8696	366890	1301885	16.78
1987	70-74	0.03504	0.16165	2.61	68871	11133	317702	934995	13.58
1987	75-79	0.05207	0.23101	2.56	57738	13338	256166	617293	10.69
1987	80-84	0.08225	0.34123	2.51	44400	15151	184202	361127	8.13
1987	85-89	0.12818	0.48130	2.41	29249	14078	109824	176925	6.05
1987	90-94	0.19652	0.63995	2.28	15172	9709	49404	67101	4.42
1987	95-99	0.28800	0.78022	2.06	5463	4262	14799	17697	3.24
1987	100-104	0.40223	0.88305	1.82	1201	1060	2636	2898	2.41
1987	105-109	0.52995	0.94266	1.58	140	132	250	262	1.87
1987	110+	0.63554	1.00000	1.57	8	8	13	13	1.57
1988	0	0.01127	0.01116	0.08	100000	1116	98973	7422634	74.23
1988	1-4	0.00057	0.00229	1.64	98884	226	395002	7323661	74.06
1988	5-9	0.00027	0.00135	2.43	98658	133	492948	6928659	70.23
1988	10-14	0.00031	0.00156	2.79	98525	153	492286	6435712	65.32
1988	15-19	0.00094	0.00468	2.79	98372	460	490842	5943425	60.42
1988	20-24	0.00125	0.00623	2.54	97911	610	488057	5452583	55.69
1988	25-29	0.00137	0.00681	2.53	97301	663	484872	4964526	51.02
1988	30-34	0.00165	0.00824	2.52	96639	796	481219	4479655	46.35
1988	35-39	0.00202	0.01004	2.6	95842	962	476905	3998436	41.72
1988	40-44	0.00274	0.01360	2.65	94880	1291	471374	3521531	37.12
1988	45-49	0.00422	0.02089	2.69	93590	1955	463424	3050156	32.59
1988	50-54	0.00672	0.03308	2.68	91635	3032	451142	2586733	28.23
1988	55-59	0.01064	0.05190	2.63	88603	4598	432114	2135591	24.10
1988	60-64	0.01617	0.07783	2.61	84005	6538	404415	1703477	20.28
1988	65-69	0.02359	0.11165	2.61	77467	8650	366654	1299062	16.77
1988	70-74	0.03468	0.16016	2.62	68818	11022	317814	932408	13.55
1988	75-79	0.05238	0.23228	2.56	57796	13425	256284	614594	10.63
1988	80-84	0.08284	0.34343	2.51	44371	15238	183958	358310	8.08
1988	85-89	0.12974	0.48625	2.42	29133	14166	109185	174352	5.98
1988	90-94	0.20046	0.64716	2.26	14967	9686	48320	65167	4.35
1988	95-99	0.29315	0.78647	2.05	5281	4153	14168	16847	3.19
1988	100-104	0.40934	0.88769	1.81	1128	1001	2445	2679	2.38
1988	105-109	0.53838	0.94536	1.57	127	120	222	233	1.84
1988	110+	0.64451	1.00000	1.55	7	7	11	11	1.55
1989	0	0.01130	0.01118	0.08	100000	1118	98971	7440960	74.41
1989	1-4	0.00056	0.00223	1.61	98882	220	395000	7341989	74.25
1989	5-9	0.00027	0.00135	2.44	98661	133	492967	6946988	70.41
1989	10-14	0.00031	0.00156	2.77	98528	153	492300	6454021	65.50
1989	15-19	0.00094	0.00468	2.79	98375	460	490858	5961721	60.60
1989	20-24	0.00120	0.00599	2.59	97915	586	488158	5470863	55.87
1989	25-29	0.00139	0.00690	2.55	97328	672	484996	4982705	51.19
1989	30-34	0.00172	0.00856	2.62	96657	827	481314	4497708	46.53
1989	35-39	0.00206	0.01025	2.58	95829	982	476767	4016395	41.91
1989	40-44	0.00278	0.01383	2.64	94847	1312	471144	3539628	37.32
1989	45-49	0.00423	0.02093	2.65	93535	1958	463066	3068484	32.81
1989	50-54	0.00664	0.03269	2.68	91577	2994	450939	2605418	28.45
1989	55-59	0.01045	0.05102	2.66	88583	4520	432339	2154479	24.32
1989	60-64	0.01576	0.07598	2.63	84064	6387	405197	1722139	20.49
1989	65-69	0.02319	0.10985	2.61	77677	8533	368019	1316943	16.95
1989	70-74	0.03412	0.15775	2.61	69144	10908	319688	948924	13.72
1989	75-79	0.05114	0.22741	2.57	58236	13243	258955	629236	10.80
1989	80-84	0.08072	0.33635	2.52	44993	15133	187485	370281	8.23
1989	85-89	0.12548	0.47438	2.43	29860	14165	112888	182796	6.12
1989	90-94	0.19392	0.63489	2.28	15695	9964	51385	69908	4.45
1989	95-99	0.28850	0.78109	2.06	5730	4476	15514	18523	3.23
1989	100-104	0.40487	0.88497	1.82	1254	1110	2742	3009	2.40
1989	105-109	0.53475	0.94431	1.58	144	136	255	267	1.85
1989	110+	0.64183	1.00000	1.56	8	8	13	13	1.56
1990	0	0.01067	0.01057	0.08	100000	1057	99025	7465301	74.65
1990	1-4	0.00052	0.00207	1.6	98943	205	395282	7366276	74.45
1990	5-9	0.00025	0.00125	2.36	98739	123	493367	6970993	70.60
1990	10-14	0.00029	0.00147	2.89	98615	145	492772	6477627	65.69
1990	15-19	0.00099	0.00493	2.81	98471	486	491290	5984855	60.78
1990	20-24	0.00123	0.00612	2.56	97985	599	488459	5493565	56.07
1990	25-29	0.00141	0.00704	2.55	97386	686	485245	5005106	51.39
1990	30-34	0.00169	0.00844	2.58	96700	816	481529	4519861	46.74
1990	35-39	0.00211	0.01050	2.57	95884	1007	476973	4038332	42.12
1990	40-44	0.00272	0.01350	2.61	94877	1281	471323	3561359	37.54
1990	45-49	0.00414	0.02048	2.65	93596	1917	463479	3090036	33.01
1990	50-54	0.00647	0.03187	2.66	91680	2922	451573	2626557	28.65
1990	55-59	0.01025	0.05004	2.63	88757	4441	433276	2174984	24.50
1990	60-64	0.01555	0.07500	2.62	84316	6324	406548	1741708	20.66
1990	65-69	0.02264	0.10732	2.59	77993	8370	369750	1335161	17.12
1990	70-74	0.03341	0.15463	2.6	69622	10766	322231	965410	13.87
1990	75-79	0.04981	0.22208	2.56	58856	13071	262393	643179	10.93
1990	80-84	0.07962	0.33221	2.51	45786	15210	191030	380785	8.32
1990	85-89	0.12314	0.46798	2.44	30575	14309	116204	189756	6.21
1990	90-94	0.19090	0.62776	2.27	16267	10212	53491	73552	4.52
1990	95-99	0.28045	0.77098	2.08	6055	4668	16645	20061	3.31
1990	100-104	0.39340	0.87718	1.84	1387	1216	3092	3416	2.46
1990	105-109	0.52073	0.93963	1.6	170	160	307	324	1.90
1990	110+	0.62655	1.00000	1.6	10	10	16	16	1.60
1991	0	0.01014	0.01004	0.08	100000	1004	99072	7481331	74.81
1991	1-4	0.00054	0.00216	1.62	98996	213	395475	7382259	74.57
1991	5-9	0.00024	0.00119	2.38	98782	117	493603	6986783	70.73
1991	10-14	0.00029	0.00145	2.83	98665	143	493013	6493180	65.81
1991	15-19	0.00096	0.00479	2.8	98522	472	491568	6000167	60.90
1991	20-24	0.00124	0.00619	2.48	98050	607	488718	5508599	56.18
1991	25-29	0.00140	0.00697	2.57	97442	679	485558	5019881	51.52
1991	30-34	0.00171	0.00851	2.57	96763	824	481811	4534323	46.86
1991	35-39	0.00211	0.01049	2.59	95939	1006	477272	4052512	42.24
1991	40-44	0.00274	0.01362	2.61	94933	1293	471573	3575240	37.66
1991	45-49	0.00416	0.02059	2.69	93640	1928	463737	3103667	33.14
1991	50-54	0.00632	0.03113	2.66	91712	2855	451866	2639930	28.79
1991	55-59	0.01012	0.04944	2.65	88857	4393	433954	2188064	24.62
1991	60-64	0.01538	0.07420	2.63	84464	6268	407440	1754111	20.77
1991	65-69	0.02232	0.10593	2.6	78196	8284	371100	1346671	17.22
1991	70-74	0.03311	0.15338	2.6	69912	10723	323846	975571	13.95
1991	75-79	0.04881	0.21811	2.56	59189	12910	264472	651725	11.01
1991	80-84	0.07897	0.33008	2.52	46279	15276	193452	387253	8.37
1991	85-89	0.12168	0.46380	2.44	31003	14379	118168	193801	6.25
1991	90-94	0.18915	0.62546	2.29	16624	10398	54971	75633	4.55
1991	95-99	0.27982	0.77028	2.08	6226	4796	17140	20662	3.32
1991	100-104	0.39342	0.87729	1.84	1430	1255	3189	3522	2.46
1991	105-109	0.52157	0.93997	1.6	176	165	316	333	1.90
1991	110+	0.62805	1.00000	1.59	11	11	17	17	1.59
1992	0	0.00957	0.00949	0.07	100000	949	99122	7506673	75.07
1992	1-4	0.00050	0.00198	1.62	99051	196	395738	7407551	74.79
1992	5-9	0.00024	0.00118	2.32	98855	116	493964	7011813	70.93
1992	10-14	0.00027	0.00134	2.9	98739	133	493416	6517850	66.01
1992	15-19	0.00093	0.00466	2.81	98606	460	492025	6024433	61.10
1992	20-24	0.00116	0.00578	2.5	98146	568	489314	5532408	56.37
1992	25-29	0.00133	0.00661	2.58	97579	645	486336	5043094	51.68
1992	30-34	0.00168	0.00834	2.6	96934	809	482729	4556758	47.01
1992	35-39	0.00216	0.01076	2.59	96125	1034	478129	4074028	42.38
1992	40-44	0.00281	0.01398	2.61	95091	1329	472273	3595899	37.82
1992	45-49	0.00413	0.02044	2.67	93762	1916	464343	3123627	33.31
1992	50-54	0.00622	0.03067	2.65	91846	2817	452612	2659284	28.95
1992	55-59	0.00989	0.04834	2.67	89028	4304	435128	2206672	24.79
1992	60-64	0.01511	0.07296	2.63	84725	6181	408957	1771543	20.91
1992	65-69	0.02203	0.10462	2.61	78544	8217	373069	1362586	17.35
1992	70-74	0.03255	0.15094	2.6	70327	10615	326131	989517	14.07
1992	75-79	0.04793	0.21479	2.58	59711	12825	267556	663386	11.11
1992	80-84	0.07723	0.32409	2.52	46886	15195	196758	395830	8.44
1992	85-89	0.12073	0.46091	2.43	31691	14607	120981	199072	6.28
1992	90-94	0.18775	0.62314	2.3	17084	10646	56703	78091	4.57
1992	95-99	0.27939	0.76985	2.08	6438	4957	17741	21388	3.32
1992	100-104	0.39359	0.87746	1.84	1482	1300	3303	3648	2.46
1992	105-109	0.52219	0.94021	1.6	182	171	327	344	1.90
1992	110+	0.62892	1.00000	1.59	11	11	17	17	1.59
1993	0	0.00943	0.00935	0.07	100000	935	99134	7481548	74.82
1993	1-4	0.00050	0.00199	1.65	99065	197	395795	7382413	74.52
1993	5-9	0.00023	0.00117	2.42	98867	116	494038	6986618	70.67
1993	10-14	0.00029	0.00143	2.95	98752	141	493470	6492580	65.75
1993	15-19	0.00095	0.00476	2.81	98611	470	492025	5999110	60.84
1993	20-24	0.00122	0.00607	2.51	98141	596	489222	5507085	56.11
1993	25-29	0.00136	0.00677	2.62	97545	661	486154	5017863	51.44
1993	30-34	0.00176	0.00875	2.58	96884	848	482372	4531709	46.77
1993	35-39	0.00226	0.01126	2.6	96036	1081	477587	4049337	42.16
1993	40-44	0.00290	0.01440	2.59	94955	1367	471478	3571750	37.62
1993	45-49	0.00415	0.02053	2.65	93587	1922	463426	3100272	33.13
1993	50-54	0.00630	0.03105	2.65	91666	2846	451648	2636846	28.77
1993	55-59	0.00985	0.04816	2.67	88820	4278	434146	2185198	24.60
1993	60-64	0.01525	0.07355	2.61	84542	6218	407851	1751052	20.71
1993	65-69	0.02226	0.10570	2.62	78324	8279	371926	1343201	17.15
1993	70-74	0.03303	0.15306	2.61	70045	10721	324601	971276	13.87
1993	75-79	0.04887	0.21850	2.58	59324	12962	265224	646674	10.90
1993	80-84	0.08062	0.33579	2.51	46361	15567	193099	381450	8.23
1993	85-89	0.12540	0.47418	2.43	30794	14602	116445	188351	6.12
1993	90-94	0.19462	0.63692	2.29	16192	10313	52990	71906	4.44
1993	95-99	0.28997	0.78298	2.06	5879	4603	15874	18916	3.22
1993	100-104	0.40764	0.88685	1.82	1276	1131	2776	3041	2.38
1993	105-109	0.53874	0.94561	1.57	144	137	253	266	1.84
1993	110+	0.64662	1.00000	1.55	8	8	12	12	1.55
1994	0	0.00898	0.00891	0.07	100000	891	99175	7499827	75.00
1994	1-4	0.00051	0.00202	1.61	99109	201	395957	7400653	74.67
1994	5-9	0.00022	0.00109	2.42	98909	108	494265	7004695	70.82
1994	10-14	0.00027	0.00135	2.9	98801	133	493724	6510430	65.89
1994	15-19	0.00095	0.00474	2.82	98668	468	492321	6016706	60.98
1994	20-24	0.00120	0.00600	2.5	98200	589	489530	5524385	56.26
1994	25-29	0.00134	0.00667	2.63	97611	651	486512	5034855	51.58
1994	30-34	0.00177	0.00879	2.6	96960	852	482758	4548343	46.91
1994	35-39	0.00230	0.01141	2.61	96108	1097	477914	4065585	42.30
1994	40-44	0.00296	0.01471	2.6	95011	1398	471705	3587671	37.76
1994	45-49	0.00412	0.02040	2.63	93613	1909	463538	3115966	33.29
1994	50-54	0.00627	0.03090	2.67	91704	2834	451908	2652429	28.92
1994	55-59	0.00961	0.04699	2.67	88870	4176	434640	2200521	24.76
1994	60-64	0.01494	0.07216	2.63	84694	6112	408970	1765881	20.85
1994	65-69	0.02165	0.10300	2.64	78583	8094	373846	1356911	17.27
1994	70-74	0.03241	0.15038	2.6	70488	10600	327016	983064	13.95
1994	75-79	0.04818	0.21562	2.57	59888	12913	268032	656049	10.95
1994	80-84	0.07966	0.33284	2.53	46975	15635	196266	388016	8.26
1994	85-89	0.12509	0.47322	2.43	31340	14831	118555	191750	6.12
1994	90-94	0.19493	0.63745	2.29	16509	10524	53987	73195	4.43
1994	95-99	0.29079	0.78406	2.06	5985	4693	16139	19208	3.21
1994	100-104	0.40936	0.88799	1.81	1293	1148	2804	3069	2.37
1994	105-109	0.54110	0.94636	1.56	145	137	253	265	1.83
1994	110+	0.64927	1.00000	1.54	8	8	12	12	1.54
1995	0	0.00851	0.00844	0.07	100000	844	99217	7509098	75.09
1995	1-4	0.00046	0.00183	1.61	99156	182	396190	7409881	74.73
1995	5-9	0.00021	0.00105	2.42	98974	104	494604	7013691	70.86
1995	10-14	0.00029	0.00143	2.89	98871	141	494055	6519087	65.94
1995	15-19	0.00093	0.00466	2.81	98729	460	492641	6025032	61.03
1995	20-24	0.00114	0.00571	2.52	98269	561	489952	5532391	56.30
1995	25-29	0.00132	0.00656	2.63	97708	641	487022	5042439	51.61
1995	30-34	0.00177	0.00880	2.6	97067	854	483282	4555417	46.93
1995	35-39	0.00232	0.01153	2.62	96213	1109	478422	4072136	42.32
1995	40-44	0.00302	0.01498	2.61	95104	1425	472118	3593714	37.79
1995	45-49	0.00409	0.02026	2.63	93679	1898	463898	3121596	33.32
1995	50-54	0.00624	0.03075	2.66	91782	2822	452294	2657698	28.96
1995	55-59	0.00953	0.04659	2.65	88960	4145	435069	2205404	24.79
1995	60-64	0.01486	0.07175	2.61	84815	6085	409557	1770334	20.87
1995	65-69	0.02138	0.10176	2.63	78729	8012	374674	1360778	17.28
1995	70-74	0.03223	0.14952	2.59	70718	10574	328083	986103	13.94
1995	75-79	0.04805	0.21486	2.54	60144	12923	268964	658020	10.94
1995	80-84	0.07944	0.33189	2.52	47221	15672	197294	389057	8.24
1995	85-89	0.12625	0.47656	2.43	31549	15035	119089	191763	6.08
1995	90-94	0.19648	0.64006	2.28	16514	10570	53796	72674	4.40
1995	95-99	0.29418	0.78825	2.06	5944	4685	15927	18878	3.18
1995	100-104	0.41505	0.89167	1.8	1259	1122	2704	2950	2.34
1995	105-109	0.54885	0.94875	1.55	136	129	236	246	1.81
1995	110+	0.65824	1.00000	1.52	7	7	11	11	1.52
1996	0	0.00836	0.00830	0.07	100000	830	99230	7535538	75.36
1996	1-4	0.00044	0.00175	1.67	99170	173	396278	7436308	74.99
1996	5-9	0.00023	0.00113	2.37	98997	112	494692	7040030	71.11
1996	10-14	0.00026	0.00129	2.91	98885	128	494160	6545338	66.19
1996	15-19	0.00090	0.00448	2.83	98758	442	492828	6051178	61.27
1996	20-24	0.00113	0.00564	2.48	98316	554	490184	5558350	56.54
1996	25-29	0.00122	0.00607	2.57	97761	593	487364	5068166	51.84
1996	30-34	0.00157	0.00784	2.62	97168	762	484026	4580802	47.14
1996	35-39	0.00214	0.01062	2.62	96406	1024	479592	4096776	42.49
1996	40-44	0.00287	0.01424	2.62	95382	1358	473671	3617184	37.92
1996	45-49	0.00405	0.02004	2.63	94024	1884	465656	3143512	33.43
1996	50-54	0.00603	0.02976	2.69	92140	2742	454354	2677857	29.06
1996	55-59	0.00933	0.04567	2.65	89398	4083	437389	2223503	24.87
1996	60-64	0.01475	0.07126	2.64	85315	6079	412231	1786115	20.94
1996	65-69	0.02113	0.10060	2.63	79236	7971	377299	1373884	17.34
1996	70-74	0.03197	0.14841	2.59	71265	10576	330830	996585	13.98
1996	75-79	0.04789	0.21445	2.57	60689	13014	271761	665755	10.97
1996	80-84	0.07898	0.33043	2.53	47674	15753	199458	393994	8.26
1996	85-89	0.12556	0.47433	2.42	31921	15141	120586	194536	6.09
1996	90-94	0.19604	0.63931	2.28	16780	10728	54723	73951	4.41
1996	95-99	0.29401	0.78813	2.06	6052	4770	16224	19228	3.18
1996	100-104	0.41531	0.89187	1.8	1282	1144	2754	3004	2.34
1996	105-109	0.54950	0.94896	1.55	139	132	239	250	1.80
1996	110+	0.65913	1.00000	1.52	7	7	11	11	1.52
1997	0	0.00830	0.00823	0.07	100000	823	99236	7559876	75.60
1997	1-4	0.00040	0.00161	1.61	99177	160	396324	7460641	75.23
1997	5-9	0.00021	0.00106	2.38	99017	105	494809	7064316	71.34
1997	10-14	0.00025	0.00127	2.89	98912	126	494294	6569507	66.42
1997	15-19	0.00085	0.00422	2.87	98786	417	493043	6075213	61.50
1997	20-24	0.00107	0.00533	2.48	98369	525	490528	5582170	56.75
1997	25-29	0.00115	0.00571	2.53	97845	559	487846	5091642	52.04
1997	30-34	0.00140	0.00700	2.63	97286	681	484814	4603796	47.32
1997	35-39	0.00195	0.00972	2.63	96605	939	480799	4118982	42.64
1997	40-44	0.00275	0.01367	2.62	95666	1307	475223	3638183	38.03
1997	45-49	0.00391	0.01936	2.64	94359	1827	467481	3162960	33.52
1997	50-54	0.00591	0.02914	2.67	92532	2697	456370	2695479	29.13
1997	55-59	0.00918	0.04493	2.66	89836	4037	439726	2239109	24.92
1997	60-64	0.01437	0.06951	2.65	85799	5964	414988	1799383	20.97
1997	65-69	0.02080	0.09910	2.62	79835	7911	380380	1384395	17.34
1997	70-74	0.03183	0.14784	2.59	71924	10633	334018	1004015	13.96
1997	75-79	0.04790	0.21456	2.57	61291	13150	274545	669997	10.93
1997	80-84	0.07919	0.33124	2.53	48140	15946	201369	395452	8.21
1997	85-89	0.12696	0.47833	2.42	32195	15400	121296	194083	6.03
1997	90-94	0.20024	0.64754	2.27	16795	10875	54311	72787	4.33
1997	95-99	0.30002	0.79524	2.05	5920	4707	15690	18475	3.12
1997	100-104	0.42408	0.89720	1.79	1212	1087	2564	2785	2.30
1997	105-109	0.56015	0.95200	1.53	125	119	212	221	1.77
1997	110+	0.67048	1.00000	1.49	6	6	9	9	1.49
1998	0	0.00837	0.00830	0.07	100000	830	99229	7575889	75.76
1998	1-4	0.00039	0.00156	1.64	99170	155	396313	7476660	75.39
1998	5-9	0.00020	0.00100	2.43	99015	99	494820	7080347	71.51
1998	10-14	0.00024	0.00120	2.81	98916	119	494317	6585528	66.58
1998	15-19	0.00080	0.00399	2.85	98796	394	493136	6091210	61.65
1998	20-24	0.00104	0.00518	2.49	98402	510	490730	5598074	56.89
1998	25-29	0.00107	0.00535	2.54	97892	524	488170	5107345	52.17
1998	30-34	0.00136	0.00675	2.62	97369	658	485280	4619175	47.44
1998	35-39	0.00191	0.00949	2.63	96711	918	481382	4133894	42.74
1998	40-44	0.00275	0.01364	2.67	95793	1307	475925	3652512	38.13
1998	45-49	0.00389	0.01926	2.65	94486	1820	468147	3176587	33.62
1998	50-54	0.00572	0.02823	2.65	92667	2616	457177	2708439	29.23
1998	55-59	0.00901	0.04413	2.64	90051	3974	440891	2251263	25.00
1998	60-64	0.01396	0.06758	2.65	86077	5817	416712	1810372	21.03
1998	65-69	0.02068	0.09850	2.6	80259	7906	382323	1393660	17.36
1998	70-74	0.03162	0.14696	2.6	72353	10633	336255	1011336	13.98
1998	75-79	0.04747	0.21293	2.58	61721	13142	276854	675081	10.94
1998	80-84	0.07951	0.33233	2.53	48578	16144	203051	398227	8.20
1998	85-89	0.12700	0.47863	2.43	32434	15524	122238	195175	6.02
1998	90-94	0.20127	0.64925	2.27	16910	10979	54549	72938	4.31
1998	95-99	0.30227	0.79789	2.04	5931	4733	15656	18389	3.10
1998	100-104	0.42770	0.89936	1.78	1199	1078	2521	2733	2.28
1998	105-109	0.56487	0.95331	1.53	121	115	204	212	1.76
1998	110+	0.67577	1.00000	1.48	6	6	8	8	1.48
1999	0	0.00822	0.00816	0.07	100000	816	99242	7576053	75.76
1999	1-4	0.00039	0.00157	1.61	99184	156	396366	7476811	75.38
1999	5-9	0.00020	0.00099	2.36	99029	98	494885	7080444	71.50
1999	10-14	0.00024	0.00122	2.83	98931	121	494392	6585559	66.57
1999	15-19	0.00079	0.00395	2.88	98810	390	493223	6091166	61.65
1999	20-24	0.00104	0.00517	2.47	98420	509	490813	5597943	56.88
1999	25-29	0.00105	0.00524	2.55	97911	513	488300	5107130	52.16
1999	30-34	0.00130	0.00646	2.62	97398	629	485493	4618830	47.42
1999	35-39	0.00186	0.00928	2.66	96769	898	481740	4133337	42.71
1999	40-44	0.00276	0.01372	2.67	95871	1315	476291	3651597	38.09
1999	45-49	0.00393	0.01949	2.64	94555	1843	468430	3175306	33.58
1999	50-54	0.00572	0.02824	2.67	92712	2618	457470	2706876	29.20
1999	55-59	0.00904	0.04426	2.67	90094	3988	441177	2249406	24.97
1999	60-64	0.01368	0.06628	2.65	86106	5707	417142	1808229	21.00
1999	65-69	0.02058	0.09808	2.61	80399	7886	383184	1391088	17.30
1999	70-74	0.03118	0.14514	2.62	72514	10524	337482	1007904	13.90
1999	75-79	0.04821	0.21611	2.61	61989	13397	277876	670421	10.82
1999	80-84	0.08034	0.33534	2.54	48593	16295	202815	392545	8.08
1999	85-89	0.13102	0.49041	2.44	32298	15839	120891	189730	5.87
1999	90-94	0.20870	0.66384	2.26	16459	10926	52354	68839	4.18
1999	95-99	0.31624	0.81340	2.02	5533	4500	14231	16485	2.98
1999	100-104	0.44795	0.91052	1.74	1032	940	2099	2254	2.18
1999	105-109	0.58927	0.95948	1.49	92	89	150	156	1.69
1999	110+	0.70142	1.00000	1.43	4	4	5	5	1.43
2000	0	0.00807	0.00801	0.07	100000	801	99256	7576177	75.76
2000	1-4	0.00038	0.00152	1.6	99199	151	396435	7476922	75.37
2000	5-9	0.00017	0.00087	2.37	99048	86	495014	7080487	71.49
2000	10-14	0.00023	0.00117	2.84	98962	116	494560	6585472	66.55
2000	15-19	0.00078	0.00391	2.86	98846	386	493406	6090913	61.62
2000	20-24	0.00110	0.00550	2.47	98460	542	490931	5597506	56.85
2000	25-29	0.00109	0.00546	2.52	97918	535	488268	5106576	52.15
2000	30-34	0.00130	0.00650	2.63	97384	633	485421	4618307	47.42
2000	35-39	0.00185	0.00923	2.68	96751	893	481684	4132886	42.72
2000	40-44	0.00279	0.01387	2.65	95858	1329	476171	3651202	38.09
2000	45-49	0.00409	0.02024	2.64	94529	1913	468136	3175031	33.59
2000	50-54	0.00578	0.02854	2.65	92615	2643	456865	2706895	29.23
2000	55-59	0.00901	0.04413	2.66	89973	3971	440569	2250030	25.01
2000	60-64	0.01356	0.06573	2.65	86002	5653	416717	1809461	21.04
2000	65-69	0.02033	0.09695	2.61	80349	7789	383129	1392744	17.33
2000	70-74	0.03087	0.14375	2.61	72560	10430	337867	1009615	13.91
2000	75-79	0.04773	0.21401	2.59	62129	13296	278583	671748	10.81
2000	80-84	0.08039	0.33539	2.53	48833	16378	203729	393164	8.05
2000	85-89	0.13171	0.49244	2.44	32455	15982	121347	189436	5.84
2000	90-94	0.21185	0.66914	2.25	16473	11023	52030	68089	4.13
2000	95-99	0.32026	0.81767	2.01	5450	4456	13915	16059	2.95
2000	100-104	0.45383	0.91353	1.73	994	908	2000	2144	2.16
2000	105-109	0.59629	0.96109	1.47	86	83	139	143	1.67
2000	110+	0.70866	1.00000	1.41	3	3	5	5	1.41
2001	0	0.00786	0.00781	0.07	100000	781	99274	7592696	75.93
2001	1-4	0.00039	0.00156	1.62	99219	155	396510	7493422	75.52
2001	5-9	0.00017	0.00086	2.46	99065	85	495107	7096912	71.64
2001	10-14	0.00022	0.00111	2.76	98980	109	494653	6601805	66.70
2001	15-19	0.00076	0.00379	2.89	98870	374	493560	6107152	61.77
2001	20-24	0.00108	0.00539	2.5	98496	531	491151	5613592	56.99
2001	25-29	0.00112	0.00557	2.53	97965	545	488475	5122441	52.29
2001	30-34	0.00130	0.00648	2.6	97419	632	485582	4633967	47.57
2001	35-39	0.00190	0.00946	2.64	96788	916	481775	4148385	42.86
2001	40-44	0.00281	0.01395	2.66	95872	1337	476226	3666609	38.24
2001	45-49	0.00408	0.02018	2.64	94535	1908	468180	3190383	33.75
2001	50-54	0.00582	0.02870	2.66	92627	2658	456908	2722203	29.39
2001	55-59	0.00875	0.04288	2.67	89969	3857	440861	2265294	25.18
2001	60-64	0.01324	0.06419	2.63	86111	5527	417473	1824434	21.19
2001	65-69	0.02000	0.09547	2.62	80584	7693	384618	1406960	17.46
2001	70-74	0.03018	0.14077	2.62	72891	10261	340007	1022342	14.03
2001	75-79	0.04693	0.21079	2.59	62630	13202	281318	682335	10.89
2001	80-84	0.07909	0.33114	2.55	49428	16368	206959	401018	8.11
2001	85-89	0.13033	0.48839	2.44	33060	16146	123888	194059	5.87
2001	90-94	0.21078	0.66872	2.27	16914	11311	53661	70171	4.15
2001	95-99	0.32014	0.81773	2.01	5603	4582	14312	16509	2.95
2001	100-104	0.45507	0.91425	1.73	1021	934	2052	2197	2.15
2001	105-109	0.59882	0.96170	1.47	88	84	141	145	1.66
2001	110+	0.71192	1.00000	1.4	3	3	5	5	1.40
2002	0	0.00800	0.00794	0.07	100000	794	99262	7598409	75.98
2002	1-4	0.00036	0.00142	1.65	99206	141	396493	7499147	75.59
2002	5-9	0.00017	0.00086	2.52	99065	85	495115	7102654	71.70
2002	10-14	0.00022	0.00112	2.83	98980	111	494659	6607539	66.76
2002	15-19	0.00078	0.00388	2.94	98869	384	493554	6112880	61.83
2002	20-24	0.00110	0.00547	2.52	98485	539	491090	5619326	57.06
2002	25-29	0.00113	0.00564	2.52	97946	552	488364	5128237	52.36
2002	30-34	0.00135	0.00671	2.59	97394	654	485397	4639873	47.64
2002	35-39	0.00190	0.00946	2.65	96741	915	481549	4154475	42.94
2002	40-44	0.00283	0.01407	2.66	95825	1348	475967	3672927	38.33
2002	45-49	0.00412	0.02040	2.64	94477	1927	467833	3196960	33.84
2002	50-54	0.00581	0.02864	2.62	92550	2651	456434	2729128	29.49
2002	55-59	0.00866	0.04244	2.66	89899	3815	440552	2272693	25.28
2002	60-64	0.01307	0.06340	2.64	86084	5457	417530	1832141	21.28
2002	65-69	0.01949	0.09314	2.63	80627	7509	385318	1414611	17.55
2002	70-74	0.02966	0.13846	2.6	73117	10124	341324	1029293	14.08
2002	75-79	0.04629	0.20823	2.59	62993	13117	283341	687969	10.92
2002	80-84	0.07894	0.33067	2.55	49877	16492	208933	404628	8.11
2002	85-89	0.13020	0.48820	2.44	33384	16298	125182	195695	5.86
2002	90-94	0.21199	0.67087	2.26	17086	11462	54071	70513	4.13
2002	95-99	0.32295	0.82066	2	5624	4615	14290	16442	2.92
2002	100-104	0.45916	0.91626	1.72	1009	924	2013	2152	2.13
2002	105-109	0.60356	0.96274	1.46	84	81	135	139	1.65
2002	110+	0.71667	1.00000	1.4	3	3	4	4	1.40
2003	0	0.00803	0.00798	0.07	100000	798	99259	7609479	76.09
2003	1-4	0.00036	0.00145	1.63	99202	144	396469	7510220	75.71
2003	5-9	0.00017	0.00084	2.36	99059	84	495072	7113751	71.81
2003	10-14	0.00021	0.00105	2.78	98975	104	494643	6618678	66.87
2003	15-19	0.00075	0.00375	2.95	98871	370	493596	6124035	61.94
2003	20-24	0.00111	0.00555	2.51	98500	546	491143	5630439	57.16
2003	25-29	0.00116	0.00581	2.59	97954	569	488397	5139295	52.47
2003	30-34	0.00133	0.00663	2.59	97385	646	485371	4650899	47.76
2003	35-39	0.00189	0.00938	2.65	96739	908	481567	4165527	43.06
2003	40-44	0.00284	0.01411	2.66	95832	1353	475991	3683960	38.44
2003	45-49	0.00414	0.02050	2.63	94479	1937	467811	3207970	33.95
2003	50-54	0.00589	0.02906	2.6	92542	2689	456268	2740159	29.61
2003	55-59	0.00856	0.04195	2.65	89853	3769	440391	2283890	25.42
2003	60-64	0.01304	0.06324	2.63	86083	5444	417511	1843500	21.42
2003	65-69	0.01920	0.09180	2.63	80639	7403	385628	1425989	17.68
2003	70-74	0.02900	0.13555	2.6	73237	9927	342357	1040361	14.21
2003	75-79	0.04552	0.20512	2.59	63309	12986	285279	698005	11.03
2003	80-84	0.07674	0.32298	2.55	50323	16253	211787	412725	8.20
2003	85-89	0.12880	0.48483	2.45	34070	16518	128244	200938	5.90
2003	90-94	0.21050	0.66836	2.27	17552	11731	55728	72693	4.14
2003	95-99	0.32388	0.82195	2	5821	4784	14772	16965	2.91
2003	100-104	0.46311	0.91836	1.71	1036	952	2055	2193	2.12
2003	105-109	0.61032	0.96426	1.45	85	82	134	138	1.63
2003	110+	0.72491	1.00000	1.38	3	3	4	4	1.38
2004	0	0.00800	0.00794	0.07	100000	794	99262	7645977	76.46
2004	1-4	0.00035	0.00142	1.62	99206	141	396489	7546715	76.07
2004	5-9	0.00017	0.00086	2.35	99065	85	495102	7150226	72.18
2004	10-14	0.00021	0.00106	2.86	98980	105	494678	6655124	67.24
2004	15-19	0.00075	0.00375	2.95	98876	371	493617	6160446	62.31
2004	20-24	0.00111	0.00553	2.5	98505	544	491163	5666828	57.53
2004	25-29	0.00119	0.00592	2.54	97961	579	488375	5175665	52.83
2004	30-34	0.00130	0.00649	2.61	97381	632	485395	4687290	48.13
2004	35-39	0.00178	0.00888	2.65	96749	859	481722	4201896	43.43
2004	40-44	0.00276	0.01372	2.65	95889	1315	476358	3720173	38.80
2004	45-49	0.00410	0.02029	2.63	94574	1919	468326	3243815	34.30
2004	50-54	0.00590	0.02907	2.62	92655	2693	456861	2775489	29.96
2004	55-59	0.00830	0.04069	2.64	89962	3660	441156	2318628	25.77
2004	60-64	0.01255	0.06094	2.63	86301	5259	419035	1877472	21.75
2004	65-69	0.01848	0.08850	2.62	81042	7172	388145	1458438	18.00
2004	70-74	0.02794	0.13095	2.61	73870	9673	346207	1070293	14.49
2004	75-79	0.04366	0.19760	2.6	64197	12686	290547	724086	11.28
2004	80-84	0.07397	0.31337	2.56	51511	16142	218241	433539	8.42
2004	85-89	0.12288	0.46823	2.46	35369	16561	134774	215298	6.09
2004	90-94	0.20230	0.65298	2.29	18808	12281	60710	80524	4.28
2004	95-99	0.30903	0.80633	2.03	6527	5263	17030	19814	3.04
2004	100-104	0.44360	0.90867	1.75	1264	1149	2589	2784	2.20
2004	105-109	0.58863	0.95952	1.49	115	111	188	195	1.69
2004	110+	0.70360	1.00000	1.42	5	5	7	7	1.42
2005	0	0.00809	0.00803	0.07	100000	803	99254	7647160	76.47
2005	1-4	0.00034	0.00137	1.59	99197	136	396464	7547905	76.09
2005	5-9	0.00017	0.00083	2.48	99062	82	495102	7151442	72.19
2005	10-14	0.00020	0.00100	2.91	98979	99	494690	6656340	67.25
2005	15-19	0.00074	0.00369	2.98	98880	365	493664	6161650	62.31
2005	20-24	0.00111	0.00555	2.52	98516	547	491224	5667986	57.53
2005	25-29	0.00118	0.00586	2.5	97969	574	488406	5176762	52.84
2005	30-34	0.00136	0.00676	2.57	97395	658	485374	4688356	48.14
2005	35-39	0.00177	0.00882	2.67	96737	853	481693	4202983	43.45
2005	40-44	0.00275	0.01365	2.68	95884	1309	476381	3721290	38.81
2005	45-49	0.00414	0.02050	2.65	94575	1939	468315	3244909	34.31
2005	50-54	0.00596	0.02940	2.61	92636	2723	456674	2776594	29.97
2005	55-59	0.00827	0.04057	2.62	89913	3647	440892	2319919	25.80
2005	60-64	0.01251	0.06073	2.63	86265	5239	418898	1879028	21.78
2005	65-69	0.01808	0.08668	2.62	81027	7023	388435	1460130	18.02
2005	70-74	0.02774	0.13010	2.62	74004	9628	347098	1071695	14.48
2005	75-79	0.04325	0.19598	2.61	64376	12617	291692	724597	11.26
2005	80-84	0.07390	0.31292	2.55	51759	16197	219165	432905	8.36
2005	85-89	0.12448	0.47244	2.45	35562	16801	134973	213740	6.01
2005	90-94	0.20717	0.66183	2.27	18761	12417	59934	78767	4.20
2005	95-99	0.31703	0.81505	2.02	6344	5171	16311	18833	2.97
2005	100-104	0.45540	0.91475	1.73	1173	1073	2357	2522	2.15
2005	105-109	0.60275	0.96271	1.47	100	96	160	165	1.65
2005	110+	0.71811	1.00000	1.39	4	4	5	5	1.39
2006	0	0.00806	0.00800	0.07	100000	800	99257	7674961	76.75
2006	1-4	0.00034	0.00136	1.62	99200	135	396479	7575704	76.37
2006	5-9	0.00016	0.00080	2.34	99065	79	495114	7179225	72.47
2006	10-14	0.00018	0.00090	2.84	98986	89	494736	6684111	67.53
2006	15-19	0.00072	0.00358	3	98897	354	493775	6189374	62.58
2006	20-24	0.00118	0.00589	2.52	98542	580	491276	5695599	57.80
2006	25-29	0.00123	0.00614	2.53	97962	602	488327	5204323	53.13
2006	30-34	0.00136	0.00680	2.57	97361	662	485193	4715996	48.44
2006	35-39	0.00176	0.00878	2.64	96699	849	481493	4230803	43.75
2006	40-44	0.00272	0.01351	2.68	95850	1295	476246	3749310	39.12
2006	45-49	0.00407	0.02018	2.66	94555	1908	468308	3273064	34.62
2006	50-54	0.00591	0.02915	2.62	92647	2701	456806	2804755	30.27
2006	55-59	0.00825	0.04048	2.65	89946	3641	441180	2347949	26.10
2006	60-64	0.01198	0.05824	2.64	86305	5027	419680	1906769	22.09
2006	65-69	0.01749	0.08394	2.62	81278	6823	390158	1487089	18.30
2006	70-74	0.02671	0.12557	2.62	74455	9349	350033	1096931	14.73
2006	75-79	0.04195	0.19056	2.6	65106	12407	295775	746898	11.47
2006	80-84	0.07114	0.30318	2.57	52699	15978	224591	451123	8.56
2006	85-89	0.11981	0.46009	2.48	36722	16895	141013	226532	6.17
2006	90-94	0.20016	0.64919	2.29	19827	12871	64303	85519	4.31
2006	95-99	0.30708	0.80452	2.04	6955	5596	18222	21216	3.05
2006	100-104	0.44362	0.90890	1.75	1360	1236	2786	2994	2.20
2006	105-109	0.59086	0.96013	1.48	124	119	201	208	1.68
2006	110+	0.70730	1.00000	1.41	5	5	7	7	1.41
2007	0	0.00805	0.00799	0.07	100000	799	99258	7695809	76.96
2007	1-4	0.00035	0.00139	1.54	99201	138	396467	7596551	76.58
2007	5-9	0.00016	0.00078	2.42	99064	77	495119	7200084	72.68
2007	10-14	0.00019	0.00095	2.82	98986	94	494727	6704965	67.74
2007	15-19	0.00070	0.00351	3	98892	347	493769	6210239	62.80
2007	20-24	0.00116	0.00581	2.56	98546	572	491330	5716470	58.01
2007	25-29	0.00124	0.00617	2.56	97973	604	488389	5225140	53.33
2007	30-34	0.00135	0.00670	2.55	97369	653	485244	4736751	48.65
2007	35-39	0.00176	0.00875	2.61	96716	846	481558	4251507	43.96
2007	40-44	0.00262	0.01304	2.68	95870	1250	476447	3769950	39.32
2007	45-49	0.00396	0.01961	2.66	94620	1856	468747	3293502	34.81
2007	50-54	0.00585	0.02883	2.62	92764	2674	457450	2824755	30.45
2007	55-59	0.00809	0.03969	2.62	90089	3576	441922	2367306	26.28
2007	60-64	0.01182	0.05749	2.64	86513	4973	420824	1925383	22.26
2007	65-69	0.01727	0.08294	2.62	81540	6763	391579	1504559	18.45
2007	70-74	0.02596	0.12227	2.62	74777	9143	352161	1112980	14.88
2007	75-79	0.04094	0.18634	2.59	65634	12231	298731	760819	11.59
2007	80-84	0.06978	0.29832	2.57	53404	15932	228301	462088	8.65
2007	85-89	0.11786	0.45389	2.47	37472	17008	144309	233787	6.24
2007	90-94	0.19622	0.64067	2.29	20464	13111	66818	89478	4.37
2007	95-99	0.30334	0.80049	2.05	7353	5886	19405	22660	3.08
2007	100-104	0.43988	0.90703	1.76	1467	1331	3025	3256	2.22
2007	105-109	0.58785	0.95949	1.49	136	131	223	230	1.69
2007	110+	0.70520	1.00000	1.42	6	6	8	8	1.42
2008	0	0.00772	0.00767	0.07	100000	767	99287	7707343	77.07
2008	1-4	0.00034	0.00136	1.56	99233	135	396604	7608056	76.67
2008	5-9	0.00014	0.00070	2.46	99098	69	495314	7211452	72.77
2008	10-14	0.00017	0.00083	2.8	99029	82	494963	6716138	67.82
2008	15-19	0.00066	0.00329	2.99	98947	326	494080	6221175	62.87
2008	20-24	0.00111	0.00552	2.55	98621	544	491770	5727095	58.07
2008	25-29	0.00119	0.00594	2.54	98077	583	488947	5235324	53.38
2008	30-34	0.00132	0.00656	2.54	97494	640	485893	4746377	48.68
2008	35-39	0.00167	0.00834	2.6	96854	808	482332	4260485	43.99
2008	40-44	0.00252	0.01255	2.69	96046	1205	477451	3778152	39.34
2008	45-49	0.00394	0.01953	2.66	94841	1852	469866	3300701	34.80
2008	50-54	0.00587	0.02895	2.62	92989	2692	458543	2830835	30.44
2008	55-59	0.00812	0.03982	2.6	90297	3596	442841	2372292	26.27
2008	60-64	0.01171	0.05697	2.63	86701	4940	421790	1929451	22.25
2008	65-69	0.01725	0.08283	2.6	81762	6772	392583	1507661	18.44
2008	70-74	0.02597	0.12230	2.62	74990	9171	353162	1115078	14.87
2008	75-79	0.04111	0.18706	2.6	65819	12312	299484	761916	11.58
2008	80-84	0.06923	0.29648	2.58	53507	15864	229144	462432	8.64
2008	85-89	0.11871	0.45689	2.48	37643	17199	144882	233288	6.20
2008	90-94	0.19861	0.64675	2.3	20444	13222	66575	88406	4.32
2008	95-99	0.31004	0.80817	2.04	7222	5837	18825	21831	3.02
2008	100-104	0.45071	0.91279	1.74	1385	1265	2806	3005	2.17
2008	105-109	0.60149	0.96260	1.47	121	116	193	200	1.65
2008	110+	0.71958	1.00000	1.39	5	5	6	6	1.39
2009	0	0.00739	0.00734	0.07	100000	734	99316	7740937	77.41
2009	1-4	0.00032	0.00129	1.62	99266	128	396757	7641620	76.98
2009	5-9	0.00014	0.00069	2.38	99137	68	495509	7244863	73.08
2009	10-14	0.00017	0.00086	2.74	99069	85	495154	6749354	68.13
2009	15-19	0.00058	0.00292	2.98	98984	289	494337	6254200	63.18
2009	20-24	0.00103	0.00514	2.57	98695	507	492242	5759864	58.36
2009	25-29	0.00115	0.00573	2.56	98188	562	489569	5267621	53.65
2009	30-34	0.00131	0.00654	2.55	97626	638	486568	4778052	48.94
2009	35-39	0.00167	0.00833	2.62	96987	808	483016	4291484	44.25
2009	40-44	0.00245	0.01219	2.67	96179	1173	478170	3808468	39.60
2009	45-49	0.00385	0.01907	2.66	95007	1811	470789	3330299	35.05
2009	50-54	0.00587	0.02897	2.64	93195	2700	459597	2859510	30.68
2009	55-59	0.00822	0.04032	2.6	90496	3649	443735	2399913	26.52
2009	60-64	0.01155	0.05620	2.62	86847	4881	422637	1956178	22.52
2009	65-69	0.01682	0.08084	2.6	81966	6626	393927	1533542	18.71
2009	70-74	0.02538	0.11969	2.63	75340	9017	355308	1139615	15.13
2009	75-79	0.03966	0.18108	2.6	66322	12010	302849	784307	11.83
2009	80-84	0.06647	0.28648	2.59	54313	15559	234073	481458	8.86
2009	85-89	0.11383	0.44272	2.49	38753	17157	150717	247386	6.38
2009	90-94	0.19047	0.63055	2.32	21597	13618	71496	96669	4.48
2009	95-99	0.29502	0.79107	2.07	7979	6312	21395	25173	3.16
2009	100-104	0.42987	0.90160	1.78	1667	1503	3497	3779	2.27
2009	105-109	0.57717	0.95695	1.51	164	157	272	282	1.72
2009	110+	0.69483	1.00000	1.44	7	7	10	10	1.44
2010	0	0.00695	0.00691	0.07	100000	691	99356	7758176	77.58
2010	1-4	0.00031	0.00124	1.58	99309	123	396938	7658820	77.12
2010	5-9	0.00013	0.00065	2.48	99186	64	495769	7261882	73.21
2010	10-14	0.00016	0.00080	2.85	99122	79	495440	6766113	68.26
2010	15-19	0.00054	0.00271	2.98	99043	268	494675	6270673	63.31
2010	20-24	0.00096	0.00481	2.6	98775	475	492733	5775998	58.48
2010	25-29	0.00112	0.00556	2.55	98300	547	490159	5283265	53.75
2010	30-34	0.00131	0.00653	2.54	97753	639	487193	4793107	49.03
2010	35-39	0.00163	0.00813	2.64	97114	789	483707	4305913	44.34
2010	40-44	0.00231	0.01149	2.68	96325	1107	479060	3822207	39.68
2010	45-49	0.00374	0.01852	2.66	95218	1763	471968	3343147	35.11
2010	50-54	0.00578	0.02853	2.64	93455	2667	460968	2871179	30.72
2010	55-59	0.00817	0.04006	2.62	90788	3637	445276	2410211	26.55
2010	60-64	0.01142	0.05561	2.63	87151	4847	424252	1964935	22.55
2010	65-69	0.01684	0.08098	2.62	82304	6665	395661	1540683	18.72
2010	70-74	0.02509	0.11837	2.62	75639	8953	356868	1145022	15.14
2010	75-79	0.03974	0.18136	2.6	66686	12094	304371	788154	11.82
2010	80-84	0.06587	0.28410	2.58	54592	15510	235464	483782	8.86
2010	85-89	0.11369	0.44188	2.48	39082	17270	151896	248319	6.35
2010	90-94	0.19330	0.63517	2.3	21812	13855	71674	96423	4.42
2010	95-99	0.29981	0.79691	2.06	7958	6342	21153	24749	3.11
2010	100-104	0.43848	0.90655	1.77	1616	1465	3341	3596	2.23
2010	105-109	0.58896	0.95986	1.49	151	145	246	255	1.69
2010	110+	0.70804	1.00000	1.41	6	6	9	9	1.41
2011	0	0.00679	0.00674	0.07	100000	674	99371	7775812	77.76
2011	1-4	0.00031	0.00123	1.61	99326	122	397011	7676441	77.29
2011	5-9	0.00014	0.00068	2.42	99203	67	495844	7279430	73.38
2011	10-14	0.00016	0.00079	2.83	99136	79	495510	6783586	68.43
2011	15-19	0.00054	0.00268	3.04	99058	265	494767	6288076	63.48
2011	20-24	0.00095	0.00474	2.59	98792	469	492830	5793308	58.64
2011	25-29	0.00111	0.00553	2.55	98324	544	490288	5300479	53.91
2011	30-34	0.00131	0.00655	2.58	97780	640	487349	4810191	49.19
2011	35-39	0.00160	0.00796	2.61	97140	773	483847	4322842	44.50
2011	40-44	0.00228	0.01136	2.65	96366	1095	479262	3838994	39.84
2011	45-49	0.00370	0.01834	2.68	95271	1747	472311	3359732	35.26
2011	50-54	0.00577	0.02845	2.64	93524	2660	461349	2887421	30.87
2011	55-59	0.00816	0.04004	2.61	90864	3638	445622	2426072	26.70
2011	60-64	0.01138	0.05540	2.64	87226	4832	424738	1980450	22.70
2011	65-69	0.01630	0.07848	2.66	82393	6466	396803	1555712	18.88
2011	70-74	0.02469	0.11658	2.62	75927	8852	358575	1158908	15.26
2011	75-79	0.03881	0.17757	2.61	67075	11911	306878	800333	11.93
2011	80-84	0.06475	0.28005	2.59	55164	15449	238585	493455	8.95
2011	85-89	0.11207	0.43767	2.5	39715	17382	155094	254870	6.42
2011	90-94	0.19037	0.62988	2.32	22333	14067	73896	99776	4.47
2011	95-99	0.29734	0.79422	2.07	8266	6565	22079	25880	3.13
2011	100-104	0.43643	0.90556	1.77	1701	1540	3529	3801	2.23
2011	105-109	0.58782	0.95965	1.49	161	154	262	271	1.69
2011	110+	0.70772	1.00000	1.41	6	6	9	9	1.41
2012	0	0.00674	0.00670	0.07	100000	670	99375	7785174	77.85
2012	1-4	0.00031	0.00124	1.61	99330	123	397027	7685799	77.38
2012	5-9	0.00013	0.00064	2.46	99207	63	495874	7288772	73.47
2012	10-14	0.00015	0.00077	2.81	99144	76	495552	6792898	68.52
2012	15-19	0.00052	0.00261	2.98	99068	259	494816	6297346	63.57
2012	20-24	0.00093	0.00464	2.56	98809	458	492928	5802530	58.72
2012	25-29	0.00110	0.00549	2.57	98351	540	490441	5309602	53.99
2012	30-34	0.00129	0.00641	2.56	97811	627	487524	4819161	49.27
2012	35-39	0.00161	0.00804	2.6	97184	781	484045	4331638	44.57
2012	40-44	0.00228	0.01133	2.65	96403	1092	479446	3847593	39.91
2012	45-49	0.00362	0.01796	2.69	95311	1712	472605	3368147	35.34
2012	50-54	0.00568	0.02800	2.64	93599	2621	461801	2895542	30.94
2012	55-59	0.00830	0.04068	2.6	90978	3701	446011	2433741	26.75
2012	60-64	0.01135	0.05526	2.6	87277	4823	424828	1987730	22.78
2012	65-69	0.01626	0.07830	2.64	82454	6457	396999	1562902	18.95
2012	70-74	0.02434	0.11506	2.63	75997	8744	359229	1165903	15.34
2012	75-79	0.03830	0.17555	2.63	67253	11807	308256	806674	11.99
2012	80-84	0.06367	0.27610	2.6	55446	15309	240426	498419	8.99
2012	85-89	0.11134	0.43554	2.5	40138	17482	157004	257993	6.43
2012	90-94	0.19052	0.63060	2.32	22656	14287	74988	100989	4.46
2012	95-99	0.29987	0.79739	2.06	8369	6673	22254	26001	3.11
2012	100-104	0.44169	0.90853	1.76	1696	1541	3488	3747	2.21
2012	105-109	0.59528	0.96142	1.48	155	149	251	259	1.67
2012	110+	0.71610	1.00000	1.4	6	6	8	8	1.40
2013	0	0.00670	0.00665	0.07	100000	665	99379	7787477	77.87
2013	1-4	0.00030	0.00120	1.58	99335	119	397049	7688098	77.40
2013	5-9	0.00014	0.00068	2.4	99215	67	495901	7291049	73.49
2013	10-14	0.00016	0.00078	2.82	99148	77	495572	6795148	68.54
2013	15-19	0.00049	0.00247	2.97	99071	245	494857	6299576	63.59
2013	20-24	0.00090	0.00450	2.56	98826	444	493047	5804720	58.74
2013	25-29	0.00108	0.00540	2.57	98382	531	490616	5311672	53.99
2013	30-34	0.00130	0.00646	2.61	97850	632	487741	4821056	49.27
2013	35-39	0.00161	0.00804	2.61	97218	782	484221	4333316	44.57
2013	40-44	0.00227	0.01130	2.63	96437	1089	479603	3849095	39.91
2013	45-49	0.00360	0.01783	2.69	95347	1700	472813	3369492	35.34
2013	50-54	0.00566	0.02793	2.66	93647	2615	462107	2896679	30.93
2013	55-59	0.00842	0.04125	2.61	91032	3755	446203	2434572	26.74
2013	60-64	0.01155	0.05620	2.6	87277	4905	424590	1988369	22.78
2013	65-69	0.01634	0.07865	2.62	82372	6479	396467	1563779	18.98
2013	70-74	0.02447	0.11558	2.6	75893	8772	358419	1167312	15.38
2013	75-79	0.03822	0.17514	2.62	67122	11755	307571	808893	12.05
2013	80-84	0.06289	0.27314	2.6	55366	15123	240472	501322	9.05
2013	85-89	0.11021	0.43219	2.5	40244	17393	157820	260849	6.48
2013	90-94	0.18766	0.62462	2.32	22851	14273	76056	103029	4.51
2013	95-99	0.29570	0.79250	2.07	8578	6798	22989	26973	3.14
2013	100-104	0.43557	0.90519	1.77	1780	1611	3699	3984	2.24
2013	105-109	0.58774	0.95967	1.49	169	162	276	285	1.69
2013	110+	0.70815	1.00000	1.41	7	7	10	10	1.41
2014	0	0.00673	0.00669	0.07	100000	669	99376	7790115	77.90
2014	1-4	0.00029	0.00114	1.65	99331	114	397057	7690739	77.43
2014	5-9	0.00014	0.00069	2.4	99217	69	495908	7293682	73.51
2014	10-14	0.00016	0.00078	2.84	99149	77	495577	6797774	68.56
2014	15-19	0.00052	0.00258	2.99	99071	256	494844	6302197	63.61
2014	20-24	0.00092	0.00458	2.6	98816	453	492991	5807353	58.77
2014	25-29	0.00109	0.00544	2.57	98363	535	490518	5314362	54.03
2014	30-34	0.00134	0.00667	2.6	97828	652	487576	4823845	49.31
2014	35-39	0.00169	0.00843	2.6	97176	819	483913	4336269	44.62
2014	40-44	0.00232	0.01152	2.65	96357	1110	479173	3852356	39.98
2014	45-49	0.00354	0.01754	2.68	95247	1671	472365	3373182	35.41
2014	50-54	0.00570	0.02814	2.66	93577	2633	461717	2900818	31.00
2014	55-59	0.00855	0.04191	2.61	90944	3812	445624	2439101	26.82
2014	60-64	0.01172	0.05700	2.59	87132	4967	423679	1993477	22.88
2014	65-69	0.01613	0.07764	2.61	82165	6379	395555	1569798	19.11
2014	70-74	0.02440	0.11529	2.61	75786	8737	358080	1174244	15.49
2014	75-79	0.03804	0.17438	2.62	67048	11692	307395	816164	12.17
2014	80-84	0.06117	0.26682	2.61	55357	14771	241452	508768	9.19
2014	85-89	0.10686	0.42210	2.51	40586	17132	160319	267317	6.59
2014	90-94	0.18512	0.61971	2.33	23455	14535	78518	106998	4.56
2014	95-99	0.29033	0.78622	2.08	8919	7013	24154	28480	3.19
2014	100-104	0.42923	0.90174	1.78	1907	1719	4006	4326	2.27
2014	105-109	0.58128	0.95818	1.5	187	180	309	320	1.71
2014	110+	0.70218	1.00000	1.42	8	8	11	11	1.42
2015	0	0.00678	0.00674	0.07	100000	674	99371	7779649	77.80
2015	1-4	0.00030	0.00121	1.55	99326	120	397011	7680278	77.32
2015	5-9	0.00014	0.00069	2.26	99206	68	495844	7283267	73.42
2015	10-14	0.00016	0.00080	2.85	99138	79	495520	6787423	68.46
2015	15-19	0.00054	0.00271	2.99	99059	268	494756	6291903	63.52
2015	20-24	0.00099	0.00493	2.59	98791	487	492782	5797147	58.68
2015	25-29	0.00117	0.00584	2.58	98304	574	490132	5304365	53.96
2015	30-34	0.00143	0.00710	2.56	97730	694	486959	4814233	49.26
2015	35-39	0.00175	0.00869	2.57	97036	843	483133	4327274	44.59
2015	40-44	0.00234	0.01165	2.66	96192	1120	478336	3844142	39.96
2015	45-49	0.00351	0.01742	2.68	95072	1657	471518	3365806	35.40
2015	50-54	0.00569	0.02807	2.67	93416	2622	460963	2894288	30.98
2015	55-59	0.00854	0.04184	2.63	90794	3799	444961	2433324	26.80
2015	60-64	0.01188	0.05775	2.61	86995	5024	422967	1988363	22.86
2015	65-69	0.01617	0.07783	2.6	81971	6380	394555	1565396	19.10
2015	70-74	0.02450	0.11577	2.62	75591	8751	357151	1170841	15.49
2015	75-79	0.03779	0.17330	2.61	66840	11583	306493	813690	12.17
2015	80-84	0.06112	0.26643	2.59	55256	14722	240861	507197	9.18
2015	85-89	0.10733	0.42339	2.51	40534	17162	159906	266336	6.57
2015	90-94	0.18509	0.61918	2.33	23372	14472	78188	106430	4.55
2015	95-99	0.29244	0.78883	2.08	8901	7021	24009	28242	3.17
2015	100-104	0.43261	0.90368	1.78	1880	1699	3926	4233	2.25
2015	105-109	0.58560	0.95923	1.5	181	174	297	307	1.70
2015	110+	0.70682	1.00000	1.41	7	7	10	10	1.41
2016	0	0.00673	0.00668	0.07	100000	668	99376	7776683	77.77
2016	1-4	0.00029	0.00115	1.63	99332	114	397055	7677307	77.29
2016	5-9	0.00014	0.00071	2.34	99217	70	495899	7280252	73.38
2016	10-14	0.00016	0.00081	2.86	99147	80	495563	6784352	68.43
2016	15-19	0.00059	0.00294	3.02	99067	291	494758	6288789	63.48
2016	20-24	0.00106	0.00531	2.6	98776	524	492622	5794031	58.66
2016	25-29	0.00128	0.00638	2.58	98252	627	489740	5301409	53.96
2016	30-34	0.00155	0.00771	2.6	97625	753	486318	4811668	49.29
2016	35-39	0.00191	0.00949	2.58	96872	919	482134	4325351	44.65
2016	40-44	0.00246	0.01221	2.64	95953	1171	477001	3843217	40.05
2016	45-49	0.00358	0.01774	2.66	94782	1681	469984	3366216	35.52
2016	50-54	0.00565	0.02788	2.68	93101	2596	459478	2896232	31.11
2016	55-59	0.00856	0.04193	2.64	90505	3795	443554	2436755	26.92
2016	60-64	0.01199	0.05826	2.61	86711	5052	421463	1993201	22.99
2016	65-69	0.01639	0.07889	2.62	81659	6442	392977	1571737	19.25
2016	70-74	0.02409	0.11399	2.65	75217	8574	355932	1178761	15.67
2016	75-79	0.03706	0.17019	2.61	66643	11342	306065	822828	12.35
2016	80-84	0.05934	0.25935	2.57	55301	14342	241688	516763	9.34
2016	85-89	0.10389	0.41295	2.52	40958	16914	162803	275075	6.72
2016	90-94	0.17925	0.60735	2.35	24044	14603	81470	112272	4.67
2016	95-99	0.28292	0.77721	2.1	9441	7338	25936	30802	3.26
2016	100-104	0.42016	0.89659	1.8	2103	1886	4488	4866	2.31
2016	105-109	0.57203	0.95595	1.52	218	208	364	377	1.73
2016	110+	0.69378	1.00000	1.44	10	10	14	14	1.44
2017	0	0.00655	0.00651	0.07	100000	651	99393	7776580	77.77
2017	1-4	0.00029	0.00116	1.61	99349	116	397121	7677188	77.27
2017	5-9	0.00013	0.00064	2.42	99234	63	496005	7280067	73.36
2017	10-14	0.00017	0.00085	2.78	99170	84	495665	6784061	68.41
2017	15-19	0.00058	0.00287	2.99	99086	285	494857	6288396	63.46
2017	20-24	0.00105	0.00524	2.63	98801	518	492778	5793540	58.64
2017	25-29	0.00132	0.00656	2.58	98284	645	489855	5300761	53.93
2017	30-34	0.00160	0.00797	2.59	97639	778	486320	4810906	49.27
2017	35-39	0.00196	0.00973	2.57	96861	943	482016	4324585	44.65
2017	40-44	0.00246	0.01222	2.61	95918	1172	476784	3842569	40.06
2017	45-49	0.00356	0.01765	2.64	94746	1673	469790	3365785	35.52
2017	50-54	0.00554	0.02735	2.68	93073	2546	459450	2895995	31.12
2017	55-59	0.00856	0.04194	2.63	90527	3797	443643	2436545	26.91
2017	60-64	0.01211	0.05884	2.6	86730	5103	421423	1992902	22.98
2017	65-69	0.01623	0.07811	2.6	81627	6376	392804	1571480	19.25
2017	70-74	0.02421	0.11450	2.63	75251	8617	355868	1178676	15.66
2017	75-79	0.03723	0.17097	2.62	66635	11392	306032	822808	12.35
2017	80-84	0.05977	0.26088	2.57	55242	14411	241131	516776	9.35
2017	85-89	0.10262	0.40918	2.52	40831	16707	162800	275645	6.75
2017	90-94	0.17892	0.60697	2.35	24124	14642	81839	112845	4.68
2017	95-99	0.28209	0.77621	2.1	9481	7359	26088	31006	3.27
2017	100-104	0.41930	0.89611	1.81	2122	1901	4535	4918	2.32
2017	105-109	0.57139	0.95581	1.52	220	211	369	383	1.74
2017	110+	0.69343	1.00000	1.44	10	10	14	14	1.44
2018	0	0.00630	0.00627	0.07	100000	627	99415	7794018	77.94
2018	1-4	0.00028	0.00113	1.64	99373	113	397228	7694603	77.43
2018	5-9	0.00013	0.00065	2.47	99261	64	496141	7297376	73.52
2018	10-14	0.00016	0.00080	2.84	99197	79	495812	6801235	68.56
2018	15-19	0.00055	0.00277	2.99	99118	275	495037	6305423	63.62
2018	20-24	0.00100	0.00499	2.62	98843	493	493041	5810386	58.78
2018	25-29	0.00126	0.00628	2.59	98350	618	490263	5317345	54.07
2018	30-34	0.00157	0.00781	2.57	97732	764	486806	4827082	49.39
2018	35-39	0.00196	0.00975	2.6	96969	946	482577	4340276	44.76
2018	40-44	0.00245	0.01218	2.59	96023	1169	477298	3857699	40.17
2018	45-49	0.00354	0.01754	2.64	94854	1663	470344	3380401	35.64
2018	50-54	0.00542	0.02675	2.69	93190	2493	460182	2910057	31.23
2018	55-59	0.00844	0.04138	2.64	90697	3753	444629	2449875	27.01
2018	60-64	0.01206	0.05860	2.61	86944	5095	422545	2005247	23.06
2018	65-69	0.01632	0.07852	2.59	81849	6427	393790	1582702	19.34
2018	70-74	0.02384	0.11279	2.62	75423	8507	356845	1188912	15.76
2018	75-79	0.03710	0.17027	2.59	66916	11394	307100	832067	12.43
2018	80-84	0.05918	0.25854	2.56	55522	14355	242549	524967	9.46
2018	85-89	0.10029	0.40217	2.54	41167	16556	165087	282418	6.86
2018	90-94	0.17459	0.59767	2.36	24611	14709	84249	117331	4.77
2018	95-99	0.27500	0.76705	2.12	9902	7595	27618	33082	3.34
2018	100-104	0.40936	0.89000	1.82	2307	2053	5015	5464	2.37
2018	105-109	0.55991	0.95280	1.54	254	242	432	449	1.77
2018	110+	0.68189	1.00000	1.47	12	12	18	18	1.47
2019	0	0.00633	0.00629	0.07	100000	629	99412	7811242	78.11
2019	1-4	0.00028	0.00113	1.56	99371	112	397211	7711830	77.61
2019	5-9	0.00013	0.00065	2.38	99259	64	496127	7314619	73.69
2019	10-14	0.00016	0.00082	2.73	99195	81	495789	6818492	68.74
2019	15-19	0.00056	0.00282	3	99113	280	495006	6322703	63.79
2019	20-24	0.00102	0.00508	2.58	98834	502	492953	5827697	58.96
2019	25-29	0.00124	0.00617	2.59	98331	607	490193	5334744	54.25
2019	30-34	0.00158	0.00788	2.59	97724	770	486763	4844551	49.57
2019	35-39	0.00199	0.00993	2.62	96954	962	482476	4357788	44.95
2019	40-44	0.00250	0.01244	2.58	95991	1194	477065	3875312	40.37
2019	45-49	0.00351	0.01740	2.64	94798	1650	470098	3398246	35.85
2019	50-54	0.00528	0.02610	2.66	93148	2431	460060	2928148	31.44
2019	55-59	0.00823	0.04038	2.65	90717	3663	444958	2468088	27.21
2019	60-64	0.01201	0.05839	2.61	87054	5083	423104	2023130	23.24
2019	65-69	0.01622	0.07807	2.59	81970	6399	394426	1600026	19.52
2019	70-74	0.02323	0.11005	2.61	75571	8317	357942	1205601	15.95
2019	75-79	0.03633	0.16710	2.61	67255	11239	309385	847659	12.60
2019	80-84	0.05864	0.25678	2.58	56016	14384	245274	538273	9.61
2019	85-89	0.09624	0.38923	2.55	41632	16205	168383	292999	7.04
2019	90-94	0.16875	0.58460	2.37	25428	14865	88088	124617	4.90
2019	95-99	0.26395	0.75206	2.14	10563	7944	30096	36528	3.46
2019	100-104	0.39342	0.87942	1.86	2619	2303	5854	6432	2.46
2019	105-109	0.54088	0.94733	1.57	316	299	553	578	1.83
2019	110+	0.66213	1.00000	1.51	17	17	25	25	1.51
