Reg3: , Lifetables (period 1x10), Males Last modified: 20 Dec 2020, MPv5 (May07) 

Year     	Age	mx	qx	ax	lx	dx	Lx	Tx	ex
1960-1969	0	0.03150	0.03066	0.13	100000	3066	97331	6568811	65.69
1960-1969	1	0.00207	0.00207	0.5	96934	200	96834	6471480	66.76
1960-1969	2	0.00125	0.00125	0.5	96733	121	96673	6374646	65.90
1960-1969	3	0.00094	0.00094	0.5	96613	91	96567	6277973	64.98
1960-1969	4	0.00078	0.00078	0.5	96522	75	96485	6181406	64.04
1960-1969	5	0.00067	0.00067	0.5	96447	65	96415	6084921	63.09
1960-1969	6	0.00062	0.00062	0.5	96383	60	96353	5988506	62.13
1960-1969	7	0.00056	0.00056	0.5	96323	54	96296	5892154	61.17
1960-1969	8	0.00052	0.00052	0.5	96269	50	96244	5795857	60.20
1960-1969	9	0.00050	0.00050	0.5	96219	48	96195	5699613	59.24
1960-1969	10	0.00050	0.00050	0.5	96171	48	96147	5603418	58.26
1960-1969	11	0.00051	0.00051	0.5	96123	49	96099	5507271	57.29
1960-1969	12	0.00056	0.00056	0.5	96075	54	96048	5411172	56.32
1960-1969	13	0.00068	0.00068	0.5	96021	65	95988	5315124	55.35
1960-1969	14	0.00083	0.00083	0.5	95956	80	95916	5219136	54.39
1960-1969	15	0.00102	0.00102	0.5	95876	98	95827	5123220	53.44
1960-1969	16	0.00137	0.00136	0.5	95777	131	95712	5027394	52.49
1960-1969	17	0.00163	0.00163	0.5	95647	156	95569	4931681	51.56
1960-1969	18	0.00193	0.00193	0.5	95491	184	95399	4836113	50.64
1960-1969	19	0.00203	0.00203	0.5	95307	194	95210	4740714	49.74
1960-1969	20	0.00203	0.00203	0.5	95113	193	95016	4645504	48.84
1960-1969	21	0.00215	0.00215	0.5	94920	204	94818	4550488	47.94
1960-1969	22	0.00220	0.00220	0.5	94716	208	94611	4455670	47.04
1960-1969	23	0.00214	0.00213	0.5	94507	202	94406	4361059	46.15
1960-1969	24	0.00208	0.00207	0.5	94306	196	94208	4266652	45.24
1960-1969	25	0.00213	0.00212	0.5	94110	200	94010	4172444	44.34
1960-1969	26	0.00218	0.00218	0.5	93910	205	93808	4078434	43.43
1960-1969	27	0.00217	0.00216	0.5	93706	203	93604	3984626	42.52
1960-1969	28	0.00224	0.00223	0.5	93503	209	93398	3891022	41.61
1960-1969	29	0.00223	0.00223	0.5	93294	208	93190	3797624	40.71
1960-1969	30	0.00237	0.00236	0.5	93086	220	92976	3704434	39.80
1960-1969	31	0.00239	0.00239	0.5	92866	222	92755	3611458	38.89
1960-1969	32	0.00254	0.00254	0.5	92644	235	92526	3518704	37.98
1960-1969	33	0.00269	0.00268	0.5	92409	248	92285	3426177	37.08
1960-1969	34	0.00287	0.00287	0.5	92161	264	92029	3333892	36.17
1960-1969	35	0.00312	0.00311	0.5	91897	286	91754	3241863	35.28
1960-1969	36	0.00327	0.00327	0.5	91611	299	91461	3150110	34.39
1960-1969	37	0.00357	0.00356	0.5	91311	325	91149	3058649	33.50
1960-1969	38	0.00393	0.00392	0.5	90986	357	90808	2967500	32.61
1960-1969	39	0.00422	0.00421	0.5	90629	382	90439	2876692	31.74
1960-1969	40	0.00463	0.00462	0.5	90248	417	90039	2786253	30.87
1960-1969	41	0.00498	0.00497	0.5	89831	447	89608	2696214	30.01
1960-1969	42	0.00560	0.00559	0.5	89384	499	89135	2606606	29.16
1960-1969	43	0.00602	0.00600	0.5	88885	533	88618	2517471	28.32
1960-1969	44	0.00658	0.00656	0.5	88352	579	88062	2428853	27.49
1960-1969	45	0.00725	0.00722	0.5	87772	634	87456	2340791	26.67
1960-1969	46	0.00773	0.00770	0.5	87139	671	86803	2253335	25.86
1960-1969	47	0.00865	0.00862	0.5	86468	745	86095	2166532	25.06
1960-1969	48	0.00933	0.00929	0.5	85723	796	85325	2080437	24.27
1960-1969	49	0.01021	0.01016	0.5	84926	863	84495	1995112	23.49
1960-1969	50	0.01142	0.01136	0.5	84063	955	83586	1910617	22.73
1960-1969	51	0.01214	0.01207	0.5	83109	1003	82607	1827031	21.98
1960-1969	52	0.01371	0.01362	0.5	82106	1118	81547	1744424	21.25
1960-1969	53	0.01469	0.01458	0.5	80988	1181	80397	1662877	20.53
1960-1969	54	0.01586	0.01574	0.5	79807	1256	79179	1582480	19.83
1960-1969	55	0.01720	0.01706	0.5	78551	1340	77881	1503301	19.14
1960-1969	56	0.01845	0.01828	0.5	77211	1412	76505	1425420	18.46
1960-1969	57	0.01975	0.01956	0.5	75799	1483	75058	1348915	17.80
1960-1969	58	0.02151	0.02128	0.5	74317	1581	73526	1273857	17.14
1960-1969	59	0.02314	0.02287	0.5	72735	1664	71903	1200331	16.50
1960-1969	60	0.02506	0.02475	0.5	71072	1759	70192	1128428	15.88
1960-1969	61	0.02595	0.02562	0.5	69312	1776	68424	1058236	15.27
1960-1969	62	0.02966	0.02922	0.5	67536	1974	66550	989811	14.66
1960-1969	63	0.03119	0.03071	0.5	65563	2014	64556	923262	14.08
1960-1969	64	0.03378	0.03322	0.5	63549	2111	62494	858706	13.51
1960-1969	65	0.03811	0.03740	0.5	61438	2298	60289	796212	12.96
1960-1969	66	0.03899	0.03825	0.5	59141	2262	58010	735922	12.44
1960-1969	67	0.04283	0.04194	0.5	56879	2385	55686	677913	11.92
1960-1969	68	0.04554	0.04453	0.5	54493	2427	53280	622227	11.42
1960-1969	69	0.04784	0.04673	0.5	52067	2433	50850	568947	10.93
1960-1969	70	0.05245	0.05111	0.5	49634	2537	48366	518096	10.44
1960-1969	71	0.05377	0.05236	0.5	47097	2466	45864	469731	9.97
1960-1969	72	0.06116	0.05934	0.5	44631	2648	43307	423867	9.50
1960-1969	73	0.06412	0.06212	0.5	41983	2608	40679	380560	9.06
1960-1969	74	0.06866	0.06638	0.5	39374	2614	38068	339881	8.63
1960-1969	75	0.07467	0.07198	0.5	36761	2646	35438	301814	8.21
1960-1969	76	0.07839	0.07543	0.5	34115	2573	32828	266376	7.81
1960-1969	77	0.08168	0.07847	0.5	31541	2475	30304	233548	7.40
1960-1969	78	0.08948	0.08565	0.5	29066	2490	27821	203244	6.99
1960-1969	79	0.09581	0.09143	0.5	26577	2430	25362	175423	6.60
1960-1969	80	0.11045	0.10467	0.5	24147	2527	22883	150061	6.21
1960-1969	81	0.11281	0.10679	0.5	21619	2309	20465	127178	5.88
1960-1969	82	0.12757	0.11992	0.5	19311	2316	18153	106713	5.53
1960-1969	83	0.13956	0.13045	0.5	16995	2217	15886	88561	5.21
1960-1969	84	0.15451	0.14343	0.5	14778	2120	13718	72674	4.92
1960-1969	85	0.16523	0.15262	0.5	12658	1932	11692	58956	4.66
1960-1969	86	0.17921	0.16447	0.5	10726	1764	9844	47264	4.41
1960-1969	87	0.19519	0.17784	0.5	8962	1594	8165	37420	4.18
1960-1969	88	0.20477	0.18575	0.5	7368	1369	6684	29255	3.97
1960-1969	89	0.22428	0.20167	0.5	6000	1210	5395	22571	3.76
1960-1969	90	0.23928	0.21372	0.5	4790	1024	4278	17176	3.59
1960-1969	91	0.24552	0.21868	0.5	3766	824	3354	12898	3.42
1960-1969	92	0.26458	0.23367	0.5	2942	688	2599	9544	3.24
1960-1969	93	0.28704	0.25101	0.5	2255	566	1972	6945	3.08
1960-1969	94	0.29652	0.25824	0.5	1689	436	1471	4974	2.94
1960-1969	95	0.31729	0.27385	0.5	1253	343	1081	3503	2.80
1960-1969	96	0.33660	0.28811	0.5	910	262	779	2421	2.66
1960-1969	97	0.35646	0.30254	0.5	648	196	550	1643	2.54
1960-1969	98	0.37683	0.31709	0.5	452	143	380	1093	2.42
1960-1969	99	0.39765	0.33170	0.5	308	102	257	713	2.31
1960-1969	100	0.41884	0.34632	0.5	206	71	170	456	2.21
1960-1969	101	0.44034	0.36088	0.5	135	49	110	285	2.12
1960-1969	102	0.46206	0.37534	0.5	86	32	70	175	2.03
1960-1969	103	0.48393	0.38965	0.5	54	21	43	105	1.95
1960-1969	104	0.50586	0.40374	0.5	33	13	26	62	1.88
1960-1969	105	0.52776	0.41757	0.5	20	8	15	35	1.81
1960-1969	106	0.54956	0.43110	0.5	11	5	9	20	1.75
1960-1969	107	0.57118	0.44429	0.5	6	3	5	11	1.69
1960-1969	108	0.59252	0.45710	0.5	4	2	3	6	1.64
1960-1969	109	0.61352	0.46950	0.5	2	1	1	3	1.60
1960-1969	110+	0.63411	1.00000	1.58	1	1	2	2	1.58
1970-1979	0	0.02107	0.02068	0.1	100000	2068	98142	6737260	67.37
1970-1979	1	0.00138	0.00138	0.5	97932	135	97864	6639118	67.79
1970-1979	2	0.00095	0.00095	0.5	97797	92	97751	6541253	66.89
1970-1979	3	0.00074	0.00074	0.5	97705	72	97669	6443503	65.95
1970-1979	4	0.00061	0.00061	0.5	97633	59	97603	6345834	65.00
1970-1979	5	0.00057	0.00057	0.5	97573	56	97545	6248231	64.04
1970-1979	6	0.00051	0.00051	0.5	97517	50	97492	6150686	63.07
1970-1979	7	0.00048	0.00048	0.5	97467	47	97444	6053194	62.10
1970-1979	8	0.00044	0.00044	0.5	97420	43	97399	5955750	61.13
1970-1979	9	0.00044	0.00044	0.5	97377	43	97356	5858351	60.16
1970-1979	10	0.00043	0.00043	0.5	97335	41	97314	5760995	59.19
1970-1979	11	0.00044	0.00044	0.5	97293	42	97272	5663681	58.21
1970-1979	12	0.00048	0.00048	0.5	97251	47	97227	5566410	57.24
1970-1979	13	0.00061	0.00061	0.5	97204	59	97174	5469182	56.27
1970-1979	14	0.00076	0.00076	0.5	97145	74	97108	5372008	55.30
1970-1979	15	0.00099	0.00099	0.5	97071	96	97023	5274900	54.34
1970-1979	16	0.00137	0.00137	0.5	96975	132	96909	5177877	53.39
1970-1979	17	0.00169	0.00169	0.5	96843	164	96761	5080969	52.47
1970-1979	18	0.00200	0.00200	0.5	96679	193	96582	4984208	51.55
1970-1979	19	0.00211	0.00211	0.5	96486	204	96384	4887625	50.66
1970-1979	20	0.00209	0.00209	0.5	96282	201	96181	4791242	49.76
1970-1979	21	0.00218	0.00218	0.5	96081	209	95976	4695060	48.87
1970-1979	22	0.00220	0.00219	0.5	95872	210	95767	4599084	47.97
1970-1979	23	0.00220	0.00219	0.5	95661	210	95557	4503317	47.08
1970-1979	24	0.00214	0.00214	0.5	95452	204	95349	4407760	46.18
1970-1979	25	0.00220	0.00220	0.5	95247	209	95143	4312411	45.28
1970-1979	26	0.00214	0.00213	0.5	95038	203	94937	4217268	44.37
1970-1979	27	0.00218	0.00217	0.5	94835	206	94732	4122332	43.47
1970-1979	28	0.00216	0.00216	0.5	94629	204	94527	4027600	42.56
1970-1979	29	0.00221	0.00221	0.5	94425	209	94320	3933073	41.65
1970-1979	30	0.00220	0.00220	0.5	94216	207	94112	3838753	40.74
1970-1979	31	0.00224	0.00224	0.5	94009	210	93904	3744640	39.83
1970-1979	32	0.00241	0.00241	0.5	93798	226	93686	3650737	38.92
1970-1979	33	0.00243	0.00243	0.5	93573	227	93459	3557051	38.01
1970-1979	34	0.00265	0.00265	0.5	93345	247	93222	3463592	37.11
1970-1979	35	0.00281	0.00280	0.5	93098	261	92968	3370370	36.20
1970-1979	36	0.00302	0.00301	0.5	92837	280	92697	3277403	35.30
1970-1979	37	0.00324	0.00323	0.5	92558	299	92408	3184706	34.41
1970-1979	38	0.00356	0.00355	0.5	92258	328	92095	3092297	33.52
1970-1979	39	0.00387	0.00386	0.5	91931	355	91754	3000203	32.64
1970-1979	40	0.00415	0.00414	0.5	91576	379	91387	2908449	31.76
1970-1979	41	0.00451	0.00450	0.5	91197	410	90992	2817063	30.89
1970-1979	42	0.00510	0.00509	0.5	90787	462	90556	2726071	30.03
1970-1979	43	0.00542	0.00541	0.5	90325	489	90081	2635515	29.18
1970-1979	44	0.00602	0.00600	0.5	89836	539	89567	2545434	28.33
1970-1979	45	0.00657	0.00655	0.5	89297	585	89005	2455867	27.50
1970-1979	46	0.00722	0.00720	0.5	88713	638	88393	2366862	26.68
1970-1979	47	0.00788	0.00785	0.5	88074	691	87729	2278469	25.87
1970-1979	48	0.00861	0.00858	0.5	87383	750	87008	2190740	25.07
1970-1979	49	0.00944	0.00940	0.5	86633	814	86226	2103732	24.28
1970-1979	50	0.01041	0.01036	0.5	85819	889	85375	2017506	23.51
1970-1979	51	0.01112	0.01106	0.5	84930	939	84461	1932131	22.75
1970-1979	52	0.01235	0.01228	0.5	83991	1031	83476	1847671	22.00
1970-1979	53	0.01321	0.01313	0.5	82960	1089	82415	1764195	21.27
1970-1979	54	0.01442	0.01432	0.5	81871	1172	81285	1681780	20.54
1970-1979	55	0.01554	0.01543	0.5	80699	1245	80076	1600495	19.83
1970-1979	56	0.01695	0.01680	0.5	79454	1335	78787	1520418	19.14
1970-1979	57	0.01846	0.01829	0.5	78119	1429	77405	1441632	18.45
1970-1979	58	0.01981	0.01962	0.5	76690	1505	75938	1364227	17.79
1970-1979	59	0.02155	0.02132	0.5	75186	1603	74384	1288289	17.13
1970-1979	60	0.02319	0.02292	0.5	73583	1686	72739	1213905	16.50
1970-1979	61	0.02486	0.02455	0.5	71896	1765	71013	1141165	15.87
1970-1979	62	0.02779	0.02741	0.5	70131	1922	69170	1070152	15.26
1970-1979	63	0.02963	0.02920	0.5	68209	1992	67213	1000982	14.68
1970-1979	64	0.03171	0.03121	0.5	66217	2067	65184	933769	14.10
1970-1979	65	0.03381	0.03325	0.5	64150	2133	63084	868586	13.54
1970-1979	66	0.03548	0.03486	0.5	62017	2162	60936	805502	12.99
1970-1979	67	0.03825	0.03754	0.5	59855	2247	58732	744566	12.44
1970-1979	68	0.04117	0.04034	0.5	57609	2324	56447	685834	11.91
1970-1979	69	0.04403	0.04308	0.5	55285	2382	54094	629387	11.38
1970-1979	70	0.04837	0.04722	0.5	52903	2498	51654	575293	10.87
1970-1979	71	0.05051	0.04926	0.5	50405	2483	49163	523639	10.39
1970-1979	72	0.05604	0.05452	0.5	47922	2612	46616	474475	9.90
1970-1979	73	0.05911	0.05741	0.5	45309	2601	44009	427860	9.44
1970-1979	74	0.06404	0.06205	0.5	42708	2650	41383	383851	8.99
1970-1979	75	0.06938	0.06705	0.5	40058	2686	38715	342468	8.55
1970-1979	76	0.07354	0.07093	0.5	37372	2651	36047	303753	8.13
1970-1979	77	0.07922	0.07621	0.5	34721	2646	33398	267706	7.71
1970-1979	78	0.08586	0.08233	0.5	32075	2641	30755	234308	7.30
1970-1979	79	0.09220	0.08814	0.5	29435	2594	28137	203553	6.92
1970-1979	80	0.10362	0.09851	0.5	26840	2644	25518	175416	6.54
1970-1979	81	0.10887	0.10325	0.5	24196	2498	22947	149897	6.20
1970-1979	82	0.12014	0.11333	0.5	21698	2459	20468	126950	5.85
1970-1979	83	0.13073	0.12271	0.5	19239	2361	18058	106482	5.53
1970-1979	84	0.14253	0.13305	0.5	16878	2246	15755	88424	5.24
1970-1979	85	0.15208	0.14133	0.5	14632	2068	13598	72669	4.97
1970-1979	86	0.16616	0.15342	0.5	12564	1928	11601	59070	4.70
1970-1979	87	0.17653	0.16221	0.5	10637	1725	9774	47469	4.46
1970-1979	88	0.18898	0.17267	0.5	8911	1539	8142	37695	4.23
1970-1979	89	0.20542	0.18628	0.5	7373	1373	6686	29553	4.01
1970-1979	90	0.21897	0.19736	0.5	5999	1184	5407	22867	3.81
1970-1979	91	0.22957	0.20593	0.5	4815	992	4319	17460	3.63
1970-1979	92	0.24786	0.22053	0.5	3824	843	3402	13141	3.44
1970-1979	93	0.26666	0.23529	0.5	2980	701	2630	9739	3.27
1970-1979	94	0.28165	0.24688	0.5	2279	563	1998	7109	3.12
1970-1979	95	0.29495	0.25705	0.5	1716	441	1496	5111	2.98
1970-1979	96	0.31301	0.27065	0.5	1275	345	1103	3615	2.83
1970-1979	97	0.33166	0.28448	0.5	930	265	798	2513	2.70
1970-1979	98	0.35085	0.29849	0.5	665	199	566	1715	2.58
1970-1979	99	0.37053	0.31262	0.5	467	146	394	1149	2.46
1970-1979	100	0.39066	0.32682	0.5	321	105	268	755	2.35
1970-1979	101	0.41116	0.34105	0.5	216	74	179	486	2.25
1970-1979	102	0.43198	0.35525	0.5	142	51	117	307	2.16
1970-1979	103	0.45304	0.36937	0.5	92	34	75	190	2.07
1970-1979	104	0.47427	0.38336	0.5	58	22	47	115	1.99
1970-1979	105	0.49559	0.39717	0.5	36	14	29	68	1.91
1970-1979	106	0.51693	0.41076	0.5	22	9	17	40	1.85
1970-1979	107	0.53821	0.42408	0.5	13	5	10	23	1.79
1970-1979	108	0.55935	0.43710	0.5	7	3	6	13	1.73
1970-1979	109	0.58027	0.44978	0.5	4	2	3	7	1.69
1970-1979	110+	0.60091	1.00000	1.66	2	2	4	4	1.66
1980-1989	0	0.01337	0.01321	0.08	100000	1321	98786	7008995	70.09
1980-1989	1	0.00102	0.00102	0.5	98679	101	98629	6910209	70.03
1980-1989	2	0.00071	0.00071	0.5	98578	70	98543	6811580	69.10
1980-1989	3	0.00054	0.00054	0.5	98508	53	98482	6713037	68.15
1980-1989	4	0.00045	0.00045	0.5	98455	44	98433	6614555	67.18
1980-1989	5	0.00037	0.00037	0.5	98411	36	98393	6516122	66.21
1980-1989	6	0.00035	0.00035	0.5	98375	34	98358	6417729	65.24
1980-1989	7	0.00032	0.00032	0.5	98341	31	98325	6319371	64.26
1980-1989	8	0.00033	0.00033	0.5	98309	33	98293	6221046	63.28
1980-1989	9	0.00030	0.00030	0.5	98277	30	98262	6122753	62.30
1980-1989	10	0.00030	0.00030	0.5	98247	30	98232	6024491	61.32
1980-1989	11	0.00032	0.00032	0.5	98217	31	98202	5926259	60.34
1980-1989	12	0.00038	0.00038	0.5	98186	37	98167	5828057	59.36
1980-1989	13	0.00043	0.00043	0.5	98149	43	98128	5729890	58.38
1980-1989	14	0.00055	0.00055	0.5	98106	54	98079	5631762	57.40
1980-1989	15	0.00074	0.00074	0.5	98052	73	98016	5533683	56.44
1980-1989	16	0.00111	0.00111	0.5	97979	109	97925	5435667	55.48
1980-1989	17	0.00137	0.00137	0.5	97871	134	97804	5337742	54.54
1980-1989	18	0.00171	0.00171	0.5	97737	167	97653	5239938	53.61
1980-1989	19	0.00173	0.00173	0.5	97570	169	97485	5142285	52.70
1980-1989	20	0.00181	0.00181	0.5	97401	176	97313	5044800	51.79
1980-1989	21	0.00189	0.00189	0.5	97225	184	97133	4947487	50.89
1980-1989	22	0.00193	0.00193	0.5	97041	187	96947	4850354	49.98
1980-1989	23	0.00195	0.00195	0.5	96854	189	96759	4753407	49.08
1980-1989	24	0.00194	0.00194	0.5	96665	187	96571	4656648	48.17
1980-1989	25	0.00194	0.00194	0.5	96478	187	96384	4560076	47.27
1980-1989	26	0.00194	0.00194	0.5	96291	187	96197	4463692	46.36
1980-1989	27	0.00196	0.00196	0.5	96104	188	96010	4367495	45.45
1980-1989	28	0.00211	0.00211	0.5	95916	202	95815	4271485	44.53
1980-1989	29	0.00198	0.00198	0.5	95714	189	95619	4175670	43.63
1980-1989	30	0.00212	0.00212	0.5	95525	202	95424	4080051	42.71
1980-1989	31	0.00215	0.00215	0.5	95322	205	95220	3984627	41.80
1980-1989	32	0.00222	0.00222	0.5	95118	211	95012	3889407	40.89
1980-1989	33	0.00233	0.00232	0.5	94906	220	94796	3794395	39.98
1980-1989	34	0.00229	0.00229	0.5	94686	217	94578	3699599	39.07
1980-1989	35	0.00240	0.00240	0.5	94469	227	94356	3605021	38.16
1980-1989	36	0.00251	0.00251	0.5	94242	236	94124	3510666	37.25
1980-1989	37	0.00268	0.00268	0.5	94006	252	93880	3416542	36.34
1980-1989	38	0.00293	0.00292	0.5	93754	274	93617	3322662	35.44
1980-1989	39	0.00296	0.00295	0.5	93480	276	93342	3229045	34.54
1980-1989	40	0.00317	0.00316	0.5	93204	295	93057	3135703	33.64
1980-1989	41	0.00347	0.00346	0.5	92909	322	92748	3042646	32.75
1980-1989	42	0.00382	0.00381	0.5	92588	353	92411	2949898	31.86
1980-1989	43	0.00410	0.00410	0.5	92235	378	92046	2857487	30.98
1980-1989	44	0.00439	0.00438	0.5	91857	403	91655	2765441	30.11
1980-1989	45	0.00487	0.00485	0.5	91454	444	91232	2673786	29.24
1980-1989	46	0.00532	0.00530	0.5	91010	483	90769	2582554	28.38
1980-1989	47	0.00576	0.00574	0.5	90527	520	90268	2491785	27.53
1980-1989	48	0.00664	0.00662	0.5	90008	596	89710	2401517	26.68
1980-1989	49	0.00688	0.00685	0.5	89412	613	89106	2311808	25.86
1980-1989	50	0.00780	0.00777	0.5	88799	690	88454	2222702	25.03
1980-1989	51	0.00862	0.00858	0.5	88110	756	87732	2134248	24.22
1980-1989	52	0.00960	0.00955	0.5	87353	835	86936	2046516	23.43
1980-1989	53	0.01047	0.01041	0.5	86519	901	86069	1959580	22.65
1980-1989	54	0.01128	0.01121	0.5	85618	960	85138	1873511	21.88
1980-1989	55	0.01253	0.01245	0.5	84658	1054	84131	1788373	21.12
1980-1989	56	0.01365	0.01356	0.5	83604	1134	83037	1704242	20.38
1980-1989	57	0.01460	0.01450	0.5	82470	1196	81872	1621205	19.66
1980-1989	58	0.01680	0.01666	0.5	81275	1354	80598	1539332	18.94
1980-1989	59	0.01748	0.01732	0.5	79921	1385	79228	1458735	18.25
1980-1989	60	0.01921	0.01903	0.5	78536	1494	77789	1379506	17.57
1980-1989	61	0.02061	0.02040	0.5	77042	1571	76256	1301717	16.90
1980-1989	62	0.02301	0.02275	0.5	75470	1717	74612	1225461	16.24
1980-1989	63	0.02431	0.02402	0.5	73754	1772	72868	1150849	15.60
1980-1989	64	0.02583	0.02550	0.5	71982	1836	71064	1077981	14.98
1980-1989	65	0.02846	0.02806	0.5	70146	1969	69162	1006917	14.35
1980-1989	66	0.03058	0.03012	0.5	68178	2053	67151	937755	13.75
1980-1989	67	0.03249	0.03197	0.5	66124	2114	65067	870604	13.17
1980-1989	68	0.03597	0.03534	0.5	64010	2262	62879	805537	12.58
1980-1989	69	0.03849	0.03776	0.5	61748	2332	60582	742658	12.03
1980-1989	70	0.04187	0.04101	0.5	59417	2437	58198	682075	11.48
1980-1989	71	0.04482	0.04383	0.5	56980	2498	55731	623877	10.95
1980-1989	72	0.04995	0.04873	0.5	54482	2655	53155	568146	10.43
1980-1989	73	0.05407	0.05265	0.5	51827	2729	50463	514991	9.94
1980-1989	74	0.05701	0.05543	0.5	49098	2721	47738	464528	9.46
1980-1989	75	0.06165	0.05981	0.5	46377	2774	44990	416791	8.99
1980-1989	76	0.06747	0.06527	0.5	43603	2846	42180	371801	8.53
1980-1989	77	0.07190	0.06940	0.5	40757	2829	39343	329620	8.09
1980-1989	78	0.07852	0.07556	0.5	37929	2866	36496	290277	7.65
1980-1989	79	0.08236	0.07910	0.5	35063	2774	33676	253781	7.24
1980-1989	80	0.09566	0.09129	0.5	32289	2948	30816	220105	6.82
1980-1989	81	0.10316	0.09810	0.5	29342	2878	27902	189289	6.45
1980-1989	82	0.11151	0.10562	0.5	26463	2795	25066	161387	6.10
1980-1989	83	0.12265	0.11556	0.5	23668	2735	22301	136321	5.76
1980-1989	84	0.13185	0.12370	0.5	20933	2589	19638	114021	5.45
1980-1989	85	0.14263	0.13313	0.5	18344	2442	17123	94382	5.15
1980-1989	86	0.15566	0.14442	0.5	15902	2297	14753	77260	4.86
1980-1989	87	0.16743	0.15450	0.5	13605	2102	12554	62507	4.59
1980-1989	88	0.18065	0.16569	0.5	11503	1906	10550	49953	4.34
1980-1989	89	0.19383	0.17670	0.5	9597	1696	8749	39403	4.11
1980-1989	90	0.20836	0.18870	0.5	7901	1491	7156	30653	3.88
1980-1989	91	0.22371	0.20121	0.5	6410	1290	5765	23498	3.67
1980-1989	92	0.24315	0.21679	0.5	5120	1110	4565	17732	3.46
1980-1989	93	0.26147	0.23124	0.5	4010	927	3547	13167	3.28
1980-1989	94	0.27865	0.24457	0.5	3083	754	2706	9620	3.12
1980-1989	95	0.29356	0.25599	0.5	2329	596	2031	6914	2.97
1980-1989	96	0.31285	0.27053	0.5	1733	469	1498	4883	2.82
1980-1989	97	0.33280	0.28532	0.5	1264	361	1084	3385	2.68
1980-1989	98	0.35337	0.30031	0.5	903	271	768	2301	2.55
1980-1989	99	0.37450	0.31543	0.5	632	199	532	1533	2.43
1980-1989	100	0.39612	0.33063	0.5	433	143	361	1001	2.31
1980-1989	101	0.41815	0.34584	0.5	290	100	240	640	2.21
1980-1989	102	0.44051	0.36100	0.5	189	68	155	400	2.11
1980-1989	103	0.46312	0.37604	0.5	121	46	98	245	2.02
1980-1989	104	0.48588	0.39091	0.5	76	30	61	147	1.94
1980-1989	105	0.50870	0.40555	0.5	46	19	37	86	1.87
1980-1989	106	0.53148	0.41990	0.5	27	11	22	49	1.80
1980-1989	107	0.55413	0.43391	0.5	16	7	12	28	1.73
1980-1989	108	0.57656	0.44754	0.5	9	4	7	15	1.68
1980-1989	109	0.59868	0.46076	0.5	5	2	4	8	1.64
1980-1989	110+	0.62040	1.00000	1.61	3	3	4	4	1.61
1990-1999	0	0.00998	0.00989	0.07	100000	989	99082	7175520	71.76
1990-1999	1	0.00076	0.00076	0.5	99011	75	98973	7076438	71.47
1990-1999	2	0.00053	0.00053	0.5	98936	52	98909	6977465	70.53
1990-1999	3	0.00042	0.00042	0.5	98883	42	98862	6878555	69.56
1990-1999	4	0.00032	0.00032	0.5	98842	32	98826	6779693	68.59
1990-1999	5	0.00029	0.00029	0.5	98810	29	98795	6680867	67.61
1990-1999	6	0.00026	0.00026	0.5	98781	26	98768	6582072	66.63
1990-1999	7	0.00024	0.00024	0.5	98755	24	98743	6483303	65.65
1990-1999	8	0.00025	0.00025	0.5	98732	25	98719	6384560	64.67
1990-1999	9	0.00023	0.00023	0.5	98707	23	98696	6285841	63.68
1990-1999	10	0.00022	0.00022	0.5	98684	22	98673	6187145	62.70
1990-1999	11	0.00024	0.00024	0.5	98662	23	98651	6088471	61.71
1990-1999	12	0.00029	0.00029	0.5	98639	28	98625	5989821	60.72
1990-1999	13	0.00038	0.00038	0.5	98611	37	98592	5891196	59.74
1990-1999	14	0.00052	0.00052	0.5	98573	51	98548	5792604	58.76
1990-1999	15	0.00071	0.00071	0.5	98522	70	98487	5694057	57.79
1990-1999	16	0.00108	0.00107	0.5	98452	106	98399	5595569	56.84
1990-1999	17	0.00132	0.00132	0.5	98346	130	98281	5497170	55.90
1990-1999	18	0.00165	0.00165	0.5	98216	162	98135	5398889	54.97
1990-1999	19	0.00168	0.00168	0.5	98054	164	97972	5300754	54.06
1990-1999	20	0.00165	0.00165	0.5	97890	162	97809	5202781	53.15
1990-1999	21	0.00178	0.00178	0.5	97728	174	97641	5104972	52.24
1990-1999	22	0.00173	0.00173	0.5	97555	169	97470	5007331	51.33
1990-1999	23	0.00171	0.00171	0.5	97386	167	97302	4909861	50.42
1990-1999	24	0.00166	0.00166	0.5	97219	161	97139	4812558	49.50
1990-1999	25	0.00169	0.00169	0.5	97058	164	96976	4715420	48.58
1990-1999	26	0.00174	0.00174	0.5	96894	168	96810	4618444	47.66
1990-1999	27	0.00181	0.00181	0.5	96726	175	96638	4521634	46.75
1990-1999	28	0.00193	0.00193	0.5	96551	187	96457	4424995	45.83
1990-1999	29	0.00196	0.00195	0.5	96364	188	96270	4328538	44.92
1990-1999	30	0.00203	0.00203	0.5	96176	195	96078	4232268	44.01
1990-1999	31	0.00219	0.00219	0.5	95981	210	95876	4136190	43.09
1990-1999	32	0.00227	0.00227	0.5	95771	217	95662	4040314	42.19
1990-1999	33	0.00242	0.00242	0.5	95554	231	95438	3944652	41.28
1990-1999	34	0.00245	0.00244	0.5	95323	233	95206	3849214	40.38
1990-1999	35	0.00258	0.00258	0.5	95090	245	94967	3754007	39.48
1990-1999	36	0.00276	0.00275	0.5	94845	261	94714	3659040	38.58
1990-1999	37	0.00289	0.00289	0.5	94583	273	94447	3564326	37.68
1990-1999	38	0.00312	0.00311	0.5	94310	294	94164	3469879	36.79
1990-1999	39	0.00315	0.00314	0.5	94017	295	93869	3375716	35.91
1990-1999	40	0.00331	0.00331	0.5	93721	310	93566	3281847	35.02
1990-1999	41	0.00360	0.00360	0.5	93411	336	93243	3188280	34.13
1990-1999	42	0.00383	0.00383	0.5	93075	356	92897	3095037	33.25
1990-1999	43	0.00408	0.00407	0.5	92719	378	92530	3002140	32.38
1990-1999	44	0.00418	0.00417	0.5	92341	386	92149	2909610	31.51
1990-1999	45	0.00451	0.00450	0.5	91956	414	91749	2817461	30.64
1990-1999	46	0.00499	0.00497	0.5	91542	455	91315	2725712	29.78
1990-1999	47	0.00532	0.00531	0.5	91087	484	90845	2634397	28.92
1990-1999	48	0.00585	0.00583	0.5	90603	528	90339	2543552	28.07
1990-1999	49	0.00597	0.00595	0.5	90075	536	89807	2453213	27.24
1990-1999	50	0.00648	0.00646	0.5	89539	579	89249	2363406	26.40
1990-1999	51	0.00725	0.00722	0.5	88960	643	88639	2274157	25.56
1990-1999	52	0.00795	0.00791	0.5	88318	699	87968	2185518	24.75
1990-1999	53	0.00858	0.00854	0.5	87619	748	87244	2097550	23.94
1990-1999	54	0.00927	0.00923	0.5	86870	802	86469	2010305	23.14
1990-1999	55	0.01021	0.01016	0.5	86068	874	85631	1923836	22.35
1990-1999	56	0.01130	0.01124	0.5	85194	958	84715	1838205	21.58
1990-1999	57	0.01222	0.01214	0.5	84237	1023	83725	1753489	20.82
1990-1999	58	0.01386	0.01376	0.5	83214	1145	82641	1669764	20.07
1990-1999	59	0.01444	0.01434	0.5	82068	1177	81480	1587123	19.34
1990-1999	60	0.01603	0.01590	0.5	80892	1286	80249	1505643	18.61
1990-1999	61	0.01780	0.01765	0.5	79606	1405	78903	1425394	17.91
1990-1999	62	0.01956	0.01937	0.5	78201	1515	77443	1346491	17.22
1990-1999	63	0.02083	0.02062	0.5	76686	1581	75895	1269048	16.55
1990-1999	64	0.02232	0.02207	0.5	75105	1658	74276	1193153	15.89
1990-1999	65	0.02400	0.02371	0.5	73447	1742	72576	1118877	15.23
1990-1999	66	0.02603	0.02569	0.5	71705	1842	70784	1046301	14.59
1990-1999	67	0.02764	0.02727	0.5	69863	1905	68910	975517	13.96
1990-1999	68	0.03072	0.03025	0.5	67958	2056	66930	906606	13.34
1990-1999	69	0.03326	0.03271	0.5	65902	2156	64824	839676	12.74
1990-1999	70	0.03559	0.03496	0.5	63746	2229	62632	774852	12.16
1990-1999	71	0.03910	0.03835	0.5	61517	2359	60338	712221	11.58
1990-1999	72	0.04227	0.04140	0.5	59158	2449	57934	651883	11.02
1990-1999	73	0.04599	0.04496	0.5	56709	2549	55435	593949	10.47
1990-1999	74	0.04928	0.04810	0.5	54160	2605	52857	538514	9.94
1990-1999	75	0.05339	0.05200	0.5	51555	2681	50214	485657	9.42
1990-1999	76	0.05797	0.05634	0.5	48874	2754	47497	435442	8.91
1990-1999	77	0.06347	0.06151	0.5	46120	2837	44702	387945	8.41
1990-1999	78	0.06890	0.06661	0.5	43283	2883	41842	343243	7.93
1990-1999	79	0.07473	0.07204	0.5	40400	2910	38945	301401	7.46
1990-1999	80	0.08756	0.08389	0.5	37490	3145	35918	262456	7.00
1990-1999	81	0.09552	0.09117	0.5	34345	3131	32780	226538	6.60
1990-1999	82	0.10513	0.09988	0.5	31214	3118	29655	193759	6.21
1990-1999	83	0.11520	0.10893	0.5	28096	3060	26566	164104	5.84
1990-1999	84	0.12581	0.11836	0.5	25036	2963	23554	137538	5.49
1990-1999	85	0.13823	0.12929	0.5	22073	2854	20646	113984	5.16
1990-1999	86	0.14998	0.13952	0.5	19219	2681	17878	93338	4.86
1990-1999	87	0.16353	0.15117	0.5	16537	2500	15287	75460	4.56
1990-1999	88	0.17794	0.16340	0.5	14037	2294	12891	60172	4.29
1990-1999	89	0.19411	0.17694	0.5	11744	2078	10705	47282	4.03
1990-1999	90	0.21028	0.19027	0.5	9666	1839	8746	36577	3.78
1990-1999	91	0.22622	0.20323	0.5	7827	1591	7031	27831	3.56
1990-1999	92	0.24888	0.22134	0.5	6236	1380	5546	20799	3.34
1990-1999	93	0.26914	0.23722	0.5	4856	1152	4280	15253	3.14
1990-1999	94	0.29258	0.25524	0.5	3704	945	3231	10973	2.96
1990-1999	95	0.30964	0.26813	0.5	2759	740	2389	7742	2.81
1990-1999	96	0.33211	0.28481	0.5	2019	575	1731	5354	2.65
1990-1999	97	0.35537	0.30175	0.5	1444	436	1226	3622	2.51
1990-1999	98	0.37933	0.31886	0.5	1008	321	847	2396	2.38
1990-1999	99	0.40390	0.33604	0.5	687	231	571	1549	2.26
1990-1999	100	0.42896	0.35320	0.5	456	161	375	977	2.14
1990-1999	101	0.45439	0.37027	0.5	295	109	240	602	2.04
1990-1999	102	0.48006	0.38714	0.5	186	72	150	362	1.95
1990-1999	103	0.50583	0.40373	0.5	114	46	91	212	1.86
1990-1999	104	0.53158	0.41996	0.5	68	29	54	121	1.78
1990-1999	105	0.55716	0.43576	0.5	39	17	31	67	1.71
1990-1999	106	0.58243	0.45107	0.5	22	10	17	37	1.65
1990-1999	107	0.60729	0.46584	0.5	12	6	9	19	1.59
1990-1999	108	0.63159	0.48001	0.5	7	3	5	10	1.54
1990-1999	109	0.65525	0.49355	0.5	3	2	3	5	1.50
1990-1999	110+	0.67817	1.00000	1.47	2	2	3	3	1.47
2000-2009	0	0.00872	0.00865	0.07	100000	865	99194	7372832	73.73
2000-2009	1	0.00060	0.00060	0.5	99135	59	99106	7273638	73.37
2000-2009	2	0.00041	0.00041	0.5	99076	41	99056	7174532	72.41
2000-2009	3	0.00031	0.00031	0.5	99036	31	99020	7075476	71.44
2000-2009	4	0.00024	0.00024	0.5	99005	24	98993	6976456	70.47
2000-2009	5	0.00020	0.00020	0.5	98981	20	98971	6877463	69.48
2000-2009	6	0.00017	0.00017	0.5	98961	17	98952	6778493	68.50
2000-2009	7	0.00017	0.00017	0.5	98943	17	98935	6679541	67.51
2000-2009	8	0.00017	0.00017	0.5	98926	17	98918	6580606	66.52
2000-2009	9	0.00017	0.00017	0.5	98909	17	98901	6481689	65.53
2000-2009	10	0.00017	0.00017	0.5	98892	17	98884	6382788	64.54
2000-2009	11	0.00019	0.00019	0.5	98876	19	98866	6283904	63.55
2000-2009	12	0.00022	0.00022	0.5	98857	22	98846	6185038	62.57
2000-2009	13	0.00027	0.00027	0.5	98835	26	98822	6086192	61.58
2000-2009	14	0.00035	0.00035	0.5	98808	34	98791	5987370	60.60
2000-2009	15	0.00048	0.00048	0.5	98774	48	98750	5888579	59.62
2000-2009	16	0.00074	0.00074	0.5	98727	73	98690	5789829	58.65
2000-2009	17	0.00097	0.00097	0.5	98653	96	98605	5691139	57.69
2000-2009	18	0.00129	0.00129	0.5	98557	127	98494	5592533	56.74
2000-2009	19	0.00149	0.00149	0.5	98430	147	98357	5494040	55.82
2000-2009	20	0.00157	0.00156	0.5	98283	154	98206	5395683	54.90
2000-2009	21	0.00165	0.00165	0.5	98129	162	98048	5297477	53.98
2000-2009	22	0.00165	0.00165	0.5	97967	162	97886	5199429	53.07
2000-2009	23	0.00165	0.00164	0.5	97805	161	97725	5101542	52.16
2000-2009	24	0.00166	0.00166	0.5	97644	162	97564	5003817	51.25
2000-2009	25	0.00165	0.00165	0.5	97483	161	97402	4906254	50.33
2000-2009	26	0.00167	0.00167	0.5	97322	162	97241	4808851	49.41
2000-2009	27	0.00163	0.00162	0.5	97160	158	97081	4711610	48.49
2000-2009	28	0.00165	0.00165	0.5	97002	160	96922	4614529	47.57
2000-2009	29	0.00169	0.00169	0.5	96842	163	96760	4517607	46.65
2000-2009	30	0.00168	0.00167	0.5	96679	162	96598	4420847	45.73
2000-2009	31	0.00174	0.00174	0.5	96517	168	96433	4324249	44.80
2000-2009	32	0.00174	0.00173	0.5	96349	167	96265	4227816	43.88
2000-2009	33	0.00181	0.00181	0.5	96182	174	96095	4131551	42.96
2000-2009	34	0.00190	0.00190	0.5	96008	182	95917	4035456	42.03
2000-2009	35	0.00201	0.00201	0.5	95826	193	95729	3939539	41.11
2000-2009	36	0.00210	0.00210	0.5	95633	201	95533	3843810	40.19
2000-2009	37	0.00230	0.00230	0.5	95432	219	95323	3748277	39.28
2000-2009	38	0.00246	0.00246	0.5	95213	234	95096	3652954	38.37
2000-2009	39	0.00262	0.00262	0.5	94979	249	94855	3557858	37.46
2000-2009	40	0.00286	0.00285	0.5	94731	270	94596	3463003	36.56
2000-2009	41	0.00310	0.00310	0.5	94461	292	94314	3368407	35.66
2000-2009	42	0.00337	0.00336	0.5	94168	317	94010	3274093	34.77
2000-2009	43	0.00368	0.00367	0.5	93851	345	93679	3180083	33.88
2000-2009	44	0.00405	0.00404	0.5	93507	378	93318	3086404	33.01
2000-2009	45	0.00433	0.00432	0.5	93129	402	92928	2993086	32.14
2000-2009	46	0.00472	0.00471	0.5	92727	436	92509	2900158	31.28
2000-2009	47	0.00508	0.00506	0.5	92291	467	92057	2807649	30.42
2000-2009	48	0.00553	0.00551	0.5	91823	506	91570	2715593	29.57
2000-2009	49	0.00599	0.00598	0.5	91317	546	91044	2624022	28.74
2000-2009	50	0.00647	0.00644	0.5	90772	585	90479	2532978	27.90
2000-2009	51	0.00701	0.00698	0.5	90187	630	89872	2442499	27.08
2000-2009	52	0.00754	0.00751	0.5	89557	672	89221	2352627	26.27
2000-2009	53	0.00807	0.00804	0.5	88885	715	88527	2263406	25.46
2000-2009	54	0.00859	0.00855	0.5	88170	754	87793	2174879	24.67
2000-2009	55	0.00931	0.00927	0.5	87416	810	87011	2087086	23.88
2000-2009	56	0.00986	0.00981	0.5	86605	850	86181	2000076	23.09
2000-2009	57	0.01067	0.01061	0.5	85756	910	85301	1913895	22.32
2000-2009	58	0.01141	0.01135	0.5	84846	963	84364	1828595	21.55
2000-2009	59	0.01231	0.01223	0.5	83883	1026	83370	1744231	20.79
2000-2009	60	0.01342	0.01333	0.5	82857	1105	82304	1660861	20.04
2000-2009	61	0.01412	0.01402	0.5	81752	1146	81179	1578556	19.31
2000-2009	62	0.01561	0.01549	0.5	80606	1249	79981	1497378	18.58
2000-2009	63	0.01671	0.01658	0.5	79357	1315	78699	1417396	17.86
2000-2009	64	0.01816	0.01800	0.5	78041	1404	77339	1338697	17.15
2000-2009	65	0.01956	0.01937	0.5	76637	1485	75895	1261358	16.46
2000-2009	66	0.02106	0.02084	0.5	75152	1566	74369	1185464	15.77
2000-2009	67	0.02263	0.02238	0.5	73586	1647	72763	1111094	15.10
2000-2009	68	0.02438	0.02409	0.5	71939	1733	71073	1038332	14.43
2000-2009	69	0.02663	0.02628	0.5	70206	1845	69284	967259	13.78
2000-2009	70	0.02919	0.02877	0.5	68361	1967	67378	897975	13.14
2000-2009	71	0.03133	0.03085	0.5	66394	2048	65370	830598	12.51
2000-2009	72	0.03434	0.03376	0.5	64346	2172	63260	765227	11.89
2000-2009	73	0.03751	0.03682	0.5	62174	2289	61029	701967	11.29
2000-2009	74	0.04071	0.03989	0.5	59884	2389	58690	640938	10.70
2000-2009	75	0.04498	0.04399	0.5	57495	2529	56231	582249	10.13
2000-2009	76	0.04864	0.04749	0.5	54966	2610	53661	526018	9.57
2000-2009	77	0.05347	0.05208	0.5	52356	2726	50993	472357	9.02
2000-2009	78	0.05811	0.05647	0.5	49629	2803	48228	421364	8.49
2000-2009	79	0.06437	0.06236	0.5	46827	2920	45367	373136	7.97
2000-2009	80	0.07433	0.07167	0.5	43907	3147	42333	327769	7.47
2000-2009	81	0.08207	0.07883	0.5	40760	3213	39154	285436	7.00
2000-2009	82	0.09040	0.08649	0.5	37547	3247	35923	246282	6.56
2000-2009	83	0.10041	0.09561	0.5	34300	3279	32660	210359	6.13
2000-2009	84	0.11132	0.10545	0.5	31020	3271	29385	177699	5.73
2000-2009	85	0.12305	0.11592	0.5	27749	3217	26141	148314	5.34
2000-2009	86	0.13706	0.12827	0.5	24533	3147	22959	122173	4.98
2000-2009	87	0.15160	0.14092	0.5	21386	3014	19879	99214	4.64
2000-2009	88	0.16791	0.15491	0.5	18372	2846	16949	79335	4.32
2000-2009	89	0.18553	0.16978	0.5	15526	2636	14208	62386	4.02
2000-2009	90	0.20628	0.18699	0.5	12890	2410	11685	48178	3.74
2000-2009	91	0.22661	0.20354	0.5	10480	2133	9413	36493	3.48
2000-2009	92	0.25119	0.22316	0.5	8347	1863	7415	27080	3.24
2000-2009	93	0.27667	0.24305	0.5	6484	1576	5696	19665	3.03
2000-2009	94	0.30427	0.26409	0.5	4908	1296	4260	13968	2.85
2000-2009	95	0.32038	0.27614	0.5	3612	997	3113	9709	2.69
2000-2009	96	0.34695	0.29566	0.5	2614	773	2228	6595	2.52
2000-2009	97	0.37451	0.31544	0.5	1841	581	1551	4367	2.37
2000-2009	98	0.40290	0.33535	0.5	1261	423	1049	2816	2.23
2000-2009	99	0.43197	0.35524	0.5	838	298	689	1767	2.11
2000-2009	100	0.46151	0.37498	0.5	540	203	439	1078	2.00
2000-2009	101	0.49132	0.39443	0.5	338	133	271	639	1.89
2000-2009	102	0.52120	0.41345	0.5	204	85	162	368	1.80
2000-2009	103	0.55092	0.43194	0.5	120	52	94	206	1.72
2000-2009	104	0.58029	0.44979	0.5	68	31	53	112	1.64
2000-2009	105	0.60909	0.46690	0.5	37	18	29	59	1.57
2000-2009	106	0.63716	0.48322	0.5	20	10	15	30	1.51
2000-2009	107	0.66432	0.49868	0.5	10	5	8	15	1.46
2000-2009	108	0.69044	0.51325	0.5	5	3	4	7	1.41
2000-2009	109	0.71539	0.52692	0.5	3	1	2	3	1.38
2000-2009	110+	0.73910	1.00000	1.35	1	1	2	2	1.35
2010-2019	0	0.00726	0.00721	0.06	100000	721	99326	7525950	75.26
2010-2019	1	0.00051	0.00051	0.5	99279	51	99254	7426624	74.81
2010-2019	2	0.00035	0.00035	0.5	99228	34	99211	7327370	73.84
2010-2019	3	0.00027	0.00027	0.5	99194	27	99181	7228159	72.87
2010-2019	4	0.00020	0.00020	0.5	99167	20	99157	7128979	71.89
2010-2019	5	0.00018	0.00018	0.5	99147	17	99139	7029822	70.90
2010-2019	6	0.00015	0.00015	0.5	99130	14	99123	6930683	69.92
2010-2019	7	0.00014	0.00014	0.5	99116	14	99108	6831560	68.93
2010-2019	8	0.00014	0.00014	0.5	99101	14	99094	6732452	67.94
2010-2019	9	0.00013	0.00013	0.5	99087	13	99080	6633358	66.94
2010-2019	10	0.00013	0.00013	0.5	99074	13	99067	6534277	65.95
2010-2019	11	0.00015	0.00015	0.5	99060	15	99053	6435210	64.96
2010-2019	12	0.00017	0.00017	0.5	99046	17	99037	6336157	63.97
2010-2019	13	0.00021	0.00021	0.5	99029	21	99019	6237120	62.98
2010-2019	14	0.00027	0.00027	0.5	99008	27	98995	6138101	62.00
2010-2019	15	0.00037	0.00037	0.5	98981	37	98963	6039106	61.01
2010-2019	16	0.00053	0.00053	0.5	98945	53	98918	5940143	60.03
2010-2019	17	0.00072	0.00072	0.5	98892	71	98857	5841225	59.07
2010-2019	18	0.00100	0.00100	0.5	98821	99	98772	5742368	58.11
2010-2019	19	0.00117	0.00117	0.5	98722	116	98664	5643597	57.17
2010-2019	20	0.00124	0.00124	0.5	98606	122	98545	5544932	56.23
2010-2019	21	0.00139	0.00139	0.5	98484	137	98416	5446387	55.30
2010-2019	22	0.00145	0.00145	0.5	98347	143	98276	5347971	54.38
2010-2019	23	0.00148	0.00148	0.5	98204	145	98132	5249695	53.46
2010-2019	24	0.00153	0.00153	0.5	98059	150	97984	5151563	52.54
2010-2019	25	0.00158	0.00157	0.5	97909	154	97832	5053579	51.62
2010-2019	26	0.00159	0.00159	0.5	97755	155	97677	4955747	50.70
2010-2019	27	0.00165	0.00165	0.5	97600	161	97519	4858070	49.78
2010-2019	28	0.00171	0.00171	0.5	97439	167	97355	4760551	48.86
2010-2019	29	0.00176	0.00176	0.5	97272	171	97186	4663196	47.94
2010-2019	30	0.00176	0.00176	0.5	97101	171	97015	4566009	47.02
2010-2019	31	0.00186	0.00186	0.5	96930	180	96840	4468994	46.11
2010-2019	32	0.00190	0.00190	0.5	96750	184	96658	4372155	45.19
2010-2019	33	0.00196	0.00196	0.5	96566	189	96471	4275497	44.28
2010-2019	34	0.00202	0.00202	0.5	96376	195	96279	4179026	43.36
2010-2019	35	0.00208	0.00207	0.5	96182	200	96082	4082747	42.45
2010-2019	36	0.00215	0.00215	0.5	95982	206	95879	3986666	41.54
2010-2019	37	0.00226	0.00225	0.5	95776	216	95668	3890787	40.62
2010-2019	38	0.00235	0.00235	0.5	95560	225	95448	3795119	39.71
2010-2019	39	0.00246	0.00246	0.5	95335	234	95218	3699672	38.81
2010-2019	40	0.00260	0.00260	0.5	95101	247	94978	3604453	37.90
2010-2019	41	0.00271	0.00270	0.5	94854	257	94726	3509476	37.00
2010-2019	42	0.00286	0.00285	0.5	94598	270	94463	3414750	36.10
2010-2019	43	0.00307	0.00307	0.5	94328	289	94183	3320287	35.20
2010-2019	44	0.00331	0.00330	0.5	94038	310	93883	3226104	34.31
2010-2019	45	0.00364	0.00364	0.5	93728	341	93557	3132221	33.42
2010-2019	46	0.00401	0.00400	0.5	93387	374	93200	3038663	32.54
2010-2019	47	0.00437	0.00436	0.5	93013	406	92810	2945463	31.67
2010-2019	48	0.00477	0.00475	0.5	92607	440	92387	2852653	30.80
2010-2019	49	0.00520	0.00519	0.5	92167	478	91928	2760266	29.95
2010-2019	50	0.00579	0.00577	0.5	91689	529	91424	2668338	29.10
2010-2019	51	0.00632	0.00630	0.5	91160	575	90873	2576914	28.27
2010-2019	52	0.00688	0.00685	0.5	90585	621	90275	2486042	27.44
2010-2019	53	0.00758	0.00755	0.5	89964	679	89625	2395767	26.63
2010-2019	54	0.00824	0.00821	0.5	89285	733	88919	2306142	25.83
2010-2019	55	0.00907	0.00903	0.5	88552	800	88152	2217223	25.04
2010-2019	56	0.00988	0.00983	0.5	87753	863	87321	2129071	24.26
2010-2019	57	0.01066	0.01060	0.5	86890	921	86429	2041750	23.50
2010-2019	58	0.01141	0.01135	0.5	85969	975	85481	1955320	22.74
2010-2019	59	0.01224	0.01217	0.5	84994	1034	84476	1869839	22.00
2010-2019	60	0.01315	0.01306	0.5	83959	1097	83411	1785363	21.26
2010-2019	61	0.01401	0.01391	0.5	82863	1153	82286	1701952	20.54
2010-2019	62	0.01493	0.01482	0.5	81710	1211	81105	1619665	19.82
2010-2019	63	0.01606	0.01593	0.5	80499	1283	79858	1538560	19.11
2010-2019	64	0.01691	0.01677	0.5	79217	1329	78552	1458702	18.41
2010-2019	65	0.01786	0.01770	0.5	77888	1379	77199	1380150	17.72
2010-2019	66	0.01896	0.01879	0.5	76510	1437	75791	1302951	17.03
2010-2019	67	0.02031	0.02011	0.5	75072	1509	74317	1227160	16.35
2010-2019	68	0.02173	0.02149	0.5	73563	1581	72772	1152843	15.67
2010-2019	69	0.02323	0.02296	0.5	71982	1653	71155	1080071	15.00
2010-2019	70	0.02507	0.02476	0.5	70329	1742	69458	1008916	14.35
2010-2019	71	0.02711	0.02675	0.5	68587	1835	67670	939458	13.70
2010-2019	72	0.02945	0.02903	0.5	66752	1938	65784	871788	13.06
2010-2019	73	0.03187	0.03137	0.5	64815	2033	63798	806004	12.44
2010-2019	74	0.03497	0.03437	0.5	62781	2158	61703	742206	11.82
2010-2019	75	0.03794	0.03724	0.5	60624	2257	59495	680504	11.22
2010-2019	76	0.04140	0.04056	0.5	58367	2367	57183	621008	10.64
2010-2019	77	0.04499	0.04400	0.5	55999	2464	54767	563825	10.07
2010-2019	78	0.04931	0.04813	0.5	53535	2577	52247	509058	9.51
2010-2019	79	0.05422	0.05278	0.5	50959	2690	49614	456811	8.96
2010-2019	80	0.05915	0.05745	0.5	48269	2773	46882	407197	8.44
2010-2019	81	0.06539	0.06332	0.5	45496	2881	44055	360315	7.92
2010-2019	82	0.07205	0.06954	0.5	42615	2964	41133	316260	7.42
2010-2019	83	0.07956	0.07652	0.5	39651	3034	38134	275127	6.94
2010-2019	84	0.08881	0.08503	0.5	36617	3114	35060	236993	6.47
2010-2019	85	0.09854	0.09391	0.5	33504	3146	31930	201932	6.03
2010-2019	86	0.11109	0.10525	0.5	30357	3195	28760	170002	5.60
2010-2019	87	0.12451	0.11721	0.5	27162	3184	25570	141242	5.20
2010-2019	88	0.13966	0.13055	0.5	23978	3130	22413	115672	4.82
2010-2019	89	0.15604	0.14475	0.5	20848	3018	19339	93258	4.47
2010-2019	90	0.17575	0.16156	0.5	17830	2881	16390	73919	4.15
2010-2019	91	0.19508	0.17774	0.5	14950	2657	13621	57529	3.85
2010-2019	92	0.21796	0.19654	0.5	12293	2416	11085	43908	3.57
2010-2019	93	0.24278	0.21650	0.5	9877	2138	8807	32823	3.32
2010-2019	94	0.26831	0.23657	0.5	7738	1831	6823	24016	3.10
2010-2019	95	0.28669	0.25075	0.5	5908	1481	5167	17193	2.91
2010-2019	96	0.31333	0.27089	0.5	4426	1199	3827	12026	2.72
2010-2019	97	0.34126	0.29151	0.5	3227	941	2757	8199	2.54
2010-2019	98	0.37033	0.31247	0.5	2286	714	1929	5442	2.38
2010-2019	99	0.40038	0.33360	0.5	1572	524	1310	3513	2.23
2010-2019	100	0.43119	0.35472	0.5	1048	372	862	2203	2.10
2010-2019	101	0.46255	0.37567	0.5	676	254	549	1341	1.98
2010-2019	102	0.49421	0.39628	0.5	422	167	338	792	1.88
2010-2019	103	0.52591	0.41641	0.5	255	106	202	454	1.78
2010-2019	104	0.55741	0.43592	0.5	149	65	116	252	1.69
2010-2019	105	0.58845	0.45467	0.5	84	38	65	136	1.62
2010-2019	106	0.61880	0.47258	0.5	46	22	35	71	1.55
2010-2019	107	0.64825	0.48957	0.5	24	12	18	36	1.49
2010-2019	108	0.67662	0.50558	0.5	12	6	9	18	1.44
2010-2019	109	0.70374	0.52057	0.5	6	3	5	9	1.40
2010-2019	110+	0.72950	1.00000	1.37	3	3	4	4	1.37
