Reg3: , Lifetables (period 1x5), Males Last modified: 20 Dec 2020, MPv5 (May07) 

Year     	Age	mx	qx	ax	lx	dx	Lx	Tx	ex
1960-1964	0	0.03362	0.03267	0.14	100000	3267	97175	6575509	65.76
1960-1964	1	0.00220	0.00220	0.5	96733	213	96626	6478334	66.97
1960-1964	2	0.00131	0.00131	0.5	96520	127	96457	6381708	66.12
1960-1964	3	0.00097	0.00097	0.5	96393	94	96346	6285251	65.20
1960-1964	4	0.00078	0.00078	0.5	96300	75	96262	6188905	64.27
1960-1964	5	0.00066	0.00066	0.5	96225	64	96193	6092642	63.32
1960-1964	6	0.00065	0.00065	0.5	96161	62	96130	5996449	62.36
1960-1964	7	0.00055	0.00055	0.5	96099	53	96072	5900320	61.40
1960-1964	8	0.00053	0.00053	0.5	96046	51	96020	5804247	60.43
1960-1964	9	0.00050	0.00050	0.5	95995	48	95971	5708227	59.46
1960-1964	10	0.00049	0.00049	0.5	95948	47	95924	5612255	58.49
1960-1964	11	0.00053	0.00053	0.5	95900	51	95875	5516332	57.52
1960-1964	12	0.00056	0.00056	0.5	95850	54	95823	5420457	56.55
1960-1964	13	0.00069	0.00069	0.5	95796	66	95763	5324634	55.58
1960-1964	14	0.00084	0.00084	0.5	95730	80	95690	5228872	54.62
1960-1964	15	0.00097	0.00097	0.5	95650	93	95603	5133182	53.67
1960-1964	16	0.00127	0.00127	0.5	95556	122	95496	5037579	52.72
1960-1964	17	0.00148	0.00148	0.5	95435	141	95364	4942083	51.78
1960-1964	18	0.00168	0.00168	0.5	95294	160	95213	4846719	50.86
1960-1964	19	0.00185	0.00185	0.5	95133	176	95045	4751506	49.95
1960-1964	20	0.00187	0.00187	0.5	94957	177	94868	4656461	49.04
1960-1964	21	0.00201	0.00200	0.5	94780	190	94685	4561592	48.13
1960-1964	22	0.00201	0.00201	0.5	94590	190	94495	4466907	47.22
1960-1964	23	0.00201	0.00201	0.5	94400	189	94305	4372412	46.32
1960-1964	24	0.00197	0.00197	0.5	94211	186	94118	4278107	45.41
1960-1964	25	0.00205	0.00204	0.5	94025	192	93929	4183989	44.50
1960-1964	26	0.00207	0.00207	0.5	93833	194	93736	4090060	43.59
1960-1964	27	0.00209	0.00209	0.5	93638	196	93541	3996325	42.68
1960-1964	28	0.00211	0.00211	0.5	93443	197	93344	3902784	41.77
1960-1964	29	0.00212	0.00212	0.5	93245	198	93147	3809440	40.85
1960-1964	30	0.00232	0.00232	0.5	93048	215	92940	3716293	39.94
1960-1964	31	0.00226	0.00226	0.5	92832	209	92727	3623353	39.03
1960-1964	32	0.00245	0.00245	0.5	92623	227	92509	3530626	38.12
1960-1964	33	0.00262	0.00262	0.5	92396	242	92275	3438117	37.21
1960-1964	34	0.00286	0.00286	0.5	92154	263	92022	3345842	36.31
1960-1964	35	0.00302	0.00302	0.5	91891	277	91752	3253819	35.41
1960-1964	36	0.00321	0.00321	0.5	91613	294	91466	3162067	34.52
1960-1964	37	0.00352	0.00352	0.5	91320	321	91159	3070601	33.62
1960-1964	38	0.00384	0.00383	0.5	90998	349	90824	2979442	32.74
1960-1964	39	0.00412	0.00411	0.5	90650	373	90463	2888618	31.87
1960-1964	40	0.00452	0.00451	0.5	90277	407	90073	2798155	31.00
1960-1964	41	0.00478	0.00476	0.5	89869	428	89655	2708082	30.13
1960-1964	42	0.00546	0.00544	0.5	89441	487	89198	2618427	29.28
1960-1964	43	0.00588	0.00586	0.5	88954	521	88694	2529229	28.43
1960-1964	44	0.00651	0.00649	0.5	88433	574	88146	2440535	27.60
1960-1964	45	0.00702	0.00700	0.5	87859	615	87552	2352389	26.77
1960-1964	46	0.00757	0.00754	0.5	87244	658	86915	2264837	25.96
1960-1964	47	0.00859	0.00856	0.5	86586	741	86216	2177922	25.15
1960-1964	48	0.00925	0.00921	0.5	85845	791	85450	2091706	24.37
1960-1964	49	0.01015	0.01010	0.5	85055	859	84625	2006256	23.59
1960-1964	50	0.01132	0.01126	0.5	84196	948	83722	1921631	22.82
1960-1964	51	0.01198	0.01191	0.5	83248	991	82753	1837909	22.08
1960-1964	52	0.01373	0.01364	0.5	82257	1122	81696	1755156	21.34
1960-1964	53	0.01457	0.01446	0.5	81135	1173	80549	1673460	20.63
1960-1964	54	0.01568	0.01556	0.5	79962	1244	79340	1592911	19.92
1960-1964	55	0.01710	0.01696	0.5	78718	1335	78050	1513571	19.23
1960-1964	56	0.01812	0.01796	0.5	77383	1390	76688	1435521	18.55
1960-1964	57	0.01936	0.01918	0.5	75993	1457	75265	1358833	17.88
1960-1964	58	0.02109	0.02087	0.5	74536	1556	73758	1283569	17.22
1960-1964	59	0.02281	0.02256	0.5	72980	1646	72157	1209810	16.58
1960-1964	60	0.02487	0.02456	0.5	71334	1752	70458	1137653	15.95
1960-1964	61	0.02545	0.02513	0.5	69582	1749	68708	1067195	15.34
1960-1964	62	0.02952	0.02909	0.5	67833	1973	66847	998487	14.72
1960-1964	63	0.03138	0.03090	0.5	65860	2035	64843	931641	14.15
1960-1964	64	0.03407	0.03350	0.5	63825	2138	62756	866798	13.58
1960-1964	65	0.03867	0.03793	0.5	61687	2340	60517	804042	13.03
1960-1964	66	0.03908	0.03833	0.5	59347	2275	58210	743525	12.53
1960-1964	67	0.04287	0.04197	0.5	57072	2395	55875	685315	12.01
1960-1964	68	0.04484	0.04385	0.5	54677	2398	53478	629440	11.51
1960-1964	69	0.04708	0.04599	0.5	52279	2405	51077	575962	11.02
1960-1964	70	0.05226	0.05093	0.5	49875	2540	48605	524885	10.52
1960-1964	71	0.05274	0.05139	0.5	47335	2432	46119	476280	10.06
1960-1964	72	0.06075	0.05896	0.5	44902	2647	43579	430162	9.58
1960-1964	73	0.06295	0.06103	0.5	42255	2579	40966	386583	9.15
1960-1964	74	0.06702	0.06485	0.5	39676	2573	38390	345617	8.71
1960-1964	75	0.07247	0.06994	0.5	37103	2595	35806	307228	8.28
1960-1964	76	0.07511	0.07239	0.5	34508	2498	33259	271422	7.87
1960-1964	77	0.07826	0.07531	0.5	32010	2411	30805	238162	7.44
1960-1964	78	0.08701	0.08338	0.5	29600	2468	28366	207357	7.01
1960-1964	79	0.09358	0.08940	0.5	27131	2426	25919	178992	6.60
1960-1964	80	0.11047	0.10469	0.5	24706	2586	23413	153073	6.20
1960-1964	81	0.11321	0.10715	0.5	22120	2370	20935	129661	5.86
1960-1964	82	0.12926	0.12141	0.5	19750	2398	18551	108726	5.51
1960-1964	83	0.14118	0.13187	0.5	17352	2288	16208	90175	5.20
1960-1964	84	0.15410	0.14307	0.5	15063	2155	13986	73968	4.91
1960-1964	85	0.16652	0.15372	0.5	12908	1984	11916	59982	4.65
1960-1964	86	0.17987	0.16503	0.5	10924	1803	10023	48066	4.40
1960-1964	87	0.19840	0.18049	0.5	9121	1646	8298	38043	4.17
1960-1964	88	0.20701	0.18759	0.5	7475	1402	6774	29745	3.98
1960-1964	89	0.22387	0.20133	0.5	6073	1223	5461	22972	3.78
1960-1964	90	0.24097	0.21506	0.5	4850	1043	4329	17510	3.61
1960-1964	91	0.23904	0.21352	0.5	3807	813	3401	13182	3.46
1960-1964	92	0.25737	0.22803	0.5	2994	683	2653	9781	3.27
1960-1964	93	0.28444	0.24902	0.5	2311	576	2024	7128	3.08
1960-1964	94	0.29870	0.25988	0.5	1736	451	1510	5105	2.94
1960-1964	95	0.31721	0.27379	0.5	1285	352	1109	3595	2.80
1960-1964	96	0.33640	0.28796	0.5	933	269	799	2486	2.66
1960-1964	97	0.35614	0.30230	0.5	664	201	564	1687	2.54
1960-1964	98	0.37638	0.31676	0.5	463	147	390	1123	2.42
1960-1964	99	0.39706	0.33129	0.5	317	105	264	733	2.32
1960-1964	100	0.41811	0.34582	0.5	212	73	175	469	2.22
1960-1964	101	0.43947	0.36030	0.5	139	50	114	294	2.12
1960-1964	102	0.46106	0.37468	0.5	89	33	72	180	2.04
1960-1964	103	0.48279	0.38891	0.5	55	22	45	108	1.95
1960-1964	104	0.50459	0.40293	0.5	34	14	27	64	1.88
1960-1964	105	0.52637	0.41670	0.5	20	8	16	37	1.81
1960-1964	106	0.54805	0.43017	0.5	12	5	9	21	1.75
1960-1964	107	0.56955	0.44331	0.5	7	3	5	11	1.69
1960-1964	108	0.59079	0.45607	0.5	4	2	3	6	1.65
1960-1964	109	0.61170	0.46843	0.5	2	1	2	3	1.61
1960-1964	110+	0.63220	1.00000	1.58	1	1	2	2	1.58
1965-1969	0	0.02908	0.02836	0.12	100000	2836	97513	6566375	65.66
1965-1969	1	0.00192	0.00191	0.5	97164	186	97071	6468862	66.58
1965-1969	2	0.00117	0.00117	0.5	96978	114	96922	6371791	65.70
1965-1969	3	0.00090	0.00090	0.5	96865	87	96821	6274869	64.78
1965-1969	4	0.00078	0.00078	0.5	96777	75	96739	6178048	63.84
1965-1969	5	0.00067	0.00067	0.5	96702	65	96669	6081309	62.89
1965-1969	6	0.00060	0.00060	0.5	96637	58	96608	5984639	61.93
1965-1969	7	0.00056	0.00056	0.5	96579	54	96552	5888032	60.97
1965-1969	8	0.00052	0.00052	0.5	96525	50	96500	5791479	60.00
1965-1969	9	0.00049	0.00049	0.5	96475	48	96451	5694979	59.03
1965-1969	10	0.00050	0.00050	0.5	96427	48	96403	5598528	58.06
1965-1969	11	0.00049	0.00049	0.5	96379	47	96355	5502125	57.09
1965-1969	12	0.00055	0.00055	0.5	96332	53	96305	5405770	56.12
1965-1969	13	0.00067	0.00067	0.5	96278	65	96246	5309465	55.15
1965-1969	14	0.00083	0.00083	0.5	96214	80	96174	5213219	54.18
1965-1969	15	0.00107	0.00107	0.5	96134	103	96082	5117045	53.23
1965-1969	16	0.00145	0.00144	0.5	96031	139	95962	5020963	52.28
1965-1969	17	0.00176	0.00176	0.5	95892	169	95808	4925001	51.36
1965-1969	18	0.00213	0.00213	0.5	95723	204	95621	4829194	50.45
1965-1969	19	0.00218	0.00218	0.5	95519	208	95415	4733572	49.56
1965-1969	20	0.00217	0.00217	0.5	95312	207	95208	4638157	48.66
1965-1969	21	0.00228	0.00227	0.5	95105	216	94997	4542949	47.77
1965-1969	22	0.00236	0.00236	0.5	94889	224	94777	4447952	46.88
1965-1969	23	0.00224	0.00224	0.5	94665	212	94559	4353175	45.98
1965-1969	24	0.00216	0.00216	0.5	94453	204	94351	4258616	45.09
1965-1969	25	0.00219	0.00219	0.5	94249	206	94146	4164265	44.18
1965-1969	26	0.00228	0.00227	0.5	94043	214	93936	4070119	43.28
1965-1969	27	0.00223	0.00223	0.5	93829	209	93724	3976183	42.38
1965-1969	28	0.00235	0.00235	0.5	93620	220	93510	3882459	41.47
1965-1969	29	0.00234	0.00234	0.5	93400	218	93291	3788949	40.57
1965-1969	30	0.00241	0.00241	0.5	93182	225	93069	3695659	39.66
1965-1969	31	0.00252	0.00252	0.5	92957	234	92840	3602589	38.76
1965-1969	32	0.00263	0.00262	0.5	92723	243	92601	3509749	37.85
1965-1969	33	0.00276	0.00276	0.5	92480	255	92352	3417148	36.95
1965-1969	34	0.00288	0.00288	0.5	92225	265	92092	3324796	36.05
1965-1969	35	0.00322	0.00321	0.5	91960	295	91812	3232703	35.15
1965-1969	36	0.00333	0.00333	0.5	91664	305	91512	3140891	34.27
1965-1969	37	0.00361	0.00360	0.5	91359	329	91195	3049380	33.38
1965-1969	38	0.00402	0.00402	0.5	91030	366	90847	2958185	32.50
1965-1969	39	0.00432	0.00431	0.5	90664	391	90469	2867338	31.63
1965-1969	40	0.00474	0.00473	0.5	90274	427	90060	2776869	30.76
1965-1969	41	0.00519	0.00518	0.5	89847	465	89614	2686809	29.90
1965-1969	42	0.00575	0.00573	0.5	89382	512	89126	2597194	29.06
1965-1969	43	0.00615	0.00613	0.5	88870	545	88597	2508069	28.22
1965-1969	44	0.00665	0.00662	0.5	88324	585	88032	2419472	27.39
1965-1969	45	0.00745	0.00742	0.5	87739	651	87414	2331440	26.57
1965-1969	46	0.00787	0.00784	0.5	87088	683	86747	2244026	25.77
1965-1969	47	0.00871	0.00867	0.5	86405	749	86031	2157279	24.97
1965-1969	48	0.00941	0.00936	0.5	85656	802	85255	2071248	24.18
1965-1969	49	0.01028	0.01022	0.5	84854	867	84420	1985993	23.40
1965-1969	50	0.01153	0.01146	0.5	83987	963	83505	1901573	22.64
1965-1969	51	0.01230	0.01222	0.5	83024	1015	82517	1818068	21.90
1965-1969	52	0.01369	0.01360	0.5	82010	1115	81452	1735551	21.16
1965-1969	53	0.01481	0.01470	0.5	80894	1189	80300	1654099	20.45
1965-1969	54	0.01603	0.01590	0.5	79705	1267	79072	1573799	19.75
1965-1969	55	0.01729	0.01714	0.5	78438	1345	77766	1494728	19.06
1965-1969	56	0.01875	0.01857	0.5	77093	1432	76377	1416962	18.38
1965-1969	57	0.02010	0.01990	0.5	75661	1506	74908	1340585	17.72
1965-1969	58	0.02187	0.02164	0.5	74155	1604	73353	1265676	17.07
1965-1969	59	0.02343	0.02316	0.5	72551	1680	71711	1192323	16.43
1965-1969	60	0.02524	0.02492	0.5	70871	1766	69988	1120612	15.81
1965-1969	61	0.02640	0.02606	0.5	69105	1801	68204	1050625	15.20
1965-1969	62	0.02978	0.02934	0.5	67304	1975	66317	982420	14.60
1965-1969	63	0.03102	0.03055	0.5	65329	1996	64331	916104	14.02
1965-1969	64	0.03353	0.03297	0.5	63333	2088	62289	851772	13.45
1965-1969	65	0.03764	0.03694	0.5	61245	2262	60114	789483	12.89
1965-1969	66	0.03891	0.03817	0.5	58983	2251	57857	729369	12.37
1965-1969	67	0.04280	0.04190	0.5	56731	2377	55543	671512	11.84
1965-1969	68	0.04621	0.04517	0.5	54354	2455	53126	615970	11.33
1965-1969	69	0.04857	0.04742	0.5	51899	2461	50668	562843	10.85
1965-1969	70	0.05263	0.05128	0.5	49438	2535	48170	512175	10.36
1965-1969	71	0.05473	0.05328	0.5	46903	2499	45653	464005	9.89
1965-1969	72	0.06153	0.05969	0.5	44404	2651	43079	418351	9.42
1965-1969	73	0.06517	0.06311	0.5	41753	2635	40436	375272	8.99
1965-1969	74	0.07015	0.06778	0.5	39118	2651	37793	334837	8.56
1965-1969	75	0.07669	0.07386	0.5	36467	2693	35120	297044	8.15
1965-1969	76	0.08140	0.07822	0.5	33774	2642	32453	261923	7.76
1965-1969	77	0.08483	0.08138	0.5	31132	2534	29865	229471	7.37
1965-1969	78	0.09179	0.08776	0.5	28598	2510	27343	199605	6.98
1965-1969	79	0.09785	0.09328	0.5	26088	2434	24872	172262	6.60
1965-1969	80	0.11043	0.10465	0.5	23655	2476	22417	147390	6.23
1965-1969	81	0.11246	0.10648	0.5	21179	2255	20052	124973	5.90
1965-1969	82	0.12610	0.11863	0.5	18924	2245	17802	104921	5.54
1965-1969	83	0.13816	0.12923	0.5	16679	2156	15602	87119	5.22
1965-1969	84	0.15487	0.14374	0.5	14524	2088	13480	71518	4.92
1965-1969	85	0.16414	0.15169	0.5	12436	1886	11493	58038	4.67
1965-1969	86	0.17864	0.16399	0.5	10550	1730	9685	46545	4.41
1965-1969	87	0.19240	0.17552	0.5	8820	1548	8046	36860	4.18
1965-1969	88	0.20282	0.18414	0.5	7272	1339	6602	28815	3.96
1965-1969	89	0.22465	0.20196	0.5	5933	1198	5334	22212	3.74
1965-1969	90	0.23780	0.21253	0.5	4734	1006	4231	16879	3.57
1965-1969	91	0.25122	0.22319	0.5	3728	832	3312	12648	3.39
1965-1969	92	0.27084	0.23854	0.5	2896	691	2551	9335	3.22
1965-1969	93	0.28924	0.25270	0.5	2205	557	1927	6785	3.08
1965-1969	94	0.29476	0.25690	0.5	1648	423	1436	4858	2.95
1965-1969	95	0.31738	0.27391	0.5	1225	335	1057	3422	2.79
1965-1969	96	0.33678	0.28825	0.5	889	256	761	2365	2.66
1965-1969	97	0.35676	0.30275	0.5	633	192	537	1604	2.53
1965-1969	98	0.37725	0.31738	0.5	441	140	371	1067	2.42
1965-1969	99	0.39818	0.33207	0.5	301	100	251	695	2.31
1965-1969	100	0.41949	0.34676	0.5	201	70	166	444	2.21
1965-1969	101	0.44111	0.36140	0.5	131	47	108	278	2.11
1965-1969	102	0.46296	0.37594	0.5	84	32	68	170	2.03
1965-1969	103	0.48494	0.39031	0.5	52	20	42	102	1.95
1965-1969	104	0.50699	0.40446	0.5	32	13	25	60	1.87
1965-1969	105	0.52901	0.41835	0.5	19	8	15	34	1.80
1965-1969	106	0.55091	0.43193	0.5	11	5	9	19	1.74
1965-1969	107	0.57262	0.44517	0.5	6	3	5	11	1.69
1965-1969	108	0.59406	0.45801	0.5	3	2	3	6	1.64
1965-1969	109	0.61514	0.47045	0.5	2	1	1	3	1.60
1965-1969	110+	0.63580	1.00000	1.57	1	1	2	2	1.57
1970-1974	0	0.02367	0.02318	0.11	100000	2318	97933	6636629	66.37
1970-1974	1	0.00151	0.00151	0.5	97682	147	97608	6538696	66.94
1970-1974	2	0.00102	0.00102	0.5	97535	99	97485	6441088	66.04
1970-1974	3	0.00080	0.00080	0.5	97436	78	97397	6343602	65.11
1970-1974	4	0.00068	0.00068	0.5	97358	66	97324	6246206	64.16
1970-1974	5	0.00063	0.00063	0.5	97291	62	97260	6148881	63.20
1970-1974	6	0.00055	0.00055	0.5	97230	53	97203	6051621	62.24
1970-1974	7	0.00053	0.00053	0.5	97176	51	97150	5954418	61.27
1970-1974	8	0.00050	0.00050	0.5	97125	48	97100	5857268	60.31
1970-1974	9	0.00049	0.00049	0.5	97076	48	97052	5760167	59.34
1970-1974	10	0.00047	0.00047	0.5	97028	46	97005	5663115	58.37
1970-1974	11	0.00048	0.00048	0.5	96982	46	96959	5566110	57.39
1970-1974	12	0.00052	0.00052	0.5	96936	50	96911	5469150	56.42
1970-1974	13	0.00067	0.00067	0.5	96886	64	96854	5372239	55.45
1970-1974	14	0.00083	0.00083	0.5	96822	80	96782	5275385	54.49
1970-1974	15	0.00109	0.00109	0.5	96741	105	96689	5178603	53.53
1970-1974	16	0.00149	0.00149	0.5	96636	144	96564	5081914	52.59
1970-1974	17	0.00185	0.00185	0.5	96492	178	96403	4985350	51.67
1970-1974	18	0.00211	0.00211	0.5	96314	203	96212	4888947	50.76
1970-1974	19	0.00219	0.00219	0.5	96111	211	96006	4792735	49.87
1970-1974	20	0.00218	0.00218	0.5	95900	209	95796	4696729	48.98
1970-1974	21	0.00231	0.00231	0.5	95691	221	95581	4600934	48.08
1970-1974	22	0.00234	0.00233	0.5	95470	223	95359	4505353	47.19
1970-1974	23	0.00235	0.00235	0.5	95247	224	95136	4409994	46.30
1970-1974	24	0.00231	0.00230	0.5	95024	219	94914	4314859	45.41
1970-1974	25	0.00229	0.00229	0.5	94805	217	94696	4219944	44.51
1970-1974	26	0.00227	0.00227	0.5	94588	215	94481	4125248	43.61
1970-1974	27	0.00228	0.00228	0.5	94373	215	94266	4030767	42.71
1970-1974	28	0.00234	0.00234	0.5	94158	220	94048	3936501	41.81
1970-1974	29	0.00243	0.00243	0.5	93938	228	93824	3842453	40.90
1970-1974	30	0.00244	0.00244	0.5	93710	228	93596	3748629	40.00
1970-1974	31	0.00246	0.00246	0.5	93482	230	93367	3655033	39.10
1970-1974	32	0.00267	0.00267	0.5	93252	249	93128	3561667	38.19
1970-1974	33	0.00272	0.00272	0.5	93003	253	92877	3468539	37.29
1970-1974	34	0.00291	0.00291	0.5	92751	270	92616	3375662	36.40
1970-1974	35	0.00313	0.00313	0.5	92481	289	92336	3283047	35.50
1970-1974	36	0.00331	0.00330	0.5	92192	304	92039	3190710	34.61
1970-1974	37	0.00355	0.00354	0.5	91887	326	91724	3098671	33.72
1970-1974	38	0.00389	0.00389	0.5	91562	356	91384	3006947	32.84
1970-1974	39	0.00420	0.00419	0.5	91206	382	91015	2915563	31.97
1970-1974	40	0.00455	0.00453	0.5	90823	412	90617	2824548	31.10
1970-1974	41	0.00488	0.00487	0.5	90411	440	90192	2733931	30.24
1970-1974	42	0.00554	0.00552	0.5	89972	497	89723	2643739	29.38
1970-1974	43	0.00581	0.00580	0.5	89475	519	89215	2554016	28.54
1970-1974	44	0.00655	0.00653	0.5	88956	581	88666	2464801	27.71
1970-1974	45	0.00716	0.00713	0.5	88375	630	88060	2376135	26.89
1970-1974	46	0.00789	0.00786	0.5	87745	690	87400	2288075	26.08
1970-1974	47	0.00858	0.00854	0.5	87056	743	86684	2200674	25.28
1970-1974	48	0.00943	0.00938	0.5	86312	810	85907	2113990	24.49
1970-1974	49	0.01021	0.01016	0.5	85502	869	85068	2028083	23.72
1970-1974	50	0.01113	0.01107	0.5	84633	937	84165	1943015	22.96
1970-1974	51	0.01184	0.01177	0.5	83697	985	83204	1858850	22.21
1970-1974	52	0.01326	0.01317	0.5	82712	1089	82167	1775646	21.47
1970-1974	53	0.01396	0.01386	0.5	81622	1131	81057	1693479	20.75
1970-1974	54	0.01548	0.01536	0.5	80491	1237	79873	1612422	20.03
1970-1974	55	0.01649	0.01636	0.5	79255	1296	78607	1532549	19.34
1970-1974	56	0.01803	0.01787	0.5	77958	1393	77262	1453943	18.65
1970-1974	57	0.01959	0.01940	0.5	76565	1485	75823	1376681	17.98
1970-1974	58	0.02100	0.02078	0.5	75080	1560	74300	1300858	17.33
1970-1974	59	0.02279	0.02253	0.5	73520	1657	72692	1226558	16.68
1970-1974	60	0.02483	0.02452	0.5	71863	1762	70982	1153866	16.06
1970-1974	61	0.02644	0.02609	0.5	70101	1829	69187	1082884	15.45
1970-1974	62	0.02978	0.02935	0.5	68272	2003	67270	1013697	14.85
1970-1974	63	0.03158	0.03109	0.5	66268	2060	65238	946427	14.28
1970-1974	64	0.03392	0.03335	0.5	64209	2141	63138	881189	13.72
1970-1974	65	0.03576	0.03514	0.5	62067	2181	60977	818051	13.18
1970-1974	66	0.03759	0.03690	0.5	59886	2210	58781	757074	12.64
1970-1974	67	0.04017	0.03938	0.5	57677	2271	56541	698293	12.11
1970-1974	68	0.04280	0.04190	0.5	55405	2322	54245	641752	11.58
1970-1974	69	0.04579	0.04476	0.5	53084	2376	51896	587507	11.07
1970-1974	70	0.05108	0.04981	0.5	50708	2526	49445	535611	10.56
1970-1974	71	0.05344	0.05205	0.5	48182	2508	46928	486166	10.09
1970-1974	72	0.05918	0.05748	0.5	45674	2625	44362	439238	9.62
1970-1974	73	0.06293	0.06101	0.5	43049	2626	41736	394876	9.17
1970-1974	74	0.06764	0.06542	0.5	40423	2645	39100	353140	8.74
1970-1974	75	0.07241	0.06988	0.5	37778	2640	36458	314040	8.31
1970-1974	76	0.07737	0.07449	0.5	35138	2617	33829	277582	7.90
1970-1974	77	0.08347	0.08012	0.5	32520	2606	31218	243753	7.50
1970-1974	78	0.09002	0.08614	0.5	29915	2577	28626	212535	7.10
1970-1974	79	0.09772	0.09317	0.5	27338	2547	26064	183909	6.73
1970-1974	80	0.10745	0.10197	0.5	24791	2528	23527	157845	6.37
1970-1974	81	0.11239	0.10641	0.5	22263	2369	21078	134318	6.03
1970-1974	82	0.12545	0.11805	0.5	19894	2348	18720	113239	5.69
1970-1974	83	0.13423	0.12579	0.5	17546	2207	16442	94519	5.39
1970-1974	84	0.14885	0.13854	0.5	15338	2125	14276	78077	5.09
1970-1974	85	0.15776	0.14623	0.5	13214	1932	12247	63801	4.83
1970-1974	86	0.17339	0.15956	0.5	11281	1800	10381	51554	4.57
1970-1974	87	0.18279	0.16748	0.5	9481	1588	8687	41172	4.34
1970-1974	88	0.19656	0.17897	0.5	7893	1413	7187	32485	4.12
1970-1974	89	0.21203	0.19171	0.5	6481	1242	5859	25298	3.90
1970-1974	90	0.22588	0.20296	0.5	5238	1063	4707	19439	3.71
1970-1974	91	0.23553	0.21071	0.5	4175	880	3735	14732	3.53
1970-1974	92	0.25776	0.22834	0.5	3295	752	2919	10997	3.34
1970-1974	93	0.27591	0.24246	0.5	2543	617	2235	8078	3.18
1970-1974	94	0.29544	0.25741	0.5	1926	496	1678	5843	3.03
1970-1974	95	0.30322	0.26330	0.5	1430	377	1242	4165	2.91
1970-1974	96	0.32151	0.27698	0.5	1054	292	908	2922	2.77
1970-1974	97	0.34036	0.29086	0.5	762	222	651	2015	2.64
1970-1974	98	0.35973	0.30489	0.5	540	165	458	1363	2.52
1970-1974	99	0.37956	0.31902	0.5	376	120	316	905	2.41
1970-1974	100	0.39981	0.33320	0.5	256	85	213	590	2.31
1970-1974	101	0.42041	0.34738	0.5	171	59	141	377	2.21
1970-1974	102	0.44128	0.36152	0.5	111	40	91	236	2.12
1970-1974	103	0.46237	0.37555	0.5	71	27	58	144	2.03
1970-1974	104	0.48359	0.38943	0.5	44	17	36	87	1.96
1970-1974	105	0.50487	0.40311	0.5	27	11	22	51	1.88
1970-1974	106	0.52614	0.41655	0.5	16	7	13	29	1.82
1970-1974	107	0.54731	0.42971	0.5	9	4	7	17	1.76
1970-1974	108	0.56831	0.44255	0.5	5	2	4	9	1.71
1970-1974	109	0.58906	0.45504	0.5	3	1	2	5	1.67
1970-1974	110+	0.60951	1.00000	1.64	2	2	3	3	1.64
1975-1979	0	0.01842	0.01812	0.09	100000	1812	98359	6833777	68.34
1975-1979	1	0.00124	0.00124	0.5	98188	122	98127	6735418	68.60
1975-1979	2	0.00087	0.00087	0.5	98066	85	98024	6637291	67.68
1975-1979	3	0.00067	0.00067	0.5	97981	66	97948	6539267	66.74
1975-1979	4	0.00054	0.00054	0.5	97915	53	97889	6441319	65.78
1975-1979	5	0.00051	0.00051	0.5	97862	50	97837	6343430	64.82
1975-1979	6	0.00047	0.00047	0.5	97812	46	97789	6245593	63.85
1975-1979	7	0.00043	0.00043	0.5	97765	42	97745	6147805	62.88
1975-1979	8	0.00038	0.00038	0.5	97724	37	97705	6050060	61.91
1975-1979	9	0.00038	0.00038	0.5	97686	37	97668	5952355	60.93
1975-1979	10	0.00038	0.00038	0.5	97649	37	97631	5854687	59.96
1975-1979	11	0.00039	0.00039	0.5	97612	38	97593	5757057	58.98
1975-1979	12	0.00045	0.00045	0.5	97574	44	97552	5659464	58.00
1975-1979	13	0.00055	0.00055	0.5	97530	53	97503	5561912	57.03
1975-1979	14	0.00069	0.00069	0.5	97477	68	97443	5464408	56.06
1975-1979	15	0.00089	0.00089	0.5	97409	87	97366	5366965	55.10
1975-1979	16	0.00125	0.00125	0.5	97323	121	97262	5269599	54.15
1975-1979	17	0.00155	0.00155	0.5	97201	151	97126	5172337	53.21
1975-1979	18	0.00191	0.00191	0.5	97051	185	96958	5075211	52.29
1975-1979	19	0.00204	0.00204	0.5	96866	197	96767	4978253	51.39
1975-1979	20	0.00201	0.00201	0.5	96668	194	96571	4881486	50.50
1975-1979	21	0.00206	0.00206	0.5	96474	199	96375	4784914	49.60
1975-1979	22	0.00208	0.00208	0.5	96276	200	96176	4688539	48.70
1975-1979	23	0.00206	0.00206	0.5	96076	198	95977	4592364	47.80
1975-1979	24	0.00201	0.00201	0.5	95878	192	95782	4496387	46.90
1975-1979	25	0.00212	0.00212	0.5	95685	203	95584	4400605	45.99
1975-1979	26	0.00202	0.00202	0.5	95482	193	95386	4305022	45.09
1975-1979	27	0.00209	0.00209	0.5	95289	199	95190	4209636	44.18
1975-1979	28	0.00203	0.00202	0.5	95090	192	94994	4114446	43.27
1975-1979	29	0.00204	0.00204	0.5	94897	194	94801	4019452	42.36
1975-1979	30	0.00202	0.00202	0.5	94704	192	94608	3924652	41.44
1975-1979	31	0.00207	0.00207	0.5	94512	195	94415	3830044	40.52
1975-1979	32	0.00221	0.00220	0.5	94317	208	94213	3735629	39.61
1975-1979	33	0.00220	0.00220	0.5	94109	207	94005	3641416	38.69
1975-1979	34	0.00245	0.00245	0.5	93902	230	93787	3547411	37.78
1975-1979	35	0.00254	0.00254	0.5	93672	238	93553	3453624	36.87
1975-1979	36	0.00277	0.00277	0.5	93434	259	93305	3360070	35.96
1975-1979	37	0.00297	0.00296	0.5	93176	276	93038	3266765	35.06
1975-1979	38	0.00326	0.00325	0.5	92899	302	92748	3173728	34.16
1975-1979	39	0.00356	0.00355	0.5	92597	329	92433	3080979	33.27
1975-1979	40	0.00378	0.00378	0.5	92268	348	92094	2988547	32.39
1975-1979	41	0.00415	0.00414	0.5	91920	381	91729	2896453	31.51
1975-1979	42	0.00467	0.00466	0.5	91539	427	91326	2804724	30.64
1975-1979	43	0.00504	0.00502	0.5	91112	458	90884	2713398	29.78
1975-1979	44	0.00549	0.00548	0.5	90655	496	90407	2622514	28.93
1975-1979	45	0.00598	0.00596	0.5	90158	538	89889	2532108	28.09
1975-1979	46	0.00656	0.00654	0.5	89621	586	89328	2442218	27.25
1975-1979	47	0.00719	0.00717	0.5	89035	638	88716	2352891	26.43
1975-1979	48	0.00782	0.00779	0.5	88397	688	88053	2264175	25.61
1975-1979	49	0.00870	0.00866	0.5	87708	759	87329	2176122	24.81
1975-1979	50	0.00971	0.00967	0.5	86949	840	86529	2088794	24.02
1975-1979	51	0.01042	0.01037	0.5	86109	893	85662	2002265	23.25
1975-1979	52	0.01150	0.01144	0.5	85216	975	84728	1916603	22.49
1975-1979	53	0.01253	0.01245	0.5	84241	1049	83717	1831874	21.75
1975-1979	54	0.01347	0.01338	0.5	83192	1113	82636	1748158	21.01
1975-1979	55	0.01470	0.01459	0.5	82079	1197	81480	1665522	20.29
1975-1979	56	0.01598	0.01585	0.5	80882	1282	80241	1584042	19.58
1975-1979	57	0.01744	0.01729	0.5	79599	1376	78911	1503801	18.89
1975-1979	58	0.01873	0.01855	0.5	78223	1451	77498	1424890	18.22
1975-1979	59	0.02040	0.02019	0.5	76772	1550	75997	1347392	17.55
1975-1979	60	0.02166	0.02143	0.5	75222	1612	74416	1271396	16.90
1975-1979	61	0.02340	0.02313	0.5	73610	1702	72758	1196980	16.26
1975-1979	62	0.02598	0.02565	0.5	71907	1844	70985	1124222	15.63
1975-1979	63	0.02790	0.02752	0.5	70063	1928	69099	1053237	15.03
1975-1979	64	0.02978	0.02934	0.5	68135	1999	67135	984138	14.44
1975-1979	65	0.03211	0.03160	0.5	66135	2090	65090	917003	13.87
1975-1979	66	0.03364	0.03309	0.5	64045	2119	62986	851913	13.30
1975-1979	67	0.03660	0.03594	0.5	61926	2226	60813	788927	12.74
1975-1979	68	0.03976	0.03898	0.5	59700	2327	58537	728114	12.20
1975-1979	69	0.04250	0.04162	0.5	57373	2388	56179	669577	11.67
1975-1979	70	0.04607	0.04504	0.5	54986	2476	53747	613398	11.16
1975-1979	71	0.04803	0.04690	0.5	52509	2463	51278	559650	10.66
1975-1979	72	0.05341	0.05202	0.5	50046	2603	48745	508372	10.16
1975-1979	73	0.05588	0.05436	0.5	47443	2579	46153	459628	9.69
1975-1979	74	0.06101	0.05921	0.5	44864	2656	43536	413474	9.22
1975-1979	75	0.06681	0.06465	0.5	42208	2729	40843	369938	8.76
1975-1979	76	0.07024	0.06786	0.5	39479	2679	38140	329095	8.34
1975-1979	77	0.07550	0.07276	0.5	36800	2677	35461	290955	7.91
1975-1979	78	0.08218	0.07894	0.5	34123	2694	32776	255494	7.49
1975-1979	79	0.08731	0.08365	0.5	31429	2629	30115	222718	7.09
1975-1979	80	0.10016	0.09538	0.5	28800	2747	27426	192603	6.69
1975-1979	81	0.10573	0.10042	0.5	26053	2616	24745	165177	6.34
1975-1979	82	0.11550	0.10920	0.5	23437	2559	22157	140432	5.99
1975-1979	83	0.12773	0.12006	0.5	20877	2507	19624	118275	5.67
1975-1979	84	0.13712	0.12832	0.5	18371	2357	17192	98651	5.37
1975-1979	85	0.14722	0.13713	0.5	16013	2196	14916	81459	5.09
1975-1979	86	0.16008	0.14822	0.5	13818	2048	12794	66543	4.82
1975-1979	87	0.17125	0.15774	0.5	11770	1857	10841	53750	4.57
1975-1979	88	0.18253	0.16727	0.5	9913	1658	9084	42908	4.33
1975-1979	89	0.19984	0.18168	0.5	8255	1500	7505	33825	4.10
1975-1979	90	0.21321	0.19267	0.5	6755	1302	6104	26320	3.90
1975-1979	91	0.22467	0.20198	0.5	5454	1102	4903	20215	3.71
1975-1979	92	0.23988	0.21419	0.5	4352	932	3886	15312	3.52
1975-1979	93	0.25937	0.22960	0.5	3420	785	3027	11426	3.34
1975-1979	94	0.27114	0.23877	0.5	2635	629	2320	8399	3.19
1975-1979	95	0.28844	0.25208	0.5	2006	506	1753	6079	3.03
1975-1979	96	0.30638	0.26568	0.5	1500	399	1301	4326	2.88
1975-1979	97	0.32494	0.27952	0.5	1101	308	948	3025	2.75
1975-1979	98	0.34406	0.29356	0.5	794	233	677	2078	2.62
1975-1979	99	0.36370	0.30774	0.5	561	173	474	1401	2.50
1975-1979	100	0.38380	0.32201	0.5	388	125	326	926	2.39
1975-1979	101	0.40431	0.33632	0.5	263	88	219	601	2.28
1975-1979	102	0.42516	0.35063	0.5	175	61	144	382	2.19
1975-1979	103	0.44628	0.36487	0.5	113	41	93	238	2.10
1975-1979	104	0.46760	0.37899	0.5	72	27	58	145	2.01
1975-1979	105	0.48903	0.39295	0.5	45	18	36	87	1.94
1975-1979	106	0.51050	0.40670	0.5	27	11	22	51	1.87
1975-1979	107	0.53194	0.42018	0.5	16	7	13	29	1.80
1975-1979	108	0.55326	0.43337	0.5	9	4	7	16	1.75
1975-1979	109	0.57438	0.44623	0.5	5	2	4	9	1.71
1975-1979	110+	0.59524	1.00000	1.68	3	3	5	5	1.68
1980-1984	0	0.01417	0.01399	0.08	100000	1399	98717	6972620	69.73
1980-1984	1	0.00109	0.00109	0.5	98601	107	98548	6873902	69.71
1980-1984	2	0.00075	0.00075	0.5	98494	74	98457	6775355	68.79
1980-1984	3	0.00058	0.00058	0.5	98420	57	98391	6676898	67.84
1980-1984	4	0.00047	0.00047	0.5	98363	46	98340	6578506	66.88
1980-1984	5	0.00038	0.00038	0.5	98317	38	98298	6480166	65.91
1980-1984	6	0.00037	0.00037	0.5	98279	36	98261	6381868	64.94
1980-1984	7	0.00036	0.00036	0.5	98243	35	98225	6283608	63.96
1980-1984	8	0.00036	0.00036	0.5	98207	35	98190	6185382	62.98
1980-1984	9	0.00031	0.00031	0.5	98172	31	98157	6087193	62.01
1980-1984	10	0.00031	0.00031	0.5	98142	31	98126	5989036	61.02
1980-1984	11	0.00033	0.00033	0.5	98111	32	98095	5890909	60.04
1980-1984	12	0.00038	0.00038	0.5	98079	38	98060	5792814	59.06
1980-1984	13	0.00043	0.00043	0.5	98041	42	98020	5694754	58.09
1980-1984	14	0.00054	0.00054	0.5	97999	53	97972	5596735	57.11
1980-1984	15	0.00074	0.00074	0.5	97946	72	97910	5498762	56.14
1980-1984	16	0.00111	0.00111	0.5	97874	109	97819	5400852	55.18
1980-1984	17	0.00140	0.00140	0.5	97765	136	97697	5303033	54.24
1980-1984	18	0.00175	0.00175	0.5	97629	171	97543	5205336	53.32
1980-1984	19	0.00181	0.00180	0.5	97458	176	97370	5107793	52.41
1980-1984	20	0.00188	0.00188	0.5	97282	183	97190	5010423	51.50
1980-1984	21	0.00195	0.00195	0.5	97099	189	97004	4913233	50.60
1980-1984	22	0.00202	0.00202	0.5	96910	195	96812	4816229	49.70
1980-1984	23	0.00203	0.00203	0.5	96714	196	96616	4719417	48.80
1980-1984	24	0.00197	0.00197	0.5	96518	190	96423	4622801	47.90
1980-1984	25	0.00200	0.00200	0.5	96328	193	96231	4526378	46.99
1980-1984	26	0.00197	0.00197	0.5	96135	190	96040	4430147	46.08
1980-1984	27	0.00202	0.00202	0.5	95946	193	95849	4334106	45.17
1980-1984	28	0.00209	0.00209	0.5	95752	200	95652	4238257	44.26
1980-1984	29	0.00198	0.00198	0.5	95552	189	95458	4142605	43.35
1980-1984	30	0.00205	0.00204	0.5	95364	195	95266	4047147	42.44
1980-1984	31	0.00207	0.00207	0.5	95168	197	95070	3951881	41.53
1980-1984	32	0.00214	0.00213	0.5	94972	203	94870	3856811	40.61
1980-1984	33	0.00218	0.00218	0.5	94769	207	94666	3761941	39.70
1980-1984	34	0.00219	0.00219	0.5	94562	207	94459	3667275	38.78
1980-1984	35	0.00229	0.00229	0.5	94356	216	94247	3572816	37.87
1980-1984	36	0.00242	0.00242	0.5	94139	228	94025	3478569	36.95
1980-1984	37	0.00259	0.00259	0.5	93911	243	93790	3384543	36.04
1980-1984	38	0.00284	0.00283	0.5	93668	265	93535	3290754	35.13
1980-1984	39	0.00304	0.00304	0.5	93403	284	93261	3197218	34.23
1980-1984	40	0.00325	0.00325	0.5	93119	303	92968	3103957	33.33
1980-1984	41	0.00358	0.00357	0.5	92816	331	92651	3010990	32.44
1980-1984	42	0.00390	0.00389	0.5	92485	360	92305	2918339	31.55
1980-1984	43	0.00426	0.00425	0.5	92125	392	91929	2826034	30.68
1980-1984	44	0.00455	0.00454	0.5	91733	417	91525	2734105	29.80
1980-1984	45	0.00505	0.00504	0.5	91317	460	91087	2642580	28.94
1980-1984	46	0.00552	0.00550	0.5	90857	500	90607	2551493	28.08
1980-1984	47	0.00614	0.00612	0.5	90357	553	90080	2460886	27.24
1980-1984	48	0.00702	0.00699	0.5	89804	628	89490	2370806	26.40
1980-1984	49	0.00729	0.00726	0.5	89176	647	88852	2281316	25.58
1980-1984	50	0.00822	0.00818	0.5	88528	725	88166	2192464	24.77
1980-1984	51	0.00911	0.00907	0.5	87804	797	87405	2104298	23.97
1980-1984	52	0.01007	0.01002	0.5	87007	872	86571	2016892	23.18
1980-1984	53	0.01098	0.01092	0.5	86135	941	85665	1930321	22.41
1980-1984	54	0.01181	0.01174	0.5	85194	1000	84694	1844657	21.65
1980-1984	55	0.01307	0.01299	0.5	84194	1094	83647	1759963	20.90
1980-1984	56	0.01428	0.01418	0.5	83100	1178	82511	1676316	20.17
1980-1984	57	0.01529	0.01517	0.5	81922	1243	81301	1593804	19.46
1980-1984	58	0.01741	0.01726	0.5	80679	1392	79983	1512504	18.75
1980-1984	59	0.01824	0.01808	0.5	79287	1433	78570	1432520	18.07
1980-1984	60	0.01982	0.01963	0.5	77854	1528	77090	1353950	17.39
1980-1984	61	0.02119	0.02097	0.5	76326	1601	75525	1276860	16.73
1980-1984	62	0.02386	0.02358	0.5	74725	1762	73844	1201335	16.08
1980-1984	63	0.02532	0.02501	0.5	72963	1825	72051	1127491	15.45
1980-1984	64	0.02671	0.02636	0.5	71138	1875	70201	1055440	14.84
1980-1984	65	0.02913	0.02872	0.5	69263	1989	68269	985239	14.22
1980-1984	66	0.03151	0.03102	0.5	67275	2087	66231	916970	13.63
1980-1984	67	0.03368	0.03312	0.5	65188	2159	64108	850739	13.05
1980-1984	68	0.03726	0.03658	0.5	63029	2305	61876	786631	12.48
1980-1984	69	0.03958	0.03881	0.5	60723	2357	59545	724755	11.94
1980-1984	70	0.04346	0.04253	0.5	58366	2483	57125	665210	11.40
1980-1984	71	0.04616	0.04512	0.5	55884	2521	54623	608085	10.88
1980-1984	72	0.05061	0.04936	0.5	53363	2634	52045	553462	10.37
1980-1984	73	0.05565	0.05415	0.5	50728	2747	49355	501417	9.88
1980-1984	74	0.05781	0.05619	0.5	47982	2696	46634	452062	9.42
1980-1984	75	0.06282	0.06091	0.5	45286	2758	43907	405428	8.95
1980-1984	76	0.06873	0.06645	0.5	42527	2826	41114	361521	8.50
1980-1984	77	0.07296	0.07040	0.5	39701	2795	38304	320407	8.07
1980-1984	78	0.07905	0.07604	0.5	36907	2806	35503	282103	7.64
1980-1984	79	0.08160	0.07840	0.5	34100	2673	32763	246600	7.23
1980-1984	80	0.09707	0.09258	0.5	31427	2909	29972	213836	6.80
1980-1984	81	0.10447	0.09929	0.5	28517	2831	27101	183864	6.45
1980-1984	82	0.11238	0.10640	0.5	25686	2733	24319	156763	6.10
1980-1984	83	0.12423	0.11696	0.5	22953	2685	21610	132444	5.77
1980-1984	84	0.13279	0.12453	0.5	20268	2524	19006	110833	5.47
1980-1984	85	0.14275	0.13324	0.5	17744	2364	16562	91827	5.18
1980-1984	86	0.15639	0.14505	0.5	15380	2231	14265	75265	4.89
1980-1984	87	0.16770	0.15473	0.5	13149	2035	12132	61000	4.64
1980-1984	88	0.17741	0.16296	0.5	11115	1811	10209	48869	4.40
1980-1984	89	0.19301	0.17602	0.5	9303	1638	8485	38660	4.16
1980-1984	90	0.20694	0.18753	0.5	7666	1438	6947	30175	3.94
1980-1984	91	0.21982	0.19805	0.5	6228	1233	5611	23228	3.73
1980-1984	92	0.23631	0.21134	0.5	4995	1056	4467	17617	3.53
1980-1984	93	0.25797	0.22850	0.5	3939	900	3489	13150	3.34
1980-1984	94	0.27528	0.24197	0.5	3039	735	2671	9661	3.18
1980-1984	95	0.28722	0.25115	0.5	2304	579	2014	6989	3.03
1980-1984	96	0.30556	0.26506	0.5	1725	457	1496	4975	2.88
1980-1984	97	0.32454	0.27923	0.5	1268	354	1091	3478	2.74
1980-1984	98	0.34412	0.29360	0.5	914	268	780	2387	2.61
1980-1984	99	0.36423	0.30812	0.5	646	199	546	1608	2.49
1980-1984	100	0.38484	0.32274	0.5	447	144	375	1062	2.38
1980-1984	101	0.40587	0.33740	0.5	302	102	251	687	2.27
1980-1984	102	0.42724	0.35204	0.5	200	71	165	436	2.17
1980-1984	103	0.44890	0.36661	0.5	130	48	106	271	2.08
1980-1984	104	0.47075	0.38106	0.5	82	31	67	164	2.00
1980-1984	105	0.49271	0.39532	0.5	51	20	41	98	1.92
1980-1984	106	0.51470	0.40935	0.5	31	13	24	57	1.85
1980-1984	107	0.53663	0.42310	0.5	18	8	14	33	1.79
1980-1984	108	0.55842	0.43653	0.5	10	5	8	18	1.73
1980-1984	109	0.57999	0.44961	0.5	6	3	5	10	1.69
1980-1984	110+	0.60126	1.00000	1.66	3	3	5	5	1.66
1985-1989	0	0.01260	0.01245	0.08	100000	1245	98853	7044173	70.44
1985-1989	1	0.00096	0.00096	0.5	98755	95	98707	6945320	70.33
1985-1989	2	0.00067	0.00067	0.5	98660	66	98627	6846613	69.40
1985-1989	3	0.00051	0.00051	0.5	98594	50	98569	6747986	68.44
1985-1989	4	0.00043	0.00042	0.5	98543	42	98522	6649417	67.48
1985-1989	5	0.00035	0.00035	0.5	98501	34	98484	6550895	66.51
1985-1989	6	0.00033	0.00033	0.5	98467	32	98451	6452411	65.53
1985-1989	7	0.00028	0.00028	0.5	98435	28	98421	6353960	64.55
1985-1989	8	0.00031	0.00031	0.5	98407	30	98392	6255539	63.57
1985-1989	9	0.00030	0.00030	0.5	98377	29	98362	6157147	62.59
1985-1989	10	0.00029	0.00029	0.5	98348	28	98333	6058785	61.61
1985-1989	11	0.00031	0.00031	0.5	98319	30	98304	5960451	60.62
1985-1989	12	0.00037	0.00037	0.5	98289	36	98271	5862147	59.64
1985-1989	13	0.00043	0.00043	0.5	98252	43	98231	5763877	58.66
1985-1989	14	0.00057	0.00057	0.5	98210	56	98182	5665646	57.69
1985-1989	15	0.00075	0.00075	0.5	98154	73	98117	5567464	56.72
1985-1989	16	0.00111	0.00111	0.5	98081	109	98026	5469346	55.76
1985-1989	17	0.00134	0.00134	0.5	97972	131	97907	5371320	54.82
1985-1989	18	0.00167	0.00167	0.5	97841	163	97759	5273413	53.90
1985-1989	19	0.00165	0.00165	0.5	97678	161	97597	5175654	52.99
1985-1989	20	0.00173	0.00173	0.5	97517	169	97432	5078057	52.07
1985-1989	21	0.00183	0.00183	0.5	97348	178	97259	4980624	51.16
1985-1989	22	0.00183	0.00183	0.5	97170	178	97081	4883366	50.26
1985-1989	23	0.00187	0.00187	0.5	96992	181	96901	4786285	49.35
1985-1989	24	0.00191	0.00191	0.5	96811	185	96718	4689384	48.44
1985-1989	25	0.00188	0.00187	0.5	96626	181	96535	4592665	47.53
1985-1989	26	0.00191	0.00191	0.5	96445	184	96353	4496130	46.62
1985-1989	27	0.00190	0.00190	0.5	96261	183	96169	4399777	45.71
1985-1989	28	0.00213	0.00213	0.5	96078	204	95975	4303608	44.79
1985-1989	29	0.00198	0.00198	0.5	95873	189	95779	4207633	43.89
1985-1989	30	0.00219	0.00218	0.5	95684	209	95579	4111854	42.97
1985-1989	31	0.00222	0.00222	0.5	95475	212	95369	4016275	42.07
1985-1989	32	0.00230	0.00229	0.5	95263	218	95154	3920906	41.16
1985-1989	33	0.00245	0.00245	0.5	95045	233	94928	3825752	40.25
1985-1989	34	0.00239	0.00238	0.5	94812	226	94699	3730824	39.35
1985-1989	35	0.00250	0.00250	0.5	94586	236	94468	3636125	38.44
1985-1989	36	0.00259	0.00258	0.5	94350	244	94228	3541657	37.54
1985-1989	37	0.00275	0.00275	0.5	94106	259	93977	3447429	36.63
1985-1989	38	0.00300	0.00300	0.5	93848	281	93707	3353452	35.73
1985-1989	39	0.00289	0.00289	0.5	93566	270	93431	3259745	34.84
1985-1989	40	0.00310	0.00309	0.5	93296	289	93152	3166314	33.94
1985-1989	41	0.00338	0.00337	0.5	93008	314	92851	3073162	33.04
1985-1989	42	0.00376	0.00375	0.5	92694	348	92520	2980311	32.15
1985-1989	43	0.00398	0.00397	0.5	92346	367	92163	2887791	31.27
1985-1989	44	0.00426	0.00425	0.5	91979	391	91784	2795629	30.39
1985-1989	45	0.00472	0.00470	0.5	91588	431	91373	2703845	29.52
1985-1989	46	0.00515	0.00513	0.5	91157	468	90923	2612472	28.66
1985-1989	47	0.00541	0.00540	0.5	90689	490	90445	2521548	27.80
1985-1989	48	0.00630	0.00628	0.5	90200	566	89917	2431104	26.95
1985-1989	49	0.00650	0.00648	0.5	89633	581	89343	2341187	26.12
1985-1989	50	0.00740	0.00737	0.5	89052	657	88724	2251845	25.29
1985-1989	51	0.00814	0.00811	0.5	88396	717	88037	2163121	24.47
1985-1989	52	0.00912	0.00908	0.5	87679	796	87281	2075083	23.67
1985-1989	53	0.00994	0.00989	0.5	86883	859	86453	1987802	22.88
1985-1989	54	0.01073	0.01067	0.5	86023	918	85564	1901349	22.10
1985-1989	55	0.01197	0.01190	0.5	85105	1013	84599	1815785	21.34
1985-1989	56	0.01303	0.01294	0.5	84092	1088	83548	1731187	20.59
1985-1989	57	0.01392	0.01383	0.5	83004	1148	82430	1647638	19.85
1985-1989	58	0.01619	0.01606	0.5	81856	1314	81199	1565208	19.12
1985-1989	59	0.01673	0.01659	0.5	80542	1336	79874	1484009	18.43
1985-1989	60	0.01861	0.01843	0.5	79206	1460	78476	1404135	17.73
1985-1989	61	0.02003	0.01983	0.5	77746	1542	76975	1325660	17.05
1985-1989	62	0.02220	0.02196	0.5	76204	1673	75367	1248685	16.39
1985-1989	63	0.02338	0.02311	0.5	74531	1722	73669	1173318	15.74
1985-1989	64	0.02504	0.02473	0.5	72808	1800	71908	1099648	15.10
1985-1989	65	0.02786	0.02747	0.5	71008	1951	70033	1027740	14.47
1985-1989	66	0.02974	0.02930	0.5	69057	2024	68045	957708	13.87
1985-1989	67	0.03143	0.03094	0.5	67034	2074	65996	889662	13.27
1985-1989	68	0.03480	0.03420	0.5	64959	2222	63848	823666	12.68
1985-1989	69	0.03747	0.03678	0.5	62737	2307	61584	759818	12.11
1985-1989	70	0.04040	0.03960	0.5	60430	2393	59234	698234	11.55
1985-1989	71	0.04358	0.04265	0.5	58037	2475	56800	639000	11.01
1985-1989	72	0.04933	0.04814	0.5	55562	2675	54225	582200	10.48
1985-1989	73	0.05263	0.05128	0.5	52887	2712	51531	527976	9.98
1985-1989	74	0.05628	0.05474	0.5	50175	2747	48802	476444	9.50
1985-1989	75	0.06063	0.05885	0.5	47429	2791	46033	427642	9.02
1985-1989	76	0.06637	0.06424	0.5	44638	2868	43204	381609	8.55
1985-1989	77	0.07098	0.06855	0.5	41770	2863	40338	338406	8.10
1985-1989	78	0.07808	0.07514	0.5	38907	2924	37445	298067	7.66
1985-1989	79	0.08302	0.07971	0.5	35983	2868	34549	260622	7.24
1985-1989	80	0.09447	0.09021	0.5	33115	2987	31621	226074	6.83
1985-1989	81	0.10207	0.09711	0.5	30128	2926	28665	194452	6.45
1985-1989	82	0.11079	0.10498	0.5	27202	2856	25774	165788	6.09
1985-1989	83	0.12133	0.11439	0.5	24346	2785	22954	140014	5.75
1985-1989	84	0.13107	0.12301	0.5	21561	2652	20235	117060	5.43
1985-1989	85	0.14252	0.13304	0.5	18909	2516	17651	96825	5.12
1985-1989	86	0.15504	0.14389	0.5	16393	2359	15214	79174	4.83
1985-1989	87	0.16720	0.15430	0.5	14034	2165	12952	63960	4.56
1985-1989	88	0.18352	0.16809	0.5	11869	1995	10871	51008	4.30
1985-1989	89	0.19456	0.17731	0.5	9874	1751	8999	40137	4.06
1985-1989	90	0.20960	0.18972	0.5	8123	1541	7353	31138	3.83
1985-1989	91	0.22705	0.20390	0.5	6582	1342	5911	23786	3.61
1985-1989	92	0.24889	0.22134	0.5	5240	1160	4660	17875	3.41
1985-1989	93	0.26435	0.23349	0.5	4080	953	3604	13215	3.24
1985-1989	94	0.28142	0.24671	0.5	3127	772	2742	9611	3.07
1985-1989	95	0.29896	0.26008	0.5	2356	613	2050	6869	2.92
1985-1989	96	0.31904	0.27515	0.5	1743	480	1503	4820	2.76
1985-1989	97	0.33982	0.29047	0.5	1264	367	1080	3316	2.62
1985-1989	98	0.36123	0.30597	0.5	897	274	759	2236	2.49
1985-1989	99	0.38321	0.32159	0.5	622	200	522	1477	2.37
1985-1989	100	0.40568	0.33727	0.5	422	142	351	955	2.26
1985-1989	101	0.42855	0.35293	0.5	280	99	230	604	2.16
1985-1989	102	0.45173	0.36850	0.5	181	67	148	373	2.06
1985-1989	103	0.47512	0.38392	0.5	114	44	92	226	1.97
1985-1989	104	0.49862	0.39911	0.5	70	28	56	133	1.89
1985-1989	105	0.52212	0.41403	0.5	42	18	34	77	1.82
1985-1989	106	0.54553	0.42862	0.5	25	11	19	43	1.75
1985-1989	107	0.56874	0.44282	0.5	14	6	11	24	1.69
1985-1989	108	0.59165	0.45658	0.5	8	4	6	13	1.64
1985-1989	109	0.61417	0.46988	0.5	4	2	3	7	1.60
1985-1989	110+	0.63621	1.00000	1.57	2	2	4	4	1.57
1990-1994	0	0.01077	0.01066	0.07	100000	1066	99012	7117996	71.18
1990-1994	1	0.00083	0.00083	0.5	98934	82	98893	7018983	70.95
1990-1994	2	0.00059	0.00059	0.5	98851	59	98822	6920090	70.01
1990-1994	3	0.00046	0.00046	0.5	98793	46	98770	6821268	69.05
1990-1994	4	0.00036	0.00036	0.5	98747	35	98729	6722498	68.08
1990-1994	5	0.00031	0.00031	0.5	98712	30	98697	6623769	67.10
1990-1994	6	0.00028	0.00028	0.5	98682	28	98668	6525072	66.12
1990-1994	7	0.00026	0.00026	0.5	98654	25	98641	6426404	65.14
1990-1994	8	0.00027	0.00027	0.5	98629	27	98615	6327763	64.16
1990-1994	9	0.00023	0.00023	0.5	98602	23	98590	6229148	63.17
1990-1994	10	0.00024	0.00024	0.5	98579	24	98567	6130558	62.19
1990-1994	11	0.00025	0.00025	0.5	98555	25	98542	6031991	61.20
1990-1994	12	0.00029	0.00029	0.5	98530	29	98516	5933449	60.22
1990-1994	13	0.00041	0.00041	0.5	98501	40	98481	5834933	59.24
1990-1994	14	0.00055	0.00055	0.5	98461	55	98434	5736452	58.26
1990-1994	15	0.00081	0.00081	0.5	98407	79	98367	5638018	57.29
1990-1994	16	0.00118	0.00118	0.5	98327	116	98269	5539651	56.34
1990-1994	17	0.00143	0.00143	0.5	98211	140	98141	5441382	55.41
1990-1994	18	0.00175	0.00175	0.5	98071	172	97985	5343241	54.48
1990-1994	19	0.00178	0.00178	0.5	97899	174	97812	5245256	53.58
1990-1994	20	0.00174	0.00174	0.5	97725	170	97640	5147444	52.67
1990-1994	21	0.00186	0.00186	0.5	97555	182	97464	5049804	51.76
1990-1994	22	0.00185	0.00184	0.5	97373	180	97283	4952341	50.86
1990-1994	23	0.00182	0.00182	0.5	97193	177	97105	4855057	49.95
1990-1994	24	0.00179	0.00179	0.5	97017	173	96930	4757952	49.04
1990-1994	25	0.00182	0.00182	0.5	96843	177	96755	4661022	48.13
1990-1994	26	0.00189	0.00189	0.5	96667	183	96575	4564267	47.22
1990-1994	27	0.00201	0.00200	0.5	96484	193	96387	4467692	46.30
1990-1994	28	0.00219	0.00219	0.5	96291	211	96185	4371305	45.40
1990-1994	29	0.00217	0.00217	0.5	96080	208	95976	4275119	44.50
1990-1994	30	0.00226	0.00226	0.5	95871	217	95763	4179143	43.59
1990-1994	31	0.00241	0.00241	0.5	95655	230	95540	4083380	42.69
1990-1994	32	0.00253	0.00253	0.5	95425	241	95304	3987841	41.79
1990-1994	33	0.00266	0.00266	0.5	95183	253	95057	3892537	40.90
1990-1994	34	0.00266	0.00266	0.5	94930	252	94804	3797480	40.00
1990-1994	35	0.00282	0.00282	0.5	94678	267	94545	3702676	39.11
1990-1994	36	0.00299	0.00298	0.5	94411	282	94271	3608131	38.22
1990-1994	37	0.00308	0.00308	0.5	94130	290	93985	3513860	37.33
1990-1994	38	0.00335	0.00334	0.5	93840	313	93684	3419875	36.44
1990-1994	39	0.00327	0.00327	0.5	93527	306	93374	3326192	35.56
1990-1994	40	0.00350	0.00349	0.5	93221	325	93058	3232818	34.68
1990-1994	41	0.00369	0.00368	0.5	92896	342	92725	3139759	33.80
1990-1994	42	0.00395	0.00394	0.5	92554	365	92372	3047035	32.92
1990-1994	43	0.00411	0.00410	0.5	92189	378	92000	2954663	32.05
1990-1994	44	0.00415	0.00414	0.5	91811	380	91622	2862662	31.18
1990-1994	45	0.00456	0.00455	0.5	91432	416	91224	2771041	30.31
1990-1994	46	0.00507	0.00506	0.5	91016	460	90785	2679817	29.44
1990-1994	47	0.00548	0.00547	0.5	90555	495	90308	2589032	28.59
1990-1994	48	0.00607	0.00605	0.5	90060	545	89788	2498724	27.74
1990-1994	49	0.00614	0.00613	0.5	89516	548	89241	2408936	26.91
1990-1994	50	0.00680	0.00678	0.5	88967	603	88666	2319695	26.07
1990-1994	51	0.00752	0.00750	0.5	88364	662	88033	2231029	25.25
1990-1994	52	0.00835	0.00832	0.5	87702	730	87337	2142996	24.44
1990-1994	53	0.00893	0.00889	0.5	86972	774	86585	2055660	23.64
1990-1994	54	0.00966	0.00962	0.5	86198	829	85784	1969074	22.84
1990-1994	55	0.01077	0.01072	0.5	85369	915	84912	1883290	22.06
1990-1994	56	0.01185	0.01178	0.5	84455	995	83957	1798378	21.29
1990-1994	57	0.01275	0.01267	0.5	83460	1057	82931	1714421	20.54
1990-1994	58	0.01482	0.01471	0.5	82403	1213	81796	1631490	19.80
1990-1994	59	0.01516	0.01505	0.5	81190	1222	80579	1549693	19.09
1990-1994	60	0.01707	0.01693	0.5	79968	1354	79292	1469114	18.37
1990-1994	61	0.01849	0.01832	0.5	78615	1440	77894	1389822	17.68
1990-1994	62	0.02056	0.02035	0.5	77174	1571	76389	1311928	17.00
1990-1994	63	0.02161	0.02138	0.5	75603	1617	74795	1235539	16.34
1990-1994	64	0.02323	0.02296	0.5	73987	1699	73137	1160744	15.69
1990-1994	65	0.02511	0.02480	0.5	72288	1793	71392	1087606	15.05
1990-1994	66	0.02724	0.02688	0.5	70495	1895	69548	1016215	14.42
1990-1994	67	0.02920	0.02878	0.5	68601	1974	67614	946667	13.80
1990-1994	68	0.03228	0.03176	0.5	66627	2116	65568	879053	13.19
1990-1994	69	0.03433	0.03375	0.5	64510	2177	63422	813485	12.61
1990-1994	70	0.03668	0.03602	0.5	62333	2245	61211	750063	12.03
1990-1994	71	0.04015	0.03936	0.5	60088	2365	58906	688852	11.46
1990-1994	72	0.04334	0.04242	0.5	57723	2448	56499	629946	10.91
1990-1994	73	0.04803	0.04691	0.5	55275	2593	53978	573447	10.37
1990-1994	74	0.05134	0.05006	0.5	52682	2637	51363	519469	9.86
1990-1994	75	0.05507	0.05359	0.5	50045	2682	48704	468106	9.35
1990-1994	76	0.05945	0.05773	0.5	47363	2734	45996	419402	8.86
1990-1994	77	0.06558	0.06349	0.5	44628	2834	43212	373406	8.37
1990-1994	78	0.07054	0.06814	0.5	41795	2848	40371	330195	7.90
1990-1994	79	0.07674	0.07391	0.5	38947	2879	37508	289824	7.44
1990-1994	80	0.08983	0.08597	0.5	36068	3101	34518	252316	7.00
1990-1994	81	0.09781	0.09325	0.5	32968	3074	31431	217798	6.61
1990-1994	82	0.10659	0.10119	0.5	29893	3025	28381	186367	6.23
1990-1994	83	0.11620	0.10982	0.5	26868	2951	25393	157986	5.88
1990-1994	84	0.12599	0.11852	0.5	23918	2835	22500	132593	5.54
1990-1994	85	0.13808	0.12916	0.5	21083	2723	19721	110093	5.22
1990-1994	86	0.14908	0.13874	0.5	18360	2547	17086	90372	4.92
1990-1994	87	0.16158	0.14950	0.5	15812	2364	14630	73286	4.63
1990-1994	88	0.17500	0.16092	0.5	13449	2164	12366	58655	4.36
1990-1994	89	0.19171	0.17494	0.5	11284	1974	10297	46289	4.10
1990-1994	90	0.20562	0.18645	0.5	9310	1736	8442	35992	3.87
1990-1994	91	0.22002	0.19822	0.5	7574	1501	6824	27549	3.64
1990-1994	92	0.24323	0.21685	0.5	6073	1317	5415	20725	3.41
1990-1994	93	0.26389	0.23313	0.5	4756	1109	4202	15311	3.22
1990-1994	94	0.28682	0.25085	0.5	3647	915	3190	11109	3.05
1990-1994	95	0.29947	0.26047	0.5	2732	712	2377	7919	2.90
1990-1994	96	0.32048	0.27622	0.5	2021	558	1742	5543	2.74
1990-1994	97	0.34224	0.29223	0.5	1463	427	1249	3801	2.60
1990-1994	98	0.36469	0.30844	0.5	1035	319	875	2552	2.47
1990-1994	99	0.38774	0.32477	0.5	716	232	600	1677	2.34
1990-1994	100	0.41130	0.34114	0.5	483	165	401	1077	2.23
1990-1994	101	0.43528	0.35748	0.5	318	114	262	676	2.12
1990-1994	102	0.45956	0.37370	0.5	205	76	166	415	2.03
1990-1994	103	0.48404	0.38972	0.5	128	50	103	248	1.94
1990-1994	104	0.50860	0.40548	0.5	78	32	62	145	1.86
1990-1994	105	0.53311	0.42092	0.5	46	20	37	83	1.78
1990-1994	106	0.55747	0.43595	0.5	27	12	21	46	1.72
1990-1994	107	0.58155	0.45054	0.5	15	7	12	25	1.66
1990-1994	108	0.60525	0.46464	0.5	8	4	6	13	1.60
1990-1994	109	0.62847	0.47820	0.5	4	2	3	7	1.56
1990-1994	110+	0.65110	1.00000	1.54	2	2	4	4	1.54
1995-1999	0	0.00920	0.00912	0.07	100000	912	99152	7230203	72.30
1995-1999	1	0.00069	0.00069	0.5	99088	68	99054	7131052	71.97
1995-1999	2	0.00047	0.00047	0.5	99020	46	98997	7031998	71.02
1995-1999	3	0.00038	0.00038	0.5	98974	37	98955	6933001	70.05
1995-1999	4	0.00029	0.00029	0.5	98936	29	98922	6834046	69.08
1995-1999	5	0.00027	0.00027	0.5	98907	27	98894	6735124	68.10
1995-1999	6	0.00024	0.00024	0.5	98880	24	98868	6636231	67.11
1995-1999	7	0.00023	0.00023	0.5	98856	23	98845	6537363	66.13
1995-1999	8	0.00022	0.00022	0.5	98834	22	98823	6438518	65.15
1995-1999	9	0.00023	0.00023	0.5	98811	22	98800	6339695	64.16
1995-1999	10	0.00021	0.00021	0.5	98789	21	98779	6240895	63.17
1995-1999	11	0.00022	0.00022	0.5	98769	22	98757	6142116	62.19
1995-1999	12	0.00028	0.00028	0.5	98746	28	98732	6043359	61.20
1995-1999	13	0.00036	0.00035	0.5	98719	35	98701	5944626	60.22
1995-1999	14	0.00048	0.00048	0.5	98683	47	98660	5845925	59.24
1995-1999	15	0.00063	0.00063	0.5	98636	62	98605	5747265	58.27
1995-1999	16	0.00098	0.00098	0.5	98574	97	98525	5648660	57.30
1995-1999	17	0.00122	0.00122	0.5	98477	120	98417	5550135	56.36
1995-1999	18	0.00156	0.00156	0.5	98357	153	98280	5451718	55.43
1995-1999	19	0.00158	0.00157	0.5	98204	155	98126	5353438	54.51
1995-1999	20	0.00157	0.00157	0.5	98049	154	97972	5255312	53.60
1995-1999	21	0.00169	0.00169	0.5	97895	165	97813	5157340	52.68
1995-1999	22	0.00162	0.00162	0.5	97730	158	97651	5059527	51.77
1995-1999	23	0.00160	0.00160	0.5	97572	156	97494	4961876	50.85
1995-1999	24	0.00153	0.00152	0.5	97416	149	97341	4864382	49.93
1995-1999	25	0.00156	0.00156	0.5	97267	152	97191	4767041	49.01
1995-1999	26	0.00159	0.00159	0.5	97115	154	97038	4669850	48.09
1995-1999	27	0.00162	0.00162	0.5	96961	157	96883	4572812	47.16
1995-1999	28	0.00168	0.00168	0.5	96804	162	96723	4475929	46.24
1995-1999	29	0.00172	0.00172	0.5	96642	167	96559	4379206	45.31
1995-1999	30	0.00178	0.00178	0.5	96476	172	96390	4282647	44.39
1995-1999	31	0.00197	0.00196	0.5	96304	189	96209	4186257	43.47
1995-1999	32	0.00200	0.00200	0.5	96115	192	96018	4090048	42.55
1995-1999	33	0.00218	0.00218	0.5	95922	209	95818	3994030	41.64
1995-1999	34	0.00224	0.00223	0.5	95713	214	95606	3898212	40.73
1995-1999	35	0.00236	0.00236	0.5	95499	225	95387	3802606	39.82
1995-1999	36	0.00255	0.00255	0.5	95274	243	95153	3707219	38.91
1995-1999	37	0.00272	0.00272	0.5	95031	258	94902	3612067	38.01
1995-1999	38	0.00292	0.00292	0.5	94773	277	94635	3517164	37.11
1995-1999	39	0.00303	0.00303	0.5	94497	286	94354	3422529	36.22
1995-1999	40	0.00315	0.00315	0.5	94210	297	94062	3328176	35.33
1995-1999	41	0.00353	0.00353	0.5	93914	331	93748	3234114	34.44
1995-1999	42	0.00374	0.00373	0.5	93582	349	93408	3140365	33.56
1995-1999	43	0.00406	0.00405	0.5	93233	378	93045	3046958	32.68
1995-1999	44	0.00422	0.00421	0.5	92856	391	92660	2953913	31.81
1995-1999	45	0.00447	0.00446	0.5	92465	412	92259	2861253	30.94
1995-1999	46	0.00492	0.00491	0.5	92053	452	91827	2768993	30.08
1995-1999	47	0.00520	0.00518	0.5	91602	475	91364	2677166	29.23
1995-1999	48	0.00568	0.00566	0.5	91127	516	90869	2585802	28.38
1995-1999	49	0.00584	0.00582	0.5	90611	527	90347	2494933	27.53
1995-1999	50	0.00624	0.00622	0.5	90084	560	89804	2404586	26.69
1995-1999	51	0.00703	0.00701	0.5	89524	628	89210	2314782	25.86
1995-1999	52	0.00763	0.00760	0.5	88896	676	88558	2225572	25.04
1995-1999	53	0.00829	0.00826	0.5	88220	728	87856	2137014	24.22
1995-1999	54	0.00896	0.00892	0.5	87492	780	87102	2049158	23.42
1995-1999	55	0.00975	0.00971	0.5	86712	842	86291	1962056	22.63
1995-1999	56	0.01085	0.01079	0.5	85870	927	85407	1875765	21.84
1995-1999	57	0.01175	0.01168	0.5	84944	992	84448	1790358	21.08
1995-1999	58	0.01302	0.01294	0.5	83951	1086	83408	1705911	20.32
1995-1999	59	0.01378	0.01369	0.5	82865	1134	82298	1622502	19.58
1995-1999	60	0.01508	0.01497	0.5	81731	1224	81119	1540204	18.84
1995-1999	61	0.01715	0.01701	0.5	80507	1369	79823	1459085	18.12
1995-1999	62	0.01860	0.01843	0.5	79138	1459	78409	1379263	17.43
1995-1999	63	0.02006	0.01986	0.5	77679	1543	76908	1300854	16.75
1995-1999	64	0.02141	0.02118	0.5	76136	1613	75330	1223946	16.08
1995-1999	65	0.02289	0.02263	0.5	74524	1687	73680	1148616	15.41
1995-1999	66	0.02484	0.02453	0.5	72837	1787	71943	1074936	14.76
1995-1999	67	0.02616	0.02582	0.5	71050	1835	70133	1002993	14.12
1995-1999	68	0.02924	0.02882	0.5	69215	1995	68218	932860	13.48
1995-1999	69	0.03223	0.03171	0.5	67220	2132	66154	864642	12.86
1995-1999	70	0.03454	0.03395	0.5	65088	2210	63984	798488	12.27
1995-1999	71	0.03809	0.03738	0.5	62879	2350	61703	734505	11.68
1995-1999	72	0.04127	0.04044	0.5	60528	2448	59304	672801	11.12
1995-1999	73	0.04418	0.04323	0.5	58081	2511	56825	613497	10.56
1995-1999	74	0.04751	0.04640	0.5	55570	2579	54281	556671	10.02
1995-1999	75	0.05195	0.05063	0.5	52991	2683	51650	502391	9.48
1995-1999	76	0.05671	0.05514	0.5	50308	2774	48921	450741	8.96
1995-1999	77	0.06164	0.05979	0.5	47534	2842	46113	401820	8.45
1995-1999	78	0.06745	0.06525	0.5	44692	2916	43234	355707	7.96
1995-1999	79	0.07292	0.07036	0.5	41776	2939	40306	312473	7.48
1995-1999	80	0.08551	0.08201	0.5	38836	3185	37244	272167	7.01
1995-1999	81	0.09348	0.08931	0.5	35652	3184	34059	234923	6.59
1995-1999	82	0.10385	0.09873	0.5	32467	3205	30865	200864	6.19
1995-1999	83	0.11433	0.10814	0.5	29262	3165	27680	169999	5.81
1995-1999	84	0.12564	0.11822	0.5	26098	3085	24555	142319	5.45
1995-1999	85	0.13835	0.12940	0.5	23012	2978	21523	117764	5.12
1995-1999	86	0.15074	0.14018	0.5	20035	2808	18630	96241	4.80
1995-1999	87	0.16518	0.15258	0.5	17226	2628	15912	77610	4.51
1995-1999	88	0.18040	0.16547	0.5	14598	2415	13390	61698	4.23
1995-1999	89	0.19612	0.17861	0.5	12182	2176	11094	48308	3.97
1995-1999	90	0.21415	0.19344	0.5	10006	1936	9039	37214	3.72
1995-1999	91	0.23132	0.20734	0.5	8071	1673	7234	28175	3.49
1995-1999	92	0.25349	0.22498	0.5	6397	1439	5678	20941	3.27
1995-1999	93	0.27346	0.24057	0.5	4958	1193	4362	15263	3.08
1995-1999	94	0.29731	0.25883	0.5	3765	975	3278	10902	2.90
1995-1999	95	0.31852	0.27476	0.5	2791	767	2407	7624	2.73
1995-1999	96	0.34228	0.29226	0.5	2024	592	1728	5216	2.58
1995-1999	97	0.36685	0.30999	0.5	1432	444	1210	3488	2.44
1995-1999	98	0.39214	0.32785	0.5	988	324	826	2278	2.30
1995-1999	99	0.41801	0.34575	0.5	664	230	549	1451	2.18
1995-1999	100	0.44435	0.36357	0.5	435	158	356	902	2.07
1995-1999	101	0.47100	0.38122	0.5	277	105	224	546	1.97
1995-1999	102	0.49782	0.39860	0.5	171	68	137	322	1.88
1995-1999	103	0.52465	0.41562	0.5	103	43	82	185	1.80
1995-1999	104	0.55134	0.43220	0.5	60	26	47	104	1.72
1995-1999	105	0.57774	0.44825	0.5	34	15	27	57	1.65
1995-1999	106	0.60370	0.46373	0.5	19	9	14	30	1.59
1995-1999	107	0.62909	0.47856	0.5	10	5	8	16	1.54
1995-1999	108	0.65379	0.49272	0.5	5	3	4	8	1.49
1995-1999	109	0.67768	0.50617	0.5	3	1	2	4	1.45
1995-1999	110+	0.70068	1.00000	1.43	1	1	2	2	1.43
2000-2004	0	0.00881	0.00874	0.07	100000	874	99186	7321595	73.22
2000-2004	1	0.00061	0.00061	0.5	99126	61	99095	7222409	72.86
2000-2004	2	0.00042	0.00042	0.5	99065	42	99044	7123314	71.91
2000-2004	3	0.00033	0.00033	0.5	99023	33	99007	7024270	70.94
2000-2004	4	0.00027	0.00027	0.5	98990	26	98977	6925263	69.96
2000-2004	5	0.00022	0.00022	0.5	98964	22	98953	6826286	68.98
2000-2004	6	0.00019	0.00019	0.5	98942	19	98933	6727333	67.99
2000-2004	7	0.00018	0.00018	0.5	98924	18	98915	6628400	67.01
2000-2004	8	0.00019	0.00018	0.5	98906	18	98897	6529485	66.02
2000-2004	9	0.00018	0.00018	0.5	98887	18	98879	6430589	65.03
2000-2004	10	0.00019	0.00019	0.5	98870	19	98860	6331710	64.04
2000-2004	11	0.00021	0.00021	0.5	98851	21	98841	6232850	63.05
2000-2004	12	0.00025	0.00025	0.5	98830	25	98818	6134009	62.07
2000-2004	13	0.00029	0.00029	0.5	98805	29	98791	6035191	61.08
2000-2004	14	0.00038	0.00038	0.5	98777	37	98758	5936400	60.10
2000-2004	15	0.00052	0.00052	0.5	98739	52	98713	5837642	59.12
2000-2004	16	0.00081	0.00081	0.5	98688	80	98648	5738929	58.15
2000-2004	17	0.00102	0.00102	0.5	98608	101	98557	5640281	57.20
2000-2004	18	0.00133	0.00133	0.5	98507	131	98442	5541724	56.26
2000-2004	19	0.00155	0.00155	0.5	98376	152	98300	5443282	55.33
2000-2004	20	0.00158	0.00158	0.5	98224	155	98147	5344982	54.42
2000-2004	21	0.00165	0.00165	0.5	98069	162	97988	5246835	53.50
2000-2004	22	0.00162	0.00162	0.5	97907	158	97828	5148847	52.59
2000-2004	23	0.00161	0.00161	0.5	97749	157	97670	5051020	51.67
2000-2004	24	0.00160	0.00160	0.5	97592	156	97514	4953349	50.76
2000-2004	25	0.00158	0.00158	0.5	97435	154	97358	4855836	49.84
2000-2004	26	0.00161	0.00161	0.5	97281	156	97203	4758477	48.91
2000-2004	27	0.00157	0.00157	0.5	97125	153	97049	4661274	47.99
2000-2004	28	0.00159	0.00159	0.5	96973	154	96895	4564225	47.07
2000-2004	29	0.00165	0.00164	0.5	96818	159	96739	4467330	46.14
2000-2004	30	0.00160	0.00160	0.5	96659	154	96582	4370591	45.22
2000-2004	31	0.00171	0.00171	0.5	96505	165	96423	4274009	44.29
2000-2004	32	0.00173	0.00173	0.5	96340	166	96257	4177586	43.36
2000-2004	33	0.00182	0.00182	0.5	96174	175	96086	4081329	42.44
2000-2004	34	0.00190	0.00190	0.5	95999	182	95908	3985243	41.51
2000-2004	35	0.00206	0.00205	0.5	95817	197	95719	3889335	40.59
2000-2004	36	0.00219	0.00219	0.5	95620	209	95515	3793616	39.67
2000-2004	37	0.00239	0.00238	0.5	95411	227	95297	3698101	38.76
2000-2004	38	0.00258	0.00258	0.5	95183	246	95061	3602804	37.85
2000-2004	39	0.00276	0.00276	0.5	94938	262	94807	3507743	36.95
2000-2004	40	0.00300	0.00299	0.5	94676	284	94534	3412936	36.05
2000-2004	41	0.00327	0.00326	0.5	94392	308	94238	3318402	35.16
2000-2004	42	0.00351	0.00351	0.5	94084	330	93919	3224164	34.27
2000-2004	43	0.00386	0.00386	0.5	93754	361	93574	3130244	33.39
2000-2004	44	0.00418	0.00417	0.5	93393	389	93198	3036671	32.51
2000-2004	45	0.00445	0.00444	0.5	93004	413	92797	2943472	31.65
2000-2004	46	0.00490	0.00489	0.5	92591	452	92364	2850675	30.79
2000-2004	47	0.00525	0.00524	0.5	92138	483	91897	2758311	29.94
2000-2004	48	0.00569	0.00567	0.5	91656	520	91396	2666414	29.09
2000-2004	49	0.00614	0.00612	0.5	91136	558	90857	2575018	28.25
2000-2004	50	0.00649	0.00647	0.5	90578	586	90285	2484161	27.43
2000-2004	51	0.00705	0.00703	0.5	89992	632	89676	2393876	26.60
2000-2004	52	0.00745	0.00742	0.5	89360	663	89028	2304200	25.79
2000-2004	53	0.00806	0.00802	0.5	88697	712	88341	2215172	24.97
2000-2004	54	0.00851	0.00848	0.5	87985	746	87612	2126831	24.17
2000-2004	55	0.00930	0.00925	0.5	87239	807	86835	2039219	23.38
2000-2004	56	0.00994	0.00989	0.5	86432	855	86004	1952383	22.59
2000-2004	57	0.01088	0.01082	0.5	85577	926	85114	1866379	21.81
2000-2004	58	0.01176	0.01170	0.5	84651	990	84156	1781266	21.04
2000-2004	59	0.01285	0.01277	0.5	83661	1069	83126	1697110	20.29
2000-2004	60	0.01402	0.01392	0.5	82592	1150	82017	1613984	19.54
2000-2004	61	0.01496	0.01485	0.5	81442	1210	80837	1531967	18.81
2000-2004	62	0.01644	0.01631	0.5	80232	1308	79578	1451130	18.09
2000-2004	63	0.01764	0.01749	0.5	78924	1380	78234	1371552	17.38
2000-2004	64	0.01916	0.01898	0.5	77544	1472	76808	1293318	16.68
2000-2004	65	0.02067	0.02046	0.5	76072	1557	75293	1216510	15.99
2000-2004	66	0.02228	0.02203	0.5	74515	1642	73694	1141217	15.32
2000-2004	67	0.02424	0.02395	0.5	72874	1745	72001	1067522	14.65
2000-2004	68	0.02621	0.02587	0.5	71128	1840	70208	995521	14.00
2000-2004	69	0.02866	0.02826	0.5	69288	1958	68309	925313	13.35
2000-2004	70	0.03119	0.03071	0.5	67330	2067	66296	857004	12.73
2000-2004	71	0.03357	0.03302	0.5	65263	2155	64185	790708	12.12
2000-2004	72	0.03686	0.03619	0.5	63108	2284	61966	726522	11.51
2000-2004	73	0.04005	0.03926	0.5	60824	2388	59630	664556	10.93
2000-2004	74	0.04324	0.04232	0.5	58436	2473	57199	604927	10.35
2000-2004	75	0.04778	0.04666	0.5	55963	2611	54657	547727	9.79
2000-2004	76	0.05210	0.05078	0.5	53351	2709	51997	493070	9.24
2000-2004	77	0.05691	0.05533	0.5	50642	2802	49241	441074	8.71
2000-2004	78	0.06191	0.06005	0.5	47840	2873	46404	391833	8.19
2000-2004	79	0.06890	0.06661	0.5	44967	2995	43470	345429	7.68
2000-2004	80	0.07959	0.07654	0.5	41972	3213	40366	301959	7.19
2000-2004	81	0.08779	0.08410	0.5	38760	3260	37130	261593	6.75
2000-2004	82	0.09676	0.09229	0.5	35500	3276	33862	224464	6.32
2000-2004	83	0.10738	0.10190	0.5	32223	3284	30582	190602	5.92
2000-2004	84	0.11828	0.11167	0.5	28940	3232	27324	160020	5.53
2000-2004	85	0.13066	0.12264	0.5	25708	3153	24131	132696	5.16
2000-2004	86	0.14530	0.13546	0.5	22555	3055	21027	108565	4.81
2000-2004	87	0.16148	0.14942	0.5	19500	2914	18043	87538	4.49
2000-2004	88	0.17648	0.16217	0.5	16586	2690	15241	69495	4.19
2000-2004	89	0.19438	0.17716	0.5	13896	2462	12665	54254	3.90
2000-2004	90	0.21569	0.19469	0.5	11434	2226	10321	41588	3.64
2000-2004	91	0.23636	0.21138	0.5	9208	1946	8235	31267	3.40
2000-2004	92	0.25970	0.22985	0.5	7262	1669	6427	23032	3.17
2000-2004	93	0.28506	0.24950	0.5	5593	1395	4895	16605	2.97
2000-2004	94	0.31118	0.26929	0.5	4197	1130	3632	11710	2.79
2000-2004	95	0.32966	0.28301	0.5	3067	868	2633	8077	2.63
2000-2004	96	0.35602	0.30222	0.5	2199	665	1867	5444	2.48
2000-2004	97	0.38328	0.32164	0.5	1534	494	1288	3578	2.33
2000-2004	98	0.41130	0.34115	0.5	1041	355	863	2290	2.20
2000-2004	99	0.43991	0.36059	0.5	686	247	562	1427	2.08
2000-2004	100	0.46892	0.37986	0.5	439	167	355	865	1.97
2000-2004	101	0.49814	0.39881	0.5	272	108	218	509	1.87
2000-2004	102	0.52737	0.41733	0.5	163	68	129	292	1.78
2000-2004	103	0.55642	0.43531	0.5	95	41	75	162	1.70
2000-2004	104	0.58509	0.45266	0.5	54	24	42	88	1.63
2000-2004	105	0.61319	0.46930	0.5	29	14	23	46	1.56
2000-2004	106	0.64056	0.48517	0.5	16	8	12	24	1.51
2000-2004	107	0.66704	0.50021	0.5	8	4	6	12	1.45
2000-2004	108	0.69251	0.51440	0.5	4	2	3	6	1.41
2000-2004	109	0.71685	0.52771	0.5	2	1	1	3	1.37
2000-2004	110+	0.74000	1.00000	1.35	1	1	1	1	1.35
2005-2009	0	0.00863	0.00856	0.07	100000	856	99202	7420782	74.21
2005-2009	1	0.00058	0.00058	0.5	99144	57	99115	7321579	73.85
2005-2009	2	0.00040	0.00040	0.5	99087	39	99067	7222464	72.89
2005-2009	3	0.00030	0.00030	0.5	99047	29	99033	7123397	71.92
2005-2009	4	0.00022	0.00022	0.5	99018	22	99007	7024364	70.94
2005-2009	5	0.00019	0.00019	0.5	98996	18	98987	6925357	69.96
2005-2009	6	0.00016	0.00016	0.5	98978	16	98970	6826370	68.97
2005-2009	7	0.00017	0.00017	0.5	98962	17	98953	6727400	67.98
2005-2009	8	0.00016	0.00016	0.5	98945	16	98937	6628447	66.99
2005-2009	9	0.00016	0.00016	0.5	98930	16	98922	6529509	66.00
2005-2009	10	0.00015	0.00015	0.5	98914	15	98906	6430588	65.01
2005-2009	11	0.00018	0.00018	0.5	98899	17	98890	6331681	64.02
2005-2009	12	0.00019	0.00019	0.5	98882	19	98873	6232791	63.03
2005-2009	13	0.00025	0.00025	0.5	98863	24	98851	6133918	62.04
2005-2009	14	0.00032	0.00032	0.5	98839	31	98823	6035067	61.06
2005-2009	15	0.00044	0.00044	0.5	98808	44	98786	5936244	60.08
2005-2009	16	0.00068	0.00068	0.5	98764	67	98730	5837458	59.11
2005-2009	17	0.00093	0.00093	0.5	98696	91	98651	5738728	58.15
2005-2009	18	0.00126	0.00126	0.5	98605	124	98543	5640077	57.20
2005-2009	19	0.00144	0.00144	0.5	98481	142	98410	5541535	56.27
2005-2009	20	0.00155	0.00155	0.5	98339	152	98263	5443125	55.35
2005-2009	21	0.00165	0.00165	0.5	98187	162	98106	5344862	54.44
2005-2009	22	0.00169	0.00169	0.5	98024	165	97942	5246756	53.52
2005-2009	23	0.00168	0.00168	0.5	97859	164	97777	5148815	52.61
2005-2009	24	0.00171	0.00171	0.5	97695	167	97611	5051038	51.70
2005-2009	25	0.00171	0.00171	0.5	97528	166	97444	4953427	50.79
2005-2009	26	0.00172	0.00172	0.5	97361	167	97278	4855982	49.88
2005-2009	27	0.00167	0.00167	0.5	97194	163	97113	4758704	48.96
2005-2009	28	0.00171	0.00170	0.5	97031	165	96949	4661592	48.04
2005-2009	29	0.00173	0.00173	0.5	96866	168	96782	4564643	47.12
2005-2009	30	0.00175	0.00175	0.5	96698	169	96614	4467861	46.20
2005-2009	31	0.00178	0.00178	0.5	96529	172	96443	4371247	45.28
2005-2009	32	0.00174	0.00174	0.5	96357	168	96273	4274804	44.36
2005-2009	33	0.00180	0.00180	0.5	96189	173	96103	4178531	43.44
2005-2009	34	0.00190	0.00190	0.5	96016	182	95925	4082428	42.52
2005-2009	35	0.00197	0.00197	0.5	95834	189	95740	3986503	41.60
2005-2009	36	0.00201	0.00201	0.5	95646	192	95550	3890763	40.68
2005-2009	37	0.00221	0.00221	0.5	95454	211	95348	3795213	39.76
2005-2009	38	0.00233	0.00233	0.5	95243	222	95132	3699865	38.85
2005-2009	39	0.00247	0.00246	0.5	95021	234	94904	3604733	37.94
2005-2009	40	0.00270	0.00270	0.5	94787	256	94659	3509829	37.03
2005-2009	41	0.00293	0.00293	0.5	94531	277	94392	3415170	36.13
2005-2009	42	0.00322	0.00322	0.5	94254	303	94103	3320778	35.23
2005-2009	43	0.00350	0.00350	0.5	93951	328	93787	3226676	34.34
2005-2009	44	0.00392	0.00391	0.5	93623	366	93439	3132889	33.46
2005-2009	45	0.00421	0.00420	0.5	93256	392	93060	3039449	32.59
2005-2009	46	0.00455	0.00454	0.5	92864	422	92653	2946389	31.73
2005-2009	47	0.00492	0.00490	0.5	92443	453	92216	2853736	30.87
2005-2009	48	0.00539	0.00537	0.5	91989	494	91742	2761520	30.02
2005-2009	49	0.00586	0.00585	0.5	91495	535	91228	2669778	29.18
2005-2009	50	0.00645	0.00643	0.5	90960	585	90668	2578550	28.35
2005-2009	51	0.00697	0.00694	0.5	90376	627	90062	2487882	27.53
2005-2009	52	0.00761	0.00758	0.5	89748	681	89408	2397820	26.72
2005-2009	53	0.00809	0.00806	0.5	89068	718	88709	2308412	25.92
2005-2009	54	0.00866	0.00862	0.5	88350	762	87969	2219703	25.12
2005-2009	55	0.00932	0.00928	0.5	87588	813	87182	2131734	24.34
2005-2009	56	0.00979	0.00974	0.5	86776	845	86353	2044552	23.56
2005-2009	57	0.01050	0.01044	0.5	85930	897	85482	1958199	22.79
2005-2009	58	0.01114	0.01108	0.5	85033	942	84562	1872717	22.02
2005-2009	59	0.01188	0.01181	0.5	84090	993	83594	1788155	21.26
2005-2009	60	0.01295	0.01287	0.5	83097	1069	82562	1704562	20.51
2005-2009	61	0.01347	0.01338	0.5	82028	1097	81479	1621999	19.77
2005-2009	62	0.01497	0.01486	0.5	80930	1202	80329	1540520	19.04
2005-2009	63	0.01597	0.01585	0.5	79728	1263	79096	1460191	18.31
2005-2009	64	0.01734	0.01719	0.5	78464	1349	77790	1381095	17.60
2005-2009	65	0.01866	0.01848	0.5	77115	1425	76403	1303305	16.90
2005-2009	66	0.02005	0.01985	0.5	75690	1503	74939	1226903	16.21
2005-2009	67	0.02126	0.02103	0.5	74187	1561	73407	1151964	15.53
2005-2009	68	0.02279	0.02253	0.5	72627	1636	71809	1078557	14.85
2005-2009	69	0.02483	0.02452	0.5	70990	1741	70120	1006748	14.18
2005-2009	70	0.02738	0.02701	0.5	69250	1870	68315	936628	13.53
2005-2009	71	0.02926	0.02884	0.5	67380	1943	66408	868313	12.89
2005-2009	72	0.03197	0.03147	0.5	65436	2059	64407	801905	12.25
2005-2009	73	0.03510	0.03449	0.5	63377	2186	62284	737498	11.64
2005-2009	74	0.03827	0.03755	0.5	61191	2298	60042	675214	11.03
2005-2009	75	0.04227	0.04140	0.5	58893	2438	57674	615172	10.45
2005-2009	76	0.04535	0.04435	0.5	56455	2504	55203	557497	9.88
2005-2009	77	0.05022	0.04899	0.5	53952	2643	52630	502294	9.31
2005-2009	78	0.05456	0.05312	0.5	51308	2725	49946	449664	8.76
2005-2009	79	0.06018	0.05842	0.5	48583	2838	47164	399718	8.23
2005-2009	80	0.06959	0.06725	0.5	45745	3076	44206	352555	7.71
2005-2009	81	0.07701	0.07415	0.5	42668	3164	41086	308348	7.23
2005-2009	82	0.08487	0.08142	0.5	39504	3216	37896	267262	6.77
2005-2009	83	0.09454	0.09027	0.5	36288	3276	34650	229366	6.32
2005-2009	84	0.10567	0.10037	0.5	33012	3313	31355	194716	5.90
2005-2009	85	0.11697	0.11050	0.5	29699	3282	28058	163360	5.50
2005-2009	86	0.13046	0.12247	0.5	26417	3235	24799	135303	5.12
2005-2009	87	0.14369	0.13406	0.5	23182	3108	21628	110503	4.77
2005-2009	88	0.16098	0.14899	0.5	20074	2991	18578	88876	4.43
2005-2009	89	0.17822	0.16364	0.5	17083	2795	15685	70297	4.12
2005-2009	90	0.19849	0.18057	0.5	14288	2580	12998	54612	3.82
2005-2009	91	0.21857	0.19704	0.5	11708	2307	10554	41614	3.55
2005-2009	92	0.24419	0.21762	0.5	9401	2046	8378	31060	3.30
2005-2009	93	0.26975	0.23769	0.5	7355	1748	6481	22682	3.08
2005-2009	94	0.29854	0.25976	0.5	5607	1456	4879	16201	2.89
2005-2009	95	0.31339	0.27094	0.5	4150	1124	3588	11323	2.73
2005-2009	96	0.34029	0.29081	0.5	3026	880	2586	7734	2.56
2005-2009	97	0.36826	0.31099	0.5	2146	667	1812	5148	2.40
2005-2009	98	0.39714	0.33134	0.5	1479	490	1234	3336	2.26
2005-2009	99	0.42675	0.35171	0.5	989	348	815	2103	2.13
2005-2009	100	0.45691	0.37194	0.5	641	238	522	1288	2.01
2005-2009	101	0.48738	0.39188	0.5	403	158	324	766	1.90
2005-2009	102	0.51794	0.41140	0.5	245	101	194	442	1.81
2005-2009	103	0.54837	0.43037	0.5	144	62	113	248	1.72
2005-2009	104	0.57844	0.44868	0.5	82	37	64	135	1.64
2005-2009	105	0.60795	0.46623	0.5	45	21	35	71	1.57
2005-2009	106	0.63668	0.48294	0.5	24	12	18	37	1.51
2005-2009	107	0.66447	0.49876	0.5	12	6	9	18	1.46
2005-2009	108	0.69117	0.51366	0.5	6	3	5	9	1.41
2005-2009	109	0.71665	0.52760	0.5	3	2	2	4	1.37
2005-2009	110+	0.74081	1.00000	1.35	1	1	2	2	1.35
2010-2014	0	0.00740	0.00735	0.06	100000	735	99312	7525153	75.25
2010-2014	1	0.00051	0.00051	0.5	99265	51	99239	7425841	74.81
2010-2014	2	0.00035	0.00035	0.5	99214	35	99196	7326601	73.85
2010-2014	3	0.00027	0.00027	0.5	99179	27	99165	7227405	72.87
2010-2014	4	0.00021	0.00021	0.5	99152	21	99141	7128240	71.89
2010-2014	5	0.00017	0.00017	0.5	99131	17	99122	7029099	70.91
2010-2014	6	0.00014	0.00014	0.5	99114	14	99107	6929977	69.92
2010-2014	7	0.00015	0.00015	0.5	99100	15	99092	6830871	68.93
2010-2014	8	0.00015	0.00015	0.5	99085	15	99077	6731778	67.94
2010-2014	9	0.00014	0.00014	0.5	99070	14	99063	6632701	66.95
2010-2014	10	0.00012	0.00012	0.5	99056	12	99050	6533638	65.96
2010-2014	11	0.00015	0.00015	0.5	99044	15	99036	6434588	64.97
2010-2014	12	0.00016	0.00016	0.5	99029	16	99020	6335552	63.98
2010-2014	13	0.00021	0.00021	0.5	99012	21	99002	6236531	62.99
2010-2014	14	0.00027	0.00027	0.5	98991	26	98978	6137530	62.00
2010-2014	15	0.00035	0.00035	0.5	98965	34	98948	6038552	61.02
2010-2014	16	0.00052	0.00052	0.5	98930	51	98905	5939604	60.04
2010-2014	17	0.00068	0.00068	0.5	98879	68	98846	5840699	59.07
2010-2014	18	0.00096	0.00095	0.5	98812	94	98765	5741854	58.11
2010-2014	19	0.00113	0.00113	0.5	98717	111	98662	5643089	57.16
2010-2014	20	0.00120	0.00120	0.5	98606	118	98547	5544427	56.23
2010-2014	21	0.00133	0.00133	0.5	98488	131	98423	5445880	55.29
2010-2014	22	0.00141	0.00141	0.5	98357	139	98288	5347457	54.37
2010-2014	23	0.00140	0.00139	0.5	98218	137	98150	5249169	53.44
2010-2014	24	0.00144	0.00144	0.5	98081	141	98011	5151019	52.52
2010-2014	25	0.00146	0.00145	0.5	97940	142	97869	5053008	51.59
2010-2014	26	0.00152	0.00151	0.5	97798	148	97724	4955140	50.67
2010-2014	27	0.00154	0.00154	0.5	97649	150	97574	4857416	49.74
2010-2014	28	0.00156	0.00156	0.5	97499	152	97423	4759842	48.82
2010-2014	29	0.00162	0.00162	0.5	97347	158	97268	4662418	47.89
2010-2014	30	0.00161	0.00161	0.5	97190	156	97111	4565150	46.97
2010-2014	31	0.00173	0.00173	0.5	97033	168	96949	4468038	46.05
2010-2014	32	0.00170	0.00170	0.5	96866	164	96783	4371089	45.13
2010-2014	33	0.00179	0.00179	0.5	96701	173	96615	4274306	44.20
2010-2014	34	0.00183	0.00183	0.5	96529	176	96441	4177691	43.28
2010-2014	35	0.00185	0.00185	0.5	96352	178	96263	4081250	42.36
2010-2014	36	0.00194	0.00193	0.5	96174	186	96081	3984987	41.44
2010-2014	37	0.00202	0.00202	0.5	95988	194	95891	3888906	40.51
2010-2014	38	0.00210	0.00210	0.5	95794	201	95694	3793014	39.60
2010-2014	39	0.00228	0.00227	0.5	95593	217	95484	3697321	38.68
2010-2014	40	0.00240	0.00240	0.5	95376	229	95261	3601836	37.76
2010-2014	41	0.00257	0.00257	0.5	95147	244	95024	3506575	36.85
2010-2014	42	0.00277	0.00276	0.5	94902	262	94771	3411551	35.95
2010-2014	43	0.00296	0.00295	0.5	94640	280	94500	3316779	35.05
2010-2014	44	0.00321	0.00320	0.5	94360	302	94209	3222279	34.15
2010-2014	45	0.00358	0.00358	0.5	94058	336	93890	3128070	33.26
2010-2014	46	0.00401	0.00400	0.5	93722	375	93534	3034180	32.37
2010-2014	47	0.00445	0.00444	0.5	93346	414	93139	2940646	31.50
2010-2014	48	0.00486	0.00485	0.5	92932	451	92707	2847507	30.64
2010-2014	49	0.00532	0.00530	0.5	92481	491	92236	2754800	29.79
2010-2014	50	0.00597	0.00595	0.5	91991	548	91717	2662564	28.94
2010-2014	51	0.00649	0.00647	0.5	91443	592	91147	2570847	28.11
2010-2014	52	0.00701	0.00698	0.5	90851	634	90534	2479700	27.29
2010-2014	53	0.00773	0.00770	0.5	90217	695	89869	2389167	26.48
2010-2014	54	0.00829	0.00826	0.5	89522	739	89152	2299297	25.68
2010-2014	55	0.00918	0.00914	0.5	88783	811	88377	2210145	24.89
2010-2014	56	0.01004	0.00999	0.5	87971	879	87532	2121768	24.12
2010-2014	57	0.01065	0.01059	0.5	87092	923	86631	2034236	23.36
2010-2014	58	0.01133	0.01127	0.5	86170	971	85684	1947605	22.60
2010-2014	59	0.01208	0.01200	0.5	85199	1023	84687	1861921	21.85
2010-2014	60	0.01300	0.01292	0.5	84176	1087	83632	1777234	21.11
2010-2014	61	0.01365	0.01356	0.5	83089	1127	82525	1693602	20.38
2010-2014	62	0.01443	0.01433	0.5	81962	1174	81375	1611076	19.66
2010-2014	63	0.01559	0.01547	0.5	80788	1250	80163	1529702	18.93
2010-2014	64	0.01638	0.01624	0.5	79538	1292	78892	1449539	18.22
2010-2014	65	0.01740	0.01725	0.5	78246	1350	77571	1370647	17.52
2010-2014	66	0.01863	0.01845	0.5	76896	1419	76186	1293076	16.82
2010-2014	67	0.02023	0.02003	0.5	75477	1511	74721	1216890	16.12
2010-2014	68	0.02176	0.02153	0.5	73966	1592	73169	1142168	15.44
2010-2014	69	0.02354	0.02327	0.5	72373	1684	71531	1068999	14.77
2010-2014	70	0.02555	0.02523	0.5	70689	1784	69797	997468	14.11
2010-2014	71	0.02744	0.02707	0.5	68906	1865	67973	927670	13.46
2010-2014	72	0.02981	0.02937	0.5	67041	1969	66056	859697	12.82
2010-2014	73	0.03244	0.03192	0.5	65071	2077	64033	793641	12.20
2010-2014	74	0.03529	0.03468	0.5	62994	2185	61902	729608	11.58
2010-2014	75	0.03853	0.03780	0.5	60810	2299	59660	667706	10.98
2010-2014	76	0.04219	0.04132	0.5	58511	2418	57302	608046	10.39
2010-2014	77	0.04607	0.04504	0.5	56093	2526	54830	550744	9.82
2010-2014	78	0.05071	0.04946	0.5	53567	2649	52242	495914	9.26
2010-2014	79	0.05570	0.05419	0.5	50917	2759	49538	443672	8.71
2010-2014	80	0.06028	0.05852	0.5	48158	2818	46749	394134	8.18
2010-2014	81	0.06759	0.06538	0.5	45340	2964	43858	347385	7.66
2010-2014	82	0.07571	0.07295	0.5	42376	3091	40830	303528	7.16
2010-2014	83	0.08437	0.08095	0.5	39284	3180	37694	262698	6.69
2010-2014	84	0.09442	0.09016	0.5	36104	3255	34477	225003	6.23
2010-2014	85	0.10524	0.09997	0.5	32849	3284	31207	190527	5.80
2010-2014	86	0.11836	0.11175	0.5	29565	3304	27913	159320	5.39
2010-2014	87	0.13261	0.12436	0.5	26261	3266	24628	131407	5.00
2010-2014	88	0.14775	0.13759	0.5	22995	3164	21413	106779	4.64
2010-2014	89	0.16439	0.15191	0.5	19831	3013	18325	85366	4.30
2010-2014	90	0.18648	0.17057	0.5	16819	2869	15384	67041	3.99
2010-2014	91	0.20431	0.18538	0.5	13950	2586	12657	51656	3.70
2010-2014	92	0.23015	0.20640	0.5	11364	2346	10191	38999	3.43
2010-2014	93	0.25460	0.22585	0.5	9019	2037	8000	28808	3.19
2010-2014	94	0.28082	0.24624	0.5	6982	1719	6122	20808	2.98
2010-2014	95	0.30208	0.26244	0.5	5262	1381	4572	14686	2.79
2010-2014	96	0.32986	0.28316	0.5	3881	1099	3332	10114	2.61
2010-2014	97	0.35889	0.30429	0.5	2782	847	2359	6782	2.44
2010-2014	98	0.38898	0.32565	0.5	1936	630	1621	4423	2.28
2010-2014	99	0.41995	0.34707	0.5	1305	453	1079	2802	2.15
2010-2014	100	0.45156	0.36839	0.5	852	314	695	1723	2.02
2010-2014	101	0.48357	0.38941	0.5	538	210	434	1028	1.91
2010-2014	102	0.51571	0.40999	0.5	329	135	261	595	1.81
2010-2014	103	0.54772	0.42997	0.5	194	83	152	333	1.72
2010-2014	104	0.57934	0.44922	0.5	111	50	86	181	1.64
2010-2014	105	0.61033	0.46762	0.5	61	28	47	95	1.57
2010-2014	106	0.64044	0.48510	0.5	32	16	25	49	1.50
2010-2014	107	0.66949	0.50159	0.5	17	8	13	24	1.45
2010-2014	108	0.69731	0.51704	0.5	8	4	6	12	1.40
2010-2014	109	0.72375	0.53143	0.5	4	2	3	5	1.36
2010-2014	110+	0.74871	1.00000	1.34	2	2	3	3	1.34
2015-2019	0	0.00711	0.00706	0.06	100000	706	99339	7525754	75.26
2015-2019	1	0.00051	0.00051	0.5	99294	51	99268	7426415	74.79
2015-2019	2	0.00034	0.00034	0.5	99243	34	99226	7327147	73.83
2015-2019	3	0.00027	0.00027	0.5	99209	26	99196	7227921	72.86
2015-2019	4	0.00019	0.00019	0.5	99183	19	99173	7128726	71.87
2015-2019	5	0.00018	0.00018	0.5	99164	18	99155	7029552	70.89
2015-2019	6	0.00015	0.00015	0.5	99146	15	99139	6930397	69.90
2015-2019	7	0.00014	0.00014	0.5	99131	14	99125	6831258	68.91
2015-2019	8	0.00014	0.00014	0.5	99118	14	99111	6732134	67.92
2015-2019	9	0.00013	0.00013	0.5	99104	13	99098	6633023	66.93
2015-2019	10	0.00014	0.00014	0.5	99091	14	99084	6533925	65.94
2015-2019	11	0.00014	0.00014	0.5	99077	14	99070	6434841	64.95
2015-2019	12	0.00017	0.00017	0.5	99063	17	99054	6335771	63.96
2015-2019	13	0.00021	0.00021	0.5	99046	20	99036	6236716	62.97
2015-2019	14	0.00028	0.00028	0.5	99025	28	99012	6137681	61.98
2015-2019	15	0.00039	0.00039	0.5	98998	39	98978	6038669	61.00
2015-2019	16	0.00055	0.00055	0.5	98959	54	98932	5939691	60.02
2015-2019	17	0.00075	0.00075	0.5	98905	74	98868	5840759	59.05
2015-2019	18	0.00105	0.00105	0.5	98831	104	98779	5741891	58.10
2015-2019	19	0.00122	0.00122	0.5	98727	120	98667	5643113	57.16
2015-2019	20	0.00128	0.00128	0.5	98606	126	98543	5544446	56.23
2015-2019	21	0.00146	0.00145	0.5	98480	143	98409	5445903	55.30
2015-2019	22	0.00150	0.00150	0.5	98337	147	98264	5347494	54.38
2015-2019	23	0.00156	0.00156	0.5	98190	153	98114	5249230	53.46
2015-2019	24	0.00162	0.00162	0.5	98037	159	97958	5151117	52.54
2015-2019	25	0.00169	0.00168	0.5	97878	165	97796	5053159	51.63
2015-2019	26	0.00165	0.00165	0.5	97713	161	97633	4955363	50.71
2015-2019	27	0.00176	0.00176	0.5	97552	171	97466	4857730	49.80
2015-2019	28	0.00185	0.00184	0.5	97381	180	97291	4760264	48.88
2015-2019	29	0.00190	0.00189	0.5	97201	184	97109	4662973	47.97
2015-2019	30	0.00191	0.00190	0.5	97017	185	96925	4565864	47.06
2015-2019	31	0.00198	0.00198	0.5	96832	192	96736	4468939	46.15
2015-2019	32	0.00210	0.00210	0.5	96641	203	96539	4372203	45.24
2015-2019	33	0.00212	0.00212	0.5	96438	205	96336	4275664	44.34
2015-2019	34	0.00220	0.00220	0.5	96234	212	96128	4179328	43.43
2015-2019	35	0.00228	0.00228	0.5	96022	219	95912	4083200	42.52
2015-2019	36	0.00235	0.00235	0.5	95803	225	95691	3987288	41.62
2015-2019	37	0.00247	0.00247	0.5	95578	236	95460	3891597	40.72
2015-2019	38	0.00259	0.00258	0.5	95342	246	95219	3796137	39.82
2015-2019	39	0.00264	0.00264	0.5	95096	251	94971	3700918	38.92
2015-2019	40	0.00280	0.00279	0.5	94845	265	94713	3605947	38.02
2015-2019	41	0.00285	0.00285	0.5	94580	269	94446	3511234	37.12
2015-2019	42	0.00295	0.00295	0.5	94311	278	94172	3416789	36.23
2015-2019	43	0.00319	0.00318	0.5	94033	299	93883	3322617	35.33
2015-2019	44	0.00340	0.00340	0.5	93734	319	93574	3228733	34.45
2015-2019	45	0.00371	0.00370	0.5	93415	346	93242	3135159	33.56
2015-2019	46	0.00401	0.00400	0.5	93070	373	92883	3041916	32.68
2015-2019	47	0.00430	0.00429	0.5	92697	398	92498	2949033	31.81
2015-2019	48	0.00467	0.00465	0.5	92299	430	92085	2856535	30.95
2015-2019	49	0.00508	0.00506	0.5	91870	465	91637	2764450	30.09
2015-2019	50	0.00559	0.00557	0.5	91404	509	91150	2672813	29.24
2015-2019	51	0.00614	0.00612	0.5	90895	557	90617	2581663	28.40
2015-2019	52	0.00674	0.00672	0.5	90339	607	90035	2491046	27.57
2015-2019	53	0.00743	0.00740	0.5	89732	664	89399	2401011	26.76
2015-2019	54	0.00819	0.00816	0.5	89067	727	88704	2311612	25.95
2015-2019	55	0.00897	0.00893	0.5	88340	788	87946	2222908	25.16
2015-2019	56	0.00973	0.00968	0.5	87552	848	87128	2134962	24.39
2015-2019	57	0.01066	0.01060	0.5	86704	919	86244	2047835	23.62
2015-2019	58	0.01148	0.01141	0.5	85785	979	85295	1961590	22.87
2015-2019	59	0.01239	0.01231	0.5	84806	1044	84283	1876295	22.12
2015-2019	60	0.01328	0.01319	0.5	83761	1105	83209	1792012	21.39
2015-2019	61	0.01432	0.01422	0.5	82656	1175	82069	1708803	20.67
2015-2019	62	0.01538	0.01526	0.5	81481	1244	80859	1626734	19.96
2015-2019	63	0.01649	0.01635	0.5	80238	1312	79581	1545875	19.27
2015-2019	64	0.01740	0.01725	0.5	78925	1361	78245	1466293	18.58
2015-2019	65	0.01827	0.01810	0.5	77564	1404	76862	1388048	17.90
2015-2019	66	0.01926	0.01908	0.5	76160	1453	75434	1311186	17.22
2015-2019	67	0.02038	0.02017	0.5	74707	1507	73954	1235753	16.54
2015-2019	68	0.02170	0.02146	0.5	73200	1571	72414	1161799	15.87
2015-2019	69	0.02299	0.02273	0.5	71629	1628	70815	1089385	15.21
2015-2019	70	0.02470	0.02440	0.5	70001	1708	69147	1018570	14.55
2015-2019	71	0.02686	0.02650	0.5	68293	1810	67388	949423	13.90
2015-2019	72	0.02918	0.02876	0.5	66483	1912	65527	882035	13.27
2015-2019	73	0.03142	0.03094	0.5	64571	1998	63573	816508	12.65
2015-2019	74	0.03470	0.03411	0.5	62574	2135	61506	752935	12.03
2015-2019	75	0.03747	0.03678	0.5	60439	2223	59328	691429	11.44
2015-2019	76	0.04076	0.03994	0.5	58216	2325	57054	632101	10.86
2015-2019	77	0.04410	0.04315	0.5	55891	2411	54685	575047	10.29
2015-2019	78	0.04813	0.04700	0.5	53480	2514	52223	520362	9.73
2015-2019	79	0.05294	0.05158	0.5	50966	2629	49651	468139	9.19
2015-2019	80	0.05815	0.05651	0.5	48337	2732	46971	418488	8.66
2015-2019	81	0.06348	0.06152	0.5	45605	2806	44203	371517	8.15
2015-2019	82	0.06887	0.06658	0.5	42800	2850	41375	327314	7.65
2015-2019	83	0.07545	0.07270	0.5	39950	2905	38498	285939	7.16
2015-2019	84	0.08409	0.08069	0.5	37046	2989	35551	247441	6.68
2015-2019	85	0.09297	0.08884	0.5	34056	3025	32543	211891	6.22
2015-2019	86	0.10505	0.09981	0.5	31031	3097	29482	179347	5.78
2015-2019	87	0.11786	0.11130	0.5	27934	3109	26379	149865	5.37
2015-2019	88	0.13308	0.12478	0.5	24825	3098	23276	123486	4.97
2015-2019	89	0.14927	0.13891	0.5	21727	3018	20218	100210	4.61
2015-2019	90	0.16718	0.15428	0.5	18709	2886	17266	79992	4.28
2015-2019	91	0.18787	0.17174	0.5	15823	2717	14464	62726	3.96
2015-2019	92	0.20864	0.18893	0.5	13105	2476	11867	48262	3.68
2015-2019	93	0.23408	0.20956	0.5	10629	2227	9516	36395	3.42
2015-2019	94	0.25951	0.22970	0.5	8402	1930	7437	26879	3.20
2015-2019	95	0.27530	0.24199	0.5	6472	1566	5689	19442	3.00
2015-2019	96	0.30118	0.26177	0.5	4906	1284	4264	13753	2.80
2015-2019	97	0.32840	0.28208	0.5	3622	1022	3111	9490	2.62
2015-2019	98	0.35681	0.30279	0.5	2600	787	2206	6379	2.45
2015-2019	99	0.38627	0.32374	0.5	1813	587	1519	4172	2.30
2015-2019	100	0.41659	0.34477	0.5	1226	423	1015	2653	2.16
2015-2019	101	0.44755	0.36571	0.5	803	294	656	1639	2.04
2015-2019	102	0.47892	0.38639	0.5	509	197	411	982	1.93
2015-2019	103	0.51046	0.40666	0.5	313	127	249	571	1.83
2015-2019	104	0.54191	0.42638	0.5	185	79	146	322	1.74
2015-2019	105	0.57304	0.44542	0.5	106	47	83	176	1.66
2015-2019	106	0.60360	0.46366	0.5	59	27	45	93	1.58
2015-2019	107	0.63337	0.48103	0.5	32	15	24	48	1.52
2015-2019	108	0.66215	0.49746	0.5	16	8	12	24	1.47
2015-2019	109	0.68979	0.51289	0.5	8	4	6	12	1.42
2015-2019	110+	0.71613	1.00000	1.4	4	4	6	6	1.40
