Reg3: , Lifetables (period 1x10), Females Last modified: 20 Dec 2020, MPv5 (May07) 

Year     	Age	mx	qx	ax	lx	dx	Lx	Tx	ex
1960-1969	0	0.02460	0.02408	0.12	100000	2408	97886	7329653	73.30
1960-1969	1	0.00186	0.00186	0.5	97592	182	97502	7231767	74.10
1960-1969	2	0.00106	0.00106	0.5	97411	103	97359	7134265	73.24
1960-1969	3	0.00079	0.00079	0.5	97308	77	97269	7036906	72.32
1960-1969	4	0.00063	0.00063	0.5	97231	61	97200	6939637	71.37
1960-1969	5	0.00055	0.00055	0.5	97169	54	97142	6842437	70.42
1960-1969	6	0.00047	0.00047	0.5	97116	45	97093	6745294	69.46
1960-1969	7	0.00043	0.00043	0.5	97070	41	97049	6648201	68.49
1960-1969	8	0.00037	0.00037	0.5	97029	36	97011	6551152	67.52
1960-1969	9	0.00034	0.00034	0.5	96992	33	96976	6454141	66.54
1960-1969	10	0.00031	0.00031	0.5	96959	30	96944	6357166	65.57
1960-1969	11	0.00033	0.00033	0.5	96929	32	96913	6260222	64.59
1960-1969	12	0.00034	0.00034	0.5	96897	33	96880	6163309	63.61
1960-1969	13	0.00035	0.00035	0.5	96864	34	96847	6066429	62.63
1960-1969	14	0.00041	0.00041	0.5	96830	40	96810	5969582	61.65
1960-1969	15	0.00049	0.00049	0.5	96790	47	96766	5872772	60.68
1960-1969	16	0.00056	0.00056	0.5	96743	55	96716	5776006	59.70
1960-1969	17	0.00063	0.00063	0.5	96688	61	96658	5679290	58.74
1960-1969	18	0.00070	0.00070	0.5	96627	68	96593	5582633	57.77
1960-1969	19	0.00075	0.00075	0.5	96559	72	96523	5486039	56.82
1960-1969	20	0.00074	0.00074	0.5	96487	71	96451	5389516	55.86
1960-1969	21	0.00079	0.00079	0.5	96416	76	96378	5293065	54.90
1960-1969	22	0.00082	0.00082	0.5	96340	79	96300	5196687	53.94
1960-1969	23	0.00082	0.00082	0.5	96260	79	96221	5100387	52.99
1960-1969	24	0.00088	0.00088	0.5	96181	85	96139	5004166	52.03
1960-1969	25	0.00092	0.00092	0.5	96097	88	96053	4908027	51.07
1960-1969	26	0.00092	0.00092	0.5	96008	89	95964	4811975	50.12
1960-1969	27	0.00098	0.00098	0.5	95920	94	95873	4716010	49.17
1960-1969	28	0.00108	0.00108	0.5	95826	104	95774	4620138	48.21
1960-1969	29	0.00110	0.00110	0.5	95723	105	95670	4524363	47.27
1960-1969	30	0.00121	0.00121	0.5	95618	116	95560	4428693	46.32
1960-1969	31	0.00129	0.00129	0.5	95502	123	95441	4333133	45.37
1960-1969	32	0.00144	0.00144	0.5	95379	137	95310	4237693	44.43
1960-1969	33	0.00155	0.00155	0.5	95242	147	95168	4142382	43.49
1960-1969	34	0.00169	0.00169	0.5	95095	161	95014	4047214	42.56
1960-1969	35	0.00182	0.00182	0.5	94934	173	94847	3952200	41.63
1960-1969	36	0.00196	0.00196	0.5	94761	186	94668	3857352	40.71
1960-1969	37	0.00206	0.00206	0.5	94575	195	94477	3762685	39.79
1960-1969	38	0.00232	0.00232	0.5	94380	219	94270	3668207	38.87
1960-1969	39	0.00248	0.00248	0.5	94161	234	94044	3573937	37.96
1960-1969	40	0.00273	0.00273	0.5	93927	256	93799	3479893	37.05
1960-1969	41	0.00285	0.00285	0.5	93671	267	93538	3386094	36.15
1960-1969	42	0.00328	0.00328	0.5	93404	306	93251	3292556	35.25
1960-1969	43	0.00350	0.00349	0.5	93098	325	92935	3199305	34.36
1960-1969	44	0.00364	0.00363	0.5	92773	337	92604	3106370	33.48
1960-1969	45	0.00390	0.00389	0.5	92436	360	92256	3013765	32.60
1960-1969	46	0.00417	0.00417	0.5	92076	384	91884	2921510	31.73
1960-1969	47	0.00461	0.00460	0.5	91692	421	91482	2829625	30.86
1960-1969	48	0.00500	0.00499	0.5	91271	456	91043	2738144	30.00
1960-1969	49	0.00531	0.00530	0.5	90815	481	90575	2647101	29.15
1960-1969	50	0.00594	0.00593	0.5	90334	535	90067	2556526	28.30
1960-1969	51	0.00602	0.00600	0.5	89799	539	89529	2466459	27.47
1960-1969	52	0.00689	0.00687	0.5	89260	613	88953	2376930	26.63
1960-1969	53	0.00717	0.00714	0.5	88647	633	88330	2287977	25.81
1960-1969	54	0.00776	0.00773	0.5	88014	681	87673	2199647	24.99
1960-1969	55	0.00818	0.00814	0.5	87333	711	86977	2111973	24.18
1960-1969	56	0.00879	0.00875	0.5	86622	758	86243	2024996	23.38
1960-1969	57	0.00940	0.00936	0.5	85863	803	85462	1938753	22.58
1960-1969	58	0.01035	0.01029	0.5	85060	876	84622	1853292	21.79
1960-1969	59	0.01101	0.01095	0.5	84184	922	83723	1768670	21.01
1960-1969	60	0.01252	0.01245	0.5	83262	1036	82744	1684946	20.24
1960-1969	61	0.01246	0.01238	0.5	82226	1018	81717	1602202	19.49
1960-1969	62	0.01468	0.01457	0.5	81208	1183	80616	1520485	18.72
1960-1969	63	0.01536	0.01524	0.5	80025	1220	79415	1439869	17.99
1960-1969	64	0.01656	0.01642	0.5	78805	1294	78158	1360454	17.26
1960-1969	65	0.01948	0.01929	0.5	77511	1496	76763	1282297	16.54
1960-1969	66	0.01951	0.01932	0.5	76015	1469	75281	1205534	15.86
1960-1969	67	0.02206	0.02182	0.5	74546	1627	73733	1130253	15.16
1960-1969	68	0.02382	0.02354	0.5	72919	1717	72061	1056520	14.49
1960-1969	69	0.02510	0.02479	0.5	71203	1765	70320	984459	13.83
1960-1969	70	0.02905	0.02863	0.5	69438	1988	68444	914139	13.16
1960-1969	71	0.02898	0.02857	0.5	67450	1927	66486	845696	12.54
1960-1969	72	0.03459	0.03401	0.5	65523	2228	64409	779209	11.89
1960-1969	73	0.03700	0.03633	0.5	63295	2299	62145	714801	11.29
1960-1969	74	0.04096	0.04014	0.5	60995	2448	59771	652656	10.70
1960-1969	75	0.04606	0.04503	0.5	58547	2636	57229	592884	10.13
1960-1969	76	0.04955	0.04835	0.5	55911	2703	54559	535655	9.58
1960-1969	77	0.05278	0.05142	0.5	53207	2736	51839	481096	9.04
1960-1969	78	0.06028	0.05852	0.5	50471	2953	48995	429257	8.50
1960-1969	79	0.06586	0.06376	0.5	47518	3030	46003	380262	8.00
1960-1969	80	0.07706	0.07420	0.5	44488	3301	42838	334259	7.51
1960-1969	81	0.07880	0.07581	0.5	41187	3122	39626	291421	7.08
1960-1969	82	0.09172	0.08770	0.5	38065	3338	36396	251795	6.61
1960-1969	83	0.10343	0.09834	0.5	34727	3415	33019	215399	6.20
1960-1969	84	0.11602	0.10966	0.5	31312	3434	29595	182380	5.82
1960-1969	85	0.12581	0.11837	0.5	27878	3300	26228	152785	5.48
1960-1969	86	0.13922	0.13016	0.5	24578	3199	22979	126557	5.15
1960-1969	87	0.15348	0.14254	0.5	21379	3047	19855	103579	4.84
1960-1969	88	0.16622	0.15346	0.5	18332	2813	16925	83724	4.57
1960-1969	89	0.18034	0.16542	0.5	15518	2567	14235	66799	4.30
1960-1969	90	0.20098	0.18263	0.5	12951	2365	11769	52564	4.06
1960-1969	91	0.20505	0.18599	0.5	10586	1969	9602	40795	3.85
1960-1969	92	0.22640	0.20338	0.5	8617	1753	7741	31194	3.62
1960-1969	93	0.24206	0.21592	0.5	6865	1482	6123	23453	3.42
1960-1969	94	0.26349	0.23282	0.5	5382	1253	4756	17329	3.22
1960-1969	95	0.28017	0.24574	0.5	4129	1015	3622	12573	3.04
1960-1969	96	0.30116	0.26174	0.5	3115	815	2707	8952	2.87
1960-1969	97	0.32301	0.27810	0.5	2299	639	1980	6245	2.72
1960-1969	98	0.34566	0.29473	0.5	1660	489	1415	4265	2.57
1960-1969	99	0.36904	0.31155	0.5	1171	365	988	2850	2.43
1960-1969	100	0.39305	0.32849	0.5	806	265	674	1862	2.31
1960-1969	101	0.41759	0.34546	0.5	541	187	448	1188	2.20
1960-1969	102	0.44254	0.36236	0.5	354	128	290	740	2.09
1960-1969	103	0.46779	0.37912	0.5	226	86	183	450	1.99
1960-1969	104	0.49320	0.39564	0.5	140	55	112	267	1.90
1960-1969	105	0.51865	0.41185	0.5	85	35	67	155	1.82
1960-1969	106	0.54400	0.42767	0.5	50	21	39	87	1.75
1960-1969	107	0.56912	0.44305	0.5	29	13	22	48	1.69
1960-1969	108	0.59390	0.45792	0.5	16	7	12	26	1.63
1960-1969	109	0.61820	0.47223	0.5	9	4	7	14	1.59
1960-1969	110+	0.64193	1.00000	1.56	5	5	7	7	1.56
1970-1979	0	0.01656	0.01631	0.1	100000	1631	98531	7566825	75.67
1970-1979	1	0.00118	0.00118	0.5	98369	116	98311	7468295	75.92
1970-1979	2	0.00074	0.00074	0.5	98253	72	98217	7369984	75.01
1970-1979	3	0.00055	0.00055	0.5	98181	54	98154	7271767	74.07
1970-1979	4	0.00047	0.00047	0.5	98127	46	98103	7173613	73.11
1970-1979	5	0.00041	0.00041	0.5	98080	40	98060	7075510	72.14
1970-1979	6	0.00038	0.00038	0.5	98040	37	98021	6977450	71.17
1970-1979	7	0.00033	0.00033	0.5	98003	32	97987	6879428	70.20
1970-1979	8	0.00030	0.00030	0.5	97970	30	97956	6781442	69.22
1970-1979	9	0.00028	0.00028	0.5	97941	27	97927	6683486	68.24
1970-1979	10	0.00027	0.00027	0.5	97914	26	97900	6585559	67.26
1970-1979	11	0.00026	0.00026	0.5	97887	26	97874	6487659	66.28
1970-1979	12	0.00028	0.00028	0.5	97861	27	97848	6389784	65.29
1970-1979	13	0.00031	0.00031	0.5	97834	30	97819	6291936	64.31
1970-1979	14	0.00037	0.00037	0.5	97804	36	97786	6194117	63.33
1970-1979	15	0.00045	0.00045	0.5	97768	44	97746	6096331	62.36
1970-1979	16	0.00055	0.00055	0.5	97724	54	97697	5998586	61.38
1970-1979	17	0.00061	0.00061	0.5	97670	60	97640	5900888	60.42
1970-1979	18	0.00069	0.00069	0.5	97610	67	97577	5803248	59.45
1970-1979	19	0.00072	0.00072	0.5	97543	70	97508	5705672	58.49
1970-1979	20	0.00072	0.00072	0.5	97473	70	97438	5608163	57.54
1970-1979	21	0.00072	0.00072	0.5	97403	70	97368	5510725	56.58
1970-1979	22	0.00072	0.00072	0.5	97333	70	97298	5413358	55.62
1970-1979	23	0.00071	0.00071	0.5	97262	69	97228	5316060	54.66
1970-1979	24	0.00073	0.00073	0.5	97194	71	97158	5218832	53.70
1970-1979	25	0.00075	0.00075	0.5	97122	73	97086	5121674	52.73
1970-1979	26	0.00077	0.00077	0.5	97050	75	97012	5024588	51.77
1970-1979	27	0.00082	0.00082	0.5	96975	80	96935	4927576	50.81
1970-1979	28	0.00085	0.00085	0.5	96895	82	96854	4830641	49.85
1970-1979	29	0.00091	0.00091	0.5	96813	88	96769	4733787	48.90
1970-1979	30	0.00094	0.00094	0.5	96725	91	96679	4637018	47.94
1970-1979	31	0.00101	0.00101	0.5	96634	98	96585	4540339	46.99
1970-1979	32	0.00109	0.00109	0.5	96536	105	96483	4443755	46.03
1970-1979	33	0.00121	0.00121	0.5	96431	116	96372	4347272	45.08
1970-1979	34	0.00129	0.00129	0.5	96314	124	96252	4250899	44.14
1970-1979	35	0.00144	0.00144	0.5	96190	138	96121	4154647	43.19
1970-1979	36	0.00154	0.00154	0.5	96052	148	95978	4058526	42.25
1970-1979	37	0.00171	0.00171	0.5	95904	164	95822	3962548	41.32
1970-1979	38	0.00189	0.00189	0.5	95740	181	95649	3866726	40.39
1970-1979	39	0.00206	0.00206	0.5	95559	197	95460	3771076	39.46
1970-1979	40	0.00228	0.00228	0.5	95362	217	95253	3675616	38.54
1970-1979	41	0.00240	0.00239	0.5	95144	228	95030	3580363	37.63
1970-1979	42	0.00279	0.00279	0.5	94916	264	94784	3485333	36.72
1970-1979	43	0.00295	0.00295	0.5	94652	279	94513	3390549	35.82
1970-1979	44	0.00324	0.00324	0.5	94373	306	94220	3296036	34.93
1970-1979	45	0.00347	0.00346	0.5	94068	326	93905	3201816	34.04
1970-1979	46	0.00380	0.00379	0.5	93742	356	93564	3107911	33.15
1970-1979	47	0.00416	0.00415	0.5	93386	388	93192	3014347	32.28
1970-1979	48	0.00447	0.00446	0.5	92998	414	92791	2921155	31.41
1970-1979	49	0.00473	0.00472	0.5	92584	437	92366	2828364	30.55
1970-1979	50	0.00530	0.00529	0.5	92148	487	91904	2735998	29.69
1970-1979	51	0.00556	0.00554	0.5	91660	508	91406	2644094	28.85
1970-1979	52	0.00610	0.00608	0.5	91152	554	90875	2552687	28.00
1970-1979	53	0.00646	0.00644	0.5	90598	583	90306	2461812	27.17
1970-1979	54	0.00685	0.00683	0.5	90015	614	89707	2371506	26.35
1970-1979	55	0.00735	0.00732	0.5	89400	655	89073	2281799	25.52
1970-1979	56	0.00803	0.00800	0.5	88746	710	88391	2192726	24.71
1970-1979	57	0.00857	0.00853	0.5	88036	751	87660	2104335	23.90
1970-1979	58	0.00929	0.00925	0.5	87284	807	86881	2016675	23.10
1970-1979	59	0.00992	0.00988	0.5	86477	854	86050	1929794	22.32
1970-1979	60	0.01075	0.01069	0.5	85623	916	85165	1843744	21.53
1970-1979	61	0.01143	0.01137	0.5	84708	963	84226	1758578	20.76
1970-1979	62	0.01280	0.01272	0.5	83745	1065	83212	1674352	19.99
1970-1979	63	0.01340	0.01331	0.5	82680	1101	82129	1591140	19.24
1970-1979	64	0.01449	0.01439	0.5	81579	1174	80992	1509011	18.50
1970-1979	65	0.01588	0.01576	0.5	80405	1267	79772	1428018	17.76
1970-1979	66	0.01661	0.01648	0.5	79139	1304	78487	1348246	17.04
1970-1979	67	0.01817	0.01801	0.5	77835	1402	77134	1269760	16.31
1970-1979	68	0.01961	0.01942	0.5	76433	1485	75691	1192626	15.60
1970-1979	69	0.02144	0.02121	0.5	74948	1590	74153	1116935	14.90
1970-1979	70	0.02460	0.02430	0.5	73358	1782	72467	1042782	14.21
1970-1979	71	0.02573	0.02541	0.5	71576	1818	70667	970315	13.56
1970-1979	72	0.02914	0.02872	0.5	69757	2003	68756	899649	12.90
1970-1979	73	0.03175	0.03125	0.5	67754	2117	66695	830893	12.26
1970-1979	74	0.03497	0.03437	0.5	65637	2256	64509	764197	11.64
1970-1979	75	0.03871	0.03797	0.5	63381	2407	62177	699689	11.04
1970-1979	76	0.04191	0.04105	0.5	60974	2503	59723	637511	10.46
1970-1979	77	0.04571	0.04469	0.5	58471	2613	57165	577789	9.88
1970-1979	78	0.05160	0.05030	0.5	55858	2810	54453	520624	9.32
1970-1979	79	0.05678	0.05521	0.5	53048	2929	51584	466171	8.79
1970-1979	80	0.06459	0.06257	0.5	50119	3136	48551	414587	8.27
1970-1979	81	0.06910	0.06680	0.5	46984	3138	45414	366036	7.79
1970-1979	82	0.07823	0.07529	0.5	43845	3301	42195	320621	7.31
1970-1979	83	0.08732	0.08367	0.5	40544	3392	38848	278426	6.87
1970-1979	84	0.09810	0.09352	0.5	37152	3474	35415	239578	6.45
1970-1979	85	0.10658	0.10119	0.5	33678	3408	31974	204164	6.06
1970-1979	86	0.11867	0.11203	0.5	30270	3391	28574	172190	5.69
1970-1979	87	0.13029	0.12232	0.5	26879	3288	25235	143616	5.34
1970-1979	88	0.14242	0.13295	0.5	23591	3136	22023	118381	5.02
1970-1979	89	0.15615	0.14484	0.5	20455	2963	18973	96358	4.71
1970-1979	90	0.17280	0.15906	0.5	17492	2782	16101	77385	4.42
1970-1979	91	0.18306	0.16771	0.5	14710	2467	13476	61284	4.17
1970-1979	92	0.20258	0.18394	0.5	12243	2252	11117	47808	3.91
1970-1979	93	0.22004	0.19823	0.5	9991	1980	9000	36691	3.67
1970-1979	94	0.24123	0.21527	0.5	8010	1724	7148	27691	3.46
1970-1979	95	0.25450	0.22577	0.5	6286	1419	5576	20543	3.27
1970-1979	96	0.27509	0.24182	0.5	4867	1177	4278	14967	3.08
1970-1979	97	0.29667	0.25835	0.5	3690	953	3213	10688	2.90
1970-1979	98	0.31920	0.27527	0.5	2737	753	2360	7475	2.73
1970-1979	99	0.34261	0.29250	0.5	1983	580	1693	5115	2.58
1970-1979	100	0.36681	0.30996	0.5	1403	435	1186	3422	2.44
1970-1979	101	0.39171	0.32755	0.5	968	317	810	2236	2.31
1970-1979	102	0.41717	0.34518	0.5	651	225	539	1427	2.19
1970-1979	103	0.44309	0.36273	0.5	426	155	349	888	2.08
1970-1979	104	0.46932	0.38012	0.5	272	103	220	539	1.98
1970-1979	105	0.49573	0.39726	0.5	168	67	135	319	1.89
1970-1979	106	0.52215	0.41405	0.5	102	42	80	184	1.81
1970-1979	107	0.54846	0.43042	0.5	59	26	47	104	1.74
1970-1979	108	0.57449	0.44630	0.5	34	15	26	57	1.68
1970-1979	109	0.60012	0.46161	0.5	19	9	14	31	1.63
1970-1979	110+	0.62521	1.00000	1.6	10	10	16	16	1.60
1980-1989	0	0.01081	0.01070	0.08	100000	1070	99019	7777489	77.77
1980-1989	1	0.00086	0.00086	0.5	98930	85	98887	7678470	77.62
1980-1989	2	0.00055	0.00055	0.5	98845	55	98818	7579583	76.68
1980-1989	3	0.00040	0.00040	0.5	98790	40	98770	7480765	75.72
1980-1989	4	0.00031	0.00031	0.5	98751	31	98735	7381994	74.75
1980-1989	5	0.00028	0.00028	0.5	98720	28	98706	7283259	73.78
1980-1989	6	0.00026	0.00026	0.5	98692	26	98679	7184553	72.80
1980-1989	7	0.00024	0.00024	0.5	98667	23	98655	7085874	71.82
1980-1989	8	0.00023	0.00023	0.5	98643	23	98632	6987219	70.83
1980-1989	9	0.00020	0.00020	0.5	98621	20	98611	6888587	69.85
1980-1989	10	0.00019	0.00019	0.5	98601	19	98591	6789976	68.86
1980-1989	11	0.00020	0.00020	0.5	98582	20	98572	6691385	67.88
1980-1989	12	0.00022	0.00022	0.5	98562	21	98551	6592813	66.89
1980-1989	13	0.00024	0.00024	0.5	98541	23	98529	6494261	65.90
1980-1989	14	0.00029	0.00029	0.5	98517	28	98503	6395732	64.92
1980-1989	15	0.00036	0.00036	0.5	98489	35	98471	6297229	63.94
1980-1989	16	0.00051	0.00051	0.5	98454	50	98428	6198758	62.96
1980-1989	17	0.00056	0.00056	0.5	98403	55	98376	6100329	61.99
1980-1989	18	0.00061	0.00061	0.5	98348	60	98318	6001954	61.03
1980-1989	19	0.00059	0.00059	0.5	98288	58	98259	5903636	60.06
1980-1989	20	0.00059	0.00059	0.5	98230	58	98201	5805377	59.10
1980-1989	21	0.00062	0.00062	0.5	98171	61	98141	5707176	58.13
1980-1989	22	0.00062	0.00062	0.5	98111	61	98080	5609035	57.17
1980-1989	23	0.00064	0.00064	0.5	98050	63	98018	5510955	56.21
1980-1989	24	0.00064	0.00064	0.5	97987	63	97955	5412937	55.24
1980-1989	25	0.00066	0.00066	0.5	97924	64	97892	5314981	54.28
1980-1989	26	0.00068	0.00068	0.5	97860	67	97827	5217089	53.31
1980-1989	27	0.00072	0.00072	0.5	97793	70	97758	5119263	52.35
1980-1989	28	0.00076	0.00076	0.5	97723	74	97686	5021505	51.38
1980-1989	29	0.00073	0.00073	0.5	97649	71	97614	4923818	50.42
1980-1989	30	0.00078	0.00078	0.5	97578	76	97540	4826205	49.46
1980-1989	31	0.00085	0.00085	0.5	97502	83	97460	4728665	48.50
1980-1989	32	0.00089	0.00089	0.5	97419	86	97376	4631204	47.54
1980-1989	33	0.00096	0.00096	0.5	97333	94	97286	4533829	46.58
1980-1989	34	0.00099	0.00098	0.5	97239	96	97191	4436543	45.63
1980-1989	35	0.00105	0.00105	0.5	97143	102	97092	4339352	44.67
1980-1989	36	0.00116	0.00116	0.5	97041	112	96985	4242260	43.72
1980-1989	37	0.00123	0.00123	0.5	96929	119	96869	4145275	42.77
1980-1989	38	0.00142	0.00142	0.5	96810	137	96741	4048405	41.82
1980-1989	39	0.00140	0.00140	0.5	96672	136	96605	3951664	40.88
1980-1989	40	0.00160	0.00160	0.5	96537	154	96460	3855060	39.93
1980-1989	41	0.00176	0.00176	0.5	96383	169	96298	3758600	39.00
1980-1989	42	0.00194	0.00194	0.5	96213	186	96120	3662302	38.06
1980-1989	43	0.00211	0.00211	0.5	96027	203	95926	3566182	37.14
1980-1989	44	0.00231	0.00230	0.5	95824	221	95714	3470256	36.21
1980-1989	45	0.00255	0.00255	0.5	95604	243	95482	3374542	35.30
1980-1989	46	0.00281	0.00281	0.5	95360	268	95226	3279060	34.39
1980-1989	47	0.00303	0.00302	0.5	95092	288	94949	3183834	33.48
1980-1989	48	0.00351	0.00350	0.5	94805	332	94639	3088885	32.58
1980-1989	49	0.00366	0.00365	0.5	94473	345	94301	2994246	31.69
1980-1989	50	0.00403	0.00403	0.5	94128	379	93939	2899946	30.81
1980-1989	51	0.00454	0.00453	0.5	93749	425	93537	2806007	29.93
1980-1989	52	0.00496	0.00495	0.5	93325	462	93094	2712470	29.06
1980-1989	53	0.00541	0.00539	0.5	92863	501	92612	2619377	28.21
1980-1989	54	0.00580	0.00578	0.5	92362	534	92095	2526764	27.36
1980-1989	55	0.00636	0.00634	0.5	91828	582	91537	2434669	26.51
1980-1989	56	0.00692	0.00690	0.5	91246	629	90931	2343132	25.68
1980-1989	57	0.00750	0.00747	0.5	90616	677	90278	2252201	24.85
1980-1989	58	0.00841	0.00838	0.5	89940	753	89563	2161923	24.04
1980-1989	59	0.00876	0.00872	0.5	89186	778	88797	2072360	23.24
1980-1989	60	0.00971	0.00966	0.5	88409	854	87982	1983563	22.44
1980-1989	61	0.01060	0.01054	0.5	87554	923	87093	1895581	21.65
1980-1989	62	0.01180	0.01173	0.5	86632	1016	86123	1808488	20.88
1980-1989	63	0.01245	0.01237	0.5	85615	1059	85086	1722365	20.12
1980-1989	64	0.01310	0.01301	0.5	84556	1100	84006	1637279	19.36
1980-1989	65	0.01463	0.01453	0.5	83456	1212	82850	1553273	18.61
1980-1989	66	0.01554	0.01542	0.5	82244	1268	81609	1470423	17.88
1980-1989	67	0.01664	0.01651	0.5	80975	1337	80307	1388814	17.15
1980-1989	68	0.01835	0.01818	0.5	79639	1448	78915	1308507	16.43
1980-1989	69	0.01941	0.01923	0.5	78190	1503	77439	1229593	15.73
1980-1989	70	0.02149	0.02126	0.5	76687	1630	75872	1152154	15.02
1980-1989	71	0.02321	0.02294	0.5	75057	1722	74196	1076282	14.34
1980-1989	72	0.02622	0.02589	0.5	73335	1898	72386	1002087	13.66
1980-1989	73	0.02879	0.02838	0.5	71436	2027	70423	929701	13.01
1980-1989	74	0.03049	0.03004	0.5	69409	2085	68367	859278	12.38
1980-1989	75	0.03386	0.03330	0.5	67324	2242	66203	790912	11.75
1980-1989	76	0.03732	0.03664	0.5	65083	2385	63890	724708	11.14
1980-1989	77	0.04012	0.03933	0.5	62698	2466	61465	660818	10.54
1980-1989	78	0.04506	0.04406	0.5	60232	2654	58905	599353	9.95
1980-1989	79	0.04834	0.04720	0.5	57578	2718	56219	540448	9.39
1980-1989	80	0.05701	0.05543	0.5	54860	3041	53339	484229	8.83
1980-1989	81	0.06201	0.06014	0.5	51819	3117	50261	430890	8.32
1980-1989	82	0.06942	0.06709	0.5	48702	3268	47068	380629	7.82
1980-1989	83	0.07759	0.07469	0.5	45435	3393	43738	333561	7.34
1980-1989	84	0.08555	0.08204	0.5	42041	3449	40317	289823	6.89
1980-1989	85	0.09468	0.09040	0.5	38592	3489	36848	249506	6.47
1980-1989	86	0.10521	0.09995	0.5	35103	3509	33349	212658	6.06
1980-1989	87	0.11726	0.11077	0.5	31595	3500	29845	179309	5.68
1980-1989	88	0.12694	0.11936	0.5	28095	3354	26418	149464	5.32
1980-1989	89	0.14113	0.13183	0.5	24742	3262	23111	123046	4.97
1980-1989	90	0.15738	0.14590	0.5	21480	3134	19913	99935	4.65
1980-1989	91	0.17051	0.15712	0.5	18346	2882	16905	80022	4.36
1980-1989	92	0.18842	0.17220	0.5	15464	2663	14132	63118	4.08
1980-1989	93	0.20651	0.18718	0.5	12801	2396	11603	48985	3.83
1980-1989	94	0.22633	0.20332	0.5	10405	2115	9347	37383	3.59
1980-1989	95	0.24134	0.21535	0.5	8289	1785	7397	28036	3.38
1980-1989	96	0.26222	0.23182	0.5	6504	1508	5750	20639	3.17
1980-1989	97	0.28423	0.24887	0.5	4996	1243	4375	14889	2.98
1980-1989	98	0.30733	0.26639	0.5	3753	1000	3253	10514	2.80
1980-1989	99	0.33142	0.28431	0.5	2753	783	2362	7261	2.64
1980-1989	100	0.35644	0.30253	0.5	1970	596	1672	4899	2.49
1980-1989	101	0.38227	0.32093	0.5	1374	441	1154	3227	2.35
1980-1989	102	0.40878	0.33941	0.5	933	317	775	2073	2.22
1980-1989	103	0.43583	0.35785	0.5	617	221	506	1298	2.11
1980-1989	104	0.46326	0.37614	0.5	396	149	321	792	2.00
1980-1989	105	0.49092	0.39417	0.5	247	97	198	471	1.91
1980-1989	106	0.51864	0.41184	0.5	150	62	119	272	1.82
1980-1989	107	0.54624	0.42906	0.5	88	38	69	154	1.74
1980-1989	108	0.57356	0.44574	0.5	50	22	39	84	1.68
1980-1989	109	0.60044	0.46180	0.5	28	13	21	45	1.63
1980-1989	110+	0.62673	1.00000	1.6	15	15	24	24	1.60
1990-1999	0	0.00808	0.00802	0.08	100000	802	99258	7856957	78.57
1990-1999	1	0.00067	0.00067	0.5	99198	67	99164	7757699	78.20
1990-1999	2	0.00043	0.00043	0.5	99131	42	99110	7658534	77.26
1990-1999	3	0.00031	0.00031	0.5	99089	31	99073	7559424	76.29
1990-1999	4	0.00025	0.00025	0.5	99058	25	99045	7460351	75.31
1990-1999	5	0.00021	0.00021	0.5	99033	21	99022	7361306	74.33
1990-1999	6	0.00020	0.00020	0.5	99011	19	99002	7262284	73.35
1990-1999	7	0.00018	0.00018	0.5	98992	18	98983	7163282	72.36
1990-1999	8	0.00018	0.00018	0.5	98974	18	98965	7064299	71.38
1990-1999	9	0.00016	0.00016	0.5	98956	16	98948	6965334	70.39
1990-1999	10	0.00016	0.00016	0.5	98940	16	98932	6866386	69.40
1990-1999	11	0.00017	0.00017	0.5	98924	17	98915	6767454	68.41
1990-1999	12	0.00019	0.00019	0.5	98907	19	98898	6668539	67.42
1990-1999	13	0.00022	0.00022	0.5	98888	22	98877	6569641	66.44
1990-1999	14	0.00028	0.00028	0.5	98866	28	98852	6470764	65.45
1990-1999	15	0.00035	0.00035	0.5	98839	34	98821	6371911	64.47
1990-1999	16	0.00050	0.00050	0.5	98804	49	98780	6273090	63.49
1990-1999	17	0.00053	0.00053	0.5	98755	52	98729	6174311	62.52
1990-1999	18	0.00057	0.00057	0.5	98703	57	98675	6075582	61.55
1990-1999	19	0.00054	0.00054	0.5	98646	53	98620	5976907	60.59
1990-1999	20	0.00054	0.00054	0.5	98593	53	98567	5878287	59.62
1990-1999	21	0.00056	0.00056	0.5	98540	55	98513	5779721	58.65
1990-1999	22	0.00058	0.00058	0.5	98485	57	98457	5681208	57.69
1990-1999	23	0.00060	0.00060	0.5	98428	59	98399	5582751	56.72
1990-1999	24	0.00059	0.00059	0.5	98370	58	98341	5484352	55.75
1990-1999	25	0.00064	0.00064	0.5	98312	63	98280	5386012	54.78
1990-1999	26	0.00065	0.00065	0.5	98249	64	98217	5287731	53.82
1990-1999	27	0.00070	0.00070	0.5	98184	69	98150	5189515	52.85
1990-1999	28	0.00074	0.00074	0.5	98116	73	98079	5091365	51.89
1990-1999	29	0.00076	0.00076	0.5	98043	75	98005	4993286	50.93
1990-1999	30	0.00081	0.00081	0.5	97968	80	97928	4895280	49.97
1990-1999	31	0.00091	0.00091	0.5	97889	89	97844	4797352	49.01
1990-1999	32	0.00092	0.00092	0.5	97800	90	97755	4699508	48.05
1990-1999	33	0.00101	0.00101	0.5	97710	98	97661	4601753	47.10
1990-1999	34	0.00106	0.00106	0.5	97611	103	97560	4504093	46.14
1990-1999	35	0.00114	0.00114	0.5	97508	111	97452	4406533	45.19
1990-1999	36	0.00123	0.00123	0.5	97397	120	97337	4309081	44.24
1990-1999	37	0.00133	0.00133	0.5	97277	129	97212	4211744	43.30
1990-1999	38	0.00149	0.00149	0.5	97147	144	97075	4114532	42.35
1990-1999	39	0.00149	0.00149	0.5	97003	144	96931	4017456	41.42
1990-1999	40	0.00161	0.00160	0.5	96859	155	96781	3920525	40.48
1990-1999	41	0.00175	0.00174	0.5	96703	169	96619	3823744	39.54
1990-1999	42	0.00187	0.00186	0.5	96535	180	96445	3727125	38.61
1990-1999	43	0.00205	0.00204	0.5	96355	197	96256	3630680	37.68
1990-1999	44	0.00216	0.00216	0.5	96158	208	96054	3534424	36.76
1990-1999	45	0.00231	0.00231	0.5	95950	221	95839	3438370	35.84
1990-1999	46	0.00260	0.00259	0.5	95729	248	95604	3342531	34.92
1990-1999	47	0.00279	0.00279	0.5	95480	266	95347	3246926	34.01
1990-1999	48	0.00313	0.00313	0.5	95214	298	95065	3151579	33.10
1990-1999	49	0.00329	0.00329	0.5	94917	312	94761	3056513	32.20
1990-1999	50	0.00358	0.00357	0.5	94605	338	94435	2961753	31.31
1990-1999	51	0.00399	0.00399	0.5	94266	376	94079	2867317	30.42
1990-1999	52	0.00443	0.00442	0.5	93891	415	93683	2773239	29.54
1990-1999	53	0.00484	0.00483	0.5	93476	452	93250	2679555	28.67
1990-1999	54	0.00513	0.00512	0.5	93024	476	92786	2586305	27.80
1990-1999	55	0.00569	0.00568	0.5	92548	525	92286	2493519	26.94
1990-1999	56	0.00636	0.00634	0.5	92023	583	91732	2401233	26.09
1990-1999	57	0.00688	0.00686	0.5	91440	627	91127	2309502	25.26
1990-1999	58	0.00772	0.00769	0.5	90813	698	90464	2218375	24.43
1990-1999	59	0.00820	0.00817	0.5	90115	736	89747	2127911	23.61
1990-1999	60	0.00890	0.00886	0.5	89379	792	88983	2038164	22.80
1990-1999	61	0.01004	0.00999	0.5	88587	885	88145	1949181	22.00
1990-1999	62	0.01094	0.01088	0.5	87702	954	87225	1861036	21.22
1990-1999	63	0.01186	0.01179	0.5	86748	1022	86237	1773811	20.45
1990-1999	64	0.01260	0.01252	0.5	85726	1074	85189	1687574	19.69
1990-1999	65	0.01367	0.01358	0.5	84652	1150	84078	1602385	18.93
1990-1999	66	0.01483	0.01472	0.5	83503	1229	82888	1518307	18.18
1990-1999	67	0.01572	0.01559	0.5	82274	1283	81632	1435418	17.45
1990-1999	68	0.01740	0.01725	0.5	80991	1397	80292	1353786	16.72
1990-1999	69	0.01888	0.01871	0.5	79594	1489	78850	1273494	16.00
1990-1999	70	0.02044	0.02024	0.5	78105	1581	77315	1194644	15.30
1990-1999	71	0.02280	0.02255	0.5	76524	1725	75662	1117329	14.60
1990-1999	72	0.02492	0.02462	0.5	74799	1841	73879	1041667	13.93
1990-1999	73	0.02727	0.02690	0.5	72958	1963	71977	967789	13.27
1990-1999	74	0.02923	0.02881	0.5	70995	2045	69973	895812	12.62
1990-1999	75	0.03173	0.03124	0.5	68950	2154	67873	825839	11.98
1990-1999	76	0.03495	0.03435	0.5	66796	2294	65649	757966	11.35
1990-1999	77	0.03840	0.03767	0.5	64502	2430	63287	692317	10.73
1990-1999	78	0.04204	0.04117	0.5	62072	2556	60794	629030	10.13
1990-1999	79	0.04643	0.04537	0.5	59516	2701	58166	568236	9.55
1990-1999	80	0.05418	0.05275	0.5	56816	2997	55317	510070	8.98
1990-1999	81	0.05950	0.05778	0.5	53819	3110	52264	454752	8.45
1990-1999	82	0.06636	0.06423	0.5	50709	3257	49081	402488	7.94
1990-1999	83	0.07380	0.07117	0.5	47452	3377	45764	353407	7.45
1990-1999	84	0.08168	0.07848	0.5	44075	3459	42346	307643	6.98
1990-1999	85	0.09088	0.08693	0.5	40616	3531	38851	265298	6.53
1990-1999	86	0.10113	0.09626	0.5	37085	3570	35300	226447	6.11
1990-1999	87	0.11267	0.10666	0.5	33515	3575	31728	191146	5.70
1990-1999	88	0.12493	0.11759	0.5	29941	3521	28180	159418	5.32
1990-1999	89	0.13841	0.12945	0.5	26420	3420	24710	131238	4.97
1990-1999	90	0.15453	0.14344	0.5	23000	3299	21350	106528	4.63
1990-1999	91	0.16988	0.15658	0.5	19701	3085	18158	85178	4.32
1990-1999	92	0.18883	0.17254	0.5	16616	2867	15182	67020	4.03
1990-1999	93	0.20743	0.18794	0.5	13749	2584	12457	51838	3.77
1990-1999	94	0.22817	0.20480	0.5	11165	2287	10022	39381	3.53
1990-1999	95	0.24598	0.21904	0.5	8878	1945	7906	29359	3.31
1990-1999	96	0.26836	0.23661	0.5	6934	1641	6113	21453	3.09
1990-1999	97	0.29199	0.25479	0.5	5293	1349	4619	15340	2.90
1990-1999	98	0.31680	0.27348	0.5	3944	1079	3405	10721	2.72
1990-1999	99	0.34270	0.29257	0.5	2866	838	2446	7316	2.55
1990-1999	100	0.36957	0.31193	0.5	2027	632	1711	4869	2.40
1990-1999	101	0.39727	0.33144	0.5	1395	462	1164	3158	2.26
1990-1999	102	0.42565	0.35096	0.5	933	327	769	1995	2.14
1990-1999	103	0.45453	0.37036	0.5	605	224	493	1226	2.02
1990-1999	104	0.48372	0.38951	0.5	381	148	307	732	1.92
1990-1999	105	0.51301	0.40829	0.5	233	95	185	425	1.83
1990-1999	106	0.54222	0.42657	0.5	138	59	108	240	1.75
1990-1999	107	0.57114	0.44427	0.5	79	35	61	132	1.67
1990-1999	108	0.59959	0.46129	0.5	44	20	34	71	1.61
1990-1999	109	0.62738	0.47757	0.5	24	11	18	37	1.56
1990-1999	110+	0.65435	1.00000	1.53	12	12	19	19	1.53
2000-2009	0	0.00710	0.00705	0.07	100000	705	99346	7920354	79.20
2000-2009	1	0.00051	0.00051	0.5	99295	51	99269	7821008	78.77
2000-2009	2	0.00032	0.00032	0.5	99244	32	99228	7721738	77.81
2000-2009	3	0.00023	0.00023	0.5	99212	23	99201	7622510	76.83
2000-2009	4	0.00019	0.00019	0.5	99189	19	99180	7523310	75.85
2000-2009	5	0.00016	0.00016	0.5	99170	16	99162	7424130	74.86
2000-2009	6	0.00015	0.00015	0.5	99154	15	99147	7324968	73.87
2000-2009	7	0.00014	0.00014	0.5	99139	14	99132	7225821	72.89
2000-2009	8	0.00013	0.00013	0.5	99126	13	99119	7126688	71.90
2000-2009	9	0.00014	0.00014	0.5	99113	14	99106	7027569	70.90
2000-2009	10	0.00013	0.00013	0.5	99099	13	99093	6928463	69.91
2000-2009	11	0.00014	0.00014	0.5	99086	14	99079	6829371	68.92
2000-2009	12	0.00014	0.00014	0.5	99072	14	99065	6730292	67.93
2000-2009	13	0.00018	0.00018	0.5	99058	18	99049	6631227	66.94
2000-2009	14	0.00021	0.00021	0.5	99040	21	99030	6532178	65.95
2000-2009	15	0.00026	0.00026	0.5	99019	26	99006	6433148	64.97
2000-2009	16	0.00038	0.00038	0.5	98993	38	98974	6334142	63.99
2000-2009	17	0.00045	0.00045	0.5	98955	44	98933	6235167	63.01
2000-2009	18	0.00052	0.00052	0.5	98911	51	98885	6136234	62.04
2000-2009	19	0.00052	0.00052	0.5	98860	52	98834	6037349	61.07
2000-2009	20	0.00053	0.00053	0.5	98808	52	98782	5938515	60.10
2000-2009	21	0.00056	0.00056	0.5	98756	56	98728	5839734	59.13
2000-2009	22	0.00055	0.00055	0.5	98700	54	98673	5741005	58.17
2000-2009	23	0.00058	0.00058	0.5	98646	57	98617	5642332	57.20
2000-2009	24	0.00060	0.00060	0.5	98589	59	98559	5543715	56.23
2000-2009	25	0.00060	0.00060	0.5	98530	59	98500	5445156	55.26
2000-2009	26	0.00065	0.00065	0.5	98471	64	98439	5346655	54.30
2000-2009	27	0.00067	0.00067	0.5	98407	66	98374	5248216	53.33
2000-2009	28	0.00070	0.00070	0.5	98341	69	98306	5149843	52.37
2000-2009	29	0.00078	0.00078	0.5	98272	76	98234	5051536	51.40
2000-2009	30	0.00077	0.00077	0.5	98196	75	98158	4953302	50.44
2000-2009	31	0.00082	0.00082	0.5	98120	81	98080	4855145	49.48
2000-2009	32	0.00088	0.00088	0.5	98040	86	97996	4757065	48.52
2000-2009	33	0.00094	0.00094	0.5	97953	92	97907	4659068	47.56
2000-2009	34	0.00102	0.00102	0.5	97861	99	97812	4561161	46.61
2000-2009	35	0.00111	0.00111	0.5	97762	109	97708	4463349	45.66
2000-2009	36	0.00118	0.00118	0.5	97653	115	97595	4365642	44.71
2000-2009	37	0.00129	0.00129	0.5	97538	126	97475	4268046	43.76
2000-2009	38	0.00139	0.00139	0.5	97412	136	97344	4170571	42.81
2000-2009	39	0.00154	0.00154	0.5	97277	150	97202	4073227	41.87
2000-2009	40	0.00170	0.00170	0.5	97127	165	97044	3976025	40.94
2000-2009	41	0.00185	0.00185	0.5	96962	179	96872	3878981	40.01
2000-2009	42	0.00201	0.00201	0.5	96783	194	96685	3782109	39.08
2000-2009	43	0.00223	0.00222	0.5	96588	215	96481	3685424	38.16
2000-2009	44	0.00239	0.00238	0.5	96374	230	96259	3588943	37.24
2000-2009	45	0.00258	0.00258	0.5	96144	248	96020	3492684	36.33
2000-2009	46	0.00278	0.00278	0.5	95896	267	95763	3396664	35.42
2000-2009	47	0.00300	0.00299	0.5	95629	286	95486	3300902	34.52
2000-2009	48	0.00321	0.00320	0.5	95343	305	95190	3205416	33.62
2000-2009	49	0.00347	0.00346	0.5	95038	329	94873	3110225	32.73
2000-2009	50	0.00377	0.00376	0.5	94709	356	94531	3015352	31.84
2000-2009	51	0.00401	0.00400	0.5	94353	378	94164	2920821	30.96
2000-2009	52	0.00426	0.00425	0.5	93975	399	93775	2826657	30.08
2000-2009	53	0.00457	0.00455	0.5	93576	426	93363	2732882	29.21
2000-2009	54	0.00491	0.00490	0.5	93150	456	92921	2639519	28.34
2000-2009	55	0.00528	0.00527	0.5	92693	489	92449	2546598	27.47
2000-2009	56	0.00570	0.00568	0.5	92205	524	91943	2454149	26.62
2000-2009	57	0.00617	0.00615	0.5	91681	564	91399	2362206	25.77
2000-2009	58	0.00676	0.00674	0.5	91117	614	90810	2270807	24.92
2000-2009	59	0.00737	0.00734	0.5	90503	665	90170	2179998	24.09
2000-2009	60	0.00804	0.00801	0.5	89838	719	89478	2089827	23.26
2000-2009	61	0.00869	0.00865	0.5	89119	771	88733	2000349	22.45
2000-2009	62	0.00954	0.00950	0.5	88348	839	87929	1911615	21.64
2000-2009	63	0.01037	0.01031	0.5	87509	902	87058	1823687	20.84
2000-2009	64	0.01126	0.01120	0.5	86607	970	86122	1736629	20.05
2000-2009	65	0.01227	0.01220	0.5	85637	1045	85115	1650507	19.27
2000-2009	66	0.01328	0.01319	0.5	84592	1116	84035	1565393	18.51
2000-2009	67	0.01442	0.01432	0.5	83477	1195	82879	1481358	17.75
2000-2009	68	0.01558	0.01546	0.5	82281	1272	81645	1398479	17.00
2000-2009	69	0.01705	0.01690	0.5	81009	1369	80324	1316834	16.26
2000-2009	70	0.01878	0.01861	0.5	79640	1482	78899	1236509	15.53
2000-2009	71	0.02040	0.02019	0.5	78158	1578	77369	1157611	14.81
2000-2009	72	0.02243	0.02218	0.5	76580	1699	75730	1080242	14.11
2000-2009	73	0.02469	0.02438	0.5	74881	1826	73968	1004512	13.41
2000-2009	74	0.02710	0.02674	0.5	73055	1953	72078	930544	12.74
2000-2009	75	0.02997	0.02953	0.5	71102	2100	70052	858465	12.07
2000-2009	76	0.03296	0.03242	0.5	69002	2237	67883	788414	11.43
2000-2009	77	0.03653	0.03588	0.5	66765	2395	65567	720530	10.79
2000-2009	78	0.04024	0.03945	0.5	64369	2539	63100	654963	10.18
2000-2009	79	0.04457	0.04360	0.5	61830	2696	60482	591864	9.57
2000-2009	80	0.05119	0.04991	0.5	59135	2951	57659	531381	8.99
2000-2009	81	0.05683	0.05526	0.5	56183	3105	54631	473722	8.43
2000-2009	82	0.06397	0.06199	0.5	53079	3290	51434	419091	7.90
2000-2009	83	0.07136	0.06890	0.5	49789	3430	48073	367658	7.38
2000-2009	84	0.08022	0.07713	0.5	46358	3576	44570	319585	6.89
2000-2009	85	0.08976	0.08590	0.5	42783	3675	40945	275014	6.43
2000-2009	86	0.10046	0.09565	0.5	39107	3741	37237	234069	5.99
2000-2009	87	0.11250	0.10651	0.5	35367	3767	33483	196832	5.57
2000-2009	88	0.12694	0.11936	0.5	31600	3772	29714	163349	5.17
2000-2009	89	0.14194	0.13254	0.5	27828	3688	25984	133635	4.80
2000-2009	90	0.15826	0.14665	0.5	24140	3540	22370	107651	4.46
2000-2009	91	0.17620	0.16193	0.5	20600	3336	18932	85281	4.14
2000-2009	92	0.19691	0.17926	0.5	17264	3095	15717	66349	3.84
2000-2009	93	0.21953	0.19782	0.5	14169	2803	12768	50633	3.57
2000-2009	94	0.24181	0.21573	0.5	11366	2452	10140	37865	3.33
2000-2009	95	0.26258	0.23211	0.5	8914	2069	7880	27725	3.11
2000-2009	96	0.28796	0.25172	0.5	6845	1723	5984	19845	2.90
2000-2009	97	0.31476	0.27196	0.5	5122	1393	4426	13862	2.71
2000-2009	98	0.34284	0.29267	0.5	3729	1091	3183	9436	2.53
2000-2009	99	0.37207	0.31371	0.5	2638	827	2224	6253	2.37
2000-2009	100	0.40227	0.33491	0.5	1810	606	1507	4029	2.23
2000-2009	101	0.43323	0.35609	0.5	1204	429	990	2521	2.09
2000-2009	102	0.46472	0.37710	0.5	775	292	629	1532	1.98
2000-2009	103	0.49649	0.39775	0.5	483	192	387	903	1.87
2000-2009	104	0.52829	0.41790	0.5	291	122	230	516	1.77
2000-2009	105	0.55986	0.43741	0.5	169	74	132	286	1.69
2000-2009	106	0.59096	0.45617	0.5	95	43	74	154	1.61
2000-2009	107	0.62134	0.47406	0.5	52	25	40	80	1.55
2000-2009	108	0.65080	0.49102	0.5	27	13	21	41	1.49
2000-2009	109	0.67915	0.50699	0.5	14	7	10	20	1.44
2000-2009	110+	0.70624	1.00000	1.42	7	7	10	10	1.42
2010-2019	0	0.00604	0.00600	0.07	100000	600	99442	8037840	80.38
2010-2019	1	0.00042	0.00042	0.5	99400	42	99379	7938399	79.86
2010-2019	2	0.00027	0.00027	0.5	99358	27	99345	7839020	78.90
2010-2019	3	0.00019	0.00019	0.5	99331	19	99322	7739676	77.92
2010-2019	4	0.00016	0.00016	0.5	99313	16	99305	7640354	76.93
2010-2019	5	0.00013	0.00013	0.5	99297	13	99290	7541049	75.94
2010-2019	6	0.00012	0.00012	0.5	99284	12	99278	7441758	74.95
2010-2019	7	0.00012	0.00012	0.5	99272	12	99266	7342480	73.96
2010-2019	8	0.00011	0.00011	0.5	99261	11	99255	7243214	72.97
2010-2019	9	0.00011	0.00011	0.5	99250	11	99244	7143959	71.98
2010-2019	10	0.00010	0.00010	0.5	99239	10	99233	7044715	70.99
2010-2019	11	0.00011	0.00011	0.5	99228	11	99223	6945481	69.99
2010-2019	12	0.00013	0.00013	0.5	99217	13	99211	6846258	69.00
2010-2019	13	0.00015	0.00015	0.5	99205	14	99198	6747047	68.01
2010-2019	14	0.00017	0.00017	0.5	99190	17	99182	6647850	67.02
2010-2019	15	0.00020	0.00020	0.5	99173	20	99163	6548668	66.03
2010-2019	16	0.00026	0.00026	0.5	99153	26	99140	6449505	65.05
2010-2019	17	0.00031	0.00031	0.5	99127	31	99112	6350364	64.06
2010-2019	18	0.00039	0.00039	0.5	99097	39	99077	6251252	63.08
2010-2019	19	0.00043	0.00043	0.5	99058	42	99037	6152175	62.11
2010-2019	20	0.00045	0.00045	0.5	99016	45	98993	6053138	61.13
2010-2019	21	0.00051	0.00051	0.5	98971	50	98946	5954145	60.16
2010-2019	22	0.00051	0.00051	0.5	98921	50	98895	5855200	59.19
2010-2019	23	0.00054	0.00054	0.5	98870	54	98843	5756304	58.22
2010-2019	24	0.00057	0.00057	0.5	98816	57	98788	5657461	57.25
2010-2019	25	0.00061	0.00061	0.5	98760	61	98729	5558673	56.28
2010-2019	26	0.00064	0.00064	0.5	98699	63	98667	5459944	55.32
2010-2019	27	0.00070	0.00070	0.5	98636	69	98601	5361276	54.35
2010-2019	28	0.00075	0.00075	0.5	98567	74	98530	5262675	53.39
2010-2019	29	0.00077	0.00077	0.5	98494	76	98456	5164144	52.43
2010-2019	30	0.00086	0.00086	0.5	98418	84	98375	5065689	51.47
2010-2019	31	0.00088	0.00088	0.5	98333	87	98290	4967314	50.52
2010-2019	32	0.00096	0.00096	0.5	98246	94	98199	4869024	49.56
2010-2019	33	0.00104	0.00104	0.5	98152	102	98101	4770825	48.61
2010-2019	34	0.00107	0.00107	0.5	98050	105	97997	4672724	47.66
2010-2019	35	0.00116	0.00116	0.5	97945	114	97888	4574727	46.71
2010-2019	36	0.00121	0.00121	0.5	97831	118	97772	4476839	45.76
2010-2019	37	0.00128	0.00128	0.5	97713	125	97650	4379067	44.82
2010-2019	38	0.00138	0.00138	0.5	97587	135	97520	4281417	43.87
2010-2019	39	0.00149	0.00149	0.5	97452	145	97380	4183897	42.93
2010-2019	40	0.00155	0.00154	0.5	97307	150	97232	4086517	42.00
2010-2019	41	0.00168	0.00168	0.5	97157	163	97075	3989285	41.06
2010-2019	42	0.00186	0.00186	0.5	96994	180	96904	3892210	40.13
2010-2019	43	0.00199	0.00198	0.5	96814	192	96718	3795306	39.20
2010-2019	44	0.00213	0.00212	0.5	96622	205	96519	3698589	38.28
2010-2019	45	0.00234	0.00234	0.5	96416	225	96304	3602069	37.36
2010-2019	46	0.00255	0.00255	0.5	96191	245	96069	3505766	36.45
2010-2019	47	0.00279	0.00278	0.5	95946	267	95813	3409697	35.54
2010-2019	48	0.00304	0.00304	0.5	95679	291	95534	3313884	34.64
2010-2019	49	0.00334	0.00333	0.5	95388	318	95229	3218351	33.74
2010-2019	50	0.00365	0.00364	0.5	95070	346	94897	3123121	32.85
2010-2019	51	0.00401	0.00400	0.5	94724	379	94535	3028224	31.97
2010-2019	52	0.00434	0.00433	0.5	94345	409	94141	2933690	31.10
2010-2019	53	0.00469	0.00467	0.5	93936	439	93717	2839549	30.23
2010-2019	54	0.00507	0.00506	0.5	93497	473	93260	2745832	29.37
2010-2019	55	0.00546	0.00545	0.5	93024	507	92770	2652572	28.51
2010-2019	56	0.00589	0.00588	0.5	92517	544	92245	2559802	27.67
2010-2019	57	0.00636	0.00634	0.5	91973	583	91682	2467556	26.83
2010-2019	58	0.00677	0.00674	0.5	91390	616	91082	2375875	26.00
2010-2019	59	0.00717	0.00714	0.5	90774	648	90450	2284793	25.17
2010-2019	60	0.00767	0.00764	0.5	90126	689	89781	2194343	24.35
2010-2019	61	0.00823	0.00820	0.5	89437	733	89070	2104562	23.53
2010-2019	62	0.00880	0.00876	0.5	88704	777	88316	2015491	22.72
2010-2019	63	0.00952	0.00947	0.5	87927	833	87511	1927176	21.92
2010-2019	64	0.01020	0.01015	0.5	87094	884	86652	1839665	21.12
2010-2019	65	0.01082	0.01076	0.5	86210	928	85746	1753013	20.33
2010-2019	66	0.01164	0.01157	0.5	85283	987	84789	1667266	19.55
2010-2019	67	0.01262	0.01254	0.5	84296	1057	83767	1582477	18.77
2010-2019	68	0.01374	0.01364	0.5	83239	1136	82671	1498710	18.00
2010-2019	69	0.01508	0.01497	0.5	82103	1229	81489	1416039	17.25
2010-2019	70	0.01640	0.01627	0.5	80874	1316	80216	1334550	16.50
2010-2019	71	0.01789	0.01774	0.5	79559	1411	78853	1254334	15.77
2010-2019	72	0.01972	0.01953	0.5	78147	1526	77384	1175481	15.04
2010-2019	73	0.02137	0.02115	0.5	76621	1620	75811	1098096	14.33
2010-2019	74	0.02355	0.02327	0.5	75001	1746	74128	1022285	13.63
2010-2019	75	0.02616	0.02582	0.5	73255	1892	72310	948157	12.94
2010-2019	76	0.02860	0.02820	0.5	71364	2012	70358	875848	12.27
2010-2019	77	0.03160	0.03111	0.5	69351	2157	68273	805490	11.61
2010-2019	78	0.03500	0.03440	0.5	67194	2311	66038	737218	10.97
2010-2019	79	0.03905	0.03830	0.5	64883	2485	63640	671179	10.34
2010-2019	80	0.04331	0.04239	0.5	62398	2645	61075	607539	9.74
2010-2019	81	0.04821	0.04708	0.5	59753	2813	58346	546464	9.15
2010-2019	82	0.05421	0.05278	0.5	56939	3005	55437	488118	8.57
2010-2019	83	0.06048	0.05870	0.5	53934	3166	52351	432681	8.02
2010-2019	84	0.06757	0.06536	0.5	50768	3318	49109	380330	7.49
2010-2019	85	0.07668	0.07385	0.5	47450	3504	45698	331221	6.98
2010-2019	86	0.08653	0.08294	0.5	43946	3645	42123	285523	6.50
2010-2019	87	0.09726	0.09275	0.5	40301	3738	38432	243399	6.04
2010-2019	88	0.10995	0.10422	0.5	36563	3811	34658	204967	5.61
2010-2019	89	0.12407	0.11683	0.5	32753	3826	30839	170309	5.20
2010-2019	90	0.14036	0.13116	0.5	28926	3794	27029	139470	4.82
2010-2019	91	0.15696	0.14554	0.5	25132	3658	23303	112441	4.47
2010-2019	92	0.17488	0.16082	0.5	21475	3453	19748	89137	4.15
2010-2019	93	0.19486	0.17756	0.5	18021	3200	16421	69389	3.85
2010-2019	94	0.21830	0.19681	0.5	14821	2917	13363	52968	3.57
2010-2019	95	0.23844	0.21304	0.5	11904	2536	10636	39605	3.33
2010-2019	96	0.26308	0.23250	0.5	9368	2178	8279	28969	3.09
2010-2019	97	0.28930	0.25274	0.5	7190	1817	6281	20690	2.88
2010-2019	98	0.31701	0.27364	0.5	5373	1470	4638	14409	2.68
2010-2019	99	0.34608	0.29503	0.5	3903	1151	3327	9771	2.50
2010-2019	100	0.37635	0.31675	0.5	2751	871	2316	6444	2.34
2010-2019	101	0.40762	0.33861	0.5	1880	637	1562	4128	2.20
2010-2019	102	0.43965	0.36042	0.5	1243	448	1019	2567	2.06
2010-2019	103	0.47220	0.38200	0.5	795	304	643	1548	1.95
2010-2019	104	0.50498	0.40318	0.5	491	198	392	904	1.84
2010-2019	105	0.53772	0.42378	0.5	293	124	231	512	1.75
2010-2019	106	0.57013	0.44366	0.5	169	75	132	281	1.66
2010-2019	107	0.60196	0.46270	0.5	94	44	72	149	1.59
2010-2019	108	0.63295	0.48079	0.5	51	24	38	77	1.53
2010-2019	109	0.66287	0.49786	0.5	26	13	20	39	1.48
2010-2019	110+	0.69155	1.00000	1.45	13	13	19	19	1.45
